0.01 3.11701e-09
0.02 1.48386e-08
0.03 3.59375e-08
0.04 6.31036e-08
0.05 9.2879e-08
0.06 1.21829e-07
0.07 1.46701e-07
0.08 1.64558e-07
0.09 1.72875e-07
0.1 1.69641e-07
0.11 1.53447e-07
0.12 1.23538e-07
0.13 7.97925e-08
0.14 2.26547e-08
0.15 -4.69091e-08
0.16 -1.27408e-07
0.17 -2.16858e-07
0.18 -3.12864e-07
0.19 -4.12725e-07
0.2 -5.13544e-07
0.21 -6.12347e-07
0.22 -7.06211e-07
0.23 -7.92397e-07
0.24 -8.68474e-07
0.25 -9.3246e-07
0.26 -9.82947e-07
0.27 -1.0192e-06
0.28 -1.04103e-06
0.29 -1.04855e-06
0.3 -1.04206e-06
0.31 -1.02198e-06
0.32 -9.88763e-07
0.33 -9.42721e-07
0.34 -8.83877e-07
0.35 -8.12244e-07
0.36 -7.28036e-07
0.37 -6.31772e-07
0.38 -5.24819e-07
0.39 -4.10073e-07
0.4 -2.92373e-07
0.41 -1.78598e-07
0.42 -7.68732e-08
0.43 4.3789e-09
0.44 5.67203e-08
0.45 7.22067e-08
0.46 4.41597e-08
0.47 -3.21563e-08
0.48 -1.58802e-07
0.49 -3.34915e-07
0.5 -5.56694e-07
0.51 -8.17834e-07
0.52 -1.11017e-06
0.53 -1.42359e-06
0.54 -1.74678e-06
0.55 -2.06811e-06
0.56 -2.37573e-06
0.57 -2.65822e-06
0.58 -2.90548e-06
0.59 -3.10915e-06
0.6 -3.26277e-06
0.61 -3.3621e-06
0.62 -3.40515e-06
0.63 -3.39231e-06
0.64 -3.32635e-06
0.65 -3.21234e-06
0.66 -3.05748e-06
0.67 -2.87088e-06
0.68 -2.66312e-06
0.69 -2.44574e-06
0.7 -2.23056e-06
0.71 -2.02885e-06
0.72 -1.85033e-06
0.73 -1.7022e-06
0.74 -1.58818e-06
0.75 -1.50787e-06
0.76 -1.45652e-06
0.77 -1.42559e-06
0.78 -1.4044e-06
0.79 -1.38275e-06
0.8 -1.35295e-06
0.81 -1.31049e-06
0.82 -1.25389e-06
0.83 -1.18391e-06
0.84 -1.10374e-06
0.85 -1.02024e-06
0.86 -9.42934e-07
0.87 -8.79732e-07
0.88 -8.32966e-07
0.89 -7.98727e-07
0.9 -7.69235e-07
0.91 -7.3508e-07
0.92 -6.86787e-07
0.93 -6.17207e-07
0.94 -5.24447e-07
0.95 -4.13032e-07
0.96 -2.94312e-07
0.97 -1.85043e-07
0.98 -1.01861e-07
0.99 -5.54703e-08
1 -4.84763e-08
1.01 -7.6108e-08
1.02 -1.26405e-07
1.03 -1.81891e-07
1.04 -2.22826e-07
1.05 -2.30256e-07
1.06 -1.90033e-07
1.07 -9.49199e-08
1.08 5.66213e-08
1.09 2.63189e-07
1.1 5.2138e-07
1.11 8.24609e-07
1.12 1.16462e-06
1.13 1.53363e-06
1.14 1.92406e-06
1.15 2.32756e-06
1.16 2.73357e-06
1.17 3.12732e-06
1.18 3.48824e-06
1.19 3.79276e-06
1.2 4.01855e-06
1.21 4.14402e-06
1.22 4.14788e-06
1.23 4.01275e-06
1.24 3.73131e-06
1.25 3.31395e-06
1.26 2.79266e-06
1.27 2.21447e-06
1.28 1.62981e-06
1.29 1.08765e-06
1.3 6.32669e-07
1.31 2.98575e-07
1.32 1.04454e-07
1.33 5.68414e-08
1.34 1.5489e-07
1.35 3.93955e-07
1.36 7.66225e-07
1.37 1.26097e-06
1.38 1.86455e-06
1.39 2.55982e-06
1.4 3.32492e-06
1.41 4.13129e-06
1.42 4.94127e-06
1.43 5.70572e-06
1.44 6.36255e-06
1.45 6.83752e-06
1.46 7.04907e-06
1.47 6.91828e-06
1.48 6.37867e-06
1.49 5.38009e-06
1.5 3.8936e-06
1.51 1.91695e-06
1.52 -5.23831e-07
1.53 -3.36918e-06
1.54 -6.52125e-06
1.55 -9.84145e-06
1.56 -1.31547e-05
1.57 -1.62666e-05
1.58 -1.89807e-05
1.59 -2.11129e-05
1.6 -2.25118e-05
1.61 -2.30702e-05
1.62 -2.27266e-05
1.63 -2.14674e-05
1.64 -1.93266e-05
1.65 -1.63824e-05
1.66 -1.27555e-05
1.67 -8.60479e-06
1.68 -4.11763e-06
1.69 5.04308e-07
1.7 5.05779e-06
1.71 9.34659e-06
1.72 1.31905e-05
1.73 1.64349e-05
1.74 1.89604e-05
1.75 2.0691e-05
1.76 2.15917e-05
1.77 2.16627e-05
1.78 2.09428e-05
1.79 1.95118e-05
1.8 1.74845e-05
1.81 1.50001e-05
1.82 1.22154e-05
1.83 9.29628e-06
1.84 6.4002e-06
1.85 3.66413e-06
1.86 1.20359e-06
1.87 -8.82635e-07
1.88 -2.5103e-06
1.89 -3.61245e-06
1.9 -4.14183e-06
1.91 -4.07236e-06
1.92 -3.4e-06
1.93 -2.14441e-06
1.94 -3.60632e-07
1.95 1.84812e-06
1.96 4.33498e-06
1.97 6.92153e-06
1.98 9.41034e-06
1.99 1.16049e-05
2 1.33381e-05
2.01 1.44965e-05
2.02 1.50266e-05
2.03 1.49327e-05
2.04 1.4273e-05
2.05 1.31462e-05
2.06 1.16767e-05
2.07 9.99893e-06
2.08 8.23585e-06
2.09 6.48268e-06
2.1 4.80137e-06
2.11 3.22121e-06
2.12 1.73593e-06
2.13 2.99839e-07
2.14 -1.15857e-06
2.15 -2.72109e-06
2.16 -4.47328e-06
2.17 -6.49426e-06
2.18 -8.85186e-06
2.19 -1.16071e-05
2.2 -1.48185e-05
2.21 -1.85341e-05
2.22 -2.27787e-05
2.23 -2.75475e-05
2.24 -3.2801e-05
2.25 -3.84732e-05
2.26 -4.44693e-05
2.27 -5.06454e-05
2.28 -5.68089e-05
2.29 -6.27402e-05
2.3 -6.82061e-05
2.31 -7.29697e-05
2.32 -7.67935e-05
2.33 -7.94381e-05
2.34 -8.06668e-05
2.35 -8.02606e-05
2.36 -7.80353e-05
2.37 -7.38595e-05
2.38 -6.76686e-05
2.39 -5.94631e-05
2.4 -4.9326e-05
2.41 -3.74583e-05
2.42 -2.41841e-05
2.43 -9.91846e-06
2.44 4.86995e-06
2.45 1.96862e-05
2.46 3.40289e-05
2.47 4.74025e-05
2.48 5.93334e-05
2.49 6.94066e-05
2.5 7.72985e-05
2.51 8.28018e-05
2.52 8.58337e-05
2.53 8.64229e-05
2.54 8.47018e-05
2.55 8.0905e-05
2.56 7.535e-05
2.57 6.83951e-05
2.58 6.04036e-05
2.59 5.17225e-05
2.6 4.26726e-05
2.61 3.35526e-05
2.62 2.46461e-05
2.63 1.62279e-05
2.64 8.56417e-06
2.65 1.90265e-06
2.66 -3.53835e-06
2.67 -7.58273e-06
2.68 -1.01128e-05
2.69 -1.10885e-05
2.7 -1.05506e-05
2.71 -8.60733e-06
2.72 -5.42735e-06
2.73 -1.22894e-06
2.74 3.74776e-06
2.75 9.25656e-06
2.76 1.50413e-05
2.77 2.08428e-05
2.78 2.64333e-05
2.79 3.16388e-05
2.8 3.634e-05
2.81 4.04708e-05
2.82 4.39896e-05
2.83 4.68514e-05
2.84 4.90028e-05
2.85 5.03847e-05
2.86 5.09385e-05
2.87 5.06031e-05
2.88 4.93016e-05
2.89 4.69531e-05
2.9 4.34997e-05
2.91 3.89167e-05
2.92 3.32118e-05
2.93 2.64309e-05
2.94 1.86688e-05
2.95 1.00686e-05
2.96 8.23274e-07
2.97 -8.80602e-06
2.98 -1.849e-05
2.99 -2.78594e-05
3 -3.65335e-05
3.01 -4.41463e-05
3.02 -5.03839e-05
3.03 -5.50134e-05
3.04 -5.78984e-05
3.05 -5.90104e-05
3.06 -5.84352e-05
3.07 -5.6371e-05
3.08 -5.31144e-05
3.09 -4.90291e-05
3.1 -4.44979e-05
3.11 -3.98781e-05
3.12 -3.54691e-05
3.13 -3.14864e-05
3.14 -2.80659e-05
3.15 -2.52891e-05
3.16 -2.31889e-05
3.17 -2.17471e-05
3.18 -2.08998e-05
3.19 -2.05563e-05
3.2 -2.06263e-05
3.21 -2.10114e-05
3.22 -2.15729e-05
3.23 -2.2129e-05
3.24 -2.24622e-05
3.25 -2.2337e-05
3.26 -2.15234e-05
3.27 -1.97893e-05
3.28 -1.68948e-05
3.29 -1.2638e-05
3.3 -6.89251e-06
3.31 4.06522e-07
3.32 9.26146e-06
3.33 1.95663e-05
3.34 3.10689e-05
3.35 4.33593e-05
3.36 5.58761e-05
3.37 6.79421e-05
3.38 7.88098e-05
3.39 8.76988e-05
3.4 9.38397e-05
3.41 9.65252e-05
3.42 9.51699e-05
3.43 8.93698e-05
3.44 7.89338e-05
3.45 6.38933e-05
3.46 4.45083e-05
3.47 2.12926e-05
3.48 -4.96801e-06
3.49 -3.32357e-05
3.5 -6.22763e-05
3.51 -9.07317e-05
3.52 -0.000117187
3.53 -0.000140251
3.54 -0.000158644
3.55 -0.000171305
3.56 -0.000177488
3.57 -0.000176796
3.58 -0.000169148
3.59 -0.000154764
3.6 -0.000134191
3.61 -0.000108291
3.62 -7.81881e-05
3.63 -4.52139e-05
3.64 -1.08528e-05
3.65 2.33299e-05
3.66 5.57537e-05
3.67 8.48786e-05
3.68 0.000109269
3.69 0.000127678
3.7 0.000139144
3.71 0.000143043
3.72 0.000139088
3.73 0.000127359
3.74 0.000108321
3.75 8.27788e-05
3.76 5.18282e-05
3.77 1.68116e-05
3.78 -2.07428e-05
3.79 -5.91981e-05
3.8 -9.68734e-05
3.81 -0.000132093
3.82 -0.00016327
3.83 -0.000188998
3.84 -0.000208105
3.85 -0.000219713
3.86 -0.000223314
3.87 -0.000218828
3.88 -0.000206625
3.89 -0.000187509
3.9 -0.000162679
3.91 -0.000133667
3.92 -0.000102264
3.93 -7.04078e-05
3.94 -4.00484e-05
3.95 -1.30419e-05
3.96 8.94961e-06
3.97 2.45658e-05
3.98 3.28569e-05
3.99 3.33523e-05
4 2.60705e-05
4.01 1.15042e-05
4.02 -9.42056e-06
4.03 -3.5408e-05
4.04 -6.4854e-05
4.05 -9.59237e-05
4.06 -0.000126641
4.07 -0.000154959
4.08 -0.000178837
4.09 -0.000196344
4.1 -0.000205775
4.11 -0.000205775
4.12 -0.000195492
4.13 -0.000174683
4.14 -0.000143751
4.15 -0.000103768
4.16 -5.64745e-05
4.17 -4.20604e-06
4.18 5.02709e-05
4.19 0.000103939
4.2 0.000153686
4.21 0.000196501
4.22 0.00022968
4.23 0.00025103
4.24 0.000259024
4.25 0.000252837
4.26 0.000232328
4.27 0.000198057
4.28 0.00015128
4.29 9.38969e-05
4.3 2.83752e-05
4.31 -4.23813e-05
4.32 -0.000115192
4.33 -0.00018675
4.34 -0.000253746
4.35 -0.000312992
4.36 -0.000361552
4.37 -0.000396888
4.38 -0.000416986
4.39 -0.000420473
4.4 -0.000406667
4.41 -0.000375597
4.42 -0.000328
4.43 -0.00026531
4.44 -0.000189608
4.45 -0.00010355
4.46 -1.03231e-05
4.47 8.64544e-05
4.48 0.000182899
4.49 0.000275085
4.5 0.000359287
4.51 0.000432167
4.52 0.000490861
4.53 0.000533059
4.54 0.000557099
4.55 0.000562043
4.56 0.000547713
4.57 0.000514691
4.58 0.00046428
4.59 0.000398451
4.6 0.000319754
4.61 0.000231237
4.62 0.000136358
4.63 3.88248e-05
4.64 -5.75623e-05
4.65 -0.000149063
4.66 -0.000232134
4.67 -0.00030354
4.68 -0.000360455
4.69 -0.000400613
4.7 -0.000422442
4.71 -0.000425184
4.72 -0.000408943
4.73 -0.00037464
4.74 -0.000323981
4.75 -0.000259428
4.76 -0.000184078
4.77 -0.000101478
4.78 -1.54468e-05
4.79 7.01175e-05
4.8 0.000151409
4.81 0.00022482
4.82 0.000287104
4.83 0.000335565
4.84 0.000368159
4.85 0.000383509
4.86 0.000380977
4.87 0.00036074
4.88 0.000323795
4.89 0.000271852
4.9 0.000207246
4.91 0.000132859
4.92 5.19916e-05
4.93 -3.17974e-05
4.94 -0.000114878
4.95 -0.000193714
4.96 -0.000264996
4.97 -0.000325763
4.98 -0.000373506
4.99 -0.000406271
5 -0.000422741
5.01 -0.000422321
5.02 -0.000405211
5.03 -0.000372428
5.04 -0.000325761
5.05 -0.000267674
5.06 -0.0002012
5.07 -0.000129818
5.08 -5.72478e-05
5.09 1.27654e-05
5.1 7.66055e-05
5.11 0.00013095
5.12 0.000172977
5.13 0.000200515
5.14 0.000212139
5.15 0.000207266
5.16 0.000186216
5.17 0.00015022
5.18 0.00010132
5.19 4.22066e-05
5.2 -2.39058e-05
5.21 -9.34349e-05
5.22 -0.000162643
5.23 -0.000227869
5.24 -0.000285728
5.25 -0.000333231
5.26 -0.000367853
5.27 -0.000387604
5.28 -0.000391129
5.29 -0.000377797
5.3 -0.000347747
5.31 -0.000301863
5.32 -0.000241766
5.33 -0.000169811
5.34 -8.90236e-05
5.35 -2.9406e-06
5.36 8.45229e-05
5.37 0.000169197
5.38 0.000246871
5.39 0.000313579
5.4 0.000365856
5.41 0.00040091
5.42 0.000416766
5.43 0.000412403
5.44 0.000387828
5.45 0.00034408
5.46 0.000283154
5.47 0.000207858
5.48 0.000121617
5.49 2.83019e-05
5.5 -6.79109e-05
5.51 -0.000162707
5.52 -0.000251865
5.53 -0.000331484
5.54 -0.000398138
5.55 -0.000448989
5.56 -0.000481899
5.57 -0.000495585
5.58 -0.000489701
5.59 -0.000464824
5.6 -0.000422353
5.61 -0.000364395
5.62 -0.000293646
5.63 -0.000213275
5.64 -0.000126762
5.65 -3.77668e-05
5.66 5.00082e-05
5.67 0.000133019
5.68 0.000208048
5.69 0.000272359
5.7 0.000323804
5.71 0.000360917
5.72 0.000382965
5.73 0.000389927
5.74 0.000382446
5.75 0.000361799
5.76 0.000329794
5.77 0.000288629
5.78 0.000240748
5.79 0.00018869
5.8 0.000134947
5.81 8.18349e-05
5.82 3.13819e-05
5.83 -1.47814e-05
5.84 -5.54559e-05
5.85 -8.98622e-05
5.86 -0.000117618
5.87 -0.000138717
5.88 -0.000153489
5.89 -0.000162539
5.9 -0.000166677
5.91 -0.000166822
5.92 -0.000163921
5.93 -0.000158909
5.94 -0.000152656
5.95 -0.000145898
5.96 -0.000139145
5.97 -0.0001326
5.98 -0.000126171
5.99 -0.000119529
6 -0.000112154
6.01 -0.000103404
6.02 -9.26423e-05
6.03 -7.92986e-05
6.04 -6.2895e-05
6.05 -4.30882e-05
6.06 -1.97352e-05
6.07 7.02497e-06
6.08 3.673e-05
6.09 6.86256e-05
6.1 0.000101749
6.11 0.000134989
6.12 0.000167118
6.13 0.000196853
6.14 0.000222971
6.15 0.000244431
6.16 0.000260458
6.17 0.000270641
6.18 0.000275021
6.19 0.000274087
6.2 0.000268662
6.21 0.000259802
6.22 0.000248764
6.23 0.000236942
6.24 0.000225732
6.25 0.00021644
6.26 0.000210251
6.27 0.000208184
6.28 0.000211048
6.29 0.000219454
6.3 0.000233798
6.31 0.000254256
6.32 0.000280804
6.33 0.000313217
6.34 0.000351053
6.35 0.000393673
6.36 0.000440202
6.37 0.000489435
6.38 0.000539771
6.39 0.000589298
6.4 0.000635953
6.41 0.00067766
6.42 0.00071253
6.43 0.00073904
6.44 0.000756142
6.45 0.000763397
6.46 0.000761063
6.47 0.000750004
6.48 0.000731495
6.49 0.000707055
6.5 0.000678237
6.51 0.000646397
6.52 0.000612579
6.53 0.000577498
6.54 0.000541503
6.55 0.000504514
6.56 0.000466073
6.57 0.000425488
6.58 0.000381976
6.59 0.000334858
6.6 0.000283773
6.61 0.000228806
6.62 0.000170533
6.63 0.000110019
6.64 4.87261e-05
6.65 -1.16745e-05
6.66 -6.95251e-05
6.67 -0.00012333
6.68 -0.000171826
6.69 -0.000214027
6.7 -0.000249258
6.71 -0.000277152
6.72 -0.000297636
6.73 -0.00031093
6.74 -0.000317517
6.75 -0.000318036
6.76 -0.000313217
6.77 -0.000303854
6.78 -0.000290768
6.79 -0.000274761
6.8 -0.000256603
6.81 -0.000237072
6.82 -0.000217003
6.83 -0.000197301
6.84 -0.00017893
6.85 -0.000162892
6.86 -0.000150209
6.87 -0.00014188
6.88 -0.000138807
6.89 -0.000141673
6.9 -0.000150828
6.91 -0.000166174
6.92 -0.000187108
6.93 -0.000212518
6.94 -0.000240806
6.95 -0.000269989
6.96 -0.000297886
6.97 -0.000322347
6.98 -0.000341523
6.99 -0.000354076
7 -0.000359274
7.01 -0.000357073
7.02 -0.00034807
7.03 -0.000333315
7.04 -0.000314097
7.05 -0.000291753
7.06 -0.000267456
7.07 -0.000242072
7.08 -0.000216119
7.09 -0.000189784
7.1 -0.000162988
7.11 -0.000135488
7.12 -0.00010702
7.13 -7.75263e-05
7.14 -4.73502e-05
7.15 -1.72859e-05
7.16 1.14807e-05
7.17 3.74896e-05
7.18 5.91605e-05
7.19 7.49741e-05
7.2 8.3635e-05
7.21 8.42293e-05
7.22 7.63908e-05
7.23 6.04084e-05
7.24 3.72289e-05
7.25 8.39201e-06
7.26 -2.4095e-05
7.27 -5.79814e-05
7.28 -9.10282e-05
7.29 -0.000121224
7.3 -0.00014695
7.31 -0.0001671
7.32 -0.000181158
7.33 -0.000189146
7.34 -0.00019148
7.35 -0.000188817
7.36 -0.0001819
7.37 -0.000171389
7.38 -0.000157757
7.39 -0.000141245
7.4 -0.000121897
7.41 -9.9642e-05
7.42 -7.44041e-05
7.43 -4.62745e-05
7.44 -1.56771e-05
7.45 1.65778e-05
7.46 4.93003e-05
7.47 8.09415e-05
7.48 0.00010967
7.49 0.000133454
7.5 0.000150155
7.51 0.000157677
7.52 0.000154145
7.53 0.000138108
7.54 0.000108708
7.55 6.57702e-05
7.56 9.76868e-06
7.57 -5.82702e-05
7.58 -0.000136826
7.59 -0.000223955
7.6 -0.000317405
7.61 -0.000414656
7.62 -0.000512869
7.63 -0.000608841
7.64 -0.000699076
7.65 -0.000779964
7.66 -0.000847903
7.67 -0.000899344
7.68 -0.000930927
7.69 -0.000939656
7.7 -0.000923063
7.71 -0.000879448
7.72 -0.000808263
7.73 -0.000710402
7.74 -0.000588275
7.75 -0.000445773
7.76 -0.00028806
7.77 -0.000121223
7.78 4.80835e-05
7.79 0.00021295
7.8 0.000366501
7.81 0.000502225
7.82 0.000614308
7.83 0.000697858
7.84 0.000749096
7.85 0.000765552
7.86 0.000746217
7.87 0.000691568
7.88 0.000603589
7.89 0.000485755
7.9 0.000342917
7.91 0.000181093
7.92 7.21681e-06
7.93 -0.000171129
7.94 -0.000346056
7.95 -0.000509745
7.96 -0.000654813
7.97 -0.000774643
7.98 -0.000863664
7.99 -0.000917612
8 -0.000933792
8.01 -0.000911271
8.02 -0.000850903
8.03 -0.00075529
8.04 -0.000628701
8.05 -0.000476918
8.06 -0.000306976
8.07 -0.000126801
8.08 5.52373e-05
8.09 0.000230796
8.1 0.000392027
8.11 0.000532051
8.12 0.000645375
8.13 0.000728141
8.14 0.000778206
8.15 0.000795169
8.16 0.000780338
8.17 0.000736561
8.18 0.000667991
8.19 0.000579778
8.2 0.000477778
8.21 0.000368218
8.22 0.000257336
8.23 0.000151122
8.24 5.51133e-05
8.25 -2.58679e-05
8.26 -8.79668e-05
8.27 -0.000128445
8.28 -0.00014577
8.29 -0.00013971
8.3 -0.000111377
8.31 -6.32411e-05
8.32 8.98032e-07
8.33 7.60801e-05
8.34 0.000156486
8.35 0.000235811
8.36 0.000307707
8.37 0.000366275
8.38 0.000406528
8.39 0.000424756
8.4 0.000418824
8.41 0.000388257
8.42 0.000334147
8.43 0.000259008
8.44 0.000166605
8.45 6.17688e-05
8.46 -4.98278e-05
8.47 -0.000161968
8.48 -0.000268221
8.49 -0.000362335
8.5 -0.000438609
8.51 -0.0004922
8.52 -0.000519446
8.53 -0.000518168
8.54 -0.000487851
8.55 -0.000429692
8.56 -0.000346439
8.57 -0.000242141
8.58 -0.000121861
8.59 8.62426e-06
8.6 0.000143159
8.61 0.00027556
8.62 0.000399982
8.63 0.00051127
8.64 0.000605214
8.65 0.000678735
8.66 0.000729996
8.67 0.000758407
8.68 0.000764534
8.69 0.000749964
8.7 0.000717123
8.71 0.000669157
8.72 0.000609725
8.73 0.0005427
8.74 0.000471984
8.75 0.000401345
8.76 0.000334195
8.77 0.000273361
8.78 0.000220989
8.79 0.000178518
8.8 0.000146635
8.81 0.000125268
8.82 0.000113665
8.83 0.000110568
8.84 0.000114438
8.85 0.000123609
8.86 0.00013639
8.87 0.000151108
8.88 0.000166178
8.89 0.000180244
8.9 0.000192294
8.91 0.000201683
8.92 0.0002081
8.93 0.000211521
8.94 0.000212103
8.95 0.000210082
8.96 0.000205729
8.97 0.000199333
8.98 0.000191184
8.99 0.000181507
9 0.000170367
9.01 0.000157627
9.02 0.000142952
9.03 0.000125808
9.04 0.000105542
9.05 8.15564e-05
9.06 5.34719e-05
9.07 2.12227e-05
9.08 -1.49111e-05
9.09 -5.43305e-05
9.1 -9.61907e-05
9.11 -0.000139517
9.12 -0.00018328
9.13 -0.000226425
9.14 -0.000267924
9.15 -0.000306809
9.16 -0.000342119
9.17 -0.000372821
9.18 -0.000397738
9.19 -0.000415551
9.2 -0.000424827
9.21 -0.000424013
9.22 -0.000411484
9.23 -0.000385681
9.24 -0.000345322
9.25 -0.000289696
9.26 -0.00021892
9.27 -0.000134072
9.28 -3.72393e-05
9.29 6.84926e-05
9.3 0.00017925
9.31 0.000290768
9.32 0.000398715
9.33 0.000498896
9.34 0.000587451
9.35 0.000661052
9.36 0.000717036
9.37 0.000753501
9.38 0.000769389
9.39 0.00076451
9.4 0.000739452
9.41 0.00069545
9.42 0.000634266
9.43 0.000558023
9.44 0.000469029
9.45 0.000369641
9.46 0.000262277
9.47 0.000149462
9.48 3.38464e-05
9.49 -8.17258e-05
9.5 -0.000194189
9.51 -0.000300321
9.52 -0.000396847
9.53 -0.000480594
9.54 -0.000548748
9.55 -0.00059911
9.56 -0.00063029
9.57 -0.000641844
9.58 -0.000634381
9.59 -0.000609574
9.6 -0.000570013
9.61 -0.000518973
9.62 -0.000460145
9.63 -0.000397346
9.64 -0.000334218
9.65 -0.000274005
9.66 -0.000219414
9.67 -0.000172519
9.68 -0.000134695
9.69 -0.000106613
9.7 -8.8335e-05
9.71 -7.9451e-05
9.72 -7.92122e-05
9.73 -8.66163e-05
9.74 -0.000100532
9.75 -0.00011984
9.76 -0.000143493
9.77 -0.00017052
9.78 -0.000200032
9.79 -0.000231258
9.8 -0.000263582
9.81 -0.000296555
9.82 -0.000329883
9.83 -0.000363402
9.84 -0.000397075
9.85 -0.000430963
9.86 -0.000465138
9.87 -0.000499568
9.88 -0.000534059
9.89 -0.000568269
9.9 -0.000601716
9.91 -0.00063369
9.92 -0.00066324
9.93 -0.000689244
9.94 -0.000710474
9.95 -0.000725647
9.96 -0.00073357
9.97 -0.000733351
9.98 -0.000724569
9.99 -0.000707369
10 -0.000682454
10.01 -0.000651043
10.02 -0.000614849
10.03 -0.000575999
10.04 -0.000536833
10.05 -0.000499634
10.06 -0.000466414
10.07 -0.000438778
10.08 -0.000417863
10.09 -0.000404313
10.1 -0.000398281
10.11 -0.000399454
10.12 -0.00040719
10.13 -0.000420692
10.14 -0.000439076
10.15 -0.000461402
10.16 -0.000486713
10.17 -0.000514011
10.18 -0.00054219
10.19 -0.000570013
10.2 -0.000596109
10.21 -0.000619044
10.22 -0.000637449
10.23 -0.000650122
10.24 -0.00065606
10.25 -0.000654553
10.26 -0.000645283
10.27 -0.000628363
10.28 -0.000604305
10.29 -0.000573964
10.3 -0.000538485
10.31 -0.000499216
10.32 -0.000457565
10.33 -0.000414911
10.34 -0.000372609
10.35 -0.000331986
10.36 -0.000294276
10.37 -0.000260551
10.38 -0.000231696
10.39 -0.000208351
10.4 -0.000190863
10.41 -0.000179244
10.42 -0.000173093
10.43 -0.000171591
10.44 -0.000173526
10.45 -0.000177342
10.46 -0.000181261
10.47 -0.000183475
10.48 -0.00018234
10.49 -0.000176541
10.5 -0.000165268
10.51 -0.000148291
10.52 -0.000125938
10.53 -9.90495e-05
10.54 -6.8875e-05
10.55 -3.69127e-05
10.56 -4.76946e-06
10.57 2.59193e-05
10.58 5.35645e-05
10.59 7.67273e-05
10.6 9.42031e-05
10.61 0.000105033
10.62 0.0001085
10.63 0.000104151
10.64 9.1779e-05
10.65 7.14037e-05
10.66 4.32954e-05
10.67 7.98291e-06
10.68 -3.37185e-05
10.69 -8.0659e-05
10.7 -0.000131326
10.71 -0.000183876
10.72 -0.000236275
10.73 -0.000286413
10.74 -0.000332195
10.75 -0.000371677
10.76 -0.000403177
10.77 -0.000425305
10.78 -0.000436996
10.79 -0.000437554
10.8 -0.000426713
10.81 -0.000404664
10.82 -0.000372019
10.83 -0.000329763
10.84 -0.00027924
10.85 -0.000222122
10.86 -0.000160389
10.87 -9.62901e-05
10.88 -3.22368e-05
10.89 2.93533e-05
10.9 8.61579e-05
10.91 0.00013607
10.92 0.000177374
10.93 0.000208904
10.94 0.000230154
10.95 0.000241307
10.96 0.0002432
10.97 0.000237234
10.98 0.000225254
10.99 0.000209361
11 0.000191717
11.01 0.000174405
11.02 0.000159328
11.03 0.000148088
11.04 0.000141881
11.05 0.00014148
11.06 0.000147287
11.07 0.00015935
11.08 0.000177342
11.09 0.0002006
11.1 0.000228214
11.11 0.000259121
11.12 0.000292208
11.13 0.000326381
11.14 0.000360548
11.15 0.00039363
11.16 0.000424662
11.17 0.000452925
11.18 0.000478026
11.19 0.000499932
11.2 0.000518957
11.21 0.000535711
11.22 0.000551054
11.23 0.00056598
11.24 0.00058137
11.25 0.000597749
11.26 0.000615148
11.27 0.000633088
11.28 0.000650692
11.29 0.000666848
11.3 0.000680382
11.31 0.000690185
11.32 0.000695321
11.33 0.000695149
11.34 0.000689449
11.35 0.000678557
11.36 0.000663395
11.37 0.000645337
11.38 0.000626
11.39 0.000607035
11.4 0.000590009
11.41 0.000576283
11.42 0.00056684
11.43 0.000562179
11.44 0.000562332
11.45 0.000566929
11.46 0.000575309
11.47 0.000586676
11.48 0.000600256
11.49 0.000615454
11.5 0.000631977
11.51 0.000649849
11.52 0.000669338
11.53 0.000690857
11.54 0.000714848
11.55 0.000741656
11.56 0.000771367
11.57 0.000803686
11.58 0.000837924
11.59 0.000873086
11.6 0.000908048
11.61 0.000941717
11.62 0.000973091
11.63 0.00100129
11.64 0.00102563
11.65 0.00104557
11.66 0.00106078
11.67 0.00107111
11.68 0.00107661
11.69 0.00107741
11.7 0.00107372
11.71 0.00106569
11.72 0.00105337
11.73 0.00103673
11.74 0.00101562
11.75 0.000989741
11.76 0.000958624
11.77 0.000921558
11.78 0.000877594
11.79 0.00082567
11.8 0.000764859
11.81 0.000694672
11.82 0.000615259
11.83 0.000527461
11.84 0.000432784
11.85 0.00033333
11.86 0.000231613
11.87 0.000130302
11.88 3.20527e-05
11.89 -6.05785e-05
11.9 -0.000145247
11.91 -0.000219905
11.92 -0.000282875
11.93 -0.000332925
11.94 -0.000369329
11.95 -0.000391888
11.96 -0.000400952
11.97 -0.000397395
11.98 -0.000382485
11.99 -0.000357738
12 -0.000324847
12.01 -0.000285644
12.02 -0.000241992
12.03 -0.000195621
12.04 -0.000148047
12.05 -0.000100581
12.06 -5.43498e-05
12.07 -1.03388e-05
12.08 3.05217e-05
12.09 6.72458e-05
12.1 9.87685e-05
12.11 0.00012402
12.12 0.000141968
12.13 0.000151584
12.14 0.000151856
12.15 0.000141861
12.16 0.000120875
12.17 8.84909e-05
12.18 4.4754e-05
12.19 -9.81741e-06
12.2 -7.42893e-05
12.21 -0.00014729
12.22 -0.000226966
12.23 -0.000311096
12.24 -0.000397285
12.25 -0.000483034
12.26 -0.000565739
12.27 -0.000642807
12.28 -0.000711804
12.29 -0.000770538
12.3 -0.000817153
12.31 -0.00085021
12.32 -0.000868655
12.33 -0.000871805
12.34 -0.000859392
12.35 -0.000831628
12.36 -0.000789202
12.37 -0.000733179
12.38 -0.000664933
12.39 -0.000586157
12.4 -0.000498823
12.41 -0.000405128
12.42 -0.000307542
12.43 -0.000208801
12.44 -0.000111697
12.45 -1.89118e-05
12.46 6.70536e-05
12.47 0.000144069
12.48 0.000210671
12.49 0.000266265
12.5 0.000311208
12.51 0.000346773
12.52 0.000375029
12.53 0.000398642
12.54 0.000420548
12.55 0.000443616
12.56 0.000470392
12.57 0.000502933
12.58 0.000542738
12.59 0.000590807
12.6 0.000647698
12.61 0.000713527
12.62 0.000787882
12.63 0.000869708
12.64 0.000957331
12.65 0.00104863
12.66 0.00114111
12.67 0.00123196
12.68 0.00131803
12.69 0.00139601
12.7 0.00146255
12.71 0.00151451
12.72 0.00154921
12.73 0.00156458
12.74 0.00155936
12.75 0.00153311
12.76 0.00148638
12.77 0.00142066
12.78 0.0013383
12.79 0.00124237
12.8 0.00113653
12.81 0.00102474
12.82 0.000911053
12.83 0.000799402
12.84 0.000693478
12.85 0.000596656
12.86 0.000511923
12.87 0.000441796
12.88 0.000388311
12.89 0.000353027
12.9 0.000336943
12.91 0.000340376
12.92 0.00036286
12.93 0.000403095
12.94 0.000458971
12.95 0.000527646
12.96 0.000605652
12.97 0.000689083
12.98 0.000773816
12.99 0.000855699
13 0.000930762
13.01 0.000995476
13.02 0.00104699
13.03 0.00108329
13.04 0.00110319
13.05 0.0011063
13.06 0.00109291
13.07 0.00106387
13.08 0.00102051
13.09 0.000964486
13.1 0.000897681
13.11 0.000822136
13.12 0.00074004
13.13 0.000653757
13.14 0.000565826
13.15 0.000478917
13.16 0.000395816
13.17 0.000319328
13.18 0.00025213
13.19 0.000196637
13.2 0.000154838
13.21 0.00012813
13.22 0.000117229
13.23 0.000122131
13.24 0.000142117
13.25 0.000175776
13.26 0.00022105
13.27 0.000275335
13.28 0.000335586
13.29 0.000398445
13.3 0.000460405
13.31 0.000517921
13.32 0.000567503
13.33 0.000605876
13.34 0.000630182
13.35 0.000638166
13.36 0.000628341
13.37 0.000600131
13.38 0.000553908
13.39 0.000490952
13.4 0.000413399
13.41 0.00032417
13.42 0.000226849
13.43 0.000125527
13.44 2.46251e-05
13.45 -7.13133e-05
13.46 -0.000157817
13.47 -0.000230693
13.48 -0.000286249
13.49 -0.000321479
13.5 -0.000334199
13.51 -0.00032315
13.52 -0.000288064
13.53 -0.000229635
13.54 -0.000149425
13.55 -4.97921e-05
13.56 6.61897e-05
13.57 0.000194824
13.58 0.000331848
13.59 0.000472526
13.6 0.000611862
13.61 0.000744867
13.62 0.000866844
13.63 0.000973648
13.64 0.00106185
13.65 0.00112883
13.66 0.00117294
13.67 0.00119358
13.68 0.00119112
13.69 0.00116678
13.7 0.0011225
13.71 0.00106089
13.72 0.000985088
13.73 0.000898587
13.74 0.000805042
13.75 0.000708059
13.76 0.000611021
13.77 0.000516887
13.78 0.00042804
13.79 0.000346191
13.8 0.000272286
13.81 0.000206416
13.82 0.000147878
13.83 9.55152e-05
13.84 4.81946e-05
13.85 5.21578e-06
13.86 -3.35639e-05
13.87 -6.79362e-05
13.88 -9.76841e-05
13.89 -0.000122819
13.9 -0.000143588
13.91 -0.000160389
13.92 -0.000173756
13.93 -0.000184385
13.94 -0.000193113
13.95 -0.000200853
13.96 -0.000208532
13.97 -0.00021701
13.98 -0.000227064
13.99 -0.000239407
14 -0.000254704
14.01 -0.000273533
14.02 -0.000296338
14.03 -0.000323359
14.04 -0.000354591
14.05 -0.000389798
14.06 -0.000428593
14.07 -0.00047055
14.08 -0.000515268
14.09 -0.000562421
14.1 -0.000611834
14.11 -0.000663524
14.12 -0.000717696
14.13 -0.000774757
14.14 -0.000835324
14.15 -0.000900178
14.16 -0.000970183
14.17 -0.00104613
14.18 -0.00112856
14.19 -0.00121764
14.2 -0.00131321
14.21 -0.00141484
14.22 -0.00152182
14.23 -0.00163329
14.24 -0.00174831
14.25 -0.00186591
14.26 -0.00198513
14.27 -0.00210501
14.28 -0.00222449
14.29 -0.00234244
14.3 -0.00245756
14.31 -0.0025684
14.32 -0.00267332
14.33 -0.0027706
14.34 -0.00285855
14.35 -0.0029358
14.36 -0.00300151
14.37 -0.00305553
14.38 -0.00309847
14.39 -0.00313158
14.4 -0.00315659
14.41 -0.00317561
14.42 -0.00319095
14.43 -0.0032049
14.44 -0.00321954
14.45 -0.00323646
14.46 -0.00325656
14.47 -0.00328014
14.48 -0.00330702
14.49 -0.00333664
14.5 -0.00336824
14.51 -0.00340096
14.52 -0.003434
14.53 -0.00346668
14.54 -0.00349848
14.55 -0.00352903
14.56 -0.00355807
14.57 -0.00358543
14.58 -0.00361108
14.59 -0.00363501
14.6 -0.00365716
14.61 -0.00367728
14.62 -0.00369478
14.63 -0.00370859
14.64 -0.00371708
14.65 -0.00371804
14.66 -0.00370875
14.67 -0.00368633
14.68 -0.00364824
14.69 -0.0035927
14.7 -0.00351901
14.71 -0.00342749
14.72 -0.0033191
14.73 -0.00319488
14.74 -0.00305548
14.75 -0.00290122
14.76 -0.00273249
14.77 -0.00255019
14.78 -0.00235592
14.79 -0.00215176
14.8 -0.00194013
14.81 -0.00172369
14.82 -0.00150526
14.83 -0.00128771
14.84 -0.0010739
14.85 -0.000866507
14.86 -0.000667958
14.87 -0.000480268
14.88 -0.000304909
14.89 -0.000142656
14.9 6.4656e-06
14.91 0.000143107
14.92 0.000268524
14.93 0.000384528
14.94 0.000493377
14.95 0.000597621
14.96 0.000699856
14.97 0.000802433
14.98 0.000907104
14.99 0.00101463
15 0.00112438
15.01 0.0012341
15.02 0.00134003
15.03 0.00143745
15.04 0.00152126
15.05 0.0015863
15.06 0.0016274
15.07 0.00163967
15.08 0.00161908
15.09 0.00156304
15.1 0.00147055
15.11 0.00134216
15.12 0.00117987
15.13 0.000986982
15.14 0.000768006
15.15 0.000528546
15.16 0.000275188
15.17 1.53649e-05
15.18 -0.000242882
15.19 -0.000491236
15.2 -0.000721577
15.21 -0.000926654
15.22 -0.00110064
15.23 -0.00123937
15.24 -0.00134046
15.25 -0.00140347
15.26 -0.00143003
15.27 -0.00142383
15.28 -0.00139029
15.29 -0.00133597
15.3 -0.00126785
15.31 -0.00119284
15.32 -0.00111743
15.33 -0.00104741
15.34 -0.00098789
15.35 -0.00094335
15.36 -0.000917755
15.37 -0.000914368
15.38 -0.000935482
15.39 -0.000982221
15.4 -0.00105441
15.41 -0.00115048
15.42 -0.00126747
15.43 -0.00140115
15.44 -0.00154619
15.45 -0.00169642
15.46 -0.00184509
15.47 -0.0019851
15.48 -0.0021092
15.49 -0.00221014
15.5 -0.0022809
15.51 -0.00231497
15.52 -0.0023068
15.53 -0.00225238
15.54 -0.00214971
15.55 -0.00199892
15.56 -0.00180218
15.57 -0.00156357
15.58 -0.00128888
15.59 -0.000985314
15.6 -0.000661164
15.61 -0.000325414
15.62 1.26441e-05
15.63 0.000343852
15.64 0.000659597
15.65 0.000952159
15.66 0.001215
15.67 0.001443
15.68 0.0016326
15.69 0.00178187
15.7 0.00189062
15.71 0.00196037
15.72 0.00199434
15.73 0.0019973
15.74 0.0019753
15.75 0.00193545
15.76 0.0018855
15.77 0.0018335
15.78 0.00178738
15.79 0.00175459
15.8 0.00174174
15.81 0.00175422
15.82 0.00179597
15.83 0.00186927
15.84 0.00197462
15.85 0.00211075
15.86 0.00227479
15.87 0.00246255
15.88 0.00266879
15.89 0.00288732
15.9 0.0031113
15.91 0.00333355
15.92 0.00354701
15.93 0.00374522
15.94 0.00392252
15.95 0.00407407
15.96 0.00419597
15.97 0.0042853
15.98 0.00434026
15.99 0.00436008
16 0.00434503
16.01 0.00429627
16.02 0.00421567
16.03 0.00410553
16.04 0.00396847
16.05 0.00380732
16.06 0.00362516
16.07 0.00342555
16.08 0.0032127
16.09 0.00299138
16.1 0.00276668
16.11 0.00254376
16.12 0.0023276
16.13 0.00212272
16.14 0.00193298
16.15 0.00176138
16.16 0.00160996
16.17 0.00147976
16.18 0.00137082
16.19 0.00128213
16.2 0.00121191
16.21 0.00115775
16.22 0.0011169
16.23 0.00108653
16.24 0.00106404
16.25 0.00104731
16.26 0.00103483
16.27 0.00102566
16.28 0.00101921
16.29 0.00101506
16.3 0.00101286
16.31 0.0010124
16.32 0.00101353
16.33 0.00101616
16.34 0.00102029
16.35 0.00102596
16.36 0.00103319
16.37 0.00104194
16.38 0.00105217
16.39 0.00106384
16.4 0.00107701
16.41 0.00109173
16.42 0.00110794
16.43 0.00112541
16.44 0.0011438
16.45 0.0011627
16.46 0.00118165
16.47 0.00120019
16.48 0.00121788
16.49 0.00123428
16.5 0.001249
16.51 0.00126167
16.52 0.00127202
16.53 0.00127991
16.54 0.00128537
16.55 0.0012885
16.56 0.0012894
16.57 0.00128819
16.58 0.0012849
16.59 0.00127956
16.6 0.00127208
16.61 0.00126224
16.62 0.00124966
16.63 0.00123376
16.64 0.00121377
16.65 0.00118875
16.66 0.00115764
16.67 0.0011193
16.68 0.00107253
16.69 0.00101614
16.7 0.000949103
16.71 0.00087087
16.72 0.000781655
16.73 0.000682583
16.74 0.000575706
16.75 0.000463862
16.76 0.000350387
16.77 0.000238833
16.78 0.000132796
16.79 3.58146e-05
16.8 -4.87768e-05
16.81 -0.000118058
16.82 -0.000169735
16.83 -0.000202231
16.84 -0.000214711
16.85 -0.000207154
16.86 -0.000180428
16.87 -0.000136311
16.88 -7.74312e-05
16.89 -7.17636e-06
16.9 7.04648e-05
16.91 0.000151121
16.92 0.000230291
16.93 0.000303628
16.94 0.000367209
16.95 0.000417704
16.96 0.000452474
16.97 0.000469696
16.98 0.000468446
16.99 0.000448703
17 0.000411309
17.01 0.000357914
17.02 0.000290853
17.03 0.000212971
17.04 0.000127434
17.05 3.76038e-05
17.06 -5.30358e-05
17.07 -0.000140963
17.08 -0.000222777
17.09 -0.000295411
17.1 -0.000356307
17.11 -0.000403499
17.12 -0.00043565
17.13 -0.000452074
17.14 -0.000452743
17.15 -0.000438287
17.16 -0.000409991
17.17 -0.000369729
17.18 -0.000319866
17.19 -0.000263103
17.2 -0.000202327
17.21 -0.000140505
17.22 -8.05593e-05
17.23 -2.52879e-05
17.24 2.27241e-05
17.25 6.12131e-05
17.26 8.83017e-05
17.27 0.000102536
17.28 0.000102914
17.29 8.89541e-05
17.3 6.07682e-05
17.31 1.90725e-05
17.32 -3.48605e-05
17.33 -9.92739e-05
17.34 -0.000172063
17.35 -0.000250973
17.36 -0.000333782
17.37 -0.000418463
17.38 -0.000503333
17.39 -0.000587143
17.4 -0.000669147
17.41 -0.00074918
17.42 -0.000827596
17.43 -0.000904995
17.44 -0.000981887
17.45 -0.00105844
17.46 -0.00113438
17.47 -0.00120894
17.48 -0.00128093
17.49 -0.00134894
17.5 -0.00141159
17.51 -0.00146778
17.52 -0.00151679
17.53 -0.00155824
17.54 -0.00159217
17.55 -0.00161883
17.56 -0.00163862
17.57 -0.00165203
17.58 -0.00165958
17.59 -0.00166175
17.6 -0.00165886
17.61 -0.00165102
17.62 -0.00163812
17.63 -0.00161982
17.64 -0.00159564
17.65 -0.00156498
17.66 -0.00152725
17.67 -0.00148194
17.68 -0.00142864
17.69 -0.00136713
17.7 -0.00129758
17.71 -0.00122066
17.72 -0.00113765
17.73 -0.00105045
17.74 -0.000961361
17.75 -0.000872778
17.76 -0.000786875
17.77 -0.000705345
17.78 -0.000629241
17.79 -0.000558901
17.8 -0.000494027
17.81 -0.000433857
17.82 -0.000377374
17.83 -0.000323454
17.84 -0.000270915
17.85 -0.000218556
17.86 -0.00016524
17.87 -0.000110019
17.88 -5.22683e-05
17.89 8.17366e-06
17.9 7.08969e-05
17.91 0.00013488
17.92 0.000198575
17.93 0.000260149
17.94 0.000317736
17.95 0.00036953
17.96 0.000413826
17.97 0.000449097
17.98 0.000474101
17.99 0.000487953
18 0.000490207
18.01 0.000480901
18.02 0.00046055
18.03 0.000430122
18.04 0.000391047
18.05 0.00034518
18.06 0.000294707
18.07 0.000241999
18.08 0.000189439
18.09 0.0001393
18.1 9.3667e-05
18.11 5.43464e-05
18.12 2.28314e-05
18.13 3.02643e-07
18.14 -1.23772e-05
18.15 -1.4655e-05
18.16 -6.26992e-06
18.17 1.27566e-05
18.18 4.2111e-05
18.19 8.11922e-05
18.2 0.000129164
18.21 0.000184974
18.22 0.000247296
18.23 0.000314485
18.24 0.000384636
18.25 0.000455653
18.26 0.000525334
18.27 0.000591547
18.28 0.000652399
18.29 0.000706302
18.3 0.000752015
18.31 0.000788753
18.32 0.00081623
18.33 0.000834571
18.34 0.000844229
18.35 0.000845957
18.36 0.000840697
18.37 0.000829503
18.38 0.000813567
18.39 0.000794259
18.4 0.00077312
18.41 0.000751843
18.42 0.000732246
18.43 0.000716244
18.44 0.000705804
18.45 0.00070286
18.46 0.000709223
18.47 0.000726466
18.48 0.000755794
18.49 0.000797931
18.5 0.000853009
18.51 0.000920469
18.52 0.000999027
18.53 0.00108673
18.54 0.00118104
18.55 0.001279
18.56 0.00137731
18.57 0.00147252
18.58 0.00156132
18.59 0.00164069
18.6 0.0017081
18.61 0.00176164
18.62 0.00180003
18.63 0.00182274
18.64 0.00182989
18.65 0.00182223
18.66 0.00180102
18.67 0.00176775
18.68 0.00172397
18.69 0.00167096
18.7 0.00160957
18.71 0.00154012
18.72 0.00146244
18.73 0.00137599
18.74 0.0012802
18.75 0.00117489
18.76 0.00106042
18.77 0.000937584
18.78 0.000807522
18.79 0.00067166
18.8 0.00053159
18.81 0.000388989
18.82 0.000245544
18.83 0.000102849
18.84 -3.76515e-05
18.85 -0.000174709
18.86 -0.000307325
18.87 -0.000434742
18.88 -0.000556392
18.89 -0.000671831
18.9 -0.000780617
18.91 -0.000882178
18.92 -0.000975724
18.93 -0.0010602
18.94 -0.00113438
18.95 -0.00119713
18.96 -0.00124774
18.97 -0.00128607
18.98 -0.00131258
18.99 -0.00132845
19 -0.00133562
19.01 -0.00133672
19.02 -0.0013349
19.03 -0.00133364
19.04 -0.00133643
19.05 -0.00134636
19.06 -0.00136591
19.07 -0.00139675
19.08 -0.00143969
19.09 -0.00149467
19.1 -0.00156087
19.11 -0.00163691
19.12 -0.00172122
19.13 -0.00181214
19.14 -0.00190795
19.15 -0.00200679
19.16 -0.00210656
19.17 -0.00220479
19.18 -0.00229849
19.19 -0.00238412
19.2 -0.00245777
19.21 -0.00251539
19.22 -0.00255304
19.23 -0.00256728
19.24 -0.00255548
19.25 -0.00251629
19.26 -0.00245008
19.27 -0.0023591
19.28 -0.00224718
19.29 -0.00211928
19.3 -0.00198081
19.31 -0.00183726
19.32 -0.00169393
19.33 -0.00155566
19.34 -0.00142652
19.35 -0.00130966
19.36 -0.00120717
19.37 -0.00112016
19.38 -0.00104898
19.39 -0.000993337
19.4 -0.000952389
19.41 -0.000924644
19.42 -0.000908022
19.43 -0.00090001
19.44 -0.000897799
19.45 -0.000898373
19.46 -0.000898662
19.47 -0.000895711
19.48 -0.000886771
19.49 -0.000869442
19.5 -0.000841896
19.51 -0.000802991
19.52 -0.00075226
19.53 -0.000689886
19.54 -0.000616791
19.55 -0.000534771
19.56 -0.000446484
19.57 -0.000355207
19.58 -0.000264488
19.59 -0.0001779
19.6 -9.88804e-05
19.61 -3.06123e-05
19.62 2.41203e-05
19.63 6.31101e-05
19.64 8.48508e-05
19.65 8.85737e-05
19.66 7.4224e-05
19.67 4.24486e-05
19.68 -5.43317e-06
19.69 -6.755e-05
19.7 -0.000141615
19.71 -0.000224985
19.72 -0.000314735
19.73 -0.000407768
19.74 -0.000500883
19.75 -0.000590792
19.76 -0.000674159
19.77 -0.000747735
19.78 -0.000808605
19.79 -0.000854399
19.8 -0.000883405
19.81 -0.000894684
19.82 -0.000888142
19.83 -0.000864553
19.84 -0.000825537
19.85 -0.000773508
19.86 -0.000711574
19.87 -0.000643359
19.88 -0.000572774
19.89 -0.000503748
19.9 -0.000439995
19.91 -0.000384806
19.92 -0.000340853
19.93 -0.000310071
19.94 -0.000293692
19.95 -0.000292339
19.96 -0.000306085
19.97 -0.000334504
19.98 -0.000376747
19.99 -0.000431617
20 -0.000497576
20.01 -0.000572748
20.02 -0.00065494
20.03 -0.000741575
20.04 -0.000829564
20.05 -0.000915325
20.06 -0.000994978
20.07 -0.00106452
20.08 -0.00112001
20.09 -0.00115771
20.1 -0.00117427
20.11 -0.00116697
20.12 -0.00113406
20.13 -0.00107497
20.14 -0.000990364
20.15 -0.00088197
20.16 -0.000752551
20.17 -0.000605835
20.18 -0.000446415
20.19 -0.000279566
20.2 -0.000111047
20.21 5.31303e-05
20.22 0.000207044
20.23 0.000345303
20.24 0.000463359
20.25 0.000557611
20.26 0.000625453
20.27 0.000665311
20.28 0.000676654
20.29 0.00065999
20.3 0.00061681
20.31 0.000549504
20.32 0.00046129
20.33 0.000356085
20.34 0.000238372
20.35 0.000113086
20.36 -1.45238e-05
20.37 -0.000139019
20.38 -0.000254876
20.39 -0.000356674
20.4 -0.000439328
20.41 -0.000498305
20.42 -0.000529865
20.43 -0.000531291
20.44 -0.000501067
20.45 -0.000439049
20.46 -0.000346542
20.47 -0.000226154
20.48 -8.15823e-05
20.49 8.25763e-05
20.5 0.000261028
20.51 0.000447996
20.52 0.000637497
20.53 0.000823626
20.54 0.00100074
20.55 0.0011637
20.56 0.00130804
20.57 0.00143003
20.58 0.00152669
20.59 0.00159576
20.6 0.00163568
20.61 0.00164575
20.62 0.00162615
20.63 0.00157818
20.64 0.00150423
20.65 0.00140772
20.66 0.00129292
20.67 0.00116483
20.68 0.001029
20.69 0.000891305
20.7 0.000757669
20.71 0.000633856
20.72 0.000525183
20.73 0.000436237
20.74 0.000370658
20.75 0.000330985
20.76 0.000318588
20.77 0.000333695
20.78 0.000375481
20.79 0.000442205
20.8 0.000531386
20.81 0.000640016
20.82 0.000764753
20.83 0.000901999
20.84 0.0010479
20.85 0.00119826
20.86 0.00134862
20.87 0.00149433
20.88 0.00163078
20.89 0.00175348
20.9 0.00185827
20.91 0.00194168
20.92 0.00200115
20.93 0.00203515
20.94 0.00204325
20.95 0.00202607
20.96 0.00198512
20.97 0.00192267
20.98 0.00184156
20.99 0.00174504
21 0.00163659
21.01 0.00151973
21.02 0.00139782
21.03 0.00127401
21.04 0.00115124
21.05 0.00103227
21.06 0.000919702
21.07 0.000815868
21.08 0.000722675
21.09 0.000641502
21.1 0.0005732
21.11 0.000518228
21.12 0.000476765
21.13 0.00044874
21.14 0.000433809
21.15 0.000431287
21.16 0.000440085
21.17 0.0004587
21.18 0.000485276
21.19 0.000517657
21.2 0.000553462
21.21 0.000590218
21.22 0.000625469
21.23 0.000656883
21.24 0.000682378
21.25 0.000700257
21.26 0.000709339
21.27 0.000709058
21.28 0.000699478
21.29 0.000681251
21.3 0.000655556
21.31 0.000623967
21.32 0.000588241
21.33 0.000550151
21.34 0.000511374
21.35 0.000473395
21.36 0.000437433
21.37 0.000404369
21.38 0.000374685
21.39 0.000348473
21.4 0.00032543
21.41 0.00030488
21.42 0.000285896
21.43 0.000267461
21.44 0.000248543
21.45 0.000228211
21.46 0.000205779
21.47 0.000180832
21.48 0.000153171
21.49 0.000122765
21.5 8.96805e-05
21.51 5.40516e-05
21.52 1.61602e-05
21.53 -2.35549e-05
21.54 -6.4546e-05
21.55 -0.000106203
21.56 -0.000147917
21.57 -0.000189166
21.58 -0.000229615
21.59 -0.000269157
21.6 -0.000307884
21.61 -0.000345979
21.62 -0.000383593
21.63 -0.000420738
21.64 -0.000457204
21.65 -0.000492491
21.66 -0.000525815
21.67 -0.000556234
21.68 -0.000582746
21.69 -0.000604402
21.7 -0.00062048
21.71 -0.000630553
21.72 -0.000634461
21.73 -0.000632249
21.74 -0.000624097
21.75 -0.000610251
21.76 -0.000590966
21.77 -0.000566483
21.78 -0.00053706
21.79 -0.000503031
21.8 -0.000464898
21.81 -0.000423436
21.82 -0.000379758
21.83 -0.00033534
21.84 -0.00029196
21.85 -0.000251582
21.86 -0.000216228
21.87 -0.000187871
21.88 -0.000168337
21.89 -0.000159194
21.9 -0.000161579
21.91 -0.000176053
21.92 -0.00020255
21.93 -0.000240332
21.94 -0.000287988
21.95 -0.00034355
21.96 -0.00040475
21.97 -0.000469274
21.98 -0.00053495
21.99 -0.000599929
22 -0.000662826
22.01 -0.000722758
22.02 -0.000779293
22.03 -0.00083231
22.04 -0.000881757
22.05 -0.000927396
22.06 -0.000968573
22.07 -0.00100413
22.08 -0.00103263
22.09 -0.00105267
22.1 -0.00106301
22.11 -0.00106267
22.12 -0.001051
22.13 -0.00102781
22.14 -0.000993394
22.15 -0.000948667
22.16 -0.000895116
22.17 -0.000834744
22.18 -0.00076994
22.19 -0.000703326
22.2 -0.000637548
22.21 -0.000575061
22.22 -0.00051796
22.23 -0.000467863
22.24 -0.000425882
22.25 -0.000392653
22.26 -0.000368364
22.27 -0.000352802
22.28 -0.000345446
22.29 -0.000345578
22.3 -0.000352423
22.31 -0.000365292
22.32 -0.000383619
22.33 -0.000406918
22.34 -0.000434709
22.35 -0.000466485
22.36 -0.000501662
22.37 -0.000539516
22.38 -0.000579138
22.39 -0.000619437
22.4 -0.000659183
22.41 -0.00069702
22.42 -0.000731503
22.43 -0.000761195
22.44 -0.000784793
22.45 -0.000801158
22.46 -0.00080929
22.47 -0.000808307
22.48 -0.000797474
22.49 -0.000776274
22.5 -0.000744425
22.51 -0.000701829
22.52 -0.000648587
22.53 -0.000585055
22.54 -0.000511894
22.55 -0.000430132
22.56 -0.000341109
22.57 -0.000246356
22.58 -0.00014754
22.59 -4.64577e-05
22.6 5.50334e-05
22.61 0.000155107
22.62 0.000252014
22.63 0.000344064
22.64 0.000429632
22.65 0.000507201
22.66 0.000575394
22.67 0.000632947
22.68 0.000678723
22.69 0.000711885
22.7 0.000732143
22.71 0.000739882
22.72 0.000736133
22.73 0.000722471
22.74 0.000700911
22.75 0.000673804
22.76 0.000643672
22.77 0.000613015
22.78 0.000584171
22.79 0.000559247
22.8 0.000540093
22.81 0.000528266
22.82 0.00052495
22.83 0.000530888
22.84 0.000546367
22.85 0.000571202
22.86 0.000604746
22.87 0.00064592
22.88 0.000693249
22.89 0.000744901
22.9 0.000798733
22.91 0.000852353
22.92 0.000903225
22.93 0.000948794
22.94 0.00098661
22.95 0.00101442
22.96 0.00103025
22.97 0.00103254
22.98 0.00102034
22.99 0.000993529
23 0.000953036
23.01 0.000900777
23.02 0.000839447
23.03 0.000772333
23.04 0.000703128
23.05 0.000635699
23.06 0.000573791
23.07 0.000520735
23.08 0.00047914
23.09 0.000450725
23.1 0.000436374
23.11 0.000436237
23.12 0.000449797
23.13 0.00047595
23.14 0.000513122
23.15 0.000559338
23.16 0.000612286
23.17 0.00066942
23.18 0.000728131
23.19 0.000785895
23.2 0.000840367
23.21 0.000889432
23.22 0.000931227
23.23 0.000964194
23.24 0.000987198
23.25 0.000999559
23.26 0.00100101
23.27 0.000991749
23.28 0.000972538
23.29 0.000944671
23.3 0.000909871
23.31 0.000870211
23.32 0.000827992
23.33 0.000785557
23.34 0.000745142
23.35 0.000708797
23.36 0.00067825
23.37 0.00065478
23.38 0.000639194
23.39 0.000631781
23.4 0.000632225
23.41 0.000639618
23.42 0.000652545
23.43 0.000669184
23.44 0.000687408
23.45 0.000704879
23.46 0.000719252
23.47 0.000728466
23.48 0.000730934
23.49 0.00072565
23.5 0.000712197
23.51 0.000690674
23.52 0.000661611
23.53 0.000625896
23.54 0.000584724
23.55 0.000539557
23.56 0.000492051
23.57 0.000443996
23.58 0.000397283
23.59 0.000353798
23.6 0.000315295
23.61 0.000283326
23.62 0.000259196
23.63 0.000243944
23.64 0.000238306
23.65 0.000242682
23.66 0.000257078
23.67 0.000281029
23.68 0.000313553
23.69 0.000353183
23.7 0.000398037
23.71 0.000445886
23.72 0.000494254
23.73 0.000540517
23.74 0.000582006
23.75 0.000616094
23.76 0.000640242
23.77 0.000652037
23.78 0.000649267
23.79 0.000630039
23.8 0.000592951
23.81 0.000537311
23.82 0.000463271
23.83 0.000371824
23.84 0.000264733
23.85 0.000144444
23.86 1.39681e-05
23.87 -0.000123263
23.88 -0.000263572
23.89 -0.000403239
23.9 -0.000538727
23.91 -0.00066692
23.92 -0.000785252
23.93 -0.000891697
23.94 -0.000984755
23.95 -0.00106344
23.96 -0.00112723
23.97 -0.00117599
23.98 -0.00120985
23.99 -0.00122908
24 -0.00123408
24.01 -0.0012254
24.02 -0.00120381
24.03 -0.00117025
24.04 -0.0011257
24.05 -0.00107097
24.06 -0.00100667
24.07 -0.000933292
24.08 -0.000851352
24.09 -0.000761681
24.1 -0.000665479
24.11 -0.000564349
24.12 -0.000460364
24.13 -0.00035609
24.14 -0.000254549
24.15 -0.000159132
24.16 -7.34371e-05
24.17 -9.47633e-07
24.18 5.53261e-05
24.19 9.3065e-05
24.2 0.000110712
24.21 0.000107509
24.22 8.34983e-05
24.23 3.94981e-05
24.24 -2.29229e-05
24.25 -0.000101502
24.26 -0.00019342
24.27 -0.000295492
24.28 -0.000404319
24.29 -0.000516481
24.3 -0.000628757
24.31 -0.000738193
24.32 -0.00084203
24.33 -0.000937622
24.34 -0.00102233
24.35 -0.00109347
24.36 -0.00114849
24.37 -0.00118523
24.38 -0.00120212
24.39 -0.00119825
24.4 -0.0011735
24.41 -0.00112859
24.42 -0.0010652
24.43 -0.000985883
24.44 -0.000893991
24.45 -0.000793472
24.46 -0.000688598
24.47 -0.0005837
24.48 -0.000482938
24.49 -0.000390124
24.5 -0.000308612
24.51 -0.000241183
24.52 -0.000189937
24.53 -0.000156291
24.54 -0.000140994
24.55 -0.000144086
24.56 -0.000164905
24.57 -0.000202196
24.58 -0.00025423
24.59 -0.000318832
24.6 -0.000393367
24.61 -0.000474797
24.62 -0.000559853
24.63 -0.000645209
24.64 -0.000727567
24.65 -0.000803657
24.66 -0.00087029
24.67 -0.000924539
24.68 -0.000963877
24.69 -0.000986236
24.7 -0.000990115
24.71 -0.000974689
24.72 -0.000939893
24.73 -0.000886482
24.74 -0.000815981
24.75 -0.000730539
24.76 -0.000632804
24.77 -0.000525844
24.78 -0.000413149
24.79 -0.000298565
24.8 -0.000186071
24.81 -7.95924e-05
24.82 1.7092e-05
24.83 0.000100483
24.84 0.000167561
24.85 0.000215947
24.86 0.000244015
24.87 0.000250954
24.88 0.000236753
24.89 0.000202121
24.9 0.000148405
24.91 7.7514e-05
24.92 -8.11956e-06
24.93 -0.000105612
24.94 -0.000211737
24.95 -0.000323012
24.96 -0.000435816
24.97 -0.000546575
24.98 -0.000651878
24.99 -0.000748525
25 -0.000833617
