0.01 3.1398e-09
0.02 1.50213e-08
0.03 3.66831e-08
0.04 6.52187e-08
0.05 9.76446e-08
0.06 1.30993e-07
0.07 1.62398e-07
0.08 1.89159e-07
0.09 2.0878e-07
0.1 2.19031e-07
0.11 2.1801e-07
0.12 2.04189e-07
0.13 1.76402e-07
0.14 1.33811e-07
0.15 7.59064e-08
0.16 2.57075e-09
0.17 -8.58816e-08
0.18 -1.88707e-07
0.19 -3.04748e-07
0.2 -4.32456e-07
0.21 -5.69931e-07
0.22 -7.14963e-07
0.23 -8.65105e-07
0.24 -1.01775e-06
0.25 -1.17022e-06
0.26 -1.31991e-06
0.27 -1.4644e-06
0.28 -1.60133e-06
0.29 -1.72823e-06
0.3 -1.84252e-06
0.31 -1.94146e-06
0.32 -2.02219e-06
0.33 -2.08163e-06
0.34 -2.11643e-06
0.35 -2.12333e-06
0.36 -2.09944e-06
0.37 -2.04246e-06
0.38 -1.95123e-06
0.39 -1.82657e-06
0.4 -1.6718e-06
0.41 -1.49291e-06
0.42 -1.29799e-06
0.43 -1.09634e-06
0.44 -8.98399e-07
0.45 -7.15251e-07
0.46 -5.57945e-07
0.47 -4.3679e-07
0.48 -3.60548e-07
0.49 -3.36029e-07
0.5 -3.67839e-07
0.51 -4.58516e-07
0.52 -6.08829e-07
0.53 -8.17301e-07
0.54 -1.08054e-06
0.55 -1.39379e-06
0.56 -1.75056e-06
0.57 -2.14301e-06
0.58 -2.56258e-06
0.59 -3.00017e-06
0.6 -3.44628e-06
0.61 -3.89124e-06
0.62 -4.32542e-06
0.63 -4.73951e-06
0.64 -5.12485e-06
0.65 -5.47363e-06
0.66 -5.77929e-06
0.67 -6.03668e-06
0.68 -6.2422e-06
0.69 -6.39387e-06
0.7 -6.49115e-06
0.71 -6.53457e-06
0.72 -6.52528e-06
0.73 -6.46432e-06
0.74 -6.35195e-06
0.75 -6.18706e-06
0.76 -5.96691e-06
0.77 -5.68751e-06
0.78 -5.34487e-06
0.79 -4.93733e-06
0.8 -4.46714e-06
0.81 -3.94069e-06
0.82 -3.36806e-06
0.83 -2.76195e-06
0.84 -2.13753e-06
0.85 -1.51352e-06
0.86 -9.10974e-07
0.87 -3.49004e-07
0.88 1.59447e-07
0.89 6.08457e-07
0.9 9.97079e-07
0.91 1.32745e-06
0.92 1.60355e-06
0.93 1.82909e-06
0.94 2.00471e-06
0.95 2.12685e-06
0.96 2.18714e-06
0.97 2.17348e-06
0.98 2.07512e-06
0.99 1.88804e-06
1 1.61679e-06
1.01 1.27357e-06
1.02 8.7798e-07
1.03 4.55422e-07
1.04 3.39718e-08
1.05 -3.58512e-07
1.06 -6.98303e-07
1.07 -9.67938e-07
1.08 -1.15514e-06
1.09 -1.25033e-06
1.1 -1.24597e-06
1.11 -1.13811e-06
1.12 -9.2523e-07
1.13 -6.06529e-07
1.14 -1.82467e-07
1.15 3.43931e-07
1.16 9.65352e-07
1.17 1.66794e-06
1.18 2.42942e-06
1.19 3.22151e-06
1.2 4.014e-06
1.21 4.77399e-06
1.22 5.46539e-06
1.23 6.0526e-06
1.24 6.50685e-06
1.25 6.81441e-06
1.26 6.98146e-06
1.27 7.02874e-06
1.28 6.98161e-06
1.29 6.86656e-06
1.3 6.70988e-06
1.31 6.5321e-06
1.32 6.34514e-06
1.33 6.15477e-06
1.34 5.96578e-06
1.35 5.78534e-06
1.36 5.62307e-06
1.37 5.4907e-06
1.38 5.40117e-06
1.39 5.36709e-06
1.4 5.39837e-06
1.41 5.49902e-06
1.42 5.66331e-06
1.43 5.87186e-06
1.44 6.0885e-06
1.45 6.25925e-06
1.46 6.3153e-06
1.47 6.18126e-06
1.48 5.78365e-06
1.49 5.05392e-06
1.5 3.93317e-06
1.51 2.37804e-06
1.52 3.63718e-07
1.53 -2.10885e-06
1.54 -5.00529e-06
1.55 -8.25162e-06
1.56 -1.17341e-05
1.57 -1.53119e-05
1.58 -1.88289e-05
1.59 -2.21242e-05
1.6 -2.50488e-05
1.61 -2.74746e-05
1.62 -2.92953e-05
1.63 -3.04287e-05
1.64 -3.08187e-05
1.65 -3.04352e-05
1.66 -2.92773e-05
1.67 -2.73742e-05
1.68 -2.4782e-05
1.69 -2.15767e-05
1.7 -1.78476e-05
1.71 -1.36959e-05
1.72 -9.23036e-06
1.73 -4.56336e-06
1.74 1.9619e-07
1.75 4.9488e-06
1.76 9.60227e-06
1.77 1.40669e-05
1.78 1.82619e-05
1.79 2.21224e-05
1.8 2.55986e-05
1.81 2.8652e-05
1.82 3.12561e-05
1.83 3.33948e-05
1.84 3.50528e-05
1.85 3.62105e-05
1.86 3.68486e-05
1.87 3.69585e-05
1.88 3.6548e-05
1.89 3.56418e-05
1.9 3.42802e-05
1.91 3.25187e-05
1.92 3.04259e-05
1.93 2.80793e-05
1.94 2.55511e-05
1.95 2.28897e-05
1.96 2.01182e-05
1.97 1.72395e-05
1.98 1.42402e-05
1.99 1.1103e-05
2 7.82672e-06
2.01 4.44462e-06
2.02 1.02489e-06
2.03 -2.33439e-06
2.04 -5.51079e-06
2.05 -8.37059e-06
2.06 -1.07822e-05
2.07 -1.26291e-05
2.08 -1.38282e-05
2.09 -1.43424e-05
2.1 -1.4183e-05
2.11 -1.34061e-05
2.12 -1.21128e-05
2.13 -1.04507e-05
2.14 -8.59935e-06
2.15 -6.75251e-06
2.16 -5.111e-06
2.17 -3.87101e-06
2.18 -3.21779e-06
2.19 -3.32856e-06
2.2 -4.37514e-06
2.21 -6.51424e-06
2.22 -9.87313e-06
2.23 -1.45407e-05
2.24 -2.05607e-05
2.25 -2.79362e-05
2.26 -3.66255e-05
2.27 -4.65177e-05
2.28 -5.74306e-05
2.29 -6.91278e-05
2.3 -8.13295e-05
2.31 -9.37191e-05
2.32 -0.000105945
2.33 -0.000117616
2.34 -0.000128309
2.35 -0.000137583
2.36 -0.000144996
2.37 -0.000150131
2.38 -0.000152613
2.39 -0.000152112
2.4 -0.000148376
2.41 -0.000141267
2.42 -0.00013079
2.43 -0.000117066
2.44 -0.000100314
2.45 -8.08364e-05
2.46 -5.90128e-05
2.47 -3.52993e-05
2.48 -1.02206e-05
2.49 1.566e-05
2.5 4.17719e-05
2.51 6.75637e-05
2.52 9.25179e-05
2.53 0.000116149
2.54 0.000138012
2.55 0.000157716
2.56 0.000174926
2.57 0.000189349
2.58 0.000200711
2.59 0.000208767
2.6 0.000213305
2.61 0.000214171
2.62 0.00021129
2.63 0.000204686
2.64 0.000194492
2.65 0.000180946
2.66 0.00016438
2.67 0.000145213
2.68 0.000123922
2.69 0.000101023
2.7 7.70445e-05
2.71 5.25333e-05
2.72 2.80371e-05
2.73 4.09489e-06
2.74 -1.87585e-05
2.75 -4.00006e-05
2.76 -5.9148e-05
2.77 -7.57727e-05
2.78 -8.94871e-05
2.79 -9.99405e-05
2.8 -0.000106832
2.81 -0.000109923
2.82 -0.000109071
2.83 -0.000104265
2.84 -9.56261e-05
2.85 -8.34051e-05
2.86 -6.79699e-05
2.87 -4.98007e-05
2.88 -2.94922e-05
2.89 -7.72962e-06
2.9 1.47536e-05
2.91 3.72021e-05
2.92 5.88564e-05
2.93 7.8978e-05
2.94 9.68811e-05
2.95 0.000111953
2.96 0.000123674
2.97 0.000131663
2.98 0.00013569
2.99 0.000135669
3 0.000131649
3.01 0.000123798
3.02 0.000112374
3.03 9.77045e-05
3.04 8.01664e-05
3.05 6.01712e-05
3.06 3.81455e-05
3.07 1.45167e-05
3.08 -1.0294e-05
3.09 -3.58656e-05
3.1 -6.17556e-05
3.11 -8.7484e-05
3.12 -0.000112527
3.13 -0.000136317
3.14 -0.000158267
3.15 -0.000177818
3.16 -0.000194458
3.17 -0.000207731
3.18 -0.000217254
3.19 -0.000222736
3.2 -0.000224013
3.21 -0.00022103
3.22 -0.00021381
3.23 -0.000202438
3.24 -0.000187061
3.25 -0.000167887
3.26 -0.000145195
3.27 -0.000119309
3.28 -9.05716e-05
3.29 -5.93746e-05
3.3 -2.61753e-05
3.31 8.53201e-06
3.32 4.42297e-05
3.33 8.03422e-05
3.34 0.000116206
3.35 0.000151062
3.36 0.00018406
3.37 0.000214289
3.38 0.000240817
3.39 0.000262715
3.4 0.00027909
3.41 0.000289126
3.42 0.000292132
3.43 0.000287595
3.44 0.000275206
3.45 0.000254873
3.46 0.000226731
3.47 0.000191174
3.48 0.00014889
3.49 0.000100859
3.5 4.8318e-05
3.51 -7.28907e-06
3.52 -6.43555e-05
3.53 -0.000121171
3.54 -0.000175997
3.55 -0.00022716
3.56 -0.000273149
3.57 -0.000312659
3.58 -0.000344576
3.59 -0.000367988
3.6 -0.000382247
3.61 -0.000386998
3.62 -0.000382174
3.63 -0.000367994
3.64 -0.000344957
3.65 -0.000313823
3.66 -0.000275591
3.67 -0.000231487
3.68 -0.000182929
3.69 -0.000131467
3.7 -7.86937e-05
3.71 -2.61899e-05
3.72 2.44951e-05
3.73 7.19036e-05
3.74 0.000114732
3.75 0.000151847
3.76 0.000182297
3.77 0.000205346
3.78 0.00022049
3.79 0.000227453
3.8 0.000226204
3.81 0.000216975
3.82 0.000200241
3.83 0.000176676
3.84 0.000147138
3.85 0.000112635
3.86 7.42469e-05
3.87 3.30583e-05
3.88 -9.89579e-06
3.89 -5.36672e-05
3.9 -9.74154e-05
3.91 -0.000140427
3.92 -0.00018213
3.93 -0.000222074
3.94 -0.000259891
3.95 -0.000295281
3.96 -0.000327996
3.97 -0.000357803
3.98 -0.000384436
3.99 -0.000407562
4 -0.000426794
4.01 -0.000441703
4.02 -0.000451842
4.03 -0.000456768
4.04 -0.000456056
4.05 -0.000449307
4.06 -0.000436165
4.07 -0.000416311
4.08 -0.000389449
4.09 -0.00035534
4.1 -0.000313831
4.11 -0.000264926
4.12 -0.000208875
4.13 -0.000146251
4.14 -7.79689e-05
4.15 -5.3094e-06
4.16 7.00549e-05
4.17 0.000146092
4.18 0.000220519
4.19 0.000290912
4.2 0.000354791
4.21 0.000409741
4.22 0.000453547
4.23 0.000484343
4.24 0.000500724
4.25 0.000501753
4.26 0.000486939
4.27 0.000456269
4.28 0.000410235
4.29 0.000349827
4.3 0.00027652
4.31 0.000192221
4.32 9.91875e-05
4.33 -4.37297e-08
4.34 -0.000102699
4.35 -0.000205817
4.36 -0.00030633
4.37 -0.000401154
4.38 -0.000487297
4.39 -0.000561969
4.4 -0.000622651
4.41 -0.000667159
4.42 -0.000693702
4.43 -0.000700957
4.44 -0.000688116
4.45 -0.000654939
4.46 -0.000601819
4.47 -0.000529823
4.48 -0.000440646
4.49 -0.000336515
4.5 -0.000220047
4.51 -9.41522e-05
4.52 3.79938e-05
4.53 0.000172997
4.54 0.000307341
4.55 0.000437484
4.56 0.000559966
4.57 0.000671495
4.58 0.000769022
4.59 0.000849838
4.6 0.000911638
4.61 0.000952614
4.62 0.000971539
4.63 0.000967798
4.64 0.000941384
4.65 0.000892915
4.66 0.000823622
4.67 0.000735354
4.68 0.000630552
4.69 0.000512143
4.7 0.000383409
4.71 0.000247841
4.72 0.000109015
4.73 -2.94735e-05
4.74 -0.000164122
4.75 -0.000291664
4.76 -0.000409146
4.77 -0.000513956
4.78 -0.000603865
4.79 -0.000677048
4.8 -0.000732127
4.81 -0.000768247
4.82 -0.000785081
4.83 -0.000782768
4.84 -0.000761912
4.85 -0.000723609
4.86 -0.000669399
4.87 -0.000601145
4.88 -0.000520965
4.89 -0.000431214
4.9 -0.00033443
4.91 -0.000233229
4.92 -0.000130238
4.93 -2.80366e-05
4.94 7.0871e-05
4.95 0.000164112
4.96 0.000249516
4.97 0.000325183
4.98 0.000389537
4.99 0.00044136
5 0.000479803
5.01 0.000504362
5.02 0.000514821
5.03 0.000511202
5.04 0.000493752
5.05 0.000462933
5.06 0.000419397
5.07 0.000363943
5.08 0.000297548
5.09 0.000221389
5.1 0.000136801
5.11 4.5263e-05
5.12 -5.15791e-05
5.13 -0.00015191
5.14 -0.000253778
5.15 -0.000355094
5.16 -0.00045363
5.17 -0.000547035
5.18 -0.000632927
5.19 -0.000709003
5.2 -0.000773093
5.21 -0.000823221
5.22 -0.000857695
5.23 -0.000875219
5.24 -0.000874958
5.25 -0.000856535
5.26 -0.000819976
5.27 -0.000765679
5.28 -0.000694423
5.29 -0.000607386
5.3 -0.000506143
5.31 -0.000392626
5.32 -0.000269108
5.33 -0.000138228
5.34 -2.97307e-06
5.35 0.00013341
5.36 0.000267476
5.37 0.00039561
5.38 0.000514149
5.39 0.000619579
5.4 0.000708706
5.41 0.000778764
5.42 0.000827516
5.43 0.000853365
5.44 0.00085544
5.45 0.000833623
5.46 0.000788538
5.47 0.000721478
5.48 0.000634313
5.49 0.000529417
5.5 0.000409643
5.51 0.000278257
5.52 0.00013882
5.53 -4.96303e-06
5.54 -0.000149323
5.55 -0.000290493
5.56 -0.00042481
5.57 -0.000548869
5.58 -0.00065966
5.59 -0.000754612
5.6 -0.000831603
5.61 -0.000888959
5.62 -0.000925478
5.63 -0.00094046
5.64 -0.000933704
5.65 -0.000905531
5.66 -0.000856784
5.67 -0.000788767
5.68 -0.000703182
5.69 -0.000602061
5.7 -0.000487704
5.71 -0.00036262
5.72 -0.000229446
5.73 -9.09261e-05
5.74 5.01236e-05
5.75 0.000190895
5.76 0.000328625
5.77 0.000460603
5.78 0.000584199
5.79 0.000696884
5.8 0.000796254
5.81 0.000880074
5.82 0.000946303
5.83 0.000993115
5.84 0.00101897
5.85 0.00102271
5.86 0.00100361
5.87 0.000961424
5.88 0.000896435
5.89 0.000809461
5.9 0.000701867
5.91 0.000575587
5.92 0.000433107
5.93 0.00027739
5.94 0.000111816
5.95 -5.98804e-05
5.96 -0.000233636
5.97 -0.000405105
5.98 -0.000569777
5.99 -0.000723147
6 -0.000860837
6.01 -0.000978764
6.02 -0.00107331
6.03 -0.00114147
6.04 -0.00118086
6.05 -0.00118986
6.06 -0.00116766
6.07 -0.00111432
6.08 -0.00103088
6.09 -0.00091923
6.1 -0.000782081
6.11 -0.000622824
6.12 -0.000445471
6.13 -0.000254545
6.14 -5.48971e-05
6.15 0.000148487
6.16 0.000350652
6.17 0.000546864
6.18 0.000732803
6.19 0.000904664
6.2 0.00105916
6.21 0.00119355
6.22 0.00130567
6.23 0.00139402
6.24 0.00145771
6.25 0.00149641
6.26 0.0015104
6.27 0.00150053
6.28 0.00146824
6.29 0.00141548
6.3 0.00134476
6.31 0.00125897
6.32 0.00116144
6.33 0.00105576
6.34 0.000945705
6.35 0.000835133
6.36 0.0007278
6.37 0.000627147
6.38 0.000536093
6.39 0.000456979
6.4 0.000391593
6.41 0.000341181
6.42 0.000306537
6.43 0.000288093
6.44 0.000285965
6.45 0.000300055
6.46 0.00033014
6.47 0.00037581
6.48 0.00043634
6.49 0.000510601
6.5 0.000596958
6.51 0.000693153
6.52 0.000796303
6.53 0.000903007
6.54 0.00100942
6.55 0.00111131
6.56 0.00120417
6.57 0.0012835
6.58 0.00134499
6.59 0.00138479
6.6 0.0013998
6.61 0.00138782
6.62 0.00134769
6.63 0.00127931
6.64 0.00118358
6.65 0.00106227
6.66 0.000917816
6.67 0.000753136
6.68 0.000571581
6.69 0.000376837
6.7 0.000172832
6.71 -3.63388e-05
6.72 -0.000246485
6.73 -0.000453435
6.74 -0.000653114
6.75 -0.000841567
6.76 -0.00101501
6.77 -0.00116995
6.78 -0.00130322
6.79 -0.00141207
6.8 -0.00149427
6.81 -0.00154818
6.82 -0.00157289
6.83 -0.00156829
6.84 -0.00153507
6.85 -0.00147472
6.86 -0.00138952
6.87 -0.00128244
6.88 -0.00115708
6.89 -0.00101743
6.9 -0.000867713
6.91 -0.000712147
6.92 -0.000554797
6.93 -0.00039942
6.94 -0.000249348
6.95 -0.000107436
6.96 2.39062e-05
6.97 0.000142631
6.98 0.000246919
6.99 0.000335086
7 0.000405565
7.01 0.000456889
7.02 0.000487751
7.03 0.00049719
7.04 0.000484766
7.05 0.000450698
7.06 0.000395999
7.07 0.000322538
7.08 0.000232992
7.09 0.000130737
7.1 1.96834e-05
7.11 -9.5918e-05
7.12 -0.000211712
7.13 -0.000323569
7.14 -0.000427877
7.15 -0.000521695
7.16 -0.0006028
7.17 -0.000669668
7.18 -0.000721416
7.19 -0.000757701
7.2 -0.000778623
7.21 -0.000784603
7.22 -0.000776237
7.23 -0.000754174
7.24 -0.000719068
7.25 -0.000671576
7.26 -0.000612388
7.27 -0.000542339
7.28 -0.00046254
7.29 -0.000374471
7.3 -0.000280019
7.31 -0.000181489
7.32 -8.15761e-05
7.33 1.6761e-05
7.34 0.000110515
7.35 0.00019683
7.36 0.000273191
7.37 0.000337615
7.38 0.000388774
7.39 0.000426038
7.4 0.000449446
7.41 0.000459611
7.42 0.000457588
7.43 0.000444677
7.44 0.000422211
7.45 0.000391444
7.46 0.000353482
7.47 0.000309226
7.48 0.000259353
7.49 0.000204298
7.5 0.000144255
7.51 7.92253e-05
7.52 9.1167e-06
7.53 -6.61291e-05
7.54 -0.000146417
7.55 -0.000231441
7.56 -0.000320717
7.57 -0.000413665
7.58 -0.000509628
7.59 -0.000607881
7.6 -0.000707675
7.61 -0.000808193
7.62 -0.000908404
7.63 -0.00100691
7.64 -0.00110194
7.65 -0.00119137
7.66 -0.00127279
7.67 -0.00134344
7.68 -0.00140027
7.69 -0.00144005
7.7 -0.0014595
7.71 -0.00145549
7.72 -0.00142551
7.73 -0.00136792
7.74 -0.00128221
7.75 -0.00116903
7.76 -0.00103017
7.77 -0.00086841
7.78 -0.000687334
7.79 -0.000491234
7.8 -0.000285001
7.81 -7.3958e-05
7.82 0.000136329
7.83 0.000340189
7.84 0.000531979
7.85 0.00070628
7.86 0.000858098
7.87 0.000982994
7.88 0.00107725
7.89 0.00113805
7.9 0.00116361
7.91 0.00115322
7.92 0.00110728
7.93 0.00102733
7.94 0.000915978
7.95 0.000776797
7.96 0.000614197
7.97 0.00043327
7.98 0.000239653
7.99 3.93356e-05
8 -0.000161602
8.01 -0.000357239
8.02 -0.000541983
8.03 -0.000710737
8.04 -0.000859079
8.05 -0.000983421
8.06 -0.00108111
8.07 -0.00115044
8.08 -0.0011906
8.09 -0.00120153
8.1 -0.00118389
8.11 -0.00113878
8.12 -0.00106765
8.13 -0.000972166
8.14 -0.000854238
8.15 -0.000715996
8.16 -0.000559753
8.17 -0.000388017
8.18 -0.000203517
8.19 -9.2285e-06
8.2 0.000191645
8.21 0.000395689
8.22 0.000599278
8.23 0.000798676
8.24 0.000990174
8.25 0.00117015
8.26 0.00133509
8.27 0.00148169
8.28 0.00160689
8.29 0.00170794
8.3 0.00178238
8.31 0.00182802
8.32 0.00184285
8.33 0.00182509
8.34 0.0017733
8.35 0.00168651
8.36 0.00156438
8.37 0.00140745
8.38 0.00121731
8.39 0.000996723
8.4 0.000749714
8.41 0.000481468
8.42 0.000198111
8.43 -9.35233e-05
8.44 -0.000386102
8.45 -0.000671978
8.46 -0.000943379
8.47 -0.00119263
8.48 -0.00141239
8.49 -0.00159595
8.5 -0.00173748
8.51 -0.00183223
8.52 -0.0018768
8.53 -0.00186931
8.54 -0.00180959
8.55 -0.00169919
8.56 -0.00154127
8.57 -0.00134036
8.58 -0.00110216
8.59 -0.000833346
8.6 -0.000541269
8.61 -0.000233725
8.62 8.13609e-05
8.63 0.000396228
8.64 0.000703521
8.65 0.000996483
8.66 0.00126912
8.67 0.00151627
8.68 0.00173364
8.69 0.00191781
8.7 0.0020662
8.71 0.00217712
8.72 0.00224976
8.73 0.00228402
8.74 0.00228056
8.75 0.00224069
8.76 0.00216633
8.77 0.00205984
8.78 0.00192397
8.79 0.00176184
8.8 0.00157687
8.81 0.00137266
8.82 0.00115304
8.83 0.000922002
8.84 0.000683846
8.85 0.000443112
8.86 0.000204496
8.87 -2.72843e-05
8.88 -0.000247615
8.89 -0.000452019
8.9 -0.0006362
8.91 -0.000796161
8.92 -0.000928347
8.93 -0.00102978
8.94 -0.00109822
8.95 -0.00113232
8.96 -0.00113163
8.97 -0.00109667
8.98 -0.00102884
8.99 -0.000930469
9 -0.000804799
9.01 -0.000655964
9.02 -0.000488867
9.03 -0.000309069
9.04 -0.000122593
9.05 6.43786e-05
9.06 0.00024579
9.07 0.000415949
9.08 0.00056969
9.09 0.000702486
9.1 0.000810508
9.11 0.000890633
9.12 0.000940474
9.13 0.00095845
9.14 0.000943798
9.15 0.000896593
9.16 0.000817828
9.17 0.000709497
9.18 0.000574646
9.19 0.000417336
9.2 0.000242563
9.21 5.61914e-05
9.22 -0.000135186
9.23 -0.000324478
9.24 -0.000504433
9.25 -0.000668051
9.26 -0.000809001
9.27 -0.000921915
9.28 -0.00100262
9.29 -0.00104833
9.3 -0.00105761
9.31 -0.00103021
9.32 -0.000966875
9.33 -0.000869342
9.34 -0.000740227
9.35 -0.000582922
9.36 -0.000401501
9.37 -0.000200607
9.38 1.46771e-05
9.39 0.000238961
9.4 0.000466599
9.41 0.000691746
9.42 0.00090844
9.43 0.00111068
9.44 0.00129247
9.45 0.00144799
9.46 0.00157176
9.47 0.00165901
9.48 0.00170585
9.49 0.00170958
9.5 0.00166886
9.51 0.00158382
9.52 0.00145605
9.53 0.00128854
9.54 0.00108546
9.55 0.000851893
9.56 0.000593577
9.57 0.000316681
9.58 2.75195e-05
9.59 -0.000267649
9.6 -0.000562729
9.61 -0.000851821
9.62 -0.00112926
9.63 -0.00138961
9.64 -0.00162768
9.65 -0.00183854
9.66 -0.00201767
9.67 -0.00216105
9.68 -0.00226525
9.69 -0.00232758
9.7 -0.00234621
9.71 -0.00232038
9.72 -0.00225044
9.73 -0.00213794
9.74 -0.00198563
9.75 -0.00179743
9.76 -0.00157837
9.77 -0.00133438
9.78 -0.00107215
9.79 -0.000798879
9.8 -0.000522156
9.81 -0.000249739
9.82 1.06678e-05
9.83 0.000251631
9.84 0.000466171
9.85 0.000647954
9.86 0.000791524
9.87 0.000892526
9.88 0.000947863
9.89 0.000955746
9.9 0.000915731
9.91 0.000828817
9.92 0.000697452
9.93 0.00052542
9.94 0.000317726
9.95 8.04467e-05
9.96 -0.000179516
9.97 -0.000454778
9.98 -0.000737804
9.99 -0.00102117
10 -0.00129778
10.01 -0.00156099
10.02 -0.00180483
10.03 -0.00202415
10.04 -0.00221462
10.05 -0.00237264
10.06 -0.00249534
10.07 -0.00258053
10.08 -0.00262679
10.09 -0.00263348
10.1 -0.00260077
10.11 -0.00252965
10.12 -0.00242199
10.13 -0.00228064
10.14 -0.00210938
10.15 -0.0019128
10.16 -0.00169614
10.17 -0.00146515
10.18 -0.00122577
10.19 -0.000983945
10.2 -0.000745421
10.21 -0.000515594
10.22 -0.000299473
10.23 -0.000101592
10.24 7.40942e-05
10.25 0.000224253
10.26 0.000346164
10.27 0.000437748
10.28 0.00049762
10.29 0.000525139
10.3 0.000520428
10.31 0.000484383
10.32 0.000418726
10.33 0.000325973
10.34 0.000209304
10.35 7.24131e-05
10.36 -8.05756e-05
10.37 -0.0002452
10.38 -0.000416787
10.39 -0.00059055
10.4 -0.000761685
10.41 -0.00092544
10.42 -0.00107716
10.43 -0.00121237
10.44 -0.00132683
10.45 -0.00141668
10.46 -0.00147852
10.47 -0.00150962
10.48 -0.00150812
10.49 -0.00147312
10.5 -0.00140481
10.51 -0.00130455
10.52 -0.00117475
10.53 -0.00101879
10.54 -0.000840879
10.55 -0.000645816
10.56 -0.000438815
10.57 -0.00022535
10.58 -1.10194e-05
10.59 0.000198632
10.6 0.000398272
10.61 0.000582869
10.62 0.000747775
10.63 0.000888823
10.64 0.00100239
10.65 0.00108546
10.66 0.00113571
10.67 0.00115159
10.68 0.00113237
10.69 0.00107831
10.7 0.000990624
10.71 0.000871573
10.72 0.000724271
10.73 0.000552601
10.74 0.000361107
10.75 0.000154822
10.76 -6.08871e-05
10.77 -0.000280424
10.78 -0.000498078
10.79 -0.000708173
10.8 -0.000905237
10.81 -0.00108417
10.82 -0.00124032
10.83 -0.00136961
10.84 -0.00146864
10.85 -0.00153479
10.86 -0.00156635
10.87 -0.00156259
10.88 -0.00152375
10.89 -0.00145098
10.9 -0.00134632
10.91 -0.00121256
10.92 -0.00105312
10.93 -0.000871849
10.94 -0.000672835
10.95 -0.000460308
10.96 -0.000238533
10.97 -1.17446e-05
10.98 0.000215897
10.99 0.000440315
11 0.000657506
11.01 0.000863596
11.02 0.00105492
11.03 0.00122806
11.04 0.00137987
11.05 0.00150762
11.06 0.00160907
11.07 0.00168258
11.08 0.00172713
11.09 0.00174231
11.1 0.00172841
11.11 0.00168642
11.12 0.0016181
11.13 0.00152587
11.14 0.00141277
11.15 0.00128225
11.16 0.0011382
11.17 0.000984901
11.18 0.000827007
11.19 0.000669414
11.2 0.000517149
11.21 0.000375214
11.22 0.000248447
11.23 0.000141332
11.24 5.76969e-05
11.25 4.17421e-07
11.26 -2.87627e-05
11.27 -2.92758e-05
11.28 -1.65049e-06
11.29 5.26394e-05
11.3 0.000131348
11.31 0.000231594
11.32 0.000350009
11.33 0.000482911
11.34 0.000626503
11.35 0.000777102
11.36 0.000931286
11.37 0.00108589
11.38 0.00123793
11.39 0.00138455
11.4 0.00152302
11.41 0.00165079
11.42 0.00176537
11.43 0.00186436
11.44 0.00194553
11.45 0.0020069
11.46 0.00204691
11.47 0.00206457
11.48 0.00205957
11.49 0.0020324
11.5 0.00198447
11.51 0.00191803
11.52 0.00183606
11.53 0.00174209
11.54 0.00164
11.55 0.00153384
11.56 0.00142757
11.57 0.00132481
11.58 0.00122878
11.59 0.00114222
11.6 0.0010675
11.61 0.00100666
11.62 0.000961389
11.63 0.000932974
11.64 0.000922298
11.65 0.000929798
11.66 0.000955426
11.67 0.000998693
11.68 0.00105867
11.69 0.00113392
11.7 0.0012225
11.71 0.00132196
11.72 0.00142933
11.73 0.00154123
11.74 0.00165388
11.75 0.00176324
11.76 0.001865
11.77 0.00195464
11.78 0.00202749
11.79 0.0020789
11.8 0.00210463
11.81 0.00210113
11.82 0.00206587
11.83 0.00199741
11.84 0.00189549
11.85 0.00176097
11.86 0.00159578
11.87 0.00140264
11.88 0.00118499
11.89 0.000946901
11.9 0.000692942
11.91 0.000428108
11.92 0.000157678
11.93 -0.000112923
11.94 -0.000378274
11.95 -0.000633092
11.96 -0.000872383
11.97 -0.00109156
11.98 -0.00128646
11.99 -0.00145336
12 -0.00158908
12.01 -0.00169104
12.02 -0.00175734
12.03 -0.00178668
12.04 -0.00177839
12.05 -0.00173248
12.06 -0.00164974
12.07 -0.00153177
12.08 -0.00138106
12.09 -0.00120109
12.1 -0.000996255
12.11 -0.000771743
12.12 -0.000533401
12.13 -0.000287652
12.14 -4.13676e-05
12.15 0.000198341
12.16 0.000424369
12.17 0.000629884
12.18 0.000808611
12.19 0.000955013
12.2 0.00106438
12.21 0.00113303
12.22 0.00115843
12.23 0.0011393
12.24 0.00107548
12.25 0.000967954
12.26 0.000818941
12.27 0.000631805
12.28 0.000410927
12.29 0.000161593
12.3 -0.000110149
12.31 -0.000397655
12.32 -0.000693775
12.33 -0.000990976
12.34 -0.00128156
12.35 -0.00155792
12.36 -0.00181272
12.37 -0.00203903
12.38 -0.00223046
12.39 -0.0023814
12.4 -0.00248717
12.41 -0.00254415
12.42 -0.00255001
12.43 -0.00250385
12.44 -0.00240613
12.45 -0.00225854
12.46 -0.00206406
12.47 -0.00182671
12.48 -0.00155125
12.49 -0.00124291
12.5 -0.000907164
12.51 -0.000549603
12.52 -0.000175834
12.53 0.000208552
12.54 0.000597923
12.55 0.000986527
12.56 0.00136851
12.57 0.00173798
12.58 0.00208919
12.59 0.00241674
12.6 0.00271585
12.61 0.00298244
12.62 0.00321314
12.63 0.00340523
12.64 0.00355664
12.65 0.00366607
12.66 0.00373306
12.67 0.00375779
12.68 0.00374106
12.69 0.0036842
12.7 0.00358905
12.71 0.003458
12.72 0.00329403
12.73 0.00310073
12.74 0.00288221
12.75 0.00264312
12.76 0.00238856
12.77 0.00212404
12.78 0.00185525
12.79 0.00158802
12.8 0.00132805
12.81 0.00108079
12.82 0.000851171
12.83 0.000643507
12.84 0.000461445
12.85 0.000307955
12.86 0.000185337
12.87 9.52168e-05
12.88 3.8602e-05
12.89 1.59511e-05
12.9 2.71468e-05
12.91 7.14122e-05
12.92 0.000147239
12.93 0.00025235
12.94 0.000383717
12.95 0.000537612
12.96 0.000709685
12.97 0.000895099
12.98 0.0010887
12.99 0.00128517
13 0.00147916
13.01 0.00166554
13.02 0.00183962
13.03 0.00199725
13.04 0.00213494
13.05 0.00224977
13.06 0.00233938
13.07 0.00240191
13.08 0.00243603
13.09 0.00244083
13.1 0.00241587
13.11 0.00236117
13.12 0.00227726
13.13 0.00216534
13.14 0.0020273
13.15 0.00186576
13.16 0.00168408
13.17 0.00148631
13.18 0.00127702
13.19 0.00106121
13.2 0.000844079
13.21 0.000630807
13.22 0.000426403
13.23 0.000235555
13.24 6.25101e-05
13.25 -8.90418e-05
13.26 -0.000216081
13.27 -0.000316319
13.28 -0.000388267
13.29 -0.000431264
13.3 -0.000445472
13.31 -0.000431901
13.32 -0.000392431
13.33 -0.000329741
13.34 -0.000247166
13.35 -0.000148535
13.36 -3.79862e-05
13.37 8.02335e-05
13.38 0.000201903
13.39 0.000322925
13.4 0.000439449
13.41 0.000547995
13.42 0.000645553
13.43 0.000729665
13.44 0.00079848
13.45 0.000850781
13.46 0.000886007
13.47 0.000904241
13.48 0.000906153
13.49 0.00089293
13.5 0.000866226
13.51 0.00082808
13.52 0.000780838
13.53 0.000727105
13.54 0.000669724
13.55 0.000611695
13.56 0.000556053
13.57 0.000505746
13.58 0.000463448
13.59 0.000431393
13.6 0.000411333
13.61 0.000404544
13.62 0.000411876
13.63 0.000433806
13.64 0.000470426
13.65 0.000521413
13.66 0.0005861
13.67 0.000663527
13.68 0.000752402
13.69 0.000851027
13.7 0.000957307
13.71 0.00106883
13.72 0.00118293
13.73 0.00129676
13.74 0.00140726
13.75 0.00151124
13.76 0.0016054
13.77 0.00168639
13.78 0.00175084
13.79 0.00179541
13.8 0.0018169
13.81 0.00181218
13.82 0.0017784
13.83 0.00171328
13.84 0.0016156
13.85 0.00148561
13.86 0.00132505
13.87 0.00113692
13.88 0.000925052
13.89 0.000693763
13.9 0.000447741
13.91 0.000191991
13.92 -6.82936e-05
13.93 -0.000327919
13.94 -0.000581824
13.95 -0.000825179
13.96 -0.00105347
13.97 -0.00126258
13.98 -0.00144887
13.99 -0.00160936
14 -0.00174179
14.01 -0.00184468
14.02 -0.00191731
14.03 -0.00195971
14.04 -0.00197255
14.05 -0.00195718
14.06 -0.00191562
14.07 -0.00185063
14.08 -0.00176561
14.09 -0.00166462
14.1 -0.00155227
14.11 -0.00143366
14.12 -0.00131428
14.13 -0.00119984
14.14 -0.00109621
14.15 -0.00100921
14.16 -0.000944469
14.17 -0.000907154
14.18 -0.000901689
14.19 -0.000931591
14.2 -0.000999418
14.21 -0.00110675
14.22 -0.00125419
14.23 -0.00144139
14.24 -0.00166715
14.25 -0.00192945
14.26 -0.00222551
14.27 -0.00255183
14.28 -0.00290414
14.29 -0.00327748
14.3 -0.00366621
14.31 -0.00406407
14.32 -0.00446432
14.33 -0.00485984
14.34 -0.00524345
14.35 -0.00560823
14.36 -0.00594786
14.37 -0.00625692
14.38 -0.00653108
14.39 -0.00676709
14.4 -0.00696278
14.41 -0.00711704
14.42 -0.00722978
14.43 -0.00730182
14.44 -0.00733469
14.45 -0.00733042
14.46 -0.00729135
14.47 -0.00722024
14.48 -0.00712024
14.49 -0.00699491
14.5 -0.00684826
14.51 -0.00668472
14.52 -0.00650918
14.53 -0.00632685
14.54 -0.00614314
14.55 -0.00596353
14.56 -0.00579336
14.57 -0.00563769
14.58 -0.00550118
14.59 -0.00538794
14.6 -0.0053013
14.61 -0.00524362
14.62 -0.00521608
14.63 -0.00521853
14.64 -0.00524932
14.65 -0.00530528
14.66 -0.00538181
14.67 -0.00547322
14.68 -0.00557324
14.69 -0.00567556
14.7 -0.00577418
14.71 -0.00586352
14.72 -0.00593818
14.73 -0.00599257
14.74 -0.00602067
14.75 -0.00601615
14.76 -0.00597305
14.77 -0.00588634
14.78 -0.00575222
14.79 -0.00556815
14.8 -0.00533279
14.81 -0.00504602
14.82 -0.004709
14.83 -0.00432411
14.84 -0.00389494
14.85 -0.00342614
14.86 -0.00292335
14.87 -0.00239295
14.88 -0.00184186
14.89 -0.00127725
14.9 -0.000706361
14.91 -0.000136338
14.92 0.000425879
14.93 0.000973746
14.94 0.00150126
14.95 0.00200302
14.96 0.00247425
14.97 0.00291071
14.98 0.00330851
14.99 0.00366393
15 0.00397304
15.01 0.00423156
15.02 0.00443496
15.03 0.00457886
15.04 0.0046596
15.05 0.00467434
15.06 0.00462096
15.07 0.00449818
15.08 0.00430592
15.09 0.00404577
15.1 0.00372095
15.11 0.00333616
15.12 0.00289741
15.13 0.00241182
15.14 0.0018875
15.15 0.00133344
15.16 0.000759433
15.17 0.000175998
15.18 -0.000405796
15.19 -0.000974578
15.2 -0.00151907
15.21 -0.00202869
15.22 -0.00249405
15.23 -0.00290721
15.24 -0.00326179
15.25 -0.00355322
15.26 -0.00377899
15.27 -0.0039387
15.28 -0.00403403
15.29 -0.00406823
15.3 -0.00404569
15.31 -0.00397156
15.32 -0.00385157
15.33 -0.00369194
15.34 -0.00349938
15.35 -0.00328126
15.36 -0.00304564
15.37 -0.0028011
15.38 -0.00255636
15.39 -0.00231992
15.4 -0.00209978
15.41 -0.00190312
15.42 -0.00173603
15.43 -0.00160334
15.44 -0.0015085
15.45 -0.00145353
15.46 -0.00143897
15.47 -0.00146378
15.48 -0.00152533
15.49 -0.00161927
15.5 -0.00173966
15.51 -0.00187902
15.52 -0.00202879
15.53 -0.00217992
15.54 -0.00232337
15.55 -0.00245045
15.56 -0.00255302
15.57 -0.00262359
15.58 -0.00265559
15.59 -0.00264348
15.6 -0.00258284
15.61 -0.00247053
15.62 -0.00230465
15.63 -0.00208463
15.64 -0.00181116
15.65 -0.00148616
15.66 -0.00111273
15.67 -0.000695117
15.68 -0.000238617
15.69 0.000250544
15.7 0.00076537
15.71 0.00129835
15.72 0.00184168
15.73 0.00238751
15.74 0.00292811
15.75 0.0034561
15.76 0.00396455
15.77 0.00444711
15.78 0.00489816
15.79 0.00531282
15.8 0.0056871
15.81 0.00601778
15.82 0.00630254
15.83 0.00653987
15.84 0.00672905
15.85 0.00687016
15.86 0.00696414
15.87 0.0070129
15.88 0.00701927
15.89 0.00698684
15.9 0.00691981
15.91 0.0068229
15.92 0.00670142
15.93 0.00656124
15.94 0.00640862
15.95 0.00624983
15.96 0.00609092
15.97 0.0059375
15.98 0.00579456
15.99 0.00566633
16 0.00555611
16.01 0.00546609
16.02 0.00539722
16.03 0.00534904
16.04 0.00531966
16.05 0.00530585
16.06 0.00530336
16.07 0.00530734
16.08 0.00531285
16.09 0.00531504
16.1 0.00530928
16.11 0.00529126
16.12 0.00525702
16.13 0.00520298
16.14 0.00512601
16.15 0.00502347
16.16 0.00489326
16.17 0.00473391
16.18 0.00454455
16.19 0.00432501
16.2 0.00407586
16.21 0.00379854
16.22 0.00349547
16.23 0.00317006
16.24 0.00282687
16.25 0.00247157
16.26 0.00211088
16.27 0.00175225
16.28 0.00140346
16.29 0.00107219
16.3 0.000765762
16.31 0.000490965
16.32 0.000253856
16.33 5.96304e-05
16.34 -8.75119e-05
16.35 -0.000184478
16.36 -0.000229387
16.37 -0.000221637
16.38 -0.000161881
16.39 -5.19246e-05
16.4 0.000105362
16.41 0.000306068
16.42 0.000545247
16.43 0.000816991
16.44 0.00111461
16.45 0.00143088
16.46 0.00175816
16.47 0.00208869
16.48 0.00241472
16.49 0.00272869
16.5 0.00302344
16.51 0.00329232
16.52 0.00352943
16.53 0.00372975
16.54 0.00388929
16.55 0.00400508
16.56 0.0040752
16.57 0.00409872
16.58 0.00407576
16.59 0.00400743
16.6 0.00389573
16.61 0.00374346
16.62 0.00355411
16.63 0.00333165
16.64 0.0030805
16.65 0.0028053
16.66 0.00251088
16.67 0.00220208
16.68 0.00188361
16.69 0.00155999
16.7 0.00123548
16.71 0.000914327
16.72 0.000600899
16.73 0.000299746
16.74 1.55826e-05
16.75 -0.000246865
16.76 -0.000483126
16.77 -0.000689225
16.78 -0.000861774
16.79 -0.000998006
16.8 -0.00109582
16.81 -0.00115388
16.82 -0.00117178
16.83 -0.00114997
16.84 -0.00108978
16.85 -0.000993358
16.86 -0.000863761
16.87 -0.000704887
16.88 -0.000521438
16.89 -0.000318817
16.9 -0.000102997
16.91 0.000119675
16.92 0.000342692
16.93 0.000559636
16.94 0.000764424
16.95 0.000951456
16.96 0.00111571
16.97 0.00125289
16.98 0.00135952
16.99 0.00143303
17 0.00147175
17.01 0.00147497
17.02 0.00144285
17.03 0.00137643
17.04 0.00127743
17.05 0.0011483
17.06 0.000992193
17.07 0.000812923
17.08 0.000614893
17.09 0.000402889
17.1 0.000181911
17.11 -4.29387e-05
17.12 -0.000266538
17.13 -0.000483857
17.14 -0.000690059
17.15 -0.00088064
17.16 -0.00105156
17.17 -0.00119934
17.18 -0.00132114
17.19 -0.00141477
17.2 -0.00147868
17.21 -0.00151207
17.22 -0.00151484
17.23 -0.00148766
17.24 -0.00143197
17.25 -0.00134991
17.26 -0.00124432
17.27 -0.00111866
17.28 -0.000976953
17.29 -0.000823651
17.3 -0.000663452
17.31 -0.000501154
17.32 -0.000341538
17.33 -0.000189263
17.34 -4.8803e-05
17.35 7.55553e-05
17.36 0.000179735
17.37 0.000259892
17.38 0.000312443
17.39 0.000334118
17.4 0.000322016
17.41 0.000273611
17.42 0.000186867
17.43 6.0523e-05
17.44 -0.000105572
17.45 -0.000310251
17.46 -0.000550957
17.47 -0.000823779
17.48 -0.00112358
17.49 -0.00144427
17.5 -0.00177922
17.51 -0.00212155
17.52 -0.00246436
17.53 -0.00280091
17.54 -0.00312478
17.55 -0.00342984
17.56 -0.00371039
17.57 -0.00396118
17.58 -0.00417753
17.59 -0.00435539
17.6 -0.00449137
17.61 -0.00458266
17.62 -0.00462719
17.63 -0.00462359
17.64 -0.00457131
17.65 -0.00447062
17.66 -0.00432264
17.67 -0.00412942
17.68 -0.00389384
17.69 -0.00361959
17.7 -0.00331127
17.71 -0.00297444
17.72 -0.00261554
17.73 -0.00224182
17.74 -0.00186107
17.75 -0.0014812
17.76 -0.0011098
17.77 -0.000753812
17.78 -0.000419293
17.79 -0.000111208
17.8 0.000166581
17.81 0.000411244
17.82 0.00062087
17.83 0.000794403
17.84 0.000931647
17.85 0.00103328
17.86 0.00110079
17.87 0.00113634
17.88 0.00114261
17.89 0.00112263
17.9 0.00107954
17.91 0.00101649
17.92 0.000936536
17.93 0.000842806
17.94 0.000738529
17.95 0.000626996
17.96 0.000511435
17.97 0.000394946
17.98 0.000280464
17.99 0.000170724
18 6.82389e-05
18.01 -2.47108e-05
18.02 -0.000106134
18.03 -0.000174362
18.04 -0.000228024
18.05 -0.000266038
18.06 -0.000287645
18.07 -0.000292463
18.08 -0.000280562
18.09 -0.000252471
18.1 -0.000209142
18.11 -0.000151927
18.12 -8.25008e-05
18.13 -2.75379e-06
18.14 8.52935e-05
18.15 0.000179582
18.16 0.0002781
18.17 0.000378946
18.18 0.000480357
18.19 0.000580735
18.2 0.000678701
18.21 0.00077311
18.22 0.000862957
18.23 0.000947302
18.24 0.00102527
18.25 0.00109603
18.26 0.00115887
18.27 0.0012132
18.28 0.00125873
18.29 0.0012954
18.3 0.0013234
18.31 0.0013432
18.32 0.00135556
18.33 0.00136141
18.34 0.00136178
18.35 0.00135775
18.36 0.00135032
18.37 0.00134044
18.38 0.00132897
18.39 0.0013168
18.4 0.0013049
18.41 0.0012943
18.42 0.00128615
18.43 0.00128171
18.44 0.00128242
18.45 0.00128977
18.46 0.00130535
18.47 0.00133069
18.48 0.00136722
18.49 0.00141611
18.5 0.00147822
18.51 0.0015539
18.52 0.00164298
18.53 0.00174476
18.54 0.00185799
18.55 0.00198097
18.56 0.00211153
18.57 0.0022472
18.58 0.00238528
18.59 0.00252305
18.6 0.00265787
18.61 0.00278723
18.62 0.00290883
18.63 0.00302062
18.64 0.00312082
18.65 0.00320792
18.66 0.00328063
18.67 0.00333771
18.68 0.00337789
18.69 0.00339963
18.7 0.00340105
18.71 0.00337993
18.72 0.0033338
18.73 0.00326008
18.74 0.00315651
18.75 0.00302155
18.76 0.00285457
18.77 0.00265581
18.78 0.00242624
18.79 0.00216759
18.8 0.00188222
18.81 0.00157302
18.82 0.00124336
18.83 0.000896976
18.84 0.00053784
18.85 0.000170118
18.86 -0.000201962
18.87 -0.000574161
18.88 -0.000942251
18.89 -0.00130204
18.9 -0.00164931
18.91 -0.00197981
18.92 -0.00228921
18.93 -0.00257311
18.94 -0.00282724
18.95 -0.00304773
18.96 -0.00323149
18.97 -0.00337643
18.98 -0.00348148
18.99 -0.0035468
19 -0.00357384
19.01 -0.0035653
19.02 -0.00352506
19.03 -0.00345793
19.04 -0.00336944
19.05 -0.00326541
19.06 -0.00315165
19.07 -0.00303384
19.08 -0.00291729
19.09 -0.00280684
19.1 -0.00270689
19.11 -0.00262144
19.12 -0.00255423
19.13 -0.00250877
19.14 -0.00248815
19.15 -0.00249488
19.16 -0.00253059
19.17 -0.00259581
19.18 -0.00268968
19.19 -0.0028099
19.2 -0.00295272
19.21 -0.00311315
19.22 -0.00328525
19.23 -0.00346238
19.24 -0.00363763
19.25 -0.00380437
19.26 -0.00395678
19.27 -0.00409021
19.28 -0.00420114
19.29 -0.0042869
19.3 -0.00434543
19.31 -0.00437502
19.32 -0.00437443
19.33 -0.00434281
19.34 -0.00427966
19.35 -0.00418475
19.36 -0.0040582
19.37 -0.00390057
19.38 -0.00371306
19.39 -0.00349768
19.4 -0.00325714
19.41 -0.00299473
19.42 -0.00271414
19.43 -0.00241946
19.44 -0.00211509
19.45 -0.00180556
19.46 -0.00149548
19.47 -0.00118944
19.48 -0.000891839
19.49 -0.000606878
19.5 -0.000338525
19.51 -9.04996e-05
19.52 0.000133866
19.53 0.000331733
19.54 0.000500706
19.55 0.000638698
19.56 0.000743884
19.57 0.000814861
19.58 0.000850867
19.59 0.000851884
19.6 0.000818625
19.61 0.000752486
19.62 0.000655512
19.63 0.000530406
19.64 0.000380492
19.65 0.000209612
19.66 2.19815e-05
19.67 -0.000177916
19.68 -0.000385432
19.69 -0.000595918
19.7 -0.000804884
19.71 -0.00100806
19.72 -0.00120143
19.73 -0.00138136
19.74 -0.00154453
19.75 -0.00168794
19.76 -0.00180889
19.77 -0.00190497
19.78 -0.00197428
19.79 -0.00201552
19.8 -0.00202808
19.81 -0.00201205
19.82 -0.0019683
19.83 -0.00189844
19.84 -0.00180484
19.85 -0.00169057
19.86 -0.00155934
19.87 -0.00141538
19.88 -0.00126324
19.89 -0.00110761
19.9 -0.000953121
19.91 -0.000804174
19.92 -0.000664791
19.93 -0.000538495
19.94 -0.000428337
19.95 -0.000336967
19.96 -0.00026664
19.97 -0.000219218
19.98 -0.000196181
19.99 -0.000198615
20 -0.000227153
20.01 -0.00028189
20.02 -0.00036232
20.03 -0.000467191
20.04 -0.000594303
20.05 -0.000740444
20.06 -0.000901518
20.07 -0.00107267
20.08 -0.00124839
20.09 -0.00142268
20.1 -0.00158923
20.11 -0.00174163
20.12 -0.00187382
20.13 -0.00198039
20.14 -0.00205668
20.15 -0.00209888
20.16 -0.0021041
20.17 -0.00207049
20.18 -0.0019974
20.19 -0.00188537
20.2 -0.00173617
20.21 -0.00155274
20.22 -0.00133901
20.23 -0.00109964
20.24 -0.000839782
20.25 -0.000565011
20.26 -0.000281284
20.27 5.1616e-06
20.28 0.000287925
20.29 0.000560594
20.3 0.000816894
20.31 0.00105083
20.32 0.0012569
20.33 0.00143021
20.34 0.00156666
20.35 0.00166313
20.36 0.0017176
20.37 0.00172931
20.38 0.00169887
20.39 0.00162831
20.4 0.00152097
20.41 0.00138142
20.42 0.00121527
20.43 0.0010289
20.44 0.000829247
20.45 0.000623486
20.46 0.000418742
20.47 0.000221985
20.48 3.99386e-05
20.49 -0.000121073
20.5 -0.000255283
20.51 -0.000357648
20.52 -0.000423931
20.53 -0.000450778
20.54 -0.000435844
20.55 -0.000377849
20.56 -0.000276615
20.57 -0.000133163
20.58 5.01789e-05
20.59 0.000269697
20.6 0.000520356
20.61 0.000795972
20.62 0.00108947
20.63 0.00139327
20.64 0.00169958
20.65 0.00200059
20.66 0.00228875
20.67 0.00255692
20.68 0.00279867
20.69 0.0030084
20.7 0.00318148
20.71 0.00331437
20.72 0.00340467
20.73 0.00345107
20.74 0.00345335
20.75 0.00341234
20.76 0.00332991
20.77 0.00320896
20.78 0.00305342
20.79 0.00286822
20.8 0.00265922
20.81 0.00243317
20.82 0.00219758
20.83 0.00196042
20.84 0.0017298
20.85 0.0015135
20.86 0.00131866
20.87 0.00115152
20.88 0.00101727
20.89 0.000919847
20.9 0.000861908
20.91 0.000844908
20.92 0.000869214
20.93 0.000934131
20.94 0.00103796
20.95 0.00117801
20.96 0.00135058
20.97 0.00155098
20.98 0.00177362
20.99 0.00201212
21 0.00225944
21.01 0.00250803
21.02 0.00274999
21.03 0.00297733
21.04 0.00318229
21.05 0.00335773
21.06 0.00349741
21.07 0.00359607
21.08 0.00364957
21.09 0.00365488
21.1 0.00361022
21.11 0.00351521
21.12 0.00337103
21.13 0.00318036
21.14 0.00294728
21.15 0.00267705
21.16 0.00237588
21.17 0.00205066
21.18 0.00170883
21.19 0.00135811
21.2 0.00100628
21.21 0.000661055
21.22 0.000329868
21.23 1.97042e-05
21.24 -0.000263033
21.25 -0.000512616
21.26 -0.000724059
21.27 -0.000893169
21.28 -0.00101663
21.29 -0.00109208
21.3 -0.00111823
21.31 -0.00109487
21.32 -0.00102305
21.33 -0.000905132
21.34 -0.000744694
21.35 -0.000546497
21.36 -0.000316346
21.37 -6.09647e-05
21.38 0.000212159
21.39 0.00049498
21.4 0.000779103
21.41 0.00105598
21.42 0.00131721
21.43 0.00155487
21.44 0.00176172
21.45 0.00193144
21.46 0.00205886
21.47 0.00214012
21.48 0.00217262
21.49 0.00215503
21.5 0.00208727
21.51 0.0019704
21.52 0.00180672
21.53 0.00159969
21.54 0.00135381
21.55 0.0010745
21.56 0.000767852
21.57 0.000440479
21.58 9.92314e-05
21.59 -0.000249
21.6 -0.000597416
21.61 -0.000939382
21.62 -0.00126846
21.63 -0.00157847
21.64 -0.00186356
21.65 -0.00211823
21.66 -0.00233747
21.67 -0.00251694
21.68 -0.00265314
21.69 -0.00274354
21.7 -0.00278675
21.71 -0.00278261
21.72 -0.0027321
21.73 -0.00263726
21.74 -0.00250103
21.75 -0.00232715
21.76 -0.00211997
21.77 -0.00188434
21.78 -0.00162554
21.79 -0.00134918
21.8 -0.00106119
21.81 -0.000767811
21.82 -0.000475524
21.83 -0.000190973
21.84 7.91823e-05
21.85 0.000328468
21.86 0.000550789
21.87 0.000740593
21.88 0.000893007
21.89 0.00100399
21.9 0.0010705
21.91 0.00109073
21.92 0.00106407
21.93 0.000991261
21.94 0.000874334
21.95 0.000716538
21.96 0.000522062
21.97 0.000295774
21.98 4.3001e-05
21.99 -0.000230698
22 -0.000519741
22.01 -0.000818644
22.02 -0.00112208
22.03 -0.00142485
22.04 -0.00172175
22.05 -0.0020075
22.06 -0.00227653
22.07 -0.00252309
22.08 -0.00274151
22.09 -0.00292656
22.1 -0.00307372
22.11 -0.00317924
22.12 -0.00324033
22.13 -0.00325523
22.14 -0.00322337
22.15 -0.00314545
22.16 -0.00302342
22.17 -0.00286046
22.18 -0.00266082
22.19 -0.00242967
22.2 -0.00217287
22.21 -0.00189671
22.22 -0.00160769
22.23 -0.00131231
22.24 -0.00101695
22.25 -0.000727799
22.26 -0.000450718
22.27 -0.000191186
22.28 4.57715e-05
22.29 0.00025561
22.3 0.000434265
22.31 0.00057813
22.32 0.000684133
22.33 0.000749866
22.34 0.000773725
22.35 0.000754995
22.36 0.000693922
22.37 0.000591786
22.38 0.000450931
22.39 0.000274732
22.4 6.75069e-05
22.41 -0.000165565
22.42 -0.000418551
22.43 -0.000684965
22.44 -0.000957988
22.45 -0.00123062
22.46 -0.00149579
22.47 -0.00174644
22.48 -0.00197575
22.49 -0.00217725
22.5 -0.00234507
22.51 -0.00247395
22.52 -0.00255939
22.53 -0.00259783
22.54 -0.00258675
22.55 -0.00252486
22.56 -0.00241211
22.57 -0.00224955
22.58 -0.00203938
22.59 -0.0017849
22.6 -0.00149044
22.61 -0.00116123
22.62 -0.000803275
22.63 -0.000423307
22.64 -2.86708e-05
22.65 0.000372845
22.66 0.000773168
22.67 0.00116406
22.68 0.00153727
22.69 0.0018849
22.7 0.00219976
22.71 0.00247569
22.72 0.0027077
22.73 0.00289202
22.74 0.00302612
22.75 0.0031088
22.76 0.00314009
22.77 0.00312118
22.78 0.00305433
22.79 0.00294282
22.8 0.00279092
22.81 0.0026038
22.82 0.00238741
22.83 0.00214825
22.84 0.00189321
22.85 0.00162943
22.86 0.00136409
22.87 0.0011042
22.88 0.000856464
22.89 0.000627046
22.9 0.000421409
22.91 0.000244152
22.92 9.89122e-05
22.93 -1.17036e-05
22.94 -8.61469e-05
22.95 -0.000123962
22.96 -0.000125783
22.97 -9.32586e-05
22.98 -2.88574e-05
22.99 6.442e-05
23 0.000183327
23.01 0.000324469
23.02 0.000484279
23.03 0.000659049
23.04 0.000844993
23.05 0.00103827
23.06 0.00123496
23.07 0.00143101
23.08 0.00162218
23.09 0.00180405
23.1 0.00197229
23.11 0.00212284
23.12 0.00225205
23.13 0.0023569
23.14 0.00243499
23.15 0.0024847
23.16 0.00250512
23.17 0.00249605
23.18 0.00245812
23.19 0.00239272
23.2 0.00230198
23.21 0.00218867
23.22 0.00205602
23.23 0.00190765
23.24 0.00174751
23.25 0.0015798
23.26 0.00140874
23.27 0.0012386
23.28 0.00107364
23.29 0.000918066
23.3 0.000775869
23.31 0.000650739
23.32 0.000545961
23.33 0.00046425
23.34 0.000407647
23.35 0.000377501
23.36 0.000374387
23.37 0.000398049
23.38 0.000447441
23.39 0.000520741
23.4 0.000615325
23.41 0.00072783
23.42 0.000854277
23.43 0.000990213
23.44 0.00113084
23.45 0.00127112
23.46 0.00140603
23.47 0.00153085
23.48 0.0016414
23.49 0.00173415
23.5 0.00180633
23.51 0.00185583
23.52 0.00188125
23.53 0.00188182
23.54 0.00185742
23.55 0.00180863
23.56 0.00173664
23.57 0.00164326
23.58 0.0015309
23.59 0.00140251
23.6 0.0012614
23.61 0.00111121
23.62 0.000955799
23.63 0.000799196
23.64 0.000645494
23.65 0.000498746
23.66 0.000362816
23.67 0.000241208
23.68 0.0001369
23.69 5.22706e-05
23.7 -1.09612e-05
23.71 -5.17848e-05
23.72 -6.99168e-05
23.73 -6.58071e-05
23.74 -4.06322e-05
23.75 3.71973e-06
23.76 6.46374e-05
23.77 0.000138789
23.78 0.000222193
23.79 0.000310349
23.8 0.000398454
23.81 0.000481695
23.82 0.000555486
23.83 0.000615593
23.84 0.000658227
23.85 0.000680129
23.86 0.000678645
23.87 0.000651776
23.88 0.000598196
23.89 0.000517238
23.9 0.000408828
23.91 0.000273396
23.92 0.000111845
23.93 -7.43653e-05
23.94 -0.000283168
23.95 -0.000511888
23.96 -0.000757237
23.97 -0.0010153
23.98 -0.00128152
23.99 -0.00155074
24 -0.00181729
24.01 -0.00207519
24.02 -0.00231843
24.03 -0.00254106
24.04 -0.00273726
24.05 -0.00290134
24.06 -0.00302786
24.07 -0.0031118
24.08 -0.00314895
24.09 -0.00313626
24.1 -0.00307196
24.11 -0.00295575
24.12 -0.00278887
24.13 -0.00257419
24.14 -0.00231619
24.15 -0.00202092
24.16 -0.00169576
24.17 -0.00134907
24.18 -0.000989812
24.19 -0.000627146
24.2 -0.000270271
24.21 7.18022e-05
24.22 0.000390454
24.23 0.00067765
24.24 0.000926152
24.25 0.00112971
24.26 0.00128318
24.27 0.00138255
24.28 0.00142504
24.29 0.00140911
24.3 0.00133436
24.31 0.00120164
24.32 0.00101319
24.33 0.000772735
24.34 0.000485634
24.35 0.000158854
24.36 -0.000199261
24.37 -0.000579387
24.38 -0.000971557
24.39 -0.00136545
24.4 -0.00175074
24.41 -0.00211741
24.42 -0.00245615
24.43 -0.0027586
24.44 -0.00301759
24.45 -0.00322723
24.46 -0.00338295
24.47 -0.00348154
24.48 -0.00352114
24.49 -0.00350126
24.5 -0.00342283
24.51 -0.00328819
24.52 -0.00310096
24.53 -0.00286607
24.54 -0.00258962
24.55 -0.00227875
24.56 -0.0019414
24.57 -0.0015862
24.58 -0.00122226
24.59 -0.00085896
24.6 -0.000505515
24.61 -0.000170745
24.62 0.00013712
24.63 0.000410601
24.64 0.000643201
24.65 0.000829688
24.66 0.000966286
24.67 0.00105071
24.68 0.00108216
24.69 0.00106138
24.7 0.000990598
24.71 0.000873339
24.72 0.000714312
24.73 0.000519179
24.74 0.000294406
24.75 4.71591e-05
24.76 -0.000214859
24.77 -0.000483654
24.78 -0.000751277
24.79 -0.00101012
24.8 -0.00125302
24.81 -0.00147346
24.82 -0.00166574
24.83 -0.00182516
24.84 -0.00194806
24.85 -0.00203186
24.86 -0.00207504
24.87 -0.00207721
24.88 -0.00203909
24.89 -0.00196259
24.9 -0.0018507
24.91 -0.00170751
24.92 -0.00153795
24.93 -0.00134766
24.94 -0.00114281
24.95 -0.000929853
24.96 -0.000715385
24.97 -0.000505955
24.98 -0.000307893
24.99 -0.000127063
25 3.1322e-05
