0.01 3.15159e-09
0.02 1.51147e-08
0.03 3.70614e-08
0.04 6.62881e-08
0.05 1.00057e-07
0.06 1.35656e-07
0.07 1.7046e-07
0.08 2.01959e-07
0.09 2.27779e-07
0.1 2.45716e-07
0.11 2.53784e-07
0.12 2.50246e-07
0.13 2.33593e-07
0.14 2.02513e-07
0.15 1.55889e-07
0.16 9.28734e-08
0.17 1.29386e-08
0.18 -8.4104e-08
0.19 -1.98098e-07
0.2 -3.28536e-07
0.21 -4.74567e-07
0.22 -6.35007e-07
0.23 -8.08371e-07
0.24 -9.92916e-07
0.25 -1.1867e-06
0.26 -1.3877e-06
0.27 -1.59384e-06
0.28 -1.80293e-06
0.29 -2.01241e-06
0.3 -2.21935e-06
0.31 -2.4204e-06
0.32 -2.61179e-06
0.33 -2.78925e-06
0.34 -2.94793e-06
0.35 -3.0828e-06
0.36 -3.18886e-06
0.37 -3.26143e-06
0.38 -3.29675e-06
0.39 -3.29279e-06
0.4 -3.24984e-06
0.41 -3.17086e-06
0.42 -3.06087e-06
0.43 -2.92633e-06
0.44 -2.77508e-06
0.45 -2.61605e-06
0.46 -2.45866e-06
0.47 -2.31227e-06
0.48 -2.18542e-06
0.49 -2.08553e-06
0.5 -2.01864e-06
0.51 -1.9896e-06
0.52 -2.00229e-06
0.53 -2.0591e-06
0.54 -2.1612e-06
0.55 -2.30893e-06
0.56 -2.50133e-06
0.57 -2.73635e-06
0.58 -3.01133e-06
0.59 -3.32303e-06
0.6 -3.66754e-06
0.61 -4.04038e-06
0.62 -4.43658e-06
0.63 -4.85073e-06
0.64 -5.27723e-06
0.65 -5.71041e-06
0.66 -6.14477e-06
0.67 -6.57512e-06
0.68 -6.99672e-06
0.69 -7.40532e-06
0.7 -7.797e-06
0.71 -8.16793e-06
0.72 -8.51393e-06
0.73 -8.82991e-06
0.74 -9.10927e-06
0.75 -9.34344e-06
0.76 -9.52173e-06
0.77 -9.63179e-06
0.78 -9.66103e-06
0.79 -9.59897e-06
0.8 -9.43899e-06
0.81 -9.17877e-06
0.82 -8.82004e-06
0.83 -8.36765e-06
0.84 -7.82974e-06
0.85 -7.21903e-06
0.86 -6.5519e-06
0.87 -5.84425e-06
0.88 -5.10756e-06
0.89 -4.34806e-06
0.9 -3.56881e-06
0.91 -2.77154e-06
0.92 -1.95778e-06
0.93 -1.13084e-06
0.94 -2.98423e-07
0.95 5.26314e-07
0.96 1.32433e-06
0.97 2.07184e-06
0.98 2.74552e-06
0.99 3.32801e-06
1 3.80994e-06
1.01 4.18936e-06
1.02 4.47178e-06
1.03 4.66901e-06
1.04 4.79647e-06
1.05 4.87072e-06
1.06 4.90593e-06
1.07 4.91211e-06
1.08 4.89633e-06
1.09 4.86544e-06
1.1 4.82679e-06
1.11 4.78671e-06
1.12 4.75158e-06
1.13 4.72955e-06
1.14 4.72976e-06
1.15 4.76089e-06
1.16 4.82919e-06
1.17 4.93585e-06
1.18 5.07481e-06
1.19 5.23462e-06
1.2 5.40201e-06
1.21 5.56062e-06
1.22 5.68991e-06
1.23 5.76831e-06
1.24 5.77905e-06
1.25 5.71809e-06
1.26 5.59867e-06
1.27 5.44613e-06
1.28 5.28798e-06
1.29 5.15077e-06
1.3 5.05887e-06
1.31 5.02931e-06
1.32 5.06907e-06
1.33 5.17774e-06
1.34 5.35287e-06
1.35 5.5935e-06
1.36 5.90044e-06
1.37 6.27616e-06
1.38 6.72415e-06
1.39 7.24764e-06
1.4 7.84748e-06
1.41 8.51917e-06
1.42 9.24909e-06
1.43 1.00107e-05
1.44 1.0761e-05
1.45 1.14399e-05
1.46 1.19719e-05
1.47 1.22744e-05
1.48 1.22657e-05
1.49 1.1867e-05
1.5 1.10074e-05
1.51 9.62908e-06
1.52 7.69035e-06
1.53 5.17312e-06
1.54 2.09094e-06
1.55 -1.50408e-06
1.56 -5.51998e-06
1.57 -9.83597e-06
1.58 -1.43131e-05
1.59 -1.8803e-05
1.6 -2.31624e-05
1.61 -2.72623e-05
1.62 -3.09864e-05
1.63 -3.42337e-05
1.64 -3.69201e-05
1.65 -3.89784e-05
1.66 -4.03619e-05
1.67 -4.10463e-05
1.68 -4.1028e-05
1.69 -4.0318e-05
1.7 -3.89382e-05
1.71 -3.69204e-05
1.72 -3.43057e-05
1.73 -3.1141e-05
1.74 -2.74749e-05
1.75 -2.33531e-05
1.76 -1.88223e-05
1.77 -1.39362e-05
1.78 -8.7508e-06
1.79 -3.31759e-06
1.8 2.31452e-06
1.81 8.09529e-06
1.82 1.39739e-05
1.83 1.98977e-05
1.84 2.58032e-05
1.85 3.16115e-05
1.86 3.72344e-05
1.87 4.25851e-05
1.88 4.75856e-05
1.89 5.21686e-05
1.9 5.62787e-05
1.91 5.98725e-05
1.92 6.29199e-05
1.93 6.5402e-05
1.94 6.72977e-05
1.95 6.8569e-05
1.96 6.91598e-05
1.97 6.90028e-05
1.98 6.80245e-05
1.99 6.61577e-05
2 6.33629e-05
2.01 5.96463e-05
2.02 5.50618e-05
2.03 4.97062e-05
2.04 4.37145e-05
2.05 3.72479e-05
2.06 3.04804e-05
2.07 2.35866e-05
2.08 1.67229e-05
2.09 1.00144e-05
2.1 3.5505e-06
2.11 -2.61256e-06
2.12 -8.45509e-06
2.13 -1.39985e-05
2.14 -1.92934e-05
2.15 -2.44067e-05
2.16 -2.94171e-05
2.17 -3.44078e-05
2.18 -3.94628e-05
2.19 -4.46733e-05
2.2 -5.0143e-05
2.21 -5.59807e-05
2.22 -6.22874e-05
2.23 -6.9149e-05
2.24 -7.66295e-05
2.25 -8.47755e-05
2.26 -9.36108e-05
2.27 -0.00010311
2.28 -0.000113194
2.29 -0.000123742
2.3 -0.000134602
2.31 -0.000145587
2.32 -0.000156477
2.33 -0.000167007
2.34 -0.000176868
2.35 -0.000185716
2.36 -0.000193189
2.37 -0.000198919
2.38 -0.000202551
2.39 -0.000203745
2.4 -0.000202198
2.41 -0.000197692
2.42 -0.000190109
2.43 -0.000179422
2.44 -0.000165669
2.45 -0.000148952
2.46 -0.000129431
2.47 -0.000107334
2.48 -8.29581e-05
2.49 -5.66431e-05
2.5 -2.8753e-05
2.51 3.44551e-07
2.52 3.02853e-05
2.53 6.07002e-05
2.54 9.12168e-05
2.55 0.000121471
2.56 0.000151107
2.57 0.000179754
2.58 0.000207012
2.59 0.000232454
2.6 0.00025564
2.61 0.000276135
2.62 0.000293543
2.63 0.000307525
2.64 0.000317819
2.65 0.000324243
2.66 0.000326698
2.67 0.000325161
2.68 0.000319678
2.69 0.000310347
2.7 0.000297309
2.71 0.00028076
2.72 0.000260945
2.73 0.000238157
2.74 0.000212751
2.75 0.00018514
2.76 0.000155773
2.77 0.000125126
2.78 9.37162e-05
2.79 6.21069e-05
2.8 3.08917e-05
2.81 6.80492e-07
2.82 -2.79413e-05
2.83 -5.44517e-05
2.84 -7.84057e-05
2.85 -9.94419e-05
2.86 -0.000117283
2.87 -0.000131744
2.88 -0.000142753
2.89 -0.000150339
2.9 -0.000154607
2.91 -0.00015573
2.92 -0.000153945
2.93 -0.000149539
2.94 -0.000142836
2.95 -0.000134181
2.96 -0.00012393
2.97 -0.000112413
2.98 -9.99199e-05
2.99 -8.67056e-05
3 -7.30012e-05
3.01 -5.90193e-05
3.02 -4.49729e-05
3.03 -3.10894e-05
3.04 -1.76134e-05
3.05 -4.8109e-06
3.06 7.02821e-06
3.07 1.75903e-05
3.08 2.65468e-05
3.09 3.3576e-05
3.1 3.83997e-05
3.11 4.08145e-05
3.12 4.07123e-05
3.13 3.80955e-05
3.14 3.30625e-05
3.15 2.57768e-05
3.16 1.64542e-05
3.17 5.36131e-06
3.18 -7.19287e-06
3.19 -2.08777e-05
3.2 -3.53696e-05
3.21 -5.0344e-05
3.22 -6.54437e-05
3.23 -8.02756e-05
3.24 -9.44152e-05
3.25 -0.000107422
3.26 -0.000118859
3.27 -0.000128282
3.28 -0.000135234
3.29 -0.000139281
3.3 -0.000140056
3.31 -0.000137241
3.32 -0.000130574
3.33 -0.000119897
3.34 -0.000105204
3.35 -8.66662e-05
3.36 -6.46373e-05
3.37 -3.96423e-05
3.38 -1.23499e-05
3.39 1.64427e-05
3.4 4.58338e-05
3.41 7.4851e-05
3.42 0.000102499
3.43 0.00012781
3.44 0.000149882
3.45 0.000167891
3.46 0.000181122
3.47 0.000189015
3.48 0.00019122
3.49 0.000187618
3.5 0.000178318
3.51 0.000163632
3.52 0.000144064
3.53 0.000120279
3.54 9.30648e-05
3.55 6.32599e-05
3.56 3.16859e-05
3.57 -8.73839e-07
3.58 -3.36432e-05
3.59 -6.58553e-05
3.6 -9.68015e-05
3.61 -0.000125863
3.62 -0.000152511
3.63 -0.000176312
3.64 -0.000196938
3.65 -0.000214168
3.66 -0.000227893
3.67 -0.000238128
3.68 -0.00024501
3.69 -0.000248774
3.7 -0.000249698
3.71 -0.000248079
3.72 -0.000244251
3.73 -0.000238555
3.74 -0.000231305
3.75 -0.000222797
3.76 -0.000213315
3.77 -0.00020312
3.78 -0.000192438
3.79 -0.000181471
3.8 -0.000170384
3.81 -0.000159275
3.82 -0.000148193
3.83 -0.000137157
3.84 -0.000126162
3.85 -0.000115181
3.86 -0.00010422
3.87 -9.3362e-05
3.88 -8.27846e-05
3.89 -7.27746e-05
3.9 -6.37195e-05
3.91 -5.61013e-05
3.92 -5.04864e-05
3.93 -4.74824e-05
3.94 -4.7684e-05
3.95 -5.16375e-05
3.96 -5.98115e-05
3.97 -7.25504e-05
3.98 -9.00128e-05
3.99 -0.000112135
4 -0.000138633
4.01 -0.00016902
4.02 -0.000202618
4.03 -0.000238592
4.04 -0.000275963
4.05 -0.000313623
4.06 -0.000350365
4.07 -0.000384883
4.08 -0.000415782
4.09 -0.000441616
4.1 -0.000460948
4.11 -0.000472429
4.12 -0.00047492
4.13 -0.000467589
4.14 -0.000449959
4.15 -0.000421963
4.16 -0.000384005
4.17 -0.000336958
4.18 -0.000282095
4.19 -0.000221011
4.2 -0.00015557
4.21 -8.78159e-05
4.22 -1.9855e-05
4.23 4.62704e-05
4.24 0.000108689
4.25 0.000165707
4.26 0.000215794
4.27 0.000257633
4.28 0.000290169
4.29 0.00031264
4.3 0.000324603
4.31 0.000325924
4.32 0.000316749
4.33 0.000297493
4.34 0.000268846
4.35 0.000231782
4.36 0.000187543
4.37 0.000137587
4.38 8.35426e-05
4.39 2.71385e-05
4.4 -2.98336e-05
4.41 -8.55465e-05
4.42 -0.000138183
4.43 -0.000186001
4.44 -0.000227378
4.45 -0.000260881
4.46 -0.000285352
4.47 -0.000299984
4.48 -0.00030432
4.49 -0.000298211
4.5 -0.000281733
4.51 -0.000255158
4.52 -0.000218992
4.53 -0.000174002
4.54 -0.00012119
4.55 -6.17609e-05
4.56 2.91346e-06
4.57 7.13239e-05
4.58 0.00014185
4.59 0.000212806
4.6 0.000282479
4.61 0.000349194
4.62 0.000411392
4.63 0.000467657
4.64 0.000516734
4.65 0.000557566
4.66 0.000589328
4.67 0.000611476
4.68 0.000623782
4.69 0.000626296
4.7 0.000619294
4.71 0.000603201
4.72 0.000578556
4.73 0.000546015
4.74 0.000506325
4.75 0.000460246
4.76 0.000408537
4.77 0.000351984
4.78 0.000291407
4.79 0.000227671
4.8 0.000161666
4.81 9.42476e-05
4.82 2.62268e-05
4.83 -4.15751e-05
4.84 -0.000108353
4.85 -0.000173379
4.86 -0.000235998
4.87 -0.000295559
4.88 -0.000351409
4.89 -0.000402942
4.9 -0.000449612
4.91 -0.000490904
4.92 -0.000526333
4.93 -0.000555468
4.94 -0.000577959
4.95 -0.000593555
4.96 -0.000602087
4.97 -0.000603453
4.98 -0.000597606
4.99 -0.000584553
5 -0.00056437
5.01 -0.000537235
5.02 -0.000503494
5.03 -0.000463695
5.04 -0.000418597
5.05 -0.000369147
5.06 -0.00031648
5.07 -0.000261916
5.08 -0.000206893
5.09 -0.000152886
5.1 -0.000101398
5.11 -5.39163e-05
5.12 -1.18239e-05
5.13 2.36624e-05
5.14 5.15245e-05
5.15 7.10058e-05
5.16 8.16772e-05
5.17 8.34777e-05
5.18 7.66789e-05
5.19 6.18255e-05
5.2 3.97208e-05
5.21 1.14068e-05
5.22 -2.19069e-05
5.23 -5.89351e-05
5.24 -9.83786e-05
5.25 -0.000138929
5.26 -0.000179233
5.27 -0.000217888
5.28 -0.00025349
5.29 -0.0002847
5.3 -0.000310295
5.31 -0.000329187
5.32 -0.000340485
5.33 -0.000343583
5.34 -0.000338221
5.35 -0.000324476
5.36 -0.000302777
5.37 -0.000273951
5.38 -0.000239179
5.39 -0.000199857
5.4 -0.000157494
5.41 -0.00011364
5.42 -6.98312e-05
5.43 -2.74949e-05
5.44 1.21254e-05
5.45 4.80076e-05
5.46 7.93583e-05
5.47 0.00010558
5.48 0.000126223
5.49 0.000140977
5.5 0.000149707
5.51 0.000152478
5.52 0.000149502
5.53 0.000141087
5.54 0.000127634
5.55 0.000109664
5.56 8.77928e-05
5.57 6.26532e-05
5.58 3.48302e-05
5.59 4.87228e-06
5.6 -2.66672e-05
5.61 -5.91976e-05
5.62 -9.20859e-05
5.63 -0.00012468
5.64 -0.000156303
5.65 -0.000186292
5.66 -0.000214023
5.67 -0.000238891
5.68 -0.000260287
5.69 -0.000277598
5.7 -0.000290203
5.71 -0.00029748
5.72 -0.000298808
5.73 -0.000293616
5.74 -0.000281426
5.75 -0.000261851
5.76 -0.000234628
5.77 -0.000199682
5.78 -0.00015716
5.79 -0.000107473
5.8 -5.13156e-05
5.81 1.03302e-05
5.82 7.61881e-05
5.83 0.00014469
5.84 0.000214028
5.85 0.000282245
5.86 0.000347311
5.87 0.000407187
5.88 0.000459889
5.89 0.000503562
5.9 0.000536542
5.91 0.000557438
5.92 0.000565195
5.93 0.000559097
5.94 0.000538793
5.95 0.000504333
5.96 0.000456218
5.97 0.000395458
5.98 0.000323533
5.99 0.000242314
6 0.000154009
6.01 6.1067e-05
6.02 -3.39478e-05
6.03 -0.000128439
6.04 -0.000219819
6.05 -0.000305577
6.06 -0.000383366
6.07 -0.000451123
6.08 -0.000507148
6.09 -0.000550123
6.1 -0.000579082
6.11 -0.000593405
6.12 -0.000592848
6.13 -0.000577529
6.14 -0.000547866
6.15 -0.000504495
6.16 -0.000448212
6.17 -0.00037989
6.18 -0.000300385
6.19 -0.000210514
6.2 -0.00011113
6.21 -3.16452e-06
6.22 0.000112403
6.23 0.000234555
6.24 0.000362183
6.25 0.00049407
6.26 0.000628937
6.27 0.000765464
6.28 0.000902309
6.29 0.00103817
6.3 0.00117183
6.31 0.00130213
6.32 0.00142809
6.33 0.00154882
6.34 0.0016636
6.35 0.00177181
6.36 0.00187291
6.37 0.00196628
6.38 0.00205115
6.39 0.00212656
6.4 0.0021915
6.41 0.00224496
6.42 0.00228604
6.43 0.00231408
6.44 0.00232872
6.45 0.00233001
6.46 0.00231847
6.47 0.00229501
6.48 0.00226076
6.49 0.00221699
6.5 0.00216487
6.51 0.00210536
6.52 0.00203908
6.53 0.00196638
6.54 0.00188726
6.55 0.0018014
6.56 0.00170811
6.57 0.00160655
6.58 0.00149582
6.59 0.00137513
6.6 0.00124399
6.61 0.00110237
6.62 0.000950738
6.63 0.00079006
6.64 0.000621766
6.65 0.000447594
6.66 0.000269411
6.67 8.91055e-05
6.68 -9.14532e-05
6.69 -0.000270437
6.7 -0.000446088
6.71 -0.000616717
6.72 -0.000780702
6.73 -0.000936524
6.74 -0.00108276
6.75 -0.00121804
6.76 -0.00134103
6.77 -0.00145042
6.78 -0.00154502
6.79 -0.00162369
6.8 -0.00168543
6.81 -0.00172943
6.82 -0.00175519
6.83 -0.00176258
6.84 -0.00175182
6.85 -0.00172356
6.86 -0.00167885
6.87 -0.00161911
6.88 -0.0015461
6.89 -0.00146181
6.9 -0.00136828
6.91 -0.00126753
6.92 -0.0011614
6.93 -0.00105152
6.94 -0.000939233
6.95 -0.00082561
6.96 -0.000711522
6.97 -0.00059777
6.98 -0.00048525
6.99 -0.000375073
7 -0.000268604
7.01 -0.000167485
7.02 -7.35878e-05
7.03 1.1181e-05
7.04 8.50657e-05
7.05 0.000146623
7.06 0.000194892
7.07 0.000229504
7.08 0.000250688
7.09 0.000259231
7.1 0.000256387
7.11 0.000243761
7.12 0.000223147
7.13 0.000196282
7.14 0.000164618
7.15 0.000129232
7.16 9.08262e-05
7.17 4.9785e-05
7.18 6.257e-06
7.19 -3.97315e-05
7.2 -8.81757e-05
7.21 -0.000138984
7.22 -0.000191845
7.23 -0.000246129
7.24 -0.000300875
7.25 -0.000354822
7.26 -0.000406476
7.27 -0.000454267
7.28 -0.000496735
7.29 -0.000532665
7.3 -0.000561191
7.31 -0.000581868
7.32 -0.000594704
7.33 -0.000600105
7.34 -0.000598721
7.35 -0.000591305
7.36 -0.00057858
7.37 -0.000561091
7.38 -0.000539116
7.39 -0.000512643
7.4 -0.00048141
7.41 -0.000444992
7.42 -0.00040292
7.43 -0.000354857
7.44 -0.000300777
7.45 -0.000241037
7.46 -0.000176412
7.47 -0.000108107
7.48 -3.77372e-05
7.49 3.27056e-05
7.5 0.000100888
7.51 0.00016423
7.52 0.000220042
7.53 0.000265697
7.54 0.000298784
7.55 0.000317211
7.56 0.000319208
7.57 0.000303283
7.58 0.00026824
7.59 0.000213203
7.6 0.000137596
7.61 4.12149e-05
7.62 -7.56044e-05
7.63 -0.000211828
7.64 -0.00036567
7.65 -0.000534659
7.66 -0.000715637
7.67 -0.000904723
7.68 -0.00109735
7.69 -0.0012884
7.7 -0.00147231
7.71 -0.00164334
7.72 -0.00179595
7.73 -0.00192524
7.74 -0.00202711
7.75 -0.00209844
7.76 -0.0021371
7.77 -0.00214188
7.78 -0.00211244
7.79 -0.00204923
7.8 -0.00195355
7.81 -0.00182745
7.82 -0.00167364
7.83 -0.00149543
7.84 -0.0012967
7.85 -0.00108175
7.86 -0.000855171
7.87 -0.000621749
7.88 -0.000386316
7.89 -0.000153576
7.9 7.20384e-05
7.91 0.000286451
7.92 0.000486042
7.93 0.000667742
7.94 0.000829073
7.95 0.000968147
7.96 0.00108366
7.97 0.00117487
7.98 0.00124162
7.99 0.00128424
8 0.00130348
8.01 0.00130036
8.02 0.00127611
8.03 0.00123216
8.04 0.00117001
8.05 0.00109113
8.06 0.000996983
8.07 0.000888962
8.08 0.000768501
8.09 0.000637147
8.1 0.000496643
8.11 0.000349044
8.12 0.000196834
8.13 4.29169e-05
8.14 -0.000109489
8.15 -0.000256928
8.16 -0.000395787
8.17 -0.000522422
8.18 -0.000633309
8.19 -0.000725196
8.2 -0.000795198
8.21 -0.000840912
8.22 -0.000860533
8.23 -0.000852864
8.24 -0.00081728
8.25 -0.000753767
8.26 -0.000662972
8.27 -0.000546189
8.28 -0.000405328
8.29 -0.000242927
8.3 -6.21694e-05
8.31 0.000133085
8.32 0.000338263
8.33 0.000548136
8.34 0.000756974
8.35 0.000958751
8.36 0.0011474
8.37 0.00131715
8.38 0.00146279
8.39 0.00157998
8.4 0.0016654
8.41 0.00171688
8.42 0.00173331
8.43 0.00171456
8.44 0.00166147
8.45 0.00157583
8.46 0.00146028
8.47 0.00131833
8.48 0.00115412
8.49 0.000972346
8.5 0.000777984
8.51 0.000576188
8.52 0.000372049
8.53 0.000170357
8.54 -2.46032e-05
8.55 -0.000209155
8.56 -0.000380223
8.57 -0.000535257
8.58 -0.000672188
8.59 -0.000789388
8.6 -0.000885616
8.61 -0.000959956
8.62 -0.00101172
8.63 -0.00104037
8.64 -0.00104542
8.65 -0.00102649
8.66 -0.000983262
8.67 -0.000915547
8.68 -0.000823374
8.69 -0.00070708
8.7 -0.000567393
8.71 -0.000405409
8.72 -0.000222635
8.73 -2.10892e-05
8.74 0.000196721
8.75 0.000427854
8.76 0.000668913
8.77 0.000916022
8.78 0.0011649
8.79 0.001411
8.8 0.00164955
8.81 0.0018757
8.82 0.00208457
8.83 0.00227156
8.84 0.0024325
8.85 0.00256382
8.86 0.00266264
8.87 0.00272675
8.88 0.00275467
8.89 0.00274569
8.9 0.00269998
8.91 0.00261855
8.92 0.00250315
8.93 0.00235619
8.94 0.00218061
8.95 0.00197972
8.96 0.00175711
8.97 0.00151658
8.98 0.00126208
8.99 0.000997608
9 0.000727032
9.01 0.000454007
9.02 0.000181905
9.03 -8.62494e-05
9.04 -0.00034777
9.05 -0.000600199
9.06 -0.000841206
9.07 -0.00106854
9.08 -0.00128001
9.09 -0.00147357
9.1 -0.00164733
9.11 -0.0017997
9.12 -0.00192945
9.13 -0.00203566
9.14 -0.00211779
9.15 -0.00217564
9.16 -0.00220928
9.17 -0.0022189
9.18 -0.00220469
9.19 -0.00216679
9.2 -0.00210528
9.21 -0.00202006
9.22 -0.00191088
9.23 -0.00177736
9.24 -0.00161923
9.25 -0.00143646
9.26 -0.00122963
9.27 -0.000999955
9.28 -0.000749453
9.29 -0.000480963
9.3 -0.000198048
9.31 9.5292e-05
9.32 0.000394821
9.33 0.00069615
9.34 0.000994834
9.35 0.00128647
9.36 0.0015668
9.37 0.0018317
9.38 0.00207734
9.39 0.00230019
9.4 0.00249701
9.41 0.00266479
9.42 0.00280073
9.43 0.00290225
9.44 0.00296689
9.45 0.00299237
9.46 0.00297668
9.47 0.0029183
9.48 0.00281636
9.49 0.00267077
9.5 0.00248245
9.51 0.0022533
9.52 0.00198626
9.53 0.00168517
9.54 0.00135465
9.55 0.000999817
9.56 0.000626105
9.57 0.000239086
9.58 -0.000155739
9.59 -0.000553071
9.6 -0.000947853
9.61 -0.00133523
9.62 -0.00171052
9.63 -0.00206915
9.64 -0.00240659
9.65 -0.00271837
9.66 -0.0030001
9.67 -0.00324762
9.68 -0.00345698
9.69 -0.00362462
9.7 -0.00374747
9.71 -0.00382317
9.72 -0.00385017
9.73 -0.00382782
9.74 -0.00375641
9.75 -0.00363727
9.76 -0.00347276
9.77 -0.00326614
9.78 -0.00302151
9.79 -0.00274373
9.8 -0.00243831
9.81 -0.00211135
9.82 -0.00176937
9.83 -0.0014192
9.84 -0.00106783
9.85 -0.000722288
9.86 -0.000389464
9.87 -7.58557e-05
9.88 0.000212571
9.89 0.000470467
9.9 0.000693188
9.91 0.000876972
9.92 0.00101904
9.93 0.00111758
9.94 0.00117178
9.95 0.00118183
9.96 0.00114879
9.97 0.00107442
9.98 0.000961
9.99 0.0008112
10 0.000628027
10.01 0.000414767
10.02 0.000174895
10.03 -8.79894e-05
10.04 -0.000370112
10.05 -0.000667428
10.06 -0.000975559
10.07 -0.00128982
10.08 -0.00160528
10.09 -0.00191688
10.1 -0.00221952
10.11 -0.00250815
10.12 -0.00277799
10.13 -0.00302472
10.14 -0.00324458
10.15 -0.00343443
10.16 -0.00359174
10.17 -0.00371462
10.18 -0.00380168
10.19 -0.003852
10.2 -0.00386506
10.21 -0.00384077
10.22 -0.00377952
10.23 -0.00368222
10.24 -0.00355025
10.25 -0.00338551
10.26 -0.00319044
10.27 -0.00296801
10.28 -0.00272168
10.29 -0.00245525
10.3 -0.00217286
10.31 -0.00187882
10.32 -0.00157753
10.33 -0.00127332
10.34 -0.000970478
10.35 -0.000673231
10.36 -0.000385675
10.37 -0.000111694
10.38 0.000145088
10.39 0.000381374
10.4 0.000594275
10.41 0.00078138
10.42 0.000940871
10.43 0.00107158
10.44 0.00117303
10.45 0.00124539
10.46 0.00128951
10.47 0.00130669
10.48 0.00129861
10.49 0.00126715
10.5 0.00121426
10.51 0.00114188
10.52 0.00105189
10.53 0.000946165
10.54 0.000826543
10.55 0.000694931
10.56 0.000553336
10.57 0.000403842
10.58 0.00024858
10.59 8.97293e-05
10.6 -7.0486e-05
10.61 -0.000229874
10.62 -0.000386344
10.63 -0.000537949
10.64 -0.00068294
10.65 -0.000819815
10.66 -0.000947313
10.67 -0.0010644
10.68 -0.00117025
10.69 -0.0012641
10.7 -0.00134528
10.71 -0.00141307
10.72 -0.00146685
10.73 -0.0015061
10.74 -0.00153038
10.75 -0.00153944
10.76 -0.00153322
10.77 -0.00151179
10.78 -0.00147536
10.79 -0.00142429
10.8 -0.00135907
10.81 -0.00128039
10.82 -0.00118908
10.83 -0.00108608
10.84 -0.000972457
10.85 -0.000849462
10.86 -0.000718511
10.87 -0.000581251
10.88 -0.00043951
10.89 -0.000295225
10.9 -0.000150407
10.91 -7.08912e-06
10.92 0.000132796
10.93 0.000267541
10.94 0.000395758
10.95 0.000516419
10.96 0.000628852
10.97 0.000732711
10.98 0.00082792
10.99 0.00091458
11 0.000992856
11.01 0.00106293
11.02 0.001125
11.03 0.00117919
11.04 0.00122556
11.05 0.0012641
11.06 0.00129481
11.07 0.00131774
11.08 0.00133295
11.09 0.00134054
11.1 0.00134067
11.11 0.00133365
11.12 0.00131998
11.13 0.00130031
11.14 0.00127543
11.15 0.00124619
11.16 0.00121354
11.17 0.00117861
11.18 0.00114275
11.19 0.00110752
11.2 0.00107466
11.21 0.00104604
11.22 0.00102361
11.23 0.00100928
11.24 0.00100471
11.25 0.00101105
11.26 0.00102884
11.27 0.00105793
11.28 0.00109766
11.29 0.00114688
11.3 0.0012042
11.31 0.00126804
11.32 0.00133671
11.33 0.00140857
11.34 0.0014821
11.35 0.00155612
11.36 0.00162982
11.37 0.00170269
11.38 0.00177438
11.39 0.00184461
11.4 0.00191305
11.41 0.00197935
11.42 0.00204294
11.43 0.00210306
11.44 0.00215874
11.45 0.0022089
11.46 0.00225244
11.47 0.00228841
11.48 0.0023161
11.49 0.00233523
11.5 0.00234599
11.51 0.0023491
11.52 0.00234567
11.53 0.00233713
11.54 0.00232512
11.55 0.00231129
11.56 0.0022972
11.57 0.00228412
11.58 0.00227301
11.59 0.00226453
11.6 0.0022592
11.61 0.00225746
11.62 0.00225973
11.63 0.00226634
11.64 0.00227759
11.65 0.00229371
11.66 0.00231479
11.67 0.00234086
11.68 0.00237186
11.69 0.00240752
11.7 0.00244735
11.71 0.00249058
11.72 0.00253612
11.73 0.00258256
11.74 0.00262821
11.75 0.00267104
11.76 0.00270873
11.77 0.00273858
11.78 0.00275752
11.79 0.00276226
11.8 0.00274956
11.81 0.00271651
11.82 0.00266078
11.83 0.00258075
11.84 0.00247549
11.85 0.00234485
11.86 0.00218931
11.87 0.00200983
11.88 0.00180783
11.89 0.00158511
11.9 0.00134389
11.91 0.00108672
11.92 0.000816486
11.93 0.000536324
11.94 0.000249567
11.95 -4.03167e-05
11.96 -0.000329804
11.97 -0.000615371
11.98 -0.000893468
11.99 -0.00116049
12 -0.00141284
12.01 -0.00164701
12.02 -0.00185961
12.03 -0.00204735
12.04 -0.00220707
12.05 -0.00233585
12.06 -0.00243115
12.07 -0.00249091
12.08 -0.00251371
12.09 -0.00249895
12.1 -0.00244688
12.11 -0.00235861
12.12 -0.00223605
12.13 -0.00208195
12.14 -0.00189988
12.15 -0.00169417
12.16 -0.00146969
12.17 -0.00123174
12.18 -0.000985808
12.19 -0.000737441
12.2 -0.000492205
12.21 -0.000255511
12.22 -3.24257e-05
12.23 0.000172381
12.24 0.000354611
12.25 0.000510441
12.26 0.000636678
12.27 0.000730813
12.28 0.000791005
12.29 0.000816124
12.3 0.000805751
12.31 0.000760173
12.32 0.000680451
12.33 0.00056845
12.34 0.000426772
12.35 0.000258648
12.36 6.78633e-05
12.37 -0.000141249
12.38 -0.000363868
12.39 -0.00059484
12.4 -0.000828807
12.41 -0.00106032
12.42 -0.0012841
12.43 -0.00149518
12.44 -0.00168895
12.45 -0.0018611
12.46 -0.00200781
12.47 -0.00212567
12.48 -0.00221151
12.49 -0.00226232
12.5 -0.00227519
12.51 -0.00224737
12.52 -0.00217636
12.53 -0.00206004
12.54 -0.00189689
12.55 -0.00168623
12.56 -0.00142835
12.57 -0.00112454
12.58 -0.000777065
12.59 -0.000389024
12.6 3.584e-05
12.61 0.0004932
12.62 0.000978128
12.63 0.00148504
12.64 0.00200776
12.65 0.00253968
12.66 0.00307392
12.67 0.00360327
12.68 0.00412026
12.69 0.00461725
12.7 0.00508655
12.71 0.00552063
12.72 0.00591241
12.73 0.00625535
12.74 0.00654367
12.75 0.00677246
12.76 0.00693785
12.77 0.00703711
12.78 0.00706863
12.79 0.00703195
12.8 0.00692773
12.81 0.00675767
12.82 0.00652435
12.83 0.00623121
12.84 0.00588249
12.85 0.00548328
12.86 0.00503945
12.87 0.0045576
12.88 0.00404506
12.89 0.00350982
12.9 0.00296039
12.91 0.00240554
12.92 0.00185411
12.93 0.00131473
12.94 0.000795651
12.95 0.000304623
12.96 -0.00015129
12.97 -0.000565766
12.98 -0.000933277
12.99 -0.00124915
13 -0.00150962
13.01 -0.00171174
13.02 -0.00185336
13.03 -0.00193311
13.04 -0.00195045
13.05 -0.00190574
13.06 -0.00180038
13.07 -0.00163683
13.08 -0.00141862
13.09 -0.00115035
13.1 -0.000837607
13.11 -0.000486908
13.12 -0.000105454
13.13 0.000299103
13.14 0.000718882
13.15 0.00114598
13.16 0.0015727
13.17 0.00199167
13.18 0.00239598
13.19 0.00277919
13.2 0.00313543
13.21 0.00345933
13.22 0.00374613
13.23 0.00399164
13.24 0.00419237
13.25 0.00434547
13.26 0.00444881
13.27 0.00450098
13.28 0.00450125
13.29 0.00444962
13.3 0.00434677
13.31 0.00419403
13.32 0.0039933
13.33 0.00374697
13.34 0.00345802
13.35 0.00312998
13.36 0.00276696
13.37 0.00237369
13.38 0.00195547
13.39 0.00151806
13.4 0.00106761
13.41 0.000610619
13.42 0.000153809
13.43 -0.000295936
13.44 -0.000731686
13.45 -0.00114658
13.46 -0.00153394
13.47 -0.00188737
13.48 -0.00220092
13.49 -0.00246919
13.5 -0.00268746
13.51 -0.00285174
13.52 -0.00295891
13.53 -0.00300667
13.54 -0.00299357
13.55 -0.00291903
13.56 -0.00278335
13.57 -0.00258778
13.58 -0.00233458
13.59 -0.0020271
13.6 -0.00166968
13.61 -0.00126755
13.62 -0.000826658
13.63 -0.000353503
13.64 0.000144974
13.65 0.000661465
13.66 0.00118847
13.67 0.00171845
13.68 0.00224388
13.69 0.00275724
13.7 0.00325112
13.71 0.00371833
13.72 0.00415204
13.73 0.00454584
13.74 0.00489379
13.75 0.00519045
13.76 0.00543096
13.77 0.00561104
13.78 0.00572702
13.79 0.00577584
13.8 0.00575515
13.81 0.00566316
13.82 0.00549881
13.83 0.00526199
13.84 0.00495403
13.85 0.00457797
13.86 0.0041386
13.87 0.0036422
13.88 0.00309605
13.89 0.00250811
13.9 0.00188684
13.91 0.00124115
13.92 0.000580247
13.93 -8.65563e-05
13.94 -0.000750016
13.95 -0.00140107
13.96 -0.00203094
13.97 -0.00263125
13.98 -0.00319416
13.99 -0.00371252
14 -0.00418003
14.01 -0.00459134
14.02 -0.00494205
14.03 -0.00522874
14.04 -0.005449
14.05 -0.00560141
14.06 -0.00568564
14.07 -0.00570257
14.08 -0.00565423
14.09 -0.00554388
14.1 -0.00537592
14.11 -0.00515591
14.12 -0.00489044
14.13 -0.00458703
14.14 -0.00425406
14.15 -0.0039006
14.16 -0.0035362
14.17 -0.00317065
14.18 -0.00281362
14.19 -0.0024745
14.2 -0.0021622
14.21 -0.0018851
14.22 -0.00165094
14.23 -0.00146673
14.24 -0.0013387
14.25 -0.00127223
14.26 -0.00127181
14.27 -0.00134084
14.28 -0.00148154
14.29 -0.00169484
14.3 -0.0019803
14.31 -0.00233602
14.32 -0.00275863
14.33 -0.00324339
14.34 -0.00378431
14.35 -0.00437447
14.36 -0.00500631
14.37 -0.00567191
14.38 -0.00636317
14.39 -0.00707184
14.4 -0.00778964
14.41 -0.00850826
14.42 -0.0092195
14.43 -0.00991525
14.44 -0.0105875
14.45 -0.0112283
14.46 -0.0118297
14.47 -0.0123841
14.48 -0.0128842
14.49 -0.0133236
14.5 -0.0136968
14.51 -0.0139993
14.52 -0.0142278
14.53 -0.0143806
14.54 -0.014457
14.55 -0.0144577
14.56 -0.0143848
14.57 -0.0142413
14.58 -0.0140315
14.59 -0.0137606
14.6 -0.0134345
14.61 -0.0130596
14.62 -0.0126427
14.63 -0.0121905
14.64 -0.0117092
14.65 -0.0112049
14.66 -0.0106827
14.67 -0.0101477
14.68 -0.00960441
14.69 -0.00905775
14.7 -0.0085128
14.71 -0.00797481
14.72 -0.00744872
14.73 -0.00693859
14.74 -0.00644716
14.75 -0.00597582
14.76 -0.00552507
14.77 -0.005095
14.78 -0.00468548
14.79 -0.00429608
14.8 -0.00392602
14.81 -0.00357418
14.82 -0.00323919
14.83 -0.00291947
14.84 -0.00261326
14.85 -0.0023187
14.86 -0.00203382
14.87 -0.00175657
14.88 -0.00148473
14.89 -0.00121593
14.9 -0.000947565
14.91 -0.000676976
14.92 -0.000401472
14.93 -0.000118379
14.94 0.000174912
14.95 0.000480842
14.96 0.000801531
14.97 0.00113855
14.98 0.00149267
14.99 0.0018635
15 0.00224911
15.01 0.00264585
15.02 0.00304832
15.03 0.0034499
15.04 0.00384324
15.05 0.00422042
15.06 0.00457296
15.07 0.004892
15.08 0.00516883
15.09 0.00539544
15.1 0.00556476
15.11 0.00567062
15.12 0.00570786
15.13 0.00567234
15.14 0.00556108
15.15 0.00537237
15.16 0.00510596
15.17 0.00476322
15.18 0.00434715
15.19 0.00386241
15.2 0.00331506
15.21 0.00271214
15.22 0.00206127
15.23 0.00137052
15.24 0.000648314
15.25 -9.68369e-05
15.26 -0.000856606
15.27 -0.00162305
15.28 -0.00238864
15.29 -0.00314603
15.3 -0.00388775
15.31 -0.00460616
15.32 -0.00529344
15.33 -0.00594186
15.34 -0.00654396
15.35 -0.00709309
15.36 -0.00758371
15.37 -0.00801146
15.38 -0.00837305
15.39 -0.00866624
15.4 -0.00888966
15.41 -0.00904277
15.42 -0.00912572
15.43 -0.00913933
15.44 -0.009085
15.45 -0.00896473
15.46 -0.00878102
15.47 -0.00853678
15.48 -0.00823514
15.49 -0.00787926
15.5 -0.00747219
15.51 -0.00701679
15.52 -0.0065159
15.53 -0.00597261
15.54 -0.0053906
15.55 -0.00477413
15.56 -0.00412791
15.57 -0.00345704
15.58 -0.00276694
15.59 -0.00206325
15.6 -0.00135173
15.61 -0.000638201
15.62 7.15975e-05
15.63 0.000772078
15.64 0.00145794
15.65 0.00212423
15.66 0.00276638
15.67 0.00338028
15.68 0.00396225
15.69 0.00450911
15.7 0.00501816
15.71 0.00548736
15.72 0.00591534
15.73 0.00630147
15.74 0.00664585
15.75 0.00694931
15.76 0.00721339
15.77 0.00744018
15.78 0.00763233
15.79 0.00779292
15.8 0.00792536
15.81 0.00803323
15.82 0.00812022
15.83 0.00818995
15.84 0.00824588
15.85 0.00829126
15.86 0.00832916
15.87 0.00836256
15.88 0.00839432
15.89 0.00842706
15.9 0.00846307
15.91 0.00850432
15.92 0.00855261
15.93 0.00860962
15.94 0.00867692
15.95 0.00875572
15.96 0.00884672
15.97 0.00895011
15.98 0.00906547
15.99 0.00919175
16 0.00932726
16.01 0.00946956
16.02 0.0096154
16.03 0.00976063
16.04 0.00990025
16.05 0.0100285
16.06 0.0101391
16.07 0.0102258
16.08 0.0102829
16.09 0.010305
16.1 0.0102876
16.11 0.0102269
16.12 0.0101198
16.13 0.0099638
16.14 0.00975722
16.15 0.00949903
16.16 0.0091889
16.17 0.00882722
16.18 0.00841509
16.19 0.0079543
16.2 0.0074474
16.21 0.0068978
16.22 0.00630982
16.23 0.00568877
16.24 0.00504104
16.25 0.00437412
16.26 0.00369655
16.27 0.00301764
16.28 0.00234711
16.29 0.00169467
16.3 0.00106983
16.31 0.000481723
16.32 -6.10471e-05
16.33 -0.000550555
16.34 -0.000979671
16.35 -0.0013422
16.36 -0.00163299
16.37 -0.00184809
16.38 -0.00198471
16.39 -0.00204125
16.4 -0.00201723
16.41 -0.00191337
16.42 -0.00173168
16.43 -0.00147546
16.44 -0.00114921
16.45 -0.000758487
16.46 -0.000309839
16.47 0.000189356
16.48 0.00073101
16.49 0.00130645
16.5 0.00190655
16.51 0.00252184
16.52 0.00314276
16.53 0.00375979
16.54 0.00436365
16.55 0.00494536
16.56 0.0054963
16.57 0.00600832
16.58 0.00647388
16.59 0.00688609
16.6 0.00723882
16.61 0.00752671
16.62 0.00774519
16.63 0.00789053
16.64 0.00795983
16.65 0.00795104
16.66 0.00786302
16.67 0.00769549
16.68 0.00744904
16.69 0.00712509
16.7 0.00672598
16.71 0.00625519
16.72 0.00571758
16.73 0.0051194
16.74 0.00446833
16.75 0.00377327
16.76 0.00304405
16.77 0.00229113
16.78 0.00152539
16.79 0.000758052
16.8 4.84508e-07
16.81 -0.000736059
16.82 -0.0014407
16.83 -0.0021031
16.84 -0.0027136
16.85 -0.00326341
16.86 -0.00374483
16.87 -0.00415142
16.88 -0.00447814
16.89 -0.00472144
16.9 -0.00487929
16.91 -0.00495119
16.92 -0.00493807
16.93 -0.00484218
16.94 -0.00466695
16.95 -0.00441692
16.96 -0.00409767
16.97 -0.00371572
16.98 -0.00327836
16.99 -0.00279358
17 -0.00226994
17.01 -0.00171642
17.02 -0.00114234
17.03 -0.00055725
17.04 2.91689e-05
17.05 0.000607255
17.06 0.00116761
17.07 0.00170131
17.08 0.0022
17.09 0.00265602
17.1 0.00306239
17.11 0.00341295
17.12 0.00370251
17.13 0.00392692
17.14 0.0040831
17.15 0.00416915
17.16 0.00418421
17.17 0.00412856
17.18 0.00400356
17.19 0.00381166
17.2 0.00355637
17.21 0.00324219
17.22 0.00287453
17.23 0.00245953
17.24 0.00200395
17.25 0.00151507
17.26 0.00100052
17.27 0.00046812
17.28 -7.42324e-05
17.29 -0.000618699
17.3 -0.00115753
17.31 -0.00168317
17.32 -0.00218838
17.33 -0.00266632
17.34 -0.00311075
17.35 -0.00351619
17.36 -0.00387811
17.37 -0.004193
17.38 -0.00445855
17.39 -0.00467365
17.4 -0.00483842
17.41 -0.00495428
17.42 -0.0050238
17.43 -0.00505046
17.44 -0.00503823
17.45 -0.00499129
17.46 -0.00491383
17.47 -0.00480997
17.48 -0.00468364
17.49 -0.00453876
17.5 -0.0043793
17.51 -0.00420943
17.52 -0.0040335
17.53 -0.00385596
17.54 -0.00368125
17.55 -0.00351367
17.56 -0.00335714
17.57 -0.0032152
17.58 -0.00309085
17.59 -0.0029865
17.6 -0.00290385
17.61 -0.00284381
17.62 -0.00280646
17.63 -0.00279111
17.64 -0.00279634
17.65 -0.00282002
17.66 -0.0028595
17.67 -0.00291164
17.68 -0.00297296
17.69 -0.00303967
17.7 -0.00310799
17.71 -0.00317433
17.72 -0.00323548
17.73 -0.00328873
17.74 -0.0033318
17.75 -0.00336266
17.76 -0.00337934
17.77 -0.00337981
17.78 -0.00336185
17.79 -0.00332314
17.8 -0.00326131
17.81 -0.00317412
17.82 -0.00305973
17.83 -0.00291673
17.84 -0.00274425
17.85 -0.00254187
17.86 -0.00230971
17.87 -0.00204847
17.88 -0.00175954
17.89 -0.00144506
17.9 -0.00110798
17.91 -0.000752119
17.92 -0.000382039
17.93 -2.79186e-06
17.94 0.000380322
17.95 0.000761859
17.96 0.00113628
17.97 0.00149804
17.98 0.00184173
17.99 0.0021622
18 0.00245462
18.01 0.00271468
18.02 0.00293859
18.03 0.00312317
18.04 0.00326593
18.05 0.00336517
18.06 0.00341996
18.07 0.00343009
18.08 0.00339605
18.09 0.00331892
18.1 0.00320044
18.11 0.00304291
18.12 0.00284922
18.13 0.00262282
18.14 0.00236774
18.15 0.00208853
18.16 0.00179026
18.17 0.00147837
18.18 0.00115864
18.19 0.000837049
18.2 0.000519699
18.21 0.000212702
18.22 -7.80292e-05
18.23 -0.000346973
18.24 -0.000589105
18.25 -0.000799985
18.26 -0.000975831
18.27 -0.00111349
18.28 -0.00121039
18.29 -0.0012646
18.3 -0.00127487
18.31 -0.00124055
18.32 -0.00116162
18.33 -0.00103875
18.34 -0.000873324
18.35 -0.000667468
18.36 -0.000424036
18.37 -0.000146609
18.38 0.000160649
18.39 0.00049316
18.4 0.000846061
18.41 0.00121434
18.42 0.00159296
18.43 0.00197699
18.44 0.00236173
18.45 0.00274278
18.46 0.00311609
18.47 0.00347797
18.48 0.0038251
18.49 0.00415449
18.5 0.00446346
18.51 0.00474951
18.52 0.00501035
18.53 0.00524387
18.54 0.00544822
18.55 0.00562178
18.56 0.00576322
18.57 0.00587153
18.58 0.00594613
18.59 0.00598697
18.6 0.0059945
18.61 0.00596978
18.62 0.00591434
18.63 0.00583023
18.64 0.00571991
18.65 0.00558619
18.66 0.00543207
18.67 0.00526053
18.68 0.00507433
18.69 0.00487575
18.7 0.0046664
18.71 0.00444718
18.72 0.00421829
18.73 0.00397933
18.74 0.00372964
18.75 0.00346874
18.76 0.00319643
18.77 0.00291276
18.78 0.00261794
18.79 0.00231237
18.8 0.00199654
18.81 0.00167106
18.82 0.00133658
18.83 0.000993823
18.84 0.000643516
18.85 0.000286441
18.86 -7.66064e-05
18.87 -0.000444778
18.88 -0.000817103
18.89 -0.00119243
18.9 -0.00156928
18.91 -0.00194576
18.92 -0.00231945
18.93 -0.00268737
18.94 -0.00304608
18.95 -0.00339195
18.96 -0.00372151
18.97 -0.0040316
18.98 -0.0043195
18.99 -0.00458309
19 -0.00482096
19.01 -0.00503253
19.02 -0.00521791
19.03 -0.00537792
19.04 -0.00551384
19.05 -0.00562719
19.06 -0.00571956
19.07 -0.00579251
19.08 -0.00584753
19.09 -0.00588603
19.1 -0.00590943
19.11 -0.00591926
19.12 -0.00591746
19.13 -0.00590635
19.14 -0.00588856
19.15 -0.00586685
19.16 -0.00584382
19.17 -0.00582171
19.18 -0.00580207
19.19 -0.00578556
19.2 -0.005772
19.21 -0.00576041
19.22 -0.00574916
19.23 -0.00573614
19.24 -0.00571907
19.25 -0.00569582
19.26 -0.00566497
19.27 -0.0056259
19.28 -0.00557876
19.29 -0.00552409
19.3 -0.00546244
19.31 -0.00539418
19.32 -0.00531946
19.33 -0.00523822
19.34 -0.00515002
19.35 -0.00505409
19.36 -0.00494933
19.37 -0.00483445
19.38 -0.00470827
19.39 -0.00456984
19.4 -0.00441854
19.41 -0.0042539
19.42 -0.00407564
19.43 -0.00388367
19.44 -0.00367817
19.45 -0.00345947
19.46 -0.00322816
19.47 -0.00298501
19.48 -0.002731
19.49 -0.0024673
19.5 -0.00219537
19.51 -0.00191701
19.52 -0.00163424
19.53 -0.00134929
19.54 -0.00106462
19.55 -0.000783084
19.56 -0.000507996
19.57 -0.00024292
19.58 8.5592e-06
19.59 0.000242997
19.6 0.000457138
19.61 0.000647944
19.62 0.000812648
19.63 0.000948865
19.64 0.00105466
19.65 0.00112858
19.66 0.00116958
19.67 0.0011771
19.68 0.00115102
19.69 0.00109166
19.7 0.000999664
19.71 0.000876096
19.72 0.000722423
19.73 0.000540523
19.74 0.000332719
19.75 0.000101861
19.76 -0.00014862
19.77 -0.000414762
19.78 -0.000692256
19.79 -0.000976606
19.8 -0.00126323
19.81 -0.00154757
19.82 -0.00182525
19.83 -0.00209214
19.84 -0.00234446
19.85 -0.00257887
19.86 -0.00279254
19.87 -0.00298317
19.88 -0.00314892
19.89 -0.00328837
19.9 -0.00340046
19.91 -0.00348444
19.92 -0.00353983
19.93 -0.00356641
19.94 -0.0035643
19.95 -0.0035341
19.96 -0.00347697
19.97 -0.00339461
19.98 -0.0032893
19.99 -0.00316389
20 -0.00302167
20.01 -0.00286628
20.02 -0.00270154
20.03 -0.00253125
20.04 -0.00235889
20.05 -0.00218738
20.06 -0.00201916
20.07 -0.00185611
20.08 -0.00169952
20.09 -0.0015501
20.1 -0.001408
20.11 -0.00127286
20.12 -0.00114412
20.13 -0.0010212
20.14 -0.000903493
20.15 -0.000790322
20.16 -0.000680996
20.17 -0.000574889
20.18 -0.000471535
20.19 -0.000370662
20.2 -0.000272242
20.21 -0.000176508
20.22 -8.38738e-05
20.23 5.27312e-06
20.24 9.06607e-05
20.25 0.000172068
20.26 0.000249235
20.27 0.000321816
20.28 0.000389348
20.29 0.000451252
20.3 0.000506832
20.31 0.000555294
20.32 0.000595796
20.33 0.000627503
20.34 0.00064964
20.35 0.0006616
20.36 0.000663033
20.37 0.000653956
20.38 0.000634887
20.39 0.000606877
20.4 0.000571488
20.41 0.000530757
20.42 0.000487097
20.43 0.000443172
20.44 0.00040177
20.45 0.000365619
20.46 0.000337252
20.47 0.000319027
20.48 0.00031317
20.49 0.000321749
20.5 0.000346633
20.51 0.000389433
20.52 0.000451503
20.53 0.000533944
20.54 0.000637522
20.55 0.000762657
20.56 0.000909389
20.57 0.00107727
20.58 0.00126525
20.59 0.0014715
20.6 0.00169344
20.61 0.0019278
20.62 0.0021708
20.63 0.00241835
20.64 0.00266628
20.65 0.00291042
20.66 0.00314666
20.67 0.0033711
20.68 0.00358015
20.69 0.00377061
20.7 0.00393972
20.71 0.00408519
20.72 0.00420527
20.73 0.00429861
20.74 0.00436432
20.75 0.00440192
20.76 0.00441138
20.77 0.00439314
20.78 0.00434824
20.79 0.00427831
20.8 0.00418566
20.81 0.00407333
20.82 0.00394505
20.83 0.00380514
20.84 0.00365825
20.85 0.00350904
20.86 0.00336198
20.87 0.00322117
20.88 0.0030903
20.89 0.00297249
20.9 0.00287025
20.91 0.00278567
20.92 0.00272042
20.93 0.00267584
20.94 0.00265286
20.95 0.00265203
20.96 0.00267334
20.97 0.0027162
20.98 0.00277939
20.99 0.00286106
21 0.00295869
21.01 0.00306916
21.02 0.00318875
21.03 0.00331325
21.04 0.00343821
21.05 0.00355916
21.06 0.0036718
21.07 0.00377207
21.08 0.00385617
21.09 0.00392054
21.1 0.00396201
21.11 0.00397799
21.12 0.0039666
21.13 0.00392679
21.14 0.00385823
21.15 0.00376128
21.16 0.00363687
21.17 0.00348637
21.18 0.0033116
21.19 0.00311473
21.2 0.00289824
21.21 0.00266486
21.22 0.0024176
21.23 0.00215964
21.24 0.00189432
21.25 0.00162514
21.26 0.00135579
21.27 0.00109012
21.28 0.000832091
21.29 0.000585697
21.3 0.000354864
21.31 0.000143329
21.32 -4.5561e-05
21.33 -0.000208978
21.34 -0.000344692
21.35 -0.000451122
21.36 -0.000527369
21.37 -0.000573247
21.38 -0.000589304
21.39 -0.000576785
21.4 -0.000537613
21.41 -0.000474353
21.42 -0.000390068
21.43 -0.000288159
21.44 -0.000172271
21.45 -4.61622e-05
21.46 8.64639e-05
21.47 0.000222016
21.48 0.000357003
21.49 0.000488032
21.5 0.000611793
21.51 0.000725088
21.52 0.00082496
21.53 0.000908766
21.54 0.000974189
21.55 0.00101924
21.56 0.00104227
21.57 0.00104191
21.58 0.001017
21.59 0.000966611
21.6 0.000890059
21.61 0.000787013
21.62 0.000657621
21.63 0.000502597
21.64 0.000323293
21.65 0.00012175
21.66 -9.93205e-05
21.67 -0.000336673
21.68 -0.000586643
21.69 -0.000845277
21.7 -0.00110853
21.71 -0.00137239
21.72 -0.00163287
21.73 -0.00188602
21.74 -0.00212794
21.75 -0.00235477
21.76 -0.00256268
21.77 -0.00274794
21.78 -0.00290705
21.79 -0.00303678
21.8 -0.00313442
21.81 -0.00319788
21.82 -0.00322584
21.83 -0.00321787
21.84 -0.00317439
21.85 -0.00309664
21.86 -0.00298663
21.87 -0.00284702
21.88 -0.00268114
21.89 -0.00249282
21.9 -0.00228626
21.91 -0.00206582
21.92 -0.00183592
21.93 -0.00160095
21.94 -0.00136507
21.95 -0.00113228
21.96 -0.000906454
21.97 -0.000691471
21.98 -0.000491232
21.99 -0.00030969
22 -0.000150858
22.01 -1.87283e-05
22.02 8.28594e-05
22.03 0.000150435
22.04 0.000181191
22.05 0.00017327
22.06 0.000126037
22.07 4.01933e-05
22.08 -8.24164e-05
22.09 -0.000239082
22.1 -0.000426378
22.11 -0.000640252
22.12 -0.000876142
22.13 -0.00112913
22.14 -0.00139414
22.15 -0.00166605
22.16 -0.00193987
22.17 -0.00221083
22.18 -0.00247436
22.19 -0.00272621
22.2 -0.0029623
22.21 -0.0031788
22.22 -0.00337204
22.23 -0.00353855
22.24 -0.00367517
22.25 -0.0037791
22.26 -0.00384807
22.27 -0.00388034
22.28 -0.00387485
22.29 -0.00383128
22.3 -0.00375016
22.31 -0.00363296
22.32 -0.00348208
22.33 -0.0033007
22.34 -0.00309269
22.35 -0.0028624
22.36 -0.00261458
22.37 -0.00235419
22.38 -0.00208624
22.39 -0.00181567
22.4 -0.00154725
22.41 -0.0012855
22.42 -0.00103457
22.43 -0.000798229
22.44 -0.000579851
22.45 -0.000382379
22.46 -0.000208187
22.47 -5.90002e-05
22.48 6.41359e-05
22.49 0.000160818
22.5 0.000231282
22.51 0.000276459
22.52 0.000297925
22.53 0.000297813
22.54 0.000278697
22.55 0.000243449
22.56 0.000195193
22.57 0.000137315
22.58 7.33856e-05
22.59 7.03824e-06
22.6 -5.81021e-05
22.61 -0.000118463
22.62 -0.000170614
22.63 -0.000211409
22.64 -0.000238098
22.65 -0.000248391
22.66 -0.000240523
22.67 -0.000213352
22.68 -0.000166417
22.69 -9.97982e-05
22.7 -1.38974e-05
22.71 9.0704e-05
22.72 0.000213258
22.73 0.000352817
22.74 0.000508226
22.75 0.000678136
22.76 0.000860969
22.77 0.00105486
22.78 0.00125767
22.79 0.00146703
22.8 0.00168045
22.81 0.00189541
22.82 0.00210936
22.83 0.00231977
22.84 0.00252411
22.85 0.00271997
22.86 0.00290499
22.87 0.00307697
22.88 0.00323384
22.89 0.00337366
22.9 0.00349463
22.91 0.00359504
22.92 0.00367336
22.93 0.00372819
22.94 0.00375837
22.95 0.00376292
22.96 0.00374112
22.97 0.00369248
22.98 0.00361695
22.99 0.0035151
23 0.00338832
23.01 0.00323881
23.02 0.00306938
23.03 0.00288341
23.04 0.00268471
23.05 0.00247741
23.06 0.00226574
23.07 0.00205388
23.08 0.00184564
23.09 0.00164442
23.1 0.00145319
23.11 0.00127465
23.12 0.00111119
23.13 0.000964942
23.14 0.000837777
23.15 0.000731295
23.16 0.000646756
23.17 0.000585076
23.18 0.000546863
23.19 0.000532453
23.2 0.000541892
23.21 0.000574895
23.22 0.000630787
23.23 0.000708498
23.24 0.000806645
23.25 0.000923542
23.26 0.00105717
23.27 0.00120529
23.28 0.00136552
23.29 0.0015355
23.3 0.00171279
23.31 0.00189497
23.32 0.00207965
23.33 0.00226437
23.34 0.00244667
23.35 0.0026241
23.36 0.00279418
23.37 0.00295444
23.38 0.00310245
23.39 0.00323581
23.4 0.00335215
23.41 0.00344914
23.42 0.00352452
23.43 0.00357623
23.44 0.0036024
23.45 0.0036014
23.46 0.00357195
23.47 0.00351334
23.48 0.00342554
23.49 0.00330925
23.5 0.0031658
23.51 0.00299715
23.52 0.00280566
23.53 0.00259409
23.54 0.00236553
23.55 0.00212333
23.56 0.00187108
23.57 0.00161254
23.58 0.00135165
23.59 0.00109243
23.6 0.000838848
23.61 0.000594808
23.62 0.000364073
23.63 0.000150248
23.64 -4.32697e-05
23.65 -0.000213348
23.66 -0.000357217
23.67 -0.00047259
23.68 -0.000557773
23.69 -0.000611705
23.7 -0.000633965
23.71 -0.000624797
23.72 -0.000585099
23.73 -0.000516413
23.74 -0.000420909
23.75 -0.000301364
23.76 -0.000161188
23.77 -4.42603e-06
23.78 0.000164285
23.79 0.000339824
23.8 0.000516766
23.81 0.000689649
23.82 0.000853175
23.83 0.00100231
23.84 0.00113236
23.85 0.00123901
23.86 0.00131845
23.87 0.00136737
23.88 0.00138299
23.89 0.0013631
23.9 0.00130596
23.91 0.0012103
23.92 0.00107527
23.93 0.000900572
23.94 0.000686585
23.95 0.000434371
23.96 0.000145755
23.97 -0.000176618
23.98 -0.00052922
23.99 -0.000907615
24 -0.0013065
24.01 -0.00171984
24.02 -0.00214114
24.03 -0.00256345
24.04 -0.00297943
24.05 -0.00338134
24.06 -0.00376109
24.07 -0.00411051
24.08 -0.00442168
24.09 -0.00468732
24.1 -0.00490099
24.11 -0.00505731
24.12 -0.00515215
24.13 -0.00518283
24.14 -0.00514816
24.15 -0.0050486
24.16 -0.00488612
24.17 -0.00466405
24.18 -0.00438676
24.19 -0.00405953
24.2 -0.0036884
24.21 -0.00328014
24.22 -0.00284213
24.23 -0.00238222
24.24 -0.00190861
24.25 -0.00142969
24.26 -0.0009539
24.27 -0.000489689
24.28 -4.53755e-05
24.29 0.000370937
24.3 0.000751407
24.31 0.00108864
24.32 0.001376
24.33 0.0016079
24.34 0.0017801
24.35 0.00188989
24.36 0.00193613
24.37 0.00191899
24.38 0.00183992
24.39 0.00170152
24.4 0.00150741
24.41 0.00126208
24.42 0.000970697
24.43 0.000638928
24.44 0.000272849
24.45 -0.00012113
24.46 -0.000536281
24.47 -0.000965587
24.48 -0.00140181
24.49 -0.00183761
24.5 -0.00226571
24.51 -0.00267902
24.52 -0.00307074
24.53 -0.00343458
24.54 -0.00376484
24.55 -0.00405654
24.56 -0.00430544
24.57 -0.0045082
24.58 -0.00466243
24.59 -0.00476668
24.6 -0.00482035
24.61 -0.0048236
24.62 -0.00477738
24.63 -0.00468343
24.64 -0.0045442
24.65 -0.00436263
24.66 -0.00414203
24.67 -0.00388608
24.68 -0.00359876
24.69 -0.00328427
24.7 -0.00294695
24.71 -0.00259131
24.72 -0.002222
24.73 -0.00184383
24.74 -0.00146164
24.75 -0.00108022
24.76 -0.000704182
24.77 -0.000337935
24.78 1.42214e-05
24.79 0.000348083
24.8 0.000659649
24.81 0.000945198
24.82 0.00120127
24.83 0.00142468
24.84 0.00161265
24.85 0.00176283
24.86 0.00187343
24.87 0.00194318
24.88 0.00197135
24.89 0.00195769
24.9 0.00190236
24.91 0.00180594
24.92 0.00166948
24.93 0.00149451
24.94 0.00128302
24.95 0.0010375
24.96 0.000760935
24.97 0.000456725
24.98 0.000128647
24.99 -0.000219096
25 -0.000581911
