0.01 3.15863e-09
0.02 1.517e-08
0.03 3.72834e-08
0.04 6.69118e-08
0.05 1.01459e-07
0.06 1.38368e-07
0.07 1.75159e-07
0.08 2.09454e-07
0.09 2.3898e-07
0.1 2.61588e-07
0.11 2.75299e-07
0.12 2.78314e-07
0.13 2.69004e-07
0.14 2.45857e-07
0.15 2.07481e-07
0.16 1.5268e-07
0.17 8.04986e-08
0.18 -9.74798e-09
0.19 -1.18467e-07
0.2 -2.45774e-07
0.21 -3.91486e-07
0.22 -5.55121e-07
0.23 -7.35917e-07
0.24 -9.3286e-07
0.25 -1.14473e-06
0.26 -1.37017e-06
0.27 -1.60777e-06
0.28 -1.8559e-06
0.29 -2.11251e-06
0.3 -2.37507e-06
0.31 -2.64049e-06
0.32 -2.90518e-06
0.33 -3.16486e-06
0.34 -3.4145e-06
0.35 -3.64868e-06
0.36 -3.86185e-06
0.37 -4.0485e-06
0.38 -4.20383e-06
0.39 -4.32453e-06
0.4 -4.4094e-06
0.41 -4.45967e-06
0.42 -4.47852e-06
0.43 -4.47042e-06
0.44 -4.4412e-06
0.45 -4.39775e-06
0.46 -4.34755e-06
0.47 -4.29816e-06
0.48 -4.2565e-06
0.49 -4.22863e-06
0.5 -4.21956e-06
0.51 -4.2334e-06
0.52 -4.27367e-06
0.53 -4.34278e-06
0.54 -4.44228e-06
0.55 -4.57327e-06
0.56 -4.73593e-06
0.57 -4.92968e-06
0.58 -5.15364e-06
0.59 -5.4066e-06
0.6 -5.68695e-06
0.61 -5.99266e-06
0.62 -6.32135e-06
0.63 -6.67029e-06
0.64 -7.03657e-06
0.65 -7.41718e-06
0.66 -7.80918e-06
0.67 -8.20982e-06
0.68 -8.61658e-06
0.69 -9.02721e-06
0.7 -9.43951e-06
0.71 -9.85107e-06
0.72 -1.02588e-05
0.73 -1.06583e-05
0.74 -1.10432e-05
0.75 -1.14049e-05
0.76 -1.1732e-05
0.77 -1.20112e-05
0.78 -1.2228e-05
0.79 -1.23697e-05
0.8 -1.24269e-05
0.81 -1.23937e-05
0.82 -1.22678e-05
0.83 -1.20496e-05
0.84 -1.17423e-05
0.85 -1.13535e-05
0.86 -1.08941e-05
0.87 -1.03747e-05
0.88 -9.80141e-06
0.89 -9.17543e-06
0.9 -8.495e-06
0.91 -7.75734e-06
0.92 -6.95991e-06
0.93 -6.10236e-06
0.94 -5.18925e-06
0.95 -4.23116e-06
0.96 -3.24525e-06
0.97 -2.25419e-06
0.98 -1.28112e-06
0.99 -3.44214e-07
1 5.45333e-07
1.01 1.38265e-06
1.02 2.16938e-06
1.03 2.91252e-06
1.04 3.62194e-06
1.05 4.30798e-06
1.06 4.97815e-06
1.07 5.63538e-06
1.08 6.2795e-06
1.09 6.90999e-06
1.1 7.52681e-06
1.11 8.12902e-06
1.12 8.716e-06
1.13 9.28919e-06
1.14 9.85147e-06
1.15 1.04058e-05
1.16 1.09534e-05
1.17 1.14911e-05
1.18 1.20093e-05
1.19 1.24935e-05
1.2 1.29284e-05
1.21 1.3296e-05
1.22 1.35748e-05
1.23 1.37429e-05
1.24 1.37832e-05
1.25 1.36919e-05
1.26 1.34828e-05
1.27 1.31823e-05
1.28 1.28193e-05
1.29 1.24224e-05
1.3 1.20189e-05
1.31 1.16294e-05
1.32 1.12654e-05
1.33 1.09315e-05
1.34 1.06313e-05
1.35 1.03702e-05
1.36 1.01561e-05
1.37 9.99887e-06
1.38 9.90997e-06
1.39 9.90079e-06
1.4 9.98058e-06
1.41 1.01534e-05
1.42 1.04141e-05
1.43 1.07446e-05
1.44 1.11098e-05
1.45 1.14567e-05
1.46 1.17157e-05
1.47 1.18089e-05
1.48 1.16567e-05
1.49 1.11805e-05
1.5 1.03066e-05
1.51 8.97149e-06
1.52 7.12467e-06
1.53 4.73604e-06
1.54 1.80414e-06
1.55 -1.63657e-06
1.56 -5.51394e-06
1.57 -9.72834e-06
1.58 -1.41625e-05
1.59 -1.86894e-05
1.6 -2.31857e-05
1.61 -2.75402e-05
1.62 -3.16513e-05
1.63 -3.54294e-05
1.64 -3.87975e-05
1.65 -4.16909e-05
1.66 -4.40607e-05
1.67 -4.58753e-05
1.68 -4.71193e-05
1.69 -4.77871e-05
1.7 -4.78795e-05
1.71 -4.74035e-05
1.72 -4.63717e-05
1.73 -4.47997e-05
1.74 -4.27026e-05
1.75 -4.00907e-05
1.76 -3.69742e-05
1.77 -3.33703e-05
1.78 -2.92981e-05
1.79 -2.47736e-05
1.8 -1.98115e-05
1.81 -1.443e-05
1.82 -8.65039e-06
1.83 -2.4992e-06
1.84 3.98248e-06
1.85 1.0734e-05
1.86 1.76804e-05
1.87 2.47428e-05
1.88 3.18456e-05
1.89 3.89176e-05
1.9 4.58931e-05
1.91 5.27124e-05
1.92 5.93226e-05
1.93 6.56757e-05
1.94 7.17163e-05
1.95 7.73659e-05
1.96 8.25232e-05
1.97 8.70706e-05
1.98 9.08793e-05
1.99 9.38228e-05
2 9.5798e-05
2.01 9.67445e-05
2.02 9.66469e-05
2.03 9.55315e-05
2.04 9.34627e-05
2.05 9.05328e-05
2.06 8.68498e-05
2.07 8.25267e-05
2.08 7.76645e-05
2.09 7.23397e-05
2.1 6.66017e-05
2.11 6.04752e-05
2.12 5.39579e-05
2.13 4.70158e-05
2.14 3.9595e-05
2.15 3.16342e-05
2.16 2.3069e-05
2.17 1.38382e-05
2.18 3.8871e-06
2.19 -6.84007e-06
2.2 -1.8406e-05
2.21 -3.0874e-05
2.22 -4.42965e-05
2.23 -5.87082e-05
2.24 -7.41206e-05
2.25 -9.05273e-05
2.26 -0.000107899
2.27 -0.000126159
2.28 -0.000145176
2.29 -0.00016478
2.3 -0.000184771
2.31 -0.000204913
2.32 -0.00022494
2.33 -0.000244537
2.34 -0.000263347
2.35 -0.000280976
2.36 -0.000297006
2.37 -0.000311011
2.38 -0.000322573
2.39 -0.00033128
2.4 -0.000336751
2.41 -0.000338685
2.42 -0.000336872
2.43 -0.000331185
2.44 -0.000321559
2.45 -0.000307988
2.46 -0.000290522
2.47 -0.00026928
2.48 -0.00024445
2.49 -0.000216272
2.5 -0.000185013
2.51 -0.00015096
2.52 -0.000114404
2.53 -7.56612e-05
2.54 -3.50652e-05
2.55 7.03738e-06
2.56 5.02861e-05
2.57 9.42835e-05
2.58 0.00013858
2.59 0.000182671
2.6 0.000226015
2.61 0.000268047
2.62 0.000308213
2.63 0.000345991
2.64 0.000380908
2.65 0.000412547
2.66 0.000440551
2.67 0.000464619
2.68 0.000484502
2.69 0.000499991
2.7 0.000510909
2.71 0.000517133
2.72 0.000518584
2.73 0.00051524
2.74 0.000507148
2.75 0.000494429
2.76 0.000477259
2.77 0.000455867
2.78 0.000430552
2.79 0.000401691
2.8 0.000369735
2.81 0.000335188
2.82 0.000298581
2.83 0.000260428
2.84 0.000221216
2.85 0.000181402
2.86 0.000141411
2.87 0.000101624
2.88 6.236e-05
2.89 2.38835e-05
2.9 -1.35783e-05
2.91 -4.98266e-05
2.92 -8.46948e-05
2.93 -0.000118043
2.94 -0.000149745
2.95 -0.000179687
2.96 -0.000207758
2.97 -0.000233821
2.98 -0.000257709
2.99 -0.000279232
3 -0.000298196
3.01 -0.000314414
3.02 -0.000327728
3.03 -0.000338031
3.04 -0.000345271
3.05 -0.000349463
3.06 -0.000350691
3.07 -0.000349113
3.08 -0.000344955
3.09 -0.000338492
3.1 -0.000330009
3.11 -0.000319777
3.12 -0.000308026
3.13 -0.000294929
3.14 -0.000280617
3.15 -0.000265203
3.16 -0.000248793
3.17 -0.000231479
3.18 -0.000213345
3.19 -0.000194481
3.2 -0.000175004
3.21 -0.000155043
3.22 -0.000134705
3.23 -0.000114056
3.24 -9.31308e-05
3.25 -7.19291e-05
3.26 -5.04372e-05
3.27 -2.86066e-05
3.28 -6.34097e-06
3.29 1.64678e-05
3.3 3.99075e-05
3.31 6.40632e-05
3.32 8.90171e-05
3.33 0.000114799
3.34 0.000141344
3.35 0.000168465
3.36 0.000195843
3.37 0.000223041
3.38 0.000249522
3.39 0.000274665
3.4 0.000297774
3.41 0.000318113
3.42 0.000334942
3.43 0.000347561
3.44 0.000355338
3.45 0.000357721
3.46 0.000354253
3.47 0.000344619
3.48 0.000328695
3.49 0.000306564
3.5 0.000278511
3.51 0.000244999
3.52 0.000206657
3.53 0.000164253
3.54 0.000118652
3.55 7.07562e-05
3.56 2.1435e-05
3.57 -2.84922e-05
3.58 -7.82204e-05
3.59 -0.000126958
3.6 -0.000173973
3.61 -0.00021862
3.62 -0.00026034
3.63 -0.000298662
3.64 -0.000333214
3.65 -0.00036372
3.66 -0.00039001
3.67 -0.000412026
3.68 -0.00042983
3.69 -0.000443571
3.7 -0.000453442
3.71 -0.000459651
3.72 -0.000462448
3.73 -0.000462091
3.74 -0.000458819
3.75 -0.000452862
3.76 -0.00044445
3.77 -0.000433797
3.78 -0.000421103
3.79 -0.000406555
3.8 -0.00039032
3.81 -0.000372518
3.82 -0.000353231
3.83 -0.000332533
3.84 -0.000310482
3.85 -0.000287137
3.86 -0.000262598
3.87 -0.000237056
3.88 -0.000210809
3.89 -0.000184275
3.9 -0.000157984
3.91 -0.000132574
3.92 -0.000108776
3.93 -8.738e-05
3.94 -6.91748e-05
3.95 -5.4916e-05
3.96 -4.52961e-05
3.97 -4.08974e-05
3.98 -4.21288e-05
3.99 -4.91869e-05
4 -6.20557e-05
4.01 -8.05143e-05
4.02 -0.000104151
4.03 -0.000132383
4.04 -0.000164468
4.05 -0.00019951
4.06 -0.000236479
4.07 -0.00027421
4.08 -0.000311399
4.09 -0.000346636
4.1 -0.000378459
4.11 -0.000405429
4.12 -0.000426242
4.13 -0.000439829
4.14 -0.000445401
4.15 -0.00044251
4.16 -0.000431112
4.17 -0.000411576
4.18 -0.000384624
4.19 -0.000351268
4.2 -0.000312771
4.21 -0.000270575
4.22 -0.000226197
4.23 -0.000181122
4.24 -0.000136711
4.25 -9.42059e-05
4.26 -5.47572e-05
4.27 -1.93837e-05
4.28 1.10673e-05
4.29 3.59454e-05
4.3 5.48202e-05
4.31 6.74711e-05
4.32 7.38607e-05
4.33 7.4124e-05
4.34 6.85861e-05
4.35 5.77801e-05
4.36 4.24341e-05
4.37 2.34438e-05
4.38 1.83055e-06
4.39 -2.13081e-05
4.4 -4.48217e-05
4.41 -6.7519e-05
4.42 -8.81978e-05
4.43 -0.000105693
4.44 -0.000118913
4.45 -0.000126886
4.46 -0.00012885
4.47 -0.000124306
4.48 -0.00011302
4.49 -9.49749e-05
4.5 -7.02872e-05
4.51 -3.91802e-05
4.52 -2.02391e-06
4.53 4.06325e-05
4.54 8.80778e-05
4.55 0.000139464
4.56 0.000193829
4.57 0.000250117
4.58 0.00030719
4.59 0.000363859
4.6 0.000418915
4.61 0.00047117
4.62 0.000519531
4.63 0.000563012
4.64 0.00060074
4.65 0.000631985
4.66 0.000656182
4.67 0.000672983
4.68 0.000682278
4.69 0.000684167
4.7 0.000678899
4.71 0.000666802
4.72 0.000648255
4.73 0.000623691
4.74 0.000593581
4.75 0.000558359
4.76 0.000518422
4.77 0.000474161
4.78 0.000425978
4.79 0.000374303
4.8 0.000319593
4.81 0.000262267
4.82 0.000202715
4.83 0.000141359
4.84 7.86321e-05
4.85 1.49269e-05
4.86 -4.93925e-05
4.87 -0.00011392
4.88 -0.000178191
4.89 -0.000241731
4.9 -0.000304062
4.91 -0.000364673
4.92 -0.000423017
4.93 -0.000478531
4.94 -0.000530669
4.95 -0.000578916
4.96 -0.000622777
4.97 -0.000661765
4.98 -0.000695389
4.99 -0.000723167
5 -0.000744636
5.01 -0.000759404
5.02 -0.000767214
5.03 -0.000767992
5.04 -0.000761864
5.05 -0.000749145
5.06 -0.00073035
5.07 -0.000706205
5.08 -0.00067759
5.09 -0.000645476
5.1 -0.000610918
5.11 -0.000575035
5.12 -0.000538923
5.13 -0.000503604
5.14 -0.000470001
5.15 -0.000438879
5.16 -0.00041078
5.17 -0.000385982
5.18 -0.000364531
5.19 -0.000346292
5.2 -0.00033096
5.21 -0.000318063
5.22 -0.000307024
5.23 -0.000297242
5.24 -0.000288133
5.25 -0.000279126
5.26 -0.00026961
5.27 -0.000258919
5.28 -0.000246358
5.29 -0.000231259
5.3 -0.000213023
5.31 -0.000191122
5.32 -0.00016515
5.33 -0.000134908
5.34 -0.000100456
5.35 -6.2098e-05
5.36 -2.04034e-05
5.37 2.37492e-05
5.38 6.92131e-05
5.39 0.000114697
5.4 0.000158869
5.41 0.000200407
5.42 0.000238055
5.43 0.000270699
5.44 0.000297433
5.45 0.000317591
5.46 0.000330742
5.47 0.000336652
5.48 0.000335227
5.49 0.000326503
5.5 0.000310674
5.51 0.00028811
5.52 0.000259309
5.53 0.00022484
5.54 0.00018534
5.55 0.000141538
5.56 9.42354e-05
5.57 4.42261e-05
5.58 -7.76597e-06
5.59 -6.10743e-05
5.6 -0.000115047
5.61 -0.000169011
5.62 -0.000222267
5.63 -0.000274109
5.64 -0.000323819
5.65 -0.000370692
5.66 -0.000414077
5.67 -0.000453333
5.68 -0.000487824
5.69 -0.000516899
5.7 -0.000539896
5.71 -0.000556145
5.72 -0.000564963
5.73 -0.000565706
5.74 -0.000557809
5.75 -0.000540781
5.76 -0.000514239
5.77 -0.000477974
5.78 -0.000431986
5.79 -0.000376527
5.8 -0.000312126
5.81 -0.000239603
5.82 -0.000160074
5.83 -7.49652e-05
5.84 1.40342e-05
5.85 0.00010505
5.86 0.000196091
5.87 0.000285103
5.88 0.000370025
5.89 0.000448852
5.9 0.000519692
5.91 0.000580849
5.92 0.000630876
5.93 0.000668585
5.94 0.000693075
5.95 0.000703769
5.96 0.000700481
5.97 0.000683481
5.98 0.00065347
5.99 0.000611519
6 0.000559032
6.01 0.000497672
6.02 0.000429257
6.03 0.00035569
6.04 0.000278946
6.05 0.000201016
6.06 0.000123839
6.07 4.91961e-05
6.08 -2.1361e-05
6.09 -8.65173e-05
6.1 -0.000145162
6.11 -0.000196384
6.12 -0.000239498
6.13 -0.000274044
6.14 -0.000299731
6.15 -0.000316365
6.16 -0.000323805
6.17 -0.000321901
6.18 -0.000310405
6.19 -0.000288978
6.2 -0.000257272
6.21 -0.000214999
6.22 -0.00016191
6.23 -9.78097e-05
6.24 -2.26255e-05
6.25 6.35569e-05
6.26 0.000160524
6.27 0.000267935
6.28 0.000385329
6.29 0.00051217
6.3 0.000647864
6.31 0.000791768
6.32 0.000943224
6.33 0.00110156
6.34 0.00126606
6.35 0.001436
6.36 0.00161052
6.37 0.00178858
6.38 0.00196876
6.39 0.00214937
6.4 0.00232848
6.41 0.00250403
6.42 0.00267394
6.43 0.00283626
6.44 0.00298921
6.45 0.00313133
6.46 0.00326157
6.47 0.00337919
6.48 0.0034837
6.49 0.00357465
6.5 0.00365159
6.51 0.00371386
6.52 0.00376055
6.53 0.00379051
6.54 0.00380239
6.55 0.0037946
6.56 0.00376532
6.57 0.00371269
6.58 0.00363492
6.59 0.00353048
6.6 0.00339828
6.61 0.00323785
6.62 0.00304932
6.63 0.00283351
6.64 0.00259185
6.65 0.00232627
6.66 0.00203895
6.67 0.00173231
6.68 0.0014089
6.69 0.00107142
6.7 0.000722655
6.71 0.000365511
6.72 2.97063e-06
6.73 -0.000361929
6.74 -0.00072611
6.75 -0.00108641
6.76 -0.0014396
6.77 -0.00178237
6.78 -0.00211145
6.79 -0.00242356
6.8 -0.00271551
6.81 -0.00298428
6.82 -0.00322715
6.83 -0.0034418
6.84 -0.00362629
6.85 -0.00377918
6.86 -0.00389952
6.87 -0.00398688
6.88 -0.00404127
6.89 -0.00406314
6.9 -0.00405316
6.91 -0.00401223
6.92 -0.00394128
6.93 -0.0038413
6.94 -0.00371326
6.95 -0.00355813
6.96 -0.00337695
6.97 -0.00317098
6.98 -0.00294182
6.99 -0.0026916
7 -0.0024229
7.01 -0.00213888
7.02 -0.00184315
7.03 -0.00153956
7.04 -0.00123206
7.05 -0.000924444
7.06 -0.000620223
7.07 -0.000322447
7.08 -3.36883e-05
7.09 0.000243959
7.1 0.000508824
7.11 0.000759578
7.12 0.000995119
7.13 0.00121436
7.14 0.00141604
7.15 0.00159868
7.16 0.00176058
7.17 0.00189995
7.18 0.00201498
7.19 0.00210398
7.2 0.0021655
7.21 0.00219848
7.22 0.00220232
7.23 0.00217708
7.24 0.00212341
7.25 0.00204261
7.26 0.00193649
7.27 0.00180726
7.28 0.00165734
7.29 0.00148919
7.3 0.0013052
7.31 0.00110765
7.32 0.000898589
7.33 0.000679894
7.34 0.000453408
7.35 0.000221023
7.36 -1.52016e-05
7.37 -0.000252938
7.38 -0.000489529
7.39 -0.000722
7.4 -0.000947131
7.41 -0.00116158
7.42 -0.00136201
7.43 -0.00154532
7.44 -0.00170884
7.45 -0.00185045
7.46 -0.00196858
7.47 -0.00206234
7.48 -0.00213146
7.49 -0.00217631
7.5 -0.0021979
7.51 -0.00219777
7.52 -0.00217792
7.53 -0.00214061
7.54 -0.00208827
7.55 -0.00202335
7.56 -0.00194836
7.57 -0.00186589
7.58 -0.00177858
7.59 -0.00168911
7.6 -0.00160015
7.61 -0.00151431
7.62 -0.00143393
7.63 -0.00136087
7.64 -0.00129644
7.65 -0.0012414
7.66 -0.00119593
7.67 -0.00115951
7.68 -0.00113094
7.69 -0.00110837
7.7 -0.00108939
7.71 -0.0010712
7.72 -0.00105097
7.73 -0.00102617
7.74 -0.000994767
7.75 -0.000955278
7.76 -0.000906832
7.77 -0.000849036
7.78 -0.000781909
7.79 -0.000705862
7.8 -0.0006217
7.81 -0.000530573
7.82 -0.000433903
7.83 -0.000333367
7.84 -0.000230887
7.85 -0.000128542
7.86 -2.84757e-05
7.87 6.71488e-05
7.88 0.000156233
7.89 0.000236878
7.9 0.000307461
7.91 0.00036668
7.92 0.0004136
7.93 0.000447706
7.94 0.000468897
7.95 0.000477461
7.96 0.000474027
7.97 0.000459536
7.98 0.000435216
7.99 0.000402522
8 0.000363006
8.01 0.000318197
8.02 0.000269555
8.03 0.000218427
8.04 0.000165961
8.05 0.000113036
8.06 6.02318e-05
8.07 7.86307e-06
8.08 -4.39335e-05
8.09 -9.50941e-05
8.1 -0.000145515
8.11 -0.000194911
8.12 -0.000242665
8.13 -0.00028781
8.14 -0.000329086
8.15 -0.000364989
8.16 -0.000393813
8.17 -0.000413733
8.18 -0.000422926
8.19 -0.000419683
8.2 -0.000402481
8.21 -0.000370067
8.22 -0.000321556
8.23 -0.000256426
8.24 -0.000174471
8.25 -7.58384e-05
8.26 3.89209e-05
8.27 0.000168856
8.28 0.000312635
8.29 0.000468514
8.3 0.000634292
8.31 0.000807256
8.32 0.000984105
8.33 0.00116097
8.34 0.00133354
8.35 0.00149719
8.36 0.00164723
8.37 0.00177918
8.38 0.00188899
8.39 0.00197332
8.4 0.00202968
8.41 0.00205652
8.42 0.00205311
8.43 0.0020195
8.44 0.00195649
8.45 0.00186558
8.46 0.00174897
8.47 0.00160951
8.48 0.00145058
8.49 0.00127593
8.5 0.00108958
8.51 0.000895616
8.52 0.00069809
8.53 0.000500757
8.54 0.000306928
8.55 0.000119389
8.56 -5.95638e-05
8.57 -0.000228029
8.58 -0.000384438
8.59 -0.000527502
8.6 -0.00065615
8.61 -0.000769461
8.62 -0.000866566
8.63 -0.000946552
8.64 -0.00100842
8.65 -0.00105109
8.66 -0.00107336
8.67 -0.00107406
8.68 -0.00105204
8.69 -0.00100638
8.7 -0.000936435
8.71 -0.000841826
8.72 -0.000722537
8.73 -0.000579021
8.74 -0.000412214
8.75 -0.000223506
8.76 -1.47938e-05
8.77 0.00021146
8.78 0.000452269
8.79 0.000704218
8.8 0.000963504
8.81 0.00122599
8.82 0.00148731
8.83 0.00174306
8.84 0.001989
8.85 0.00222117
8.86 0.002436
8.87 0.00263026
8.88 0.00280112
8.89 0.00294625
8.9 0.00306392
8.91 0.00315296
8.92 0.00321273
8.93 0.00324308
8.94 0.00324422
8.95 0.00321667
8.96 0.00316115
8.97 0.0030786
8.98 0.00297018
8.99 0.00283717
9 0.0026809
9.01 0.00250264
9.02 0.00230365
9.03 0.00208507
9.04 0.00184803
9.05 0.00159375
9.06 0.00132368
9.07 0.00103953
9.08 0.000743338
9.09 0.000437409
9.1 0.000124243
9.11 -0.000193563
9.12 -0.000513376
9.13 -0.000832539
9.14 -0.00114841
9.15 -0.00145838
9.16 -0.0017598
9.17 -0.0020499
9.18 -0.00232567
9.19 -0.00258392
9.2 -0.00282116
9.21 -0.00303371
9.22 -0.00321761
9.23 -0.00336878
9.24 -0.00348323
9.25 -0.00355732
9.26 -0.00358803
9.27 -0.00357319
9.28 -0.00351155
9.29 -0.00340294
9.3 -0.00324816
9.31 -0.00304879
9.32 -0.00280696
9.33 -0.00252538
9.34 -0.00220724
9.35 -0.00185614
9.36 -0.00147606
9.37 -0.00107127
9.38 -0.000646338
9.39 -0.000206021
9.4 0.000244682
9.41 0.000700503
9.42 0.00115591
9.43 0.00160507
9.44 0.00204189
9.45 0.00245998
9.46 0.0028529
9.47 0.00321437
9.48 0.00353843
9.49 0.00381974
9.5 0.00405376
9.51 0.00423688
9.52 0.00436646
9.53 0.00444087
9.54 0.00445933
9.55 0.00442182
9.56 0.00432892
9.57 0.00418169
9.58 0.0039816
9.59 0.00373039
9.6 0.00343015
9.61 0.00308336
9.62 0.00269299
9.63 0.0022626
9.64 0.00179642
9.65 0.00129934
9.66 0.000776928
9.67 0.000235275
9.68 -0.000319035
9.69 -0.000879065
9.7 -0.0014377
9.71 -0.00198788
9.72 -0.00252275
9.73 -0.0030358
9.74 -0.00352101
9.75 -0.00397301
9.76 -0.00438711
9.77 -0.00475932
9.78 -0.0050864
9.79 -0.00536579
9.8 -0.00559573
9.81 -0.0057752
9.82 -0.00590393
9.83 -0.00598233
9.84 -0.0060115
9.85 -0.00599316
9.86 -0.00592956
9.87 -0.00582332
9.88 -0.00567734
9.89 -0.00549479
9.9 -0.00527903
9.91 -0.00503345
9.92 -0.00476146
9.93 -0.00446637
9.94 -0.00415145
9.95 -0.00381986
9.96 -0.00347471
9.97 -0.00311917
9.98 -0.00275663
9.99 -0.00239067
10 -0.00202512
10.01 -0.00166394
10.02 -0.00131123
10.03 -0.000971243
10.04 -0.000648155
10.05 -0.000345914
10.06 -6.80515e-05
10.07 0.000182399
10.08 0.000402933
10.09 0.000591577
10.1 0.000746894
10.11 0.000867964
10.12 0.000954275
10.13 0.00100558
10.14 0.00102188
10.15 0.00100341
10.16 0.000950647
10.17 0.00086437
10.18 0.000745755
10.19 0.00059644
10.2 0.000418553
10.21 0.000214681
10.22 -1.22349e-05
10.23 -0.000258973
10.24 -0.000522062
10.25 -0.000797867
10.26 -0.00108271
10.27 -0.00137296
10.28 -0.00166501
10.29 -0.00195534
10.3 -0.00224053
10.31 -0.00251723
10.32 -0.00278217
10.33 -0.00303211
10.34 -0.003264
10.35 -0.00347501
10.36 -0.00366257
10.37 -0.0038244
10.38 -0.00395851
10.39 -0.00406323
10.4 -0.00413718
10.41 -0.00417923
10.42 -0.00418848
10.43 -0.00416418
10.44 -0.00410575
10.45 -0.00401276
10.46 -0.00388498
10.47 -0.0037225
10.48 -0.00352584
10.49 -0.00329606
10.5 -0.00303481
10.51 -0.00274445
10.52 -0.00242789
10.53 -0.00208863
10.54 -0.00173059
10.55 -0.001358
10.56 -0.000975272
10.57 -0.000586919
10.58 -0.000197534
10.59 0.000188317
10.6 0.000566169
10.61 0.000931663
10.62 0.00128056
10.63 0.00160877
10.64 0.00191238
10.65 0.00218766
10.66 0.00243113
10.67 0.00263962
10.68 0.00281036
10.69 0.00294111
10.7 0.00303025
10.71 0.00307681
10.72 0.00308048
10.73 0.00304151
10.74 0.00296077
10.75 0.00283963
10.76 0.00267995
10.77 0.00248407
10.78 0.00225481
10.79 0.00199542
10.8 0.00170951
10.81 0.00140099
10.82 0.00107402
10.83 0.000732988
10.84 0.000382431
10.85 2.69347e-05
10.86 -0.000328963
10.87 -0.000680884
10.88 -0.00102465
10.89 -0.00135626
10.9 -0.00167196
10.91 -0.00196825
10.92 -0.00224181
10.93 -0.00248947
10.94 -0.00270814
10.95 -0.00289485
10.96 -0.00304678
10.97 -0.00316132
10.98 -0.00323617
10.99 -0.00326945
11 -0.00325981
11.01 -0.00320649
11.02 -0.00310935
11.03 -0.00296887
11.04 -0.00278625
11.05 -0.00256328
11.06 -0.0023023
11.07 -0.00200612
11.08 -0.00167799
11.09 -0.00132159
11.1 -0.000940888
11.11 -0.000540062
11.12 -0.000123396
11.13 0.000304787
11.14 0.000740114
11.15 0.00117817
11.16 0.00161459
11.17 0.00204523
11.18 0.00246624
11.19 0.00287414
11.2 0.00326581
11.21 0.00363857
11.22 0.0039901
11.23 0.00431844
11.24 0.0046218
11.25 0.00489835
11.26 0.00514612
11.27 0.00536301
11.28 0.00554688
11.29 0.00569571
11.3 0.00580773
11.31 0.00588151
11.32 0.00591604
11.33 0.00591084
11.34 0.00586603
11.35 0.00578249
11.36 0.00566188
11.37 0.00550655
11.38 0.00531934
11.39 0.00510341
11.4 0.0048622
11.41 0.00459926
11.42 0.00431815
11.43 0.0040223
11.44 0.003715
11.45 0.00339946
11.46 0.00307882
11.47 0.00275624
11.48 0.00243504
11.49 0.00211873
11.5 0.0018111
11.51 0.00151617
11.52 0.0012381
11.53 0.000981044
11.54 0.000748998
11.55 0.000545675
11.56 0.000374303
11.57 0.000237467
11.58 0.000137059
11.59 7.43169e-05
11.6 4.994e-05
11.61 6.42051e-05
11.62 0.000116979
11.63 0.000207716
11.64 0.00033549
11.65 0.000498982
11.66 0.000696461
11.67 0.000925844
11.68 0.0011847
11.69 0.00147019
11.7 0.00177907
11.71 0.00210763
11.72 0.00245171
11.73 0.00280676
11.74 0.00316781
11.75 0.00352958
11.76 0.00388642
11.77 0.00423231
11.78 0.00456091
11.79 0.00486568
11.8 0.0051402
11.81 0.00537846
11.82 0.00557515
11.83 0.00572578
11.84 0.00582671
11.85 0.00587522
11.86 0.00586945
11.87 0.00580827
11.88 0.0056912
11.89 0.00551847
11.9 0.00529101
11.91 0.00501041
11.92 0.00467895
11.93 0.00429949
11.94 0.0038755
11.95 0.00341095
11.96 0.00291028
11.97 0.00237829
11.98 0.00182024
11.99 0.00124182
12 0.000649101
12.01 4.84171e-05
12.02 -0.00055366
12.03 -0.00115033
12.04 -0.00173461
12.05 -0.00229952
12.06 -0.00283818
12.07 -0.00334402
12.08 -0.00381095
12.09 -0.00423359
12.1 -0.00460736
12.11 -0.00492852
12.12 -0.0051942
12.13 -0.00540251
12.14 -0.00555255
12.15 -0.00564441
12.16 -0.00567908
12.17 -0.00565833
12.18 -0.00558456
12.19 -0.00546075
12.2 -0.0052904
12.21 -0.00507748
12.22 -0.00482623
12.23 -0.00454112
12.24 -0.00422695
12.25 -0.00388868
12.26 -0.00353134
12.27 -0.00315992
12.28 -0.00277938
12.29 -0.00239456
12.3 -0.00201016
12.31 -0.00163068
12.32 -0.00126027
12.33 -0.000902691
12.34 -0.000561236
12.35 -0.000238808
12.36 6.2112e-05
12.37 0.000339546
12.38 0.000592048
12.39 0.000818638
12.4 0.00101877
12.41 0.00119229
12.42 0.00133929
12.43 0.00146002
12.44 0.00155491
12.45 0.00162467
12.46 0.00167024
12.47 0.00169279
12.48 0.00169401
12.49 0.00167618
12.5 0.00164225
12.51 0.00159578
12.52 0.00154086
12.53 0.00148194
12.54 0.00142362
12.55 0.00137036
12.56 0.00132628
12.57 0.0012951
12.58 0.00128008
12.59 0.0012841
12.6 0.00130977
12.61 0.00135934
12.62 0.00143467
12.63 0.00153701
12.64 0.00166698
12.65 0.00182468
12.66 0.00200962
12.67 0.00222069
12.68 0.00245607
12.69 0.00271324
12.7 0.00298899
12.71 0.00327962
12.72 0.00358103
12.73 0.00388892
12.74 0.00419883
12.75 0.00450629
12.76 0.00480694
12.77 0.00509664
12.78 0.00537148
12.79 0.00562781
12.8 0.00586226
12.81 0.00607174
12.82 0.00625334
12.83 0.00640436
12.84 0.00652241
12.85 0.00660548
12.86 0.00665202
12.87 0.00666103
12.88 0.0066321
12.89 0.00656556
12.9 0.00646236
12.91 0.00632404
12.92 0.00615254
12.93 0.00595013
12.94 0.00571932
12.95 0.00546278
12.96 0.00518333
12.97 0.00488386
12.98 0.00456741
12.99 0.0042371
13 0.00389616
13.01 0.00354794
13.02 0.00319604
13.03 0.00284423
13.04 0.00249641
13.05 0.00215646
13.06 0.00182806
13.07 0.00151462
13.08 0.00121913
13.09 0.000944123
13.1 0.000691587
13.11 0.000462971
13.12 0.000259261
13.13 8.11045e-05
13.14 -7.10972e-05
13.15 -0.000197112
13.16 -0.000296778
13.17 -0.000369981
13.18 -0.000416677
13.19 -0.000436917
13.2 -0.000430913
13.21 -0.00039912
13.22 -0.000342277
13.23 -0.000261411
13.24 -0.000157839
13.25 -3.31707e-05
13.26 0.000110682
13.27 0.000271528
13.28 0.000446904
13.29 0.000634096
13.3 0.000830178
13.31 0.00103201
13.32 0.00123621
13.33 0.00143921
13.34 0.00163735
13.35 0.00182701
13.36 0.00200472
13.37 0.00216727
13.38 0.00231184
13.39 0.00243593
13.4 0.00253751
13.41 0.00261497
13.42 0.00266722
13.43 0.00269371
13.44 0.00269441
13.45 0.00266978
13.46 0.00262084
13.47 0.00254903
13.48 0.00245623
13.49 0.00234466
13.5 0.00221683
13.51 0.00207549
13.52 0.00192356
13.53 0.00176413
13.54 0.00160046
13.55 0.00143592
13.56 0.00127394
13.57 0.00111789
13.58 0.000970961
13.59 0.000835982
13.6 0.000715436
13.61 0.000611466
13.62 0.000525926
13.63 0.000460435
13.64 0.000416353
13.65 0.000394741
13.66 0.000396397
13.67 0.000421896
13.68 0.000471505
13.69 0.000545081
13.7 0.000642032
13.71 0.000761352
13.72 0.000901652
13.73 0.00106114
13.74 0.0012376
13.75 0.00142836
13.76 0.00163035
13.77 0.00184001
13.78 0.00205338
13.79 0.00226606
13.8 0.00247329
13.81 0.00266992
13.82 0.0028505
13.83 0.00300967
13.84 0.00314262
13.85 0.00324552
13.86 0.00331562
13.87 0.00335113
13.88 0.00335082
13.89 0.00331387
13.9 0.0032398
13.91 0.0031286
13.92 0.00298067
13.93 0.00279678
13.94 0.00257805
13.95 0.00232597
13.96 0.00204236
13.97 0.00172943
13.98 0.00138972
13.99 0.00102601
14 0.000641254
14.01 0.000238533
14.02 -0.000178923
14.03 -0.000607738
14.04 -0.00104439
14.05 -0.00148524
14.06 -0.00192669
14.07 -0.00236526
14.08 -0.00279768
14.09 -0.00322099
14.1 -0.00363261
14.11 -0.00403039
14.12 -0.00441265
14.13 -0.00477822
14.14 -0.00512646
14.15 -0.00545727
14.16 -0.005771
14.17 -0.0060684
14.18 -0.00635035
14.19 -0.00661784
14.2 -0.00687198
14.21 -0.00711398
14.22 -0.00734519
14.23 -0.00756708
14.24 -0.00778133
14.25 -0.00798978
14.26 -0.00819443
14.27 -0.00839733
14.28 -0.00860046
14.29 -0.00880565
14.3 -0.00901443
14.31 -0.00922796
14.32 -0.00944696
14.33 -0.00967168
14.34 -0.00990198
14.35 -0.0101375
14.36 -0.010378
14.37 -0.0106233
14.38 -0.0108732
14.39 -0.0111281
14.4 -0.011388
14.41 -0.0116531
14.42 -0.0119235
14.43 -0.0121992
14.44 -0.0124798
14.45 -0.0127644
14.46 -0.0130515
14.47 -0.0133394
14.48 -0.0136257
14.49 -0.0139081
14.5 -0.0141841
14.51 -0.0144512
14.52 -0.0147073
14.53 -0.0149506
14.54 -0.0151793
14.55 -0.0153921
14.56 -0.0155879
14.57 -0.0157659
14.58 -0.0159253
14.59 -0.0160658
14.6 -0.0161869
14.61 -0.0162882
14.62 -0.016369
14.63 -0.0164283
14.64 -0.0164646
14.65 -0.0164757
14.66 -0.0164588
14.67 -0.0164109
14.68 -0.0163291
14.69 -0.0162107
14.7 -0.0160541
14.71 -0.0158579
14.72 -0.0156214
14.73 -0.0153436
14.74 -0.0150227
14.75 -0.0146568
14.76 -0.0142436
14.77 -0.0137815
14.78 -0.0132692
14.79 -0.0127063
14.8 -0.0120929
14.81 -0.0114295
14.82 -0.0107171
14.83 -0.00995738
14.84 -0.00915251
14.85 -0.00830524
14.86 -0.00741876
14.87 -0.00649674
14.88 -0.0055431
14.89 -0.00456198
14.9 -0.00355756
14.91 -0.00253413
14.92 -0.00149608
14.93 -0.000447783
14.94 0.000606389
14.95 0.00166208
14.96 0.00271485
14.97 0.00376008
14.98 0.00479272
14.99 0.00580703
15 0.00679626
15.01 0.00775246
15.02 0.00866654
15.03 0.00952871
15.04 0.010329
15.05 0.0110576
15.06 0.0117045
15.07 0.0122597
15.08 0.0127141
15.09 0.0130595
15.1 0.0132892
15.11 0.0133977
15.12 0.0133806
15.13 0.0132351
15.14 0.0129597
15.15 0.0125542
15.16 0.0120203
15.17 0.0113613
15.18 0.0105824
15.19 0.0096906
15.2 0.00869434
15.21 0.00760325
15.22 0.00642769
15.23 0.00517863
15.24 0.00386754
15.25 0.00250615
15.26 0.00110618
15.27 -0.000320867
15.28 -0.00176372
15.29 -0.00321114
15.3 -0.00465162
15.31 -0.00607331
15.32 -0.00746408
15.33 -0.00881174
15.34 -0.0101043
15.35 -0.0113304
15.36 -0.0124799
15.37 -0.0135435
15.38 -0.0145133
15.39 -0.0153822
15.4 -0.0161443
15.41 -0.0167944
15.42 -0.0173283
15.43 -0.0177426
15.44 -0.0180349
15.45 -0.0182034
15.46 -0.0182476
15.47 -0.0181673
15.48 -0.0179634
15.49 -0.0176371
15.5 -0.01719
15.51 -0.0166241
15.52 -0.0159419
15.53 -0.0151466
15.54 -0.0142428
15.55 -0.0132361
15.56 -0.0121332
15.57 -0.0109416
15.58 -0.00966988
15.59 -0.0083273
15.6 -0.00692377
15.61 -0.00546979
15.62 -0.00397624
15.63 -0.00245432
15.64 -0.000915339
15.65 0.000629389
15.66 0.00216862
15.67 0.00369129
15.68 0.0051866
15.69 0.00664408
15.7 0.00805371
15.71 0.00940608
15.72 0.0106926
15.73 0.0119055
15.74 0.0130379
15.75 0.0140841
15.76 0.0150394
15.77 0.0159001
15.78 0.0166636
15.79 0.0173281
15.8 0.0178931
15.81 0.0183588
15.82 0.0187262
15.83 0.018997
15.84 0.0191736
15.85 0.0192592
15.86 0.0192573
15.87 0.0191723
15.88 0.0190094
15.89 0.0187743
15.9 0.0184731
15.91 0.0181124
15.92 0.0176991
15.93 0.0172409
15.94 0.0167458
15.95 0.0162219
15.96 0.0156774
15.97 0.0151201
15.98 0.0145577
15.99 0.0139971
16 0.0134448
16.01 0.0129067
16.02 0.0123874
16.03 0.0118905
16.04 0.0114186
16.05 0.0109728
16.06 0.0105533
16.07 0.0101596
16.08 0.00979099
16.09 0.00944649
16.1 0.00912495
16.11 0.00882501
16.12 0.0085451
16.13 0.00828336
16.14 0.00803768
16.15 0.00780566
16.16 0.00758467
16.17 0.00737188
16.18 0.00716432
16.19 0.00695891
16.2 0.00675257
16.21 0.00654248
16.22 0.00632613
16.23 0.00610158
16.24 0.00586763
16.25 0.00562394
16.26 0.00537112
16.27 0.00511063
16.28 0.00484446
16.29 0.00457488
16.3 0.0043044
16.31 0.0040357
16.32 0.00377153
16.33 0.00351474
16.34 0.00326817
16.35 0.00303465
16.36 0.00281688
16.37 0.00261739
16.38 0.00243851
16.39 0.00228243
16.4 0.0021512
16.41 0.00204663
16.42 0.00197021
16.43 0.00192298
16.44 0.00190559
16.45 0.00191833
16.46 0.0019611
16.47 0.0020335
16.48 0.00213476
16.49 0.00226382
16.5 0.00241926
16.51 0.00259934
16.52 0.00280209
16.53 0.00302533
16.54 0.00326673
16.55 0.00352377
16.56 0.00379369
16.57 0.00407351
16.58 0.00436005
16.59 0.00464994
16.6 0.00493963
16.61 0.00522539
16.62 0.00550327
16.63 0.00576916
16.64 0.00601873
16.65 0.00624753
16.66 0.00645103
16.67 0.00662463
16.68 0.00676374
16.69 0.00686376
16.7 0.00692033
16.71 0.00692959
16.72 0.0068885
16.73 0.00679507
16.74 0.00664843
16.75 0.00644877
16.76 0.00619724
16.77 0.00589574
16.78 0.00554689
16.79 0.00515408
16.8 0.00472137
16.81 0.00425342
16.82 0.00375532
16.83 0.00323252
16.84 0.00269079
16.85 0.00213612
16.86 0.00157453
16.87 0.00101198
16.88 0.0004542
16.89 -9.33403e-05
16.9 -0.000625545
16.91 -0.00113768
16.92 -0.00162537
16.93 -0.00208455
16.94 -0.00251144
16.95 -0.00290253
16.96 -0.00325468
16.97 -0.00356514
16.98 -0.0038315
16.99 -0.00405179
17 -0.00422448
17.01 -0.00434852
17.02 -0.00442333
17.03 -0.00444895
17.04 -0.004426
17.05 -0.00435573
17.06 -0.00423985
17.07 -0.00408048
17.08 -0.00388015
17.09 -0.00364177
17.1 -0.00336872
17.11 -0.00306474
17.12 -0.00273388
17.13 -0.0023804
17.14 -0.00200874
17.15 -0.00162348
17.16 -0.00122931
17.17 -0.000830984
17.18 -0.000433283
17.19 -4.08898e-05
17.2 0.000341667
17.21 0.00071005
17.22 0.00106015
17.23 0.00138808
17.24 0.0016902
17.25 0.00196312
17.26 0.00220376
17.27 0.00240931
17.28 0.00257723
17.29 0.00270531
17.3 0.00279181
17.31 0.00283539
17.32 0.00283524
17.33 0.00279099
17.34 0.00270269
17.35 0.0025707
17.36 0.0023956
17.37 0.00217811
17.38 0.00191902
17.39 0.00161916
17.4 0.00127933
17.41 0.000900286
17.42 0.000482761
17.43 2.7706e-05
17.44 -0.000463399
17.45 -0.000988348
17.46 -0.00154412
17.47 -0.00212686
17.48 -0.00273197
17.49 -0.00335426
17.5 -0.00398829
17.51 -0.00462853
17.52 -0.00526952
17.53 -0.0059059
17.54 -0.00653245
17.55 -0.00714405
17.56 -0.00773562
17.57 -0.00830214
17.58 -0.00883868
17.59 -0.00934041
17.6 -0.00980255
17.61 -0.0102204
17.62 -0.0105892
17.63 -0.0109045
17.64 -0.0111621
17.65 -0.0113579
17.66 -0.0114885
17.67 -0.0115507
17.68 -0.011542
17.69 -0.0114606
17.7 -0.0113054
17.71 -0.0110764
17.72 -0.0107746
17.73 -0.0104023
17.74 -0.00996266
17.75 -0.00945969
17.76 -0.00889789
17.77 -0.00828201
17.78 -0.00761692
17.79 -0.00690752
17.8 -0.00615874
17.81 -0.00537565
17.82 -0.00456358
17.83 -0.00372814
17.84 -0.00287518
17.85 -0.00201068
17.86 -0.00114074
17.87 -0.000271579
17.88 0.00059043
17.89 0.00143871
17.9 0.00226645
17.91 0.0030666
17.92 0.00383198
17.93 0.00455554
17.94 0.00523057
17.95 0.00585084
17.96 0.00641057
17.97 0.00690453
17.98 0.00732811
17.99 0.00767742
18 0.00794933
18.01 0.00814161
18.02 0.00825285
18.03 0.00828256
18.04 0.00823117
18.05 0.00810009
18.06 0.00789165
18.07 0.00760903
18.08 0.00725615
18.09 0.0068376
18.1 0.00635859
18.11 0.0058249
18.12 0.00524285
18.13 0.00461925
18.14 0.0039614
18.15 0.00327702
18.16 0.00257422
18.17 0.00186141
18.18 0.00114716
18.19 0.000440153
18.2 -0.000250944
18.21 -0.000917569
18.22 -0.00155148
18.23 -0.00214493
18.24 -0.00269081
18.25 -0.00318266
18.26 -0.00361482
18.27 -0.00398238
18.28 -0.0042811
18.29 -0.00450753
18.3 -0.00465901
18.31 -0.00473365
18.32 -0.00473031
18.33 -0.00464871
18.34 -0.00448948
18.35 -0.00425416
18.36 -0.00394523
18.37 -0.00356613
18.38 -0.0031211
18.39 -0.00261509
18.4 -0.00205358
18.41 -0.00144249
18.42 -0.000788082
18.43 -9.67947e-05
18.44 0.000624836
18.45 0.00137027
18.46 0.002133
18.47 0.00290663
18.48 0.00368482
18.49 0.00446131
18.5 0.00522991
18.51 0.00598444
18.52 0.00671873
18.53 0.00742667
18.54 0.00810227
18.55 0.00873975
18.56 0.00933358
18.57 0.00987854
18.58 0.0103699
18.59 0.0108036
18.6 0.0111762
18.61 0.011485
18.62 0.011728
18.63 0.0119042
18.64 0.0120131
18.65 0.0120549
18.66 0.0120305
18.67 0.0119412
18.68 0.0117886
18.69 0.011574
18.7 0.0112988
18.71 0.0109642
18.72 0.010571
18.73 0.0101201
18.74 0.00961229
18.75 0.0090493
18.76 0.00843336
18.77 0.00776737
18.78 0.00705471
18.79 0.00629927
18.8 0.00550529
18.81 0.00467732
18.82 0.00382017
18.83 0.00293884
18.84 0.00203842
18.85 0.00112411
18.86 0.00020112
18.87 -0.000725331
18.88 -0.00164999
18.89 -0.00256753
18.9 -0.00347251
18.91 -0.00435921
18.92 -0.00522165
18.93 -0.00605355
18.94 -0.00684839
18.95 -0.0075998
18.96 -0.00830181
18.97 -0.00894912
18.98 -0.00953714
18.99 -0.0100622
19 -0.0105216
19.01 -0.0109139
19.02 -0.0112386
19.03 -0.0114963
19.04 -0.0116884
19.05 -0.0118168
19.06 -0.0118838
19.07 -0.0118921
19.08 -0.0118447
19.09 -0.0117446
19.1 -0.0115953
19.11 -0.0114007
19.12 -0.0111653
19.13 -0.0108942
19.14 -0.0105932
19.15 -0.0102681
19.16 -0.00992494
19.17 -0.0095696
19.18 -0.00920723
19.19 -0.00884225
19.2 -0.00847826
19.21 -0.00811805
19.22 -0.00776369
19.23 -0.00741671
19.24 -0.00707827
19.25 -0.00674955
19.26 -0.00643213
19.27 -0.00612817
19.28 -0.00584025
19.29 -0.00557104
19.3 -0.00532289
19.31 -0.00509758
19.32 -0.00489635
19.33 -0.0047198
19.34 -0.00456782
19.35 -0.00443956
19.36 -0.00433346
19.37 -0.00424741
19.38 -0.00417902
19.39 -0.00412579
19.4 -0.00408519
19.41 -0.00405454
19.42 -0.00403104
19.43 -0.00401181
19.44 -0.00399402
19.45 -0.00397481
19.46 -0.00395137
19.47 -0.00392102
19.48 -0.00388117
19.49 -0.00382941
19.5 -0.00376366
19.51 -0.00368219
19.52 -0.00358366
19.53 -0.00346706
19.54 -0.0033318
19.55 -0.00317798
19.56 -0.00300641
19.57 -0.00281847
19.58 -0.00261595
19.59 -0.00240088
19.6 -0.00217554
19.61 -0.00194243
19.62 -0.00170423
19.63 -0.00146374
19.64 -0.00122374
19.65 -0.000987042
19.66 -0.000756442
19.67 -0.000534735
19.68 -0.000324648
19.69 -0.000128868
19.7 4.99422e-05
19.71 0.00020922
19.72 0.000346579
19.73 0.000459851
19.74 0.000547184
19.75 0.000607172
19.76 0.000638982
19.77 0.000642363
19.78 0.000617526
19.79 0.000565053
19.8 0.000485857
19.81 0.000381116
19.82 0.000252205
19.83 0.000100651
19.84 -7.19231e-05
19.85 -0.000263851
19.86 -0.000473456
19.87 -0.000699048
19.88 -0.000938869
19.89 -0.00119102
19.9 -0.00145343
19.91 -0.0017238
19.92 -0.0019996
19.93 -0.00227804
19.94 -0.00255625
19.95 -0.00283143
19.96 -0.00310094
19.97 -0.00336239
19.98 -0.00361369
19.99 -0.00385314
20 -0.00407935
20.01 -0.00429118
20.02 -0.00448772
20.03 -0.00466812
20.04 -0.00483129
20.05 -0.00497588
20.06 -0.00510026
20.07 -0.00520257
20.08 -0.00528074
20.09 -0.00533251
20.1 -0.00535547
20.11 -0.0053472
20.12 -0.00530552
20.13 -0.0052287
20.14 -0.00511547
20.15 -0.00496501
20.16 -0.00477691
20.17 -0.00455134
20.18 -0.00428903
20.19 -0.00399137
20.2 -0.00366039
20.21 -0.00329875
20.22 -0.00290966
20.23 -0.00249661
20.24 -0.00206327
20.25 -0.00161348
20.26 -0.00115135
20.27 -0.000681229
20.28 -0.000207692
20.29 0.000264485
20.3 0.000730384
20.31 0.00118499
20.32 0.00162332
20.33 0.00204045
20.34 0.00243168
20.35 0.00279265
20.36 0.00311945
20.37 0.00340878
20.38 0.00365815
20.39 0.00386587
20.4 0.00403113
20.41 0.00415399
20.42 0.00423524
20.43 0.0042764
20.44 0.00427952
20.45 0.0042471
20.46 0.00418188
20.47 0.00408694
20.48 0.00396569
20.49 0.00382186
20.5 0.00365943
20.51 0.00348257
20.52 0.00329561
20.53 0.003103
20.54 0.00290921
20.55 0.00271867
20.56 0.00253568
20.57 0.00236428
20.58 0.00220805
20.59 0.0020699
20.6 0.00195201
20.61 0.00185586
20.62 0.00178229
20.63 0.0017317
20.64 0.00170415
20.65 0.00169941
20.66 0.00171695
20.67 0.00175605
20.68 0.00181582
20.69 0.00189528
20.7 0.00199333
20.71 0.00210883
20.72 0.00224054
20.73 0.00238709
20.74 0.00254697
20.75 0.00271849
20.76 0.00289988
20.77 0.00308931
20.78 0.00328503
20.79 0.00348546
20.8 0.00368927
20.81 0.00389552
20.82 0.00410368
20.83 0.00431357
20.84 0.00452522
20.85 0.00473861
20.86 0.00495349
20.87 0.00516935
20.88 0.0053854
20.89 0.00560048
20.9 0.00581311
20.91 0.00602167
20.92 0.00622451
20.93 0.00642005
20.94 0.00660673
20.95 0.00678305
20.96 0.00694748
20.97 0.00709837
20.98 0.00723392
20.99 0.00735221
21 0.00745113
21.01 0.00752839
21.02 0.00758154
21.03 0.00760803
21.04 0.00760539
21.05 0.00757144
21.06 0.0075044
21.07 0.00740296
21.08 0.00726615
21.09 0.00709341
21.1 0.00688457
21.11 0.00664003
21.12 0.00636088
21.13 0.00604894
21.14 0.00570665
21.15 0.00533697
21.16 0.00494325
21.17 0.00452913
21.18 0.00409845
21.19 0.00365521
21.2 0.00320348
21.21 0.00274738
21.22 0.00229105
21.23 0.0018386
21.24 0.00139409
21.25 0.000961543
21.26 0.000544956
21.27 0.000148336
21.28 -0.000224348
21.29 -0.000569242
21.3 -0.00088266
21.31 -0.0011612
21.32 -0.0014019
21.33 -0.00160239
21.34 -0.00176091
21.35 -0.00187637
21.36 -0.00194836
21.37 -0.00197719
21.38 -0.00196386
21.39 -0.0019101
21.4 -0.00181829
21.41 -0.00169144
21.42 -0.00153307
21.43 -0.00134707
21.44 -0.00113758
21.45 -0.000908905
21.46 -0.000665333
21.47 -0.000411112
21.48 -0.000150459
21.49 0.000112434
21.5 0.000373367
21.51 0.000628164
21.52 0.0008728
21.53 0.00110347
21.54 0.00131659
21.55 0.00150884
21.56 0.00167713
21.57 0.00181859
21.58 0.00193052
21.59 0.00201037
21.6 0.00205581
21.61 0.00206485
21.62 0.00203597
21.63 0.00196824
21.64 0.00186141
21.65 0.00171598
21.66 0.00153321
21.67 0.00131503
21.68 0.00106394
21.69 0.000782882
21.7 0.000475131
21.71 0.000144157
21.72 -0.000206349
21.73 -0.000572458
21.74 -0.000949984
21.75 -0.00133447
21.76 -0.00172121
21.77 -0.00210525
21.78 -0.00248153
21.79 -0.002845
21.8 -0.00319076
21.81 -0.00351429
21.82 -0.00381154
21.83 -0.0040791
21.84 -0.00431423
21.85 -0.00451483
21.86 -0.00467942
21.87 -0.00480716
21.88 -0.0048978
21.89 -0.00495166
21.9 -0.00496951
21.91 -0.00495244
21.92 -0.00490182
21.93 -0.00481919
21.94 -0.00470624
21.95 -0.0045648
21.96 -0.00439698
21.97 -0.00420533
21.98 -0.00399284
21.99 -0.00376306
22 -0.00352007
22.01 -0.00326846
22.02 -0.00301316
22.03 -0.00275925
22.04 -0.00251167
22.05 -0.00227487
22.06 -0.00205257
22.07 -0.00184756
22.08 -0.00166186
22.09 -0.00149697
22.1 -0.0013539
22.11 -0.00123324
22.12 -0.00113518
22.13 -0.0010596
22.14 -0.00100616
22.15 -0.000974382
22.16 -0.00096375
22.17 -0.000973673
22.18 -0.00100348
22.19 -0.00105239
22.2 -0.00111941
22.21 -0.00120326
22.22 -0.00130234
22.23 -0.00141467
22.24 -0.00153799
22.25 -0.00166983
22.26 -0.00180758
22.27 -0.00194861
22.28 -0.00209032
22.29 -0.00223028
22.3 -0.00236637
22.31 -0.00249688
22.32 -0.00262057
22.33 -0.00273658
22.34 -0.00284435
22.35 -0.00294359
22.36 -0.00303418
22.37 -0.0031161
22.38 -0.00318932
22.39 -0.00325379
22.4 -0.00330943
22.41 -0.00335606
22.42 -0.00339342
22.43 -0.00342116
22.44 -0.00343897
22.45 -0.00344648
22.46 -0.00344329
22.47 -0.00342882
22.48 -0.00340236
22.49 -0.00336314
22.5 -0.00331029
22.51 -0.00324282
22.52 -0.00315964
22.53 -0.00305964
22.54 -0.00294177
22.55 -0.00280516
22.56 -0.00264912
22.57 -0.00247306
22.58 -0.00227656
22.59 -0.00205941
22.6 -0.00182161
22.61 -0.0015634
22.62 -0.00128524
22.63 -0.000987932
22.64 -0.000672647
22.65 -0.000340951
22.66 5.19246e-06
22.67 0.000363358
22.68 0.000730655
22.69 0.00110389
22.7 0.00147983
22.71 0.00185537
22.72 0.00222753
22.73 0.0025935
22.74 0.00295061
22.75 0.00329634
22.76 0.00362831
22.77 0.00394422
22.78 0.0042418
22.79 0.00451894
22.8 0.0047737
22.81 0.00500442
22.82 0.00520965
22.83 0.00538824
22.84 0.00553923
22.85 0.00566198
22.86 0.00575605
22.87 0.00582127
22.88 0.00585768
22.89 0.00586551
22.9 0.00584515
22.91 0.00579707
22.92 0.00572185
22.93 0.00562014
22.94 0.00549273
22.95 0.00534046
22.96 0.00516426
22.97 0.00496515
22.98 0.00474438
22.99 0.00450363
23 0.00424521
23.01 0.00397199
23.02 0.00368732
23.03 0.00339489
23.04 0.00309866
23.05 0.00280275
23.06 0.00251128
23.07 0.00222818
23.08 0.00195694
23.09 0.00170058
23.1 0.00146165
23.11 0.0012424
23.12 0.00104478
23.13 0.000870454
23.14 0.000720893
23.15 0.000597311
23.16 0.000500637
23.17 0.000431508
23.18 0.00039032
23.19 0.00037726
23.2 0.000392295
23.21 0.000435131
23.22 0.000505146
23.23 0.000601385
23.24 0.00072263
23.25 0.000867407
23.26 0.00103394
23.27 0.00122024
23.28 0.0014242
23.29 0.00164371
23.3 0.00187655
23.31 0.00212051
23.32 0.00237332
23.33 0.00263262
23.34 0.00289593
23.35 0.00316071
23.36 0.00342432
23.37 0.00368399
23.38 0.00393688
23.39 0.00418008
23.4 0.00441059
23.41 0.00462527
23.42 0.00482101
23.43 0.00499468
23.44 0.00514329
23.45 0.00526392
23.46 0.00535394
23.47 0.00541114
23.48 0.00543393
23.49 0.00542137
23.5 0.00537316
23.51 0.00528952
23.52 0.00517117
23.53 0.00501924
23.54 0.00483525
23.55 0.0046211
23.56 0.00437908
23.57 0.0041118
23.58 0.00382225
23.59 0.00351371
23.6 0.00318969
23.61 0.00285387
23.62 0.0025101
23.63 0.00216238
23.64 0.00181478
23.65 0.00147145
23.66 0.00113648
23.67 0.0008138
23.68 0.000507033
23.69 0.000219457
23.7 -4.60313e-05
23.71 -0.000286972
23.72 -0.000501363
23.73 -0.000687691
23.74 -0.000844957
23.75 -0.000972707
23.76 -0.0010711
23.77 -0.00114097
23.78 -0.00118384
23.79 -0.00120187
23.8 -0.00119772
23.81 -0.00117434
23.82 -0.00113485
23.83 -0.00108244
23.84 -0.00102037
23.85 -0.000951929
23.86 -0.000880374
23.87 -0.000808934
23.88 -0.000740769
23.89 -0.000678987
23.9 -0.000626677
23.91 -0.000586959
23.92 -0.000562961
23.93 -0.000557674
23.94 -0.000573824
23.95 -0.000613787
23.96 -0.00067948
23.97 -0.000772246
23.98 -0.000892729
23.99 -0.00104079
24 -0.00121545
24.01 -0.00141501
24.02 -0.00163717
24.03 -0.00187903
24.04 -0.00213701
24.05 -0.00240681
24.06 -0.00268341
24.07 -0.0029612
24.08 -0.00323431
24.09 -0.0034969
24.1 -0.00374338
24.11 -0.00396855
24.12 -0.00416777
24.13 -0.00433715
24.14 -0.00447369
24.15 -0.00457531
24.16 -0.0046409
24.17 -0.0046701
24.18 -0.00466317
24.19 -0.00462078
24.2 -0.00454408
24.21 -0.00443469
24.22 -0.00429466
24.23 -0.00412648
24.24 -0.00393302
24.25 -0.00371745
24.26 -0.00348324
24.27 -0.00323419
24.28 -0.00297436
24.29 -0.00270811
24.3 -0.00244008
24.31 -0.00217511
24.32 -0.00191795
24.33 -0.00167305
24.34 -0.00144424
24.35 -0.0012346
24.36 -0.00104644
24.37 -0.000881445
24.38 -0.000740799
24.39 -0.000625183
24.4 -0.000534866
24.41 -0.000469807
24.42 -0.000429758
24.43 -0.000414348
24.44 -0.000423104
24.45 -0.000455418
24.46 -0.00051047
24.47 -0.00058716
24.48 -0.000684078
24.49 -0.000799524
24.5 -0.000931574
24.51 -0.00107812
24.52 -0.00123692
24.53 -0.00140564
24.54 -0.00158201
24.55 -0.00176379
24.56 -0.00194879
24.57 -0.00213497
24.58 -0.0023205
24.59 -0.00250374
24.6 -0.00268312
24.61 -0.0028571
24.62 -0.00302421
24.63 -0.00318312
24.64 -0.00333257
24.65 -0.00347123
24.66 -0.00359765
24.67 -0.00371032
24.68 -0.00380772
24.69 -0.00388823
24.7 -0.00395026
24.71 -0.00399227
24.72 -0.00401288
24.73 -0.00401093
24.74 -0.00398552
24.75 -0.00393592
24.76 -0.00386156
24.77 -0.00376213
24.78 -0.00363766
24.79 -0.00348862
24.8 -0.0033159
24.81 -0.00312077
24.82 -0.00290488
24.83 -0.00267035
24.84 -0.00241963
24.85 -0.00215545
24.86 -0.00188075
24.87 -0.00159865
24.88 -0.00131244
24.89 -0.00102563
24.9 -0.000741896
24.91 -0.000465105
24.92 -0.000199168
24.93 5.20231e-05
24.94 0.000284668
24.95 0.000495163
24.96 0.000680164
24.97 0.000836606
24.98 0.000961763
24.99 0.00105337
25 0.0011097
