0.01 3.16651e-09
0.02 1.5231e-08
0.03 3.75256e-08
0.04 6.75866e-08
0.05 1.02968e-07
0.06 1.41274e-07
0.07 1.80191e-07
0.08 2.17489e-07
0.09 2.51022e-07
0.1 2.78732e-07
0.11 2.98684e-07
0.12 3.09072e-07
0.13 3.08193e-07
0.14 2.94395e-07
0.15 2.66074e-07
0.16 2.21737e-07
0.17 1.60058e-07
0.18 7.98938e-08
0.19 -1.96989e-08
0.2 -1.39451e-07
0.21 -2.79869e-07
0.22 -4.4123e-07
0.23 -6.23585e-07
0.24 -8.26788e-07
0.25 -1.05052e-06
0.26 -1.29436e-06
0.27 -1.55783e-06
0.28 -1.84025e-06
0.29 -2.1405e-06
0.3 -2.45695e-06
0.31 -2.78737e-06
0.32 -3.12894e-06
0.33 -3.47805e-06
0.34 -3.83027e-06
0.35 -4.18057e-06
0.36 -4.52366e-06
0.37 -4.85408e-06
0.38 -5.16684e-06
0.39 -5.4582e-06
0.4 -5.7263e-06
0.41 -5.97147e-06
0.42 -6.19576e-06
0.43 -6.40231e-06
0.44 -6.59546e-06
0.45 -6.78051e-06
0.46 -6.96327e-06
0.47 -7.14957e-06
0.48 -7.34468e-06
0.49 -7.55303e-06
0.5 -7.77808e-06
0.51 -8.02255e-06
0.52 -8.2887e-06
0.53 -8.57787e-06
0.54 -8.8907e-06
0.55 -9.2276e-06
0.56 -9.58825e-06
0.57 -9.97177e-06
0.58 -1.03772e-05
0.59 -1.08034e-05
0.6 -1.12491e-05
0.61 -1.17126e-05
0.62 -1.21922e-05
0.63 -1.2686e-05
0.64 -1.31918e-05
0.65 -1.37077e-05
0.66 -1.42317e-05
0.67 -1.47623e-05
0.68 -1.5298e-05
0.69 -1.58377e-05
0.7 -1.63805e-05
0.71 -1.6925e-05
0.72 -1.74694e-05
0.73 -1.80101e-05
0.74 -1.8542e-05
0.75 -1.90572e-05
0.76 -1.95449e-05
0.77 -1.99921e-05
0.78 -2.03846e-05
0.79 -2.07094e-05
0.8 -2.09562e-05
0.81 -2.1118e-05
0.82 -2.11909e-05
0.83 -2.11732e-05
0.84 -2.10656e-05
0.85 -2.08726e-05
0.86 -2.06022e-05
0.87 -2.02613e-05
0.88 -1.98526e-05
0.89 -1.93734e-05
0.9 -1.8818e-05
0.91 -1.81797e-05
0.92 -1.74518e-05
0.93 -1.66299e-05
0.94 -1.57144e-05
0.95 -1.47115e-05
0.96 -1.36346e-05
0.97 -1.25023e-05
0.98 -1.13345e-05
0.99 -1.01464e-05
1 -8.94678e-06
1.01 -7.73879e-06
1.02 -6.51967e-06
1.03 -5.28192e-06
1.04 -4.01574e-06
1.05 -2.71135e-06
1.06 -1.36231e-06
1.07 3.28689e-08
1.08 1.47211e-06
1.09 2.9526e-06
1.1 4.47164e-06
1.11 6.02526e-06
1.12 7.60944e-06
1.13 9.22191e-06
1.14 1.08616e-05
1.15 1.25271e-05
1.16 1.42153e-05
1.17 1.59184e-05
1.18 1.76217e-05
1.19 1.93061e-05
1.2 2.09507e-05
1.21 2.2532e-05
1.22 2.40226e-05
1.23 2.5394e-05
1.24 2.66225e-05
1.25 2.7697e-05
1.26 2.86234e-05
1.27 2.94202e-05
1.28 3.01082e-05
1.29 3.07083e-05
1.3 3.12399e-05
1.31 3.17168e-05
1.32 3.21435e-05
1.33 3.25191e-05
1.34 3.28417e-05
1.35 3.31124e-05
1.36 3.33353e-05
1.37 3.35175e-05
1.38 3.36686e-05
1.39 3.3799e-05
1.4 3.39181e-05
1.41 3.40312e-05
1.42 3.41352e-05
1.43 3.42152e-05
1.44 3.42402e-05
1.45 3.41615e-05
1.46 3.39143e-05
1.47 3.34252e-05
1.48 3.26187e-05
1.49 3.14191e-05
1.5 2.97543e-05
1.51 2.7561e-05
1.52 2.47867e-05
1.53 2.13973e-05
1.54 1.73853e-05
1.55 1.27769e-05
1.56 7.63483e-06
1.57 2.04764e-06
1.58 -3.87879e-06
1.59 -1.00287e-05
1.6 -1.62894e-05
1.61 -2.25588e-05
1.62 -2.87425e-05
1.63 -3.47559e-05
1.64 -4.05237e-05
1.65 -4.59802e-05
1.66 -5.10719e-05
1.67 -5.57592e-05
1.68 -6.00151e-05
1.69 -6.38187e-05
1.7 -6.71524e-05
1.71 -7.00014e-05
1.72 -7.23536e-05
1.73 -7.4197e-05
1.74 -7.55166e-05
1.75 -7.62904e-05
1.76 -7.64944e-05
1.77 -7.61096e-05
1.78 -7.51179e-05
1.79 -7.34968e-05
1.8 -7.12218e-05
1.81 -6.82716e-05
1.82 -6.46278e-05
1.83 -6.02777e-05
1.84 -5.52236e-05
1.85 -4.94888e-05
1.86 -4.31123e-05
1.87 -3.61397e-05
1.88 -2.8616e-05
1.89 -2.0585e-05
1.9 -1.20891e-05
1.91 -3.16885e-06
1.92 6.13746e-06
1.93 1.57916e-05
1.94 2.57426e-05
1.95 3.59111e-05
1.96 4.6189e-05
1.97 5.64455e-05
1.98 6.65321e-05
1.99 7.62952e-05
2 8.55972e-05
2.01 9.43356e-05
2.02 0.000102445
2.03 0.000109896
2.04 0.000116688
2.05 0.000122847
2.06 0.000128405
2.07 0.0001334
2.08 0.000137851
2.09 0.000141755
2.1 0.000145078
2.11 0.000147762
2.12 0.000149723
2.13 0.000150844
2.14 0.000150992
2.15 0.000150026
2.16 0.000147803
2.17 0.000144186
2.18 0.000139045
2.19 0.000132252
2.2 0.000123673
2.21 0.000113178
2.22 0.000100646
2.23 8.59803e-05
2.24 6.9108e-05
2.25 4.99779e-05
2.26 2.85649e-05
2.27 4.89616e-06
2.28 -2.09431e-05
2.29 -4.88228e-05
2.3 -7.85732e-05
2.31 -0.000109985
2.32 -0.000142805
2.33 -0.000176724
2.34 -0.000211376
2.35 -0.000246345
2.36 -0.000281174
2.37 -0.000315383
2.38 -0.000348478
2.39 -0.000379953
2.4 -0.000409312
2.41 -0.000436114
2.42 -0.000459988
2.43 -0.000480626
2.44 -0.000497758
2.45 -0.000511154
2.46 -0.000520623
2.47 -0.000526025
2.48 -0.000527277
2.49 -0.000524334
2.5 -0.000517176
2.51 -0.000505791
2.52 -0.000490175
2.53 -0.000470348
2.54 -0.000446355
2.55 -0.000418259
2.56 -0.000386154
2.57 -0.00035018
2.58 -0.000310553
2.59 -0.000267563
2.6 -0.000221565
2.61 -0.000172966
2.62 -0.000122194
2.63 -6.96841e-05
2.64 -1.58575e-05
2.65 3.88782e-05
2.66 9.41319e-05
2.67 0.000149528
2.68 0.000204696
2.69 0.000259264
2.7 0.000312848
2.71 0.000365073
2.72 0.000415572
2.73 0.00046399
2.74 0.000510009
2.75 0.000553346
2.76 0.00059375
2.77 0.000630989
2.78 0.000664881
2.79 0.000695309
2.8 0.000722209
2.81 0.000745573
2.82 0.00076541
2.83 0.000781721
2.84 0.000794491
2.85 0.000803687
2.86 0.000809268
2.87 0.00081117
2.88 0.0008093
2.89 0.000803539
2.9 0.000793771
2.91 0.000779888
2.92 0.000761791
2.93 0.000739399
2.94 0.000712661
2.95 0.000681561
2.96 0.000646127
2.97 0.00060646
2.98 0.000562741
2.99 0.000515222
3 0.00046421
3.01 0.000410052
3.02 0.000353114
3.03 0.00029376
3.04 0.000232343
3.05 0.000169196
3.06 0.00010462
3.07 3.8882e-05
3.08 -2.77858e-05
3.09 -9.51699e-05
3.1 -0.000163045
3.11 -0.000231146
3.12 -0.000299155
3.13 -0.000366685
3.14 -0.000433301
3.15 -0.000498545
3.16 -0.000561954
3.17 -0.000623056
3.18 -0.000681382
3.19 -0.000736477
3.2 -0.000787934
3.21 -0.000835376
3.22 -0.000878427
3.23 -0.000916699
3.24 -0.000949799
3.25 -0.000977335
3.26 -0.000998932
3.27 -0.00101422
3.28 -0.00102281
3.29 -0.00102436
3.3 -0.00101856
3.31 -0.00100515
3.32 -0.000983941
3.33 -0.000954794
3.34 -0.000917733
3.35 -0.000872935
3.36 -0.000820755
3.37 -0.000761706
3.38 -0.000696447
3.39 -0.000625772
3.4 -0.000550589
3.41 -0.000471905
3.42 -0.000390778
3.43 -0.000308279
3.44 -0.000225465
3.45 -0.000143366
3.46 -6.29675e-05
3.47 1.48352e-05
3.48 8.92913e-05
3.49 0.000159815
3.5 0.000225984
3.51 0.000287522
3.52 0.000344296
3.53 0.000396297
3.54 0.000443606
3.55 0.000486342
3.56 0.000524605
3.57 0.000558463
3.58 0.000587999
3.59 0.000613319
3.6 0.000634513
3.61 0.000651636
3.62 0.000664712
3.63 0.000673741
3.64 0.000678688
3.65 0.000679495
3.66 0.00067607
3.67 0.00066828
3.68 0.000655951
3.69 0.000638893
3.7 0.000616949
3.71 0.000590012
3.72 0.00055801
3.73 0.000520923
3.74 0.000478816
3.75 0.000431822
3.76 0.000380131
3.77 0.000323998
3.78 0.000263741
3.79 0.000199734
3.8 0.000132411
3.81 6.22848e-05
3.82 -1.00649e-05
3.83 -8.4024e-05
3.84 -0.000158946
3.85 -0.000234166
3.86 -0.000309055
3.87 -0.000383064
3.88 -0.000455759
3.89 -0.000526828
3.9 -0.000596086
3.91 -0.000663478
3.92 -0.000729072
3.93 -0.000793027
3.94 -0.000855546
3.95 -0.000916849
3.96 -0.000977149
3.97 -0.00103661
3.98 -0.00109529
3.99 -0.00115311
4 -0.00120984
4.01 -0.00126512
4.02 -0.00131846
4.03 -0.00136929
4.04 -0.00141692
4.05 -0.00146058
4.06 -0.00149941
4.07 -0.00153247
4.08 -0.0015587
4.09 -0.001577
4.1 -0.0015862
4.11 -0.0015852
4.12 -0.001573
4.13 -0.00154888
4.14 -0.00151234
4.15 -0.00146324
4.16 -0.00140182
4.17 -0.0013287
4.18 -0.00124485
4.19 -0.00115152
4.2 -0.00105018
4.21 -0.000942486
4.22 -0.000830179
4.23 -0.000714962
4.24 -0.00059843
4.25 -0.000482077
4.26 -0.000367323
4.27 -0.000255484
4.28 -0.000147729
4.29 -4.5059e-05
4.3 5.17188e-05
4.31 0.000141979
4.32 0.000225253
4.33 0.000301225
4.34 0.000369752
4.35 0.000430884
4.36 0.000484861
4.37 0.000532091
4.38 0.000573117
4.39 0.000608572
4.4 0.000639167
4.41 0.000665687
4.42 0.000688966
4.43 0.00070985
4.44 0.000729168
4.45 0.000747687
4.46 0.000766031
4.47 0.000784631
4.48 0.000803722
4.49 0.000823394
4.5 0.000843672
4.51 0.000864542
4.52 0.000885906
4.53 0.000907547
4.54 0.000929139
4.55 0.000950268
4.56 0.000970444
4.57 0.000989117
4.58 0.00100568
4.59 0.00101948
4.6 0.00102986
4.61 0.00103617
4.62 0.00103786
4.63 0.00103445
4.64 0.00102554
4.65 0.00101086
4.66 0.00099024
4.67 0.000963702
4.68 0.00093145
4.69 0.000893849
4.7 0.000851363
4.71 0.000804492
4.72 0.00075373
4.73 0.000699586
4.74 0.00064256
4.75 0.000583073
4.76 0.000521469
4.77 0.000458051
4.78 0.000393097
4.79 0.000326883
4.8 0.000259681
4.81 0.000191705
4.82 0.000123116
4.83 5.40885e-05
4.84 -1.52025e-05
4.85 -8.46357e-05
4.86 -0.000154124
4.87 -0.00022354
4.88 -0.000292701
4.89 -0.000361405
4.9 -0.000429442
4.91 -0.000496554
4.92 -0.000562432
4.93 -0.000626728
4.94 -0.000689091
4.95 -0.000749169
4.96 -0.000806601
4.97 -0.000860999
4.98 -0.000911937
4.99 -0.000958956
5 -0.00100158
5.01 -0.00103935
5.02 -0.00107191
5.03 -0.00109904
5.04 -0.00112067
5.05 -0.0011369
5.06 -0.00114798
5.07 -0.00115433
5.08 -0.00115652
5.09 -0.00115518
5.1 -0.00115102
5.11 -0.00114481
5.12 -0.00113729
5.13 -0.00112915
5.14 -0.00112099
5.15 -0.00111328
5.16 -0.00110629
5.17 -0.00110007
5.18 -0.00109446
5.19 -0.00108914
5.2 -0.00108369
5.21 -0.00107752
5.22 -0.00106999
5.23 -0.00106044
5.24 -0.00104828
5.25 -0.00103293
5.26 -0.00101381
5.27 -0.00099028
5.28 -0.000961695
5.29 -0.000927446
5.3 -0.000886994
5.31 -0.000839876
5.32 -0.000785749
5.33 -0.000724474
5.34 -0.000656168
5.35 -0.000581192
5.36 -0.000500169
5.37 -0.000414034
5.38 -0.000323999
5.39 -0.000231431
5.4 -0.000137757
5.41 -4.44158e-05
5.42 4.71862e-05
5.43 0.000135755
5.44 0.000220167
5.45 0.000299499
5.46 0.000373023
5.47 0.000440169
5.48 0.000500472
5.49 0.000553556
5.5 0.000599176
5.51 0.000637237
5.52 0.000667745
5.53 0.000690765
5.54 0.000706417
5.55 0.00071491
5.56 0.000716529
5.57 0.000711561
5.58 0.00070024
5.59 0.000682766
5.6 0.000659353
5.61 0.000630269
5.62 0.000595849
5.63 0.000556482
5.64 0.000512617
5.65 0.000464743
5.66 0.000413359
5.67 0.00035901
5.68 0.000302307
5.69 0.000243943
5.7 0.00018469
5.71 0.000125405
5.72 6.70272e-05
5.73 1.05359e-05
5.74 -4.30948e-05
5.75 -9.28891e-05
5.76 -0.000137909
5.77 -0.000177315
5.78 -0.000210414
5.79 -0.000236701
5.8 -0.000255896
5.81 -0.000267961
5.82 -0.000273123
5.83 -0.000271894
5.84 -0.000265036
5.85 -0.000253505
5.86 -0.000238389
5.87 -0.000220877
5.88 -0.000202209
5.89 -0.000183638
5.9 -0.000166374
5.91 -0.000151526
5.92 -0.000140051
5.93 -0.000132753
5.94 -0.000130265
5.95 -0.000133014
5.96 -0.000141154
5.97 -0.000154506
5.98 -0.000172571
5.99 -0.000194592
6 -0.000219578
6.01 -0.000246364
6.02 -0.000273715
6.03 -0.000300367
6.04 -0.000325042
6.05 -0.000346474
6.06 -0.000363478
6.07 -0.000375033
6.08 -0.000380341
6.09 -0.000378828
6.1 -0.000370097
6.11 -0.000353916
6.12 -0.000330237
6.13 -0.00029919
6.14 -0.000261017
6.15 -0.000216001
6.16 -0.00016442
6.17 -0.000106474
6.18 -4.22022e-05
6.19 2.85167e-05
6.2 0.000105883
6.21 0.000190115
6.22 0.000281459
6.23 0.00038019
6.24 0.000486529
6.25 0.000600614
6.26 0.000722527
6.27 0.000852285
6.28 0.000989849
6.29 0.00113516
6.3 0.00128816
6.31 0.00144877
6.32 0.00161694
6.33 0.00179263
6.34 0.00197581
6.35 0.0021664
6.36 0.00236424
6.37 0.00256895
6.38 0.0027798
6.39 0.00299573
6.4 0.00321541
6.41 0.00343734
6.42 0.00365994
6.43 0.00388166
6.44 0.00410107
6.45 0.00431695
6.46 0.00452837
6.47 0.00473465
6.48 0.0049352
6.49 0.0051294
6.5 0.0053165
6.51 0.00549545
6.52 0.00566481
6.53 0.00582283
6.54 0.00596743
6.55 0.00609615
6.56 0.00620624
6.57 0.00629474
6.58 0.00635868
6.59 0.0063952
6.6 0.0064018
6.61 0.00637645
6.62 0.00631765
6.63 0.0062245
6.64 0.00609665
6.65 0.00593414
6.66 0.00573732
6.67 0.00550671
6.68 0.00524301
6.69 0.0049471
6.7 0.00462001
6.71 0.00426297
6.72 0.00387743
6.73 0.00346501
6.74 0.00302752
6.75 0.00256705
6.76 0.00208596
6.77 0.00158689
6.78 0.0010727
6.79 0.000546503
6.8 1.15935e-05
6.81 -0.00052863
6.82 -0.00107078
6.83 -0.00161155
6.84 -0.00214775
6.85 -0.00267639
6.86 -0.00319465
6.87 -0.00369998
6.88 -0.00419002
6.89 -0.00466256
6.9 -0.00511542
6.91 -0.00554643
6.92 -0.00595328
6.93 -0.00633359
6.94 -0.00668479
6.95 -0.00700424
6.96 -0.0072893
6.97 -0.0075375
6.98 -0.00774673
6.99 -0.00791536
7 -0.00804236
7.01 -0.00812729
7.02 -0.00817032
7.03 -0.00817204
7.04 -0.00813331
7.05 -0.00805512
7.06 -0.00793839
7.07 -0.00778394
7.08 -0.00759239
7.09 -0.00736426
7.1 -0.00709999
7.11 -0.00680007
7.12 -0.00646512
7.13 -0.00609616
7.14 -0.00569476
7.15 -0.00526311
7.16 -0.00480399
7.17 -0.00432068
7.18 -0.00381688
7.19 -0.0032965
7.2 -0.00276364
7.21 -0.00222235
7.22 -0.00167653
7.23 -0.00112979
7.24 -0.000585406
7.25 -4.62853e-05
7.26 0.000484965
7.27 0.00100594
7.28 0.00151429
7.29 0.00200762
7.3 0.00248341
7.31 0.00293895
7.32 0.00337139
7.33 0.00377774
7.34 0.00415506
7.35 0.00450062
7.36 0.00481201
7.37 0.0050873
7.38 0.00532514
7.39 0.00552479
7.4 0.00568604
7.41 0.00580919
7.42 0.00589489
7.43 0.00594396
7.44 0.00595727
7.45 0.00593556
7.46 0.00587947
7.47 0.00578949
7.48 0.00566592
7.49 0.00550891
7.5 0.00531846
7.51 0.00509444
7.52 0.00483673
7.53 0.0045453
7.54 0.00422038
7.55 0.00386248
7.56 0.00347238
7.57 0.00305106
7.58 0.00259967
7.59 0.00211954
7.6 0.00161216
7.61 0.00107918
7.62 0.000522664
7.63 -5.48592e-05
7.64 -0.000650267
7.65 -0.00125992
7.66 -0.00187963
7.67 -0.00250462
7.68 -0.0031295
7.69 -0.00374835
7.7 -0.00435482
7.71 -0.00494231
7.72 -0.00550434
7.73 -0.00603489
7.74 -0.00652857
7.75 -0.00698077
7.76 -0.00738763
7.77 -0.00774601
7.78 -0.00805337
7.79 -0.00830781
7.8 -0.00850807
7.81 -0.00865348
7.82 -0.00874395
7.83 -0.00877993
7.84 -0.00876239
7.85 -0.00869283
7.86 -0.00857309
7.87 -0.00840542
7.88 -0.00819232
7.89 -0.00793645
7.9 -0.00764055
7.91 -0.0073074
7.92 -0.00693973
7.93 -0.00654021
7.94 -0.00611139
7.95 -0.00565575
7.96 -0.0051757
7.97 -0.0046736
7.98 -0.00415174
7.99 -0.00361239
8 -0.00305788
8.01 -0.00249071
8.02 -0.00191351
8.03 -0.00132915
8.04 -0.000740693
8.05 -0.000151481
8.06 0.00043486
8.07 0.0010145
8.08 0.0015835
8.09 0.00213795
8.1 0.00267414
8.11 0.00318864
8.12 0.00367857
8.13 0.00414158
8.14 0.00457583
8.15 0.00497998
8.16 0.00535316
8.17 0.00569492
8.18 0.00600511
8.19 0.00628379
8.2 0.0065312
8.21 0.00674764
8.22 0.00693343
8.23 0.0070889
8.24 0.00721441
8.25 0.00731034
8.26 0.00737705
8.27 0.00741481
8.28 0.00742386
8.29 0.00740434
8.3 0.00735619
8.31 0.00727914
8.32 0.00717254
8.33 0.00703536
8.34 0.00686628
8.35 0.00666381
8.36 0.00642642
8.37 0.00615285
8.38 0.00584226
8.39 0.00549445
8.4 0.00511001
8.41 0.00469036
8.42 0.00423759
8.43 0.00375444
8.44 0.00324423
8.45 0.00271082
8.46 0.00215859
8.47 0.00159238
8.48 0.0010174
8.49 0.000439084
8.5 -0.000137051
8.51 -0.000705524
8.52 -0.00126105
8.53 -0.00179876
8.54 -0.00231431
8.55 -0.002804
8.56 -0.00326471
8.57 -0.00369379
8.58 -0.00408901
8.59 -0.0044485
8.6 -0.00477069
8.61 -0.00505421
8.62 -0.00529783
8.63 -0.00550035
8.64 -0.00566054
8.65 -0.00577714
8.66 -0.00584886
8.67 -0.00587443
8.68 -0.00585273
8.69 -0.00578283
8.7 -0.00566415
8.71 -0.0054964
8.72 -0.00527971
8.73 -0.00501466
8.74 -0.00470239
8.75 -0.00434452
8.76 -0.0039432
8.77 -0.00350124
8.78 -0.00302198
8.79 -0.00250933
8.8 -0.00196762
8.81 -0.00140166
8.82 -0.000816585
8.83 -0.000217709
8.84 0.000389662
8.85 0.00100036
8.86 0.00160939
8.87 0.00221198
8.88 0.00280355
8.89 0.00337985
8.9 0.00393701
8.91 0.00447161
8.92 0.00498057
8.93 0.00546117
8.94 0.00591092
8.95 0.00632753
8.96 0.00670881
8.97 0.00705276
8.98 0.00735754
8.99 0.00762142
9 0.00784272
9.01 0.00801974
9.02 0.00815083
9.03 0.00823431
9.04 0.00826858
9.05 0.00825226
9.06 0.00818434
9.07 0.00806425
9.08 0.00789194
9.09 0.00766781
9.1 0.00739272
9.11 0.00706787
9.12 0.00669476
9.13 0.00627521
9.14 0.00581134
9.15 0.00530554
9.16 0.00476058
9.17 0.0041797
9.18 0.00356668
9.19 0.00292591
9.2 0.00226237
9.21 0.00158166
9.22 0.000889977
9.23 0.000194036
9.24 -0.000499161
9.25 -0.0011826
9.26 -0.00184953
9.27 -0.00249368
9.28 -0.00310941
9.29 -0.00369183
9.3 -0.00423674
9.31 -0.00474051
9.32 -0.00519989
9.33 -0.00561201
9.34 -0.00597445
9.35 -0.00628513
9.36 -0.00654234
9.37 -0.00674479
9.38 -0.00689154
9.39 -0.00698208
9.4 -0.00701632
9.41 -0.00699475
9.42 -0.00691847
9.43 -0.00678925
9.44 -0.00660958
9.45 -0.00638272
9.46 -0.00611251
9.47 -0.00580325
9.48 -0.00545948
9.49 -0.00508578
9.5 -0.00468662
9.51 -0.00426621
9.52 -0.00382846
9.53 -0.00337699
9.54 -0.00291519
9.55 -0.0024464
9.56 -0.00197397
9.57 -0.00150132
9.58 -0.00103208
9.59 -0.000570073
9.6 -0.000119267
9.61 0.000316369
9.62 0.000732995
9.63 0.00112705
9.64 0.00149543
9.65 0.00183552
9.66 0.00214529
9.67 0.00242323
9.68 0.00266836
9.69 0.00288022
9.7 0.00305873
9.71 0.00320406
9.72 0.00331654
9.73 0.00339658
9.74 0.00344461
9.75 0.00346097
9.76 0.00344593
9.77 0.00339969
9.78 0.00332243
9.79 0.0032143
9.8 0.00307544
9.81 0.00290597
9.82 0.00270601
9.83 0.00247573
9.84 0.00221535
9.85 0.00192518
9.86 0.00160565
9.87 0.00125752
9.88 0.000881808
9.89 0.000479893
9.9 5.34447e-05
9.91 -0.000395452
9.92 -0.000864264
9.93 -0.00135006
9.94 -0.00184954
9.95 -0.00235906
9.96 -0.00287473
9.97 -0.00339263
9.98 -0.00390897
9.99 -0.00442016
10 -0.00492291
10.01 -0.00541419
10.02 -0.0058913
10.03 -0.00635191
10.04 -0.00679396
10.05 -0.00721547
10.06 -0.00761449
10.07 -0.00798901
10.08 -0.00833698
10.09 -0.00865636
10.1 -0.00894514
10.11 -0.00920135
10.12 -0.00942323
10.13 -0.00960935
10.14 -0.00975866
10.15 -0.00987047
10.16 -0.00994448
10.17 -0.00998069
10.18 -0.00997927
10.19 -0.00994051
10.2 -0.00986477
10.21 -0.00975244
10.22 -0.00960403
10.23 -0.00942024
10.24 -0.00920187
10.25 -0.00894994
10.26 -0.00866571
10.27 -0.00835071
10.28 -0.00800676
10.29 -0.00763586
10.3 -0.00724019
10.31 -0.0068221
10.32 -0.00638396
10.33 -0.00592815
10.34 -0.00545711
10.35 -0.00497335
10.36 -0.00447945
10.37 -0.00397803
10.38 -0.00347173
10.39 -0.00296319
10.4 -0.002455
10.41 -0.00194964
10.42 -0.0014494
10.43 -0.000956323
10.44 -0.000472176
10.45 1.56366e-06
10.46 0.000463673
10.47 0.00091307
10.48 0.00134871
10.49 0.00176948
10.5 0.00217408
10.51 0.00256101
10.52 0.00292854
10.53 0.00327482
10.54 0.00359788
10.55 0.00389579
10.56 0.0041667
10.57 0.00440892
10.58 0.00462088
10.59 0.00480119
10.6 0.0049487
10.61 0.00506241
10.62 0.0051415
10.63 0.0051853
10.64 0.00519325
10.65 0.00516489
10.66 0.0050999
10.67 0.00499812
10.68 0.00485959
10.69 0.00468467
10.7 0.00447409
10.71 0.00422901
10.72 0.00395093
10.73 0.00364169
10.74 0.00330341
10.75 0.00293845
10.76 0.0025494
10.77 0.00213901
10.78 0.0017103
10.79 0.00126644
10.8 0.000810767
10.81 0.00034667
10.82 -0.000122359
10.83 -0.00059276
10.84 -0.00106096
10.85 -0.00152342
10.86 -0.00197673
10.87 -0.00241769
10.88 -0.00284328
10.89 -0.00325068
10.9 -0.00363725
10.91 -0.00400054
10.92 -0.00433823
10.93 -0.00464799
10.94 -0.00492749
10.95 -0.00517435
10.96 -0.00538619
10.97 -0.00556066
10.98 -0.00569553
10.99 -0.00578881
11 -0.00583883
11.01 -0.0058443
11.02 -0.00580435
11.03 -0.00571857
11.04 -0.00558704
11.05 -0.0054103
11.06 -0.00518928
11.07 -0.00492525
11.08 -0.00461984
11.09 -0.00427501
11.1 -0.00389298
11.11 -0.00347618
11.12 -0.00302715
11.13 -0.00254851
11.14 -0.00204303
11.15 -0.00151363
11.16 -0.000963293
11.17 -0.000394989
11.18 0.000188435
11.19 0.000784277
11.2 0.00138999
11.21 0.00200318
11.22 0.00262157
11.23 0.00324299
11.24 0.00386513
11.25 0.00448539
11.26 0.00510074
11.27 0.00570774
11.28 0.00630263
11.29 0.00688149
11.3 0.00744038
11.31 0.00797543
11.32 0.00848295
11.33 0.0089595
11.34 0.00940208
11.35 0.0098082
11.36 0.010176
11.37 0.0105042
11.38 0.0107919
11.39 0.0110384
11.4 0.0112433
11.41 0.0114064
11.42 0.0115274
11.43 0.0116061
11.44 0.0116424
11.45 0.011636
11.46 0.0115869
11.47 0.0114955
11.48 0.0113623
11.49 0.0111885
11.5 0.010976
11.51 0.0107271
11.52 0.0104447
11.53 0.0101321
11.54 0.00979282
11.55 0.00943071
11.56 0.00904943
11.57 0.00865253
11.58 0.00824334
11.59 0.00782497
11.6 0.00740049
11.61 0.00697295
11.62 0.00654542
11.63 0.00612096
11.64 0.00570261
11.65 0.00529333
11.66 0.004896
11.67 0.00451336
11.68 0.00414806
11.69 0.00380249
11.7 0.00347873
11.71 0.00317852
11.72 0.00290313
11.73 0.00265338
11.74 0.00242965
11.75 0.00223178
11.76 0.00205909
11.77 0.00191024
11.78 0.00178326
11.79 0.00167561
11.8 0.00158444
11.81 0.00150683
11.82 0.00144006
11.83 0.00138165
11.84 0.0013294
11.85 0.00128147
11.86 0.00123622
11.87 0.00119214
11.88 0.00114777
11.89 0.00110177
11.9 0.00105288
11.91 0.000999989
11.92 0.000942098
11.93 0.000878352
11.94 0.000808012
11.95 0.000730458
11.96 0.00064517
11.97 0.000551732
11.98 0.00044991
11.99 0.00033974
12 0.000221529
12.01 9.58062e-05
12.02 -3.66469e-05
12.03 -0.000174726
12.04 -0.000317001
12.05 -0.000461797
12.06 -0.000607283
12.07 -0.00075157
12.08 -0.000892854
12.09 -0.00102958
12.1 -0.0011605
12.11 -0.00128469
12.12 -0.0014015
12.13 -0.00151071
12.14 -0.00161247
12.15 -0.00170734
12.16 -0.00179619
12.17 -0.00188006
12.18 -0.00196009
12.19 -0.00203744
12.2 -0.0021133
12.21 -0.00218886
12.22 -0.00226512
12.23 -0.00234298
12.24 -0.00242327
12.25 -0.00250675
12.26 -0.00259397
12.27 -0.00268526
12.28 -0.00278082
12.29 -0.00288064
12.3 -0.00298453
12.31 -0.00309215
12.32 -0.00320289
12.33 -0.00331586
12.34 -0.0034299
12.35 -0.00354364
12.36 -0.00365556
12.37 -0.00376391
12.38 -0.00386673
12.39 -0.00396191
12.4 -0.00404728
12.41 -0.00412063
12.42 -0.0041799
12.43 -0.00422327
12.44 -0.00424911
12.45 -0.00425592
12.46 -0.00424239
12.47 -0.00420731
12.48 -0.00414938
12.49 -0.00406705
12.5 -0.00395847
12.51 -0.00382145
12.52 -0.00365362
12.53 -0.00345246
12.54 -0.00321553
12.55 -0.00294075
12.56 -0.00262647
12.57 -0.00227159
12.58 -0.00187555
12.59 -0.0014382
12.6 -0.000959705
12.61 -0.000440535
12.62 0.000118442
12.63 0.000715838
12.64 0.00134971
12.65 0.00201767
12.66 0.0027169
12.67 0.00344403
12.68 0.00419515
12.69 0.00496574
12.7 0.00575075
12.71 0.00654472
12.72 0.00734196
12.73 0.00813662
12.74 0.00892279
12.75 0.00969465
12.76 0.0104465
12.77 0.011173
12.78 0.011869
12.79 0.0125296
12.8 0.0131503
12.81 0.0137269
12.82 0.0142551
12.83 0.0147313
12.84 0.0151517
12.85 0.0155131
12.86 0.0158129
12.87 0.0160487
12.88 0.0162189
12.89 0.0163226
12.9 0.0163595
12.91 0.01633
12.92 0.0162348
12.93 0.0160751
12.94 0.0158523
12.95 0.0155682
12.96 0.0152247
12.97 0.0148241
12.98 0.0143687
12.99 0.0138614
13 0.0133052
13.01 0.0127033
13.02 0.0120595
13.03 0.0113781
13.04 0.0106636
13.05 0.00992067
13.06 0.00915428
13.07 0.00836923
13.08 0.00757021
13.09 0.00676175
13.1 0.00594807
13.11 0.00513316
13.12 0.00432075
13.13 0.00351451
13.14 0.00271805
13.15 0.00193503
13.16 0.00116921
13.17 0.000424448
13.18 -0.000295324
13.19 -0.00098617
13.2 -0.00164423
13.21 -0.00226586
13.22 -0.00284763
13.23 -0.00338645
13.24 -0.00387953
13.25 -0.00432445
13.26 -0.0047192
13.27 -0.00506217
13.28 -0.0053522
13.29 -0.00558859
13.3 -0.00577106
13.31 -0.00589985
13.32 -0.0059757
13.33 -0.00599989
13.34 -0.00597414
13.35 -0.00590053
13.36 -0.00578137
13.37 -0.00561915
13.38 -0.00541643
13.39 -0.00517585
13.4 -0.00490013
13.41 -0.00459193
13.42 -0.00425392
13.43 -0.00388863
13.44 -0.00349856
13.45 -0.00308605
13.46 -0.00265336
13.47 -0.00220261
13.48 -0.00173585
13.49 -0.00125509
13.5 -0.000762276
13.51 -0.000259332
13.52 0.000251824
13.53 0.000769321
13.54 0.00129138
13.55 0.00181632
13.56 0.00234253
13.57 0.00286842
13.58 0.0033923
13.59 0.00391233
13.6 0.00442647
13.61 0.0049326
13.62 0.00542858
13.63 0.00591232
13.64 0.00638182
13.65 0.00683511
13.66 0.00727033
13.67 0.00768579
13.68 0.00807988
13.69 0.00845102
13.7 0.00879756
13.71 0.00911785
13.72 0.00941028
13.73 0.00967323
13.74 0.00990502
13.75 0.0101039
13.76 0.0102681
13.77 0.0103956
13.78 0.0104842
13.79 0.0105318
13.8 0.0105359
13.81 0.0104938
13.82 0.0104027
13.83 0.0102601
13.84 0.0100638
13.85 0.00981277
13.86 0.00950715
13.87 0.00914779
13.88 0.00873614
13.89 0.00827391
13.9 0.00776309
13.91 0.00720596
13.92 0.00660512
13.93 0.00596338
13.94 0.00528373
13.95 0.00456936
13.96 0.00382369
13.97 0.00305031
13.98 0.00225301
13.99 0.00143568
14 0.00060222
14.01 -0.00024344
14.02 -0.00109737
14.03 -0.00195558
14.04 -0.00281403
14.05 -0.00366868
14.06 -0.00451552
14.07 -0.00535077
14.08 -0.00617087
14.09 -0.00697259
14.1 -0.00775309
14.11 -0.00850996
14.12 -0.00924126
14.13 -0.00994552
14.14 -0.0106218
14.15 -0.0112697
14.16 -0.0118893
14.17 -0.0124809
14.18 -0.0130451
14.19 -0.0135826
14.2 -0.0140941
14.21 -0.0145806
14.22 -0.0150432
14.23 -0.015483
14.24 -0.0159016
14.25 -0.0163006
14.26 -0.016682
14.27 -0.0170478
14.28 -0.0174002
14.29 -0.017741
14.3 -0.0180721
14.31 -0.0183949
14.32 -0.0187108
14.33 -0.0190204
14.34 -0.0193244
14.35 -0.0196231
14.36 -0.0199171
14.37 -0.020207
14.38 -0.0204938
14.39 -0.0207787
14.4 -0.0210631
14.41 -0.0213481
14.42 -0.0216351
14.43 -0.0219253
14.44 -0.0222195
14.45 -0.0225182
14.46 -0.0228212
14.47 -0.0231278
14.48 -0.0234371
14.49 -0.0237478
14.5 -0.0240585
14.51 -0.024368
14.52 -0.024675
14.53 -0.0249783
14.54 -0.025277
14.55 -0.0255704
14.56 -0.0258576
14.57 -0.0261381
14.58 -0.0264113
14.59 -0.0266766
14.6 -0.0269335
14.61 -0.0271811
14.62 -0.0274182
14.63 -0.027643
14.64 -0.0278532
14.65 -0.0280455
14.66 -0.0282161
14.67 -0.0283605
14.68 -0.0284742
14.69 -0.028553
14.7 -0.0285931
14.71 -0.0285914
14.72 -0.0285448
14.73 -0.0284499
14.74 -0.0283025
14.75 -0.028098
14.76 -0.0278314
14.77 -0.027498
14.78 -0.0270938
14.79 -0.0266152
14.8 -0.0260591
14.81 -0.0254228
14.82 -0.0247042
14.83 -0.0239017
14.84 -0.0230142
14.85 -0.0220414
14.86 -0.0209835
14.87 -0.0198411
14.88 -0.0186155
14.89 -0.0173082
14.9 -0.0159211
14.91 -0.0144565
14.92 -0.0129169
14.93 -0.0113054
14.94 -0.00962514
14.95 -0.00787987
14.96 -0.00607368
14.97 -0.00421133
14.98 -0.00229841
14.99 -0.000341692
15 0.00165061
15.01 0.00366853
15.02 0.00570046
15.03 0.00773355
15.04 0.00975424
15.05 0.0117484
15.06 0.0137011
15.07 0.015597
15.08 0.0174209
15.09 0.0191578
15.1 0.0207936
15.11 0.0223149
15.12 0.0237088
15.13 0.0249633
15.14 0.0260675
15.15 0.0270112
15.16 0.0277858
15.17 0.0283841
15.18 0.0288004
15.19 0.0290308
15.2 0.0290731
15.21 0.028926
15.22 0.0285895
15.23 0.0280644
15.24 0.0273525
15.25 0.0264565
15.26 0.0253796
15.27 0.0241258
15.28 0.0226996
15.29 0.0211064
15.3 0.0193531
15.31 0.0174477
15.32 0.0154002
15.33 0.0132216
15.34 0.0109239
15.35 0.00852008
15.36 0.0060233
15.37 0.00344701
15.38 0.000804986
15.39 -0.00188863
15.4 -0.00461929
15.41 -0.00737204
15.42 -0.0101315
15.43 -0.012882
15.44 -0.0156074
15.45 -0.0182914
15.46 -0.0209179
15.47 -0.0234703
15.48 -0.0259322
15.49 -0.0282867
15.5 -0.0305173
15.51 -0.0326069
15.52 -0.0345389
15.53 -0.0362974
15.54 -0.0378676
15.55 -0.039236
15.56 -0.0403904
15.57 -0.0413199
15.58 -0.0420153
15.59 -0.0424687
15.6 -0.0426737
15.61 -0.0426256
15.62 -0.0423213
15.63 -0.0417591
15.64 -0.0409388
15.65 -0.0398621
15.66 -0.0385317
15.67 -0.0369523
15.68 -0.0351298
15.69 -0.0330718
15.7 -0.0307873
15.71 -0.0282867
15.72 -0.0255814
15.73 -0.0226841
15.74 -0.0196084
15.75 -0.0163689
15.76 -0.0129809
15.77 -0.00946063
15.78 -0.00582491
15.79 -0.0020913
15.8 0.0017221
15.81 0.00559659
15.82 0.00951301
15.83 0.0134517
15.84 0.0173928
15.85 0.021316
15.86 0.0252011
15.87 0.0290279
15.88 0.0327769
15.89 0.0364288
15.9 0.0399647
15.91 0.0433664
15.92 0.0466166
15.93 0.0496991
15.94 0.052599
15.95 0.0553021
15.96 0.0577957
15.97 0.0600677
15.98 0.0621073
15.99 0.0639047
16 0.0654513
16.01 0.0667393
16.02 0.0677618
16.03 0.0685129
16.04 0.0689872
16.05 0.0691804
16.06 0.069089
16.07 0.0687112
16.08 0.0680466
16.09 0.0670968
16.1 0.0658653
16.11 0.0643571
16.12 0.0625791
16.13 0.0605396
16.14 0.0582483
16.15 0.0557164
16.16 0.0529562
16.17 0.0499813
16.18 0.0468065
16.19 0.0434474
16.2 0.0399208
16.21 0.0362447
16.22 0.0324377
16.23 0.02852
16.24 0.0245128
16.25 0.0204382
16.26 0.0163198
16.27 0.0121816
16.28 0.00804838
16.29 0.00394471
16.3 -0.000104924
16.31 -0.00407637
16.32 -0.00794603
16.33 -0.0116909
16.34 -0.0152889
16.35 -0.0187189
16.36 -0.0219608
16.37 -0.0249958
16.38 -0.0278067
16.39 -0.0303774
16.4 -0.0326935
16.41 -0.0347421
16.42 -0.0365121
16.43 -0.0379943
16.44 -0.0391815
16.45 -0.0400682
16.46 -0.040651
16.47 -0.0409283
16.48 -0.0409005
16.49 -0.0405698
16.5 -0.0399403
16.51 -0.0390179
16.52 -0.0378105
16.53 -0.0363273
16.54 -0.0345793
16.55 -0.032579
16.56 -0.0303404
16.57 -0.027879
16.58 -0.0252118
16.59 -0.0223569
16.6 -0.0193335
16.61 -0.0161622
16.62 -0.0128644
16.63 -0.00946262
16.64 -0.00598
16.65 -0.00244047
16.66 0.00113154
16.67 0.00471121
16.68 0.0082735
16.69 0.0117932
16.7 0.0152455
16.71 0.0186059
16.72 0.021851
16.73 0.0249591
16.74 0.0279095
16.75 0.0306834
16.76 0.0332637
16.77 0.0356347
16.78 0.0377822
16.79 0.039694
16.8 0.0413594
16.81 0.0427697
16.82 0.0439179
16.83 0.0447987
16.84 0.0454087
16.85 0.045746
16.86 0.0458106
16.87 0.045604
16.88 0.0451293
16.89 0.0443908
16.9 0.0433943
16.91 0.0421472
16.92 0.040658
16.93 0.0389368
16.94 0.036995
16.95 0.0348455
16.96 0.0325023
16.97 0.0299806
16.98 0.0272968
16.99 0.0244681
17 0.0215126
17.01 0.0184492
17.02 0.0152971
17.03 0.012076
17.04 0.00880598
17.05 0.00550686
17.06 0.00219867
17.07 -0.00109861
17.08 -0.00436516
17.09 -0.00758152
17.1 -0.0107287
17.11 -0.0137884
17.12 -0.0167429
17.13 -0.0195753
17.14 -0.0222696
17.15 -0.0248105
17.16 -0.0271842
17.17 -0.0293777
17.18 -0.0313794
17.19 -0.0331788
17.2 -0.0347669
17.21 -0.0361357
17.22 -0.0372789
17.23 -0.0381915
17.24 -0.03887
17.25 -0.0393124
17.26 -0.0395183
17.27 -0.0394888
17.28 -0.0392265
17.29 -0.0387357
17.3 -0.038022
17.31 -0.0370922
17.32 -0.0359546
17.33 -0.0346187
17.34 -0.0330949
17.35 -0.0313952
17.36 -0.0295328
17.37 -0.0275219
17.38 -0.0253781
17.39 -0.023118
17.4 -0.0207593
17.41 -0.0183205
17.42 -0.0158211
17.43 -0.0132808
17.44 -0.0107195
17.45 -0.00815654
17.46 -0.00561069
17.47 -0.00309998
17.48 -0.000641552
17.49 0.00174828
17.5 0.00405389
17.51 0.0062603
17.52 0.00835316
17.53 0.0103189
17.54 0.0121448
17.55 0.0138191
17.56 0.0153314
17.57 0.0166724
17.58 0.0178342
17.59 0.0188105
17.6 0.0195963
17.61 0.0201885
17.62 0.0205854
17.63 0.0207873
17.64 0.0207958
17.65 0.020614
17.66 0.0202468
17.67 0.0197001
17.68 0.0189812
17.69 0.0180986
17.7 0.0170617
17.71 0.0158805
17.72 0.0145657
17.73 0.0131281
17.74 0.0115792
17.75 0.00993064
17.76 0.00819513
17.77 0.00638592
17.78 0.00451707
17.79 0.00260339
17.8 0.000660213
17.81 -0.00129681
17.82 -0.00325202
17.83 -0.00518989
17.84 -0.00709517
17.85 -0.00895296
17.86 -0.0107488
17.87 -0.0124688
17.88 -0.0140999
17.89 -0.0156302
17.9 -0.0170487
17.91 -0.0183458
17.92 -0.0195133
17.93 -0.0205442
17.94 -0.0214324
17.95 -0.0221729
17.96 -0.0227621
17.97 -0.0231972
17.98 -0.0234768
17.99 -0.0236002
18 -0.0235681
18.01 -0.0233819
18.02 -0.0230442
18.03 -0.0225584
18.04 -0.0219286
18.05 -0.0211598
18.06 -0.0202578
18.07 -0.019229
18.08 -0.0180807
18.09 -0.0168208
18.1 -0.0154579
18.11 -0.0140013
18.12 -0.0124607
18.13 -0.0108462
18.14 -0.00916828
18.15 -0.00743742
18.16 -0.0056643
18.17 -0.00385957
18.18 -0.00203381
18.19 -0.000197513
18.2 0.00163904
18.21 0.0034658
18.22 0.00527286
18.23 0.0070505
18.24 0.00878912
18.25 0.0104794
18.26 0.0121121
18.27 0.0136787
18.28 0.0151708
18.29 0.0165808
18.3 0.0179018
18.31 0.0191272
18.32 0.0202515
18.33 0.0212697
18.34 0.0221774
18.35 0.0229709
18.36 0.0236471
18.37 0.0242036
18.38 0.0246383
18.39 0.0249502
18.4 0.025139
18.41 0.0252053
18.42 0.0251504
18.43 0.0249769
18.44 0.0246881
18.45 0.0242882
18.46 0.0237825
18.47 0.023177
18.48 0.0224784
18.49 0.0216939
18.5 0.0208313
18.51 0.0198986
18.52 0.0189039
18.53 0.0178555
18.54 0.0167617
18.55 0.0156308
18.56 0.0144711
18.57 0.0132906
18.58 0.0120975
18.59 0.0108999
18.6 0.00970588
18.61 0.00852345
18.62 0.00736056
18.63 0.00622499
18.64 0.00512428
18.65 0.00406568
18.66 0.00305596
18.67 0.00210127
18.68 0.00120689
18.69 0.000377022
18.7 -0.000385405
18.71 -0.00107876
18.72 -0.00170268
18.73 -0.00225803
18.74 -0.00274644
18.75 -0.00317
18.76 -0.00353104
18.77 -0.00383223
18.78 -0.00407655
18.79 -0.00426733
18.8 -0.00440823
18.81 -0.00450329
18.82 -0.00455684
18.83 -0.00457352
18.84 -0.00455828
18.85 -0.00451625
18.86 -0.00445282
18.87 -0.00437345
18.88 -0.00428363
18.89 -0.00418873
18.9 -0.00409383
18.91 -0.00400354
18.92 -0.00392185
18.93 -0.00385205
18.94 -0.00379671
18.95 -0.00375792
18.96 -0.00373759
18.97 -0.0037375
18.98 -0.00375938
18.99 -0.00380503
19 -0.00387643
19.01 -0.00397573
19.02 -0.00410525
19.03 -0.00426734
19.04 -0.00446425
19.05 -0.00469785
19.06 -0.00496951
19.07 -0.00528004
19.08 -0.00562962
19.09 -0.00601787
19.1 -0.0064439
19.11 -0.00690656
19.12 -0.00740462
19.13 -0.00793693
19.14 -0.0085023
19.15 -0.00909941
19.16 -0.00972658
19.17 -0.0103816
19.18 -0.0110614
19.19 -0.0117621
19.2 -0.0124788
19.21 -0.0132058
19.22 -0.0139368
19.23 -0.0146649
19.24 -0.0153832
19.25 -0.016085
19.26 -0.0167641
19.27 -0.0174154
19.28 -0.0180345
19.29 -0.0186176
19.3 -0.019161
19.31 -0.0196609
19.32 -0.0201138
19.33 -0.0205157
19.34 -0.0208629
19.35 -0.0211514
19.36 -0.0213772
19.37 -0.0215364
19.38 -0.0216253
19.39 -0.0216409
19.4 -0.0215807
19.41 -0.0214427
19.42 -0.0212253
19.43 -0.0209274
19.44 -0.0205485
19.45 -0.0200883
19.46 -0.0195475
19.47 -0.0189268
19.48 -0.0182279
19.49 -0.0174525
19.5 -0.0166033
19.51 -0.0156835
19.52 -0.0146969
19.53 -0.0136478
19.54 -0.012541
19.55 -0.0113822
19.56 -0.010178
19.57 -0.00893526
19.58 -0.00766161
19.59 -0.00636475
19.6 -0.00505262
19.61 -0.00373333
19.62 -0.0024151
19.63 -0.00110616
19.64 0.00018539
19.65 0.00145156
19.66 0.00268452
19.67 0.00387662
19.68 0.00502044
19.69 0.00610884
19.7 0.00713488
19.71 0.00809196
19.72 0.00897389
19.73 0.00977494
19.74 0.0104899
19.75 0.0111145
19.76 0.011645
19.77 0.0120786
19.78 0.0124136
19.79 0.0126485
19.8 0.0127829
19.81 0.0128166
19.82 0.0127503
19.83 0.012585
19.84 0.0123222
19.85 0.0119639
19.86 0.0115123
19.87 0.0109704
19.88 0.0103411
19.89 0.00962814
19.9 0.00883583
19.91 0.00796892
19.92 0.00703285
19.93 0.00603361
19.94 0.00497764
19.95 0.00387164
19.96 0.00272247
19.97 0.00153702
19.98 0.000322181
19.99 -0.000915293
20 -0.00216872
20.01 -0.0034315
20.02 -0.00469704
20.03 -0.00595868
20.04 -0.00720944
20.05 -0.00844196
20.06 -0.00964858
20.07 -0.0108214
20.08 -0.0119522
20.09 -0.0130329
20.1 -0.0140549
20.11 -0.0150101
20.12 -0.0158905
20.13 -0.0166887
20.14 -0.0173981
20.15 -0.0180124
20.16 -0.0185263
20.17 -0.0189351
20.18 -0.019235
20.19 -0.0194231
20.2 -0.0194977
20.21 -0.0194578
20.22 -0.0193035
20.23 -0.0190356
20.24 -0.0186557
20.25 -0.0181658
20.26 -0.0175688
20.27 -0.0168684
20.28 -0.0160691
20.29 -0.0151762
20.3 -0.0141956
20.31 -0.0131341
20.32 -0.011999
20.33 -0.0107981
20.34 -0.00953966
20.35 -0.00823232
20.36 -0.00688471
20.37 -0.00550553
20.38 -0.00410322
20.39 -0.00268595
20.4 -0.0012615
20.41 0.000162729
20.42 0.00157972
20.43 0.00298278
20.44 0.00436554
20.45 0.00572178
20.46 0.00704543
20.47 0.00833065
20.48 0.00957194
20.49 0.0107642
20.5 0.0119026
20.51 0.0129828
20.52 0.014001
20.53 0.0149536
20.54 0.0158378
20.55 0.0166508
20.56 0.0173906
20.57 0.0180552
20.58 0.0186432
20.59 0.0191527
20.6 0.0195822
20.61 0.01993
20.62 0.0201948
20.63 0.0203753
20.64 0.0204708
20.65 0.0204812
20.66 0.0204067
20.67 0.020248
20.68 0.0200067
20.69 0.0196847
20.7 0.0192846
20.71 0.0188095
20.72 0.0182632
20.73 0.0176498
20.74 0.0169739
20.75 0.0162402
20.76 0.0154539
20.77 0.0146206
20.78 0.013746
20.79 0.0128366
20.8 0.0118989
20.81 0.0109404
20.82 0.00996884
20.83 0.00899235
20.84 0.00801932
20.85 0.00705799
20.86 0.00611627
20.87 0.00520162
20.88 0.00432103
20.89 0.00348082
20.9 0.00268668
20.91 0.0019438
20.92 0.00125692
20.93 0.000630364
20.94 6.80145e-05
20.95 -0.000426736
20.96 -0.000851114
20.97 -0.00120305
20.98 -0.00148123
20.99 -0.00168516
21 -0.00181515
21.01 -0.0018724
21.02 -0.00185898
21.03 -0.00177774
21.04 -0.00163218
21.05 -0.00142622
21.06 -0.00116405
21.07 -0.000850134
21.08 -0.000489217
21.09 -8.6321e-05
21.1 0.000353328
21.11 0.000824502
21.12 0.00132212
21.13 0.00184133
21.14 0.00237749
21.15 0.00292609
21.16 0.00348271
21.17 0.00404298
21.18 0.00460255
21.19 0.00515714
21.2 0.0057025
21.21 0.00623446
21.22 0.00674901
21.23 0.00724226
21.24 0.00771052
21.25 0.00815039
21.26 0.0085588
21.27 0.00893314
21.28 0.00927123
21.29 0.00957133
21.3 0.00983213
21.31 0.0100526
21.32 0.0102321
21.33 0.0103699
21.34 0.0104656
21.35 0.0105186
21.36 0.0105285
21.37 0.0104951
21.38 0.0104179
21.39 0.0102967
21.4 0.0101311
21.41 0.00992094
21.42 0.00966599
21.43 0.00936638
21.44 0.00902243
21.45 0.00863483
21.46 0.00820469
21.47 0.00773352
21.48 0.0072232
21.49 0.00667587
21.5 0.00609386
21.51 0.00547965
21.52 0.00483594
21.53 0.00416566
21.54 0.0034719
21.55 0.00275791
21.56 0.00202702
21.57 0.00128256
21.58 0.00052774
21.59 -0.000234357
21.6 -0.0010008
21.61 -0.00176871
21.62 -0.00253518
21.63 -0.00329714
21.64 -0.00405137
21.65 -0.00479435
21.66 -0.00552235
21.67 -0.00623146
21.68 -0.00691773
21.69 -0.00757725
21.7 -0.00820628
21.71 -0.00880135
21.72 -0.00935924
21.73 -0.00987689
21.74 -0.0103514
21.75 -0.01078
21.76 -0.0111599
21.77 -0.0114885
21.78 -0.0117632
21.79 -0.0119817
21.8 -0.0121421
21.81 -0.0122429
21.82 -0.0122831
21.83 -0.0122625
21.84 -0.0121817
21.85 -0.0120416
21.86 -0.0118439
21.87 -0.011591
21.88 -0.0112855
21.89 -0.0109306
21.9 -0.01053
21.91 -0.0100872
21.92 -0.00960619
21.93 -0.00909087
21.94 -0.0085451
21.95 -0.00797275
21.96 -0.00737784
21.97 -0.00676462
21.98 -0.00613768
21.99 -0.00550198
22 -0.00486291
22.01 -0.0042262
22.02 -0.00359787
22.03 -0.00298398
22.04 -0.00239036
22.05 -0.00182235
22.06 -0.00128446
22.07 -0.000780307
22.08 -0.000312683
22.09 0.000116162
22.1 0.000504457
22.11 0.000850882
22.12 0.00115453
22.13 0.00141484
22.14 0.00163146
22.15 0.00180424
22.16 0.00193312
22.17 0.00201812
22.18 0.00205942
22.19 0.00205736
22.2 0.00201255
22.21 0.00192595
22.22 0.00179896
22.23 0.0016334
22.24 0.0014315
22.25 0.00119581
22.26 0.000929091
22.27 0.00063433
22.28 0.000314576
22.29 -2.71344e-05
22.3 -0.000387908
22.31 -0.00076512
22.32 -0.00115644
22.33 -0.00155978
22.34 -0.0019732
22.35 -0.00239488
22.36 -0.00282303
22.37 -0.00325587
22.38 -0.00369147
22.39 -0.00412779
22.4 -0.00456269
22.41 -0.00499385
22.42 -0.00541878
22.43 -0.00583492
22.44 -0.00623965
22.45 -0.00663032
22.46 -0.00700419
22.47 -0.00735838
22.48 -0.0076899
22.49 -0.00799569
22.5 -0.00827264
22.51 -0.00851757
22.52 -0.00872725
22.53 -0.00889848
22.54 -0.00902821
22.55 -0.0091136
22.56 -0.0091521
22.57 -0.00914135
22.58 -0.00907926
22.59 -0.00896402
22.6 -0.0087942
22.61 -0.00856868
22.62 -0.00828671
22.63 -0.00794803
22.64 -0.0075529
22.65 -0.00710211
22.66 -0.00659706
22.67 -0.00603976
22.68 -0.00543291
22.69 -0.00477973
22.7 -0.00408369
22.71 -0.00334838
22.72 -0.00257751
22.73 -0.00177488
22.74 -0.000944417
22.75 -9.01558e-05
22.76 0.000783744
22.77 0.00167293
22.78 0.00257285
22.79 0.00347883
22.8 0.00438612
22.81 0.00529003
22.82 0.00618587
22.83 0.007069
22.84 0.00793483
22.85 0.00877889
22.86 0.00959678
22.87 0.0103842
22.88 0.0111371
22.89 0.0118514
22.9 0.0125232
22.91 0.0131487
22.92 0.0137241
22.93 0.014246
22.94 0.0147108
22.95 0.0151154
22.96 0.0154567
22.97 0.0157321
22.98 0.0159392
22.99 0.0160764
23 0.0161427
23.01 0.0161382
23.02 0.0160637
23.03 0.0159208
23.04 0.0157115
23.05 0.0154384
23.06 0.0151047
23.07 0.0147137
23.08 0.0142687
23.09 0.0137731
23.1 0.0132302
23.11 0.0126436
23.12 0.0120169
23.13 0.0113541
23.14 0.0106594
23.15 0.00993698
23.16 0.00919147
23.17 0.00842746
23.18 0.00764971
23.19 0.00686313
23.2 0.00607274
23.21 0.00528357
23.22 0.00450058
23.23 0.00372863
23.24 0.00297247
23.25 0.00223671
23.26 0.00152576
23.27 0.000843819
23.28 0.000194994
23.29 -0.000416725
23.3 -0.00098752
23.31 -0.00151377
23.32 -0.00199208
23.33 -0.0024194
23.34 -0.00279311
23.35 -0.00311097
23.36 -0.0033712
23.37 -0.00357257
23.38 -0.00371437
23.39 -0.0037964
23.4 -0.00381912
23.41 -0.00378358
23.42 -0.00369142
23.43 -0.00354483
23.44 -0.00334648
23.45 -0.00309955
23.46 -0.00280757
23.47 -0.00247421
23.48 -0.00210315
23.49 -0.00169802
23.5 -0.00126239
23.51 -0.000799828
23.52 -0.000313948
23.53 0.000191562
23.54 0.000712968
23.55 0.00124652
23.56 0.00178848
23.57 0.00233515
23.58 0.00288296
23.59 0.00342844
23.6 0.00396822
23.61 0.00449902
23.62 0.00501774
23.63 0.00552144
23.64 0.00600743
23.65 0.00647322
23.66 0.00691652
23.67 0.00733514
23.68 0.00772696
23.69 0.00808989
23.7 0.00842189
23.71 0.00872098
23.72 0.0089852
23.73 0.00921267
23.74 0.00940153
23.75 0.00954998
23.76 0.00965617
23.77 0.00971818
23.78 0.00973397
23.79 0.00970148
23.8 0.00961866
23.81 0.00948372
23.82 0.00929525
23.83 0.00905221
23.84 0.00875396
23.85 0.00840024
23.86 0.0079912
23.87 0.00752736
23.88 0.0070096
23.89 0.00643911
23.9 0.00581731
23.91 0.00514577
23.92 0.00442616
23.93 0.00366037
23.94 0.00285059
23.95 0.00199934
23.96 0.00110957
23.97 0.000184714
23.98 -0.00077123
23.99 -0.00175361
24 -0.00275712
24.01 -0.00377592
24.02 -0.00480376
24.03 -0.00583401
24.04 -0.0068596
24.05 -0.00787295
24.06 -0.00886595
24.07 -0.00983014
24.08 -0.010757
24.09 -0.0116382
24.1 -0.0124658
24.11 -0.0132325
24.12 -0.0139317
24.13 -0.0145576
24.14 -0.0151054
24.15 -0.0155714
24.16 -0.0159531
24.17 -0.0162488
24.18 -0.0164576
24.19 -0.0165789
24.2 -0.0166132
24.21 -0.0165612
24.22 -0.0164246
24.23 -0.0162054
24.24 -0.0159065
24.25 -0.015531
24.26 -0.0150828
24.27 -0.0145662
24.28 -0.0139861
24.29 -0.0133481
24.3 -0.0126582
24.31 -0.0119229
24.32 -0.0111489
24.33 -0.0103432
24.34 -0.00951209
24.35 -0.00866172
24.36 -0.00779767
24.37 -0.00692521
24.38 -0.00604939
24.39 -0.005175
24.4 -0.00430667
24.41 -0.00344891
24.42 -0.00260622
24.43 -0.00178309
24.44 -0.000984029
24.45 -0.0002135
24.46 0.000524221
24.47 0.00122513
24.48 0.00188557
24.49 0.00250224
24.5 0.00307217
24.51 0.00359273
24.52 0.00406162
24.53 0.00447684
24.54 0.00483659
24.55 0.00513934
24.56 0.00538384
24.57 0.00556904
24.58 0.00569405
24.59 0.00575821
24.6 0.0057612
24.61 0.0057031
24.62 0.00558437
24.63 0.00540581
24.64 0.0051686
24.65 0.00487444
24.66 0.00452564
24.67 0.00412503
24.68 0.00367592
24.69 0.00318214
24.7 0.00264799
24.71 0.00207809
24.72 0.00147738
24.73 0.00085092
24.74 0.000203938
24.75 -0.000458193
24.76 -0.00112994
24.77 -0.00180571
24.78 -0.00248002
24.79 -0.00314759
24.8 -0.0038034
24.81 -0.00444265
24.82 -0.00506084
24.83 -0.00565391
24.84 -0.00621811
24.85 -0.00675003
24.86 -0.0072466
24.87 -0.00770507
24.88 -0.00812307
24.89 -0.00849869
24.9 -0.00883053
24.91 -0.0091177
24.92 -0.00935976
24.93 -0.00955669
24.94 -0.00970886
24.95 -0.00981696
24.96 -0.00988195
24.97 -0.00990509
24.98 -0.00988789
24.99 -0.00983201
25 -0.00973917
