0.01 3.16891e-09
0.02 1.52493e-08
0.03 3.75975e-08
0.04 6.7785e-08
0.05 1.03408e-07
0.06 1.42118e-07
0.07 1.81647e-07
0.08 2.19811e-07
0.09 2.54503e-07
0.1 2.83695e-07
0.11 3.05471e-07
0.12 3.18034e-07
0.13 3.19669e-07
0.14 3.08698e-07
0.15 2.83472e-07
0.16 2.4243e-07
0.17 1.84157e-07
0.18 1.07398e-07
0.19 1.10705e-08
0.2 -1.05715e-07
0.21 -2.4365e-07
0.22 -4.03219e-07
0.23 -5.84704e-07
0.24 -7.88209e-07
0.25 -1.01368e-06
0.26 -1.261e-06
0.27 -1.52998e-06
0.28 -1.82025e-06
0.29 -2.13103e-06
0.3 -2.46101e-06
0.31 -2.8083e-06
0.32 -3.1704e-06
0.33 -3.54404e-06
0.34 -3.92508e-06
0.35 -4.30879e-06
0.36 -4.69011e-06
0.37 -5.06381e-06
0.38 -5.42506e-06
0.39 -5.77023e-06
0.4 -6.09753e-06
0.41 -6.40728e-06
0.42 -6.70146e-06
0.43 -6.98315e-06
0.44 -7.2565e-06
0.45 -7.52666e-06
0.46 -7.79921e-06
0.47 -8.07977e-06
0.48 -8.37334e-06
0.49 -8.68411e-06
0.5 -9.01532e-06
0.51 -9.36944e-06
0.52 -9.74851e-06
0.53 -1.01537e-05
0.54 -1.05853e-05
0.55 -1.10438e-05
0.56 -1.15286e-05
0.57 -1.20386e-05
0.58 -1.25728e-05
0.59 -1.313e-05
0.6 -1.37088e-05
0.61 -1.43075e-05
0.62 -1.49242e-05
0.63 -1.5557e-05
0.64 -1.62038e-05
0.65 -1.68625e-05
0.66 -1.75312e-05
0.67 -1.82081e-05
0.68 -1.8892e-05
0.69 -1.95816e-05
0.7 -2.02759e-05
0.71 -2.09737e-05
0.72 -2.16728e-05
0.73 -2.23698e-05
0.74 -2.30594e-05
0.75 -2.37336e-05
0.76 -2.43816e-05
0.77 -2.499e-05
0.78 -2.55445e-05
0.79 -2.60317e-05
0.8 -2.64408e-05
0.81 -2.67644e-05
0.82 -2.69978e-05
0.83 -2.71387e-05
0.84 -2.71867e-05
0.85 -2.71457e-05
0.86 -2.70224e-05
0.87 -2.68227e-05
0.88 -2.65481e-05
0.89 -2.61948e-05
0.9 -2.57558e-05
0.91 -2.52232e-05
0.92 -2.45889e-05
0.93 -2.38471e-05
0.94 -2.29967e-05
0.95 -2.20426e-05
0.96 -2.09965e-05
0.97 -1.98759e-05
0.98 -1.86989e-05
0.99 -1.74794e-05
1 -1.62252e-05
1.01 -1.49382e-05
1.02 -1.36146e-05
1.03 -1.22459e-05
1.04 -1.08217e-05
1.05 -9.3314e-06
1.06 -7.76795e-06
1.07 -6.12933e-06
1.08 -4.41716e-06
1.09 -2.63389e-06
1.1 -7.81947e-07
1.11 1.13485e-06
1.12 3.11255e-06
1.13 5.14881e-06
1.14 7.24238e-06
1.15 9.39169e-06
1.16 1.15931e-05
1.17 1.38383e-05
1.18 1.61122e-05
1.19 1.83945e-05
1.2 2.06637e-05
1.21 2.2895e-05
1.22 2.50597e-05
1.23 2.71276e-05
1.24 2.90732e-05
1.25 3.08831e-05
1.26 3.2561e-05
1.27 3.41224e-05
1.28 3.55855e-05
1.29 3.6968e-05
1.3 3.82863e-05
1.31 3.95508e-05
1.32 4.07631e-05
1.33 4.19186e-05
1.34 4.30123e-05
1.35 4.4042e-05
1.36 4.50084e-05
1.37 4.59155e-05
1.38 4.67696e-05
1.39 4.75781e-05
1.4 4.83474e-05
1.41 4.90799e-05
1.42 4.97701e-05
1.43 5.04003e-05
1.44 5.09374e-05
1.45 5.13301e-05
1.46 5.15118e-05
1.47 5.14064e-05
1.48 5.09361e-05
1.49 5.00226e-05
1.5 4.85909e-05
1.51 4.6574e-05
1.52 4.39158e-05
1.53 4.05781e-05
1.54 3.65484e-05
1.55 3.18481e-05
1.56 2.65342e-05
1.57 2.06897e-05
1.58 1.44149e-05
1.59 7.82002e-06
1.6 1.01241e-06
1.61 -5.91036e-06
1.62 -1.28582e-05
1.63 -1.97497e-05
1.64 -2.65121e-05
1.65 -3.30814e-05
1.66 -3.94043e-05
1.67 -4.54408e-05
1.68 -5.11621e-05
1.69 -5.65447e-05
1.7 -6.15668e-05
1.71 -6.62087e-05
1.72 -7.04519e-05
1.73 -7.42774e-05
1.74 -7.76617e-05
1.75 -8.05735e-05
1.76 -8.29785e-05
1.77 -8.48462e-05
1.78 -8.61462e-05
1.79 -8.68428e-05
1.8 -8.68975e-05
1.81 -8.6274e-05
1.82 -8.49384e-05
1.83 -8.28614e-05
1.84 -8.00285e-05
1.85 -7.64453e-05
1.86 -7.21332e-05
1.87 -6.71192e-05
1.88 -6.14303e-05
1.89 -5.50923e-05
1.9 -4.81293e-05
1.91 -4.05644e-05
1.92 -3.24186e-05
1.93 -2.37137e-05
1.94 -1.44847e-05
1.95 -4.79605e-06
1.96 5.25799e-06
1.97 1.55591e-05
1.98 2.597e-05
1.99 3.6346e-05
2 4.6557e-05
2.01 5.65054e-05
2.02 6.61288e-05
2.03 7.53972e-05
2.04 8.43102e-05
2.05 9.28869e-05
2.06 0.000101155
2.07 0.000109143
2.08 0.000116861
2.09 0.000124291
2.1 0.000131386
2.11 0.000138072
2.12 0.000144245
2.13 0.000149771
2.14 0.000154492
2.15 0.000158245
2.16 0.000160859
2.17 0.00016217
2.18 0.000162017
2.19 0.000160239
2.2 0.000156669
2.21 0.000151136
2.22 0.000143485
2.23 0.000133575
2.24 0.00012129
2.25 0.000106536
2.26 8.92398e-05
2.27 6.93815e-05
2.28 4.69976e-05
2.29 2.21685e-05
2.3 -4.98529e-06
2.31 -3.43039e-05
2.32 -6.55821e-05
2.33 -9.85585e-05
2.34 -0.000132911
2.35 -0.000168266
2.36 -0.000204205
2.37 -0.000240282
2.38 -0.000276031
2.39 -0.00031097
2.4 -0.000344619
2.41 -0.000376545
2.42 -0.00040638
2.43 -0.000433809
2.44 -0.000458546
2.45 -0.000480338
2.46 -0.000498961
2.47 -0.000514235
2.48 -0.000526027
2.49 -0.000534235
2.5 -0.000538771
2.51 -0.000539551
2.52 -0.000536491
2.53 -0.000529523
2.54 -0.000518598
2.55 -0.000503681
2.56 -0.000484758
2.57 -0.000461865
2.58 -0.000435103
2.59 -0.000404647
2.6 -0.000370737
2.61 -0.000333661
2.62 -0.000293733
2.63 -0.00025127
2.64 -0.000206583
2.65 -0.000159972
2.66 -0.000111723
2.67 -6.21162e-05
2.68 -1.14282e-05
2.69 4.00491e-05
2.7 9.20087e-05
2.71 0.00014414
2.72 0.000196132
2.73 0.000247677
2.74 0.000298486
2.75 0.000348303
2.76 0.000396884
2.77 0.000443996
2.78 0.000489443
2.79 0.00053308
2.8 0.000574804
2.81 0.000614555
2.82 0.000652279
2.83 0.000687902
2.84 0.000721325
2.85 0.000752417
2.86 0.00078103
2.87 0.000806988
2.88 0.00083007
2.89 0.000850026
2.9 0.000866597
2.91 0.000879528
2.92 0.000888566
2.93 0.000893467
2.94 0.000894016
2.95 0.000890025
2.96 0.000881348
2.97 0.000867909
2.98 0.000849713
2.99 0.000826831
3 0.000799393
3.01 0.000767571
3.02 0.000731559
3.03 0.000691553
3.04 0.000647745
3.05 0.000600314
3.06 0.000549416
3.07 0.000495182
3.08 0.000437716
3.09 0.000377117
3.1 0.000313508
3.11 0.000247063
3.12 0.000178021
3.13 0.000106705
3.14 3.35041e-05
3.15 -4.11592e-05
3.16 -0.000116838
3.17 -0.000193063
3.18 -0.000269344
3.19 -0.000345197
3.2 -0.000420158
3.21 -0.000493783
3.22 -0.000565605
3.23 -0.000635132
3.24 -0.000701847
3.25 -0.000765215
3.26 -0.000824703
3.27 -0.000879764
3.28 -0.000929823
3.29 -0.000974316
3.3 -0.00101272
3.31 -0.00104455
3.32 -0.00106934
3.33 -0.00108671
3.34 -0.00109639
3.35 -0.0010983
3.36 -0.00109248
3.37 -0.00107916
3.38 -0.0010587
3.39 -0.00103159
3.4 -0.000998447
3.41 -0.000959976
3.42 -0.000916954
3.43 -0.000870174
3.44 -0.00082043
3.45 -0.000768505
3.46 -0.000715153
3.47 -0.000661058
3.48 -0.000606782
3.49 -0.000552744
3.5 -0.000499227
3.51 -0.000446389
3.52 -0.000394274
3.53 -0.000342828
3.54 -0.000291932
3.55 -0.000241456
3.56 -0.000191316
3.57 -0.000141486
3.58 -9.19462e-05
3.59 -4.26835e-05
3.6 6.27892e-06
3.61 5.4857e-05
3.62 0.000102916
3.63 0.000150275
3.64 0.0001967
3.65 0.000241908
3.66 0.000285572
3.67 0.000327303
3.68 0.000366657
3.69 0.000403156
3.7 0.000436345
3.71 0.000465808
3.72 0.000491148
3.73 0.000512016
3.74 0.000528141
3.75 0.000539311
3.76 0.000545371
3.77 0.000546226
3.78 0.00054185
3.79 0.000532272
3.8 0.000517585
3.81 0.00049797
3.82 0.000473685
3.83 0.000445034
3.84 0.000412365
3.85 0.000376062
3.86 0.000336494
3.87 0.000293964
3.88 0.00024869
3.89 0.000200785
3.9 0.00015026
3.91 9.70243e-05
3.92 4.08868e-05
3.93 -1.84075e-05
3.94 -8.11325e-05
3.95 -0.000147552
3.96 -0.0002179
3.97 -0.000292334
3.98 -0.000370881
3.99 -0.000453402
4 -0.00053959
4.01 -0.000628981
4.02 -0.000720966
4.03 -0.000814808
4.04 -0.00090965
4.05 -0.00100452
4.06 -0.00109833
4.07 -0.00118989
4.08 -0.00127788
4.09 -0.00136089
4.1 -0.00143746
4.11 -0.0015061
4.12 -0.0015655
4.13 -0.00161451
4.14 -0.00165224
4.15 -0.00167813
4.16 -0.00169196
4.17 -0.00169391
4.18 -0.00168448
4.19 -0.00166444
4.2 -0.00163478
4.21 -0.00159671
4.22 -0.00155148
4.23 -0.00150034
4.24 -0.00144446
4.25 -0.00138489
4.26 -0.00132268
4.27 -0.00125875
4.28 -0.00119395
4.29 -0.00112895
4.3 -0.00106431
4.31 -0.00100039
4.32 -0.000937485
4.33 -0.00087574
4.34 -0.000815184
4.35 -0.000755688
4.36 -0.000696977
4.37 -0.000638645
4.38 -0.000580195
4.39 -0.000521071
4.4 -0.000460681
4.41 -0.000398391
4.42 -0.000333549
4.43 -0.000265524
4.44 -0.00019373
4.45 -0.000117668
4.46 -3.7003e-05
4.47 4.83842e-05
4.48 0.000138397
4.49 0.000232779
4.5 0.000331191
4.51 0.000433243
4.52 0.00053845
4.53 0.000646197
4.54 0.000755753
4.55 0.000866291
4.56 0.000976905
4.57 0.00108662
4.58 0.00119441
4.59 0.0012992
4.6 0.0013999
4.61 0.00149545
4.62 0.00158486
4.63 0.00166723
4.64 0.00174178
4.65 0.0018078
4.66 0.00186475
4.67 0.00191225
4.68 0.00195013
4.69 0.00197841
4.7 0.0019972
4.71 0.00200667
4.72 0.00200702
4.73 0.00199848
4.74 0.00198129
4.75 0.00195565
4.76 0.0019217
4.77 0.00187956
4.78 0.00182938
4.79 0.00177131
4.8 0.00170556
4.81 0.00163228
4.82 0.00155163
4.83 0.00146379
4.84 0.001369
4.85 0.00126744
4.86 0.00115932
4.87 0.00104491
4.88 0.000924566
4.89 0.000798693
4.9 0.000667733
4.91 0.000532201
4.92 0.000392691
4.93 0.000249859
4.94 0.000104393
4.95 -4.30003e-05
4.96 -0.000191583
4.97 -0.000340568
4.98 -0.000489115
4.99 -0.000636332
5 -0.000781293
5.01 -0.000923085
5.02 -0.00106088
5.03 -0.00119396
5.04 -0.0013218
5.05 -0.00144397
5.06 -0.00156023
5.07 -0.00167053
5.08 -0.00177493
5.09 -0.00187358
5.1 -0.00196672
5.11 -0.00205465
5.12 -0.00213767
5.13 -0.00221604
5.14 -0.00228997
5.15 -0.00235955
5.16 -0.0024247
5.17 -0.00248513
5.18 -0.0025404
5.19 -0.00258995
5.2 -0.00263308
5.21 -0.00266904
5.22 -0.00269701
5.23 -0.00271619
5.24 -0.00272589
5.25 -0.00272544
5.26 -0.00271422
5.27 -0.00269157
5.28 -0.00265687
5.29 -0.00260953
5.3 -0.00254907
5.31 -0.00247513
5.32 -0.00238747
5.33 -0.00228609
5.34 -0.00217125
5.35 -0.0020435
5.36 -0.00190365
5.37 -0.00175286
5.38 -0.00159258
5.39 -0.00142444
5.4 -0.00125015
5.41 -0.00107146
5.42 -0.000890085
5.43 -0.000707688
5.44 -0.000525758
5.45 -0.000345614
5.46 -0.000168398
5.47 4.88447e-06
5.48 0.000173318
5.49 0.000336061
5.5 0.000492387
5.51 0.000641708
5.52 0.00078353
5.53 0.00091741
5.54 0.00104296
5.55 0.00115987
5.56 0.00126791
5.57 0.00136688
5.58 0.0014565
5.59 0.00153648
5.6 0.00160657
5.61 0.00166657
5.62 0.00171636
5.63 0.00175593
5.64 0.00178531
5.65 0.00180461
5.66 0.00181399
5.67 0.00181368
5.68 0.001804
5.69 0.00178538
5.7 0.00175838
5.71 0.00172368
5.72 0.00168207
5.73 0.00163443
5.74 0.00158169
5.75 0.00152479
5.76 0.00146471
5.77 0.00140236
5.78 0.00133855
5.79 0.00127396
5.8 0.00120908
5.81 0.0011442
5.82 0.00107939
5.83 0.00101447
5.84 0.000949058
5.85 0.000882596
5.86 0.000814436
5.87 0.000743851
5.88 0.000670086
5.89 0.000592391
5.9 0.00051007
5.91 0.000422543
5.92 0.000329385
5.93 0.000230327
5.94 0.000125267
5.95 1.43087e-05
5.96 -0.000102182
5.97 -0.000223513
5.98 -0.000348687
5.99 -0.000476459
6 -0.000605365
6.01 -0.000733784
6.02 -0.000860039
6.03 -0.000982439
6.04 -0.0010993
6.05 -0.00120895
6.06 -0.00130985
6.07 -0.00140059
6.08 -0.00148006
6.09 -0.00154734
6.1 -0.00160174
6.11 -0.00164275
6.12 -0.00167004
6.13 -0.0016835
6.14 -0.00168317
6.15 -0.00166914
6.16 -0.0016415
6.17 -0.00160034
6.18 -0.00154556
6.19 -0.00147698
6.2 -0.00139432
6.21 -0.00129735
6.22 -0.00118582
6.23 -0.00105947
6.24 -0.000918149
6.25 -0.00076178
6.26 -0.00059039
6.27 -0.000404086
6.28 -0.000203058
6.29 1.24656e-05
6.3 0.000242226
6.31 0.000485936
6.32 0.000743315
6.33 0.00101407
6.34 0.0012979
6.35 0.00159443
6.36 0.00190322
6.37 0.00222357
6.38 0.00255442
6.39 0.00289437
6.4 0.00324177
6.41 0.00359473
6.42 0.0039513
6.43 0.00430956
6.44 0.00466769
6.45 0.00502404
6.46 0.00537727
6.47 0.00572627
6.48 0.00607001
6.49 0.00640744
6.5 0.00673735
6.51 0.00705822
6.52 0.00736816
6.53 0.00766497
6.54 0.00794608
6.55 0.00820858
6.56 0.00844921
6.57 0.00866455
6.58 0.00885111
6.59 0.00900555
6.6 0.00912483
6.61 0.00920639
6.62 0.00924821
6.63 0.00924883
6.64 0.00920732
6.65 0.0091232
6.66 0.00899623
6.67 0.00882637
6.68 0.00861377
6.69 0.00835874
6.7 0.0080618
6.71 0.00772366
6.72 0.00734525
6.73 0.00692773
6.74 0.00647246
6.75 0.00598114
6.76 0.00545574
6.77 0.00489857
6.78 0.00431223
6.79 0.00369958
6.8 0.00306378
6.81 0.0024081
6.82 0.00173589
6.83 0.00105051
6.84 0.000355242
6.85 -0.000346722
6.86 -0.00105232
6.87 -0.00175862
6.88 -0.00246285
6.89 -0.00316228
6.9 -0.00385414
6.91 -0.00453557
6.92 -0.00520351
6.93 -0.00585473
6.94 -0.00648576
6.95 -0.00709295
6.96 -0.00767261
6.97 -0.00822111
6.98 -0.00873512
6.99 -0.00921177
7 -0.00964867
7.01 -0.010044
7.02 -0.0103965
7.03 -0.0107052
7.04 -0.0109696
7.05 -0.0111891
7.06 -0.011363
7.07 -0.0114907
7.08 -0.0115713
7.09 -0.0116036
7.1 -0.0115867
7.11 -0.0115195
7.12 -0.0114013
7.13 -0.0112316
7.14 -0.0110107
7.15 -0.0107395
7.16 -0.0104195
7.17 -0.0100529
7.18 -0.00964233
7.19 -0.00919073
7.2 -0.00870136
7.21 -0.00817754
7.22 -0.00762258
7.23 -0.0070396
7.24 -0.00643154
7.25 -0.00580111
7.26 -0.00515087
7.27 -0.00448331
7.28 -0.00380102
7.29 -0.0031068
7.3 -0.00240371
7.31 -0.00169513
7.32 -0.000984775
7.33 -0.000276607
7.34 0.000425305
7.35 0.00111695
7.36 0.00179451
7.37 0.0024545
7.38 0.00309392
7.39 0.00371021
7.4 0.00430128
7.41 0.00486541
7.42 0.00540117
7.43 0.00590722
7.44 0.00638217
7.45 0.0068245
7.46 0.00723252
7.47 0.00760436
7.48 0.00793796
7.49 0.00823109
7.5 0.00848138
7.51 0.00868635
7.52 0.00884357
7.53 0.00895074
7.54 0.00900585
7.55 0.00900726
7.56 0.00895366
7.57 0.00884403
7.58 0.00867759
7.59 0.00845389
7.6 0.00817272
7.61 0.00783418
7.62 0.00743888
7.63 0.00698808
7.64 0.00648377
7.65 0.0059286
7.66 0.00532596
7.67 0.00468001
7.68 0.0039957
7.69 0.00327869
7.7 0.00253529
7.71 0.00177228
7.72 0.000996517
7.73 0.000214625
7.74 -0.000567181
7.75 -0.00134323
7.76 -0.00210839
7.77 -0.00285803
7.78 -0.00358789
7.79 -0.00429416
7.8 -0.00497347
7.81 -0.00562284
7.82 -0.00623971
7.83 -0.00682188
7.84 -0.00736754
7.85 -0.00787527
7.86 -0.00834388
7.87 -0.00877248
7.88 -0.00916038
7.89 -0.00950699
7.9 -0.00981173
7.91 -0.0100741
7.92 -0.0102934
7.93 -0.0104692
7.94 -0.0106007
7.95 -0.0106871
7.96 -0.0107279
7.97 -0.0107223
7.98 -0.0106697
7.99 -0.0105696
8 -0.0104217
8.01 -0.0102261
8.02 -0.00998301
8.03 -0.00969328
8.04 -0.00935803
8.05 -0.00897891
8.06 -0.00855807
8.07 -0.00809809
8.08 -0.00760191
8.09 -0.00707268
8.1 -0.00651365
8.11 -0.00592799
8.12 -0.00531863
8.13 -0.00468824
8.14 -0.00403922
8.15 -0.00337374
8.16 -0.00269378
8.17 -0.00200114
8.18 -0.00129757
8.19 -0.000584827
8.2 0.000135257
8.21 0.000860729
8.22 0.00158943
8.23 0.00231903
8.24 0.00304707
8.25 0.00377095
8.26 0.00448789
8.27 0.00519492
8.28 0.00588892
8.29 0.00656659
8.3 0.00722436
8.31 0.00785837
8.32 0.00846437
8.33 0.0090377
8.34 0.00957341
8.35 0.0100664
8.36 0.0105114
8.37 0.0109038
8.38 0.0112392
8.39 0.0115139
8.4 0.0117252
8.41 0.0118713
8.42 0.0119511
8.43 0.0119645
8.44 0.011912
8.45 0.0117947
8.46 0.0116147
8.47 0.0113745
8.48 0.0110774
8.49 0.0107271
8.5 0.0103275
8.51 0.00988286
8.52 0.00939758
8.53 0.00887584
8.54 0.00832159
8.55 0.00773846
8.56 0.00712981
8.57 0.0064988
8.58 0.00584851
8.59 0.00518192
8.6 0.00450205
8.61 0.00381194
8.62 0.00311481
8.63 0.00241413
8.64 0.00171361
8.65 0.00101726
8.66 0.000329352
8.67 -0.000345666
8.68 -0.00100327
8.69 -0.00163897
8.7 -0.00224843
8.71 -0.00282751
8.72 -0.00337229
8.73 -0.00387926
8.74 -0.00434535
8.75 -0.00476791
8.76 -0.00514481
8.77 -0.00547451
8.78 -0.0057561
8.79 -0.00598919
8.8 -0.00617393
8.81 -0.00631101
8.82 -0.00640157
8.83 -0.00644708
8.84 -0.00644916
8.85 -0.00640946
8.86 -0.0063297
8.87 -0.00621159
8.88 -0.00605691
8.89 -0.00586737
8.9 -0.00564457
8.91 -0.00539
8.92 -0.00510507
8.93 -0.00479118
8.94 -0.00444981
8.95 -0.0040826
8.96 -0.00369137
8.97 -0.00327815
8.98 -0.0028451
8.99 -0.00239464
9 -0.00192946
9.01 -0.00145257
9.02 -0.000967304
9.03 -0.000477288
9.04 1.35994e-05
9.05 0.000501414
9.06 0.000982301
9.07 0.0014526
9.08 0.00190888
9.09 0.00234799
9.1 0.00276698
9.11 0.00316308
9.12 0.00353364
9.13 0.0038762
9.14 0.00418847
9.15 0.00446834
9.16 0.00471401
9.17 0.00492413
9.18 0.00509786
9.19 0.005235
9.2 0.00533595
9.21 0.00540183
9.22 0.00543446
9.23 0.0054363
9.24 0.00541025
9.25 0.00535942
9.26 0.00528686
9.27 0.00519538
9.28 0.00508743
9.29 0.00496499
9.3 0.00482962
9.31 0.00468268
9.32 0.00452542
9.33 0.00435907
9.34 0.00418478
9.35 0.00400369
9.36 0.00381692
9.37 0.00362556
9.38 0.00343069
9.39 0.00323333
9.4 0.00303442
9.41 0.00283467
9.42 0.00263454
9.43 0.00243413
9.44 0.00223311
9.45 0.00203071
9.46 0.00182582
9.47 0.00161717
9.48 0.00140345
9.49 0.00118352
9.5 0.000956561
9.51 0.000722152
9.52 0.000480312
9.53 0.000231474
9.54 -2.36324e-05
9.55 -0.000284143
9.56 -0.00054917
9.57 -0.000817905
9.58 -0.00108974
9.59 -0.0013643
9.6 -0.00164143
9.61 -0.00192107
9.62 -0.00220312
9.63 -0.00248735
9.64 -0.00277325
9.65 -0.00305994
9.66 -0.00334622
9.67 -0.00363055
9.68 -0.00391106
9.69 -0.00418565
9.7 -0.00445206
9.71 -0.00470805
9.72 -0.00495149
9.73 -0.00518045
9.74 -0.00539324
9.75 -0.00558855
9.76 -0.00576545
9.77 -0.00592333
9.78 -0.00606192
9.79 -0.00618123
9.8 -0.00628159
9.81 -0.00636363
9.82 -0.00642821
9.83 -0.00647646
9.84 -0.00650967
9.85 -0.00652934
9.86 -0.006537
9.87 -0.00653418
9.88 -0.00652227
9.89 -0.00650256
9.9 -0.00647618
9.91 -0.00644405
9.92 -0.00640674
9.93 -0.00636459
9.94 -0.00631763
9.95 -0.00626565
9.96 -0.00620827
9.97 -0.00614508
9.98 -0.00607583
9.99 -0.00600048
10 -0.00591923
10.01 -0.00583249
10.02 -0.00574098
10.03 -0.00564564
10.04 -0.00554759
10.05 -0.00544793
10.06 -0.00534762
10.07 -0.00524742
10.08 -0.00514786
10.09 -0.00504933
10.1 -0.00495199
10.11 -0.0048559
10.12 -0.00476106
10.13 -0.00466758
10.14 -0.00457571
10.15 -0.00448585
10.16 -0.0043985
10.17 -0.00431422
10.18 -0.0042335
10.19 -0.0041567
10.2 -0.00408398
10.21 -0.00401531
10.22 -0.00395053
10.23 -0.00388944
10.24 -0.00383169
10.25 -0.00377696
10.26 -0.00372495
10.27 -0.00367542
10.28 -0.00362824
10.29 -0.00358327
10.3 -0.00354044
10.31 -0.00349965
10.32 -0.00346072
10.33 -0.00342336
10.34 -0.00338724
10.35 -0.00335203
10.36 -0.00331741
10.37 -0.00328306
10.38 -0.00324864
10.39 -0.00321381
10.4 -0.0031782
10.41 -0.00314136
10.42 -0.00310268
10.43 -0.00306137
10.44 -0.00301644
10.45 -0.00296673
10.46 -0.0029109
10.47 -0.0028476
10.48 -0.00277557
10.49 -0.00269378
10.5 -0.00260151
10.51 -0.00249844
10.52 -0.00238463
10.53 -0.00226045
10.54 -0.0021266
10.55 -0.00198392
10.56 -0.00183337
10.57 -0.001676
10.58 -0.0015129
10.59 -0.00134524
10.6 -0.00117417
10.61 -0.00100088
10.62 -0.000826603
10.63 -0.000652667
10.64 -0.000480473
10.65 -0.000311533
10.66 -0.000147424
10.67 1.02399e-05
10.68 0.000159876
10.69 0.000300028
10.7 0.000429463
10.71 0.000547211
10.72 0.000652516
10.73 0.000744815
10.74 0.000823739
10.75 0.000889064
10.76 0.000940688
10.77 0.000978659
10.78 0.0010032
10.79 0.0010147
10.8 0.00101367
10.81 0.00100072
10.82 0.000976572
10.83 0.000942063
10.84 0.000898113
10.85 0.000845677
10.86 0.000785689
10.87 0.000718995
10.88 0.000646362
10.89 0.000568523
10.9 0.000486167
10.91 0.000399963
10.92 0.000310648
10.93 0.000219114
10.94 0.000126481
10.95 3.41035e-05
10.96 -5.64445e-05
10.97 -0.000143421
10.98 -0.000224979
10.99 -0.000299271
11 -0.000364567
11.01 -0.000419301
11.02 -0.000462095
11.03 -0.000491806
11.04 -0.000507578
11.05 -0.00050881
11.06 -0.000495085
11.07 -0.000466142
11.08 -0.000421904
11.09 -0.000362454
11.1 -0.000287988
11.11 -0.000198754
11.12 -9.50035e-05
11.13 2.30382e-05
11.14 0.000155105
11.15 0.000300851
11.16 0.000459916
11.17 0.000632018
11.18 0.000817006
11.19 0.00101489
11.2 0.00122583
11.21 0.00145011
11.22 0.00168809
11.23 0.00194019
11.24 0.00220661
11.25 0.00248719
11.26 0.00278123
11.27 0.0030875
11.28 0.00340435
11.29 0.00372977
11.3 0.00406163
11.31 0.00439768
11.32 0.00473564
11.33 0.00507336
11.34 0.00540884
11.35 0.00574046
11.36 0.00606698
11.37 0.00638751
11.38 0.00670132
11.39 0.00700775
11.4 0.00730613
11.41 0.00759576
11.42 0.00787575
11.43 0.00814501
11.44 0.00840222
11.45 0.00864596
11.46 0.00887476
11.47 0.00908725
11.48 0.00928228
11.49 0.00945906
11.5 0.00961725
11.51 0.00975701
11.52 0.00987885
11.53 0.00998361
11.54 0.0100723
11.55 0.0101462
11.56 0.0102061
11.57 0.0102531
11.58 0.0102878
11.59 0.0103105
11.6 0.0103217
11.61 0.0103219
11.62 0.0103114
11.63 0.0102909
11.64 0.010261
11.65 0.0102223
11.66 0.0101756
11.67 0.0101215
11.68 0.0100608
11.69 0.00999399
11.7 0.00992167
11.71 0.00984411
11.72 0.00976134
11.73 0.00967314
11.74 0.00957899
11.75 0.00947808
11.76 0.00936924
11.77 0.00925086
11.78 0.00912087
11.79 0.00897685
11.8 0.00881622
11.81 0.00863653
11.82 0.00843567
11.83 0.00821197
11.84 0.0079642
11.85 0.00769157
11.86 0.00739371
11.87 0.00707046
11.88 0.00672184
11.89 0.0063481
11.9 0.00594968
11.91 0.00552723
11.92 0.00508164
11.93 0.00461396
11.94 0.00412545
11.95 0.00361751
11.96 0.00309168
11.97 0.00254966
11.98 0.00199329
11.99 0.00142474
12 0.000846399
12.01 0.000260892
12.02 -0.000328942
12.03 -0.000919972
12.04 -0.00150878
12.05 -0.00209177
12.06 -0.00266521
12.07 -0.0032254
12.08 -0.0037688
12.09 -0.00429215
12.1 -0.00479264
12.11 -0.0052678
12.12 -0.00571559
12.13 -0.00613444
12.14 -0.00652331
12.15 -0.00688163
12.16 -0.00720926
12.17 -0.0075064
12.18 -0.0077734
12.19 -0.00801082
12.2 -0.00821936
12.21 -0.00839984
12.22 -0.00855305
12.23 -0.0086798
12.24 -0.008781
12.25 -0.00885759
12.26 -0.00891047
12.27 -0.00894044
12.28 -0.0089483
12.29 -0.00893478
12.3 -0.00890055
12.31 -0.00884625
12.32 -0.00877237
12.33 -0.00867921
12.34 -0.00856689
12.35 -0.00843545
12.36 -0.00828483
12.37 -0.00811481
12.38 -0.00792503
12.39 -0.00771502
12.4 -0.00748429
12.41 -0.00723235
12.42 -0.00695886
12.43 -0.00666373
12.44 -0.00634704
12.45 -0.00600901
12.46 -0.00565
12.47 -0.00527046
12.48 -0.00487068
12.49 -0.00445065
12.5 -0.00401
12.51 -0.00354797
12.52 -0.00306348
12.53 -0.00255526
12.54 -0.00202201
12.55 -0.00146266
12.56 -0.000876486
12.57 -0.000263175
12.58 0.000377172
12.59 0.00104417
12.6 0.00173723
12.61 0.0024556
12.62 0.00319825
12.63 0.00396378
12.64 0.00475033
12.65 0.00555572
12.66 0.00637747
12.67 0.00721264
12.68 0.00805785
12.69 0.00890922
12.7 0.00976239
12.71 0.0106127
12.72 0.0114553
12.73 0.0122851
12.74 0.0130973
12.75 0.0138869
12.76 0.0146492
12.77 0.0153798
12.78 0.0160744
12.79 0.0167291
12.8 0.0173403
12.81 0.0179045
12.82 0.0184184
12.83 0.0188789
12.84 0.019283
12.85 0.019628
12.86 0.0199118
12.87 0.0201324
12.88 0.0202886
12.89 0.0203796
12.9 0.0204053
12.91 0.020366
12.92 0.0202626
12.93 0.0200959
12.94 0.0198672
12.95 0.019578
12.96 0.0192297
12.97 0.0188242
12.98 0.0183633
12.99 0.0178492
13 0.0172842
13.01 0.016671
13.02 0.0160126
13.03 0.0153123
13.04 0.0145741
13.05 0.0138017
13.06 0.0129994
13.07 0.0121711
13.08 0.0113208
13.09 0.0104523
13.1 0.0095691
13.11 0.00867452
13.12 0.00777174
13.13 0.00686387
13.14 0.00595408
13.15 0.00504564
13.16 0.004142
13.17 0.00324682
13.18 0.0023639
13.19 0.00149716
13.2 0.000650525
13.21 -0.000172149
13.22 -0.000967165
13.23 -0.00173101
13.24 -0.00246038
13.25 -0.00315222
13.26 -0.00380378
13.27 -0.0044126
13.28 -0.00497657
13.29 -0.00549392
13.3 -0.00596324
13.31 -0.00638349
13.32 -0.0067541
13.33 -0.00707497
13.34 -0.00734633
13.35 -0.00756874
13.36 -0.00774297
13.37 -0.00786989
13.38 -0.00795045
13.39 -0.00798567
13.4 -0.00797663
13.41 -0.0079244
13.42 -0.00783002
13.43 -0.0076945
13.44 -0.00751881
13.45 -0.00730384
13.46 -0.00705046
13.47 -0.00675947
13.48 -0.0064317
13.49 -0.006068
13.5 -0.00566927
13.51 -0.0052365
13.52 -0.00477078
13.53 -0.00427327
13.54 -0.00374515
13.55 -0.00318763
13.56 -0.002602
13.57 -0.00198965
13.58 -0.00135218
13.59 -0.000691526
13.6 -9.90766e-06
13.61 0.000690205
13.62 0.00140618
13.63 0.00213533
13.64 0.00287487
13.65 0.00362196
13.66 0.00437371
13.67 0.00512729
13.68 0.00587981
13.69 0.00662829
13.7 0.00736959
13.71 0.00810044
13.72 0.00881752
13.73 0.0095174
13.74 0.0101965
13.75 0.0108511
13.76 0.0114774
13.77 0.0120713
13.78 0.0126284
13.79 0.0131444
13.8 0.0136145
13.81 0.0140338
13.82 0.0143972
13.83 0.0146998
13.84 0.0149372
13.85 0.0151059
13.86 0.0152038
13.87 0.0152295
13.88 0.0151822
13.89 0.0150613
13.9 0.0148668
13.91 0.0145988
13.92 0.0142581
13.93 0.0138454
13.94 0.0133621
13.95 0.0128097
13.96 0.0121902
13.97 0.0115057
13.98 0.010759
13.99 0.00995276
14 0.00909016
14.01 0.00817442
14.02 0.00720901
14.03 0.00619764
14.04 0.00514427
14.05 0.0040531
14.06 0.00292844
14.07 0.00177466
14.08 0.000596055
14.09 -0.000603152
14.1 -0.00181894
14.11 -0.0030475
14.12 -0.00428532
14.13 -0.00552915
14.14 -0.0067761
14.15 -0.0080236
14.16 -0.00926939
14.17 -0.0105114
14.18 -0.0117477
14.19 -0.0129761
14.2 -0.0141947
14.21 -0.0154014
14.22 -0.0165944
14.23 -0.0177718
14.24 -0.018932
14.25 -0.0200737
14.26 -0.0211957
14.27 -0.0222968
14.28 -0.0233762
14.29 -0.0244327
14.3 -0.0254652
14.31 -0.0264723
14.32 -0.0274524
14.33 -0.0284037
14.34 -0.0293241
14.35 -0.0302116
14.36 -0.0310644
14.37 -0.0318812
14.38 -0.0326608
14.39 -0.0334028
14.4 -0.0341068
14.41 -0.0347727
14.42 -0.0354005
14.43 -0.0359905
14.44 -0.0365428
14.45 -0.0370571
14.46 -0.0375329
14.47 -0.0379695
14.48 -0.038366
14.49 -0.0387213
14.5 -0.0390345
14.51 -0.0393052
14.52 -0.0395327
14.53 -0.0397171
14.54 -0.0398588
14.55 -0.0399582
14.56 -0.0400163
14.57 -0.0400341
14.58 -0.0400129
14.59 -0.0399542
14.6 -0.0398595
14.61 -0.0397302
14.62 -0.0395673
14.63 -0.0393715
14.64 -0.0391429
14.65 -0.0388809
14.66 -0.0385839
14.67 -0.0382502
14.68 -0.0378779
14.69 -0.0374651
14.7 -0.0370107
14.71 -0.0365138
14.72 -0.0359739
14.73 -0.0353898
14.74 -0.0347595
14.75 -0.0340804
14.76 -0.0333494
14.77 -0.0325637
14.78 -0.0317209
14.79 -0.0308187
14.8 -0.0298555
14.81 -0.0288295
14.82 -0.0277395
14.83 -0.0265846
14.84 -0.0253642
14.85 -0.0240782
14.86 -0.0227269
14.87 -0.0213107
14.88 -0.0198306
14.89 -0.0182876
14.9 -0.0166828
14.91 -0.0150175
14.92 -0.0132932
14.93 -0.0115116
14.94 -0.00967471
14.95 -0.00778448
14.96 -0.00584339
14.97 -0.00385441
14.98 -0.00182126
14.99 0.000251295
15 0.00235702
15.01 0.00448804
15.02 0.00663479
15.03 0.00878649
15.04 0.0109316
15.05 0.0130578
15.06 0.0151522
15.07 0.0172011
15.08 0.0191908
15.09 0.0211078
15.1 0.0229391
15.11 0.0246721
15.12 0.0262949
15.13 0.0277959
15.14 0.0291641
15.15 0.0303895
15.16 0.031463
15.17 0.0323765
15.18 0.0331234
15.19 0.0336986
15.2 0.0340979
15.21 0.0343185
15.22 0.0343579
15.23 0.0342146
15.24 0.0338875
15.25 0.0333764
15.26 0.0326814
15.27 0.031803
15.28 0.0307422
15.29 0.0295008
15.3 0.0280817
15.31 0.0264893
15.32 0.0247294
15.33 0.0228091
15.34 0.0207365
15.35 0.0185206
15.36 0.0161707
15.37 0.0136966
15.38 0.0111085
15.39 0.00841713
15.4 0.00563392
15.41 0.0027709
15.42 -0.000159169
15.43 -0.00314285
15.44 -0.00616606
15.45 -0.00921415
15.46 -0.012272
15.47 -0.0153239
15.48 -0.0183537
15.49 -0.0213445
15.5 -0.0242789
15.51 -0.0271388
15.52 -0.0299061
15.53 -0.0325627
15.54 -0.0350909
15.55 -0.0374742
15.56 -0.0396965
15.57 -0.0417428
15.58 -0.043599
15.59 -0.045252
15.6 -0.0466897
15.61 -0.0479013
15.62 -0.048877
15.63 -0.0496081
15.64 -0.0500873
15.65 -0.0503084
15.66 -0.0502665
15.67 -0.0499579
15.68 -0.0493804
15.69 -0.0485331
15.7 -0.0474166
15.71 -0.0460326
15.72 -0.0443843
15.73 -0.0424759
15.74 -0.0403128
15.75 -0.0379015
15.76 -0.0352498
15.77 -0.0323662
15.78 -0.0292608
15.79 -0.0259443
15.8 -0.0224289
15.81 -0.0187275
15.82 -0.0148544
15.83 -0.0108248
15.84 -0.00665499
15.85 -0.00236216
15.86 0.00203567
15.87 0.00651992
15.88 0.0110716
15.89 0.0156712
15.9 0.0202991
15.91 0.024935
15.92 0.029559
15.93 0.0341513
15.94 0.0386924
15.95 0.043163
15.96 0.0475441
15.97 0.0518167
15.98 0.0559622
15.99 0.0599624
16 0.0637992
16.01 0.067455
16.02 0.0709124
16.03 0.074154
16.04 0.0771631
16.05 0.0799227
16.06 0.082417
16.07 0.0846309
16.08 0.0865509
16.09 0.0881648
16.1 0.0894623
16.11 0.0904348
16.12 0.0910751
16.13 0.0913778
16.14 0.0913388
16.15 0.0909559
16.16 0.0902283
16.17 0.0891568
16.18 0.0877436
16.19 0.0859929
16.2 0.08391
16.21 0.0815024
16.22 0.078779
16.23 0.075751
16.24 0.0724314
16.25 0.0688353
16.26 0.06498
16.27 0.0608845
16.28 0.0565695
16.29 0.0520567
16.3 0.047369
16.31 0.04253
16.32 0.0375642
16.33 0.0324964
16.34 0.0273521
16.35 0.0221571
16.36 0.0169372
16.37 0.0117182
16.38 0.00652581
16.39 0.00138546
16.4 -0.00367768
16.41 -0.00863893
16.42 -0.0134743
16.43 -0.0181607
16.44 -0.0226761
16.45 -0.0269992
16.46 -0.0311101
16.47 -0.0349899
16.48 -0.0386212
16.49 -0.0419876
16.5 -0.0450744
16.51 -0.0478683
16.52 -0.0503577
16.53 -0.0525322
16.54 -0.0543832
16.55 -0.0559036
16.56 -0.0570882
16.57 -0.0579336
16.58 -0.0584378
16.59 -0.0586012
16.6 -0.0584256
16.61 -0.0579147
16.62 -0.0570744
16.63 -0.0559121
16.64 -0.0544373
16.65 -0.0526612
16.66 -0.0505968
16.67 -0.0482587
16.68 -0.0456633
16.69 -0.0428283
16.7 -0.0397729
16.71 -0.0365172
16.72 -0.0330817
16.73 -0.0294873
16.74 -0.0257551
16.75 -0.021906
16.76 -0.0179611
16.77 -0.0139416
16.78 -0.00986872
16.79 -0.00576345
16.8 -0.00164662
16.81 0.00246126
16.82 0.00653997
16.83 0.0105696
16.84 0.0145308
16.85 0.0184048
16.86 0.0221731
16.87 0.0258181
16.88 0.0293224
16.89 0.0326696
16.9 0.0358437
16.91 0.0388296
16.92 0.0416132
16.93 0.0441813
16.94 0.0465222
16.95 0.0486251
16.96 0.0504809
16.97 0.0520815
16.98 0.0534204
16.99 0.0544925
17 0.0552941
17.01 0.0558227
17.02 0.0560775
17.03 0.0560588
17.04 0.0557682
17.05 0.0552085
17.06 0.0543838
17.07 0.0532995
17.08 0.0519625
17.09 0.0503806
17.1 0.0485628
17.11 0.0465191
17.12 0.0442607
17.13 0.0417996
17.14 0.0391487
17.15 0.0363219
17.16 0.0333339
17.17 0.0301997
17.18 0.0269353
17.19 0.0235569
17.2 0.0200816
17.21 0.0165265
17.22 0.0129091
17.23 0.00924728
17.24 0.00555869
17.25 0.00186107
17.26 -0.00182799
17.27 -0.00549121
17.28 -0.00911164
17.29 -0.0126728
17.3 -0.0161586
17.31 -0.0195535
17.32 -0.0228424
17.33 -0.0260109
17.34 -0.0290454
17.35 -0.0319332
17.36 -0.0346626
17.37 -0.0372231
17.38 -0.0396054
17.39 -0.0418018
17.4 -0.0438056
17.41 -0.0456119
17.42 -0.0472171
17.43 -0.0486189
17.44 -0.0498157
17.45 -0.0508066
17.46 -0.0515914
17.47 -0.0521702
17.48 -0.0525435
17.49 -0.0527128
17.5 -0.05268
17.51 -0.0524483
17.52 -0.0520217
17.53 -0.0514053
17.54 -0.0506051
17.55 -0.0496277
17.56 -0.0484807
17.57 -0.0471719
17.58 -0.0457098
17.59 -0.0441032
17.6 -0.0423614
17.61 -0.0404935
17.62 -0.0385089
17.63 -0.036417
17.64 -0.0342274
17.65 -0.0319495
17.66 -0.029593
17.67 -0.0271675
17.68 -0.0246826
17.69 -0.0221482
17.7 -0.0195743
17.71 -0.0169709
17.72 -0.0143488
17.73 -0.011719
17.74 -0.00909278
17.75 -0.0064813
17.76 -0.00389552
17.77 -0.00134581
17.78 0.0011581
17.79 0.00360725
17.8 0.00599339
17.81 0.00830887
17.82 0.0105465
17.83 0.0126996
17.84 0.0147616
17.85 0.0167268
17.86 0.0185898
17.87 0.0203454
17.88 0.0219891
17.89 0.0235164
17.9 0.0249228
17.91 0.0262043
17.92 0.0273567
17.93 0.0283763
17.94 0.0292596
17.95 0.0300041
17.96 0.0306075
17.97 0.031068
17.98 0.0313845
17.99 0.0315564
18 0.0315838
18.01 0.0314676
18.02 0.031209
18.03 0.0308103
18.04 0.0302743
18.05 0.0296045
18.06 0.0288052
18.07 0.0278812
18.08 0.026838
18.09 0.0256815
18.1 0.0244181
18.11 0.0230545
18.12 0.0215981
18.13 0.0200565
18.14 0.0184379
18.15 0.0167508
18.16 0.0150044
18.17 0.013208
18.18 0.0113715
18.19 0.00950496
18.2 0.00761865
18.21 0.0057231
18.22 0.00382882
18.23 0.00194617
18.24 8.53084e-05
18.25 -0.0017439
18.26 -0.00353193
18.27 -0.00526954
18.28 -0.00694775
18.29 -0.00855791
18.3 -0.0100917
18.31 -0.0115413
18.32 -0.012899
18.33 -0.0141578
18.34 -0.0153111
18.35 -0.0163532
18.36 -0.0172788
18.37 -0.0180836
18.38 -0.018764
18.39 -0.0193168
18.4 -0.0197397
18.41 -0.0200307
18.42 -0.0201884
18.43 -0.0202119
18.44 -0.0201006
18.45 -0.0198543
18.46 -0.0194733
18.47 -0.0189583
18.48 -0.0183106
18.49 -0.017532
18.5 -0.0166248
18.51 -0.0155923
18.52 -0.0144385
18.53 -0.0131681
18.54 -0.0117867
18.55 -0.0103004
18.56 -0.00871624
18.57 -0.00704179
18.58 -0.00528506
18.59 -0.00345447
18.6 -0.00155871
18.61 0.000393312
18.62 0.0023925
18.63 0.00442963
18.64 0.00649534
18.65 0.00858019
18.66 0.0106745
18.67 0.0127685
18.68 0.0148517
18.69 0.0169134
18.7 0.0189421
18.71 0.0209256
18.72 0.0228512
18.73 0.0247059
18.74 0.0264766
18.75 0.0281508
18.76 0.0297166
18.77 0.0311628
18.78 0.0324787
18.79 0.0336546
18.8 0.0346814
18.81 0.0355504
18.82 0.0362541
18.83 0.0367855
18.84 0.0371386
18.85 0.0373079
18.86 0.0372892
18.87 0.0370787
18.88 0.0366741
18.89 0.0360739
18.9 0.0352779
18.91 0.0342872
18.92 0.0331047
18.93 0.0317344
18.94 0.0301822
18.95 0.0284548
18.96 0.0265602
18.97 0.0245069
18.98 0.022304
18.99 0.0199612
19 0.0174883
19.01 0.0148955
19.02 0.0121931
19.03 0.00939144
19.04 0.0065014
19.05 0.00353423
19.06 0.000501772
19.07 -0.00258357
19.08 -0.00570888
19.09 -0.00886076
19.1 -0.0120256
19.11 -0.0151896
19.12 -0.0183394
19.13 -0.0214619
19.14 -0.0245447
19.15 -0.0275753
19.16 -0.0305417
19.17 -0.0334319
19.18 -0.0362334
19.19 -0.0389339
19.2 -0.0415204
19.21 -0.04398
19.22 -0.0463
19.23 -0.0484676
19.24 -0.050471
19.25 -0.0522991
19.26 -0.0539424
19.27 -0.055393
19.28 -0.0566446
19.29 -0.0576923
19.3 -0.0585319
19.31 -0.0591602
19.32 -0.0595745
19.33 -0.0597731
19.34 -0.0597547
19.35 -0.0595186
19.36 -0.0590648
19.37 -0.0583939
19.38 -0.0575076
19.39 -0.0564086
19.4 -0.0551007
19.41 -0.0535888
19.42 -0.0518785
19.43 -0.0499765
19.44 -0.0478902
19.45 -0.0456282
19.46 -0.0431995
19.47 -0.040614
19.48 -0.0378824
19.49 -0.0350161
19.5 -0.032027
19.51 -0.0289279
19.52 -0.0257323
19.53 -0.022454
19.54 -0.0191075
19.55 -0.0157078
19.56 -0.0122709
19.57 -0.00881291
19.58 -0.00535039
19.59 -0.00189982
19.6 0.00152233
19.61 0.00489971
19.62 0.00821618
19.63 0.0114559
19.64 0.0146036
19.65 0.0176445
19.66 0.0205642
19.67 0.023349
19.68 0.0259861
19.69 0.028463
19.7 0.0307683
19.71 0.0328912
19.72 0.0348216
19.73 0.0365508
19.74 0.0380708
19.75 0.0393751
19.76 0.0404582
19.77 0.0413164
19.78 0.0419469
19.79 0.0423483
19.8 0.0425202
19.81 0.0424636
19.82 0.0421802
19.83 0.0416728
19.84 0.0409452
19.85 0.0400021
19.86 0.0388488
19.87 0.0374917
19.88 0.0359379
19.89 0.0341955
19.9 0.0322733
19.91 0.0301814
19.92 0.0279305
19.93 0.0255324
19.94 0.0229996
19.95 0.020345
19.96 0.0175821
19.97 0.0147246
19.98 0.0117862
19.99 0.00878089
20 0.00572262
20.01 0.00262537
20.02 -0.000496805
20.03 -0.0036297
20.04 -0.00675877
20.05 -0.00986911
20.06 -0.0129455
20.07 -0.0159725
20.08 -0.0189347
20.09 -0.0218164
20.1 -0.024602
20.11 -0.0272764
20.12 -0.0298245
20.13 -0.0322326
20.14 -0.0344872
20.15 -0.0365762
20.16 -0.0384881
20.17 -0.0402127
20.18 -0.0417406
20.19 -0.043064
20.2 -0.0441764
20.21 -0.0450725
20.22 -0.0457484
20.23 -0.0462013
20.24 -0.0464296
20.25 -0.0464325
20.26 -0.0462107
20.27 -0.0457661
20.28 -0.0451016
20.29 -0.0442216
20.3 -0.0431317
20.31 -0.0418387
20.32 -0.0403503
20.33 -0.0386755
20.34 -0.0368242
20.35 -0.0348067
20.36 -0.0326345
20.37 -0.0303192
20.38 -0.0278728
20.39 -0.0253074
20.4 -0.0226354
20.41 -0.0198689
20.42 -0.0170203
20.43 -0.0141022
20.44 -0.0111269
20.45 -0.00810731
20.46 -0.00505622
20.47 -0.00198666
20.48 0.00108843
20.49 0.00415624
20.5 0.00720413
20.51 0.0102197
20.52 0.0131907
20.53 0.0161055
20.54 0.0189525
20.55 0.0217208
20.56 0.0243998
20.57 0.0269792
20.58 0.0294491
20.59 0.0317995
20.6 0.0340208
20.61 0.0361035
20.62 0.0380386
20.63 0.0398174
20.64 0.0414321
20.65 0.0428759
20.66 0.0441425
20.67 0.0452267
20.68 0.0461243
20.69 0.0468321
20.7 0.0473479
20.71 0.0476708
20.72 0.0478007
20.73 0.0477385
20.74 0.047486
20.75 0.0470462
20.76 0.0464225
20.77 0.0456196
20.78 0.044643
20.79 0.0434992
20.8 0.0421958
20.81 0.0407417
20.82 0.0391466
20.83 0.0374214
20.84 0.0355777
20.85 0.0336275
20.86 0.0315832
20.87 0.0294572
20.88 0.0272619
20.89 0.0250097
20.9 0.0227128
20.91 0.0203832
20.92 0.018033
20.93 0.0156745
20.94 0.0133195
20.95 0.0109799
20.96 0.0086673
20.97 0.00639265
20.98 0.00416647
20.99 0.00199858
21 -0.000101881
21.01 -0.00212662
21.02 -0.00406819
21.03 -0.00591998
21.04 -0.00767609
21.05 -0.00933119
21.06 -0.0108804
21.07 -0.0123194
21.08 -0.0136444
21.09 -0.0148521
21.1 -0.01594
21.11 -0.0169059
21.12 -0.0177478
21.13 -0.0184642
21.14 -0.0190537
21.15 -0.0195154
21.16 -0.019849
21.17 -0.0200546
21.18 -0.020133
21.19 -0.0200855
21.2 -0.0199141
21.21 -0.0196215
21.22 -0.0192107
21.23 -0.0186854
21.24 -0.0180498
21.25 -0.0173085
21.26 -0.0164664
21.27 -0.0155286
21.28 -0.0145005
21.29 -0.0133876
21.3 -0.0121958
21.31 -0.010931
21.32 -0.00959955
21.33 -0.00820828
21.34 -0.00676433
21.35 -0.00527527
21.36 -0.00374904
21.37 -0.00219393
21.38 -0.000618587
21.39 0.000968082
21.4 0.00255692
21.41 0.00413858
21.42 0.00570364
21.43 0.0072428
21.44 0.00874694
21.45 0.0102072
21.46 0.0116152
21.47 0.0129631
21.48 0.0142433
21.49 0.0154488
21.5 0.016573
21.51 0.0176097
21.52 0.018553
21.53 0.0193979
21.54 0.0201396
21.55 0.0207741
21.56 0.0212979
21.57 0.0217079
21.58 0.0220014
21.59 0.0221762
21.6 0.0222304
21.61 0.0221628
21.62 0.0219728
21.63 0.0216605
21.64 0.0212268
21.65 0.0206736
21.66 0.0200037
21.67 0.0192207
21.68 0.018329
21.69 0.0173335
21.7 0.0162397
21.71 0.0150534
21.72 0.0137808
21.73 0.0124287
21.74 0.0110041
21.75 0.0095148
21.76 0.00796884
21.77 0.00637485
21.78 0.00474181
21.79 0.00307897
21.8 0.00139566
21.81 -0.000298837
21.82 -0.00199548
21.83 -0.00368557
21.84 -0.00536081
21.85 -0.0070133
21.86 -0.00863553
21.87 -0.0102204
21.88 -0.0117613
21.89 -0.0132519
21.9 -0.0146864
21.91 -0.016059
21.92 -0.0173644
21.93 -0.0185974
21.94 -0.0197529
21.95 -0.0208262
21.96 -0.0218128
21.97 -0.0227091
21.98 -0.0235121
21.99 -0.0242194
22 -0.0248297
22.01 -0.0253426
22.02 -0.0257583
22.03 -0.0260778
22.04 -0.0263025
22.05 -0.0264336
22.06 -0.0264724
22.07 -0.02642
22.08 -0.0262773
22.09 -0.0260451
22.1 -0.0257247
22.11 -0.0253175
22.12 -0.0248252
22.13 -0.0242498
22.14 -0.0235937
22.15 -0.0228599
22.16 -0.0220519
22.17 -0.0211735
22.18 -0.0202292
22.19 -0.0192237
22.2 -0.0181621
22.21 -0.0170496
22.22 -0.0158915
22.23 -0.0146928
22.24 -0.0134588
22.25 -0.0121947
22.26 -0.0109058
22.27 -0.00959734
22.28 -0.00827487
22.29 -0.00694399
22.3 -0.00561059
22.31 -0.00428089
22.32 -0.00296143
22.33 -0.00165895
22.34 -0.000380297
22.35 0.000867708
22.36 0.00207835
22.37 0.00324513
22.38 0.00436192
22.39 0.005423
22.4 0.00642307
22.41 0.00735737
22.42 0.00822168
22.43 0.00901231
22.44 0.00972607
22.45 0.0103603
22.46 0.0109129
22.47 0.0113825
22.48 0.0117683
22.49 0.0120704
22.5 0.0122891
22.51 0.0124258
22.52 0.0124824
22.53 0.0124612
22.54 0.0123654
22.55 0.0121981
22.56 0.0119631
22.57 0.0116645
22.58 0.0113068
22.59 0.0108946
22.6 0.0104329
22.61 0.00992693
22.62 0.00938192
22.63 0.00880328
22.64 0.0081963
22.65 0.00756619
22.66 0.00691798
22.67 0.00625644
22.68 0.00558601
22.69 0.0049109
22.7 0.00423531
22.71 0.00356353
22.72 0.00289992
22.73 0.00224883
22.74 0.00161459
22.75 0.00100143
22.76 0.000413454
22.77 -0.000145502
22.78 -0.000671901
22.79 -0.00116249
22.8 -0.00161427
22.81 -0.00202446
22.82 -0.0023905
22.83 -0.00271014
22.84 -0.00298141
22.85 -0.00320265
22.86 -0.0033725
22.87 -0.00348996
22.88 -0.00355435
22.89 -0.0035654
22.9 -0.00352327
22.91 -0.00342856
22.92 -0.00328233
22.93 -0.0030861
22.94 -0.00284177
22.95 -0.00255166
22.96 -0.0022185
22.97 -0.00184535
22.98 -0.00143544
22.99 -0.000991978
23 -0.000517877
23.01 -1.57558e-05
23.02 0.000511969
23.03 0.00106303
23.04 0.00163531
23.05 0.00222673
23.06 0.00283521
23.07 0.00345846
23.08 0.00409389
23.09 0.00473849
23.1 0.00538901
23.11 0.00604207
23.12 0.00669426
23.13 0.00734216
23.14 0.00798246
23.15 0.00861197
23.16 0.00922755
23.17 0.00982619
23.18 0.010405
23.19 0.0109614
23.2 0.0114929
23.21 0.0119973
23.22 0.0124725
23.23 0.0129164
23.24 0.0133272
23.25 0.0137032
23.26 0.014043
23.27 0.0143452
23.28 0.0146086
23.29 0.0148326
23.3 0.0150167
23.31 0.0151608
23.32 0.0152648
23.33 0.0153292
23.34 0.0153542
23.35 0.0153403
23.36 0.0152883
23.37 0.0151986
23.38 0.0150719
23.39 0.0149088
23.4 0.01471
23.41 0.0144759
23.42 0.0142069
23.43 0.0139034
23.44 0.0135657
23.45 0.0131942
23.46 0.0127892
23.47 0.0123515
23.48 0.011882
23.49 0.0113823
23.5 0.010854
23.51 0.0102994
23.52 0.00972076
23.53 0.00912047
23.54 0.00850114
23.55 0.00786548
23.56 0.00721631
23.57 0.00655659
23.58 0.00588939
23.59 0.00521791
23.6 0.00454539
23.61 0.0038751
23.62 0.00321034
23.63 0.00255447
23.64 0.00191087
23.65 0.00128294
23.66 0.000674017
23.67 8.72977e-05
23.68 -0.000474284
23.69 -0.00100807
23.7 -0.0015117
23.71 -0.00198314
23.72 -0.00242069
23.73 -0.00282301
23.74 -0.00318914
23.75 -0.00351849
23.76 -0.00381099
23.77 -0.00406707
23.78 -0.00428773
23.79 -0.00447451
23.8 -0.00462933
23.81 -0.00475436
23.82 -0.00485187
23.83 -0.00492418
23.84 -0.00497368
23.85 -0.0050028
23.86 -0.00501401
23.87 -0.00500979
23.88 -0.00499267
23.89 -0.00496523
23.9 -0.00493016
23.91 -0.00489034
23.92 -0.00484885
23.93 -0.00480878
23.94 -0.00477321
23.95 -0.00474505
23.96 -0.004727
23.97 -0.0047214
23.98 -0.00473014
23.99 -0.00475454
24 -0.0047953
24.01 -0.00485259
24.02 -0.00492613
24.03 -0.0050152
24.04 -0.00511854
24.05 -0.00523421
24.06 -0.00535957
24.07 -0.00549144
24.08 -0.00562626
24.09 -0.00576046
24.1 -0.00589053
24.11 -0.00601315
24.12 -0.00612538
24.13 -0.00622476
24.14 -0.0063094
24.15 -0.00637807
24.16 -0.00643016
24.17 -0.00646554
24.18 -0.00648433
24.19 -0.00648679
24.2 -0.00647334
24.21 -0.00644458
24.22 -0.00640128
24.23 -0.0063444
24.24 -0.00627507
24.25 -0.0061945
24.26 -0.00610408
24.27 -0.00600535
24.28 -0.00590008
24.29 -0.00579023
24.3 -0.00567805
24.31 -0.00556602
24.32 -0.00545658
24.33 -0.00535197
24.34 -0.00525399
24.35 -0.00516382
24.36 -0.00508205
24.37 -0.00500891
24.38 -0.0049443
24.39 -0.00488789
24.4 -0.00483916
24.41 -0.00479753
24.42 -0.00476246
24.43 -0.00473352
24.44 -0.00471043
24.45 -0.00469299
24.46 -0.00468103
24.47 -0.00467429
24.48 -0.00467243
24.49 -0.00467498
24.5 -0.00468142
24.51 -0.0046912
24.52 -0.00470373
24.53 -0.00471847
24.54 -0.004735
24.55 -0.00475297
24.56 -0.00477214
24.57 -0.00479241
24.58 -0.00481388
24.59 -0.00483682
24.6 -0.00486149
24.61 -0.00488815
24.62 -0.00491702
24.63 -0.00494836
24.64 -0.00498238
24.65 -0.0050191
24.66 -0.00505828
24.67 -0.00509944
24.68 -0.00514192
24.69 -0.00518479
24.7 -0.00522696
24.71 -0.00526715
24.72 -0.00530406
24.73 -0.00533637
24.74 -0.00536277
24.75 -0.00538195
24.76 -0.0053925
24.77 -0.00539303
24.78 -0.0053823
24.79 -0.00535929
24.8 -0.00532322
24.81 -0.00527347
24.82 -0.0052097
24.83 -0.00513185
24.84 -0.0050401
24.85 -0.00493484
24.86 -0.00481658
24.87 -0.00468603
24.88 -0.00454404
24.89 -0.00439172
24.9 -0.00423046
24.91 -0.00406189
24.92 -0.00388788
24.93 -0.00371041
24.94 -0.00353159
24.95 -0.00335358
24.96 -0.00317851
24.97 -0.00300854
24.98 -0.00284578
24.99 -0.0026922
25 -0.00254958
