0.01 3.17218e-09
0.02 1.52741e-08
0.03 3.76941e-08
0.04 6.80493e-08
0.05 1.03991e-07
0.06 1.4323e-07
0.07 1.83559e-07
0.08 2.22853e-07
0.09 2.59056e-07
0.1 2.90182e-07
0.11 3.14346e-07
0.12 3.29761e-07
0.13 3.3471e-07
0.14 3.27487e-07
0.15 3.06394e-07
0.16 2.69793e-07
0.17 2.16167e-07
0.18 1.44126e-07
0.19 5.2427e-08
0.2 -6.0017e-08
0.21 -1.94123e-07
0.22 -3.50633e-07
0.23 -5.3012e-07
0.24 -7.33005e-07
0.25 -9.59591e-07
0.26 -1.21012e-06
0.27 -1.48482e-06
0.28 -1.78374e-06
0.29 -2.10656e-06
0.3 -2.45242e-06
0.31 -2.8199e-06
0.32 -3.20702e-06
0.33 -3.61097e-06
0.34 -4.02809e-06
0.35 -4.45414e-06
0.36 -4.88448e-06
0.37 -5.31429e-06
0.38 -5.73911e-06
0.39 -6.15562e-06
0.4 -6.56227e-06
0.41 -6.9596e-06
0.42 -7.34973e-06
0.43 -7.73582e-06
0.44 -8.12211e-06
0.45 -8.51373e-06
0.46 -8.91627e-06
0.47 -9.33531e-06
0.48 -9.77584e-06
0.49 -1.0242e-05
0.5 -1.0737e-05
0.51 -1.12633e-05
0.52 -1.1823e-05
0.53 -1.24171e-05
0.54 -1.30461e-05
0.55 -1.37104e-05
0.56 -1.44094e-05
0.57 -1.51423e-05
0.58 -1.5908e-05
0.59 -1.67054e-05
0.6 -1.75332e-05
0.61 -1.83899e-05
0.62 -1.92736e-05
0.63 -2.01824e-05
0.64 -2.11144e-05
0.65 -2.20676e-05
0.66 -2.30401e-05
0.67 -2.40302e-05
0.68 -2.50366e-05
0.69 -2.60581e-05
0.7 -2.70938e-05
0.71 -2.81421e-05
0.72 -2.92011e-05
0.73 -3.02672e-05
0.74 -3.13348e-05
0.75 -3.23959e-05
0.76 -3.34393e-05
0.77 -3.44514e-05
0.78 -3.54173e-05
0.79 -3.63231e-05
0.8 -3.71574e-05
0.81 -3.79117e-05
0.82 -3.85805e-05
0.83 -3.916e-05
0.84 -3.96489e-05
0.85 -4.00493e-05
0.86 -4.03664e-05
0.87 -4.06044e-05
0.88 -4.07629e-05
0.89 -4.08361e-05
0.9 -4.08152e-05
0.91 -4.06901e-05
0.92 -4.04504e-05
0.93 -4.00879e-05
0.94 -3.9599e-05
0.95 -3.89863e-05
0.96 -3.82586e-05
0.97 -3.74306e-05
0.98 -3.65181e-05
0.99 -3.55322e-05
1 -3.44779e-05
1.01 -3.33548e-05
1.02 -3.21566e-05
1.03 -3.08725e-05
1.04 -2.94897e-05
1.05 -2.79954e-05
1.06 -2.63804e-05
1.07 -2.46403e-05
1.08 -2.27748e-05
1.09 -2.07843e-05
1.1 -1.86691e-05
1.11 -1.64313e-05
1.12 -1.4073e-05
1.13 -1.15949e-05
1.14 -8.99671e-06
1.15 -6.27848e-06
1.16 -3.44262e-06
1.17 -4.96236e-07
1.18 2.54648e-06
1.19 5.66618e-06
1.2 8.8417e-06
1.21 1.20486e-05
1.22 1.52581e-05
1.23 1.84397e-05
1.24 2.15668e-05
1.25 2.4625e-05
1.26 2.7616e-05
1.27 3.05535e-05
1.28 3.34531e-05
1.29 3.63297e-05
1.3 3.91968e-05
1.31 4.20613e-05
1.32 4.49214e-05
1.33 4.77687e-05
1.34 5.05943e-05
1.35 5.33917e-05
1.36 5.61573e-05
1.37 5.88906e-05
1.38 6.1593e-05
1.39 6.42673e-05
1.4 6.69149e-05
1.41 6.95331e-05
1.42 7.21115e-05
1.43 7.46273e-05
1.44 7.7042e-05
1.45 7.92992e-05
1.46 8.13265e-05
1.47 8.30419e-05
1.48 8.43612e-05
1.49 8.51991e-05
1.5 8.54731e-05
1.51 8.5108e-05
1.52 8.40385e-05
1.53 8.22163e-05
1.54 7.96185e-05
1.55 7.62547e-05
1.56 7.21699e-05
1.57 6.74345e-05
1.58 6.2136e-05
1.59 5.63715e-05
1.6 5.02357e-05
1.61 4.38138e-05
1.62 3.71841e-05
1.63 3.0417e-05
1.64 2.35747e-05
1.65 1.67124e-05
1.66 9.87511e-06
1.67 3.09591e-06
1.68 -3.60185e-06
1.69 -1.01989e-05
1.7 -1.66765e-05
1.71 -2.30163e-05
1.72 -2.91999e-05
1.73 -3.52069e-05
1.74 -4.10109e-05
1.75 -4.65762e-05
1.76 -5.18626e-05
1.77 -5.68322e-05
1.78 -6.14455e-05
1.79 -6.56562e-05
1.8 -6.94134e-05
1.81 -7.2667e-05
1.82 -7.53678e-05
1.83 -7.74691e-05
1.84 -7.89379e-05
1.85 -7.97596e-05
1.86 -7.99339e-05
1.87 -7.94651e-05
1.88 -7.83561e-05
1.89 -7.66076e-05
1.9 -7.4218e-05
1.91 -7.11833e-05
1.92 -6.74975e-05
1.93 -6.31542e-05
1.94 -5.81603e-05
1.95 -5.25519e-05
1.96 -4.63946e-05
1.97 -3.97787e-05
1.98 -3.28142e-05
1.99 -2.56189e-05
2 -1.82978e-05
2.01 -1.09248e-05
2.02 -3.53987e-06
2.03 3.84729e-06
2.04 1.12547e-05
2.05 1.8718e-05
2.06 2.62803e-05
2.07 3.39819e-05
2.08 4.18442e-05
2.09 4.98591e-05
2.1 5.79862e-05
2.11 6.61561e-05
2.12 7.42689e-05
2.13 8.21891e-05
2.14 8.97574e-05
2.15 9.68038e-05
2.16 0.000103151
2.17 0.000108621
2.18 0.000113038
2.19 0.000116222
2.2 0.000117981
2.21 0.000118119
2.22 0.000116446
2.23 0.000112786
2.24 0.000106984
2.25 9.88977e-05
2.26 8.84065e-05
2.27 7.54359e-05
2.28 5.99644e-05
2.29 4.20109e-05
2.3 2.16307e-05
2.31 -1.08384e-06
2.32 -2.59977e-05
2.33 -5.29213e-05
2.34 -8.16056e-05
2.35 -0.000111749
2.36 -0.000143005
2.37 -0.000174997
2.38 -0.000207329
2.39 -0.000239581
2.4 -0.000271332
2.41 -0.000302203
2.42 -0.000331874
2.43 -0.000360069
2.44 -0.000386536
2.45 -0.000411047
2.46 -0.000433394
2.47 -0.000453405
2.48 -0.000470945
2.49 -0.000485903
2.5 -0.000498173
2.51 -0.000507642
2.52 -0.000514188
2.53 -0.000517697
2.54 -0.000518064
2.55 -0.000515192
2.56 -0.000508994
2.57 -0.000499424
2.58 -0.000486496
2.59 -0.000470289
2.6 -0.000450942
2.61 -0.000428633
2.62 -0.000403565
2.63 -0.00037594
2.64 -0.000345948
2.65 -0.000313768
2.66 -0.000279565
2.67 -0.000243495
2.68 -0.000205713
2.69 -0.00016639
2.7 -0.000125714
2.71 -8.38816e-05
2.72 -4.10912e-05
2.73 2.45496e-06
2.74 4.65712e-05
2.75 9.10942e-05
2.76 0.000135868
2.77 0.00018074
2.78 0.000225587
2.79 0.000270326
2.8 0.000314909
2.81 0.00035932
2.82 0.000403543
2.83 0.00044753
2.84 0.000491196
2.85 0.00053442
2.86 0.000577049
2.87 0.000618892
2.88 0.000659707
2.89 0.000699206
2.9 0.000737087
2.91 0.000773036
2.92 0.00080673
2.93 0.000837848
2.94 0.00086608
2.95 0.000891137
2.96 0.000912758
2.97 0.000930742
2.98 0.000944956
2.99 0.000955328
3 0.000961829
3.01 0.000964469
3.02 0.00096327
3.03 0.000958252
3.04 0.000949421
3.05 0.000936767
3.06 0.000920256
3.07 0.00089982
3.08 0.000875369
3.09 0.000846801
3.1 0.000814039
3.11 0.000777057
3.12 0.000735899
3.13 0.000690691
3.14 0.00064163
3.15 0.000588951
3.16 0.000532923
3.17 0.000473841
3.18 0.000412029
3.19 0.000347822
3.2 0.000281537
3.21 0.00021349
3.22 0.000144031
3.23 7.35504e-05
3.24 2.4795e-06
3.25 -6.8717e-05
3.26 -0.000139558
3.27 -0.000209529
3.28 -0.000278069
3.29 -0.000344606
3.3 -0.000408593
3.31 -0.000469487
3.32 -0.000526755
3.33 -0.00057992
3.34 -0.000628608
3.35 -0.000672576
3.36 -0.000711726
3.37 -0.000746094
3.38 -0.00077584
3.39 -0.000801238
3.4 -0.000822664
3.41 -0.000840582
3.42 -0.000855502
3.43 -0.00086795
3.44 -0.000878438
3.45 -0.000887464
3.46 -0.000895498
3.47 -0.000902932
3.48 -0.000910042
3.49 -0.00091696
3.5 -0.000923687
3.51 -0.000930106
3.52 -0.000935988
3.53 -0.000941016
3.54 -0.000944814
3.55 -0.000947003
3.56 -0.00094726
3.57 -0.000945324
3.58 -0.00094096
3.59 -0.000933939
3.6 -0.000924089
3.61 -0.000911304
3.62 -0.000895544
3.63 -0.000876829
3.64 -0.000855248
3.65 -0.000830948
3.66 -0.000804142
3.67 -0.000775119
3.68 -0.000744242
3.69 -0.000711924
3.7 -0.000678577
3.71 -0.000644596
3.72 -0.000610372
3.73 -0.000576273
3.74 -0.000542613
3.75 -0.000509663
3.76 -0.000477663
3.77 -0.000446811
3.78 -0.00041726
3.79 -0.000389129
3.8 -0.000362489
3.81 -0.000337343
3.82 -0.000313637
3.83 -0.000291286
3.84 -0.000270175
3.85 -0.000250169
3.86 -0.000231158
3.87 -0.00021311
3.88 -0.000196087
3.89 -0.000180264
3.9 -0.000165927
3.91 -0.000153467
3.92 -0.000143383
3.93 -0.000136243
3.94 -0.000132636
3.95 -0.000133147
3.96 -0.000138333
3.97 -0.000148678
3.98 -0.000164536
3.99 -0.000186094
4 -0.00021337
4.01 -0.000246224
4.02 -0.000284363
4.03 -0.000327361
4.04 -0.00037466
4.05 -0.000425573
4.06 -0.000479294
4.07 -0.000534886
4.08 -0.000591268
4.09 -0.000647237
4.1 -0.00070151
4.11 -0.000752787
4.12 -0.000799853
4.13 -0.000841668
4.14 -0.000877407
4.15 -0.000906516
4.16 -0.000928774
4.17 -0.000944304
4.18 -0.000953522
4.19 -0.000957077
4.2 -0.000955828
4.21 -0.000950779
4.22 -0.000942993
4.23 -0.000933495
4.24 -0.000923191
4.25 -0.000912889
4.26 -0.000903334
4.27 -0.000895176
4.28 -0.000888941
4.29 -0.00088501
4.3 -0.000883601
4.31 -0.000884782
4.32 -0.000888499
4.33 -0.000894586
4.34 -0.000902744
4.35 -0.00091252
4.36 -0.000923314
4.37 -0.000934402
4.38 -0.000944966
4.39 -0.000954135
4.4 -0.000961001
4.41 -0.00096462
4.42 -0.000964029
4.43 -0.00095829
4.44 -0.000946512
4.45 -0.000927893
4.46 -0.000901798
4.47 -0.000867812
4.48 -0.000825738
4.49 -0.000775548
4.5 -0.000717302
4.51 -0.000651119
4.52 -0.000577223
4.53 -0.000495983
4.54 -0.000407895
4.55 -0.000313567
4.56 -0.000213704
4.57 -0.000109099
4.58 -6.2614e-07
4.59 0.000110778
4.6 0.000224134
4.61 0.000338456
4.62 0.000452809
4.63 0.000566319
4.64 0.00067817
4.65 0.000787626
4.66 0.000894053
4.67 0.000996961
4.68 0.00109603
4.69 0.00119109
4.7 0.00128204
4.71 0.00136882
4.72 0.00145133
4.73 0.0015295
4.74 0.00160324
4.75 0.00167239
4.76 0.0017367
4.77 0.00179591
4.78 0.00184973
4.79 0.00189787
4.8 0.00194006
4.81 0.00197601
4.82 0.00200536
4.83 0.0020278
4.84 0.00204306
4.85 0.0020508
4.86 0.00205072
4.87 0.00204255
4.88 0.00202613
4.89 0.00200133
4.9 0.00196808
4.91 0.00192638
4.92 0.0018763
4.93 0.00181803
4.94 0.00175176
4.95 0.00167774
4.96 0.00159626
4.97 0.00150769
4.98 0.00141247
4.99 0.00131113
5 0.00120424
5.01 0.00109242
5.02 0.000976214
5.03 0.000856098
5.04 0.00073242
5.05 0.000605423
5.06 0.00047523
5.07 0.000341823
5.08 0.000205088
5.09 6.48752e-05
5.1 -7.90143e-05
5.11 -0.000226812
5.12 -0.000378709
5.13 -0.000534819
5.14 -0.00069516
5.15 -0.000859604
5.16 -0.00102782
5.17 -0.00119926
5.18 -0.00137313
5.19 -0.00154854
5.2 -0.00172443
5.21 -0.00189962
5.22 -0.00207284
5.23 -0.00224284
5.24 -0.0024084
5.25 -0.00256834
5.26 -0.00272147
5.27 -0.00286655
5.28 -0.00300232
5.29 -0.00312758
5.3 -0.00324117
5.31 -0.00334203
5.32 -0.00342923
5.33 -0.00350203
5.34 -0.00355996
5.35 -0.00360281
5.36 -0.00363063
5.37 -0.0036438
5.38 -0.00364302
5.39 -0.00362915
5.4 -0.00360315
5.41 -0.00356604
5.42 -0.00351882
5.43 -0.00346247
5.44 -0.00339782
5.45 -0.00332557
5.46 -0.00324628
5.47 -0.00316041
5.48 -0.00306837
5.49 -0.00297057
5.5 -0.00286733
5.51 -0.00275889
5.52 -0.00264545
5.53 -0.00252721
5.54 -0.00240439
5.55 -0.00227716
5.56 -0.00214568
5.57 -0.00201015
5.58 -0.00187089
5.59 -0.00172829
5.6 -0.00158277
5.61 -0.00143474
5.62 -0.0012846
5.63 -0.0011327
5.64 -0.000979369
5.65 -0.00082494
5.66 -0.000669744
5.67 -0.000514084
5.68 -0.000358216
5.69 -0.000202322
5.7 -4.65037e-05
5.71 0.000109217
5.72 0.000264913
5.73 0.000420707
5.74 0.000576734
5.75 0.000733158
5.76 0.000890131
5.77 0.00104774
5.78 0.00120597
5.79 0.00136465
5.8 0.00152343
5.81 0.00168178
5.82 0.00183893
5.83 0.00199389
5.84 0.00214547
5.85 0.00229232
5.86 0.002433
5.87 0.00256603
5.88 0.0026899
5.89 0.00280312
5.9 0.00290429
5.91 0.00299214
5.92 0.00306557
5.93 0.00312366
5.94 0.00316569
5.95 0.00319116
5.96 0.00319987
5.97 0.00319198
5.98 0.00316798
5.99 0.00312865
6 0.00307504
6.01 0.00300839
6.02 0.00293005
6.03 0.00284144
6.04 0.00274402
6.05 0.00263929
6.06 0.00252871
6.07 0.00241364
6.08 0.00229524
6.09 0.0021745
6.1 0.0020523
6.11 0.00192938
6.12 0.00180635
6.13 0.00168368
6.14 0.00156179
6.15 0.00144105
6.16 0.00132193
6.17 0.00120495
6.18 0.00109086
6.19 0.000980572
6.2 0.000875114
6.21 0.000775545
6.22 0.000682974
6.23 0.000598554
6.24 0.0005234
6.25 0.000458555
6.26 0.000405013
6.27 0.000363714
6.28 0.000335541
6.29 0.00032136
6.3 0.000322026
6.31 0.000338381
6.32 0.000371279
6.33 0.000421578
6.34 0.000490106
6.35 0.00057765
6.36 0.000684892
6.37 0.000812259
6.38 0.0009598
6.39 0.0011272
6.4 0.00131385
6.41 0.00151889
6.42 0.00174136
6.43 0.00198027
6.44 0.00223465
6.45 0.00250371
6.46 0.00278685
6.47 0.00308366
6.48 0.00339372
6.49 0.00371652
6.5 0.00405135
6.51 0.00439707
6.52 0.00475209
6.53 0.00511443
6.54 0.00548166
6.55 0.00585089
6.56 0.00621879
6.57 0.00658177
6.58 0.00693605
6.59 0.00727789
6.6 0.00760374
6.61 0.00791041
6.62 0.0081951
6.63 0.00845548
6.64 0.00868966
6.65 0.00889601
6.66 0.00907309
6.67 0.00921954
6.68 0.00933408
6.69 0.0094155
6.7 0.00946272
6.71 0.00947474
6.72 0.00945074
6.73 0.00939004
6.74 0.00929212
6.75 0.00915671
6.76 0.00898383
6.77 0.00877376
6.78 0.00852707
6.79 0.00824461
6.8 0.00792746
6.81 0.00757691
6.82 0.00719433
6.83 0.00678109
6.84 0.00633859
6.85 0.0058682
6.86 0.0053712
6.87 0.00484885
6.88 0.00430233
6.89 0.00373289
6.9 0.0031419
6.91 0.00253098
6.92 0.00190203
6.93 0.00125732
6.94 0.000599436
6.95 -6.86746e-05
6.96 -0.00074386
6.97 -0.00142289
6.98 -0.00210265
6.99 -0.00278029
7 -0.00345329
7.01 -0.00411951
7.02 -0.00477719
7.03 -0.00542476
7.04 -0.00606073
7.05 -0.00668353
7.06 -0.00729135
7.07 -0.00788209
7.08 -0.00845331
7.09 -0.00900232
7.1 -0.00952622
7.11 -0.010022
7.12 -0.0104868
7.13 -0.0109178
7.14 -0.011313
7.15 -0.0116707
7.16 -0.0119899
7.17 -0.01227
7.18 -0.0125109
7.19 -0.0127127
7.2 -0.0128756
7.21 -0.0130001
7.22 -0.0130866
7.23 -0.0131351
7.24 -0.0131457
7.25 -0.0131181
7.26 -0.013052
7.27 -0.0129469
7.28 -0.0128028
7.29 -0.0126196
7.3 -0.0123978
7.31 -0.0121383
7.32 -0.0118423
7.33 -0.0115116
7.34 -0.0111479
7.35 -0.0107535
7.36 -0.0103302
7.37 -0.00987983
7.38 -0.00940404
7.39 -0.00890407
7.4 -0.00838094
7.41 -0.00783551
7.42 -0.00726856
7.43 -0.006681
7.44 -0.00607399
7.45 -0.00544904
7.46 -0.00480807
7.47 -0.00415337
7.48 -0.00348767
7.49 -0.00281406
7.5 -0.00213601
7.51 -0.00145731
7.52 -0.000781936
7.53 -0.000113927
7.54 0.000542753
7.55 0.00118429
7.56 0.00180701
7.57 0.00240732
7.58 0.00298172
7.59 0.00352682
7.6 0.0040393
7.61 0.00451605
7.62 0.00495428
7.63 0.00535172
7.64 0.00570673
7.65 0.00601825
7.66 0.00628583
7.67 0.00650977
7.68 0.00669111
7.69 0.00683157
7.7 0.00693355
7.71 0.00699992
7.72 0.00703368
7.73 0.0070377
7.74 0.0070145
7.75 0.00696621
7.76 0.00689452
7.77 0.00680082
7.78 0.00668623
7.79 0.00655168
7.8 0.00639783
7.81 0.00622513
7.82 0.00603391
7.83 0.0058243
7.84 0.00559632
7.85 0.00534985
7.86 0.00508477
7.87 0.00480094
7.88 0.00449828
7.89 0.00417688
7.9 0.00383706
7.91 0.00347938
7.92 0.0031047
7.93 0.00271419
7.94 0.00230937
7.95 0.001892
7.96 0.00146412
7.97 0.00102795
7.98 0.000585917
7.99 0.000140589
8 -0.000305457
8.01 -0.000749732
8.02 -0.00118988
8.03 -0.00162372
8.04 -0.0020493
8.05 -0.00246499
8.06 -0.0028695
8.07 -0.00326183
8.08 -0.00364121
8.09 -0.00400698
8.1 -0.00435847
8.11 -0.00469488
8.12 -0.00501511
8.13 -0.00531774
8.14 -0.0056011
8.15 -0.00586326
8.16 -0.00610213
8.17 -0.00631546
8.18 -0.006501
8.19 -0.00665658
8.2 -0.00678017
8.21 -0.00686996
8.22 -0.00692444
8.23 -0.00694242
8.24 -0.00692295
8.25 -0.0068654
8.26 -0.00676945
8.27 -0.00663518
8.28 -0.00646301
8.29 -0.00625373
8.3 -0.00600863
8.31 -0.00572952
8.32 -0.00541884
8.33 -0.0050797
8.34 -0.00471576
8.35 -0.00433115
8.36 -0.00393025
8.37 -0.00351747
8.38 -0.00309702
8.39 -0.00267269
8.4 -0.00224774
8.41 -0.00182479
8.42 -0.00140594
8.43 -0.000992835
8.44 -0.000586669
8.45 -0.000188208
8.46 0.00020223
8.47 0.000584728
8.48 0.000959721
8.49 0.00132787
8.5 0.00168997
8.51 0.00204684
8.52 0.0023992
8.53 0.00274752
8.54 0.00309186
8.55 0.00343183
8.56 0.00376669
8.57 0.00409541
8.58 0.0044168
8.59 0.00472957
8.6 0.00503242
8.61 0.00532407
8.62 0.00560344
8.63 0.00586972
8.64 0.00612242
8.65 0.0063614
8.66 0.00658688
8.67 0.00679939
8.68 0.00699965
8.69 0.0071885
8.7 0.00736677
8.71 0.00753535
8.72 0.00769505
8.73 0.00784651
8.74 0.00799016
8.75 0.00812625
8.76 0.00825477
8.77 0.00837535
8.78 0.00848731
8.79 0.00858969
8.8 0.00868125
8.81 0.00876051
8.82 0.00882581
8.83 0.00887543
8.84 0.00890778
8.85 0.00892146
8.86 0.00891533
8.87 0.00888845
8.88 0.0088401
8.89 0.00876984
8.9 0.00867759
8.91 0.00856361
8.92 0.00842843
8.93 0.00827279
8.94 0.00809757
8.95 0.00790367
8.96 0.00769193
8.97 0.00746322
8.98 0.00721835
8.99 0.00695803
9 0.00668282
9.01 0.00639303
9.02 0.00608877
9.03 0.00576987
9.04 0.005436
9.05 0.00508676
9.06 0.00472186
9.07 0.0043412
9.08 0.0039449
9.09 0.00353328
9.1 0.00310684
9.11 0.00266615
9.12 0.00221186
9.13 0.00174467
9.14 0.00126535
9.15 0.00077472
9.16 0.000273786
9.17 -0.000236185
9.18 -0.000753533
9.19 -0.00127616
9.2 -0.00180151
9.21 -0.00232651
9.22 -0.00284755
9.23 -0.00336057
9.24 -0.00386126
9.25 -0.00434526
9.26 -0.00480846
9.27 -0.00524717
9.28 -0.00565821
9.29 -0.00603907
9.3 -0.00638782
9.31 -0.0067029
9.32 -0.00698299
9.33 -0.00722702
9.34 -0.0074341
9.35 -0.00760353
9.36 -0.00773478
9.37 -0.0078275
9.38 -0.0078815
9.39 -0.00789675
9.4 -0.00787346
9.41 -0.0078122
9.42 -0.0077139
9.43 -0.00757997
9.44 -0.00741234
9.45 -0.0072135
9.46 -0.00698638
9.47 -0.00673417
9.48 -0.00646018
9.49 -0.00616763
9.5 -0.00585952
9.51 -0.0055385
9.52 -0.00520687
9.53 -0.00486656
9.54 -0.00451924
9.55 -0.00416651
9.56 -0.00380995
9.57 -0.00345127
9.58 -0.00309234
9.59 -0.00273532
9.6 -0.00238255
9.61 -0.00203645
9.62 -0.00169939
9.63 -0.00137356
9.64 -0.00106084
9.65 -0.000762712
9.66 -0.000480239
9.67 -0.000214096
9.68 3.54364e-05
9.69 0.000268421
9.7 0.000485156
9.71 0.000686042
9.72 0.000871468
9.73 0.00104177
9.74 0.00119715
9.75 0.00133759
9.76 0.00146281
9.77 0.00157237
9.78 0.00166564
9.79 0.00174187
9.8 0.00180013
9.81 0.00183934
9.82 0.00185835
9.83 0.0018559
9.84 0.00183069
9.85 0.0017814
9.86 0.00170677
9.87 0.0016057
9.88 0.00147739
9.89 0.00132122
9.9 0.00113687
9.91 0.000924385
9.92 0.000684207
9.93 0.000417175
9.94 0.0001245
9.95 -0.000192242
9.96 -0.000531211
9.97 -0.000890462
9.98 -0.00126811
9.99 -0.0016624
10 -0.00207174
10.01 -0.00249472
10.02 -0.00293011
10.03 -0.00337691
10.04 -0.00383423
10.05 -0.00430113
10.06 -0.00477651
10.07 -0.00525902
10.08 -0.00574713
10.09 -0.0062391
10.1 -0.00673303
10.11 -0.00722688
10.12 -0.00771858
10.13 -0.00820622
10.14 -0.00868804
10.15 -0.00916247
10.16 -0.00962808
10.17 -0.0100836
10.18 -0.0105276
10.19 -0.0109588
10.2 -0.0113757
10.21 -0.0117766
10.22 -0.0121598
10.23 -0.0125238
10.24 -0.0128668
10.25 -0.0131872
10.26 -0.0134837
10.27 -0.0137548
10.28 -0.0139995
10.29 -0.0142168
10.3 -0.0144059
10.31 -0.0145661
10.32 -0.0146965
10.33 -0.0147965
10.34 -0.0148655
10.35 -0.0149029
10.36 -0.0149082
10.37 -0.0148812
10.38 -0.0148215
10.39 -0.0147292
10.4 -0.0146041
10.41 -0.0144462
10.42 -0.0142554
10.43 -0.0140315
10.44 -0.0137742
10.45 -0.0134831
10.46 -0.0131578
10.47 -0.0127979
10.48 -0.012403
10.49 -0.0119733
10.5 -0.0115092
10.51 -0.0110114
10.52 -0.0104813
10.53 -0.00992063
10.54 -0.0093313
10.55 -0.00871554
10.56 -0.00807573
10.57 -0.00741431
10.58 -0.00673389
10.59 -0.00603709
10.6 -0.00532658
10.61 -0.00460509
10.62 -0.0038754
10.63 -0.00314041
10.64 -0.0024031
10.65 -0.00166657
10.66 -0.000933979
10.67 -0.000208552
10.68 0.000506535
10.69 0.00120823
10.7 0.00189371
10.71 0.00256041
10.72 0.00320602
10.73 0.00382842
10.74 0.0044257
10.75 0.00499612
10.76 0.00553812
10.77 0.00605029
10.78 0.00653145
10.79 0.00698063
10.8 0.00739702
10.81 0.00777998
10.82 0.00812903
10.83 0.00844387
10.84 0.00872435
10.85 0.00897044
10.86 0.00918215
10.87 0.00935949
10.88 0.00950248
10.89 0.00961119
10.9 0.00968573
10.91 0.0097263
10.92 0.00973324
10.93 0.00970718
10.94 0.00964903
10.95 0.00956007
10.96 0.0094419
10.97 0.00929638
10.98 0.00912559
10.99 0.00893172
11 0.00871695
11.01 0.00848342
11.02 0.00823317
11.03 0.00796814
11.04 0.00769008
11.05 0.00740057
11.06 0.00710116
11.07 0.00679328
11.08 0.00647833
11.09 0.00615759
11.1 0.00583235
11.11 0.0055039
11.12 0.00517362
11.13 0.00484296
11.14 0.00451342
11.15 0.00418644
11.16 0.00386352
11.17 0.00354627
11.18 0.00323647
11.19 0.00293607
11.2 0.00264721
11.21 0.00237216
11.22 0.00211328
11.23 0.00187299
11.24 0.0016535
11.25 0.00145662
11.26 0.00128363
11.27 0.00113525
11.28 0.00101172
11.29 0.000912937
11.3 0.000838564
11.31 0.000788109
11.32 0.000760998
11.33 0.000756661
11.34 0.000774641
11.35 0.00081473
11.36 0.000877025
11.37 0.000961844
11.38 0.00106958
11.39 0.00120056
11.4 0.001355
11.41 0.00153294
11.42 0.00173415
11.43 0.00195802
11.44 0.00220362
11.45 0.00246976
11.46 0.00275508
11.47 0.00305818
11.48 0.00337774
11.49 0.00371267
11.5 0.00406219
11.51 0.00442585
11.52 0.00480347
11.53 0.00519506
11.54 0.00560069
11.55 0.00602041
11.56 0.0064541
11.57 0.00690133
11.58 0.00736132
11.59 0.00783305
11.6 0.00831532
11.61 0.00880691
11.62 0.0093066
11.63 0.00981315
11.64 0.0103253
11.65 0.0108419
11.66 0.0113616
11.67 0.0118831
11.68 0.0124051
11.69 0.0129262
11.7 0.0134448
11.71 0.0139592
11.72 0.0144674
11.73 0.014967
11.74 0.0154555
11.75 0.0159301
11.76 0.0163877
11.77 0.0168245
11.78 0.0172366
11.79 0.0176197
11.8 0.0179693
11.81 0.0182811
11.82 0.0185512
11.83 0.0187761
11.84 0.018953
11.85 0.0190793
11.86 0.0191531
11.87 0.0191726
11.88 0.0191364
11.89 0.0190432
11.9 0.0188922
11.91 0.0186827
11.92 0.0184144
11.93 0.0180872
11.94 0.0177014
11.95 0.0172574
11.96 0.016756
11.97 0.0161981
11.98 0.015585
11.99 0.0149183
12 0.0142001
12.01 0.0134327
12.02 0.0126189
12.03 0.0117618
12.04 0.010865
12.05 0.00993235
12.06 0.00896809
12.07 0.00797649
12.08 0.00696187
12.09 0.00592837
12.1 0.00487989
12.11 0.0038201
12.12 0.00275244
12.13 0.00168002
12.14 0.000605547
12.15 -0.000468583
12.16 -0.00154027
12.17 -0.00260761
12.18 -0.00366876
12.19 -0.00472192
12.2 -0.00576539
12.21 -0.00679744
12.22 -0.00781629
12.23 -0.00882003
12.24 -0.00980685
12.25 -0.0107749
12.26 -0.0117222
12.27 -0.0126467
12.28 -0.0135463
12.29 -0.0144189
12.3 -0.0152622
12.31 -0.016074
12.32 -0.0168519
12.33 -0.0175933
12.34 -0.0182957
12.35 -0.0189563
12.36 -0.0195724
12.37 -0.020141
12.38 -0.0206595
12.39 -0.0211247
12.4 -0.0215339
12.41 -0.0218842
12.42 -0.0221732
12.43 -0.0223987
12.44 -0.0225588
12.45 -0.022652
12.46 -0.0226768
12.47 -0.0226321
12.48 -0.0225169
12.49 -0.0223296
12.5 -0.0220689
12.51 -0.021733
12.52 -0.0213199
12.53 -0.0208275
12.54 -0.0202541
12.55 -0.019598
12.56 -0.0188584
12.57 -0.0180347
12.58 -0.0171269
12.59 -0.0161357
12.6 -0.0150619
12.61 -0.0139067
12.62 -0.0126716
12.63 -0.0113587
12.64 -0.00997079
12.65 -0.00851093
12.66 -0.00698277
12.67 -0.00539048
12.68 -0.00373885
12.69 -0.00203329
12.7 -0.00027984
12.71 0.00151501
12.72 0.00334443
12.73 0.00520134
12.74 0.0070785
12.75 0.00896862
12.76 0.0108644
12.77 0.0127588
12.78 0.0146447
12.79 0.0165152
12.8 0.0183636
12.81 0.0201832
12.82 0.0219674
12.83 0.0237095
12.84 0.025403
12.85 0.0270417
12.86 0.0286195
12.87 0.0301308
12.88 0.0315703
12.89 0.0329334
12.9 0.0342158
12.91 0.035414
12.92 0.0365247
12.93 0.0375446
12.94 0.0384711
12.95 0.0393015
12.96 0.0400333
12.97 0.0406645
12.98 0.0411932
12.99 0.0416175
13 0.0419364
13.01 0.0421488
13.02 0.0422544
13.03 0.0422534
13.04 0.0421465
13.05 0.0419347
13.06 0.0416194
13.07 0.0412022
13.08 0.0406847
13.09 0.0400687
13.1 0.039356
13.11 0.0385484
13.12 0.0376477
13.13 0.0366561
13.14 0.0355762
13.15 0.0344106
13.16 0.0331628
13.17 0.0318366
13.18 0.0304363
13.19 0.0289665
13.2 0.0274323
13.21 0.025839
13.22 0.0241918
13.23 0.0224963
13.24 0.0207582
13.25 0.0189829
13.26 0.0171763
13.27 0.015344
13.28 0.0134914
13.29 0.011624
13.3 0.00974736
13.31 0.00786656
13.32 0.00598666
13.33 0.00411243
13.34 0.00224846
13.35 0.000399221
13.36 -0.00143085
13.37 -0.00323732
13.38 -0.00501567
13.39 -0.00676138
13.4 -0.00846989
13.41 -0.0101366
13.42 -0.0117568
13.43 -0.0133257
13.44 -0.0148386
13.45 -0.0162906
13.46 -0.0176769
13.47 -0.0189927
13.48 -0.0202332
13.49 -0.0213939
13.5 -0.0224703
13.51 -0.0234582
13.52 -0.0243537
13.53 -0.025153
13.54 -0.0258527
13.55 -0.0264494
13.56 -0.0269402
13.57 -0.0273224
13.58 -0.0275939
13.59 -0.0277531
13.6 -0.027799
13.61 -0.027731
13.62 -0.0275491
13.63 -0.0272537
13.64 -0.0268456
13.65 -0.0263259
13.66 -0.0256961
13.67 -0.024958
13.68 -0.0241139
13.69 -0.0231665
13.7 -0.022119
13.71 -0.0209751
13.72 -0.0197388
13.73 -0.0184149
13.74 -0.0170083
13.75 -0.0155247
13.76 -0.0139702
13.77 -0.0123515
13.78 -0.0106758
13.79 -0.00895102
13.8 -0.00718545
13.81 -0.00538802
13.82 -0.0035682
13.83 -0.00173562
13.84 0.000100396
13.85 0.00193117
13.86 0.00374885
13.87 0.00554621
13.88 0.00731634
13.89 0.00905241
13.9 0.0107477
13.91 0.0123958
13.92 0.0139903
13.93 0.0155252
13.94 0.0169945
13.95 0.0183926
13.96 0.0197141
13.97 0.0209539
13.98 0.0221072
13.99 0.0231697
14 0.024137
14.01 0.0250054
14.02 0.0257711
14.03 0.026431
14.04 0.0269822
14.05 0.0274224
14.06 0.0277495
14.07 0.0279618
14.08 0.0280577
14.09 0.028036
14.1 0.0278953
14.11 0.0276347
14.12 0.0272532
14.13 0.0267497
14.14 0.0261236
14.15 0.025374
14.16 0.0245002
14.17 0.0235018
14.18 0.0223789
14.19 0.0211317
14.2 0.0197613
14.21 0.0182689
14.22 0.0166562
14.23 0.0149252
14.24 0.0130782
14.25 0.0111178
14.26 0.00904675
14.27 0.00686816
14.28 0.00458555
14.29 0.00220287
14.3 -0.000275376
14.31 -0.00284407
14.32 -0.00549744
14.33 -0.00822908
14.34 -0.0110321
14.35 -0.0138991
14.36 -0.0168228
14.37 -0.0197958
14.38 -0.022811
14.39 -0.0258612
14.4 -0.0289392
14.41 -0.032038
14.42 -0.0351505
14.43 -0.0382694
14.44 -0.0413872
14.45 -0.044496
14.46 -0.0475876
14.47 -0.0506531
14.48 -0.0536837
14.49 -0.0566705
14.5 -0.0596045
14.51 -0.062477
14.52 -0.0652798
14.53 -0.0680047
14.54 -0.0706445
14.55 -0.0731918
14.56 -0.07564
14.57 -0.0779829
14.58 -0.0802144
14.59 -0.082329
14.6 -0.0843216
14.61 -0.0861869
14.62 -0.0879199
14.63 -0.0895154
14.64 -0.0909677
14.65 -0.092271
14.66 -0.093419
14.67 -0.0944054
14.68 -0.0952239
14.69 -0.0958691
14.7 -0.0963364
14.71 -0.096622
14.72 -0.0967226
14.73 -0.0966349
14.74 -0.0963551
14.75 -0.0958792
14.76 -0.0952032
14.77 -0.0943236
14.78 -0.0932379
14.79 -0.0919441
14.8 -0.090441
14.81 -0.0887279
14.82 -0.0868049
14.83 -0.0846728
14.84 -0.0823332
14.85 -0.0797882
14.86 -0.0770408
14.87 -0.0740948
14.88 -0.0709543
14.89 -0.067624
14.9 -0.0641091
14.91 -0.060415
14.92 -0.0565479
14.93 -0.0525142
14.94 -0.0483209
14.95 -0.0439751
14.96 -0.0394849
14.97 -0.0348588
14.98 -0.0301064
14.99 -0.0252384
15 -0.0202673
15.01 -0.0152071
15.02 -0.010074
15.03 -0.00488516
15.04 0.000341005
15.05 0.00558545
15.06 0.0108282
15.07 0.0160486
15.08 0.0212255
15.09 0.0263383
15.1 0.0313664
15.11 0.0362897
15.12 0.0410885
15.13 0.0457435
15.14 0.0502358
15.15 0.0545474
15.16 0.0586611
15.17 0.0625609
15.18 0.0662319
15.19 0.0696609
15.2 0.0728355
15.21 0.0757447
15.22 0.0783779
15.23 0.0807256
15.24 0.0827787
15.25 0.0845291
15.26 0.0859691
15.27 0.0870918
15.28 0.0878908
15.29 0.0883605
15.3 0.0884972
15.31 0.0882984
15.32 0.0877635
15.33 0.0868936
15.34 0.0856913
15.35 0.08416
15.36 0.0823043
15.37 0.0801294
15.38 0.0776415
15.39 0.0748481
15.4 0.0717574
15.41 0.0683792
15.42 0.0647243
15.43 0.060805
15.44 0.0566347
15.45 0.0522282
15.46 0.0476014
15.47 0.0427711
15.48 0.0377559
15.49 0.0325752
15.5 0.0272502
15.51 0.021803
15.52 0.0162571
15.53 0.0106363
15.54 0.00496471
15.55 -0.000733559
15.56 -0.00643447
15.57 -0.0121141
15.58 -0.0177486
15.59 -0.0233146
15.6 -0.0287889
15.61 -0.0341487
15.62 -0.039372
15.63 -0.0444369
15.64 -0.0493223
15.65 -0.0540077
15.66 -0.0584735
15.67 -0.0627006
15.68 -0.0666711
15.69 -0.070368
15.7 -0.0737753
15.71 -0.0768783
15.72 -0.0796629
15.73 -0.0821164
15.74 -0.0842271
15.75 -0.0859843
15.76 -0.0873784
15.77 -0.0884013
15.78 -0.089046
15.79 -0.0893069
15.8 -0.0891796
15.81 -0.0886615
15.82 -0.0877515
15.83 -0.0864499
15.84 -0.0847588
15.85 -0.082682
15.86 -0.0802248
15.87 -0.0773938
15.88 -0.0741969
15.89 -0.0706436
15.9 -0.0667446
15.91 -0.0625119
15.92 -0.0579587
15.93 -0.053099
15.94 -0.0479479
15.95 -0.0425213
15.96 -0.0368363
15.97 -0.0309111
15.98 -0.024765
15.99 -0.0184183
16 -0.0118923
16.01 -0.0052096
16.02 0.00160639
16.03 0.00853086
16.04 0.0155379
16.05 0.0226007
16.06 0.0296914
16.07 0.0367821
16.08 0.043845
16.09 0.0508525
16.1 0.0577775
16.11 0.0645933
16.12 0.0712738
16.13 0.0777932
16.14 0.0841265
16.15 0.0902494
16.16 0.0961379
16.17 0.101769
16.18 0.107121
16.19 0.112173
16.2 0.116904
16.21 0.121296
16.22 0.125332
16.23 0.128996
16.24 0.132274
16.25 0.135156
16.26 0.137632
16.27 0.139695
16.28 0.141339
16.29 0.142562
16.3 0.14336
16.31 0.143733
16.32 0.143683
16.33 0.143212
16.34 0.142324
16.35 0.141025
16.36 0.139321
16.37 0.137221
16.38 0.134734
16.39 0.131871
16.4 0.128643
16.41 0.125065
16.42 0.12115
16.43 0.116914
16.44 0.112372
16.45 0.107542
16.46 0.10244
16.47 0.0970869
16.48 0.0915001
16.49 0.0857
16.5 0.0797069
16.51 0.0735416
16.52 0.0672254
16.53 0.0607799
16.54 0.0542271
16.55 0.0475892
16.56 0.0408886
16.57 0.0341473
16.58 0.0273876
16.59 0.0206314
16.6 0.0139001
16.61 0.00721502
16.62 0.000596699
16.63 -0.00593492
16.64 -0.0123607
16.65 -0.0186621
16.66 -0.0248218
16.67 -0.0308232
16.68 -0.0366507
16.69 -0.0422897
16.7 -0.0477268
16.71 -0.0529492
16.72 -0.0579444
16.73 -0.0627006
16.74 -0.067206
16.75 -0.0714495
16.76 -0.0754202
16.77 -0.0791083
16.78 -0.0825046
16.79 -0.0856004
16.8 -0.0883883
16.81 -0.0908613
16.82 -0.0930135
16.83 -0.0948401
16.84 -0.0963371
16.85 -0.0975017
16.86 -0.0983321
16.87 -0.0988278
16.88 -0.0989893
16.89 -0.0988188
16.9 -0.0983193
16.91 -0.0974953
16.92 -0.0963522
16.93 -0.0948967
16.94 -0.0931361
16.95 -0.0910787
16.96 -0.0887336
16.97 -0.0861108
16.98 -0.0832209
16.99 -0.0800753
17 -0.076686
17.01 -0.0730658
17.02 -0.0692281
17.03 -0.0651869
17.04 -0.0609569
17.05 -0.0565534
17.06 -0.0519922
17.07 -0.0472893
17.08 -0.0424613
17.09 -0.0375248
17.1 -0.0324969
17.11 -0.0273949
17.12 -0.0222362
17.13 -0.0170382
17.14 -0.0118185
17.15 -0.00659456
17.16 -0.00138362
17.17 0.003797
17.18 0.00893025
17.19 0.0139993
17.2 0.0189878
17.21 0.0238797
17.22 0.0286594
17.23 0.0333116
17.24 0.0378218
17.25 0.0421757
17.26 0.0463595
17.27 0.0503602
17.28 0.0541651
17.29 0.0577621
17.3 0.06114
17.31 0.0642883
17.32 0.0671972
17.33 0.0698578
17.34 0.0722619
17.35 0.0744022
17.36 0.0762719
17.37 0.0778648
17.38 0.0791752
17.39 0.0801981
17.4 0.0809289
17.41 0.0813635
17.42 0.0814984
17.43 0.0813309
17.44 0.0808592
17.45 0.0800832
17.46 0.079004
17.47 0.0776245
17.48 0.0759486
17.49 0.073982
17.5 0.0717312
17.51 0.0692035
17.52 0.0664073
17.53 0.0633514
17.54 0.0600458
17.55 0.0565008
17.56 0.0527281
17.57 0.0487398
17.58 0.0445494
17.59 0.0401707
17.6 0.0356188
17.61 0.0309097
17.62 0.02606
17.63 0.0210874
17.64 0.0160102
17.65 0.0108471
17.66 0.00561758
17.67 0.000341329
17.68 -0.00496169
17.69 -0.0102714
17.7 -0.0155677
17.71 -0.0208311
17.72 -0.0260423
17.73 -0.031183
17.74 -0.0362352
17.75 -0.0411815
17.76 -0.0460048
17.77 -0.0506882
17.78 -0.0552148
17.79 -0.0595679
17.8 -0.0637311
17.81 -0.0676885
17.82 -0.0714247
17.83 -0.0749255
17.84 -0.0781772
17.85 -0.0811671
17.86 -0.0838837
17.87 -0.0863163
17.88 -0.0884556
17.89 -0.0902934
17.9 -0.0918234
17.91 -0.0930404
17.92 -0.0939412
17.93 -0.0945236
17.94 -0.0947868
17.95 -0.0947312
17.96 -0.0943583
17.97 -0.093671
17.98 -0.0926732
17.99 -0.09137
18 -0.0897673
18.01 -0.0878722
18.02 -0.0856927
18.03 -0.0832376
18.04 -0.0805164
18.05 -0.0775397
18.06 -0.0743184
18.07 -0.0708643
18.08 -0.0671899
18.09 -0.0633083
18.1 -0.0592334
18.11 -0.0549795
18.12 -0.0505617
18.13 -0.0459951
18.14 -0.0412954
18.15 -0.0364785
18.16 -0.0315602
18.17 -0.0265566
18.18 -0.0214837
18.19 -0.0163574
18.2 -0.0111938
18.21 -0.00600846
18.22 -0.000817276
18.23 0.00436409
18.24 0.00951994
18.25 0.0146347
18.26 0.0196927
18.27 0.0246789
18.28 0.0295782
18.29 0.0343762
18.3 0.0390588
18.31 0.0436125
18.32 0.0480243
18.33 0.0522819
18.34 0.0563733
18.35 0.0602871
18.36 0.0640126
18.37 0.0675394
18.38 0.0708578
18.39 0.0739588
18.4 0.0768341
18.41 0.0794765
18.42 0.0818796
18.43 0.0840382
18.44 0.0859479
18.45 0.0876056
18.46 0.0890092
18.47 0.0901576
18.48 0.0910509
18.49 0.0916898
18.5 0.0920759
18.51 0.0922115
18.52 0.0920996
18.53 0.0917434
18.54 0.0911472
18.55 0.0903153
18.56 0.0892529
18.57 0.0879654
18.58 0.0864592
18.59 0.084741
18.6 0.0828182
18.61 0.0806992
18.62 0.0783925
18.63 0.0759077
18.64 0.0732545
18.65 0.0704434
18.66 0.0674849
18.67 0.06439
18.68 0.0611691
18.69 0.0578329
18.7 0.0543909
18.71 0.0508527
18.72 0.0472267
18.73 0.0435212
18.74 0.0397442
18.75 0.0359037
18.76 0.0320082
18.77 0.0280663
18.78 0.0240866
18.79 0.020078
18.8 0.0160491
18.81 0.0120087
18.82 0.00796547
18.83 0.00392784
18.84 -9.58396e-05
18.85 -0.00409738
18.86 -0.00806879
18.87 -0.0120023
18.88 -0.0158902
18.89 -0.0197248
18.9 -0.0234985
18.91 -0.0272033
18.92 -0.0308312
18.93 -0.0343736
18.94 -0.0378216
18.95 -0.0411666
18.96 -0.0444
18.97 -0.0475138
18.98 -0.0505004
18.99 -0.0533529
19 -0.0560652
19.01 -0.0586322
19.02 -0.0610495
19.03 -0.0633134
19.04 -0.065421
19.05 -0.0673697
19.06 -0.0691572
19.07 -0.0707812
19.08 -0.0722399
19.09 -0.0735316
19.1 -0.0746547
19.11 -0.0756084
19.12 -0.0763924
19.13 -0.0770073
19.14 -0.0774545
19.15 -0.0777358
19.16 -0.0778535
19.17 -0.0778101
19.18 -0.0776078
19.19 -0.0772485
19.2 -0.0767339
19.21 -0.0760655
19.22 -0.0752444
19.23 -0.0742719
19.24 -0.0731495
19.25 -0.0718793
19.26 -0.0704643
19.27 -0.0689088
19.28 -0.067218
19.29 -0.065398
19.3 -0.0634549
19.31 -0.0613951
19.32 -0.059225
19.33 -0.0569508
19.34 -0.0545789
19.35 -0.0521153
19.36 -0.0495656
19.37 -0.0469357
19.38 -0.0442314
19.39 -0.041459
19.4 -0.0386247
19.41 -0.0357352
19.42 -0.0327971
19.43 -0.0298173
19.44 -0.0268025
19.45 -0.0237598
19.46 -0.0206962
19.47 -0.0176187
19.48 -0.0145344
19.49 -0.0114505
19.5 -0.00837412
19.51 -0.00531269
19.52 -0.00227367
19.53 0.000735479
19.54 0.00370717
19.55 0.00663356
19.56 0.00950644
19.57 0.0123174
19.58 0.0150582
19.59 0.0177206
19.6 0.0202965
19.61 0.0227782
19.62 0.025158
19.63 0.0274287
19.64 0.0295833
19.65 0.0316153
19.66 0.0335185
19.67 0.0352872
19.68 0.0369159
19.69 0.0383995
19.7 0.0397335
19.71 0.0409136
19.72 0.0419358
19.73 0.042797
19.74 0.0434942
19.75 0.0440256
19.76 0.0443898
19.77 0.0445863
19.78 0.0446156
19.79 0.0444783
19.8 0.0441761
19.81 0.0437107
19.82 0.0430848
19.83 0.042301
19.84 0.0413626
19.85 0.040273
19.86 0.0390361
19.87 0.0376559
19.88 0.0361369
19.89 0.0344839
19.9 0.0327022
19.91 0.0307978
19.92 0.028777
19.93 0.0266468
19.94 0.0244145
19.95 0.0220878
19.96 0.0196744
19.97 0.0171821
19.98 0.014619
19.99 0.0119927
20 0.00931103
20.01 0.00658188
20.02 0.00381313
20.03 0.00101289
20.04 -0.00181031
20.05 -0.00464739
20.06 -0.00748878
20.07 -0.0103245
20.08 -0.0131442
20.09 -0.0159372
20.1 -0.0186923
20.11 -0.0213983
20.12 -0.0240442
20.13 -0.026619
20.14 -0.0291125
20.15 -0.0315145
20.16 -0.0338152
20.17 -0.0360055
20.18 -0.0380768
20.19 -0.0400211
20.2 -0.0418313
20.21 -0.0435009
20.22 -0.0450244
20.23 -0.0463965
20.24 -0.0476125
20.25 -0.0486684
20.26 -0.0495605
20.27 -0.0502863
20.28 -0.0508435
20.29 -0.051231
20.3 -0.0514482
20.31 -0.0514954
20.32 -0.0513736
20.33 -0.0510845
20.34 -0.0506304
20.35 -0.050014
20.36 -0.0492385
20.37 -0.0483075
20.38 -0.0472247
20.39 -0.0459937
20.4 -0.0446185
20.41 -0.0431029
20.42 -0.0414509
20.43 -0.0396667
20.44 -0.0377548
20.45 -0.0357199
20.46 -0.0335673
20.47 -0.0313027
20.48 -0.0289321
20.49 -0.0264614
20.5 -0.0238972
20.51 -0.0212462
20.52 -0.0185151
20.53 -0.0157109
20.54 -0.012841
20.55 -0.00991257
20.56 -0.00693331
20.57 -0.00391103
20.58 -0.000853964
20.59 0.00222913
20.6 0.00532897
20.61 0.00843577
20.62 0.0115394
20.63 0.0146297
20.64 0.0176963
20.65 0.0207292
20.66 0.0237184
20.67 0.026654
20.68 0.0295267
20.69 0.0323272
20.7 0.0350469
20.71 0.0376776
20.72 0.0402113
20.73 0.0426407
20.74 0.0449586
20.75 0.0471583
20.76 0.0492337
20.77 0.0511788
20.78 0.0529885
20.79 0.0546584
20.8 0.0561847
20.81 0.0575645
20.82 0.0587959
20.83 0.059878
20.84 0.0608103
20.85 0.0615931
20.86 0.0622267
20.87 0.0627117
20.88 0.0630491
20.89 0.0632397
20.9 0.0632846
20.91 0.0631852
20.92 0.0629431
20.93 0.0625607
20.94 0.0620403
20.95 0.0613849
20.96 0.0605978
20.97 0.0596821
20.98 0.0586414
20.99 0.0574791
21 0.0561987
21.01 0.0548036
21.02 0.0532971
21.03 0.0516825
21.04 0.0499633
21.05 0.0481431
21.06 0.0462258
21.07 0.044216
21.08 0.0421181
21.09 0.0399372
21.1 0.0376783
21.11 0.035347
21.12 0.0329493
21.13 0.0304917
21.14 0.0279814
21.15 0.0254257
21.16 0.0228322
21.17 0.0202086
21.18 0.0175628
21.19 0.0149027
21.2 0.012236
21.21 0.00957066
21.22 0.00691439
21.23 0.00427492
21.24 0.00165992
21.25 -0.000922984
21.26 -0.00346617
21.27 -0.00596195
21.28 -0.00840262
21.29 -0.0107805
21.3 -0.013088
21.31 -0.0153178
21.32 -0.0174626
21.33 -0.0195159
21.34 -0.0214716
21.35 -0.0233239
21.36 -0.025068
21.37 -0.0266993
21.38 -0.0282141
21.39 -0.0296093
21.4 -0.0308824
21.41 -0.0320315
21.42 -0.0330555
21.43 -0.0339536
21.44 -0.0347254
21.45 -0.0353708
21.46 -0.0358902
21.47 -0.036284
21.48 -0.036553
21.49 -0.0366983
21.5 -0.0367215
21.51 -0.0366246
21.52 -0.0364098
21.53 -0.0360798
21.54 -0.0356376
21.55 -0.0350863
21.56 -0.0344298
21.57 -0.0336719
21.58 -0.0328172
21.59 -0.0318706
21.6 -0.0308376
21.61 -0.0297238
21.62 -0.0285351
21.63 -0.0272775
21.64 -0.0259569
21.65 -0.024579
21.66 -0.0231493
21.67 -0.0216731
21.68 -0.0201559
21.69 -0.0186029
21.7 -0.0170194
21.71 -0.015411
21.72 -0.0137831
21.73 -0.0121413
21.74 -0.0104908
21.75 -0.00883699
21.76 -0.00718468
21.77 -0.00553856
21.78 -0.00390302
21.79 -0.00228227
21.8 -0.000680425
21.81 0.000898384
21.82 0.0024499
21.83 0.0039697
21.84 0.00545315
21.85 0.00689553
21.86 0.00829201
21.87 0.00963777
21.88 0.0109279
21.89 0.0121577
21.9 0.0133225
21.91 0.0144179
21.92 0.0154399
21.93 0.0163851
21.94 0.0172503
21.95 0.0180329
21.96 0.0187305
21.97 0.0193408
21.98 0.0198618
21.99 0.0202913
22 0.0206268
22.01 0.0208662
22.02 0.021007
22.03 0.021047
22.04 0.0209845
22.05 0.0208185
22.06 0.0205488
22.07 0.0201764
22.08 0.019703
22.09 0.0191312
22.1 0.0184639
22.11 0.0177046
22.12 0.0168571
22.13 0.0159257
22.14 0.0149148
22.15 0.013829
22.16 0.0126729
22.17 0.0114511
22.18 0.0101683
22.19 0.00882925
22.2 0.00743897
22.21 0.00600257
22.22 0.00452552
22.23 0.0030136
22.24 0.00147282
22.25 -9.06145e-05
22.26 -0.00167043
22.27 -0.00326029
22.28 -0.00485395
22.29 -0.00644533
22.3 -0.00802863
22.31 -0.0095985
22.32 -0.01115
22.33 -0.0126787
22.34 -0.0141803
22.35 -0.0156508
22.36 -0.0170867
22.37 -0.0184842
22.38 -0.0198398
22.39 -0.02115
22.4 -0.0224114
22.41 -0.0236205
22.42 -0.0247737
22.43 -0.0258676
22.44 -0.0268989
22.45 -0.0278644
22.46 -0.0287607
22.47 -0.0295847
22.48 -0.0303331
22.49 -0.0310027
22.5 -0.0315904
22.51 -0.032093
22.52 -0.0325073
22.53 -0.0328304
22.54 -0.0330593
22.55 -0.0331916
22.56 -0.0332249
22.57 -0.0331573
22.58 -0.0329869
22.59 -0.0327123
22.6 -0.0323324
22.61 -0.0318466
22.62 -0.0312543
22.63 -0.0305557
22.64 -0.0297513
22.65 -0.0288425
22.66 -0.0278307
22.67 -0.0267186
22.68 -0.025509
22.69 -0.0242056
22.7 -0.0228123
22.71 -0.021333
22.72 -0.019772
22.73 -0.0181337
22.74 -0.0164224
22.75 -0.014643
22.76 -0.0128002
22.77 -0.0108994
22.78 -0.00894602
22.79 -0.00694571
22.8 -0.00490442
22.81 -0.00282814
22.82 -0.000722973
22.83 0.00140485
22.84 0.00354904
22.85 0.0057032
22.86 0.00786092
22.87 0.0100157
22.88 0.012161
22.89 0.0142903
22.9 0.0163968
22.91 0.0184739
22.92 0.0205146
22.93 0.0225122
22.94 0.0244598
22.95 0.0263505
22.96 0.0281775
22.97 0.0299341
22.98 0.0316138
22.99 0.0332107
23 0.0347195
23.01 0.0361356
23.02 0.0374552
23.03 0.0386752
23.04 0.0397926
23.05 0.0408055
23.06 0.0417119
23.07 0.0425104
23.08 0.0431994
23.09 0.0437776
23.1 0.0442436
23.11 0.0445964
23.12 0.0448352
23.13 0.0449596
23.14 0.0449698
23.15 0.0448661
23.16 0.0446494
23.17 0.0443209
23.18 0.0438823
23.19 0.0433356
23.2 0.0426834
23.21 0.0419285
23.22 0.041074
23.23 0.0401235
23.24 0.0390807
23.25 0.0379495
23.26 0.0367343
23.27 0.0354394
23.28 0.0340698
23.29 0.0326304
23.3 0.0311269
23.31 0.0295648
23.32 0.0279501
23.33 0.0262888
23.34 0.024587
23.35 0.0228508
23.36 0.0210864
23.37 0.0192996
23.38 0.0174965
23.39 0.0156826
23.4 0.0138636
23.41 0.0120445
23.42 0.0102304
23.43 0.00842592
23.44 0.00663552
23.45 0.00486341
23.46 0.00311358
23.47 0.00139008
23.48 -0.000302962
23.49 -0.00196128
23.5 -0.00358049
23.51 -0.00515622
23.52 -0.00668415
23.53 -0.00816012
23.54 -0.0095801
23.55 -0.0109402
23.56 -0.0122368
23.57 -0.0134663
23.58 -0.0146252
23.59 -0.0157103
23.6 -0.0167185
23.61 -0.017647
23.62 -0.0184932
23.63 -0.0192546
23.64 -0.0199289
23.65 -0.0205141
23.66 -0.0210084
23.67 -0.0214104
23.68 -0.0217189
23.69 -0.0219335
23.7 -0.0220539
23.71 -0.0220807
23.72 -0.0220144
23.73 -0.0218565
23.74 -0.0216088
23.75 -0.0212734
23.76 -0.0208532
23.77 -0.0203518
23.78 -0.0197731
23.79 -0.0191219
23.8 -0.0184032
23.81 -0.0176226
23.82 -0.0167855
23.83 -0.0158976
23.84 -0.0149647
23.85 -0.0139925
23.86 -0.012987
23.87 -0.0119539
23.88 -0.0108992
23.89 -0.00982894
23.9 -0.00874907
23.91 -0.00766586
23.92 -0.00658567
23.93 -0.00551491
23.94 -0.00445988
23.95 -0.00342672
23.96 -0.00242125
23.97 -0.00144894
23.98 -0.000514687
23.99 0.000377218
24 0.00122318
24.01 0.00202025
24.02 0.00276598
24.03 0.00345849
24.04 0.00409656
24.05 0.00467977
24.06 0.00520852
24.07 0.00568392
24.08 0.0061076
24.09 0.00648138
24.1 0.00680719
24.11 0.00708696
24.12 0.00732245
24.13 0.00751515
24.14 0.00766615
24.15 0.00777613
24.16 0.00784535
24.17 0.00787381
24.18 0.00786149
24.19 0.00780841
24.2 0.00771465
24.21 0.00758034
24.22 0.00740561
24.23 0.00719061
24.24 0.00693552
24.25 0.00664058
24.26 0.00630609
24.27 0.0059323
24.28 0.00551943
24.29 0.00506763
24.3 0.00457691
24.31 0.00404716
24.32 0.00347843
24.33 0.00287105
24.34 0.0022259
24.35 0.00154455
24.36 0.000829183
24.37 8.24543e-05
24.38 -0.000692654
24.39 -0.00149286
24.4 -0.00231469
24.41 -0.00315459
24.42 -0.00400903
24.43 -0.00487459
24.44 -0.00574801
24.45 -0.00662615
24.46 -0.0075059
24.47 -0.00838413
24.48 -0.00925763
24.49 -0.0101232
24.5 -0.0109775
24.51 -0.0118174
24.52 -0.0126396
24.53 -0.0134413
24.54 -0.0142195
24.55 -0.0149716
24.56 -0.0156952
24.57 -0.016388
24.58 -0.0170483
24.59 -0.0176743
24.6 -0.0182647
24.61 -0.0188182
24.62 -0.0193334
24.63 -0.0198094
24.64 -0.0202453
24.65 -0.02064
24.66 -0.0209924
24.67 -0.0213014
24.68 -0.0215658
24.69 -0.0217842
24.7 -0.0219554
24.71 -0.0220779
24.72 -0.0221505
24.73 -0.022172
24.74 -0.0221417
24.75 -0.0220585
24.76 -0.0219216
24.77 -0.0217306
24.78 -0.0214849
24.79 -0.0211845
24.8 -0.0208298
24.81 -0.0204213
24.82 -0.0199599
24.83 -0.0194471
24.84 -0.0188844
24.85 -0.0182738
24.86 -0.0176175
24.87 -0.016918
24.88 -0.0161778
24.89 -0.0154
24.9 -0.0145879
24.91 -0.0137451
24.92 -0.0128755
24.93 -0.0119832
24.94 -0.0110724
24.95 -0.0101476
24.96 -0.009213
24.97 -0.00827311
24.98 -0.00733233
24.99 -0.00639494
25 -0.00546507
