0.01 3.17431e-09
0.02 1.52901e-08
0.03 3.77553e-08
0.04 6.82152e-08
0.05 1.04354e-07
0.06 1.43918e-07
0.07 1.84736e-07
0.08 2.24719e-07
0.09 2.6184e-07
0.1 2.94142e-07
0.11 3.19758e-07
0.12 3.36911e-07
0.13 3.43883e-07
0.14 3.38959e-07
0.15 3.20413e-07
0.16 2.86569e-07
0.17 2.35853e-07
0.18 1.66803e-07
0.19 7.80839e-08
0.2 -3.14997e-08
0.21 -1.62994e-07
0.22 -3.17289e-07
0.23 -4.95126e-07
0.24 -6.97113e-07
0.25 -9.2376e-07
0.26 -1.17553e-06
0.27 -1.4529e-06
0.28 -1.75619e-06
0.29 -2.08534e-06
0.3 -2.4398e-06
0.31 -2.81845e-06
0.32 -3.21962e-06
0.33 -3.64085e-06
0.34 -4.07879e-06
0.35 -4.52953e-06
0.36 -4.98876e-06
0.37 -5.45197e-06
0.38 -5.91499e-06
0.39 -6.37478e-06
0.4 -6.83003e-06
0.41 -7.28151e-06
0.42 -7.73156e-06
0.43 -8.18353e-06
0.44 -8.64181e-06
0.45 -9.11171e-06
0.46 -9.59899e-06
0.47 -1.01094e-05
0.48 -1.0648e-05
0.49 -1.12192e-05
0.5 -1.18263e-05
0.51 -1.24721e-05
0.52 -1.31587e-05
0.53 -1.38874e-05
0.54 -1.4659e-05
0.55 -1.54741e-05
0.56 -1.63323e-05
0.57 -1.72331e-05
0.58 -1.81757e-05
0.59 -1.91593e-05
0.6 -2.01828e-05
0.61 -2.12449e-05
0.62 -2.23443e-05
0.63 -2.34792e-05
0.64 -2.46479e-05
0.65 -2.58488e-05
0.66 -2.70802e-05
0.67 -2.83408e-05
0.68 -2.96293e-05
0.69 -3.0945e-05
0.7 -3.2287e-05
0.71 -3.3654e-05
0.72 -3.50442e-05
0.73 -3.64543e-05
0.74 -3.78787e-05
0.75 -3.93095e-05
0.76 -4.07355e-05
0.77 -4.21433e-05
0.78 -4.35177e-05
0.79 -4.48447e-05
0.8 -4.61125e-05
0.81 -4.73125e-05
0.82 -4.84386e-05
0.83 -4.94864e-05
0.84 -5.04539e-05
0.85 -5.13424e-05
0.86 -5.21562e-05
0.87 -5.28986e-05
0.88 -5.35682e-05
0.89 -5.41579e-05
0.9 -5.46578e-05
0.91 -5.50562e-05
0.92 -5.53415e-05
0.93 -5.55038e-05
0.94 -5.55381e-05
0.95 -5.54448e-05
0.96 -5.52312e-05
0.97 -5.491e-05
0.98 -5.44948e-05
0.99 -5.39949e-05
1 -5.34132e-05
1.01 -5.27471e-05
1.02 -5.19884e-05
1.03 -5.11242e-05
1.04 -5.01393e-05
1.05 -4.90189e-05
1.06 -4.77514e-05
1.07 -4.63303e-05
1.08 -4.47529e-05
1.09 -4.30173e-05
1.1 -4.11213e-05
1.11 -3.90647e-05
1.12 -3.68472e-05
1.13 -3.4467e-05
1.14 -3.19214e-05
1.15 -2.9208e-05
1.16 -2.6327e-05
1.17 -2.3283e-05
1.18 -2.00879e-05
1.19 -1.67587e-05
1.2 -1.33145e-05
1.21 -9.77756e-06
1.22 -6.17491e-06
1.23 -2.53528e-06
1.24 1.11636e-06
1.25 4.76671e-06
1.26 8.41874e-06
1.27 1.20869e-05
1.28 1.57873e-05
1.29 1.95356e-05
1.3 2.33453e-05
1.31 2.72235e-05
1.32 3.11683e-05
1.33 3.51712e-05
1.34 3.92227e-05
1.35 4.33158e-05
1.36 4.74462e-05
1.37 5.16121e-05
1.38 5.58141e-05
1.39 6.00534e-05
1.4 6.433e-05
1.41 6.86395e-05
1.42 7.29696e-05
1.43 7.72955e-05
1.44 8.15765e-05
1.45 8.57536e-05
1.46 8.97516e-05
1.47 9.34853e-05
1.48 9.68668e-05
1.49 9.98067e-05
1.5 0.000102218
1.51 0.000104019
1.52 0.000105139
1.53 0.000105523
1.54 0.00010514
1.55 0.000103992
1.56 0.000102115
1.57 9.95694e-05
1.58 9.64331e-05
1.59 9.27929e-05
1.6 8.87332e-05
1.61 8.43286e-05
1.62 7.96468e-05
1.63 7.47477e-05
1.64 6.96834e-05
1.65 6.44989e-05
1.66 5.92294e-05
1.67 5.38987e-05
1.68 4.85211e-05
1.69 4.31073e-05
1.7 3.7668e-05
1.71 3.2214e-05
1.72 2.67564e-05
1.73 2.13095e-05
1.74 1.58936e-05
1.75 1.0539e-05
1.76 5.28174e-06
1.77 1.55663e-07
1.78 -4.80272e-06
1.79 -9.54928e-06
1.8 -1.40345e-05
1.81 -1.82088e-05
1.82 -2.20221e-05
1.83 -2.54265e-05
1.84 -2.83863e-05
1.85 -3.08833e-05
1.86 -3.29127e-05
1.87 -3.44732e-05
1.88 -3.5561e-05
1.89 -3.61694e-05
1.9 -3.62883e-05
1.91 -3.59044e-05
1.92 -3.50015e-05
1.93 -3.3562e-05
1.94 -3.15811e-05
1.95 -2.90818e-05
1.96 -2.61167e-05
1.97 -2.2762e-05
1.98 -1.91133e-05
1.99 -1.52738e-05
2 -1.13338e-05
2.01 -7.35215e-06
2.02 -3.35423e-06
2.03 6.65012e-07
2.04 4.73818e-06
2.05 8.91547e-06
2.06 1.32543e-05
2.07 1.78091e-05
2.08 2.2616e-05
2.09 2.76805e-05
2.1 3.29761e-05
2.11 3.84474e-05
2.12 4.40072e-05
2.13 4.95328e-05
2.14 5.48767e-05
2.15 5.988e-05
2.16 6.43749e-05
2.17 6.81922e-05
2.18 7.11634e-05
2.19 7.31131e-05
2.2 7.38535e-05
2.21 7.31897e-05
2.22 7.09317e-05
2.23 6.69009e-05
2.24 6.09356e-05
2.25 5.28866e-05
2.26 4.26223e-05
2.27 3.00549e-05
2.28 1.5147e-05
2.29 -2.10101e-06
2.3 -2.16549e-05
2.31 -4.34458e-05
2.32 -6.73641e-05
2.33 -9.32478e-05
2.34 -0.000120877
2.35 -0.00014998
2.36 -0.000180243
2.37 -0.00021132
2.38 -0.000242845
2.39 -0.000274432
2.4 -0.00030569
2.41 -0.000336268
2.42 -0.000365873
2.43 -0.000394255
2.44 -0.000421185
2.45 -0.000446454
2.46 -0.000469874
2.47 -0.000491286
2.48 -0.000510567
2.49 -0.000527614
2.5 -0.000542325
2.51 -0.00055459
2.52 -0.000564285
2.53 -0.000571289
2.54 -0.00057549
2.55 -0.000576776
2.56 -0.000575044
2.57 -0.000570227
2.58 -0.000562315
2.59 -0.000551359
2.6 -0.000537466
2.61 -0.000520783
2.62 -0.000501473
2.63 -0.000479699
2.64 -0.00045561
2.65 -0.000429341
2.66 -0.000401012
2.67 -0.000370731
2.68 -0.000338607
2.69 -0.000304761
2.7 -0.000269332
2.71 -0.000232466
2.72 -0.000194312
2.73 -0.000155024
2.74 -0.000114737
2.75 -7.35673e-05
2.76 -3.16238e-05
2.77 1.09868e-05
2.78 5.41843e-05
2.79 9.79282e-05
2.8 0.000142212
2.81 0.000187058
2.82 0.000232485
2.83 0.00027848
2.84 0.000324989
2.85 0.000371923
2.86 0.000419152
2.87 0.000466512
2.88 0.00051378
2.89 0.000560685
2.9 0.000606938
2.91 0.000652235
2.92 0.000696257
2.93 0.000738684
2.94 0.000779201
2.95 0.000817509
2.96 0.000853332
2.97 0.000886447
2.98 0.000916695
2.99 0.000943973
3 0.000968215
3.01 0.000989386
3.02 0.00100746
3.03 0.00102241
3.04 0.00103418
3.05 0.00104269
3.06 0.00104785
3.07 0.00104952
3.08 0.00104753
3.09 0.00104169
3.1 0.00103186
3.11 0.0010179
3.12 0.000999785
3.13 0.000977531
3.14 0.000951242
3.15 0.000921052
3.16 0.000887125
3.17 0.000849655
3.18 0.000808861
3.19 0.000764969
3.2 0.000718195
3.21 0.000668749
3.22 0.000616877
3.23 0.000562869
3.24 0.000507057
3.25 0.000449811
3.26 0.000391521
3.27 0.000332612
3.28 0.000273565
3.29 0.000214874
3.3 0.000157018
3.31 0.000100475
3.32 4.57263e-05
3.33 -6.79921e-06
3.34 -5.67649e-05
3.35 -0.000103957
3.36 -0.000148295
3.37 -0.000189829
3.38 -0.000228717
3.39 -0.000265227
3.4 -0.000299721
3.41 -0.000332637
3.42 -0.000364458
3.43 -0.000395669
3.44 -0.000426741
3.45 -0.000458126
3.46 -0.000490236
3.47 -0.000523409
3.48 -0.000557858
3.49 -0.000593651
3.5 -0.000630719
3.51 -0.000668875
3.52 -0.000707814
3.53 -0.00074714
3.54 -0.000786395
3.55 -0.000825115
3.56 -0.000862886
3.57 -0.000899354
3.58 -0.000934185
3.59 -0.000967052
3.6 -0.000997673
3.61 -0.00102584
3.62 -0.00105139
3.63 -0.00107424
3.64 -0.00109435
3.65 -0.00111176
3.66 -0.00112655
3.67 -0.00113889
3.68 -0.00114902
3.69 -0.00115722
3.7 -0.0011638
3.71 -0.00116901
3.72 -0.00117314
3.73 -0.00117643
3.74 -0.00117909
3.75 -0.00118127
3.76 -0.00118311
3.77 -0.0011847
3.78 -0.00118611
3.79 -0.00118736
3.8 -0.00118843
3.81 -0.00118926
3.82 -0.0011897
3.83 -0.00118962
3.84 -0.00118882
3.85 -0.00118713
3.86 -0.00118437
3.87 -0.00118047
3.88 -0.00117546
3.89 -0.00116948
3.9 -0.00116279
3.91 -0.00115576
3.92 -0.00114887
3.93 -0.0011427
3.94 -0.00113784
3.95 -0.00113488
3.96 -0.0011344
3.97 -0.00113693
3.98 -0.00114285
3.99 -0.00115242
4 -0.0011657
4.01 -0.00118264
4.02 -0.00120302
4.03 -0.0012265
4.04 -0.00125262
4.05 -0.00128081
4.06 -0.00131036
4.07 -0.00134046
4.08 -0.00137014
4.09 -0.00139831
4.1 -0.00142382
4.11 -0.00144548
4.12 -0.0014622
4.13 -0.00147304
4.14 -0.0014773
4.15 -0.00147452
4.16 -0.00146458
4.17 -0.0014477
4.18 -0.00142436
4.19 -0.00139531
4.2 -0.00136147
4.21 -0.00132393
4.22 -0.00128381
4.23 -0.0012422
4.24 -0.00120008
4.25 -0.00115831
4.26 -0.0011177
4.27 -0.00107897
4.28 -0.0010427
4.29 -0.00100934
4.3 -0.000979168
4.31 -0.00095232
4.32 -0.000928805
4.33 -0.000908524
4.34 -0.000891241
4.35 -0.000876567
4.36 -0.000863967
4.37 -0.000852774
4.38 -0.000842226
4.39 -0.000831506
4.4 -0.000819753
4.41 -0.000806063
4.42 -0.000789507
4.43 -0.000769174
4.44 -0.000744188
4.45 -0.000713756
4.46 -0.000677239
4.47 -0.00063421
4.48 -0.000584447
4.49 -0.000527888
4.5 -0.000464547
4.51 -0.000394488
4.52 -0.000317873
4.53 -0.000234993
4.54 -0.000146264
4.55 -5.2202e-05
4.56 4.65831e-05
4.57 0.000149403
4.58 0.00025549
4.59 0.000364021
4.6 0.000474128
4.61 0.000584942
4.62 0.000695643
4.63 0.000805471
4.64 0.000913722
4.65 0.00101977
4.66 0.00112308
4.67 0.00122328
4.68 0.00132014
4.69 0.00141356
4.7 0.00150355
4.71 0.00159011
4.72 0.00167324
4.73 0.00175291
4.74 0.0018291
4.75 0.00190171
4.76 0.00197054
4.77 0.00203535
4.78 0.00209588
4.79 0.00215189
4.8 0.00220313
4.81 0.00224927
4.82 0.00228999
4.83 0.00232496
4.84 0.00235388
4.85 0.00237639
4.86 0.00239214
4.87 0.00240083
4.88 0.00240222
4.89 0.00239612
4.9 0.00238238
4.91 0.00236091
4.92 0.00233171
4.93 0.00229482
4.94 0.00225035
4.95 0.00219841
4.96 0.00213919
4.97 0.00207289
4.98 0.00199983
4.99 0.00192039
5 0.00183501
5.01 0.00174413
5.02 0.00164816
5.03 0.00154741
5.04 0.00144208
5.05 0.00133225
5.06 0.0012179
5.07 0.00109885
5.08 0.000974844
5.09 0.000845568
5.1 0.000710679
5.11 0.000569798
5.12 0.000422587
5.13 0.000268788
5.14 0.000108243
5.15 -5.9062e-05
5.16 -0.000232935
5.17 -0.000412942
5.18 -0.000598445
5.19 -0.00078865
5.2 -0.000982619
5.21 -0.00117927
5.22 -0.00137744
5.23 -0.00157595
5.24 -0.00177365
5.25 -0.00196943
5.26 -0.00216213
5.27 -0.00235053
5.28 -0.00253338
5.29 -0.00270947
5.3 -0.00287762
5.31 -0.00303671
5.32 -0.00318573
5.33 -0.00332386
5.34 -0.0034505
5.35 -0.00356532
5.36 -0.0036682
5.37 -0.00375936
5.38 -0.00383929
5.39 -0.00390864
5.4 -0.00396814
5.41 -0.00401856
5.42 -0.00406067
5.43 -0.00409515
5.44 -0.00412256
5.45 -0.00414331
5.46 -0.00415768
5.47 -0.00416582
5.48 -0.00416784
5.49 -0.00416383
5.5 -0.00415381
5.51 -0.00413769
5.52 -0.00411537
5.53 -0.00408674
5.54 -0.00405168
5.55 -0.00401006
5.56 -0.00396174
5.57 -0.0039066
5.58 -0.00384466
5.59 -0.00377602
5.6 -0.0037008
5.61 -0.00361914
5.62 -0.00353115
5.63 -0.00343692
5.64 -0.00333653
5.65 -0.00323007
5.66 -0.00311763
5.67 -0.0029993
5.68 -0.00287514
5.69 -0.00274513
5.7 -0.0026092
5.71 -0.00246721
5.72 -0.00231894
5.73 -0.00216414
5.74 -0.00200255
5.75 -0.00183392
5.76 -0.001658
5.77 -0.00147464
5.78 -0.00128381
5.79 -0.00108564
5.8 -0.000880436
5.81 -0.000668752
5.82 -0.000451353
5.83 -0.000229263
5.84 -3.73038e-06
5.85 0.000223833
5.86 0.000451904
5.87 0.000678878
5.88 0.000903113
5.89 0.00112297
5.9 0.00133686
5.91 0.00154329
5.92 0.00174094
5.93 0.00192862
5.94 0.00210533
5.95 0.00227025
5.96 0.00242284
5.97 0.0025629
5.98 0.00269053
5.99 0.00280612
6 0.00291027
6.01 0.00300379
6.02 0.00308757
6.03 0.00316256
6.04 0.00322975
6.05 0.00329016
6.06 0.00334475
6.07 0.00339438
6.08 0.00343973
6.09 0.0034813
6.1 0.00351949
6.11 0.00355456
6.12 0.00358665
6.13 0.00361576
6.14 0.00364187
6.15 0.00366492
6.16 0.00368493
6.17 0.00370203
6.18 0.00371657
6.19 0.00372909
6.2 0.00374025
6.21 0.0037508
6.22 0.00376151
6.23 0.00377326
6.24 0.00378691
6.25 0.00380326
6.26 0.00382311
6.27 0.00384722
6.28 0.00387633
6.29 0.00391122
6.3 0.00395264
6.31 0.00400141
6.32 0.00405838
6.33 0.00412443
6.34 0.00420045
6.35 0.00428733
6.36 0.0043859
6.37 0.00449676
6.38 0.00462016
6.39 0.00475605
6.4 0.00490408
6.41 0.00506373
6.42 0.00523436
6.43 0.00541535
6.44 0.00560615
6.45 0.00580637
6.46 0.00601588
6.47 0.00623471
6.48 0.00646296
6.49 0.00670061
6.5 0.00694747
6.51 0.00720294
6.52 0.00746599
6.53 0.00773519
6.54 0.00800866
6.55 0.00828409
6.56 0.0085587
6.57 0.00882946
6.58 0.00909313
6.59 0.00934647
6.6 0.00958644
6.61 0.00981033
6.62 0.0100158
6.63 0.0102009
6.64 0.0103641
6.65 0.0105041
6.66 0.0106198
6.67 0.0107101
6.68 0.0107739
6.69 0.0108102
6.7 0.010818
6.71 0.0107964
6.72 0.0107446
6.73 0.0106619
6.74 0.0105477
6.75 0.0104017
6.76 0.0102236
6.77 0.0100137
6.78 0.00977209
6.79 0.00949945
6.8 0.0091965
6.81 0.00886416
6.82 0.00850335
6.83 0.00811504
6.84 0.00770013
6.85 0.00725946
6.86 0.00679381
6.87 0.00630383
6.88 0.00579016
6.89 0.00525341
6.9 0.00469436
6.91 0.00411398
6.92 0.00351353
6.93 0.00289462
6.94 0.00225919
6.95 0.00160953
6.96 0.000948141
6.97 0.000277622
6.98 -0.000399539
6.99 -0.0010811
7 -0.00176511
7.01 -0.00245001
7.02 -0.00313454
7.03 -0.00381764
7.04 -0.00449829
7.05 -0.00517533
7.06 -0.00584737
7.07 -0.00651262
7.08 -0.00716898
7.09 -0.00781401
7.1 -0.008445
7.11 -0.00905914
7.12 -0.00965358
7.13 -0.0102257
7.14 -0.0107734
7.15 -0.0112948
7.16 -0.0117889
7.17 -0.0122549
7.18 -0.0126923
7.19 -0.013101
7.2 -0.0134809
7.21 -0.0138319
7.22 -0.0141539
7.23 -0.0144465
7.24 -0.014709
7.25 -0.0149407
7.26 -0.0151404
7.27 -0.015307
7.28 -0.0154396
7.29 -0.0155373
7.3 -0.0155998
7.31 -0.0156269
7.32 -0.015619
7.33 -0.0155768
7.34 -0.0155013
7.35 -0.0153933
7.36 -0.0152538
7.37 -0.0150837
7.38 -0.0148833
7.39 -0.0146529
7.4 -0.0143924
7.41 -0.0141017
7.42 -0.0137803
7.43 -0.0134282
7.44 -0.0130455
7.45 -0.0126325
7.46 -0.0121903
7.47 -0.01172
7.48 -0.0112235
7.49 -0.0107029
7.5 -0.0101608
7.51 -0.00959998
7.52 -0.00902375
7.53 -0.00843535
7.54 -0.00783804
7.55 -0.007235
7.56 -0.00662935
7.57 -0.00602417
7.58 -0.00542255
7.59 -0.00482756
7.6 -0.00424225
7.61 -0.00366958
7.62 -0.00311227
7.63 -0.00257259
7.64 -0.00205231
7.65 -0.0015527
7.66 -0.00107449
7.67 -0.000617776
7.68 -0.000182012
7.69 0.000233978
7.7 0.000631929
7.71 0.00101399
7.72 0.00138237
7.73 0.00173906
7.74 0.00208567
7.75 0.00242332
7.76 0.00275268
7.77 0.00307402
7.78 0.00338735
7.79 0.0036924
7.8 0.00398861
7.81 0.00427519
7.82 0.00455115
7.83 0.00481533
7.84 0.00506637
7.85 0.00530283
7.86 0.00552316
7.87 0.00572584
7.88 0.00590936
7.89 0.0060724
7.9 0.00621383
7.91 0.00633278
7.92 0.00642868
7.93 0.00650127
7.94 0.00655065
7.95 0.00657719
7.96 0.00658154
7.97 0.00656457
7.98 0.00652739
7.99 0.00647128
8 0.00639757
8.01 0.00630755
8.02 0.00620243
8.03 0.00608332
8.04 0.00595112
8.05 0.0058065
8.06 0.00564986
8.07 0.00548136
8.08 0.00530103
8.09 0.00510883
8.1 0.00490483
8.11 0.0046893
8.12 0.0044629
8.13 0.00422666
8.14 0.00398198
8.15 0.00373058
8.16 0.00347445
8.17 0.00321581
8.18 0.00295697
8.19 0.00270027
8.2 0.00244799
8.21 0.00220229
8.22 0.00196512
8.23 0.0017382
8.24 0.00152312
8.25 0.00132123
8.26 0.00113364
8.27 0.000961196
8.28 0.000804457
8.29 0.000663678
8.3 0.000538731
8.31 0.000429018
8.32 0.000333372
8.33 0.000250035
8.34 0.000176734
8.35 0.000110798
8.36 4.9323e-05
8.37 -1.05833e-05
8.38 -7.15872e-05
8.39 -0.000135941
8.4 -0.000205315
8.41 -0.000280772
8.42 -0.000362845
8.43 -0.00045161
8.44 -0.000546719
8.45 -0.0006474
8.46 -0.000752461
8.47 -0.000860326
8.48 -0.000969097
8.49 -0.00107667
8.5 -0.00118087
8.51 -0.00127949
8.52 -0.00137046
8.53 -0.00145205
8.54 -0.00152292
8.55 -0.00158225
8.56 -0.00162964
8.57 -0.00166498
8.58 -0.00168841
8.59 -0.00170021
8.6 -0.00170078
8.61 -0.00169048
8.62 -0.00166961
8.63 -0.00163823
8.64 -0.00159617
8.65 -0.00154297
8.66 -0.00147787
8.67 -0.00139992
8.68 -0.00130802
8.69 -0.00120103
8.7 -0.00107787
8.71 -0.00093752
8.72 -0.000779076
8.73 -0.000601888
8.74 -0.000405578
8.75 -0.000190024
8.76 4.45625e-05
8.77 0.000297561
8.78 0.00056795
8.79 0.000854366
8.8 0.00115512
8.81 0.00146818
8.82 0.0017913
8.83 0.00212207
8.84 0.00245818
8.85 0.00279743
8.86 0.0031378
8.87 0.00347742
8.88 0.00381459
8.89 0.0041478
8.9 0.00447588
8.91 0.00479789
8.92 0.00511318
8.93 0.00542121
8.94 0.00572157
8.95 0.0060138
8.96 0.00629738
8.97 0.00657175
8.98 0.00683629
8.99 0.00709027
9 0.00733276
9.01 0.0075626
9.02 0.00777837
9.03 0.00797841
9.04 0.00816087
9.05 0.00832385
9.06 0.00846555
9.07 0.00858437
9.08 0.00867891
9.09 0.00874804
9.1 0.00879077
9.11 0.00880625
9.12 0.00879369
9.13 0.00875242
9.14 0.00868183
9.15 0.00858143
9.16 0.00845095
9.17 0.00829041
9.18 0.00810028
9.19 0.00788151
9.2 0.0076356
9.21 0.00736459
9.22 0.00707113
9.23 0.00675841
9.24 0.00642994
9.25 0.00608937
9.26 0.00574019
9.27 0.00538555
9.28 0.00502818
9.29 0.00467029
9.3 0.00431357
9.31 0.00395944
9.32 0.00360921
9.33 0.00326404
9.34 0.002925
9.35 0.0025931
9.36 0.00226926
9.37 0.00195435
9.38 0.00164916
9.39 0.00135444
9.4 0.00107076
9.41 0.000798482
9.42 0.000537652
9.43 0.000287953
9.44 4.86115e-05
9.45 -0.00018162
9.46 -0.00040435
9.47 -0.000621389
9.48 -0.000834606
9.49 -0.00104574
9.5 -0.00125624
9.51 -0.0014672
9.52 -0.00167929
9.53 -0.00189281
9.54 -0.00210777
9.55 -0.0023241
9.56 -0.00254168
9.57 -0.00276053
9.58 -0.00298084
9.59 -0.00320307
9.6 -0.00342788
9.61 -0.00365604
9.62 -0.00388829
9.63 -0.00412521
9.64 -0.00436711
9.65 -0.00461395
9.66 -0.0048653
9.67 -0.0051204
9.68 -0.00537814
9.69 -0.00563715
9.7 -0.00589583
9.71 -0.00615259
9.72 -0.00640587
9.73 -0.00665426
9.74 -0.00689653
9.75 -0.00713174
9.76 -0.00735928
9.77 -0.00757879
9.78 -0.00779014
9.79 -0.00799344
9.8 -0.00818903
9.81 -0.00837747
9.82 -0.00855951
9.83 -0.00873605
9.84 -0.00890814
9.85 -0.00907695
9.86 -0.00924365
9.87 -0.00940933
9.88 -0.00957493
9.89 -0.00974122
9.9 -0.00990882
9.91 -0.010078
9.92 -0.0102489
9.93 -0.010421
9.94 -0.0105939
9.95 -0.0107667
9.96 -0.0109382
9.97 -0.0111073
9.98 -0.0112731
9.99 -0.0114348
10 -0.0115918
10.01 -0.0117437
10.02 -0.0118906
10.03 -0.0120324
10.04 -0.0121696
10.05 -0.0123024
10.06 -0.0124311
10.07 -0.0125556
10.08 -0.0126757
10.09 -0.0127911
10.1 -0.0129012
10.11 -0.0130053
10.12 -0.0131028
10.13 -0.0131931
10.14 -0.013276
10.15 -0.0133511
10.16 -0.0134185
10.17 -0.0134781
10.18 -0.01353
10.19 -0.013574
10.2 -0.01361
10.21 -0.0136375
10.22 -0.0136561
10.23 -0.0136652
10.24 -0.0136642
10.25 -0.0136527
10.26 -0.0136301
10.27 -0.0135961
10.28 -0.0135505
10.29 -0.0134931
10.3 -0.0134237
10.31 -0.0133424
10.32 -0.013249
10.33 -0.0131432
10.34 -0.013025
10.35 -0.0128942
10.36 -0.0127506
10.37 -0.0125941
10.38 -0.0124247
10.39 -0.0122423
10.4 -0.0120469
10.41 -0.0118383
10.42 -0.0116163
10.43 -0.0113805
10.44 -0.0111304
10.45 -0.010865
10.46 -0.0105836
10.47 -0.0102851
10.48 -0.00996876
10.49 -0.00963395
10.5 -0.00928033
10.51 -0.00890799
10.52 -0.00851736
10.53 -0.00810919
10.54 -0.00768452
10.55 -0.00724457
10.56 -0.00679062
10.57 -0.00632407
10.58 -0.00584636
10.59 -0.00535898
10.6 -0.00486342
10.61 -0.00436121
10.62 -0.00385393
10.63 -0.00334327
10.64 -0.00283099
10.65 -0.00231897
10.66 -0.00180921
10.67 -0.00130371
10.68 -0.000804511
10.69 -0.000313523
10.7 0.000167527
10.71 0.000637149
10.72 0.00109404
10.73 0.00153706
10.74 0.00196522
10.75 0.00237768
10.76 0.00277366
10.77 0.00315252
10.78 0.00351379
10.79 0.00385711
10.8 0.00418226
10.81 0.00448908
10.82 0.00477751
10.83 0.00504763
10.84 0.00529958
10.85 0.00553352
10.86 0.00574963
10.87 0.00594799
10.88 0.00612862
10.89 0.00629153
10.9 0.00643669
10.91 0.0065641
10.92 0.00667384
10.93 0.00676617
10.94 0.00684162
10.95 0.006901
10.96 0.00694537
10.97 0.00697603
10.98 0.00699442
10.99 0.00700205
11 0.00700037
11.01 0.00699075
11.02 0.00697444
11.03 0.00695253
11.04 0.00692589
11.05 0.00689524
11.06 0.00686118
11.07 0.00682424
11.08 0.00678484
11.09 0.00674333
11.1 0.0067
11.11 0.00665519
11.12 0.00660929
11.13 0.0065628
11.14 0.00651623
11.15 0.00647008
11.16 0.0064249
11.17 0.00638138
11.18 0.00634038
11.19 0.00630299
11.2 0.00627049
11.21 0.00624432
11.22 0.00622607
11.23 0.00621741
11.24 0.00621985
11.25 0.00623454
11.26 0.00626216
11.27 0.00630288
11.28 0.00635645
11.29 0.0064223
11.3 0.00649972
11.31 0.00658785
11.32 0.00668586
11.33 0.00679293
11.34 0.00690844
11.35 0.00703204
11.36 0.00716377
11.37 0.00730393
11.38 0.00745294
11.39 0.00761123
11.4 0.00777916
11.41 0.00795697
11.42 0.00814467
11.43 0.00834196
11.44 0.00854826
11.45 0.00876278
11.46 0.0089846
11.47 0.0092128
11.48 0.00944659
11.49 0.00968544
11.5 0.00992917
11.51 0.0101779
11.52 0.0104323
11.53 0.0106928
11.54 0.0109604
11.55 0.0112358
11.56 0.0115196
11.57 0.0118122
11.58 0.0121137
11.59 0.0124239
11.6 0.0127423
11.61 0.0130687
11.62 0.0134025
11.63 0.0137436
11.64 0.0140914
11.65 0.0144456
11.66 0.0148058
11.67 0.0151715
11.68 0.0155423
11.69 0.0159175
11.7 0.0162964
11.71 0.0166779
11.72 0.0170609
11.73 0.0174436
11.74 0.0178244
11.75 0.0182009
11.76 0.0185706
11.77 0.0189305
11.78 0.0192771
11.79 0.0196064
11.8 0.0199145
11.81 0.0201974
11.82 0.0204514
11.83 0.0206732
11.84 0.0208601
11.85 0.0210095
11.86 0.0211195
11.87 0.0211882
11.88 0.0212139
11.89 0.0211952
11.9 0.0211307
11.91 0.0210193
11.92 0.0208603
11.93 0.020653
11.94 0.0203968
11.95 0.0200916
11.96 0.0197371
11.97 0.0193335
11.98 0.0188811
11.99 0.0183805
12 0.0178327
12.01 0.0172389
12.02 0.0166007
12.03 0.01592
12.04 0.0151991
12.05 0.0144407
12.06 0.0136476
12.07 0.0128229
12.08 0.0119696
12.09 0.0110905
12.1 0.0101882
12.11 0.00926513
12.12 0.00832344
12.13 0.00736499
12.14 0.00639133
12.15 0.00540366
12.16 0.00440297
12.17 0.00339008
12.18 0.00236582
12.19 0.00133099
12.2 0.000286393
12.21 -0.000767116
12.22 -0.00182853
12.23 -0.00289669
12.24 -0.00397041
12.25 -0.00504845
12.26 -0.00612934
12.27 -0.00721148
12.28 -0.00829311
12.29 -0.00937233
12.3 -0.0104471
12.31 -0.0115153
12.32 -0.0125745
12.33 -0.0136221
12.34 -0.0146553
12.35 -0.015671
12.36 -0.0166662
12.37 -0.0176376
12.38 -0.0185817
12.39 -0.0194949
12.4 -0.0203735
12.41 -0.021214
12.42 -0.0220129
12.43 -0.0227668
12.44 -0.0234728
12.45 -0.024128
12.46 -0.0247297
12.47 -0.0252753
12.48 -0.0257621
12.49 -0.0261871
12.5 -0.0265472
12.51 -0.0268387
12.52 -0.0270578
12.53 -0.0272005
12.54 -0.0272631
12.55 -0.0272418
12.56 -0.0271335
12.57 -0.0269355
12.58 -0.0266457
12.59 -0.0262623
12.6 -0.0257837
12.61 -0.0252087
12.62 -0.0245365
12.63 -0.0237668
12.64 -0.0228999
12.65 -0.0219363
12.66 -0.0208773
12.67 -0.0197246
12.68 -0.0184806
12.69 -0.0171484
12.7 -0.0157316
12.71 -0.0142345
12.72 -0.0126617
12.73 -0.0110182
12.74 -0.00930922
12.75 -0.0075401
12.76 -0.0057163
12.77 -0.00384328
12.78 -0.00192653
12.79 2.84594e-05
12.8 0.0020162
12.81 0.0040311
12.82 0.00606746
12.83 0.00811942
12.84 0.010181
12.85 0.0122464
12.86 0.0143097
12.87 0.0163652
12.88 0.0184074
12.89 0.0204314
12.9 0.0224323
12.91 0.0244055
12.92 0.0263468
12.93 0.0282518
12.94 0.0301162
12.95 0.0319358
12.96 0.0337062
12.97 0.0354232
12.98 0.0370826
12.99 0.0386804
13 0.0402126
13.01 0.0416755
13.02 0.0430657
13.03 0.0443803
13.04 0.0456167
13.05 0.0467724
13.06 0.0478452
13.07 0.048833
13.08 0.0497337
13.09 0.050545
13.1 0.0512647
13.11 0.0518905
13.12 0.0524202
13.13 0.0528516
13.14 0.0531829
13.15 0.0534128
13.16 0.0535401
13.17 0.0535644
13.18 0.0534857
13.19 0.0533044
13.2 0.0530211
13.21 0.052637
13.22 0.0521533
13.23 0.0515715
13.24 0.0508932
13.25 0.0501201
13.26 0.0492543
13.27 0.0482977
13.28 0.0472525
13.29 0.0461209
13.3 0.0449051
13.31 0.0436075
13.32 0.0422304
13.33 0.040776
13.34 0.0392466
13.35 0.0376446
13.36 0.0359726
13.37 0.0342334
13.38 0.0324302
13.39 0.0305664
13.4 0.0286456
13.41 0.026672
13.42 0.0246498
13.43 0.0225838
13.44 0.0204789
13.45 0.0183405
13.46 0.0161742
13.47 0.0139858
13.48 0.0117814
13.49 0.00956724
13.5 0.00734958
13.51 0.00513481
13.52 0.00292933
13.53 0.000739561
13.54 -0.00142802
13.55 -0.00356691
13.56 -0.00567063
13.57 -0.0077328
13.58 -0.00974728
13.59 -0.0117083
13.6 -0.0136103
13.61 -0.0154482
13.62 -0.0172172
13.63 -0.0189125
13.64 -0.0205298
13.65 -0.0220648
13.66 -0.0235135
13.67 -0.0248722
13.68 -0.0261373
13.69 -0.0273056
13.7 -0.0283745
13.71 -0.0293417
13.72 -0.0302052
13.73 -0.0309636
13.74 -0.0316159
13.75 -0.0321617
13.76 -0.0326011
13.77 -0.0329347
13.78 -0.033164
13.79 -0.033291
13.8 -0.0333184
13.81 -0.0332494
13.82 -0.0330882
13.83 -0.0328392
13.84 -0.0325067
13.85 -0.0320946
13.86 -0.031606
13.87 -0.031044
13.88 -0.0304114
13.89 -0.0297112
13.9 -0.0289467
13.91 -0.0281211
13.92 -0.0272378
13.93 -0.0263004
13.94 -0.0253127
13.95 -0.0242784
13.96 -0.0232014
13.97 -0.0220856
13.98 -0.0209351
13.99 -0.0197538
14 -0.0185459
14.01 -0.0173158
14.02 -0.0160676
14.03 -0.0148057
14.04 -0.0135345
14.05 -0.012258
14.06 -0.0109806
14.07 -0.00970656
14.08 -0.00844031
14.09 -0.00718645
14.1 -0.00594977
14.11 -0.00473531
14.12 -0.0035483
14.13 -0.0023942
14.14 -0.00127873
14.15 -0.000207822
14.16 0.000812442
14.17 0.00177595
14.18 0.00267675
14.19 0.00350912
14.2 0.00426758
14.21 0.00494686
14.22 0.00554189
14.23 0.00604777
14.24 0.00645977
14.25 0.00677326
14.26 0.00698374
14.27 0.00708697
14.28 0.00707903
14.29 0.00695643
14.3 0.00671619
14.31 0.00635595
14.32 0.00587402
14.33 0.00526942
14.34 0.00454175
14.35 0.00369106
14.36 0.00271762
14.37 0.00162181
14.38 0.00040402
14.39 -0.000935231
14.4 -0.00239525
14.41 -0.00397513
14.42 -0.00567366
14.43 -0.00748925
14.44 -0.00941982
14.45 -0.0114626
14.46 -0.0136139
14.47 -0.0158695
14.48 -0.0182247
14.49 -0.020674
14.5 -0.0232119
14.51 -0.0258326
14.52 -0.0285303
14.53 -0.0312991
14.54 -0.034133
14.55 -0.0370261
14.56 -0.0399725
14.57 -0.0429661
14.58 -0.0460009
14.59 -0.0490706
14.6 -0.0521689
14.61 -0.0552891
14.62 -0.058424
14.63 -0.061566
14.64 -0.0647065
14.65 -0.0678362
14.66 -0.0709451
14.67 -0.0740224
14.68 -0.0770572
14.69 -0.0800389
14.7 -0.0829574
14.71 -0.0858027
14.72 -0.0885653
14.73 -0.0912351
14.74 -0.0938013
14.75 -0.0962521
14.76 -0.098576
14.77 -0.100761
14.78 -0.102797
14.79 -0.104672
14.8 -0.106377
14.81 -0.107901
14.82 -0.109235
14.83 -0.110371
14.84 -0.1113
14.85 -0.112014
14.86 -0.112506
14.87 -0.11277
14.88 -0.1128
14.89 -0.11259
14.9 -0.112135
14.91 -0.11143
14.92 -0.110472
14.93 -0.109256
14.94 -0.107779
14.95 -0.10604
14.96 -0.104035
14.97 -0.101765
14.98 -0.0992296
14.99 -0.0964303
15 -0.0933711
15.01 -0.0900578
15.02 -0.0864982
15.03 -0.0827022
15.04 -0.0786808
15.05 -0.0744464
15.06 -0.0700127
15.07 -0.0653946
15.08 -0.060608
15.09 -0.0556689
15.1 -0.050594
15.11 -0.0453999
15.12 -0.0401035
15.13 -0.0347222
15.14 -0.0292735
15.15 -0.0237746
15.16 -0.0182429
15.17 -0.0126952
15.18 -0.00714787
15.19 -0.00161652
15.2 0.00388361
15.21 0.00933755
15.22 0.0147303
15.23 0.0200469
15.24 0.0252725
15.25 0.030392
15.26 0.0353905
15.27 0.0402528
15.28 0.0449636
15.29 0.049508
15.3 0.053872
15.31 0.0580425
15.32 0.0620075
15.33 0.0657562
15.34 0.0692786
15.35 0.0725656
15.36 0.075608
15.37 0.0783975
15.38 0.0809261
15.39 0.0831865
15.4 0.0851725
15.41 0.0868786
15.42 0.0883005
15.43 0.0894351
15.44 0.0902802
15.45 0.0908351
15.46 0.0911
15.47 0.0910764
15.48 0.0907674
15.49 0.0901772
15.5 0.0893117
15.51 0.0881786
15.52 0.0867866
15.53 0.0851456
15.54 0.0832659
15.55 0.0811585
15.56 0.0788348
15.57 0.0763066
15.58 0.0735862
15.59 0.0706863
15.6 0.06762
15.61 0.0644006
15.62 0.0610419
15.63 0.0575578
15.64 0.0539626
15.65 0.050271
15.66 0.0464975
15.67 0.0426571
15.68 0.0387646
15.69 0.0348348
15.7 0.0308826
15.71 0.0269228
15.72 0.0229702
15.73 0.0190394
15.74 0.0151452
15.75 0.0113022
15.76 0.00752499
15.77 0.00382777
15.78 0.000224534
15.79 -0.00327108
15.8 -0.00664587
15.81 -0.00988723
15.82 -0.0129832
15.83 -0.0159224
15.84 -0.0186944
15.85 -0.0212897
15.86 -0.0236993
15.87 -0.025915
15.88 -0.0279292
15.89 -0.0297352
15.9 -0.0313268
15.91 -0.0326988
15.92 -0.0338465
15.93 -0.0347658
15.94 -0.0354531
15.95 -0.0359055
15.96 -0.036121
15.97 -0.0360984
15.98 -0.0358375
15.99 -0.0353393
16 -0.0346056
16.01 -0.0336394
16.02 -0.0324451
16.03 -0.0310284
16.04 -0.0293964
16.05 -0.0275577
16.06 -0.0255219
16.07 -0.0232995
16.08 -0.0209013
16.09 -0.0183387
16.1 -0.0156229
16.11 -0.0127656
16.12 -0.00977897
16.13 -0.00667515
16.14 -0.00346677
16.15 -0.000166731
16.16 0.00321179
16.17 0.00665542
16.18 0.0101506
16.19 0.0136836
16.2 0.0172407
16.21 0.0208084
16.22 0.0243736
16.23 0.0279234
16.24 0.031446
16.25 0.0349303
16.26 0.0383663
16.27 0.0417447
16.28 0.0450571
16.29 0.0482953
16.3 0.0514518
16.31 0.0545192
16.32 0.0574907
16.33 0.06036
16.34 0.0631208
16.35 0.0657676
16.36 0.068295
16.37 0.0706981
16.38 0.0729722
16.39 0.0751131
16.4 0.077117
16.41 0.0789807
16.42 0.0807009
16.43 0.082275
16.44 0.0837004
16.45 0.084975
16.46 0.0860967
16.47 0.0870643
16.48 0.0878763
16.49 0.0885322
16.5 0.0890312
16.51 0.0893734
16.52 0.0895588
16.53 0.0895881
16.54 0.0894623
16.55 0.0891827
16.56 0.0887509
16.57 0.0881687
16.58 0.0874381
16.59 0.0865615
16.6 0.0855412
16.61 0.0843796
16.62 0.0830793
16.63 0.0816428
16.64 0.0800725
16.65 0.0783709
16.66 0.0765401
16.67 0.0745826
16.68 0.0725003
16.69 0.0702954
16.7 0.0679698
16.71 0.0655258
16.72 0.0629662
16.73 0.0602946
16.74 0.0575153
16.75 0.0546333
16.76 0.0516543
16.77 0.0485842
16.78 0.0454294
16.79 0.0421969
16.8 0.0388939
16.81 0.0355279
16.82 0.0321066
16.83 0.0286382
16.84 0.0251305
16.85 0.0215921
16.86 0.018031
16.87 0.0144554
16.88 0.0108734
16.89 0.00729275
16.9 0.00372106
16.91 0.000165684
16.92 -0.00336616
16.93 -0.00686737
16.94 -0.0103308
16.95 -0.0137495
16.96 -0.0171163
16.97 -0.0204245
16.98 -0.023667
16.99 -0.0268371
17 -0.0299282
17.01 -0.0329339
17.02 -0.0358477
17.03 -0.0386637
17.04 -0.0413761
17.05 -0.0439797
17.06 -0.0464694
17.07 -0.0488404
17.08 -0.0510879
17.09 -0.0532077
17.1 -0.0551959
17.11 -0.0570488
17.12 -0.0587632
17.13 -0.0603363
17.14 -0.0617653
17.15 -0.0630479
17.16 -0.0641823
17.17 -0.065167
17.18 -0.0660006
17.19 -0.0666825
17.2 -0.067212
17.21 -0.0675889
17.22 -0.0678133
17.23 -0.0678858
17.24 -0.0678071
17.25 -0.0675786
17.26 -0.067202
17.27 -0.0666793
17.28 -0.0660131
17.29 -0.0652065
17.3 -0.0642629
17.31 -0.0631858
17.32 -0.0619792
17.33 -0.0606474
17.34 -0.059195
17.35 -0.057627
17.36 -0.0559489
17.37 -0.0541669
17.38 -0.0522875
17.39 -0.0503182
17.4 -0.0482667
17.41 -0.0461416
17.42 -0.0439522
17.43 -0.0417077
17.44 -0.0394175
17.45 -0.0370908
17.46 -0.0347362
17.47 -0.0323618
17.48 -0.0299753
17.49 -0.027584
17.5 -0.0251949
17.51 -0.0228151
17.52 -0.0204517
17.53 -0.0181117
17.54 -0.0158021
17.55 -0.0135298
17.56 -0.0113013
17.57 -0.00912279
17.58 -0.0070001
17.59 -0.00493859
17.6 -0.00294308
17.61 -0.00101778
17.62 0.000833728
17.63 0.0026085
17.64 0.00430417
17.65 0.00591896
17.66 0.00745159
17.67 0.0089012
17.68 0.0102674
17.69 0.01155
17.7 0.0127493
17.71 0.0138653
17.72 0.014898
17.73 0.0158473
17.74 0.016713
17.75 0.0174948
17.76 0.0181931
17.77 0.0188086
17.78 0.0193426
17.79 0.0197973
17.8 0.020175
17.81 0.0204789
17.82 0.0207122
17.83 0.0208782
17.84 0.0209804
17.85 0.0210222
17.86 0.0210074
17.87 0.0209396
17.88 0.0208222
17.89 0.0206586
17.9 0.0204516
17.91 0.0202037
17.92 0.0199168
17.93 0.0195928
17.94 0.0192333
17.95 0.01884
17.96 0.0184142
17.97 0.0179575
17.98 0.0174711
17.99 0.0169562
18 0.0164141
18.01 0.0158462
18.02 0.0152536
18.03 0.0146379
18.04 0.0140003
18.05 0.0133426
18.06 0.0126665
18.07 0.0119737
18.08 0.0112659
18.09 0.010545
18.1 0.00981264
18.11 0.00907052
18.12 0.00832035
18.13 0.00756391
18.14 0.00680307
18.15 0.00603984
18.16 0.0052764
18.17 0.00451508
18.18 0.00375838
18.19 0.00300894
18.2 0.00226953
18.21 0.00154302
18.22 0.000832312
18.23 0.00014016
18.24 -0.00053081
18.25 -0.00117814
18.26 -0.00179956
18.27 -0.0023929
18.28 -0.00295601
18.29 -0.00348679
18.3 -0.00398323
18.31 -0.00444329
18.32 -0.00486495
18.33 -0.00524629
18.34 -0.00558553
18.35 -0.00588108
18.36 -0.00613159
18.37 -0.006336
18.38 -0.00649346
18.39 -0.00660322
18.4 -0.0066646
18.41 -0.00667693
18.42 -0.00663951
18.43 -0.00655153
18.44 -0.00641206
18.45 -0.00622005
18.46 -0.00597432
18.47 -0.00567363
18.48 -0.00531673
18.49 -0.00490247
18.5 -0.00442982
18.51 -0.00389807
18.52 -0.00330684
18.53 -0.00265612
18.54 -0.00194625
18.55 -0.00117793
18.56 -0.000352243
18.57 0.000529428
18.58 0.00146547
18.59 0.00245412
18.6 0.00349353
18.61 0.00458176
18.62 0.00571683
18.63 0.00689666
18.64 0.00811908
18.65 0.00938181
18.66 0.0106823
18.67 0.0120177
18.68 0.0133846
18.69 0.0147789
18.7 0.0161954
18.71 0.0176283
18.72 0.0190707
18.73 0.0205152
18.74 0.0219538
18.75 0.0233786
18.76 0.024782
18.77 0.0261563
18.78 0.0274942
18.79 0.0287883
18.8 0.0300314
18.81 0.0312163
18.82 0.0323359
18.83 0.0333834
18.84 0.0343518
18.85 0.0352345
18.86 0.0360248
18.87 0.0367166
18.88 0.0373036
18.89 0.0377805
18.9 0.038142
18.91 0.0383839
18.92 0.0385027
18.93 0.0384959
18.94 0.0383617
18.95 0.0380994
18.96 0.0377083
18.97 0.0371882
18.98 0.0365389
18.99 0.0357605
19 0.0348531
19.01 0.0338164
19.02 0.0326505
19.03 0.0313552
19.04 0.0299308
19.05 0.0283777
19.06 0.0266971
19.07 0.0248908
19.08 0.0229612
19.09 0.0209113
19.1 0.0187446
19.11 0.016465
19.12 0.0140765
19.13 0.0115829
19.14 0.00898826
19.15 0.00629664
19.16 0.00351255
19.17 0.000641048
19.18 -0.00231196
19.19 -0.00533963
19.2 -0.00843412
19.21 -0.0115867
19.22 -0.0147881
19.23 -0.0180281
19.24 -0.0212967
19.25 -0.0245834
19.26 -0.0278789
19.27 -0.031174
19.28 -0.0344606
19.29 -0.0377308
19.3 -0.0409765
19.31 -0.0441898
19.32 -0.0473623
19.33 -0.0504854
19.34 -0.0535503
19.35 -0.0565479
19.36 -0.0594688
19.37 -0.0623036
19.38 -0.0650429
19.39 -0.0676778
19.4 -0.0701995
19.41 -0.0725999
19.42 -0.0748708
19.43 -0.0770045
19.44 -0.0789937
19.45 -0.0808313
19.46 -0.0825109
19.47 -0.0840262
19.48 -0.0853716
19.49 -0.0865416
19.5 -0.0875317
19.51 -0.0883379
19.52 -0.0889567
19.53 -0.0893854
19.54 -0.0896217
19.55 -0.0896645
19.56 -0.0895136
19.57 -0.0891696
19.58 -0.0886337
19.59 -0.0879079
19.6 -0.0869945
19.61 -0.0858965
19.62 -0.0846175
19.63 -0.0831614
19.64 -0.0815326
19.65 -0.0797359
19.66 -0.0777767
19.67 -0.0756605
19.68 -0.0733936
19.69 -0.0709824
19.7 -0.0684339
19.71 -0.0657555
19.72 -0.0629549
19.73 -0.0600402
19.74 -0.0570196
19.75 -0.0539013
19.76 -0.0506935
19.77 -0.0474044
19.78 -0.0440421
19.79 -0.0406146
19.8 -0.0371303
19.81 -0.0335975
19.82 -0.0300247
19.83 -0.0264205
19.84 -0.0227938
19.85 -0.0191535
19.86 -0.0155087
19.87 -0.0118689
19.88 -0.00824323
19.89 -0.00464101
19.9 -0.0010713
19.91 0.00245707
19.92 0.0059356
19.93 0.00935614
19.94 0.0127108
19.95 0.0159919
19.96 0.0191918
19.97 0.022303
19.98 0.025318
19.99 0.0282292
20 0.0310294
20.01 0.0337112
20.02 0.0362679
20.03 0.0386929
20.04 0.0409804
20.05 0.0431257
20.06 0.0451246
20.07 0.0469738
20.08 0.0486711
20.09 0.0502148
20.1 0.0516042
20.11 0.0528393
20.12 0.0539206
20.13 0.0548489
20.14 0.0556252
20.15 0.0562508
20.16 0.0567276
20.17 0.0570573
20.18 0.057242
20.19 0.0572839
20.2 0.0571852
20.21 0.056948
20.22 0.0565746
20.23 0.0560675
20.24 0.0554298
20.25 0.0546645
20.26 0.053775
20.27 0.0527648
20.28 0.0516375
20.29 0.0503967
20.3 0.049046
20.31 0.0475891
20.32 0.0460297
20.33 0.0443717
20.34 0.0426189
20.35 0.0407756
20.36 0.0388461
20.37 0.0368354
20.38 0.0347487
20.39 0.0325918
20.4 0.0303712
20.41 0.0280937
20.42 0.0257667
20.43 0.0233978
20.44 0.0209947
20.45 0.0185654
20.46 0.0161177
20.47 0.0136594
20.48 0.0111985
20.49 0.00874267
20.5 0.00629994
20.51 0.00387812
20.52 0.00148502
20.53 -0.000871608
20.54 -0.00318412
20.55 -0.00544502
20.56 -0.00764703
20.57 -0.00978314
20.58 -0.0118469
20.59 -0.0138324
20.6 -0.0157346
20.61 -0.017549
20.62 -0.0192718
20.63 -0.0208997
20.64 -0.0224294
20.65 -0.0238583
20.66 -0.0251838
20.67 -0.0264036
20.68 -0.0275157
20.69 -0.028518
20.7 -0.0294089
20.71 -0.0301867
20.72 -0.0308498
20.73 -0.0313971
20.74 -0.0318277
20.75 -0.0321408
20.76 -0.0323361
20.77 -0.0324135
20.78 -0.0323729
20.79 -0.0322144
20.8 -0.0319381
20.81 -0.0315438
20.82 -0.0310313
20.83 -0.0304002
20.84 -0.0296502
20.85 -0.0287814
20.86 -0.0277941
20.87 -0.0266895
20.88 -0.0254691
20.89 -0.0241351
20.9 -0.0226903
20.91 -0.021138
20.92 -0.0194816
20.93 -0.017725
20.94 -0.0158722
20.95 -0.0139276
20.96 -0.0118959
20.97 -0.00978225
20.98 -0.0075922
20.99 -0.00533187
21 -0.00300786
21.01 -0.000627306
21.02 0.00180213
21.03 0.00427231
21.04 0.00677482
21.05 0.00930115
21.06 0.0118428
21.07 0.0143914
21.08 0.0169386
21.09 0.0194759
21.1 0.0219952
21.11 0.0244882
21.12 0.0269475
21.13 0.0293659
21.14 0.0317366
21.15 0.0340532
21.16 0.0363097
21.17 0.0385002
21.18 0.040619
21.19 0.0426607
21.2 0.04462
21.21 0.0464919
21.22 0.0482715
21.23 0.0499543
21.24 0.051536
21.25 0.0530127
21.26 0.0543808
21.27 0.0556374
21.28 0.0567798
21.29 0.0578061
21.3 0.0587147
21.31 0.0595042
21.32 0.0601737
21.33 0.0607225
21.34 0.0611498
21.35 0.0614549
21.36 0.0616374
21.37 0.0616968
21.38 0.0616327
21.39 0.0614446
21.4 0.0611323
21.41 0.0606953
21.42 0.0601336
21.43 0.0594473
21.44 0.0586366
21.45 0.0577023
21.46 0.0566455
21.47 0.0554678
21.48 0.0541713
21.49 0.0527582
21.5 0.051231
21.51 0.0495925
21.52 0.0478457
21.53 0.0459939
21.54 0.0440408
21.55 0.0419902
21.56 0.0398461
21.57 0.0376126
21.58 0.035294
21.59 0.0328944
21.6 0.030418
21.61 0.027869
21.62 0.025252
21.63 0.0225717
21.64 0.0198333
21.65 0.0170423
21.66 0.0142048
21.67 0.0113271
21.68 0.00841598
21.69 0.00547816
21.7 0.00252054
21.71 -0.000450057
21.72 -0.0034268
21.73 -0.00640282
21.74 -0.00937113
21.75 -0.0123246
21.76 -0.0152561
21.77 -0.018158
21.78 -0.0210229
21.79 -0.0238432
21.8 -0.0266115
21.81 -0.0293206
21.82 -0.0319638
21.83 -0.0345347
21.84 -0.0370276
21.85 -0.0394372
21.86 -0.0417586
21.87 -0.0439874
21.88 -0.0461196
21.89 -0.0481516
21.9 -0.0500803
21.91 -0.0519024
21.92 -0.0536151
21.93 -0.0552156
21.94 -0.0567012
21.95 -0.0580691
21.96 -0.0593172
21.97 -0.0604434
21.98 -0.0614465
21.99 -0.0623258
22 -0.0630811
22.01 -0.0637131
22.02 -0.0642231
22.03 -0.0646127
22.04 -0.0648838
22.05 -0.0650383
22.06 -0.0650774
22.07 -0.0650024
22.08 -0.0648137
22.09 -0.0645122
22.1 -0.0640984
22.11 -0.0635732
22.12 -0.0629374
22.13 -0.062192
22.14 -0.0613385
22.15 -0.0603784
22.16 -0.0593139
22.17 -0.0581474
22.18 -0.0568819
22.19 -0.0555205
22.2 -0.0540665
22.21 -0.0525235
22.22 -0.0508949
22.23 -0.0491842
22.24 -0.047395
22.25 -0.0455306
22.26 -0.0435947
22.27 -0.0415911
22.28 -0.0395238
22.29 -0.0373969
22.3 -0.0352152
22.31 -0.0329836
22.32 -0.0307078
22.33 -0.0283937
22.34 -0.0260474
22.35 -0.0236754
22.36 -0.0212843
22.37 -0.0188805
22.38 -0.0164705
22.39 -0.0140605
22.4 -0.0116569
22.41 -0.00926534
22.42 -0.00689162
22.43 -0.00454111
22.44 -0.00221906
22.45 6.95234e-05
22.46 0.00231992
22.47 0.00452779
22.48 0.00668918
22.49 0.00880048
22.5 0.0108584
22.51 0.0128603
22.52 0.0148035
22.53 0.0166861
22.54 0.0185064
22.55 0.0202627
22.56 0.0219536
22.57 0.023578
22.58 0.025135
22.59 0.0266239
22.6 0.0280441
22.61 0.0293952
22.62 0.030677
22.63 0.0318893
22.64 0.0330318
22.65 0.0341043
22.66 0.0351065
22.67 0.0360379
22.68 0.0368977
22.69 0.0376852
22.7 0.0383998
22.71 0.0390413
22.72 0.0396096
22.73 0.0401049
22.74 0.0405276
22.75 0.0408785
22.76 0.0411583
22.77 0.0413679
22.78 0.0415082
22.79 0.04158
22.8 0.0415845
22.81 0.0415228
22.82 0.0413962
22.83 0.0412061
22.84 0.040954
22.85 0.0406415
22.86 0.0402702
22.87 0.0398418
22.88 0.0393581
22.89 0.0388208
22.9 0.0382315
22.91 0.0375918
22.92 0.0369033
22.93 0.0361673
22.94 0.0353851
22.95 0.0345581
22.96 0.0336873
22.97 0.0327739
22.98 0.0318189
22.99 0.030824
23 0.029791
23.01 0.0287225
23.02 0.0276212
23.03 0.0264905
23.04 0.0253338
23.05 0.0241548
23.06 0.0229572
23.07 0.0217448
23.08 0.0205208
23.09 0.0192885
23.1 0.0180507
23.11 0.01681
23.12 0.0155692
23.13 0.0143309
23.14 0.0130977
23.15 0.0118724
23.16 0.0106577
23.17 0.0094561
23.18 0.00827037
23.19 0.0071032
23.2 0.00595734
23.21 0.0048355
23.22 0.00374033
23.23 0.00267433
23.24 0.00163995
23.25 0.000639546
23.26 -0.000324662
23.27 -0.00125057
23.28 -0.00213605
23.29 -0.00297898
23.3 -0.00377723
23.31 -0.00452873
23.32 -0.00523143
23.33 -0.00588346
23.34 -0.00648311
23.35 -0.00702888
23.36 -0.00751951
23.37 -0.00795403
23.38 -0.00833176
23.39 -0.00865231
23.4 -0.00891569
23.41 -0.0091223
23.42 -0.0092729
23.43 -0.0093686
23.44 -0.00941078
23.45 -0.00940117
23.46 -0.00934167
23.47 -0.0092342
23.48 -0.00908056
23.49 -0.00888239
23.5 -0.00864118
23.51 -0.00835836
23.52 -0.00803536
23.53 -0.00767364
23.54 -0.00727473
23.55 -0.00684015
23.56 -0.00637147
23.57 -0.00587023
23.58 -0.00533796
23.59 -0.00477614
23.6 -0.00418626
23.61 -0.00356983
23.62 -0.00292835
23.63 -0.00226327
23.64 -0.00157599
23.65 -0.000867841
23.66 -0.000140176
23.67 0.000605583
23.68 0.00136786
23.69 0.0021449
23.7 0.0029348
23.71 0.00373546
23.72 0.00454458
23.73 0.0053597
23.74 0.00617815
23.75 0.00699705
23.76 0.00781325
23.77 0.00862324
23.78 0.00942317
23.79 0.0102089
23.8 0.010976
23.81 0.0117201
23.82 0.0124369
23.83 0.0131223
23.84 0.0137723
23.85 0.0143829
23.86 0.0149505
23.87 0.0154716
23.88 0.0159428
23.89 0.0163607
23.9 0.0167223
23.91 0.0170241
23.92 0.0172631
23.93 0.017436
23.94 0.0175399
23.95 0.0175721
23.96 0.0175302
23.97 0.0174123
23.98 0.0172172
23.99 0.0169442
24 0.0165934
24.01 0.0161655
24.02 0.0156618
24.03 0.015084
24.04 0.0144345
24.05 0.0137167
24.06 0.0129344
24.07 0.0120923
24.08 0.0111955
24.09 0.0102493
24.1 0.00925909
24.11 0.00822996
24.12 0.00716696
24.13 0.00607472
24.14 0.00495742
24.15 0.0038187
24.16 0.00266172
24.17 0.00148924
24.18 0.000303896
24.19 -0.000891722
24.2 -0.0020951
24.21 -0.00330383
24.22 -0.0045156
24.23 -0.00572821
24.24 -0.00693959
24.25 -0.00814773
24.26 -0.00935074
24.27 -0.0105469
24.28 -0.0117347
24.29 -0.0129127
24.3 -0.0140801
24.31 -0.0152359
24.32 -0.0163796
24.33 -0.0175103
24.34 -0.0186266
24.35 -0.0197268
24.36 -0.0208087
24.37 -0.0218696
24.38 -0.0229069
24.39 -0.0239176
24.4 -0.0248988
24.41 -0.0258476
24.42 -0.0267612
24.43 -0.0276371
24.44 -0.0284731
24.45 -0.0292671
24.46 -0.0300173
24.47 -0.0307219
24.48 -0.0313791
24.49 -0.0319871
24.5 -0.0325443
24.51 -0.0330492
24.52 -0.0335004
24.53 -0.0338964
24.54 -0.0342365
24.55 -0.0345197
24.56 -0.0347456
24.57 -0.0349139
24.58 -0.0350247
24.59 -0.0350785
24.6 -0.0350756
24.61 -0.0350169
24.62 -0.034903
24.63 -0.034735
24.64 -0.0345139
24.65 -0.0342405
24.66 -0.0339159
24.67 -0.0335407
24.68 -0.0331155
24.69 -0.0326409
24.7 -0.0321174
24.71 -0.0315454
24.72 -0.0309252
24.73 -0.0302573
24.74 -0.0295425
24.75 -0.0287813
24.76 -0.0279744
24.77 -0.0271225
24.78 -0.0262265
24.79 -0.0252874
24.8 -0.0243068
24.81 -0.0232862
24.82 -0.0222276
24.83 -0.021133
24.84 -0.020005
24.85 -0.0188461
24.86 -0.0176591
24.87 -0.016447
24.88 -0.0152129
24.89 -0.01396
24.9 -0.0126919
24.91 -0.0114126
24.92 -0.0101259
24.93 -0.00883602
24.94 -0.00754725
24.95 -0.00626383
24.96 -0.00499002
24.97 -0.00373006
24.98 -0.00248814
24.99 -0.0012683
25 -7.43793e-05
