0.01 3.17511e-09
0.02 1.5296e-08
0.03 3.77781e-08
0.04 6.82765e-08
0.05 1.04487e-07
0.06 1.4417e-07
0.07 1.85166e-07
0.08 2.25397e-07
0.09 2.6285e-07
0.1 2.95576e-07
0.11 3.21714e-07
0.12 3.39492e-07
0.13 3.47194e-07
0.14 3.43099e-07
0.15 3.25473e-07
0.16 2.92628e-07
0.17 2.4297e-07
0.18 1.75013e-07
0.19 8.73906e-08
0.2 -2.11311e-08
0.21 -1.51642e-07
0.22 -3.05085e-07
0.23 -4.82258e-07
0.24 -6.83838e-07
0.25 -9.10404e-07
0.26 -1.1625e-06
0.27 -1.4407e-06
0.28 -1.7454e-06
0.29 -2.07665e-06
0.3 -2.434e-06
0.31 -2.81647e-06
0.32 -3.22247e-06
0.33 -3.64968e-06
0.34 -4.09489e-06
0.35 -4.55428e-06
0.36 -5.0237e-06
0.37 -5.49873e-06
0.38 -5.97533e-06
0.39 -6.45057e-06
0.4 -6.92327e-06
0.41 -7.39428e-06
0.42 -7.86603e-06
0.43 -8.34197e-06
0.44 -8.82658e-06
0.45 -9.32526e-06
0.46 -9.84383e-06
0.47 -1.03881e-05
0.48 -1.09634e-05
0.49 -1.15741e-05
0.5 -1.22236e-05
0.51 -1.29147e-05
0.52 -1.36498e-05
0.53 -1.44304e-05
0.54 -1.52572e-05
0.55 -1.6131e-05
0.56 -1.70517e-05
0.57 -1.80187e-05
0.58 -1.90315e-05
0.59 -2.00895e-05
0.6 -2.11916e-05
0.61 -2.23368e-05
0.62 -2.35239e-05
0.63 -2.47513e-05
0.64 -2.60176e-05
0.65 -2.73211e-05
0.66 -2.86604e-05
0.67 -3.00343e-05
0.68 -3.14419e-05
0.69 -3.28824e-05
0.7 -3.43551e-05
0.71 -3.5859e-05
0.72 -3.73923e-05
0.73 -3.89517e-05
0.74 -4.05321e-05
0.75 -4.21254e-05
0.76 -4.37208e-05
0.77 -4.53046e-05
0.78 -4.6862e-05
0.79 -4.83788e-05
0.8 -4.98434e-05
0.81 -5.1247e-05
0.82 -5.25833e-05
0.83 -5.38481e-05
0.84 -5.50391e-05
0.85 -5.61573e-05
0.86 -5.7207e-05
0.87 -5.8191e-05
0.88 -5.91077e-05
0.89 -5.99498e-05
0.9 -6.07067e-05
0.91 -6.13666e-05
0.92 -6.19173e-05
0.93 -6.23485e-05
0.94 -6.26544e-05
0.95 -6.28352e-05
0.96 -6.28972e-05
0.97 -6.28527e-05
0.98 -6.27144e-05
0.99 -6.2491e-05
1 -6.21847e-05
1.01 -6.17921e-05
1.02 -6.13041e-05
1.03 -6.0707e-05
1.04 -5.9985e-05
1.05 -5.91221e-05
1.06 -5.81061e-05
1.07 -5.69294e-05
1.08 -5.55884e-05
1.09 -5.40799e-05
1.1 -5.24012e-05
1.11 -5.05507e-05
1.12 -4.8527e-05
1.13 -4.63274e-05
1.14 -4.39479e-05
1.15 -4.13851e-05
1.16 -3.86379e-05
1.17 -3.57098e-05
1.18 -3.26115e-05
1.19 -2.93589e-05
1.2 -2.59697e-05
1.21 -2.24653e-05
1.22 -1.88714e-05
1.23 -1.52157e-05
1.24 -1.15222e-05
1.25 -7.80313e-06
1.26 -4.05466e-06
1.27 -2.61513e-07
1.28 3.59339e-06
1.29 7.5262e-06
1.3 1.15514e-05
1.31 1.56766e-05
1.32 1.99005e-05
1.33 2.42154e-05
1.34 2.86121e-05
1.35 3.30842e-05
1.36 3.76277e-05
1.37 4.22413e-05
1.38 4.69258e-05
1.39 5.16827e-05
1.4 5.6512e-05
1.41 6.14098e-05
1.42 6.63634e-05
1.43 7.13483e-05
1.44 7.63235e-05
1.45 8.123e-05
1.46 8.5992e-05
1.47 9.0524e-05
1.48 9.47373e-05
1.49 9.85418e-05
1.5 0.000101849
1.51 0.000104576
1.52 0.000106651
1.53 0.000108017
1.54 0.00010864
1.55 0.00010852
1.56 0.00010769
1.57 0.000106207
1.58 0.000104147
1.59 0.000101592
1.6 9.86231e-05
1.61 9.53119e-05
1.62 9.1722e-05
1.63 8.79095e-05
1.64 8.39228e-05
1.65 7.98031e-05
1.66 7.55817e-05
1.67 7.12788e-05
1.68 6.6905e-05
1.69 6.24672e-05
1.7 5.79727e-05
1.71 5.34286e-05
1.72 4.88428e-05
1.73 4.4226e-05
1.74 3.95954e-05
1.75 3.49784e-05
1.76 3.04078e-05
1.77 2.59148e-05
1.78 2.15332e-05
1.79 1.73047e-05
1.8 1.32767e-05
1.81 9.49683e-06
1.82 6.01325e-06
1.83 2.87251e-06
1.84 1.09168e-07
1.85 -2.25955e-06
1.86 -4.22932e-06
1.87 -5.79923e-06
1.88 -6.96553e-06
1.89 -7.72114e-06
1.9 -8.05543e-06
1.91 -7.9543e-06
1.92 -7.40019e-06
1.93 -6.37429e-06
1.94 -4.86972e-06
1.95 -2.90773e-06
1.96 -5.38422e-07
1.97 2.1645e-06
1.98 5.10821e-06
1.99 8.19238e-06
2 1.13298e-05
2.01 1.44646e-05
2.02 1.75747e-05
2.03 2.06683e-05
2.04 2.37815e-05
2.05 2.69677e-05
2.06 3.0288e-05
2.07 3.38005e-05
2.08 3.75448e-05
2.09 4.15306e-05
2.1 4.57352e-05
2.11 5.01071e-05
2.12 5.45634e-05
2.13 5.89851e-05
2.14 6.32289e-05
2.15 6.71395e-05
2.16 7.05529e-05
2.17 7.33032e-05
2.18 7.52248e-05
2.19 7.61452e-05
2.2 7.58785e-05
2.21 7.42317e-05
2.22 7.10159e-05
2.23 6.60528e-05
2.24 5.91808e-05
2.25 5.02497e-05
2.26 3.91261e-05
2.27 2.57198e-05
2.28 9.99027e-06
2.29 -8.06622e-06
2.3 -2.84202e-05
2.31 -5.10082e-05
2.32 -7.5727e-05
2.33 -0.000102421
2.34 -0.000130878
2.35 -0.000160833
2.36 -0.000191981
2.37 -0.000223984
2.38 -0.000256485
2.39 -0.000289104
2.4 -0.000321459
2.41 -0.000353206
2.42 -0.00038406
2.43 -0.000413775
2.44 -0.000442129
2.45 -0.000468918
2.46 -0.000493957
2.47 -0.00051709
2.48 -0.000538198
2.49 -0.000557178
2.5 -0.00057393
2.51 -0.00058834
2.52 -0.000600284
2.53 -0.00060964
2.54 -0.000616289
2.55 -0.000620116
2.56 -0.000621011
2.57 -0.000618901
2.58 -0.000613766
2.59 -0.000605648
2.6 -0.000594645
2.61 -0.00058089
2.62 -0.000564535
2.63 -0.000545729
2.64 -0.000524609
2.65 -0.000501295
2.66 -0.00047589
2.67 -0.000448489
2.68 -0.000419184
2.69 -0.000388079
2.7 -0.000355298
2.71 -0.000320968
2.72 -0.000285224
2.73 -0.0002482
2.74 -0.000210017
2.75 -0.000170772
2.76 -0.00013056
2.77 -8.94691e-05
2.78 -4.75645e-05
2.79 -4.87089e-06
2.8 3.86204e-05
2.81 8.29462e-05
2.82 0.00012814
2.83 0.000174203
2.84 0.000221096
2.85 0.000268739
2.86 0.000317019
2.87 0.00036578
2.88 0.00041481
2.89 0.000463851
2.9 0.00051262
2.91 0.000560821
2.92 0.000608143
2.93 0.00065427
2.94 0.000698891
2.95 0.00074171
2.96 0.000782451
2.97 0.000820889
2.98 0.000856865
2.99 0.000890267
3 0.000921026
3.01 0.000949099
3.02 0.00097445
3.03 0.000997034
3.04 0.00101679
3.05 0.00103362
3.06 0.00104742
3.07 0.00105803
3.08 0.00106525
3.09 0.0010689
3.1 0.00106877
3.11 0.00106473
3.12 0.00105671
3.13 0.00104472
3.14 0.00102881
3.15 0.00100909
3.16 0.000985694
3.17 0.000958783
3.18 0.00092854
3.19 0.000895158
3.2 0.000858814
3.21 0.000819682
3.22 0.000777973
3.23 0.000733937
3.24 0.000687872
3.25 0.000640109
3.26 0.000591
3.27 0.000540937
3.28 0.000490364
3.29 0.000439742
3.3 0.000389515
3.31 0.000340132
3.32 0.000292041
3.33 0.000245647
3.34 0.000201257
3.35 0.000159064
3.36 0.000119125
3.37 8.13712e-05
3.38 4.56265e-05
3.39 1.16092e-05
3.4 -2.10565e-05
3.41 -5.28203e-05
3.42 -8.41733e-05
3.43 -0.00011561
3.44 -0.000147607
3.45 -0.00018062
3.46 -0.000215068
3.47 -0.000251289
3.48 -0.000289498
3.49 -0.000329765
3.5 -0.000372021
3.51 -0.000416075
3.52 -0.000461623
3.53 -0.000508263
3.54 -0.000555533
3.55 -0.000602961
3.56 -0.000650125
3.57 -0.000696662
3.58 -0.000742224
3.59 -0.00078647
3.6 -0.000829104
3.61 -0.000869896
3.62 -0.000908672
3.63 -0.000945316
3.64 -0.000979774
3.65 -0.00101205
3.66 -0.0010422
3.67 -0.00107037
3.68 -0.00109677
3.69 -0.00112165
3.7 -0.00114526
3.71 -0.00116786
3.72 -0.00118966
3.73 -0.0012109
3.74 -0.00123173
3.75 -0.00125227
3.76 -0.00127263
3.77 -0.00129286
3.78 -0.00131299
3.79 -0.001333
3.8 -0.00135284
3.81 -0.00137239
3.82 -0.0013915
3.83 -0.00140997
3.84 -0.00142759
3.85 -0.00144412
3.86 -0.00145938
3.87 -0.00147324
3.88 -0.0014857
3.89 -0.00149686
3.9 -0.00150695
3.91 -0.0015163
3.92 -0.00152537
3.93 -0.0015347
3.94 -0.00154483
3.95 -0.00155636
3.96 -0.00156982
3.97 -0.0015857
3.98 -0.0016044
3.99 -0.00162612
4 -0.00165092
4.01 -0.00167874
4.02 -0.00170933
4.03 -0.00174236
4.04 -0.00177735
4.05 -0.00181373
4.06 -0.00185078
4.07 -0.00188769
4.08 -0.00192349
4.09 -0.0019571
4.1 -0.00198736
4.11 -0.00201307
4.12 -0.00203316
4.13 -0.00204669
4.14 -0.00205294
4.15 -0.00205146
4.16 -0.00204213
4.17 -0.00202515
4.18 -0.00200102
4.19 -0.00197047
4.2 -0.00193442
4.21 -0.00189394
4.22 -0.00185017
4.23 -0.00180419
4.24 -0.00175697
4.25 -0.00170937
4.26 -0.00166222
4.27 -0.00161622
4.28 -0.00157197
4.29 -0.00152992
4.3 -0.00149037
4.31 -0.00145347
4.32 -0.00141923
4.33 -0.00138758
4.34 -0.0013583
4.35 -0.00133103
4.36 -0.00130525
4.37 -0.00128032
4.38 -0.00125552
4.39 -0.00123004
4.4 -0.00120305
4.41 -0.00117369
4.42 -0.00114104
4.43 -0.00110423
4.44 -0.00106241
4.45 -0.0010148
4.46 -0.000960802
4.47 -0.0009
4.48 -0.000832199
4.49 -0.000757352
4.5 -0.000675493
4.51 -0.000586701
4.52 -0.000491151
4.53 -0.000389147
4.54 -0.000281114
4.55 -0.00016758
4.56 -4.91614e-05
4.57 7.34464e-05
4.58 0.00019947
4.59 0.00032808
4.6 0.000458403
4.61 0.000589563
4.62 0.000720737
4.63 0.000851156
4.64 0.00098011
4.65 0.00110697
4.66 0.00123118
4.67 0.00135237
4.68 0.00147028
4.69 0.00158483
4.7 0.00169598
4.71 0.00180374
4.72 0.00190808
4.73 0.00200896
4.74 0.00210635
4.75 0.00220011
4.76 0.00229002
4.77 0.00237584
4.78 0.00245729
4.79 0.00253408
4.8 0.00260594
4.81 0.00267253
4.82 0.0027335
4.83 0.00278848
4.84 0.00283714
4.85 0.0028791
4.86 0.00291398
4.87 0.00294142
4.88 0.00296117
4.89 0.002973
4.9 0.00297672
4.91 0.00297219
4.92 0.00295937
4.93 0.00293827
4.94 0.00290894
4.95 0.00287146
4.96 0.00282596
4.97 0.00277262
4.98 0.00271169
4.99 0.00264351
5 0.00256846
5.01 0.00248696
5.02 0.00239937
5.03 0.00230594
5.04 0.00220684
5.05 0.0021021
5.06 0.00199166
5.07 0.0018753
5.08 0.00175271
5.09 0.00162356
5.1 0.00148746
5.11 0.00134399
5.12 0.00119279
5.13 0.00103354
5.14 0.000866073
5.15 0.000690331
5.16 0.000506475
5.17 0.000314907
5.18 0.000116238
5.19 -8.87673e-05
5.2 -0.000299195
5.21 -0.000513987
5.22 -0.000731998
5.23 -0.000952067
5.24 -0.00117306
5.25 -0.00139387
5.26 -0.00161334
5.27 -0.00183026
5.28 -0.00204336
5.29 -0.00225143
5.3 -0.00245325
5.31 -0.0026477
5.32 -0.00283373
5.33 -0.00301048
5.34 -0.00317731
5.35 -0.00333383
5.36 -0.00347988
5.37 -0.0036156
5.38 -0.00374141
5.39 -0.0038579
5.4 -0.0039657
5.41 -0.0040655
5.42 -0.00415797
5.43 -0.00424371
5.44 -0.00432318
5.45 -0.00439669
5.46 -0.0044644
5.47 -0.00452637
5.48 -0.00458259
5.49 -0.00463304
5.5 -0.00467763
5.51 -0.00471616
5.52 -0.00474839
5.53 -0.0047741
5.54 -0.00479307
5.55 -0.00480504
5.56 -0.00480973
5.57 -0.00480692
5.58 -0.0047965
5.59 -0.00477844
5.6 -0.00475276
5.61 -0.00471946
5.62 -0.00467853
5.63 -0.00462994
5.64 -0.00457368
5.65 -0.00450968
5.66 -0.00443795
5.67 -0.00435846
5.68 -0.00427115
5.69 -0.0041759
5.7 -0.00407253
5.71 -0.00396081
5.72 -0.00384042
5.73 -0.003711
5.74 -0.00357222
5.75 -0.00342372
5.76 -0.00326518
5.77 -0.00309637
5.78 -0.00291716
5.79 -0.00272762
5.8 -0.00252801
5.81 -0.00231878
5.82 -0.00210065
5.83 -0.00187459
5.84 -0.0016418
5.85 -0.00140364
5.86 -0.00116161
5.87 -0.000917263
5.88 -0.000672235
5.89 -0.000428147
5.9 -0.000186588
5.91 5.09545e-05
5.92 0.000283134
5.93 0.000508745
5.94 0.000726742
5.95 0.000936271
5.96 0.00113674
5.97 0.00132786
5.98 0.00150968
5.99 0.00168249
6 0.0018468
6.01 0.00200331
6.02 0.00215281
6.03 0.00229612
6.04 0.0024341
6.05 0.00256763
6.06 0.00269755
6.07 0.00282456
6.08 0.0029492
6.09 0.00307181
6.1 0.00319262
6.11 0.00331174
6.12 0.00342915
6.13 0.00354468
6.14 0.00365812
6.15 0.00376926
6.16 0.00387794
6.17 0.00398412
6.18 0.00408796
6.19 0.00418984
6.2 0.00429023
6.21 0.00438971
6.22 0.00448888
6.23 0.00458844
6.24 0.00468908
6.25 0.00479145
6.26 0.00489616
6.27 0.00500385
6.28 0.00511508
6.29 0.00523048
6.3 0.00535068
6.31 0.00547635
6.32 0.00560821
6.33 0.00574703
6.34 0.00589359
6.35 0.00604867
6.36 0.006213
6.37 0.0063871
6.38 0.00657115
6.39 0.00676502
6.4 0.00696832
6.41 0.00718046
6.42 0.00740078
6.43 0.00762864
6.44 0.00786345
6.45 0.00810481
6.46 0.0083526
6.47 0.00860685
6.48 0.00886767
6.49 0.00913508
6.5 0.0094089
6.51 0.00968859
6.52 0.00997316
6.53 0.0102612
6.54 0.010551
6.55 0.0108402
6.56 0.0111261
6.57 0.0114059
6.58 0.0116762
6.59 0.011934
6.6 0.0121763
6.61 0.0124004
6.62 0.0126042
6.63 0.0127856
6.64 0.0129434
6.65 0.0130761
6.66 0.0131829
6.67 0.0132625
6.68 0.0133141
6.69 0.0133366
6.7 0.013329
6.71 0.0132905
6.72 0.0132203
6.73 0.0131178
6.74 0.0129823
6.75 0.0128136
6.76 0.0126113
6.77 0.0123757
6.78 0.0121069
6.79 0.0118055
6.8 0.0114723
6.81 0.0111081
6.82 0.0107138
6.83 0.0102903
6.84 0.00983847
6.85 0.00935905
6.86 0.00885277
6.87 0.00832024
6.88 0.00776198
6.89 0.00717858
6.9 0.00657071
6.91 0.00593926
6.92 0.00528543
6.93 0.00461072
6.94 0.00391702
6.95 0.00320651
6.96 0.00248163
6.97 0.0017449
6.98 0.000998737
6.99 0.00024531
7 -0.000513497
7.01 -0.00127616
7.02 -0.0020415
7.03 -0.00280849
7.04 -0.00357613
7.05 -0.0043433
7.06 -0.00510863
7.07 -0.00587035
7.08 -0.00662635
7.09 -0.00737418
7.1 -0.00811114
7.11 -0.00883435
7.12 -0.00954095
7.13 -0.0102283
7.14 -0.010894
7.15 -0.0115365
7.16 -0.0121544
7.17 -0.0127468
7.18 -0.0133131
7.19 -0.0138532
7.2 -0.0143666
7.21 -0.0148533
7.22 -0.0153128
7.23 -0.0157447
7.24 -0.016148
7.25 -0.0165217
7.26 -0.0168645
7.27 -0.0171751
7.28 -0.0174521
7.29 -0.0176946
7.3 -0.0179019
7.31 -0.0180735
7.32 -0.0182096
7.33 -0.0183106
7.34 -0.018377
7.35 -0.0184096
7.36 -0.0184088
7.37 -0.0183753
7.38 -0.0183091
7.39 -0.0182101
7.4 -0.0180779
7.41 -0.017912
7.42 -0.0177117
7.43 -0.0174764
7.44 -0.0172061
7.45 -0.0169007
7.46 -0.0165609
7.47 -0.0161876
7.48 -0.0157823
7.49 -0.0153467
7.5 -0.0148831
7.51 -0.0143941
7.52 -0.0138825
7.53 -0.0133515
7.54 -0.0128039
7.55 -0.0122427
7.56 -0.0116708
7.57 -0.0110909
7.58 -0.0105061
7.59 -0.00991914
7.6 -0.00933293
7.61 -0.00875032
7.62 -0.00817388
7.63 -0.00760581
7.64 -0.0070478
7.65 -0.00650108
7.66 -0.00596636
7.67 -0.00544375
7.68 -0.00493274
7.69 -0.00443221
7.7 -0.00394051
7.71 -0.0034556
7.72 -0.0029754
7.73 -0.00249806
7.74 -0.00202216
7.75 -0.00154676
7.76 -0.0010714
7.77 -0.000596036
7.78 -0.000120903
7.79 0.000353463
7.8 0.000826228
7.81 0.0012963
7.82 0.00176238
7.83 0.00222299
7.84 0.00267643
7.85 0.00312088
7.86 0.00355443
7.87 0.00397518
7.88 0.00438122
7.89 0.00477079
7.9 0.00514236
7.91 0.00549461
7.92 0.00582651
7.93 0.00613736
7.94 0.00642676
7.95 0.0066946
7.96 0.00694106
7.97 0.0071665
7.98 0.00737153
7.99 0.00755692
8 0.00772351
8.01 0.00787207
8.02 0.00800332
8.03 0.00811784
8.04 0.00821606
8.05 0.00829813
8.06 0.00836398
8.07 0.00841328
8.08 0.00844557
8.09 0.00846036
8.1 0.00845727
8.11 0.00843612
8.12 0.00839711
8.13 0.00834089
8.14 0.00826843
8.15 0.00818106
8.16 0.0080804
8.17 0.0079683
8.18 0.00784674
8.19 0.00771775
8.2 0.00758331
8.21 0.00744531
8.22 0.00730544
8.23 0.00716522
8.24 0.00702602
8.25 0.00688904
8.26 0.00675525
8.27 0.00662537
8.28 0.00649989
8.29 0.00637899
8.3 0.00626252
8.31 0.00614988
8.32 0.00603994
8.33 0.00593098
8.34 0.00582082
8.35 0.00570689
8.36 0.0055864
8.37 0.00545662
8.38 0.00531504
8.39 0.00515962
8.4 0.00498887
8.41 0.00480198
8.42 0.00459863
8.43 0.00437903
8.44 0.00414379
8.45 0.00389397
8.46 0.00363107
8.47 0.00335699
8.48 0.00307397
8.49 0.00278445
8.5 0.00249099
8.51 0.00219616
8.52 0.00190243
8.53 0.00161195
8.54 0.00132648
8.55 0.00104727
8.56 0.000775192
8.57 0.000510793
8.58 0.000254418
8.59 6.25572e-06
8.6 -0.00023358
8.61 -0.000464976
8.62 -0.000687709
8.63 -0.000901347
8.64 -0.0011052
8.65 -0.00129828
8.66 -0.00147934
8.67 -0.00164689
8.68 -0.00179931
8.69 -0.00193494
8.7 -0.00205219
8.71 -0.00214952
8.72 -0.0022255
8.73 -0.00227898
8.74 -0.00230905
8.75 -0.00231511
8.76 -0.00229685
8.77 -0.00225441
8.78 -0.00218833
8.79 -0.00209949
8.8 -0.00198912
8.81 -0.00185878
8.82 -0.00171032
8.83 -0.00154569
8.84 -0.00136683
8.85 -0.00117553
8.86 -0.000973456
8.87 -0.000762121
8.88 -0.000542925
8.89 -0.000317058
8.9 -8.54398e-05
8.91 0.000151266
8.92 0.000392599
8.93 0.00063825
8.94 0.000887951
8.95 0.00114139
8.96 0.00139818
8.97 0.00165783
8.98 0.00191979
8.99 0.00218336
9 0.00244762
9.01 0.00271136
9.02 0.00297313
9.03 0.0032312
9.04 0.00348358
9.05 0.00372824
9.06 0.00396321
9.07 0.00418668
9.08 0.00439703
9.09 0.00459286
9.1 0.00477289
9.11 0.00493596
9.12 0.00508093
9.13 0.00520675
9.14 0.00531241
9.15 0.00539701
9.16 0.00545979
9.17 0.00550032
9.18 0.00551856
9.19 0.00551495
9.2 0.00549042
9.21 0.00544648
9.22 0.00538519
9.23 0.00530915
9.24 0.00522127
9.25 0.00512459
9.26 0.00502197
9.27 0.00491596
9.28 0.00480866
9.29 0.00470164
9.3 0.00459598
9.31 0.00449249
9.32 0.00439185
9.33 0.00429463
9.34 0.00420129
9.35 0.00411224
9.36 0.00402784
9.37 0.00394838
9.38 0.0038741
9.39 0.00380521
9.4 0.00374178
9.41 0.00368363
9.42 0.00363035
9.43 0.00358115
9.44 0.0035348
9.45 0.00348962
9.46 0.00344361
9.47 0.00339457
9.48 0.00334026
9.49 0.00327859
9.5 0.00320779
9.51 0.00312646
9.52 0.00303366
9.53 0.00292881
9.54 0.00281166
9.55 0.00268209
9.56 0.00253998
9.57 0.00238518
9.58 0.00221734
9.59 0.00203586
9.6 0.00183999
9.61 0.00162888
9.62 0.00140174
9.63 0.00115795
9.64 0.000897191
9.65 0.000619523
9.66 0.000325399
9.67 1.5639e-05
9.68 -0.000308573
9.69 -0.00064574
9.7 -0.000994164
9.71 -0.00135208
9.72 -0.00171778
9.73 -0.00208964
9.74 -0.00246621
9.75 -0.00284632
9.76 -0.00322909
9.77 -0.00361386
9.78 -0.00400021
9.79 -0.00438791
9.8 -0.00477695
9.81 -0.00516751
9.82 -0.00555997
9.83 -0.00595483
9.84 -0.00635271
9.85 -0.00675434
9.86 -0.00716046
9.87 -0.0075717
9.88 -0.00798853
9.89 -0.00841124
9.9 -0.00883996
9.91 -0.00927452
9.92 -0.00971443
9.93 -0.0101589
9.94 -0.0106067
9.95 -0.0110567
9.96 -0.011507
9.97 -0.0119563
9.98 -0.0124028
9.99 -0.0128453
10 -0.0132828
10.01 -0.0137144
10.02 -0.0141395
10.03 -0.0145577
10.04 -0.0149688
10.05 -0.0153727
10.06 -0.015769
10.07 -0.0161573
10.08 -0.0165369
10.09 -0.0169068
10.1 -0.0172663
10.11 -0.017614
10.12 -0.0179491
10.13 -0.0182704
10.14 -0.0185772
10.15 -0.018869
10.16 -0.0191452
10.17 -0.0194056
10.18 -0.0196498
10.19 -0.0198774
10.2 -0.0200878
10.21 -0.0202803
10.22 -0.0204541
10.23 -0.0206085
10.24 -0.0207427
10.25 -0.0208558
10.26 -0.0209473
10.27 -0.0210164
10.28 -0.021063
10.29 -0.0210865
10.3 -0.0210868
10.31 -0.0210638
10.32 -0.0210171
10.33 -0.0209465
10.34 -0.0208518
10.35 -0.0207327
10.36 -0.0205892
10.37 -0.0204211
10.38 -0.0202284
10.39 -0.020011
10.4 -0.0197691
10.41 -0.0195024
10.42 -0.019211
10.43 -0.0188945
10.44 -0.0185523
10.45 -0.0181841
10.46 -0.0177888
10.47 -0.0173659
10.48 -0.0169147
10.49 -0.0164347
10.5 -0.0159258
10.51 -0.0153884
10.52 -0.0148232
10.53 -0.0142312
10.54 -0.0136136
10.55 -0.012972
10.56 -0.0123081
10.57 -0.0116233
10.58 -0.0109196
10.59 -0.0101988
10.6 -0.00946268
10.61 -0.00871312
10.62 -0.00795209
10.63 -0.00718163
10.64 -0.00640391
10.65 -0.0056212
10.66 -0.00483588
10.67 -0.00405039
10.68 -0.00326718
10.69 -0.00248859
10.7 -0.0017168
10.71 -0.000953732
10.72 -0.000201151
10.73 0.000539338
10.74 0.00126629
10.75 0.00197838
10.76 0.00267435
10.77 0.00335308
10.78 0.00401361
10.79 0.0046551
10.8 0.00527683
10.81 0.00587815
10.82 0.00645852
10.83 0.00701753
10.84 0.00755481
10.85 0.00807007
10.86 0.00856299
10.87 0.00903319
10.88 0.00948022
10.89 0.00990362
10.9 0.0103029
10.91 0.0106777
10.92 0.0110276
10.93 0.0113524
10.94 0.0116523
10.95 0.0119276
10.96 0.0121791
10.97 0.0124078
10.98 0.0126145
10.99 0.0128007
11 0.0129673
11.01 0.0131155
11.02 0.0132463
11.03 0.0133604
11.04 0.0134585
11.05 0.0135412
11.06 0.0136087
11.07 0.0136616
11.08 0.0137001
11.09 0.0137244
11.1 0.0137347
11.11 0.0137312
11.12 0.0137144
11.13 0.0136848
11.14 0.0136427
11.15 0.0135888
11.16 0.0135237
11.17 0.0134481
11.18 0.013363
11.19 0.0132697
11.2 0.0131694
11.21 0.013064
11.22 0.0129552
11.23 0.0128448
11.24 0.0127346
11.25 0.0126262
11.26 0.0125203
11.27 0.0124177
11.28 0.0123182
11.29 0.0122219
11.3 0.0121282
11.31 0.0120369
11.32 0.0119474
11.33 0.0118594
11.34 0.0117728
11.35 0.0116877
11.36 0.0116046
11.37 0.0115243
11.38 0.0114478
11.39 0.0113759
11.4 0.0113097
11.41 0.0112499
11.42 0.011197
11.43 0.0111514
11.44 0.0111129
11.45 0.0110814
11.46 0.0110566
11.47 0.011038
11.48 0.0110255
11.49 0.0110192
11.5 0.0110192
11.51 0.0110266
11.52 0.0110422
11.53 0.0110673
11.54 0.0111032
11.55 0.0111513
11.56 0.0112128
11.57 0.0112885
11.58 0.0113789
11.59 0.0114844
11.6 0.0116051
11.61 0.0117411
11.62 0.0118925
11.63 0.0120592
11.64 0.0122415
11.65 0.0124392
11.66 0.0126524
11.67 0.012881
11.68 0.0131249
11.69 0.0133837
11.7 0.013657
11.71 0.0139442
11.72 0.0142441
11.73 0.0145555
11.74 0.0148768
11.75 0.0152058
11.76 0.0155403
11.77 0.0158772
11.78 0.0162133
11.79 0.0165447
11.8 0.0168673
11.81 0.0171772
11.82 0.0174708
11.83 0.0177447
11.84 0.0179959
11.85 0.018222
11.86 0.0184206
11.87 0.0185898
11.88 0.0187276
11.89 0.0188322
11.9 0.018902
11.91 0.0189357
11.92 0.0189319
11.93 0.0188895
11.94 0.0188077
11.95 0.0186856
11.96 0.0185227
11.97 0.0183185
11.98 0.0180726
11.99 0.0177851
12 0.0174564
12.01 0.0170869
12.02 0.0166777
12.03 0.0162299
12.04 0.0157451
12.05 0.0152252
12.06 0.0146725
12.07 0.014089
12.08 0.0134772
12.09 0.012839
12.1 0.0121762
12.11 0.0114906
12.12 0.0107834
12.13 0.0100559
12.14 0.00930873
12.15 0.00854239
12.16 0.00775713
12.17 0.00695304
12.18 0.00613021
12.19 0.00528876
12.2 0.0044288
12.21 0.00355051
12.22 0.00265424
12.23 0.00174053
12.24 0.000809949
12.25 -0.000136826
12.26 -0.00109891
12.27 -0.00207521
12.28 -0.00306449
12.29 -0.0040653
12.3 -0.00507606
12.31 -0.006095
12.32 -0.00712015
12.33 -0.0081492
12.34 -0.00917963
12.35 -0.0102087
12.36 -0.0112335
12.37 -0.012251
12.38 -0.0132578
12.39 -0.0142503
12.4 -0.0152251
12.41 -0.0161784
12.42 -0.0171068
12.43 -0.0180069
12.44 -0.0188755
12.45 -0.0197096
12.46 -0.0205062
12.47 -0.0212624
12.48 -0.0219753
12.49 -0.0226414
12.5 -0.0232571
12.51 -0.0238183
12.52 -0.0243207
12.53 -0.0247597
12.54 -0.0251309
12.55 -0.0254298
12.56 -0.0256527
12.57 -0.025796
12.58 -0.0258569
12.59 -0.0258325
12.6 -0.0257204
12.61 -0.0255186
12.62 -0.0252252
12.63 -0.0248388
12.64 -0.0243586
12.65 -0.0237841
12.66 -0.0231154
12.67 -0.0223531
12.68 -0.0214984
12.69 -0.0205532
12.7 -0.0195198
12.71 -0.0184014
12.72 -0.0172012
12.73 -0.015923
12.74 -0.0145708
12.75 -0.0131487
12.76 -0.0116609
12.77 -0.0101116
12.78 -0.00850512
12.79 -0.00684574
12.8 -0.0051378
12.81 -0.00338573
12.82 -0.00159414
12.83 0.00023219
12.84 0.00208834
12.85 0.00396939
12.86 0.00587044
12.87 0.00778669
12.88 0.00971354
12.89 0.0116467
12.9 0.013582
12.91 0.0155157
12.92 0.0174439
12.93 0.0193629
12.94 0.0212688
12.95 0.0231577
12.96 0.0250257
12.97 0.0268687
12.98 0.0286827
12.99 0.0304637
13 0.0322077
13.01 0.033911
13.02 0.0355699
13.03 0.0371814
13.04 0.0387424
13.05 0.0402502
13.06 0.041702
13.07 0.0430952
13.08 0.0444269
13.09 0.0456942
13.1 0.0468941
13.11 0.0480235
13.12 0.049079
13.13 0.0500576
13.14 0.0509564
13.15 0.0517727
13.16 0.0525045
13.17 0.0531498
13.18 0.0537073
13.19 0.0541759
13.2 0.0545551
13.21 0.0548442
13.22 0.055043
13.23 0.0551514
13.24 0.0551693
13.25 0.0550969
13.26 0.0549343
13.27 0.0546819
13.28 0.0543401
13.29 0.0539092
13.3 0.0533899
13.31 0.0527825
13.32 0.0520875
13.33 0.0513055
13.34 0.0504369
13.35 0.0494824
13.36 0.0484426
13.37 0.0473188
13.38 0.0461123
13.39 0.0448247
13.4 0.0434582
13.41 0.042015
13.42 0.040498
13.43 0.0389103
13.44 0.0372553
13.45 0.0355369
13.46 0.0337593
13.47 0.031927
13.48 0.0300448
13.49 0.0281178
13.5 0.0261509
13.51 0.0241497
13.52 0.0221196
13.53 0.0200659
13.54 0.0179946
13.55 0.0159112
13.56 0.0138218
13.57 0.0117322
13.58 0.00964816
13.59 0.00757514
13.6 0.00551842
13.61 0.00348305
13.62 0.00147393
13.63 -0.000504155
13.64 -0.0024465
13.65 -0.00434856
13.66 -0.00620589
13.67 -0.00801412
13.68 -0.00976904
13.69 -0.0114667
13.7 -0.0131035
13.71 -0.0146762
13.72 -0.0161817
13.73 -0.0176173
13.74 -0.0189808
13.75 -0.0202703
13.76 -0.0214844
13.77 -0.0226222
13.78 -0.0236835
13.79 -0.0246685
13.8 -0.025578
13.81 -0.0264135
13.82 -0.0271771
13.83 -0.0278711
13.84 -0.0284978
13.85 -0.0290589
13.86 -0.0295556
13.87 -0.0299884
13.88 -0.030358
13.89 -0.0306652
13.9 -0.0309109
13.91 -0.0310961
13.92 -0.0312218
13.93 -0.0312894
13.94 -0.0313001
13.95 -0.0312556
13.96 -0.0311573
13.97 -0.031007
13.98 -0.0308064
13.99 -0.0305573
14 -0.0302616
14.01 -0.0299215
14.02 -0.0295393
14.03 -0.0291172
14.04 -0.0286575
14.05 -0.0281624
14.06 -0.0276345
14.07 -0.0270762
14.08 -0.0264903
14.09 -0.0258798
14.1 -0.0252478
14.11 -0.0245982
14.12 -0.0239346
14.13 -0.0232614
14.14 -0.0225832
14.15 -0.0219048
14.16 -0.0212314
14.17 -0.0205684
14.18 -0.0199209
14.19 -0.0192942
14.2 -0.0186933
14.21 -0.0181231
14.22 -0.0175886
14.23 -0.0170945
14.24 -0.0166456
14.25 -0.0162468
14.26 -0.015903
14.27 -0.0156187
14.28 -0.0153985
14.29 -0.0152466
14.3 -0.0151668
14.31 -0.0151624
14.32 -0.0152363
14.33 -0.0153905
14.34 -0.0156269
14.35 -0.0159468
14.36 -0.0163516
14.37 -0.0168424
14.38 -0.0174207
14.39 -0.0180879
14.4 -0.0188452
14.41 -0.0196937
14.42 -0.0206345
14.43 -0.0216681
14.44 -0.0227947
14.45 -0.024014
14.46 -0.0253247
14.47 -0.0267251
14.48 -0.0282129
14.49 -0.0297855
14.5 -0.0314397
14.51 -0.0331725
14.52 -0.0349807
14.53 -0.0368611
14.54 -0.0388105
14.55 -0.0408256
14.56 -0.0429032
14.57 -0.0450398
14.58 -0.0472321
14.59 -0.0494764
14.6 -0.0517691
14.61 -0.0541058
14.62 -0.056482
14.63 -0.0588924
14.64 -0.0613308
14.65 -0.0637901
14.66 -0.0662626
14.67 -0.0687395
14.68 -0.0712122
14.69 -0.0736717
14.7 -0.0761098
14.71 -0.0785183
14.72 -0.0808891
14.73 -0.0832137
14.74 -0.0854824
14.75 -0.0876848
14.76 -0.0898102
14.77 -0.0918479
14.78 -0.0937876
14.79 -0.095619
14.8 -0.0973325
14.81 -0.0989184
14.82 -0.100367
14.83 -0.10167
14.84 -0.102819
14.85 -0.103805
14.86 -0.10462
14.87 -0.105258
14.88 -0.105711
14.89 -0.105973
14.9 -0.106038
14.91 -0.105898
14.92 -0.105548
14.93 -0.104983
14.94 -0.104198
14.95 -0.103188
14.96 -0.101949
14.97 -0.100477
14.98 -0.0987713
14.99 -0.0968296
15 -0.0946533
15.01 -0.0922451
15.02 -0.08961
15.03 -0.0867546
15.04 -0.0836866
15.05 -0.080415
15.06 -0.0769502
15.07 -0.0733037
15.08 -0.0694877
15.09 -0.065515
15.1 -0.0613983
15.11 -0.0571509
15.12 -0.0527863
15.13 -0.0483181
15.14 -0.0437602
15.15 -0.0391267
15.16 -0.0344314
15.17 -0.0296877
15.18 -0.0249088
15.19 -0.0201072
15.2 -0.0152951
15.21 -0.0104844
15.22 -0.00568729
15.23 -0.000916126
15.24 0.00381676
15.25 0.00849884
15.26 0.0131173
15.27 0.017659
15.28 0.0221106
15.29 0.0264589
15.3 0.0306914
15.31 0.0347962
15.32 0.0387626
15.33 0.0425806
15.34 0.0462409
15.35 0.0497347
15.36 0.0530533
15.37 0.0561882
15.38 0.0591314
15.39 0.0618752
15.4 0.0644125
15.41 0.0667372
15.42 0.0688437
15.43 0.0707276
15.44 0.0723854
15.45 0.0738144
15.46 0.075013
15.47 0.0759805
15.48 0.0767175
15.49 0.0772259
15.5 0.0775088
15.51 0.0775709
15.52 0.0774179
15.53 0.0770565
15.54 0.0764936
15.55 0.0757368
15.56 0.0747937
15.57 0.0736726
15.58 0.0723818
15.59 0.0709302
15.6 0.0693267
15.61 0.0675809
15.62 0.0657023
15.63 0.0637007
15.64 0.0615864
15.65 0.0593696
15.66 0.057061
15.67 0.0546713
15.68 0.0522112
15.69 0.0496915
15.7 0.0471231
15.71 0.0445168
15.72 0.0418835
15.73 0.0392342
15.74 0.0365799
15.75 0.0339319
15.76 0.031301
15.77 0.0286985
15.78 0.026135
15.79 0.0236213
15.8 0.0211678
15.81 0.0187845
15.82 0.0164809
15.83 0.0142661
15.84 0.0121486
15.85 0.010136
15.86 0.00823566
15.87 0.00645441
15.88 0.00479862
15.89 0.00327419
15.9 0.00188642
15.91 0.000640083
15.92 -0.000460437
15.93 -0.00141102
15.94 -0.00220785
15.95 -0.0028476
15.96 -0.0033276
15.97 -0.00364584
15.98 -0.00380102
15.99 -0.00379265
16 -0.00362108
16.01 -0.00328758
16.02 -0.00279449
16.03 -0.00214535
16.04 -0.00134493
16.05 -0.000399193
16.06 0.00068489
16.07 0.00189975
16.08 0.00323756
16.09 0.00469033
16.1 0.00624997
16.11 0.00790822
16.12 0.00965668
16.13 0.0114867
16.14 0.0133895
16.15 0.0153559
16.16 0.0173767
16.17 0.0194424
16.18 0.0215435
16.19 0.0236703
16.2 0.025813
16.21 0.0279622
16.22 0.0301087
16.23 0.0322438
16.24 0.0343594
16.25 0.0364486
16.26 0.0385049
16.27 0.0405231
16.28 0.0424983
16.29 0.0444261
16.3 0.0463023
16.31 0.0481232
16.32 0.0498851
16.33 0.0515849
16.34 0.0532194
16.35 0.0547861
16.36 0.0562822
16.37 0.0577055
16.38 0.0590538
16.39 0.0603251
16.4 0.0615179
16.41 0.0626308
16.42 0.0636624
16.43 0.0646116
16.44 0.0654773
16.45 0.0662586
16.46 0.0669546
16.47 0.0675647
16.48 0.0680883
16.49 0.0685251
16.5 0.068875
16.51 0.0691378
16.52 0.0693137
16.53 0.0694029
16.54 0.0694059
16.55 0.0693235
16.56 0.0691564
16.57 0.0689054
16.58 0.0685713
16.59 0.068155
16.6 0.0676574
16.61 0.0670792
16.62 0.066421
16.63 0.0656834
16.64 0.0648666
16.65 0.0639708
16.66 0.0629957
16.67 0.0619411
16.68 0.0608063
16.69 0.0595907
16.7 0.0582932
16.71 0.0569131
16.72 0.0554502
16.73 0.0539047
16.74 0.0522777
16.75 0.0505708
16.76 0.0487863
16.77 0.0469268
16.78 0.044995
16.79 0.0429943
16.8 0.0409283
16.81 0.0388011
16.82 0.0366168
16.83 0.0343798
16.84 0.0320945
16.85 0.0297658
16.86 0.0273983
16.87 0.0249968
16.88 0.0225658
16.89 0.0201098
16.9 0.0176331
16.91 0.0151398
16.92 0.0126341
16.93 0.0101199
16.94 0.00760158
16.95 0.00508331
16.96 0.00256941
16.97 6.42429e-05
16.98 -0.00242775
16.99 -0.00490209
17 -0.00735426
17.01 -0.00977978
17.02 -0.0121742
17.03 -0.0145331
17.04 -0.0168524
17.05 -0.019128
17.06 -0.0213561
17.07 -0.0235328
17.08 -0.0256542
17.09 -0.0277167
17.1 -0.0297168
17.11 -0.0316511
17.12 -0.0335166
17.13 -0.03531
17.14 -0.0370286
17.15 -0.0386695
17.16 -0.0402302
17.17 -0.0417082
17.18 -0.0431014
17.19 -0.0444077
17.2 -0.0456252
17.21 -0.0467521
17.22 -0.0477868
17.23 -0.0487279
17.24 -0.0495743
17.25 -0.050325
17.26 -0.0509794
17.27 -0.0515372
17.28 -0.0519982
17.29 -0.0523629
17.3 -0.0526316
17.31 -0.0528051
17.32 -0.0528842
17.33 -0.0528701
17.34 -0.0527641
17.35 -0.0525678
17.36 -0.0522835
17.37 -0.0519136
17.38 -0.0514613
17.39 -0.0509305
17.4 -0.0503253
17.41 -0.0496506
17.42 -0.0489121
17.43 -0.0481155
17.44 -0.0472664
17.45 -0.0463704
17.46 -0.0454326
17.47 -0.0444575
17.48 -0.0434493
17.49 -0.0424117
17.5 -0.0413487
17.51 -0.0402638
17.52 -0.0391609
17.53 -0.038044
17.54 -0.0369171
17.55 -0.035784
17.56 -0.0346484
17.57 -0.033514
17.58 -0.0323838
17.59 -0.031261
17.6 -0.030148
17.61 -0.0290468
17.62 -0.0279592
17.63 -0.0268861
17.64 -0.0258283
17.65 -0.0247861
17.66 -0.0237594
17.67 -0.0227478
17.68 -0.0217508
17.69 -0.0207677
17.7 -0.0197975
17.71 -0.0188397
17.72 -0.0178939
17.73 -0.0169602
17.74 -0.0160388
17.75 -0.01513
17.76 -0.014234
17.77 -0.0133504
17.78 -0.0124787
17.79 -0.0116176
17.8 -0.0107656
17.81 -0.0099208
17.82 -0.00908135
17.83 -0.00824536
17.84 -0.00741097
17.85 -0.00657637
17.86 -0.00573978
17.87 -0.00489959
17.88 -0.00405439
17.89 -0.00320318
17.9 -0.00234539
17.91 -0.00148104
17.92 -0.000610639
17.93 0.00026495
17.94 0.00114469
17.95 0.0020274
17.96 0.00291169
17.97 0.00379601
17.98 0.00467867
17.99 0.00555789
18 0.00643182
18.01 0.00729864
18.02 0.00815652
18.03 0.00900362
18.04 0.00983822
18.05 0.0106587
18.06 0.0114635
18.07 0.0122513
18.08 0.0130206
18.09 0.0137699
18.1 0.0144979
18.11 0.015203
18.12 0.015884
18.13 0.0165395
18.14 0.0171684
18.15 0.0177698
18.16 0.018343
18.17 0.0188876
18.18 0.0194032
18.19 0.0198899
18.2 0.0203479
18.21 0.0207776
18.22 0.0211796
18.23 0.0215543
18.24 0.0219021
18.25 0.0222237
18.26 0.0225191
18.27 0.022789
18.28 0.0230336
18.29 0.0232536
18.3 0.0234496
18.31 0.0236224
18.32 0.0237727
18.33 0.0239016
18.34 0.02401
18.35 0.0240987
18.36 0.0241685
18.37 0.0242201
18.38 0.024254
18.39 0.0242708
18.4 0.0242714
18.41 0.0242564
18.42 0.0242269
18.43 0.0241841
18.44 0.0241296
18.45 0.0240652
18.46 0.023993
18.47 0.023915
18.48 0.0238339
18.49 0.0237519
18.5 0.0236716
18.51 0.0235952
18.52 0.0235247
18.53 0.0234619
18.54 0.0234083
18.55 0.0233654
18.56 0.023334
18.57 0.0233151
18.58 0.0233093
18.59 0.0233172
18.6 0.0233395
18.61 0.0233769
18.62 0.0234298
18.63 0.023499
18.64 0.0235851
18.65 0.0236886
18.66 0.0238097
18.67 0.0239485
18.68 0.0241045
18.69 0.0242765
18.7 0.0244625
18.71 0.0246593
18.72 0.0248633
18.73 0.0250699
18.74 0.025274
18.75 0.0254708
18.76 0.0256554
18.77 0.0258231
18.78 0.0259693
18.79 0.0260893
18.8 0.0261787
18.81 0.0262328
18.82 0.0262472
18.83 0.0262173
18.84 0.0261387
18.85 0.0260068
18.86 0.0258172
18.87 0.0255658
18.88 0.0252483
18.89 0.0248609
18.9 0.0244004
18.91 0.0238638
18.92 0.0232491
18.93 0.0225551
18.94 0.0217813
18.95 0.0209276
18.96 0.0199944
18.97 0.0189821
18.98 0.0178911
18.99 0.016722
19 0.0154749
19.01 0.01415
19.02 0.012747
19.03 0.0112658
19.04 0.00970609
19.05 0.00806811
19.06 0.00635236
19.07 0.00455986
19.08 0.00269215
19.09 0.000751255
19.1 -0.00126041
19.11 -0.00334025
19.12 -0.00548567
19.13 -0.00769427
19.14 -0.00996367
19.15 -0.0122915
19.16 -0.0146749
19.17 -0.0171109
19.18 -0.0195955
19.19 -0.0221239
19.2 -0.0246905
19.21 -0.0272886
19.22 -0.0299113
19.23 -0.0325507
19.24 -0.035199
19.25 -0.0378484
19.26 -0.0404916
19.27 -0.0431223
19.28 -0.0457345
19.29 -0.0483228
19.3 -0.0508818
19.31 -0.0534057
19.32 -0.0558886
19.33 -0.0583244
19.34 -0.0607066
19.35 -0.0630284
19.36 -0.0652827
19.37 -0.0674622
19.38 -0.0695598
19.39 -0.0715685
19.4 -0.0734817
19.41 -0.075293
19.42 -0.0769961
19.43 -0.0785851
19.44 -0.0800542
19.45 -0.0813981
19.46 -0.0826114
19.47 -0.0836894
19.48 -0.0846274
19.49 -0.0854214
19.5 -0.0860674
19.51 -0.0865624
19.52 -0.0869036
19.53 -0.0870886
19.54 -0.0871158
19.55 -0.0869843
19.56 -0.086694
19.57 -0.0862454
19.58 -0.0856399
19.59 -0.0848789
19.6 -0.0839644
19.61 -0.0828991
19.62 -0.0816857
19.63 -0.0803275
19.64 -0.078828
19.65 -0.0771911
19.66 -0.0754209
19.67 -0.0735219
19.68 -0.0714989
19.69 -0.0693572
19.7 -0.0671021
19.71 -0.0647395
19.72 -0.0622756
19.73 -0.0597166
19.74 -0.0570689
19.75 -0.0543391
19.76 -0.0515334
19.77 -0.048658
19.78 -0.045719
19.79 -0.0427226
19.8 -0.0396751
19.81 -0.0365827
19.82 -0.0334518
19.83 -0.0302892
19.84 -0.0271014
19.85 -0.0238956
19.86 -0.0206787
19.87 -0.0174581
19.88 -0.0142412
19.89 -0.0110353
19.9 -0.00784749
19.91 -0.00468483
19.92 -0.00155405
19.93 0.00153844
19.94 0.0045864
19.95 0.00758369
19.96 0.0105242
19.97 0.0134018
19.98 0.0162103
19.99 0.0189434
20 0.0215949
20.01 0.0241586
20.02 0.0266286
20.03 0.0289991
20.04 0.0312652
20.05 0.0334224
20.06 0.0354672
20.07 0.0373968
20.08 0.0392089
20.09 0.0409021
20.1 0.0424756
20.11 0.0439294
20.12 0.0452636
20.13 0.0464787
20.14 0.0475752
20.15 0.0485539
20.16 0.0494158
20.17 0.0501619
20.18 0.0507935
20.19 0.0513116
20.2 0.0517172
20.21 0.0520114
20.22 0.0521951
20.23 0.0522695
20.24 0.0522359
20.25 0.0520961
20.26 0.0518517
20.27 0.0515045
20.28 0.0510563
20.29 0.0505088
20.3 0.0498639
20.31 0.0491232
20.32 0.0482884
20.33 0.0473615
20.34 0.0463442
20.35 0.0452386
20.36 0.044047
20.37 0.0427722
20.38 0.0414173
20.39 0.039986
20.4 0.0384825
20.41 0.0369117
20.42 0.0352786
20.43 0.0335889
20.44 0.0318482
20.45 0.0300624
20.46 0.0282374
20.47 0.026379
20.48 0.0244932
20.49 0.0225861
20.5 0.0206637
20.51 0.0187322
20.52 0.0167978
20.53 0.0148668
20.54 0.0129452
20.55 0.0110394
20.56 0.00915518
20.57 0.0072985
20.58 0.00547479
20.59 0.00368893
20.6 0.00194522
20.61 0.000247375
20.62 -0.00140138
20.63 -0.00299812
20.64 -0.00454011
20.65 -0.00602481
20.66 -0.00744983
20.67 -0.00881288
20.68 -0.0101117
20.69 -0.0113442
20.7 -0.0125081
20.71 -0.0136013
20.72 -0.0146217
20.73 -0.0155674
20.74 -0.0164366
20.75 -0.0172276
20.76 -0.017939
20.77 -0.0185696
20.78 -0.0191179
20.79 -0.0195827
20.8 -0.0199624
20.81 -0.0202554
20.82 -0.0204598
20.83 -0.0205733
20.84 -0.0205939
20.85 -0.0205195
20.86 -0.0203487
20.87 -0.0200805
20.88 -0.0197141
20.89 -0.0192495
20.9 -0.0186874
20.91 -0.0180285
20.92 -0.0172741
20.93 -0.0164255
20.94 -0.0154844
20.95 -0.0144525
20.96 -0.0133322
20.97 -0.0121261
20.98 -0.0108372
20.99 -0.00946911
21 -0.00802598
21.01 -0.00651243
21.02 -0.00493367
21.03 -0.00329539
21.04 -0.00160364
21.05 0.000135437
21.06 0.00191565
21.07 0.00373083
21.08 0.00557475
21.09 0.00744113
21.1 0.00932368
21.11 0.0112163
21.12 0.0131132
21.13 0.015009
21.14 0.0168985
21.15 0.0187769
21.16 0.0206395
21.17 0.0224818
21.18 0.0242992
21.19 0.0260874
21.2 0.027842
21.21 0.0295587
21.22 0.0312335
21.23 0.0328622
21.24 0.0344409
21.25 0.0359661
21.26 0.0374342
21.27 0.0388422
21.28 0.0401874
21.29 0.0414675
21.3 0.0426804
21.31 0.0438242
21.32 0.0448973
21.33 0.045898
21.34 0.0468247
21.35 0.0476754
21.36 0.0484486
21.37 0.0491423
21.38 0.0497547
21.39 0.0502837
21.4 0.0507272
21.41 0.0510832
21.42 0.0513494
21.43 0.051524
21.44 0.0516051
21.45 0.0515913
21.46 0.0514813
21.47 0.0512743
21.48 0.0509699
21.49 0.0505678
21.5 0.050068
21.51 0.0494704
21.52 0.0487755
21.53 0.0479838
21.54 0.047096
21.55 0.0461133
21.56 0.0450368
21.57 0.0438677
21.58 0.0426075
21.59 0.0412573
21.6 0.0398186
21.61 0.0382926
21.62 0.0366812
21.63 0.0349861
21.64 0.0332099
21.65 0.0313554
21.66 0.0294259
21.67 0.0274253
21.68 0.0253574
21.69 0.0232268
21.7 0.0210379
21.71 0.0187952
21.72 0.0165032
21.73 0.0141667
21.74 0.0117907
21.75 0.00938029
21.76 0.00694096
21.77 0.00447846
21.78 0.00199874
21.79 -0.000492086
21.8 -0.00298789
21.81 -0.00548266
21.82 -0.00797066
21.83 -0.0104465
21.84 -0.012905
21.85 -0.0153415
21.86 -0.0177516
21.87 -0.0201311
21.88 -0.0224761
21.89 -0.024783
21.9 -0.0270484
21.91 -0.0292687
21.92 -0.0314405
21.93 -0.0335603
21.94 -0.0356246
21.95 -0.0376298
21.96 -0.0395723
21.97 -0.041449
21.98 -0.0432571
21.99 -0.0449943
22 -0.0466588
22.01 -0.0482494
22.02 -0.0497654
22.03 -0.0512064
22.04 -0.0525719
22.05 -0.0538614
22.06 -0.0550739
22.07 -0.0562079
22.08 -0.0572614
22.09 -0.0582323
22.1 -0.0591185
22.11 -0.0599178
22.12 -0.0606281
22.13 -0.0612474
22.14 -0.061774
22.15 -0.0622064
22.16 -0.0625434
22.17 -0.0627845
22.18 -0.062929
22.19 -0.062977
22.2 -0.0629285
22.21 -0.0627837
22.22 -0.0625427
22.23 -0.0622058
22.24 -0.0617732
22.25 -0.0612451
22.26 -0.0606219
22.27 -0.0599042
22.28 -0.0590928
22.29 -0.058189
22.3 -0.0571943
22.31 -0.0561109
22.32 -0.0549414
22.33 -0.053689
22.34 -0.0523573
22.35 -0.05095
22.36 -0.0494711
22.37 -0.047925
22.38 -0.0463157
22.39 -0.0446474
22.4 -0.0429242
22.41 -0.0411503
22.42 -0.0393295
22.43 -0.0374657
22.44 -0.0355627
22.45 -0.0336243
22.46 -0.0316539
22.47 -0.0296551
22.48 -0.027631
22.49 -0.0255846
22.5 -0.0235185
22.51 -0.0214355
22.52 -0.0193376
22.53 -0.0172271
22.54 -0.0151059
22.55 -0.012976
22.56 -0.0108392
22.57 -0.00869742
22.58 -0.00655244
22.59 -0.00440597
22.6 -0.00225977
22.61 -0.000115548
22.62 0.00202496
22.63 0.00415991
22.64 0.00628733
22.65 0.00840503
22.66 0.0105106
22.67 0.0126014
22.68 0.0146745
22.69 0.0167266
22.7 0.0187545
22.71 0.0207555
22.72 0.0227266
22.73 0.0246653
22.74 0.026569
22.75 0.0284354
22.76 0.0302621
22.77 0.0320469
22.78 0.0337873
22.79 0.0354811
22.8 0.0371258
22.81 0.0387192
22.82 0.0402593
22.83 0.0417439
22.84 0.0431712
22.85 0.044539
22.86 0.0458457
22.87 0.0470893
22.88 0.0482682
22.89 0.0493805
22.9 0.0504246
22.91 0.0513986
22.92 0.0523005
22.93 0.0531286
22.94 0.0538807
22.95 0.0545551
22.96 0.0551496
22.97 0.0556622
22.98 0.0560912
22.99 0.0564352
23 0.0566931
23.01 0.0568649
23.02 0.0569508
23.03 0.0569515
23.04 0.056868
23.05 0.0567018
23.06 0.0564544
23.07 0.0561276
23.08 0.0557228
23.09 0.0552415
23.1 0.0546848
23.11 0.054054
23.12 0.0533504
23.13 0.0525757
23.14 0.0517314
23.15 0.0508194
23.16 0.0498417
23.17 0.0488004
23.18 0.0476978
23.19 0.0465365
23.2 0.0453191
23.21 0.0440485
23.22 0.0427277
23.23 0.0413596
23.24 0.0399472
23.25 0.0384937
23.26 0.0370023
23.27 0.0354761
23.28 0.0339186
23.29 0.0323332
23.3 0.0307237
23.31 0.0290938
23.32 0.0274473
23.33 0.0257882
23.34 0.0241203
23.35 0.0224473
23.36 0.0207728
23.37 0.0191004
23.38 0.0174332
23.39 0.0157745
23.4 0.014127
23.41 0.0124932
23.42 0.0108754
23.43 0.00927558
23.44 0.00769555
23.45 0.00613681
23.46 0.00460076
23.47 0.00308886
23.48 0.00160271
23.49 0.000144116
23.5 -0.00128492
23.51 -0.00268234
23.52 -0.00404602
23.53 -0.00537392
23.54 -0.006664
23.55 -0.00791427
23.56 -0.00912278
23.57 -0.0102876
23.58 -0.0114067
23.59 -0.0124782
23.6 -0.0135002
23.61 -0.0144709
23.62 -0.0153885
23.63 -0.0162511
23.64 -0.0170572
23.65 -0.0178048
23.66 -0.0184924
23.67 -0.0191185
23.68 -0.0196819
23.69 -0.0201816
23.7 -0.0206169
23.71 -0.0209874
23.72 -0.0212931
23.73 -0.0215342
23.74 -0.0217112
23.75 -0.021825
23.76 -0.0218769
23.77 -0.0218687
23.78 -0.0218027
23.79 -0.0216816
23.8 -0.0215085
23.81 -0.0212868
23.82 -0.0210196
23.83 -0.0207105
23.84 -0.0203627
23.85 -0.0199797
23.86 -0.0195648
23.87 -0.0191215
23.88 -0.0186532
23.89 -0.0181632
23.9 -0.0176553
23.91 -0.0171332
23.92 -0.0166008
23.93 -0.0160621
23.94 -0.0155212
23.95 -0.0149819
23.96 -0.0144479
23.97 -0.0139227
23.98 -0.0134091
23.99 -0.0129095
24 -0.012426
24.01 -0.0119598
24.02 -0.011512
24.03 -0.011083
24.04 -0.010673
24.05 -0.0102814
24.06 -0.00990678
24.07 -0.0095474
24.08 -0.00920103
24.09 -0.00886539
24.1 -0.00853823
24.11 -0.00821747
24.12 -0.0079013
24.13 -0.00758835
24.14 -0.00727774
24.15 -0.00696915
24.16 -0.00666282
24.17 -0.00635935
24.18 -0.00605951
24.19 -0.00576413
24.2 -0.00547409
24.21 -0.00519039
24.22 -0.00491409
24.23 -0.00464636
24.24 -0.00438846
24.25 -0.00414166
24.26 -0.00390731
24.27 -0.00368689
24.28 -0.00348199
24.29 -0.00329437
24.3 -0.00312602
24.31 -0.00297911
24.32 -0.00285574
24.33 -0.0027578
24.34 -0.00268667
24.35 -0.00264314
24.36 -0.0026274
24.37 -0.00263922
24.38 -0.00267807
24.39 -0.00274317
24.4 -0.00283352
24.41 -0.00294807
24.42 -0.00308579
24.43 -0.00324574
24.44 -0.00342712
24.45 -0.00362921
24.46 -0.00385127
24.47 -0.00409251
24.48 -0.00435201
24.49 -0.00462872
24.5 -0.00492154
24.51 -0.0052293
24.52 -0.00555081
24.53 -0.00588489
24.54 -0.00623049
24.55 -0.0065866
24.56 -0.00695231
24.57 -0.00732685
24.58 -0.00770964
24.59 -0.00810023
24.6 -0.00849823
24.61 -0.00890316
24.62 -0.00931456
24.63 -0.00973197
24.64 -0.0101549
24.65 -0.0105828
24.66 -0.0110145
24.67 -0.0114491
24.68 -0.0118851
24.69 -0.012321
24.7 -0.0127549
24.71 -0.013185
24.72 -0.0136093
24.73 -0.0140258
24.74 -0.0144325
24.75 -0.0148274
24.76 -0.0152084
24.77 -0.0155734
24.78 -0.0159204
24.79 -0.0162476
24.8 -0.0165536
24.81 -0.0168368
24.82 -0.0170962
24.83 -0.0173309
24.84 -0.0175402
24.85 -0.0177236
24.86 -0.0178809
24.87 -0.0180117
24.88 -0.0181163
24.89 -0.0181947
24.9 -0.0182475
24.91 -0.0182756
24.92 -0.01828
24.93 -0.0182618
24.94 -0.0182225
24.95 -0.0181635
24.96 -0.0180863
24.97 -0.0179924
24.98 -0.0178835
24.99 -0.017761
25 -0.0176264
