0.01 3.17687e-09
0.02 1.53091e-08
0.03 3.78276e-08
0.04 6.8409e-08
0.05 1.04774e-07
0.06 1.44707e-07
0.07 1.86078e-07
0.08 2.26833e-07
0.09 2.64982e-07
0.1 2.98595e-07
0.11 3.25826e-07
0.12 3.44913e-07
0.13 3.54138e-07
0.14 3.51776e-07
0.15 3.36076e-07
0.16 3.05323e-07
0.17 2.57886e-07
0.18 1.92229e-07
0.19 1.06923e-07
0.2 6.59074e-10
0.21 -1.27744e-07
0.22 -2.79334e-07
0.23 -4.55028e-07
0.24 -6.55636e-07
0.25 -8.81888e-07
0.26 -1.1345e-06
0.27 -1.4142e-06
0.28 -1.72161e-06
0.29 -2.05697e-06
0.3 -2.42007e-06
0.31 -2.81015e-06
0.32 -3.22588e-06
0.33 -3.6652e-06
0.34 -4.12515e-06
0.35 -4.60221e-06
0.36 -5.09247e-06
0.37 -5.5918e-06
0.38 -6.09641e-06
0.39 -6.60365e-06
0.4 -7.11255e-06
0.41 -7.62422e-06
0.42 -8.14133e-06
0.43 -8.66754e-06
0.44 -9.20758e-06
0.45 -9.76705e-06
0.46 -1.0352e-05
0.47 -1.09686e-05
0.48 -1.16222e-05
0.49 -1.23177e-05
0.5 -1.30586e-05
0.51 -1.38481e-05
0.52 -1.46889e-05
0.53 -1.55827e-05
0.54 -1.65309e-05
0.55 -1.75343e-05
0.56 -1.85933e-05
0.57 -1.9708e-05
0.58 -2.0878e-05
0.59 -2.21031e-05
0.6 -2.33829e-05
0.61 -2.47168e-05
0.62 -2.6104e-05
0.63 -2.75434e-05
0.64 -2.90341e-05
0.65 -3.05749e-05
0.66 -3.2165e-05
0.67 -3.38036e-05
0.68 -3.54902e-05
0.69 -3.72247e-05
0.7 -3.90068e-05
0.71 -4.0836e-05
0.72 -4.27111e-05
0.73 -4.46292e-05
0.74 -4.65856e-05
0.75 -4.85728e-05
0.76 -5.05802e-05
0.77 -5.25948e-05
0.78 -5.4602e-05
0.79 -5.65879e-05
0.8 -5.85411e-05
0.81 -6.0453e-05
0.82 -6.23175e-05
0.83 -6.41303e-05
0.84 -6.58889e-05
0.85 -6.75945e-05
0.86 -6.92508e-05
0.87 -7.08607e-05
0.88 -7.24221e-05
0.89 -7.39271e-05
0.9 -7.5365e-05
0.91 -7.67231e-05
0.92 -7.79887e-05
0.93 -7.91507e-05
0.94 -8.02024e-05
0.95 -8.11429e-05
0.96 -8.19777e-05
0.97 -8.27177e-05
0.98 -8.33746e-05
0.99 -8.39557e-05
1 -8.44618e-05
1.01 -8.48881e-05
1.02 -8.52242e-05
1.03 -8.54548e-05
1.04 -8.55623e-05
1.05 -8.55293e-05
1.06 -8.53415e-05
1.07 -8.49896e-05
1.08 -8.44677e-05
1.09 -8.3771e-05
1.1 -8.28942e-05
1.11 -8.18335e-05
1.12 -8.05852e-05
1.13 -7.91441e-05
1.14 -7.75038e-05
1.15 -7.56581e-05
1.16 -7.36033e-05
1.17 -7.13401e-05
1.18 -6.88763e-05
1.19 -6.62251e-05
1.2 -6.34012e-05
1.21 -6.04229e-05
1.22 -5.73132e-05
1.23 -5.40969e-05
1.24 -5.0795e-05
1.25 -4.74172e-05
1.26 -4.39567e-05
1.27 -4.03958e-05
1.28 -3.67147e-05
1.29 -3.28947e-05
1.3 -2.89189e-05
1.31 -2.47768e-05
1.32 -2.04676e-05
1.33 -1.59965e-05
1.34 -1.13701e-05
1.35 -6.59271e-06
1.36 -1.66598e-06
1.37 3.41101e-06
1.38 8.64107e-06
1.39 1.40277e-05
1.4 1.95732e-05
1.41 2.52751e-05
1.42 3.11228e-05
1.43 3.70934e-05
1.44 4.31474e-05
1.45 4.92271e-05
1.46 5.5258e-05
1.47 6.11554e-05
1.48 6.68311e-05
1.49 7.21949e-05
1.5 7.71579e-05
1.51 8.16371e-05
1.52 8.55581e-05
1.53 8.88618e-05
1.54 9.15126e-05
1.55 9.35062e-05
1.56 9.4872e-05
1.57 9.56636e-05
1.58 9.59504e-05
1.59 9.58108e-05
1.6 9.532e-05
1.61 9.45431e-05
1.62 9.35381e-05
1.63 9.23549e-05
1.64 9.10355e-05
1.65 8.96145e-05
1.66 8.81169e-05
1.67 8.65562e-05
1.68 8.49362e-05
1.69 8.32573e-05
1.7 8.152e-05
1.71 7.97248e-05
1.72 7.78728e-05
1.73 7.59682e-05
1.74 7.40214e-05
1.75 7.20534e-05
1.76 7.00904e-05
1.77 6.81574e-05
1.78 6.62822e-05
1.79 6.45003e-05
1.8 6.28535e-05
1.81 6.13841e-05
1.82 6.0135e-05
1.83 5.9148e-05
1.84 5.84534e-05
1.85 5.80644e-05
1.86 5.79816e-05
1.87 5.82029e-05
1.88 5.87293e-05
1.89 5.95653e-05
1.9 6.07197e-05
1.91 6.2205e-05
1.92 6.40378e-05
1.93 6.62362e-05
1.94 6.88069e-05
1.95 7.1729e-05
1.96 7.4953e-05
1.97 7.84063e-05
1.98 8.19974e-05
1.99 8.56274e-05
2 8.92109e-05
2.01 9.26938e-05
2.02 9.60559e-05
2.03 9.93074e-05
2.04 0.000102486
2.05 0.000105649
2.06 0.000108859
2.07 0.000112176
2.08 0.000115644
2.09 0.000119275
2.1 0.00012305
2.11 0.000126922
2.12 0.000130812
2.13 0.000134603
2.14 0.000138158
2.15 0.000141324
2.16 0.000143941
2.17 0.000145845
2.18 0.000146874
2.19 0.000146857
2.2 0.00014561
2.21 0.000142938
2.22 0.000138654
2.23 0.000132577
2.24 0.000124542
2.25 0.000114395
2.26 0.000101997
2.27 8.72498e-05
2.28 7.01055e-05
2.29 5.05502e-05
2.3 2.86025e-05
2.31 4.31299e-06
2.32 -2.22283e-05
2.33 -5.08808e-05
2.34 -8.14473e-05
2.35 -0.00011368
2.36 -0.000147289
2.37 -0.000181955
2.38 -0.000217337
2.39 -0.000253071
2.4 -0.000288791
2.41 -0.000324168
2.42 -0.000358931
2.43 -0.000392848
2.44 -0.000425707
2.45 -0.000457314
2.46 -0.000487493
2.47 -0.000516094
2.48 -0.000543002
2.49 -0.000568119
2.5 -0.000591343
2.51 -0.000612561
2.52 -0.000631647
2.53 -0.00064847
2.54 -0.000662907
2.55 -0.000674831
2.56 -0.000684122
2.57 -0.000690691
2.58 -0.000694502
2.59 -0.000695579
2.6 -0.000693997
2.61 -0.000689868
2.62 -0.000683318
2.63 -0.000674471
2.64 -0.000663433
2.65 -0.000650296
2.66 -0.000635133
2.67 -0.000618006
2.68 -0.000598972
2.69 -0.000578103
2.7 -0.000555486
2.71 -0.000531214
2.72 -0.000505382
2.73 -0.000478091
2.74 -0.000449421
2.75 -0.000419433
2.76 -0.000388183
2.77 -0.000355724
2.78 -0.00032208
2.79 -0.00028724
2.8 -0.000251157
2.81 -0.000213758
2.82 -0.000174971
2.83 -0.00013476
2.84 -9.31266e-05
2.85 -5.01145e-05
2.86 -5.80249e-06
2.87 3.96889e-05
2.88 8.61815e-05
2.89 0.000133449
2.9 0.00018124
2.91 0.000229288
2.92 0.00027731
2.93 0.000325015
2.94 0.000372117
2.95 0.000418338
2.96 0.000463422
2.97 0.000507159
2.98 0.000549402
2.99 0.000590049
3 0.000629035
3.01 0.000666321
3.02 0.000701872
3.03 0.000735638
3.04 0.000767551
3.05 0.000797512
3.06 0.000825389
3.07 0.00085101
3.08 0.000874168
3.09 0.000894637
3.1 0.000912205
3.11 0.000926702
3.12 0.000938019
3.13 0.000946121
3.14 0.000951035
3.15 0.000952822
3.16 0.000951565
3.17 0.000947374
3.18 0.000940379
3.19 0.000930717
3.2 0.000918509
3.21 0.000903868
3.22 0.000886942
3.23 0.000867918
3.24 0.000847029
3.25 0.00082454
3.26 0.000800736
3.27 0.000775941
3.28 0.000750533
3.29 0.000724906
3.3 0.000699437
3.31 0.000674512
3.32 0.000650514
3.33 0.000627787
3.34 0.00060658
3.35 0.000587028
3.36 0.000569134
3.37 0.000552777
3.38 0.000537732
3.39 0.000523669
3.4 0.000510167
3.41 0.000496734
3.42 0.000482836
3.43 0.000467938
3.44 0.000451523
3.45 0.000433096
3.46 0.000412201
3.47 0.000388461
3.48 0.000361622
3.49 0.000331577
3.5 0.000298357
3.51 0.000262117
3.52 0.000223126
3.53 0.00018175
3.54 0.000138418
3.55 9.35713e-05
3.56 4.76021e-05
3.57 8.47192e-07
3.58 -4.63697e-05
3.59 -9.37286e-05
3.6 -0.000140951
3.61 -0.00018782
3.62 -0.000234175
3.63 -0.000279908
3.64 -0.000324966
3.65 -0.000369354
3.66 -0.000413132
3.67 -0.00045643
3.68 -0.000499447
3.69 -0.000542429
3.7 -0.000585617
3.71 -0.00062923
3.72 -0.000673487
3.73 -0.00071858
3.74 -0.000764648
3.75 -0.00081179
3.76 -0.000860074
3.77 -0.00090953
3.78 -0.000960147
3.79 -0.00101188
3.8 -0.00106464
3.81 -0.00111828
3.82 -0.0011726
3.83 -0.00122736
3.84 -0.00128231
3.85 -0.00133717
3.86 -0.00139171
3.87 -0.00144575
3.88 -0.00149924
3.89 -0.00155224
3.9 -0.00160491
3.91 -0.00165754
3.92 -0.00171052
3.93 -0.00176433
3.94 -0.00181948
3.95 -0.00187648
3.96 -0.00193583
3.97 -0.00199797
3.98 -0.00206322
3.99 -0.00213175
4 -0.00220359
4.01 -0.00227858
4.02 -0.00235648
4.03 -0.00243689
4.04 -0.0025193
4.05 -0.00260307
4.06 -0.00268748
4.07 -0.00277166
4.08 -0.00285459
4.09 -0.00293517
4.1 -0.00301217
4.11 -0.00308437
4.12 -0.00315063
4.13 -0.00320996
4.14 -0.0032616
4.15 -0.00330502
4.16 -0.00334002
4.17 -0.00336676
4.18 -0.00338566
4.19 -0.00339735
4.2 -0.0034027
4.21 -0.00340268
4.22 -0.00339836
4.23 -0.00339073
4.24 -0.00338068
4.25 -0.00336901
4.26 -0.00335645
4.27 -0.00334365
4.28 -0.00333114
4.29 -0.00331929
4.3 -0.00330835
4.31 -0.0032984
4.32 -0.00328942
4.33 -0.00328128
4.34 -0.00327371
4.35 -0.00326632
4.36 -0.00325854
4.37 -0.00324972
4.38 -0.00323908
4.39 -0.0032258
4.4 -0.00320903
4.41 -0.00318786
4.42 -0.00316137
4.43 -0.00312865
4.44 -0.00308882
4.45 -0.00304109
4.46 -0.00298482
4.47 -0.00291958
4.48 -0.00284512
4.49 -0.00276139
4.5 -0.00266837
4.51 -0.00256611
4.52 -0.00245475
4.53 -0.00233455
4.54 -0.00220591
4.55 -0.00206931
4.56 -0.00192534
4.57 -0.00177465
4.58 -0.00161799
4.59 -0.00145614
4.6 -0.00128996
4.61 -0.00112029
4.62 -0.000947927
4.63 -0.00077363
4.64 -0.000598093
4.65 -0.000421941
4.66 -0.00024571
4.67 -6.98001e-05
4.68 0.000105547
4.69 0.000280217
4.7 0.000454168
4.71 0.000627366
4.72 0.00079975
4.73 0.000971258
4.74 0.0011418
4.75 0.00131119
4.76 0.00147917
4.77 0.00164543
4.78 0.00180961
4.79 0.00197136
4.8 0.00213033
4.81 0.0022861
4.82 0.00243822
4.83 0.00258623
4.84 0.0027297
4.85 0.00286814
4.86 0.00300105
4.87 0.00312794
4.88 0.00324845
4.89 0.00336219
4.9 0.00346884
4.91 0.00356812
4.92 0.00365983
4.93 0.00374382
4.94 0.00381997
4.95 0.0038882
4.96 0.00394845
4.97 0.00400073
4.98 0.0040451
4.99 0.00408172
5 0.00411078
5.01 0.00413249
5.02 0.00414703
5.03 0.00415446
5.04 0.00415473
5.05 0.0041477
5.06 0.00413308
5.07 0.00411047
5.08 0.00407936
5.09 0.00403921
5.1 0.00398943
5.11 0.00392941
5.12 0.00385856
5.13 0.0037764
5.14 0.00368253
5.15 0.0035767
5.16 0.00345886
5.17 0.00332923
5.18 0.0031882
5.19 0.00303635
5.2 0.0028744
5.21 0.00270322
5.22 0.00252378
5.23 0.00233704
5.24 0.00214398
5.25 0.00194556
5.26 0.00174276
5.27 0.00153666
5.28 0.0013284
5.29 0.00111907
5.3 0.000909778
5.31 0.000701561
5.32 0.000495389
5.33 0.00029206
5.34 9.21571e-05
5.35 -0.000103945
5.36 -0.000296105
5.37 -0.000484468
5.38 -0.000669436
5.39 -0.000851557
5.4 -0.00103144
5.41 -0.00120969
5.42 -0.00138693
5.43 -0.00156366
5.44 -0.00174024
5.45 -0.00191688
5.46 -0.00209362
5.47 -0.00227038
5.48 -0.00244703
5.49 -0.00262338
5.5 -0.00279916
5.51 -0.00297402
5.52 -0.00314754
5.53 -0.00331929
5.54 -0.00348885
5.55 -0.00365574
5.56 -0.00381945
5.57 -0.00397955
5.58 -0.00413566
5.59 -0.00428751
5.6 -0.00443485
5.61 -0.00457741
5.62 -0.00471491
5.63 -0.00484705
5.64 -0.00497348
5.65 -0.00509389
5.66 -0.00520794
5.67 -0.0053153
5.68 -0.0054156
5.69 -0.0055084
5.7 -0.0055932
5.71 -0.00566942
5.72 -0.00573641
5.73 -0.00579349
5.74 -0.00583997
5.75 -0.00587516
5.76 -0.00589838
5.77 -0.00590904
5.78 -0.00590668
5.79 -0.005891
5.8 -0.0058619
5.81 -0.00581949
5.82 -0.00576411
5.83 -0.0056964
5.84 -0.00561719
5.85 -0.0055275
5.86 -0.00542848
5.87 -0.00532137
5.88 -0.00520747
5.89 -0.00508808
5.9 -0.0049645
5.91 -0.00483791
5.92 -0.0047094
5.93 -0.00457991
5.94 -0.00445024
5.95 -0.00432101
5.96 -0.00419262
5.97 -0.00406516
5.98 -0.0039384
5.99 -0.00381192
6 -0.00368505
6.01 -0.00355698
6.02 -0.00342683
6.03 -0.00329369
6.04 -0.00315662
6.05 -0.00301469
6.06 -0.00286704
6.07 -0.00271293
6.08 -0.00255181
6.09 -0.00238336
6.1 -0.00220735
6.11 -0.00202372
6.12 -0.00183254
6.13 -0.00163402
6.14 -0.00142845
6.15 -0.00121614
6.16 -0.000997343
6.17 -0.000772215
6.18 -0.000540719
6.19 -0.000302628
6.2 -5.76036e-05
6.21 0.000194741
6.22 0.000454857
6.23 0.000723251
6.24 0.00100042
6.25 0.0012868
6.26 0.00158281
6.27 0.00188885
6.28 0.00220528
6.29 0.00253248
6.3 0.00287086
6.31 0.00322084
6.32 0.0035829
6.33 0.00395756
6.34 0.00434537
6.35 0.00474685
6.36 0.00516249
6.37 0.00559255
6.38 0.00603698
6.39 0.00649539
6.4 0.00696716
6.41 0.00745147
6.42 0.00794739
6.43 0.00845404
6.44 0.00897062
6.45 0.00949648
6.46 0.0100313
6.47 0.0105747
6.48 0.0111268
6.49 0.0116873
6.5 0.0122557
6.51 0.0128314
6.52 0.013413
6.53 0.013999
6.54 0.0145874
6.55 0.0151757
6.56 0.015761
6.57 0.01634
6.58 0.0169094
6.59 0.0174658
6.6 0.0180059
6.61 0.018527
6.62 0.0190263
6.63 0.0195019
6.64 0.0199518
6.65 0.0203747
6.66 0.020769
6.67 0.0211335
6.68 0.0214667
6.69 0.0217673
6.7 0.022034
6.71 0.0222654
6.72 0.0224606
6.73 0.0226182
6.74 0.0227374
6.75 0.0228173
6.76 0.0228574
6.77 0.0228571
6.78 0.0228164
6.79 0.0227353
6.8 0.0226139
6.81 0.0224528
6.82 0.0222522
6.83 0.0220125
6.84 0.0217342
6.85 0.0214174
6.86 0.0210625
6.87 0.0206693
6.88 0.020238
6.89 0.0197687
6.9 0.0192615
6.91 0.0187168
6.92 0.0181353
6.93 0.0175181
6.94 0.0168665
6.95 0.0161822
6.96 0.0154673
6.97 0.0147239
6.98 0.0139539
6.99 0.0131591
7 0.012341
7.01 0.0115008
7.02 0.0106394
7.03 0.00975752
7.04 0.00885584
7.05 0.00793525
7.06 0.00699692
7.07 0.00604243
7.08 0.00507374
7.09 0.00409318
7.1 0.00310337
7.11 0.00210712
7.12 0.0011073
7.13 0.000106624
7.14 -0.000892593
7.15 -0.00188846
7.16 -0.00287954
7.17 -0.00386474
7.18 -0.00484328
7.19 -0.00581453
7.2 -0.00677796
7.21 -0.00773297
7.22 -0.00867882
7.23 -0.00961447
7.24 -0.0105386
7.25 -0.0114496
7.26 -0.0123455
7.27 -0.0132245
7.28 -0.0140846
7.29 -0.0149241
7.3 -0.0157416
7.31 -0.0165358
7.32 -0.0173062
7.33 -0.0180521
7.34 -0.0187733
7.35 -0.0194697
7.36 -0.0201408
7.37 -0.0207861
7.38 -0.0214049
7.39 -0.0219958
7.4 -0.0225575
7.41 -0.0230884
7.42 -0.0235867
7.43 -0.0240509
7.44 -0.0244794
7.45 -0.0248713
7.46 -0.0252261
7.47 -0.0255434
7.48 -0.0258234
7.49 -0.0260669
7.5 -0.0262748
7.51 -0.0264486
7.52 -0.0265899
7.53 -0.0267005
7.54 -0.0267822
7.55 -0.0268368
7.56 -0.0268659
7.57 -0.0268713
7.58 -0.0268547
7.59 -0.026818
7.6 -0.0267629
7.61 -0.0266913
7.62 -0.0266047
7.63 -0.0265044
7.64 -0.0263911
7.65 -0.0262652
7.66 -0.0261266
7.67 -0.0259747
7.68 -0.0258081
7.69 -0.025625
7.7 -0.0254232
7.71 -0.0252
7.72 -0.0249527
7.73 -0.0246791
7.74 -0.0243771
7.75 -0.0240455
7.76 -0.0236833
7.77 -0.0232902
7.78 -0.0228661
7.79 -0.0224113
7.8 -0.0219264
7.81 -0.0214123
7.82 -0.0208702
7.83 -0.0203015
7.84 -0.0197078
7.85 -0.0190911
7.86 -0.0184533
7.87 -0.0177964
7.88 -0.0171225
7.89 -0.0164336
7.9 -0.0157315
7.91 -0.0150179
7.92 -0.0142942
7.93 -0.0135615
7.94 -0.0128208
7.95 -0.0120727
7.96 -0.0113177
7.97 -0.010556
7.98 -0.00978771
7.99 -0.00901284
8 -0.00823134
8.01 -0.00744327
8.02 -0.0066488
8.03 -0.00584825
8.04 -0.00504218
8.05 -0.0042314
8.06 -0.00341703
8.07 -0.00260047
8.08 -0.00178326
8.09 -0.000967013
8.1 -0.000153291
8.11 0.000656551
8.12 0.00146151
8.13 0.00226099
8.14 0.0030547
8.15 0.00384269
8.16 0.00462529
8.17 0.00540304
8.18 0.00617662
8.19 0.00694671
8.2 0.00771396
8.21 0.00847896
8.22 0.00924205
8.23 0.0100034
8.24 0.0107632
8.25 0.0115212
8.26 0.0122771
8.27 0.0130303
8.28 0.0137802
8.29 0.0145256
8.3 0.0152652
8.31 0.0159971
8.32 0.0167191
8.33 0.0174283
8.34 0.0181213
8.35 0.0187945
8.36 0.019444
8.37 0.020066
8.38 0.0206569
8.39 0.0212137
8.4 0.0217338
8.41 0.0222155
8.42 0.0226576
8.43 0.0230591
8.44 0.02342
8.45 0.0237402
8.46 0.0240206
8.47 0.0242621
8.48 0.0244662
8.49 0.0246346
8.5 0.0247692
8.51 0.0248718
8.52 0.0249444
8.53 0.0249884
8.54 0.0250052
8.55 0.0249955
8.56 0.0249597
8.57 0.0248981
8.58 0.0248106
8.59 0.0246972
8.6 0.0245578
8.61 0.0243924
8.62 0.024201
8.63 0.023984
8.64 0.0237422
8.65 0.0234766
8.66 0.0231885
8.67 0.0228795
8.68 0.0225516
8.69 0.0222067
8.7 0.0218467
8.71 0.0214735
8.72 0.021089
8.73 0.0206949
8.74 0.0202926
8.75 0.0198834
8.76 0.0194683
8.77 0.0190478
8.78 0.0186222
8.79 0.0181915
8.8 0.0177553
8.81 0.017313
8.82 0.0168637
8.83 0.0164064
8.84 0.0159404
8.85 0.0154648
8.86 0.0149792
8.87 0.0144832
8.88 0.0139766
8.89 0.0134593
8.9 0.0129317
8.91 0.0123944
8.92 0.0118482
8.93 0.011294
8.94 0.010733
8.95 0.010166
8.96 0.00959399
8.97 0.00901787
8.98 0.00843838
8.99 0.00785618
9 0.00727166
9.01 0.00668497
9.02 0.00609601
9.03 0.00550433
9.04 0.00490931
9.05 0.00431019
9.06 0.00370629
9.07 0.00309708
9.08 0.00248219
9.09 0.00186143
9.1 0.00123473
9.11 0.000602086
9.12 -3.65094e-05
9.13 -0.000681005
9.14 -0.00133133
9.15 -0.00198737
9.16 -0.00264888
9.17 -0.00331536
9.18 -0.00398592
9.19 -0.00465927
9.2 -0.00533364
9.21 -0.00600676
9.22 -0.00667581
9.23 -0.00733752
9.24 -0.00798828
9.25 -0.00862448
9.26 -0.00924264
9.27 -0.00983969
9.28 -0.010413
9.29 -0.0109605
9.3 -0.0114808
9.31 -0.0119725
9.32 -0.0124347
9.33 -0.0128665
9.34 -0.013267
9.35 -0.0136357
9.36 -0.0139719
9.37 -0.0142752
9.38 -0.0145451
9.39 -0.0147813
9.4 -0.0149838
9.41 -0.0151525
9.42 -0.0152879
9.43 -0.0153909
9.44 -0.0154627
9.45 -0.015505
9.46 -0.0155201
9.47 -0.0155104
9.48 -0.0154781
9.49 -0.0154258
9.5 -0.0153555
9.51 -0.0152689
9.52 -0.0151674
9.53 -0.0150519
9.54 -0.0149233
9.55 -0.0147821
9.56 -0.014629
9.57 -0.0144647
9.58 -0.0142903
9.59 -0.014107
9.6 -0.0139162
9.61 -0.0137197
9.62 -0.0135188
9.63 -0.0133151
9.64 -0.0131098
9.65 -0.0129037
9.66 -0.0126971
9.67 -0.0124904
9.68 -0.0122832
9.69 -0.012075
9.7 -0.0118653
9.71 -0.0116531
9.72 -0.011438
9.73 -0.0112194
9.74 -0.0109968
9.75 -0.0107703
9.76 -0.01054
9.77 -0.0103064
9.78 -0.0100701
9.79 -0.00983216
9.8 -0.00959356
9.81 -0.00935563
9.82 -0.00911987
9.83 -0.00888786
9.84 -0.00866137
9.85 -0.0084422
9.86 -0.0082322
9.87 -0.00803309
9.88 -0.00784641
9.89 -0.00767353
9.9 -0.00751564
9.91 -0.00737362
9.92 -0.00724801
9.93 -0.00713902
9.94 -0.00704654
9.95 -0.00697016
9.96 -0.00690926
9.97 -0.00686313
9.98 -0.00683119
9.99 -0.00681301
10 -0.00680834
10.01 -0.00681714
10.02 -0.00683958
10.03 -0.00687606
10.04 -0.00692712
10.05 -0.00699322
10.06 -0.0070747
10.07 -0.00717164
10.08 -0.00728393
10.09 -0.00741123
10.1 -0.00755304
10.11 -0.00770868
10.12 -0.00787744
10.13 -0.00805869
10.14 -0.00825197
10.15 -0.00845691
10.16 -0.00867326
10.17 -0.00890085
10.18 -0.00913944
10.19 -0.00938865
10.2 -0.00964791
10.21 -0.00991648
10.22 -0.0101935
10.23 -0.010478
10.24 -0.0107691
10.25 -0.0110657
10.26 -0.0113668
10.27 -0.0116715
10.28 -0.0119791
10.29 -0.0122888
10.3 -0.0125998
10.31 -0.0129115
10.32 -0.013223
10.33 -0.0135335
10.34 -0.013842
10.35 -0.0141477
10.36 -0.0144496
10.37 -0.0147468
10.38 -0.0150385
10.39 -0.0153238
10.4 -0.0156017
10.41 -0.0158714
10.42 -0.0161315
10.43 -0.016381
10.44 -0.0166181
10.45 -0.0168413
10.46 -0.0170486
10.47 -0.0172382
10.48 -0.0174083
10.49 -0.0175572
10.5 -0.0176837
10.51 -0.0177868
10.52 -0.0178659
10.53 -0.0179208
10.54 -0.0179515
10.55 -0.0179582
10.56 -0.0179411
10.57 -0.0179007
10.58 -0.0178373
10.59 -0.0177516
10.6 -0.0176438
10.61 -0.0175147
10.62 -0.0173649
10.63 -0.0171952
10.64 -0.0170063
10.65 -0.0167993
10.66 -0.0165754
10.67 -0.0163358
10.68 -0.0160816
10.69 -0.0158142
10.7 -0.0155345
10.71 -0.0152434
10.72 -0.0149416
10.73 -0.0146297
10.74 -0.0143081
10.75 -0.0139773
10.76 -0.0136376
10.77 -0.0132893
10.78 -0.0129326
10.79 -0.0125677
10.8 -0.0121945
10.81 -0.011813
10.82 -0.0114234
10.83 -0.0110254
10.84 -0.010619
10.85 -0.010204
10.86 -0.00978051
10.87 -0.00934856
10.88 -0.00890837
10.89 -0.00846025
10.9 -0.00800455
10.91 -0.00754169
10.92 -0.00707203
10.93 -0.0065958
10.94 -0.00611301
10.95 -0.00562344
10.96 -0.00512666
10.97 -0.00462205
10.98 -0.00410886
10.99 -0.00358635
11 -0.00305383
11.01 -0.00251075
11.02 -0.0019567
11.03 -0.00139146
11.04 -0.000815031
11.05 -0.000227619
11.06 0.00037045
11.07 0.000978752
11.08 0.00159675
11.09 0.00222379
11.1 0.0028592
11.11 0.00350228
11.12 0.00415243
11.13 0.00480911
11.14 0.00547181
11.15 0.00614
11.16 0.00681318
11.17 0.00749101
11.18 0.00817331
11.19 0.00886016
11.2 0.00955179
11.21 0.0102487
11.22 0.0109513
11.23 0.0116605
11.24 0.0123767
11.25 0.0131002
11.26 0.0138307
11.27 0.0145675
11.28 0.0153095
11.29 0.0160553
11.3 0.0168032
11.31 0.0175518
11.32 0.0182993
11.33 0.0190443
11.34 0.0197853
11.35 0.0205214
11.36 0.021252
11.37 0.0219766
11.38 0.0226952
11.39 0.0234076
11.4 0.0241136
11.41 0.0248129
11.42 0.0255052
11.43 0.0261896
11.44 0.0268652
11.45 0.0275308
11.46 0.0281853
11.47 0.0288273
11.48 0.0294558
11.49 0.03007
11.5 0.0306697
11.51 0.0312546
11.52 0.0318253
11.53 0.0323823
11.54 0.0329262
11.55 0.033458
11.56 0.0339782
11.57 0.0344871
11.58 0.034985
11.59 0.0354718
11.6 0.0359471
11.61 0.0364108
11.62 0.0368627
11.63 0.0373028
11.64 0.0377309
11.65 0.0381469
11.66 0.0385507
11.67 0.0389422
11.68 0.0393214
11.69 0.0396881
11.7 0.0400419
11.71 0.0403823
11.72 0.0407085
11.73 0.0410194
11.74 0.0413138
11.75 0.04159
11.76 0.0418458
11.77 0.042079
11.78 0.0422864
11.79 0.0424648
11.8 0.0426107
11.81 0.0427206
11.82 0.0427914
11.83 0.0428204
11.84 0.0428051
11.85 0.0427436
11.86 0.0426343
11.87 0.0424757
11.88 0.0422665
11.89 0.0420055
11.9 0.0416918
11.91 0.0413245
11.92 0.0409029
11.93 0.0404266
11.94 0.0398953
11.95 0.0393087
11.96 0.0386668
11.97 0.0379697
11.98 0.0372177
11.99 0.0364113
12 0.0355514
12.01 0.0346392
12.02 0.0336759
12.03 0.0326634
12.04 0.0316037
12.05 0.0304993
12.06 0.0293527
12.07 0.0281666
12.08 0.0269438
12.09 0.0256867
12.1 0.0243977
12.11 0.0230787
12.12 0.0217317
12.13 0.0203581
12.14 0.0189592
12.15 0.0175357
12.16 0.0160884
12.17 0.0146178
12.18 0.0131242
12.19 0.0116083
12.2 0.0100705
12.21 0.00851135
12.22 0.00693157
12.23 0.00533203
12.24 0.00371364
12.25 0.00207743
12.26 0.000424577
12.27 -0.0012435
12.28 -0.00292525
12.29 -0.00461894
12.3 -0.0063227
12.31 -0.00803448
12.32 -0.009752
12.33 -0.0114727
12.34 -0.0131938
12.35 -0.0149123
12.36 -0.016625
12.37 -0.0183285
12.38 -0.0200192
12.39 -0.0216933
12.4 -0.023347
12.41 -0.0249762
12.42 -0.0265772
12.43 -0.0281464
12.44 -0.0296801
12.45 -0.031175
12.46 -0.0326277
12.47 -0.034035
12.48 -0.0353934
12.49 -0.0366991
12.5 -0.0379481
12.51 -0.0391357
12.52 -0.0402571
12.53 -0.0413072
12.54 -0.042281
12.55 -0.0431735
12.56 -0.0439801
12.57 -0.0446969
12.58 -0.0453199
12.59 -0.0458459
12.6 -0.0462716
12.61 -0.046594
12.62 -0.0468104
12.63 -0.0469186
12.64 -0.0469167
12.65 -0.0468034
12.66 -0.0465777
12.67 -0.0462391
12.68 -0.0457878
12.69 -0.0452246
12.7 -0.0445506
12.71 -0.0437679
12.72 -0.0428787
12.73 -0.0418854
12.74 -0.0407909
12.75 -0.0395982
12.76 -0.0383101
12.77 -0.0369299
12.78 -0.0354606
12.79 -0.0339053
12.8 -0.0322673
12.81 -0.0305499
12.82 -0.0287566
12.83 -0.0268911
12.84 -0.0249574
12.85 -0.0229594
12.86 -0.020901
12.87 -0.0187862
12.88 -0.0166188
12.89 -0.0144022
12.9 -0.01214
12.91 -0.00983522
12.92 -0.00749115
12.93 -0.00511108
12.94 -0.00269839
12.95 -0.00025662
12.96 0.00221053
12.97 0.00469925
12.98 0.0072056
12.99 0.00972563
13 0.0122553
13.01 0.0147907
13.02 0.0173281
13.03 0.0198639
13.04 0.0223947
13.05 0.0249173
13.06 0.0274283
13.07 0.0299242
13.08 0.0324015
13.09 0.0348563
13.1 0.0372846
13.11 0.0396822
13.12 0.0420445
13.13 0.0443673
13.14 0.0466461
13.15 0.0488769
13.16 0.0510559
13.17 0.0531795
13.18 0.0552448
13.19 0.0572486
13.2 0.0591884
13.21 0.0610617
13.22 0.062866
13.23 0.064599
13.24 0.0662584
13.25 0.0678419
13.26 0.0693473
13.27 0.0707724
13.28 0.0721151
13.29 0.0733732
13.3 0.0745444
13.31 0.0756266
13.32 0.0766176
13.33 0.0775149
13.34 0.0783162
13.35 0.0790193
13.36 0.079622
13.37 0.0801225
13.38 0.0805193
13.39 0.0808111
13.4 0.0809969
13.41 0.0810763
13.42 0.0810489
13.43 0.080915
13.44 0.080675
13.45 0.0803301
13.46 0.0798813
13.47 0.0793306
13.48 0.0786797
13.49 0.0779311
13.5 0.0770871
13.51 0.0761505
13.52 0.0751241
13.53 0.0740111
13.54 0.0728146
13.55 0.0715382
13.56 0.0701856
13.57 0.0687605
13.58 0.0672668
13.59 0.0657079
13.6 0.0640875
13.61 0.062409
13.62 0.0606757
13.63 0.0588912
13.64 0.0570588
13.65 0.0551821
13.66 0.0532646
13.67 0.0513099
13.68 0.0493217
13.69 0.0473033
13.7 0.0452581
13.71 0.0431893
13.72 0.0410999
13.73 0.0389929
13.74 0.0368708
13.75 0.0347361
13.76 0.0325908
13.77 0.0304367
13.78 0.0282751
13.79 0.0261069
13.8 0.0239326
13.81 0.0217524
13.82 0.0195656
13.83 0.0173718
13.84 0.0151706
13.85 0.0129624
13.86 0.0107483
13.87 0.00852996
13.88 0.00630916
13.89 0.00408775
13.9 0.00186751
13.91 -0.000349758
13.92 -0.00256225
13.93 -0.00476817
13.94 -0.00696582
13.95 -0.0091535
13.96 -0.0113295
13.97 -0.0134922
13.98 -0.0156398
13.99 -0.0177706
14 -0.0198831
14.01 -0.0219757
14.02 -0.0240471
14.03 -0.0260959
14.04 -0.0281205
14.05 -0.0301195
14.06 -0.0320916
14.07 -0.0340354
14.08 -0.03595
14.09 -0.0378345
14.1 -0.0396884
14.11 -0.0415114
14.12 -0.0433039
14.13 -0.0450661
14.14 -0.0467991
14.15 -0.0485042
14.16 -0.0501828
14.17 -0.0518368
14.18 -0.0534681
14.19 -0.0550783
14.2 -0.0566693
14.21 -0.0582429
14.22 -0.0598008
14.23 -0.0613448
14.24 -0.0628769
14.25 -0.0643993
14.26 -0.065914
14.27 -0.0674234
14.28 -0.0689295
14.29 -0.0704344
14.3 -0.0719399
14.31 -0.0734474
14.32 -0.0749579
14.33 -0.076472
14.34 -0.0779902
14.35 -0.0795124
14.36 -0.0810391
14.37 -0.0825705
14.38 -0.0841072
14.39 -0.0856502
14.4 -0.0872002
14.41 -0.0887582
14.42 -0.0903251
14.43 -0.0919017
14.44 -0.0934885
14.45 -0.0950856
14.46 -0.0966924
14.47 -0.098308
14.48 -0.099931
14.49 -0.10156
14.5 -0.103193
14.51 -0.104829
14.52 -0.106466
14.53 -0.108102
14.54 -0.109736
14.55 -0.111367
14.56 -0.112994
14.57 -0.114616
14.58 -0.116231
14.59 -0.117839
14.6 -0.119437
14.61 -0.121026
14.62 -0.122602
14.63 -0.124164
14.64 -0.125708
14.65 -0.127231
14.66 -0.128726
14.67 -0.130189
14.68 -0.131615
14.69 -0.132996
14.7 -0.134329
14.71 -0.135609
14.72 -0.136829
14.73 -0.137986
14.74 -0.139072
14.75 -0.14008
14.76 -0.141002
14.77 -0.141831
14.78 -0.142559
14.79 -0.143179
14.8 -0.143684
14.81 -0.144067
14.82 -0.144322
14.83 -0.14444
14.84 -0.144417
14.85 -0.144246
14.86 -0.143922
14.87 -0.143439
14.88 -0.142792
14.89 -0.141976
14.9 -0.140986
14.91 -0.139816
14.92 -0.138462
14.93 -0.13692
14.94 -0.135185
14.95 -0.133253
14.96 -0.13112
14.97 -0.128783
14.98 -0.12624
14.99 -0.123489
15 -0.120531
15.01 -0.117369
15.02 -0.114005
15.03 -0.110447
15.04 -0.1067
15.05 -0.102772
15.06 -0.098672
15.07 -0.09441
15.08 -0.0899965
15.09 -0.0854423
15.1 -0.0807584
15.11 -0.0759558
15.12 -0.0710459
15.13 -0.0660402
15.14 -0.0609503
15.15 -0.055788
15.16 -0.0505648
15.17 -0.0452917
15.18 -0.0399794
15.19 -0.0346382
15.2 -0.0292779
15.21 -0.023908
15.22 -0.0185385
15.23 -0.0131794
15.24 -0.00784089
15.25 -0.00253336
15.26 0.00273246
15.27 0.00794537
15.28 0.0130939
15.29 0.0181666
15.3 0.0231526
15.31 0.0280416
15.32 0.0328241
15.33 0.0374914
15.34 0.0420353
15.35 0.0464479
15.36 0.0507212
15.37 0.0548474
15.38 0.0588187
15.39 0.0626276
15.4 0.0662673
15.41 0.0697312
15.42 0.0730135
15.43 0.0761093
15.44 0.0790143
15.45 0.0817249
15.46 0.0842382
15.47 0.0865525
15.48 0.0886666
15.49 0.0905808
15.5 0.0922963
15.51 0.0938158
15.52 0.0951429
15.53 0.0962817
15.54 0.0972368
15.55 0.0980129
15.56 0.0986151
15.57 0.0990485
15.58 0.0993187
15.59 0.0994312
15.6 0.099392
15.61 0.0992071
15.62 0.0988828
15.63 0.0984256
15.64 0.0978421
15.65 0.0971392
15.66 0.096324
15.67 0.0954037
15.68 0.0943855
15.69 0.0932767
15.7 0.0920847
15.71 0.0908169
15.72 0.0894807
15.73 0.0880839
15.74 0.0866342
15.75 0.0851396
15.76 0.083608
15.77 0.0820475
15.78 0.0804661
15.79 0.0788717
15.8 0.0772721
15.81 0.0756749
15.82 0.0740873
15.83 0.0725161
15.84 0.070968
15.85 0.0694488
15.86 0.0679643
15.87 0.0665197
15.88 0.0651203
15.89 0.063771
15.9 0.0624763
15.91 0.0612402
15.92 0.0600669
15.93 0.0589601
15.94 0.0579238
15.95 0.0569616
15.96 0.0560765
15.97 0.0552712
15.98 0.054548
15.99 0.0539084
16 0.0533534
16.01 0.0528832
16.02 0.0524972
16.03 0.0521938
16.04 0.0519704
16.05 0.0518232
16.06 0.0517478
16.07 0.0517392
16.08 0.0517924
16.09 0.0519024
16.1 0.052064
16.11 0.0522723
16.12 0.0525222
16.13 0.0528083
16.14 0.0531256
16.15 0.0534683
16.16 0.053831
16.17 0.0542079
16.18 0.0545933
16.19 0.0549811
16.2 0.0553657
16.21 0.0557414
16.22 0.0561028
16.23 0.0564451
16.24 0.0567641
16.25 0.0570566
16.26 0.05732
16.27 0.0575528
16.28 0.0577537
16.29 0.057922
16.3 0.058057
16.31 0.0581585
16.32 0.0582262
16.33 0.0582603
16.34 0.0582608
16.35 0.0582283
16.36 0.0581631
16.37 0.0580658
16.38 0.0579371
16.39 0.0577775
16.4 0.0575881
16.41 0.05737
16.42 0.057124
16.43 0.0568512
16.44 0.0565525
16.45 0.0562287
16.46 0.0558809
16.47 0.0555098
16.48 0.0551166
16.49 0.054702
16.5 0.054267
16.51 0.0538125
16.52 0.0533395
16.53 0.0528489
16.54 0.0523418
16.55 0.0518193
16.56 0.0512822
16.57 0.0507315
16.58 0.0501679
16.59 0.0495921
16.6 0.0490045
16.61 0.0484054
16.62 0.0477948
16.63 0.0471724
16.64 0.0465374
16.65 0.0458889
16.66 0.0452256
16.67 0.0445458
16.68 0.0438473
16.69 0.0431278
16.7 0.0423846
16.71 0.0416151
16.72 0.040817
16.73 0.0399885
16.74 0.0391284
16.75 0.0382361
16.76 0.0373112
16.77 0.0363538
16.78 0.0353641
16.79 0.0343427
16.8 0.0332905
16.81 0.0322084
16.82 0.0310978
16.83 0.0299599
16.84 0.0287962
16.85 0.0276083
16.86 0.0263978
16.87 0.0251662
16.88 0.0239148
16.89 0.0226449
16.9 0.0213575
16.91 0.0200535
16.92 0.0187337
16.93 0.0173991
16.94 0.0160505
16.95 0.0146892
16.96 0.0133161
16.97 0.0119326
16.98 0.01054
16.99 0.00913978
17 0.00773354
17.01 0.00632285
17.02 0.00490936
17.03 0.0034947
17.04 0.00208038
17.05 0.000667862
17.06 -0.000741417
17.07 -0.00214594
17.08 -0.00354413
17.09 -0.00493445
17.1 -0.00631539
17.11 -0.00768553
17.12 -0.00904346
17.13 -0.0103878
17.14 -0.011717
17.15 -0.0130298
17.16 -0.0143248
17.17 -0.0156006
17.18 -0.0168561
17.19 -0.0180898
17.2 -0.0193006
17.21 -0.0204871
17.22 -0.0216481
17.23 -0.0227823
17.24 -0.0238887
17.25 -0.0249661
17.26 -0.0260136
17.27 -0.0270305
17.28 -0.0280162
17.29 -0.0289701
17.3 -0.0298919
17.31 -0.0307813
17.32 -0.0316379
17.33 -0.0324616
17.34 -0.0332522
17.35 -0.0340099
17.36 -0.0347351
17.37 -0.0354284
17.38 -0.0360912
17.39 -0.0367251
17.4 -0.0373322
17.41 -0.0379152
17.42 -0.0384771
17.43 -0.0390214
17.44 -0.0395512
17.45 -0.0400693
17.46 -0.0405782
17.47 -0.0410798
17.48 -0.0415754
17.49 -0.042066
17.5 -0.0425524
17.51 -0.0430356
17.52 -0.0435164
17.53 -0.0439958
17.54 -0.0444749
17.55 -0.0449546
17.56 -0.0454357
17.57 -0.0459187
17.58 -0.0464039
17.59 -0.0468914
17.6 -0.0473809
17.61 -0.0478714
17.62 -0.0483618
17.63 -0.0488504
17.64 -0.0493352
17.65 -0.0498136
17.66 -0.0502831
17.67 -0.0507405
17.68 -0.051183
17.69 -0.051607
17.7 -0.0520096
17.71 -0.0523875
17.72 -0.0527383
17.73 -0.0530597
17.74 -0.0533498
17.75 -0.0536069
17.76 -0.053829
17.77 -0.0540141
17.78 -0.0541595
17.79 -0.0542624
17.8 -0.0543195
17.81 -0.0543274
17.82 -0.0542828
17.83 -0.0541822
17.84 -0.0540226
17.85 -0.053801
17.86 -0.0535143
17.87 -0.0531598
17.88 -0.0527354
17.89 -0.0522389
17.9 -0.0516691
17.91 -0.0510253
17.92 -0.0503074
17.93 -0.0495157
17.94 -0.0486508
17.95 -0.0477136
17.96 -0.0467051
17.97 -0.0456269
17.98 -0.0444806
17.99 -0.0432679
18 -0.0419909
18.01 -0.0406517
18.02 -0.0392524
18.03 -0.0377953
18.04 -0.0362827
18.05 -0.0347168
18.06 -0.0330999
18.07 -0.0314343
18.08 -0.0297224
18.09 -0.0279666
18.1 -0.0261695
18.11 -0.0243338
18.12 -0.0224621
18.13 -0.0205573
18.14 -0.0186219
18.15 -0.0166584
18.16 -0.0146693
18.17 -0.0126568
18.18 -0.010623
18.19 -0.00856983
18.2 -0.00649912
18.21 -0.00441254
18.22 -0.00231175
18.23 -0.000198465
18.24 0.00192548
18.25 0.00405816
18.26 0.00619751
18.27 0.00834143
18.28 0.0104879
18.29 0.0126349
18.3 0.0147804
18.31 0.0169226
18.32 0.0190597
18.33 0.0211899
18.34 0.0233115
18.35 0.0254225
18.36 0.027521
18.37 0.0296049
18.38 0.031672
18.39 0.0337202
18.4 0.0357473
18.41 0.0377515
18.42 0.039731
18.43 0.0416844
18.44 0.0436104
18.45 0.0455082
18.46 0.0473771
18.47 0.0492169
18.48 0.0510272
18.49 0.0528081
18.5 0.0545594
18.51 0.056281
18.52 0.0579725
18.53 0.0596335
18.54 0.0612632
18.55 0.0628608
18.56 0.0644251
18.57 0.0659551
18.58 0.0674494
18.59 0.0689069
18.6 0.0703264
18.61 0.0717067
18.62 0.0730471
18.63 0.0743465
18.64 0.0756042
18.65 0.0768194
18.66 0.0779912
18.67 0.0791184
18.68 0.0801996
18.69 0.0812326
18.7 0.0822146
18.71 0.0831418
18.72 0.0840099
18.73 0.0848137
18.74 0.0855478
18.75 0.086207
18.76 0.0867861
18.77 0.0872802
18.78 0.0876847
18.79 0.0879949
18.8 0.0882063
18.81 0.0883144
18.82 0.0883149
18.83 0.0882036
18.84 0.0879762
18.85 0.0876287
18.86 0.087157
18.87 0.0865573
18.88 0.085826
18.89 0.0849599
18.9 0.0839562
18.91 0.0828126
18.92 0.0815278
18.93 0.0801012
18.94 0.078533
18.95 0.076824
18.96 0.0749752
18.97 0.0729879
18.98 0.0708634
18.99 0.068603
19 0.0662078
19.01 0.0636788
19.02 0.0610168
19.03 0.0582224
19.04 0.0552965
19.05 0.0522402
19.06 0.049055
19.07 0.0457431
19.08 0.0423068
19.09 0.0387494
19.1 0.0350743
19.11 0.0312852
19.12 0.0273857
19.13 0.0233795
19.14 0.01927
19.15 0.0150608
19.16 0.0107557
19.17 0.00635912
19.18 0.00187615
19.19 -0.00268718
19.2 -0.00732395
19.21 -0.0120264
19.22 -0.0167861
19.23 -0.021594
19.24 -0.0264409
19.25 -0.0313175
19.26 -0.0362153
19.27 -0.0411262
19.28 -0.046043
19.29 -0.0509586
19.3 -0.0558659
19.31 -0.0607576
19.32 -0.0656261
19.33 -0.0704635
19.34 -0.0752616
19.35 -0.0800116
19.36 -0.0847045
19.37 -0.0893312
19.38 -0.0938823
19.39 -0.098349
19.4 -0.102722
19.41 -0.106994
19.42 -0.111155
19.43 -0.115198
19.44 -0.119114
19.45 -0.122895
19.46 -0.126533
19.47 -0.130022
19.48 -0.133354
19.49 -0.136521
19.5 -0.139519
19.51 -0.142339
19.52 -0.144978
19.53 -0.147429
19.54 -0.149688
19.55 -0.151752
19.56 -0.153616
19.57 -0.155278
19.58 -0.156737
19.59 -0.157991
19.6 -0.159038
19.61 -0.159879
19.62 -0.160512
19.63 -0.160938
19.64 -0.161157
19.65 -0.161169
19.66 -0.160977
19.67 -0.16058
19.68 -0.159981
19.69 -0.159182
19.7 -0.158185
19.71 -0.156994
19.72 -0.155611
19.73 -0.15404
19.74 -0.152285
19.75 -0.150349
19.76 -0.148237
19.77 -0.145952
19.78 -0.143497
19.79 -0.140877
19.8 -0.138096
19.81 -0.135159
19.82 -0.132069
19.83 -0.128832
19.84 -0.125452
19.85 -0.121937
19.86 -0.118291
19.87 -0.11452
19.88 -0.110632
19.89 -0.106632
19.9 -0.102528
19.91 -0.0983254
19.92 -0.0940317
19.93 -0.0896531
19.94 -0.0851961
19.95 -0.0806672
19.96 -0.0760733
19.97 -0.0714212
19.98 -0.0667182
19.99 -0.0619719
20 -0.05719
20.01 -0.0523803
20.02 -0.0475507
20.03 -0.0427091
20.04 -0.0378627
20.05 -0.0330185
20.06 -0.0281828
20.07 -0.0233614
20.08 -0.0185596
20.09 -0.0137823
20.1 -0.0090338
20.11 -0.00431789
20.12 0.000361687
20.13 0.00500124
20.14 0.00959707
20.15 0.0141455
20.16 0.018643
20.17 0.0230859
20.18 0.0274705
20.19 0.0317927
20.2 0.0360487
20.21 0.0402341
20.22 0.0443445
20.23 0.0483756
20.24 0.0523233
20.25 0.0561836
20.26 0.0599526
20.27 0.0636262
20.28 0.0672004
20.29 0.0706712
20.3 0.0740343
20.31 0.0772856
20.32 0.080421
20.33 0.0834362
20.34 0.0863271
20.35 0.08909
20.36 0.0917213
20.37 0.0942176
20.38 0.0965765
20.39 0.0987958
20.4 0.100874
20.41 0.10281
20.42 0.104604
20.43 0.106256
20.44 0.107765
20.45 0.109133
20.46 0.110361
20.47 0.111449
20.48 0.112398
20.49 0.11321
20.5 0.113886
20.51 0.114428
20.52 0.114838
20.53 0.115119
20.54 0.115273
20.55 0.115302
20.56 0.115209
20.57 0.114997
20.58 0.114668
20.59 0.114225
20.6 0.113669
20.61 0.113003
20.62 0.112226
20.63 0.111342
20.64 0.110351
20.65 0.109254
20.66 0.108053
20.67 0.106751
20.68 0.105347
20.69 0.103846
20.7 0.102249
20.71 0.100559
20.72 0.0987787
20.73 0.0969111
20.74 0.0949594
20.75 0.0929266
20.76 0.0908162
20.77 0.0886315
20.78 0.0863761
20.79 0.084054
20.8 0.0816696
20.81 0.0792276
20.82 0.0767333
20.83 0.0741924
20.84 0.0716109
20.85 0.0689949
20.86 0.06635
20.87 0.0636818
20.88 0.0609957
20.89 0.0582966
20.9 0.055589
20.91 0.0528774
20.92 0.050166
20.93 0.0474592
20.94 0.044761
20.95 0.0420755
20.96 0.0394068
20.97 0.0367583
20.98 0.0341332
20.99 0.0315345
21 0.0289647
21.01 0.0264256
21.02 0.0239188
21.03 0.0214453
21.04 0.019006
21.05 0.0166014
21.06 0.0142323
21.07 0.0118994
21.08 0.00960316
21.09 0.00734428
21.1 0.00512322
21.11 0.00294062
21.12 0.000797358
21.13 -0.00130539
21.14 -0.0033662
21.15 -0.00538351
21.16 -0.00735567
21.17 -0.00928109
21.18 -0.0111582
21.19 -0.0129854
21.2 -0.0147614
21.21 -0.0164848
21.22 -0.0181542
21.23 -0.0197686
21.24 -0.0213267
21.25 -0.0228273
21.26 -0.0242693
21.27 -0.0256511
21.28 -0.0269714
21.29 -0.0282284
21.3 -0.0294204
21.31 -0.0305459
21.32 -0.0316031
21.33 -0.0325907
21.34 -0.0335077
21.35 -0.0343532
21.36 -0.0351268
21.37 -0.0358284
21.38 -0.0364581
21.39 -0.0370164
21.4 -0.0375043
21.41 -0.0379229
21.42 -0.0382739
21.43 -0.0385586
21.44 -0.038779
21.45 -0.0389366
21.46 -0.0390332
21.47 -0.0390702
21.48 -0.0390492
21.49 -0.0389717
21.5 -0.0388394
21.51 -0.038654
21.52 -0.0384173
21.53 -0.038131
21.54 -0.0377969
21.55 -0.037417
21.56 -0.036993
21.57 -0.036527
21.58 -0.0360213
21.59 -0.0354784
21.6 -0.0349008
21.61 -0.0342914
21.62 -0.0336531
21.63 -0.0329882
21.64 -0.0322994
21.65 -0.0315887
21.66 -0.0308578
21.67 -0.0301083
21.68 -0.0293415
21.69 -0.0285587
21.7 -0.027761
21.71 -0.0269499
21.72 -0.0261265
21.73 -0.0252921
21.74 -0.024448
21.75 -0.0235949
21.76 -0.0227338
21.77 -0.0218649
21.78 -0.0209888
21.79 -0.0201054
21.8 -0.019215
21.81 -0.0183179
21.82 -0.0174145
21.83 -0.0165057
21.84 -0.0155925
21.85 -0.0146764
21.86 -0.013759
21.87 -0.012842
21.88 -0.0119275
21.89 -0.0110177
21.9 -0.0101148
21.91 -0.00922086
21.92 -0.0083379
21.93 -0.00746775
21.94 -0.00661201
21.95 -0.00577207
21.96 -0.0049493
21.97 -0.00414521
21.98 -0.00336149
21.99 -0.00260016
22 -0.00186358
22.01 -0.00115449
22.02 -0.000475866
22.03 0.0001692
22.04 0.000777758
22.05 0.00134726
22.06 0.00187584
22.07 0.00236238
22.08 0.0028064
22.09 0.00320779
22.1 0.00356672
22.11 0.0038836
22.12 0.00415907
22.13 0.00439384
22.14 0.00458868
22.15 0.00474431
22.16 0.00486129
22.17 0.00494012
22.18 0.00498116
22.19 0.00498476
22.2 0.0049513
22.21 0.00488134
22.22 0.00477562
22.23 0.00463518
22.24 0.00446122
22.25 0.00425515
22.26 0.00401843
22.27 0.00375259
22.28 0.00345914
22.29 0.00313946
22.3 0.00279471
22.31 0.00242571
22.32 0.00203294
22.33 0.00161661
22.34 0.00117674
22.35 0.000713215
22.36 0.000225879
22.37 -0.00028539
22.38 -0.000820591
22.39 -0.00137957
22.4 -0.00196199
22.41 -0.00256733
22.42 -0.00319482
22.43 -0.0038435
22.44 -0.00451227
22.45 -0.0051999
22.46 -0.00590492
22.47 -0.00662559
22.48 -0.0073599
22.49 -0.00810557
22.5 -0.00886013
22.51 -0.0096208
22.52 -0.0103845
22.53 -0.0111481
22.54 -0.0119081
22.55 -0.0126611
22.56 -0.0134039
22.57 -0.0141329
22.58 -0.0148445
22.59 -0.0155355
22.6 -0.0162022
22.61 -0.0168412
22.62 -0.0174493
22.63 -0.0180233
22.64 -0.0185602
22.65 -0.0190574
22.66 -0.0195125
22.67 -0.0199236
22.68 -0.0202891
22.69 -0.0206078
22.7 -0.0208785
22.71 -0.0211001
22.72 -0.0212712
22.73 -0.0213907
22.74 -0.0214573
22.75 -0.0214698
22.76 -0.0214272
22.77 -0.0213285
22.78 -0.0211731
22.79 -0.0209605
22.8 -0.0206902
22.81 -0.020362
22.82 -0.0199757
22.83 -0.0195312
22.84 -0.0190287
22.85 -0.0184684
22.86 -0.0178505
22.87 -0.0171757
22.88 -0.0164445
22.89 -0.0156578
22.9 -0.0148168
22.91 -0.0139229
22.92 -0.0129776
22.93 -0.011983
22.94 -0.0109411
22.95 -0.00985435
22.96 -0.00872541
22.97 -0.00755712
22.98 -0.00635237
22.99 -0.00511389
23 -0.00384402
23.01 -0.00254473
23.02 -0.00121767
23.03 0.000135721
23.04 0.00151421
23.05 0.00291668
23.06 0.00434205
23.07 0.00578908
23.08 0.00725626
23.09 0.00874166
23.1 0.0102431
23.11 0.0117584
23.12 0.0132851
23.13 0.0148209
23.14 0.0163634
23.15 0.0179104
23.16 0.0194595
23.17 0.0210086
23.18 0.0225555
23.19 0.024098
23.2 0.0256342
23.21 0.0271623
23.22 0.0286802
23.23 0.0301861
23.24 0.031678
23.25 0.0331541
23.26 0.0346124
23.27 0.0360511
23.28 0.0374684
23.29 0.0388628
23.3 0.0402327
23.31 0.0415769
23.32 0.0428942
23.33 0.0441832
23.34 0.0454428
23.35 0.0466718
23.36 0.0478687
23.37 0.0490323
23.38 0.050161
23.39 0.051253
23.4 0.0523068
23.41 0.05332
23.42 0.0542907
23.43 0.0552164
23.44 0.0560947
23.45 0.056923
23.46 0.0576987
23.47 0.0584194
23.48 0.059083
23.49 0.0596878
23.5 0.0602323
23.51 0.0607154
23.52 0.061136
23.53 0.0614933
23.54 0.0617866
23.55 0.0620152
23.56 0.0621788
23.57 0.0622769
23.58 0.0623097
23.59 0.062277
23.6 0.0621793
23.61 0.0620168
23.62 0.0617901
23.63 0.0614999
23.64 0.0611471
23.65 0.0607328
23.66 0.0602582
23.67 0.0597244
23.68 0.0591328
23.69 0.0584844
23.7 0.0577802
23.71 0.0570214
23.72 0.0562086
23.73 0.0553427
23.74 0.0544244
23.75 0.053454
23.76 0.0524319
23.77 0.051358
23.78 0.0502321
23.79 0.0490534
23.8 0.0478212
23.81 0.0465345
23.82 0.0451929
23.83 0.0437955
23.84 0.042342
23.85 0.0408321
23.86 0.0392655
23.87 0.0376422
23.88 0.0359621
23.89 0.0342254
23.9 0.0324321
23.91 0.0305823
23.92 0.0286758
23.93 0.0267125
23.94 0.0246924
23.95 0.0226158
23.96 0.0204829
23.97 0.0182946
23.98 0.0160522
23.99 0.0137574
24 0.0114126
24.01 0.00902077
24.02 0.00658515
24.03 0.00410948
24.04 0.00159802
24.05 -0.000944312
24.06 -0.00351197
24.07 -0.00609883
24.08 -0.00869843
24.09 -0.0113043
24.1 -0.0139099
24.11 -0.016509
24.12 -0.0190957
24.13 -0.0216646
24.14 -0.0242106
24.15 -0.0267295
24.16 -0.0292176
24.17 -0.0316716
24.18 -0.0340883
24.19 -0.036465
24.2 -0.0387989
24.21 -0.0410873
24.22 -0.0433278
24.23 -0.0455182
24.24 -0.0476565
24.25 -0.0497407
24.26 -0.051769
24.27 -0.0537401
24.28 -0.0556526
24.29 -0.0575056
24.3 -0.0592984
24.31 -0.0610308
24.32 -0.0627025
24.33 -0.0643131
24.34 -0.0658621
24.35 -0.0673483
24.36 -0.0687702
24.37 -0.0701258
24.38 -0.0714133
24.39 -0.0726305
24.4 -0.0737753
24.41 -0.0748456
24.42 -0.0758396
24.43 -0.0767556
24.44 -0.0775923
24.45 -0.0783485
24.46 -0.0790234
24.47 -0.079616
24.48 -0.0801254
24.49 -0.0805509
24.5 -0.0808917
24.51 -0.0811471
24.52 -0.0813166
24.53 -0.0813998
24.54 -0.0813966
24.55 -0.0813071
24.56 -0.0811315
24.57 -0.0808704
24.58 -0.0805247
24.59 -0.0800956
24.6 -0.0795842
24.61 -0.0789921
24.62 -0.0783207
24.63 -0.0775716
24.64 -0.0767465
24.65 -0.075847
24.66 -0.0748746
24.67 -0.0738305
24.68 -0.0727161
24.69 -0.0715324
24.7 -0.0702803
24.71 -0.0689608
24.72 -0.0675748
24.73 -0.0661232
24.74 -0.0646071
24.75 -0.0630275
24.76 -0.0613855
24.77 -0.0596822
24.78 -0.0579187
24.79 -0.0560966
24.8 -0.0542175
24.81 -0.0522834
24.82 -0.0502964
24.83 -0.048259
24.84 -0.0461738
24.85 -0.0440436
24.86 -0.0418715
24.87 -0.0396607
24.88 -0.0374143
24.89 -0.035136
24.9 -0.0328295
24.91 -0.0304989
24.92 -0.0281485
24.93 -0.0257825
24.94 -0.0234057
24.95 -0.0210224
24.96 -0.0186372
24.97 -0.0162549
24.98 -0.0138798
24.99 -0.0115165
25 -0.00916916
