0.01 3.17771e-09
0.02 1.53152e-08
0.03 3.78506e-08
0.04 6.84699e-08
0.05 1.04904e-07
0.06 1.44951e-07
0.07 1.86489e-07
0.08 2.27477e-07
0.09 2.65934e-07
0.1 2.99939e-07
0.11 3.27652e-07
0.12 3.47314e-07
0.13 3.57209e-07
0.14 3.55607e-07
0.15 3.40752e-07
0.16 3.10918e-07
0.17 2.64457e-07
0.18 1.99813e-07
0.19 1.1553e-07
0.2 1.0266e-08
0.21 -1.17198e-07
0.22 -2.67952e-07
0.23 -4.42969e-07
0.24 -6.43112e-07
0.25 -8.69178e-07
0.26 -1.12195e-06
0.27 -1.40224e-06
0.28 -1.71075e-06
0.29 -2.04782e-06
0.3 -2.41333e-06
0.31 -2.80661e-06
0.32 -3.22648e-06
0.33 -3.67095e-06
0.34 -4.13721e-06
0.35 -4.62184e-06
0.36 -5.12108e-06
0.37 -5.63089e-06
0.38 -6.14763e-06
0.39 -6.66875e-06
0.4 -7.19342e-06
0.41 -7.72284e-06
0.42 -8.25981e-06
0.43 -8.8081e-06
0.44 -9.37256e-06
0.45 -9.95891e-06
0.46 -1.05734e-05
0.47 -1.12221e-05
0.48 -1.19108e-05
0.49 -1.26442e-05
0.5 -1.34263e-05
0.51 -1.42603e-05
0.52 -1.5149e-05
0.53 -1.60945e-05
0.54 -1.70982e-05
0.55 -1.81612e-05
0.56 -1.92841e-05
0.57 -2.04671e-05
0.58 -2.17103e-05
0.59 -2.30135e-05
0.6 -2.43768e-05
0.61 -2.57996e-05
0.62 -2.72814e-05
0.63 -2.88216e-05
0.64 -3.04193e-05
0.65 -3.20739e-05
0.66 -3.37845e-05
0.67 -3.55509e-05
0.68 -3.73729e-05
0.69 -3.92505e-05
0.7 -4.11839e-05
0.71 -4.31728e-05
0.72 -4.52163e-05
0.73 -4.7312e-05
0.74 -4.94552e-05
0.75 -5.1639e-05
0.76 -5.3853e-05
0.77 -5.60845e-05
0.78 -5.83191e-05
0.79 -6.05432e-05
0.8 -6.27457e-05
0.81 -6.49181e-05
0.82 -6.70546e-05
0.83 -6.91509e-05
0.84 -7.12047e-05
0.85 -7.32174e-05
0.86 -7.51927e-05
0.87 -7.71335e-05
0.88 -7.90376e-05
0.89 -8.08974e-05
0.9 -8.27019e-05
0.91 -8.44385e-05
0.92 -8.60942e-05
0.93 -8.76579e-05
0.94 -8.91226e-05
0.95 -9.04873e-05
0.96 -9.1757e-05
0.97 -9.29423e-05
0.98 -9.40548e-05
0.99 -9.51011e-05
1 -9.60818e-05
1.01 -9.69917e-05
1.02 -9.78197e-05
1.03 -9.85501e-05
1.04 -9.91648e-05
1.05 -9.96457e-05
1.06 -9.99779e-05
1.07 -0.000100151
1.08 -0.00010016
1.09 -9.99968e-05
1.1 -9.96568e-05
1.11 -9.91351e-05
1.12 -9.8427e-05
1.13 -9.75261e-05
1.14 -9.64251e-05
1.15 -9.51167e-05
1.16 -9.35959e-05
1.17 -9.18623e-05
1.18 -8.99225e-05
1.19 -8.77882e-05
1.2 -8.54729e-05
1.21 -8.29937e-05
1.22 -8.03719e-05
1.23 -7.76311e-05
1.24 -7.47909e-05
1.25 -7.18596e-05
1.26 -6.88291e-05
1.27 -6.56801e-05
1.28 -6.23915e-05
1.29 -5.89432e-05
1.3 -5.53168e-05
1.31 -5.15006e-05
1.32 -4.7492e-05
1.33 -4.32949e-05
1.34 -3.89144e-05
1.35 -3.43533e-05
1.36 -2.96117e-05
1.37 -2.46872e-05
1.38 -1.95756e-05
1.39 -1.42717e-05
1.4 -8.77197e-06
1.41 -3.07717e-06
1.42 2.80359e-06
1.43 8.84872e-06
1.44 1.50203e-05
1.45 2.1262e-05
1.46 2.75007e-05
1.47 3.36527e-05
1.48 3.96311e-05
1.49 4.53465e-05
1.5 5.07109e-05
1.51 5.56419e-05
1.52 6.00653e-05
1.53 6.39222e-05
1.54 6.71769e-05
1.55 6.98247e-05
1.56 7.18945e-05
1.57 7.34389e-05
1.58 7.45265e-05
1.59 7.52346e-05
1.6 7.5637e-05
1.61 7.57975e-05
1.62 7.57727e-05
1.63 7.56108e-05
1.64 7.53521e-05
1.65 7.50298e-05
1.66 7.46669e-05
1.67 7.42752e-05
1.68 7.38566e-05
1.69 7.34098e-05
1.7 7.29333e-05
1.71 7.24254e-05
1.72 7.18856e-05
1.73 7.13157e-05
1.74 7.07243e-05
1.75 7.013e-05
1.76 6.95573e-05
1.77 6.90288e-05
1.78 6.85702e-05
1.79 6.82153e-05
1.8 6.80034e-05
1.81 6.79751e-05
1.82 6.81713e-05
1.83 6.86321e-05
1.84 6.93859e-05
1.85 7.04443e-05
1.86 7.18063e-05
1.87 7.34684e-05
1.88 7.54301e-05
1.89 7.76947e-05
1.9 8.02698e-05
1.91 8.3167e-05
1.92 8.64015e-05
1.93 8.99909e-05
1.94 9.39411e-05
1.95 9.82304e-05
1.96 0.000102809
1.97 0.000107604
1.98 0.000112522
1.99 0.000117466
2 0.000122349
2.01 0.000127116
2.02 0.000131748
2.03 0.000136253
2.04 0.000140669
2.05 0.000145052
2.06 0.000149465
2.07 0.000153969
2.08 0.000158605
2.09 0.000163386
2.1 0.000168294
2.11 0.000173281
2.12 0.000178266
2.13 0.000183135
2.14 0.000187749
2.15 0.000191956
2.16 0.000195593
2.17 0.000198499
2.18 0.000200509
2.19 0.000201451
2.2 0.000201139
2.21 0.000199379
2.22 0.000195979
2.23 0.000190756
2.24 0.000183541
2.25 0.000174178
2.26 0.000162522
2.27 0.000148472
2.28 0.000131972
2.29 0.000113003
2.3 9.15778e-05
2.31 6.77386e-05
2.32 4.1568e-05
2.33 1.31985e-05
2.34 -1.71813e-05
2.35 -4.93327e-05
2.36 -8.29749e-05
2.37 -0.000117797
2.38 -0.000153468
2.39 -0.000189632
2.4 -0.000225933
2.41 -0.000262051
2.42 -0.000297721
2.43 -0.00033272
2.44 -0.000366843
2.45 -0.000399902
2.46 -0.000431726
2.47 -0.000462173
2.48 -0.000491131
2.49 -0.000518504
2.5 -0.000544195
2.51 -0.000568093
2.52 -0.000590072
2.53 -0.000610003
2.54 -0.000627763
2.55 -0.000643221
2.56 -0.000656257
2.57 -0.000666778
2.58 -0.000674744
2.59 -0.000680173
2.6 -0.000683134
2.61 -0.000683733
2.62 -0.000682087
2.63 -0.000678312
2.64 -0.000672505
2.65 -0.000664747
2.66 -0.0006551
2.67 -0.000643615
2.68 -0.000630339
2.69 -0.000615329
2.7 -0.000598659
2.71 -0.00058041
2.72 -0.000560662
2.73 -0.000539501
2.74 -0.000516993
2.75 -0.000493184
2.76 -0.000468114
2.77 -0.00044182
2.78 -0.000414311
2.79 -0.000385559
2.8 -0.000355502
2.81 -0.000324047
2.82 -0.000291109
2.83 -0.000256632
2.84 -0.000220602
2.85 -0.000183044
2.86 -0.00014402
2.87 -0.000103632
2.88 -6.20415e-05
2.89 -1.94562e-05
2.9 2.38899e-05
2.91 6.77476e-05
2.92 0.000111851
2.93 0.000155924
2.94 0.000199697
2.95 0.000242908
2.96 0.000285315
2.97 0.000326721
2.98 0.000366992
2.99 0.000406038
3 0.000443805
3.01 0.000480264
3.02 0.000515389
3.03 0.000549139
3.04 0.000581451
3.05 0.000612234
3.06 0.000641361
3.07 0.000668663
3.08 0.000693936
3.09 0.000716956
3.1 0.00073751
3.11 0.000755429
3.12 0.0007706
3.13 0.000782984
3.14 0.000792605
3.15 0.000799515
3.16 0.000803791
3.17 0.000805532
3.18 0.000804861
3.19 0.000801903
3.2 0.000796765
3.21 0.000789548
3.22 0.000780386
3.23 0.000769451
3.24 0.00075696
3.25 0.00074316
3.26 0.000728321
3.27 0.00071275
3.28 0.000696804
3.29 0.000680861
3.3 0.00066528
3.31 0.000650427
3.32 0.00063667
3.33 0.000624331
3.34 0.000613645
3.35 0.000604729
3.36 0.000597567
3.37 0.000592026
3.38 0.000587862
3.39 0.00058473
3.4 0.000582194
3.41 0.000579745
3.42 0.000576833
3.43 0.000572909
3.44 0.000567437
3.45 0.000559908
3.46 0.000549846
3.47 0.000536856
3.48 0.000520665
3.49 0.000501146
3.5 0.000478311
3.51 0.000452292
3.52 0.000423338
3.53 0.000391791
3.54 0.00035806
3.55 0.000322562
3.56 0.00028567
3.57 0.000247697
3.58 0.000208945
3.59 0.000169714
3.6 0.000130261
3.61 9.07828e-05
3.62 5.1421e-05
3.63 1.22661e-05
3.64 -2.66492e-05
3.65 -6.53458e-05
3.66 -0.0001039
3.67 -0.000142459
3.68 -0.000181236
3.69 -0.000220492
3.7 -0.000260482
3.71 -0.000301438
3.72 -0.000343593
3.73 -0.000387151
3.74 -0.000432265
3.75 -0.000479044
3.76 -0.00052757
3.77 -0.000577882
3.78 -0.000629981
3.79 -0.000683832
3.8 -0.00073936
3.81 -0.000796422
3.82 -0.000854825
3.83 -0.000914346
3.84 -0.000974736
3.85 -0.00103573
3.86 -0.00109709
3.87 -0.00115865
3.88 -0.00122037
3.89 -0.00128229
3.9 -0.0013446
3.91 -0.00140757
3.92 -0.00147161
3.93 -0.00153719
3.94 -0.00160481
3.95 -0.001675
3.96 -0.00174825
3.97 -0.00182499
3.98 -0.00190556
3.99 -0.00199011
4 -0.00207867
4.01 -0.00217111
4.02 -0.00226716
4.03 -0.00236642
4.04 -0.0024684
4.05 -0.00257245
4.06 -0.00267785
4.07 -0.00278371
4.08 -0.00288903
4.09 -0.00299269
4.1 -0.00309347
4.11 -0.00319013
4.12 -0.00328151
4.13 -0.00336662
4.14 -0.00344468
4.15 -0.00351513
4.16 -0.00357777
4.17 -0.00363271
4.18 -0.00368034
4.19 -0.00372128
4.2 -0.00375635
4.21 -0.00378651
4.22 -0.00381275
4.23 -0.00383606
4.24 -0.00385729
4.25 -0.00387718
4.26 -0.00389644
4.27 -0.00391567
4.28 -0.00393536
4.29 -0.00395585
4.3 -0.00397734
4.31 -0.00399989
4.32 -0.00402342
4.33 -0.00404778
4.34 -0.00407265
4.35 -0.00409761
4.36 -0.00412206
4.37 -0.00414529
4.38 -0.0041665
4.39 -0.00418484
4.4 -0.00419939
4.41 -0.00420924
4.42 -0.0042134
4.43 -0.00421092
4.44 -0.0042009
4.45 -0.00418249
4.46 -0.004155
4.47 -0.00411794
4.48 -0.00407105
4.49 -0.00401419
4.5 -0.0039473
4.51 -0.00387037
4.52 -0.0037835
4.53 -0.00368688
4.54 -0.00358085
4.55 -0.00346583
4.56 -0.00334235
4.57 -0.00321101
4.58 -0.00307248
4.59 -0.0029275
4.6 -0.00277685
4.61 -0.00262132
4.62 -0.00246167
4.63 -0.00229857
4.64 -0.00213267
4.65 -0.00196454
4.66 -0.00179467
4.67 -0.00162341
4.68 -0.00145095
4.69 -0.00127736
4.7 -0.00110264
4.71 -0.000926795
4.72 -0.000749833
4.73 -0.000571787
4.74 -0.000392716
4.75 -0.000212767
4.76 -3.21808e-05
4.77 0.000148752
4.78 0.000329706
4.79 0.000510349
4.8 0.000690342
4.81 0.000869282
4.82 0.00104671
4.83 0.0012222
4.84 0.0013953
4.85 0.00156553
4.86 0.00173236
4.87 0.00189533
4.88 0.00205403
4.89 0.00220808
4.9 0.00235712
4.91 0.00250084
4.92 0.00263902
4.93 0.00277146
4.94 0.00289802
4.95 0.00301857
4.96 0.00313299
4.97 0.00324124
4.98 0.00334334
4.99 0.00343938
5 0.00352948
5.01 0.00361381
5.02 0.00369244
5.03 0.00376538
5.04 0.00383251
5.05 0.00389358
5.06 0.00394825
5.07 0.00399601
5.08 0.00403628
5.09 0.00406841
5.1 0.00409172
5.11 0.0041055
5.12 0.00410906
5.13 0.00410181
5.14 0.00408323
5.15 0.00405297
5.16 0.00401087
5.17 0.003957
5.18 0.00389167
5.19 0.0038153
5.2 0.00372849
5.21 0.00363199
5.22 0.00352663
5.23 0.00341326
5.24 0.00329271
5.25 0.0031658
5.26 0.0030334
5.27 0.00289646
5.28 0.00275598
5.29 0.00261293
5.3 0.00246829
5.31 0.00232298
5.32 0.00217784
5.33 0.00203357
5.34 0.00189063
5.35 0.00174928
5.36 0.00160958
5.37 0.00147126
5.38 0.00133383
5.39 0.00119665
5.4 0.00105903
5.41 0.000920263
5.42 0.00077966
5.43 0.000636634
5.44 0.000490745
5.45 0.000341721
5.46 0.000189453
5.47 3.39531e-05
5.48 -0.000124702
5.49 -0.000286388
5.5 -0.000450893
5.51 -0.000617903
5.52 -0.000787044
5.53 -0.000957934
5.54 -0.00113017
5.55 -0.00130332
5.56 -0.00147691
5.57 -0.0016505
5.58 -0.00182375
5.59 -0.00199638
5.6 -0.00216817
5.61 -0.00233883
5.62 -0.00250808
5.63 -0.0026756
5.64 -0.00284104
5.65 -0.00300405
5.66 -0.00316428
5.67 -0.00332135
5.68 -0.00347486
5.69 -0.00362433
5.7 -0.00376919
5.71 -0.00390882
5.72 -0.0040425
5.73 -0.00416948
5.74 -0.004289
5.75 -0.00440028
5.76 -0.00450256
5.77 -0.00459515
5.78 -0.0046775
5.79 -0.00474919
5.8 -0.00481
5.81 -0.00485993
5.82 -0.00489921
5.83 -0.00492833
5.84 -0.00494798
5.85 -0.00495905
5.86 -0.00496255
5.87 -0.00495957
5.88 -0.00495124
5.89 -0.00493874
5.9 -0.00492318
5.91 -0.00490561
5.92 -0.00488695
5.93 -0.00486798
5.94 -0.00484934
5.95 -0.00483151
5.96 -0.00481472
5.97 -0.00479889
5.98 -0.00478367
5.99 -0.00476844
6 -0.00475241
6.01 -0.00473459
6.02 -0.00471396
6.03 -0.00468946
6.04 -0.00465998
6.05 -0.00462446
6.06 -0.00458187
6.07 -0.00453132
6.08 -0.00447212
6.09 -0.00440377
6.1 -0.00432592
6.11 -0.00423834
6.12 -0.00414095
6.13 -0.00403381
6.14 -0.00391707
6.15 -0.00379088
6.16 -0.00365536
6.17 -0.00351052
6.18 -0.00335618
6.19 -0.00319197
6.2 -0.00301741
6.21 -0.002832
6.22 -0.00263513
6.23 -0.00242618
6.24 -0.00220451
6.25 -0.00196957
6.26 -0.00172081
6.27 -0.00145772
6.28 -0.0011798
6.29 -0.000886566
6.3 -0.000577493
6.31 -0.000252041
6.32 9.03796e-05
6.33 0.000450398
6.34 0.000828657
6.35 0.0012258
6.36 0.00164241
6.37 0.00207885
6.38 0.00253516
6.39 0.00301105
6.4 0.003506
6.41 0.00401926
6.42 0.00455001
6.43 0.00509744
6.44 0.00566082
6.45 0.00623959
6.46 0.00683343
6.47 0.00744223
6.48 0.0080659
6.49 0.00870431
6.5 0.00935709
6.51 0.0100235
6.52 0.0107024
6.53 0.0113922
6.54 0.0120909
6.55 0.0127961
6.56 0.0135048
6.57 0.0142138
6.58 0.0149197
6.59 0.0156192
6.6 0.016309
6.61 0.0169861
6.62 0.0176479
6.63 0.0182922
6.64 0.0189172
6.65 0.0195212
6.66 0.0201028
6.67 0.0206604
6.68 0.0211924
6.69 0.0216975
6.7 0.0221741
6.71 0.0226207
6.72 0.023036
6.73 0.0234187
6.74 0.0237674
6.75 0.0240813
6.76 0.0243593
6.77 0.0246008
6.78 0.0248054
6.79 0.0249727
6.8 0.0251028
6.81 0.0251955
6.82 0.025251
6.83 0.0252694
6.84 0.0252505
6.85 0.0251942
6.86 0.0251005
6.87 0.0249689
6.88 0.0247991
6.89 0.0245907
6.9 0.0243435
6.91 0.0240574
6.92 0.0237327
6.93 0.02337
6.94 0.0229702
6.95 0.0225347
6.96 0.0220648
6.97 0.0215623
6.98 0.0210287
6.99 0.0204652
7 0.0198731
7.01 0.0192529
7.02 0.0186051
7.03 0.0179299
7.04 0.0172277
7.05 0.0164988
7.06 0.015744
7.07 0.0149644
7.08 0.0141615
7.09 0.0133373
7.1 0.012494
7.11 0.011634
7.12 0.0107598
7.13 0.00987362
7.14 0.00897753
7.15 0.00807305
7.16 0.00716129
7.17 0.00624302
7.18 0.00531872
7.19 0.00438874
7.2 0.00345337
7.21 0.00251292
7.22 0.00156795
7.23 0.000619256
7.24 -0.000332006
7.25 -0.00128439
7.26 -0.00223618
7.27 -0.00318555
7.28 -0.00413071
7.29 -0.00507
7.3 -0.00600204
7.31 -0.00692574
7.32 -0.00784036
7.33 -0.00874544
7.34 -0.00964067
7.35 -0.0105258
7.36 -0.0114003
7.37 -0.0122637
7.38 -0.0131149
7.39 -0.0139528
7.4 -0.0147755
7.41 -0.0155814
7.42 -0.0163685
7.43 -0.0171349
7.44 -0.017879
7.45 -0.0185994
7.46 -0.0192953
7.47 -0.0199662
7.48 -0.0206117
7.49 -0.0212323
7.5 -0.0218286
7.51 -0.0224015
7.52 -0.0229522
7.53 -0.0234822
7.54 -0.0239927
7.55 -0.0244849
7.56 -0.0249602
7.57 -0.0254197
7.58 -0.0258646
7.59 -0.0262961
7.6 -0.0267156
7.61 -0.0271243
7.62 -0.0275232
7.63 -0.027913
7.64 -0.0282938
7.65 -0.0286655
7.66 -0.0290273
7.67 -0.0293779
7.68 -0.0297155
7.69 -0.0300377
7.7 -0.0303415
7.71 -0.0306237
7.72 -0.0308811
7.73 -0.0311106
7.74 -0.0313097
7.75 -0.0314764
7.76 -0.0316092
7.77 -0.0317071
7.78 -0.0317694
7.79 -0.0317957
7.8 -0.0317859
7.81 -0.0317405
7.82 -0.0316597
7.83 -0.0315446
7.84 -0.031396
7.85 -0.0312153
7.86 -0.0310037
7.87 -0.0307627
7.88 -0.0304938
7.89 -0.0301983
7.9 -0.0298775
7.91 -0.0295325
7.92 -0.0291642
7.93 -0.0287731
7.94 -0.0283596
7.95 -0.0279239
7.96 -0.0274659
7.97 -0.0269854
7.98 -0.0264821
7.99 -0.0259554
8 -0.0254049
8.01 -0.0248303
8.02 -0.0242313
8.03 -0.0236079
8.04 -0.0229603
8.05 -0.022289
8.06 -0.0215947
8.07 -0.0208786
8.08 -0.020142
8.09 -0.0193862
8.1 -0.0186125
8.11 -0.0178222
8.12 -0.0170161
8.13 -0.0161946
8.14 -0.0153578
8.15 -0.0145057
8.16 -0.0136377
8.17 -0.0127535
8.18 -0.0118521
8.19 -0.0109331
8.2 -0.00999558
8.21 -0.00903922
8.22 -0.00806367
8.23 -0.00706883
8.24 -0.00605476
8.25 -0.0050217
8.26 -0.00397014
8.27 -0.00290083
8.28 -0.00181474
8.29 -0.000713169
8.3 0.000402267
8.31 0.00152949
8.32 0.00266587
8.33 0.00380823
8.34 0.00495289
8.35 0.00609579
8.36 0.00723268
8.37 0.00835931
8.38 0.00947168
8.39 0.0105662
8.4 0.01164
8.41 0.0126906
8.42 0.0137162
8.43 0.0147156
8.44 0.0156877
8.45 0.0166322
8.46 0.0175491
8.47 0.0184387
8.48 0.0193018
8.49 0.0201394
8.5 0.0209526
8.51 0.0217426
8.52 0.0225105
8.53 0.023257
8.54 0.0239826
8.55 0.0246873
8.56 0.0253707
8.57 0.0260321
8.58 0.0266709
8.59 0.027286
8.6 0.0278766
8.61 0.0284417
8.62 0.0289805
8.63 0.0294927
8.64 0.029978
8.65 0.0304367
8.66 0.0308691
8.67 0.0312762
8.68 0.0316589
8.69 0.0320182
8.7 0.0323554
8.71 0.0326714
8.72 0.0329673
8.73 0.0332439
8.74 0.0335019
8.75 0.0337418
8.76 0.0339638
8.77 0.0341675
8.78 0.0343527
8.79 0.0345184
8.8 0.0346636
8.81 0.0347869
8.82 0.0348869
8.83 0.0349619
8.84 0.0350103
8.85 0.0350309
8.86 0.0350225
8.87 0.034984
8.88 0.0349148
8.89 0.0348143
8.9 0.0346822
8.91 0.0345187
8.92 0.0343241
8.93 0.0340988
8.94 0.0338434
8.95 0.0335586
8.96 0.0332449
8.97 0.0329028
8.98 0.0325327
8.99 0.032135
9 0.0317098
9.01 0.0312569
9.02 0.0307761
9.03 0.0302667
9.04 0.0297279
9.05 0.0291589
9.06 0.0285588
9.07 0.027927
9.08 0.0272631
9.09 0.0265669
9.1 0.0258383
9.11 0.0250774
9.12 0.0242841
9.13 0.0234586
9.14 0.0226011
9.15 0.0217118
9.16 0.0207912
9.17 0.0198399
9.18 0.018859
9.19 0.01785
9.2 0.0168151
9.21 0.0157567
9.22 0.014678
9.23 0.0135826
9.24 0.0124745
9.25 0.0113578
9.26 0.0102362
9.27 0.00911342
9.28 0.00799252
9.29 0.00687606
9.3 0.00576612
9.31 0.00466448
9.32 0.00357281
9.33 0.00249263
9.34 0.00142539
9.35 0.000372435
9.36 -0.000664931
9.37 -0.00168548
9.38 -0.00268805
9.39 -0.00367154
9.4 -0.00463497
9.41 -0.00557763
9.42 -0.00649907
9.43 -0.00739925
9.44 -0.00827854
9.45 -0.00913781
9.46 -0.0099783
9.47 -0.0108014
9.48 -0.0116088
9.49 -0.0124016
9.5 -0.0131812
9.51 -0.0139481
9.52 -0.0147029
9.53 -0.0154455
9.54 -0.0161757
9.55 -0.0168932
9.56 -0.0175975
9.57 -0.0182886
9.58 -0.0189664
9.59 -0.0196312
9.6 -0.0202835
9.61 -0.0209239
9.62 -0.0215531
9.63 -0.0221715
9.64 -0.0227795
9.65 -0.0233768
9.66 -0.0239632
9.67 -0.0245378
9.68 -0.0250995
9.69 -0.025647
9.7 -0.0261788
9.71 -0.0266933
9.72 -0.0271891
9.73 -0.0276648
9.74 -0.0281193
9.75 -0.0285519
9.76 -0.0289619
9.77 -0.0293492
9.78 -0.0297137
9.79 -0.0300557
9.8 -0.0303757
9.81 -0.0306744
9.82 -0.0309526
9.83 -0.0312114
9.84 -0.0314521
9.85 -0.031676
9.86 -0.0318844
9.87 -0.0320787
9.88 -0.03226
9.89 -0.0324293
9.9 -0.0325875
9.91 -0.0327351
9.92 -0.0328724
9.93 -0.0329994
9.94 -0.0331159
9.95 -0.0332212
9.96 -0.0333145
9.97 -0.0333952
9.98 -0.0334626
9.99 -0.0335161
10 -0.0335557
10.01 -0.0335812
10.02 -0.0335929
10.03 -0.0335914
10.04 -0.0335774
10.05 -0.0335514
10.06 -0.033514
10.07 -0.0334656
10.08 -0.0334063
10.09 -0.0333361
10.1 -0.0332548
10.11 -0.0331622
10.12 -0.0330579
10.13 -0.0329417
10.14 -0.0328136
10.15 -0.0326737
10.16 -0.0325224
10.17 -0.0323599
10.18 -0.0321866
10.19 -0.0320027
10.2 -0.0318083
10.21 -0.0316032
10.22 -0.0313873
10.23 -0.0311602
10.24 -0.0309218
10.25 -0.0306716
10.26 -0.0304095
10.27 -0.0301354
10.28 -0.0298491
10.29 -0.0295508
10.3 -0.0292404
10.31 -0.0289181
10.32 -0.0285839
10.33 -0.0282378
10.34 -0.0278796
10.35 -0.0275093
10.36 -0.0271269
10.37 -0.0267322
10.38 -0.0263254
10.39 -0.0259063
10.4 -0.025475
10.41 -0.0250312
10.42 -0.0245748
10.43 -0.0241052
10.44 -0.0236219
10.45 -0.0231239
10.46 -0.0226103
10.47 -0.0220799
10.48 -0.0215319
10.49 -0.0209654
10.5 -0.0203799
10.51 -0.0197753
10.52 -0.0191518
10.53 -0.0185098
10.54 -0.0178502
10.55 -0.0171738
10.56 -0.0164817
10.57 -0.0157749
10.58 -0.0150545
10.59 -0.0143217
10.6 -0.0135777
10.61 -0.0128236
10.62 -0.0120606
10.63 -0.0112902
10.64 -0.0105137
10.65 -0.00973267
10.66 -0.00894879
10.67 -0.00816376
10.68 -0.00737932
10.69 -0.0065971
10.7 -0.00581857
10.71 -0.00504499
10.72 -0.00427745
10.73 -0.00351691
10.74 -0.00276419
10.75 -0.00202001
10.76 -0.00128505
10.77 -0.00055986
10.78 0.000155102
10.79 0.000859507
10.8 0.0015531
10.81 0.00223569
10.82 0.00290712
10.83 0.00356736
10.84 0.0042164
10.85 0.00485425
10.86 0.00548088
10.87 0.00609613
10.88 0.00669977
10.89 0.00729153
10.9 0.00787107
10.91 0.00843804
10.92 0.00899215
10.93 0.00953328
10.94 0.0100615
10.95 0.0105773
10.96 0.0110812
10.97 0.011574
10.98 0.0120566
10.99 0.0125302
11 0.0129955
11.01 0.0134535
11.02 0.0139049
11.03 0.0143501
11.04 0.0147896
11.05 0.0152235
11.06 0.0156519
11.07 0.0160747
11.08 0.0164918
11.09 0.0169031
11.1 0.0173083
11.11 0.0177072
11.12 0.0180996
11.13 0.0184856
11.14 0.0188652
11.15 0.0192383
11.16 0.019605
11.17 0.0199655
11.18 0.0203202
11.19 0.0206697
11.2 0.021015
11.21 0.021357
11.22 0.0216969
11.23 0.022036
11.24 0.0223755
11.25 0.0227163
11.26 0.0230587
11.27 0.0234026
11.28 0.0237476
11.29 0.024093
11.3 0.0244377
11.31 0.0247809
11.32 0.0251216
11.33 0.0254589
11.34 0.0257921
11.35 0.0261208
11.36 0.026445
11.37 0.0267651
11.38 0.0270815
11.39 0.0273946
11.4 0.027705
11.41 0.0280129
11.42 0.0283186
11.43 0.0286218
11.44 0.0289223
11.45 0.0292193
11.46 0.0295122
11.47 0.0298004
11.48 0.0300832
11.49 0.0303605
11.5 0.0306324
11.51 0.0308993
11.52 0.031162
11.53 0.0314217
11.54 0.0316795
11.55 0.0319364
11.56 0.0321937
11.57 0.032452
11.58 0.0327119
11.59 0.0329736
11.6 0.0332371
11.61 0.0335027
11.62 0.0337704
11.63 0.0340404
11.64 0.0343128
11.65 0.0345879
11.66 0.0348656
11.67 0.0351462
11.68 0.0354296
11.69 0.0357159
11.7 0.0360049
11.71 0.0362961
11.72 0.0365889
11.73 0.0368822
11.74 0.0371748
11.75 0.037465
11.76 0.0377508
11.77 0.0380297
11.78 0.0382987
11.79 0.0385544
11.8 0.0387932
11.81 0.0390115
11.82 0.0392061
11.83 0.0393739
11.84 0.0395125
11.85 0.0396196
11.86 0.0396932
11.87 0.0397318
11.88 0.0397336
11.89 0.039697
11.9 0.0396208
11.91 0.0395037
11.92 0.0393445
11.93 0.0391425
11.94 0.0388966
11.95 0.0386063
11.96 0.0382709
11.97 0.03789
11.98 0.0374633
11.99 0.0369907
12 0.0364724
12.01 0.0359089
12.02 0.0353009
12.03 0.0346495
12.04 0.033956
12.05 0.0332222
12.06 0.0324499
12.07 0.031641
12.08 0.0307975
12.09 0.0299212
12.1 0.0290135
12.11 0.0280757
12.12 0.0271089
12.13 0.0261138
12.14 0.0250908
12.15 0.0240399
12.16 0.0229611
12.17 0.021854
12.18 0.0207183
12.19 0.0195538
12.2 0.0183601
12.21 0.017137
12.22 0.0158845
12.23 0.0146026
12.24 0.0132915
12.25 0.0119515
12.26 0.0105831
12.27 0.00918685
12.28 0.00776367
12.29 0.00631457
12.3 0.00484075
12.31 0.00334358
12.32 0.00182469
12.33 0.000286
12.34 -0.00127029
12.35 -0.00284178
12.36 -0.00442586
12.37 -0.00601968
12.38 -0.00762014
12.39 -0.00922394
12.4 -0.0108277
12.41 -0.0124278
12.42 -0.014021
12.43 -0.0156038
12.44 -0.0171731
12.45 -0.0187257
12.46 -0.0202586
12.47 -0.0217687
12.48 -0.0232528
12.49 -0.0247072
12.5 -0.0261279
12.51 -0.0275104
12.52 -0.0288498
12.53 -0.030141
12.54 -0.0313789
12.55 -0.0325584
12.56 -0.0336747
12.57 -0.0347236
12.58 -0.035701
12.59 -0.0366032
12.6 -0.0374266
12.61 -0.0381678
12.62 -0.0388236
12.63 -0.0393912
12.64 -0.0398682
12.65 -0.0402526
12.66 -0.0405428
12.67 -0.0407376
12.68 -0.0408363
12.69 -0.0408388
12.7 -0.0407457
12.71 -0.0405578
12.72 -0.0402765
12.73 -0.0399033
12.74 -0.03944
12.75 -0.0388884
12.76 -0.0382505
12.77 -0.0375283
12.78 -0.0367236
12.79 -0.0358384
12.8 -0.0348748
12.81 -0.0338347
12.82 -0.0327206
12.83 -0.0315349
12.84 -0.0302802
12.85 -0.0289591
12.86 -0.0275744
12.87 -0.0261286
12.88 -0.0246242
12.89 -0.0230635
12.9 -0.0214484
12.91 -0.019781
12.92 -0.018063
12.93 -0.0162966
12.94 -0.0144838
12.95 -0.0126269
12.96 -0.0107282
12.97 -0.00879044
12.98 -0.00681623
12.99 -0.00480835
13 -0.00276963
13.01 -0.00070285
13.02 0.00138936
13.03 0.00350454
13.04 0.00564039
13.05 0.00779463
13.06 0.00996493
13.07 0.0121488
13.08 0.0143436
13.09 0.0165463
13.1 0.0187538
13.11 0.0209625
13.12 0.0231688
13.13 0.0253689
13.14 0.0275592
13.15 0.0297362
13.16 0.0318965
13.17 0.0340373
13.18 0.0361557
13.19 0.0382492
13.2 0.0403154
13.21 0.0423522
13.22 0.0443571
13.23 0.046328
13.24 0.0482627
13.25 0.0501589
13.26 0.0520143
13.27 0.0538266
13.28 0.0555935
13.29 0.0573125
13.3 0.0589811
13.31 0.0605967
13.32 0.0621566
13.33 0.063658
13.34 0.065098
13.35 0.0664736
13.36 0.0677821
13.37 0.0690208
13.38 0.0701874
13.39 0.0712798
13.4 0.0722961
13.41 0.0732347
13.42 0.0740943
13.43 0.074874
13.44 0.0755733
13.45 0.0761918
13.46 0.0767295
13.47 0.077187
13.48 0.0775647
13.49 0.0778635
13.5 0.0780845
13.51 0.0782288
13.52 0.0782979
13.53 0.0782932
13.54 0.0782165
13.55 0.0780695
13.56 0.0778545
13.57 0.0775733
13.58 0.0772282
13.59 0.0768211
13.6 0.0763537
13.61 0.0758278
13.62 0.0752449
13.63 0.074607
13.64 0.0739155
13.65 0.0731724
13.66 0.0723794
13.67 0.0715383
13.68 0.0706511
13.69 0.0697195
13.7 0.0687451
13.71 0.0677294
13.72 0.0666738
13.73 0.0655796
13.74 0.0644478
13.75 0.0632791
13.76 0.0620742
13.77 0.0608332
13.78 0.0595559
13.79 0.0582418
13.8 0.0568901
13.81 0.0554993
13.82 0.0540676
13.83 0.0525932
13.84 0.0510745
13.85 0.0495106
13.86 0.0479014
13.87 0.0462475
13.88 0.0445495
13.89 0.0428084
13.9 0.0410248
13.91 0.0391997
13.92 0.0373339
13.93 0.0354285
13.94 0.0334843
13.95 0.0315023
13.96 0.0294836
13.97 0.0274293
13.98 0.0253405
13.99 0.0232185
14 0.0210644
14.01 0.0188794
14.02 0.0166645
14.03 0.014421
14.04 0.0121502
14.05 0.00985333
14.06 0.00753185
14.07 0.00518702
14.08 0.00281997
14.09 0.000431683
14.1 -0.00197711
14.11 -0.00440593
14.12 -0.00685458
14.13 -0.00932318
14.14 -0.0118121
14.15 -0.0143222
14.16 -0.0168543
14.17 -0.0194097
14.18 -0.0219895
14.19 -0.0245947
14.2 -0.0272262
14.21 -0.029885
14.22 -0.0325719
14.23 -0.0352878
14.24 -0.0380337
14.25 -0.0408106
14.26 -0.0436196
14.27 -0.0464618
14.28 -0.0493381
14.29 -0.0522495
14.3 -0.0551963
14.31 -0.0581788
14.32 -0.0611967
14.33 -0.0642492
14.34 -0.0673354
14.35 -0.070454
14.36 -0.0736038
14.37 -0.0767837
14.38 -0.0799929
14.39 -0.0832307
14.4 -0.0864965
14.41 -0.0897898
14.42 -0.0931098
14.43 -0.0964559
14.44 -0.099827
14.45 -0.103222
14.46 -0.106638
14.47 -0.110072
14.48 -0.113523
14.49 -0.116987
14.5 -0.12046
14.51 -0.12394
14.52 -0.127423
14.53 -0.130905
14.54 -0.134385
14.55 -0.13786
14.56 -0.141326
14.57 -0.144781
14.58 -0.148222
14.59 -0.151647
14.6 -0.155054
14.61 -0.158438
14.62 -0.161797
14.63 -0.165126
14.64 -0.168422
14.65 -0.171678
14.66 -0.174888
14.67 -0.178045
14.68 -0.181143
14.69 -0.184174
14.7 -0.187132
14.71 -0.19001
14.72 -0.192802
14.73 -0.195501
14.74 -0.198099
14.75 -0.200589
14.76 -0.202961
14.77 -0.205205
14.78 -0.207314
14.79 -0.209278
14.8 -0.21109
14.81 -0.212741
14.82 -0.214223
14.83 -0.215529
14.84 -0.216651
14.85 -0.217582
14.86 -0.218315
14.87 -0.218843
14.88 -0.219161
14.89 -0.219261
14.9 -0.219138
14.91 -0.218785
14.92 -0.218197
14.93 -0.217368
14.94 -0.216293
14.95 -0.214965
14.96 -0.213382
14.97 -0.211537
14.98 -0.209428
14.99 -0.207053
15 -0.204411
15.01 -0.201503
15.02 -0.198332
15.03 -0.194903
15.04 -0.191221
15.05 -0.187294
15.06 -0.183129
15.07 -0.178734
15.08 -0.174121
15.09 -0.169299
15.1 -0.164277
15.11 -0.159067
15.12 -0.153679
15.13 -0.148125
15.14 -0.142414
15.15 -0.136558
15.16 -0.130569
15.17 -0.124457
15.18 -0.118232
15.19 -0.111905
15.2 -0.105484
15.21 -0.098981
15.22 -0.0924041
15.23 -0.0857639
15.24 -0.0790708
15.25 -0.0723355
15.26 -0.0655691
15.27 -0.0587832
15.28 -0.0519898
15.29 -0.0452012
15.3 -0.0384289
15.31 -0.031684
15.32 -0.0249771
15.33 -0.0183179
15.34 -0.0117158
15.35 -0.00517992
15.36 0.00128032
15.37 0.00765556
15.38 0.0139365
15.39 0.0201139
15.4 0.0261791
15.41 0.0321236
15.42 0.0379398
15.43 0.0436204
15.44 0.0491589
15.45 0.0545495
15.46 0.0597869
15.47 0.0648668
15.48 0.0697854
15.49 0.0745403
15.5 0.0791301
15.51 0.0835544
15.52 0.0878139
15.53 0.0919098
15.54 0.0958436
15.55 0.0996169
15.56 0.103232
15.57 0.106689
15.58 0.109993
15.59 0.113144
15.6 0.116145
15.61 0.119
15.62 0.12171
15.63 0.124279
15.64 0.12671
15.65 0.129007
15.66 0.131173
15.67 0.133211
15.68 0.135127
15.69 0.136923
15.7 0.138603
15.71 0.140172
15.72 0.141633
15.73 0.142991
15.74 0.144251
15.75 0.145417
15.76 0.146494
15.77 0.147487
15.78 0.148401
15.79 0.149241
15.8 0.150012
15.81 0.150718
15.82 0.151364
15.83 0.151955
15.84 0.152494
15.85 0.152984
15.86 0.15343
15.87 0.153834
15.88 0.1542
15.89 0.154529
15.9 0.154825
15.91 0.155091
15.92 0.155328
15.93 0.155539
15.94 0.155726
15.95 0.155892
15.96 0.156038
15.97 0.156167
15.98 0.156279
15.99 0.156375
16 0.156457
16.01 0.156522
16.02 0.156572
16.03 0.156603
16.04 0.156613
16.05 0.156598
16.06 0.156555
16.07 0.156478
16.08 0.156362
16.09 0.156204
16.1 0.155999
16.11 0.155742
16.12 0.15543
16.13 0.155058
16.14 0.154622
16.15 0.154118
16.16 0.153542
16.17 0.152889
16.18 0.152155
16.19 0.151335
16.2 0.150427
16.21 0.149425
16.22 0.148326
16.23 0.147128
16.24 0.145828
16.25 0.144425
16.26 0.142919
16.27 0.141311
16.28 0.139601
16.29 0.137791
16.3 0.135883
16.31 0.133879
16.32 0.131782
16.33 0.129593
16.34 0.127316
16.35 0.124955
16.36 0.122511
16.37 0.119989
16.38 0.117391
16.39 0.114721
16.4 0.111984
16.41 0.109182
16.42 0.10632
16.43 0.103401
16.44 0.10043
16.45 0.0974099
16.46 0.0943449
16.47 0.0912387
16.48 0.0880952
16.49 0.0849183
16.5 0.0817119
16.51 0.0784798
16.52 0.0752258
16.53 0.0719538
16.54 0.0686679
16.55 0.0653718
16.56 0.0620695
16.57 0.0587647
16.58 0.0554608
16.59 0.0521615
16.6 0.0488698
16.61 0.0455888
16.62 0.0423211
16.63 0.039069
16.64 0.0358346
16.65 0.0326193
16.66 0.0294244
16.67 0.0262505
16.68 0.0230981
16.69 0.019967
16.7 0.0168569
16.71 0.0137674
16.72 0.0106984
16.73 0.00765019
16.74 0.0046235
16.75 0.00161967
16.76 -0.0013597
16.77 -0.00431284
16.78 -0.00723776
16.79 -0.0101323
16.8 -0.0129941
16.81 -0.0158205
16.82 -0.018609
16.83 -0.0213569
16.84 -0.0240616
16.85 -0.0267204
16.86 -0.0293305
16.87 -0.0318897
16.88 -0.0343956
16.89 -0.0368462
16.9 -0.0392398
16.91 -0.041575
16.92 -0.0438502
16.93 -0.0460643
16.94 -0.048216
16.95 -0.0503038
16.96 -0.0523266
16.97 -0.0542828
16.98 -0.0561713
16.99 -0.0579907
17 -0.0597395
17.01 -0.0614164
17.02 -0.0630201
17.03 -0.0645494
17.04 -0.0660033
17.05 -0.067381
17.06 -0.0686817
17.07 -0.0699045
17.08 -0.0710488
17.09 -0.0721138
17.1 -0.0730991
17.11 -0.0740043
17.12 -0.0748291
17.13 -0.0755731
17.14 -0.0762363
17.15 -0.0768185
17.16 -0.0773197
17.17 -0.07774
17.18 -0.0780797
17.19 -0.0783389
17.2 -0.078518
17.21 -0.0786173
17.22 -0.0786373
17.23 -0.0785784
17.24 -0.0784413
17.25 -0.0782267
17.26 -0.0779356
17.27 -0.0775691
17.28 -0.0771284
17.29 -0.0766151
17.3 -0.0760308
17.31 -0.0753772
17.32 -0.0746559
17.33 -0.0738689
17.34 -0.073018
17.35 -0.0721056
17.36 -0.0711341
17.37 -0.0701064
17.38 -0.0690259
17.39 -0.0678963
17.4 -0.066722
17.41 -0.0655077
17.42 -0.0642587
17.43 -0.0629806
17.44 -0.0616787
17.45 -0.060358
17.46 -0.059023
17.47 -0.0576779
17.48 -0.0563262
17.49 -0.054971
17.5 -0.0536152
17.51 -0.052262
17.52 -0.0509142
17.53 -0.0495751
17.54 -0.0482477
17.55 -0.0469351
17.56 -0.0456399
17.57 -0.0443649
17.58 -0.0431123
17.59 -0.0418841
17.6 -0.0406818
17.61 -0.0395067
17.62 -0.0383593
17.63 -0.0372397
17.64 -0.0361477
17.65 -0.0350826
17.66 -0.0340434
17.67 -0.0330289
17.68 -0.0320374
17.69 -0.0310673
17.7 -0.0301168
17.71 -0.0291845
17.72 -0.028269
17.73 -0.0273694
17.74 -0.0264852
17.75 -0.0256158
17.76 -0.0247603
17.77 -0.0239178
17.78 -0.0230867
17.79 -0.0222649
17.8 -0.0214501
17.81 -0.0206397
17.82 -0.0198309
17.83 -0.019021
17.84 -0.0182076
17.85 -0.0173878
17.86 -0.0165594
17.87 -0.0157197
17.88 -0.0148668
17.89 -0.0139987
17.9 -0.0131143
17.91 -0.0122129
17.92 -0.0112941
17.93 -0.0103581
17.94 -0.00940536
17.95 -0.00843626
17.96 -0.00745153
17.97 -0.00645208
17.98 -0.00543895
17.99 -0.00441332
18 -0.00337643
18.01 -0.00232955
18.02 -0.00127398
18.03 -0.000211045
18.04 0.000857993
18.05 0.00193195
18.06 0.0030097
18.07 0.00409019
18.08 0.00517228
18.09 0.00625482
18.1 0.00733661
18.11 0.0084164
18.12 0.00949296
18.13 0.0105651
18.14 0.0116318
18.15 0.012692
18.16 0.0137451
18.17 0.0147904
18.18 0.0158276
18.19 0.0168565
18.2 0.0178771
18.21 0.0188894
18.22 0.0198936
18.23 0.02089
18.24 0.0218784
18.25 0.0228589
18.26 0.0238312
18.27 0.0247953
18.28 0.0257509
18.29 0.026698
18.3 0.0276365
18.31 0.0285666
18.32 0.0294882
18.33 0.0304016
18.34 0.0313068
18.35 0.032204
18.36 0.033093
18.37 0.0339737
18.38 0.0348455
18.39 0.0357083
18.4 0.0365618
18.41 0.0374059
18.42 0.0382405
18.43 0.0390659
18.44 0.0398826
18.45 0.0406915
18.46 0.0414934
18.47 0.0422897
18.48 0.0430817
18.49 0.0438709
18.5 0.0446585
18.51 0.0454459
18.52 0.0462342
18.53 0.047024
18.54 0.0478161
18.55 0.0486108
18.56 0.0494082
18.57 0.0502083
18.58 0.0510108
18.59 0.0518156
18.6 0.0526224
18.61 0.0534313
18.62 0.0542419
18.63 0.0550543
18.64 0.0558683
18.65 0.0566838
18.66 0.0575006
18.67 0.058318
18.68 0.059135
18.69 0.05995
18.7 0.0607603
18.71 0.0615627
18.72 0.0623527
18.73 0.0631256
18.74 0.0638759
18.75 0.0645983
18.76 0.0652878
18.77 0.0659392
18.78 0.0665477
18.79 0.0671082
18.8 0.0676158
18.81 0.0680658
18.82 0.0684532
18.83 0.0687731
18.84 0.0690206
18.85 0.0691909
18.86 0.0692792
18.87 0.0692806
18.88 0.0691906
18.89 0.0690047
18.9 0.0687192
18.91 0.0683304
18.92 0.0678358
18.93 0.0672334
18.94 0.0665219
18.95 0.0657006
18.96 0.0647689
18.97 0.0637264
18.98 0.0625728
18.99 0.0613075
19 0.0599298
19.01 0.0584389
19.02 0.0568335
19.03 0.0551124
19.04 0.0532743
19.05 0.0513183
19.06 0.0492438
19.07 0.0470507
19.08 0.0447393
19.09 0.0423105
19.1 0.0397656
19.11 0.0371058
19.12 0.0343327
19.13 0.0314474
19.14 0.028451
19.15 0.0253449
19.16 0.0221305
19.17 0.0188098
19.18 0.0153856
19.19 0.0118615
19.2 0.00824216
19.21 0.00453297
19.22 0.000740089
19.23 -0.00312977
19.24 -0.00706959
19.25 -0.0110724
19.26 -0.0151317
19.27 -0.0192417
19.28 -0.0233972
19.29 -0.0275932
19.3 -0.0318246
19.31 -0.0360859
19.32 -0.0403714
19.33 -0.044675
19.34 -0.0489902
19.35 -0.0533099
19.36 -0.0576268
19.37 -0.061933
19.38 -0.0662207
19.39 -0.0704823
19.4 -0.0747102
19.41 -0.0788969
19.42 -0.0830349
19.43 -0.0871168
19.44 -0.0911352
19.45 -0.0950831
19.46 -0.0989532
19.47 -0.102739
19.48 -0.106432
19.49 -0.110028
19.5 -0.113519
19.51 -0.116899
19.52 -0.120162
19.53 -0.123304
19.54 -0.126319
19.55 -0.129202
19.56 -0.13195
19.57 -0.13456
19.58 -0.137028
19.59 -0.139353
19.6 -0.141531
19.61 -0.143562
19.62 -0.145442
19.63 -0.147172
19.64 -0.148749
19.65 -0.150173
19.66 -0.151443
19.67 -0.152558
19.68 -0.153518
19.69 -0.154323
19.7 -0.154974
19.71 -0.15547
19.72 -0.155813
19.73 -0.156004
19.74 -0.156044
19.75 -0.155935
19.76 -0.155676
19.77 -0.15527
19.78 -0.154716
19.79 -0.154017
19.8 -0.153174
19.81 -0.152187
19.82 -0.151059
19.83 -0.149791
19.84 -0.148385
19.85 -0.146844
19.86 -0.14517
19.87 -0.143367
19.88 -0.141438
19.89 -0.139386
19.9 -0.137215
19.91 -0.134927
19.92 -0.132527
19.93 -0.130018
19.94 -0.127403
19.95 -0.124685
19.96 -0.121868
19.97 -0.118956
19.98 -0.115953
19.99 -0.112864
20 -0.109693
20.01 -0.106446
20.02 -0.103127
20.03 -0.0997408
20.04 -0.0962929
20.05 -0.0927871
20.06 -0.0892273
20.07 -0.0856168
20.08 -0.0819584
20.09 -0.0782548
20.1 -0.0745079
20.11 -0.0707194
20.12 -0.0668911
20.13 -0.0630247
20.14 -0.0591221
20.15 -0.0551852
20.16 -0.0512159
20.17 -0.0472165
20.18 -0.0431892
20.19 -0.0391367
20.2 -0.0350619
20.21 -0.0309681
20.22 -0.0268587
20.23 -0.0227372
20.24 -0.018607
20.25 -0.0144718
20.26 -0.0103349
20.27 -0.00620008
20.28 -0.00207128
20.29 0.00204746
20.3 0.00615188
20.31 0.0102375
20.32 0.0142999
20.33 0.0183343
20.34 0.0223359
20.35 0.0263003
20.36 0.0302228
20.37 0.0340992
20.38 0.0379258
20.39 0.0416991
20.4 0.0454161
20.41 0.0490746
20.42 0.0526722
20.43 0.0562074
20.44 0.0596786
20.45 0.0630842
20.46 0.0664229
20.47 0.0696933
20.48 0.0728941
20.49 0.0760242
20.5 0.0790826
20.51 0.0820684
20.52 0.0849809
20.53 0.0878195
20.54 0.0905836
20.55 0.0932727
20.56 0.0958866
20.57 0.0984247
20.58 0.100886
20.59 0.10327
20.6 0.105576
20.61 0.1078
20.62 0.109941
20.63 0.111997
20.64 0.113966
20.65 0.115845
20.66 0.117632
20.67 0.119326
20.68 0.120925
20.69 0.122426
20.7 0.123829
20.71 0.125133
20.72 0.126336
20.73 0.127439
20.74 0.128439
20.75 0.129338
20.76 0.130134
20.77 0.130827
20.78 0.131417
20.79 0.131904
20.8 0.132289
20.81 0.132574
20.82 0.13276
20.83 0.132849
20.84 0.132844
20.85 0.132747
20.86 0.132561
20.87 0.132289
20.88 0.131933
20.89 0.131493
20.9 0.130973
20.91 0.130373
20.92 0.129696
20.93 0.128942
20.94 0.128113
20.95 0.12721
20.96 0.126236
20.97 0.125192
20.98 0.124078
20.99 0.122896
21 0.121646
21.01 0.120328
21.02 0.118941
21.03 0.117487
21.04 0.115963
21.05 0.114369
21.06 0.112705
21.07 0.11097
21.08 0.109164
21.09 0.107287
21.1 0.105339
21.11 0.103319
21.12 0.101229
21.13 0.0990683
21.14 0.0968393
21.15 0.0945433
21.16 0.0921821
21.17 0.0897575
21.18 0.0872715
21.19 0.0847262
21.2 0.0821236
21.21 0.079466
21.22 0.0767554
21.23 0.0739943
21.24 0.0711848
21.25 0.0683296
21.26 0.0654313
21.27 0.0624929
21.28 0.0595174
21.29 0.0565085
21.3 0.0534696
21.31 0.0504046
21.32 0.0473171
21.33 0.0442107
21.34 0.041089
21.35 0.037955
21.36 0.034812
21.37 0.0316627
21.38 0.0285097
21.39 0.0253554
21.4 0.0222017
21.41 0.0190504
21.42 0.0159033
21.43 0.0127619
21.44 0.00962781
21.45 0.00650257
21.46 0.00338797
21.47 0.000285933
21.48 -0.00280155
21.49 -0.00587246
21.5 -0.00892482
21.51 -0.0119567
21.52 -0.0149662
21.53 -0.0179514
21.54 -0.0209104
21.55 -0.023841
21.56 -0.0267416
21.57 -0.0296103
21.58 -0.0324455
21.59 -0.0352459
21.6 -0.0380104
21.61 -0.040738
21.62 -0.0434275
21.63 -0.0460778
21.64 -0.0486876
21.65 -0.0512552
21.66 -0.0537787
21.67 -0.056256
21.68 -0.0586846
21.69 -0.0610623
21.7 -0.0633868
21.71 -0.0656557
21.72 -0.067867
21.73 -0.0700186
21.74 -0.0721083
21.75 -0.0741336
21.76 -0.0760923
21.77 -0.0779816
21.78 -0.0797988
21.79 -0.0815411
21.8 -0.0832058
21.81 -0.0847904
21.82 -0.0862926
21.83 -0.0877106
21.84 -0.089043
21.85 -0.0902887
21.86 -0.0914471
21.87 -0.0925177
21.88 -0.0935004
21.89 -0.0943954
21.9 -0.0952029
21.91 -0.0959233
21.92 -0.0965568
21.93 -0.0971039
21.94 -0.0975645
21.95 -0.0979387
21.96 -0.0982268
21.97 -0.0984291
21.98 -0.0985464
21.99 -0.0985798
22 -0.098531
22.01 -0.0984021
22.02 -0.0981957
22.03 -0.0979145
22.04 -0.0975612
22.05 -0.0971384
22.06 -0.096648
22.07 -0.0960912
22.08 -0.0954689
22.09 -0.0947817
22.1 -0.0940298
22.11 -0.0932137
22.12 -0.0923335
22.13 -0.0913895
22.14 -0.0903818
22.15 -0.0893112
22.16 -0.0881781
22.17 -0.0869837
22.18 -0.0857291
22.19 -0.0844155
22.2 -0.0830444
22.21 -0.081617
22.22 -0.0801347
22.23 -0.0785984
22.24 -0.0770091
22.25 -0.0753676
22.26 -0.073675
22.27 -0.071932
22.28 -0.0701398
22.29 -0.0682995
22.3 -0.0664127
22.31 -0.0644813
22.32 -0.0625078
22.33 -0.0604949
22.34 -0.0584454
22.35 -0.0563625
22.36 -0.0542496
22.37 -0.0521099
22.38 -0.0499466
22.39 -0.0477627
22.4 -0.0455614
22.41 -0.0433453
22.42 -0.0411171
22.43 -0.0388792
22.44 -0.0366341
22.45 -0.0343838
22.46 -0.0321304
22.47 -0.0298758
22.48 -0.0276213
22.49 -0.0253682
22.5 -0.0231175
22.51 -0.02087
22.52 -0.0186261
22.53 -0.0163861
22.54 -0.0141501
22.55 -0.0119181
22.56 -0.0096902
22.57 -0.00746631
22.58 -0.00524626
22.59 -0.00302991
22.6 -0.000817061
22.61 0.00139246
22.62 0.00359882
22.63 0.00580208
22.64 0.00800211
22.65 0.0101986
22.66 0.012391
22.67 0.0145783
22.68 0.0167595
22.69 0.018933
22.7 0.0210973
22.71 0.0232512
22.72 0.0253934
22.73 0.0275229
22.74 0.0296386
22.75 0.0317396
22.76 0.0338248
22.77 0.0358933
22.78 0.0379438
22.79 0.0399751
22.8 0.0419858
22.81 0.0439749
22.82 0.0459409
22.83 0.0478827
22.84 0.0497988
22.85 0.0516881
22.86 0.0535491
22.87 0.0553805
22.88 0.0571808
22.89 0.0589485
22.9 0.060682
22.91 0.0623794
22.92 0.0640387
22.93 0.0656578
22.94 0.0672345
22.95 0.0687665
22.96 0.070251
22.97 0.0716857
22.98 0.0730678
22.99 0.0743952
23 0.0756659
23.01 0.0768788
23.02 0.0780328
23.03 0.0791274
23.04 0.0801624
23.05 0.0811375
23.06 0.0820529
23.07 0.0829087
23.08 0.0837044
23.09 0.0844397
23.1 0.0851139
23.11 0.0857263
23.12 0.0862761
23.13 0.0867628
23.14 0.0871858
23.15 0.0875447
23.16 0.0878391
23.17 0.0880689
23.18 0.088234
23.19 0.0883343
23.2 0.0883701
23.21 0.0883418
23.22 0.0882497
23.23 0.0880942
23.24 0.0878758
23.25 0.0875951
23.26 0.0872526
23.27 0.0868489
23.28 0.0863849
23.29 0.0858614
23.3 0.0852797
23.31 0.0846409
23.32 0.0839466
23.33 0.083198
23.34 0.0823967
23.35 0.081544
23.36 0.0806413
23.37 0.0796899
23.38 0.0786908
23.39 0.0776451
23.4 0.0765536
23.41 0.075417
23.42 0.0742356
23.43 0.0730096
23.44 0.0717393
23.45 0.0704246
23.46 0.0690655
23.47 0.0676619
23.48 0.0662144
23.49 0.0647235
23.5 0.0631902
23.51 0.0616157
23.52 0.0600012
23.53 0.0583482
23.54 0.056658
23.55 0.0549322
23.56 0.0531724
23.57 0.0513804
23.58 0.0495581
23.59 0.0477073
23.6 0.0458303
23.61 0.0439291
23.62 0.0420059
23.63 0.0400632
23.64 0.0381033
23.65 0.0361288
23.66 0.0341423
23.67 0.0321464
23.68 0.0301435
23.69 0.028136
23.7 0.026126
23.71 0.0241156
23.72 0.0221066
23.73 0.0201005
23.74 0.0180989
23.75 0.0161029
23.76 0.0141135
23.77 0.0121312
23.78 0.0101562
23.79 0.00818816
23.8 0.00622667
23.81 0.00427113
23.82 0.00232098
23.83 0.000375726
23.84 -0.0015651
23.85 -0.00350192
23.86 -0.0054351
23.87 -0.00736496
23.88 -0.00929182
23.89 -0.011216
23.9 -0.0131379
23.91 -0.0150581
23.92 -0.0169773
23.93 -0.0188965
23.94 -0.0208162
23.95 -0.0227374
23.96 -0.0246603
23.97 -0.0265854
23.98 -0.0285124
23.99 -0.0304407
24 -0.0323692
24.01 -0.0342961
24.02 -0.0362195
24.03 -0.0381371
24.04 -0.040046
24.05 -0.041943
24.06 -0.0438238
24.07 -0.0456841
24.08 -0.047519
24.09 -0.0493237
24.1 -0.0510934
24.11 -0.0528235
24.12 -0.05451
24.13 -0.0561491
24.14 -0.0577378
24.15 -0.0592734
24.16 -0.0607541
24.17 -0.0621785
24.18 -0.0635454
24.19 -0.0648538
24.2 -0.0661026
24.21 -0.0672912
24.22 -0.068419
24.23 -0.0694857
24.24 -0.0704909
24.25 -0.0714347
24.26 -0.0723171
24.27 -0.0731384
24.28 -0.0738991
24.29 -0.0746
24.3 -0.0752422
24.31 -0.0758271
24.32 -0.0763563
24.33 -0.076831
24.34 -0.0772523
24.35 -0.0776205
24.36 -0.0779357
24.37 -0.0781976
24.38 -0.0784057
24.39 -0.0785594
24.4 -0.0786578
24.41 -0.0787005
24.42 -0.0786867
24.43 -0.0786161
24.44 -0.0784887
24.45 -0.0783044
24.46 -0.0780635
24.47 -0.0777661
24.48 -0.0774124
24.49 -0.0770025
24.5 -0.0765365
24.51 -0.0760147
24.52 -0.0754374
24.53 -0.0748047
24.54 -0.0741174
24.55 -0.073376
24.56 -0.0725815
24.57 -0.0717347
24.58 -0.0708372
24.59 -0.0698903
24.6 -0.0688957
24.61 -0.067855
24.62 -0.0667698
24.63 -0.065642
24.64 -0.0644732
24.65 -0.063265
24.66 -0.062019
24.67 -0.0607362
24.68 -0.0594178
24.69 -0.0580646
24.7 -0.0566772
24.71 -0.0552564
24.72 -0.0538025
24.73 -0.0523162
24.74 -0.0507979
24.75 -0.0492482
24.76 -0.0476675
24.77 -0.0460563
24.78 -0.0444151
24.79 -0.0427446
24.8 -0.0410457
24.81 -0.0393197
24.82 -0.0375676
24.83 -0.0357911
24.84 -0.0339919
24.85 -0.0321718
24.86 -0.0303329
24.87 -0.0284772
24.88 -0.026607
24.89 -0.0247246
24.9 -0.0228328
24.91 -0.0209345
24.92 -0.0190327
24.93 -0.0171307
24.94 -0.0152317
24.95 -0.013339
24.96 -0.0114561
24.97 -0.00958629
24.98 -0.00773283
24.99 -0.00589896
25 -0.00408772
