0.01 3.06025e-09
0.02 1.43798e-08
0.03 3.40617e-08
0.04 5.78145e-08
0.05 8.11349e-08
0.06 9.97587e-08
0.07 1.10073e-07
0.08 1.09432e-07
0.09 9.63609e-08
0.1 7.06578e-08
0.11 3.33917e-08
0.12 -1.32382e-08
0.13 -6.61824e-08
0.14 -1.21914e-07
0.15 -1.76793e-07
0.16 -2.27357e-07
0.17 -2.70606e-07
0.18 -3.04259e-07
0.19 -3.2694e-07
0.2 -3.38274e-07
0.21 -3.38877e-07
0.22 -3.30274e-07
0.23 -3.14724e-07
0.24 -2.95008e-07
0.25 -2.74178e-07
0.26 -2.55317e-07
0.27 -2.41294e-07
0.28 -2.34341e-07
0.29 -2.35649e-07
0.3 -2.4517e-07
0.31 -2.61601e-07
0.32 -2.82514e-07
0.33 -3.04422e-07
0.34 -3.2304e-07
0.35 -3.33976e-07
0.36 -3.33357e-07
0.37 -3.18297e-07
0.38 -2.87702e-07
0.39 -2.4306e-07
0.4 -1.88789e-07
0.41 -1.32057e-07
0.42 -8.15818e-08
0.43 -4.61846e-08
0.44 -3.40388e-08
0.45 -5.17696e-08
0.46 -1.03438e-07
0.47 -1.89827e-07
0.48 -3.07904e-07
0.49 -4.51018e-07
0.5 -6.09525e-07
0.51 -7.72004e-07
0.52 -9.26708e-07
0.53 -1.06222e-06
0.54 -1.16879e-06
0.55 -1.2396e-06
0.56 -1.27088e-06
0.57 -1.26234e-06
0.58 -1.21748e-06
0.59 -1.14315e-06
0.6 -1.04869e-06
0.61 -9.44944e-07
0.62 -8.43184e-07
0.63 -7.54076e-07
0.64 -6.86739e-07
0.65 -6.48029e-07
0.66 -6.4206e-07
0.67 -6.69984e-07
0.68 -7.30016e-07
0.69 -8.17642e-07
0.7 -9.25965e-07
0.71 -1.04611e-06
0.72 -1.16763e-06
0.73 -1.27897e-06
0.74 -1.3679e-06
0.75 -1.42214e-06
0.76 -1.43022e-06
0.77 -1.3828e-06
0.78 -1.27468e-06
0.79 -1.10724e-06
0.8 -8.89681e-07
0.81 -6.38301e-07
0.82 -3.74473e-07
0.83 -1.21683e-07
0.84 9.65142e-08
0.85 2.57306e-07
0.86 3.41429e-07
0.87 3.3857e-07
0.88 2.51724e-07
0.89 9.71432e-08
0.9 -9.96332e-08
0.91 -3.08277e-07
0.92 -4.97799e-07
0.93 -6.41461e-07
0.94 -7.21795e-07
0.95 -7.33161e-07
0.96 -6.82631e-07
0.97 -5.88167e-07
0.98 -4.71972e-07
0.99 -3.53254e-07
1 -2.44694e-07
1.01 -1.52097e-07
1.02 -7.3886e-08
1.03 -2.46325e-09
1.04 7.25362e-08
1.05 1.61066e-07
1.06 2.6857e-07
1.07 3.94039e-07
1.08 5.31651e-07
1.09 6.74136e-07
1.1 8.14304e-07
1.11 9.44389e-07
1.12 1.05794e-06
1.13 1.15212e-06
1.14 1.22728e-06
1.15 1.28556e-06
1.16 1.32884e-06
1.17 1.35615e-06
1.18 1.36154e-06
1.19 1.33656e-06
1.2 1.27428e-06
1.21 1.1685e-06
1.22 1.0129e-06
1.23 8.04417e-07
1.24 5.48734e-07
1.25 2.66928e-07
1.26 -2.39475e-09
1.27 -2.11987e-07
1.28 -3.19755e-07
1.29 -2.95263e-07
1.3 -1.22967e-07
1.31 1.91993e-07
1.32 6.22517e-07
1.33 1.12532e-06
1.34 1.65064e-06
1.35 2.15045e-06
1.36 2.58338e-06
1.37 2.9182e-06
1.38 3.13606e-06
1.39 3.23062e-06
1.4 3.20633e-06
1.41 3.07471e-06
1.42 2.84936e-06
1.43 2.54043e-06
1.44 2.15013e-06
1.45 1.67059e-06
1.46 1.08626e-06
1.47 3.81887e-07
1.48 -4.49757e-07
1.49 -1.40617e-06
1.5 -2.47259e-06
1.51 -3.61924e-06
1.52 -4.80258e-06
1.53 -5.96301e-06
1.54 -7.02318e-06
1.55 -7.88855e-06
1.56 -8.45437e-06
1.57 -8.62477e-06
1.58 -8.32973e-06
1.59 -7.53709e-06
1.6 -6.2664e-06
1.61 -4.59177e-06
1.62 -2.63049e-06
1.63 -5.31275e-07
1.64 1.54075e-06
1.65 3.42109e-06
1.66 4.9589e-06
1.67 6.02937e-06
1.68 6.54658e-06
1.69 6.47619e-06
1.7 5.84065e-06
1.71 4.71529e-06
1.72 3.22024e-06
1.73 1.50976e-06
1.74 -2.39866e-07
1.75 -1.84414e-06
1.76 -3.13254e-06
1.77 -3.97091e-06
1.78 -4.26906e-06
1.79 -3.98282e-06
1.8 -3.11899e-06
1.81 -1.73785e-06
1.82 5.41131e-08
1.83 2.11387e-06
1.84 4.26667e-06
1.85 6.31834e-06
1.86 8.07858e-06
1.87 9.38802e-06
1.88 1.01383e-05
1.89 1.02815e-05
1.9 9.83288e-06
1.91 8.86765e-06
1.92 7.51195e-06
1.93 5.92736e-06
1.94 4.28175e-06
1.95 2.71759e-06
1.96 1.33827e-06
1.97 2.04376e-07
1.98 -6.66745e-07
1.99 -1.29035e-06
2 -1.69221e-06
2.01 -1.88845e-06
2.02 -1.88194e-06
2.03 -1.66549e-06
2.04 -1.22543e-06
2.05 -5.52476e-07
2.06 3.47703e-07
2.07 1.44595e-06
2.08 2.67792e-06
2.09 3.94013e-06
2.1 5.09904e-06
2.11 6.00712e-06
2.12 6.51507e-06
2.13 6.48121e-06
2.14 5.79536e-06
2.15 4.40001e-06
2.16 2.29699e-06
2.17 -4.48199e-07
2.18 -3.71297e-06
2.19 -7.33799e-06
2.2 -1.11502e-05
2.21 -1.49738e-05
2.22 -1.86373e-05
2.23 -2.19824e-05
2.24 -2.48746e-05
2.25 -2.72195e-05
2.26 -2.89658e-05
2.27 -3.00838e-05
2.28 -3.05614e-05
2.29 -3.04167e-05
2.3 -2.96987e-05
2.31 -2.84811e-05
2.32 -2.68483e-05
2.33 -2.48749e-05
2.34 -2.26137e-05
2.35 -2.00962e-05
2.36 -1.73381e-05
2.37 -1.43489e-05
2.38 -1.11403e-05
2.39 -7.72241e-06
2.4 -4.12054e-06
2.41 -4.13128e-07
2.42 3.26204e-06
2.43 6.73769e-06
2.44 9.85149e-06
2.45 1.2467e-05
2.46 1.44843e-05
2.47 1.58386e-05
2.48 1.65009e-05
2.49 1.64957e-05
2.5 1.59134e-05
2.51 1.49119e-05
2.52 1.37015e-05
2.53 1.25096e-05
2.54 1.15544e-05
2.55 1.10307e-05
2.56 1.10848e-05
2.57 1.17764e-05
2.58 1.30559e-05
2.59 1.47671e-05
2.6 1.66696e-05
2.61 1.84815e-05
2.62 1.99261e-05
2.63 2.0776e-05
2.64 2.08848e-05
2.65 2.01999e-05
2.66 1.87637e-05
2.67 1.67034e-05
2.68 1.42063e-05
2.69 1.14858e-05
2.7 8.75665e-06
2.71 6.22496e-06
2.72 4.06961e-06
2.73 2.42836e-06
2.74 1.40312e-06
2.75 1.05634e-06
2.76 1.39195e-06
2.77 2.35234e-06
2.78 3.84909e-06
2.79 5.78458e-06
2.8 8.05643e-06
2.81 1.05622e-05
2.82 1.3179e-05
2.83 1.5747e-05
2.84 1.80792e-05
2.85 1.99797e-05
2.86 2.12667e-05
2.87 2.17831e-05
2.88 2.13957e-05
2.89 2.00148e-05
2.9 1.76246e-05
2.91 1.429e-05
2.92 1.01476e-05
2.93 5.39666e-06
2.94 2.91792e-07
2.95 -4.8786e-06
2.96 -9.81205e-06
2.97 -1.41941e-05
2.98 -1.77161e-05
2.99 -2.01168e-05
3 -2.12172e-05
3.01 -2.09446e-05
3.02 -1.93577e-05
3.03 -1.66534e-05
3.04 -1.31509e-05
3.05 -9.26509e-06
3.06 -5.47155e-06
3.07 -2.26385e-06
3.08 -1.02736e-07
3.09 6.42576e-07
3.1 -2.42656e-07
3.11 -2.77611e-06
3.12 -6.76507e-06
3.13 -1.18169e-05
3.14 -1.73946e-05
3.15 -2.29002e-05
3.16 -2.77417e-05
3.17 -3.13871e-05
3.18 -3.34165e-05
3.19 -3.35732e-05
3.2 -3.18061e-05
3.21 -2.82555e-05
3.22 -2.31984e-05
3.23 -1.70089e-05
3.24 -1.01181e-05
3.25 -2.97917e-06
3.26 3.96326e-06
3.27 1.03329e-05
3.28 1.58696e-05
3.29 2.04172e-05
3.3 2.3905e-05
3.31 2.637e-05
3.32 2.79507e-05
3.33 2.88242e-05
3.34 2.91455e-05
3.35 2.9007e-05
3.36 2.84188e-05
3.37 2.73177e-05
3.38 2.55892e-05
3.39 2.30844e-05
3.4 1.96438e-05
3.41 1.51313e-05
3.42 9.47606e-06
3.43 2.71409e-06
3.44 -5.00132e-06
3.45 -1.34121e-05
3.46 -2.21708e-05
3.47 -3.08364e-05
3.48 -3.88741e-05
3.49 -4.56899e-05
3.5 -5.06948e-05
3.51 -5.3375e-05
3.52 -5.33457e-05
3.53 -5.03999e-05
3.54 -4.45542e-05
3.55 -3.60899e-05
3.56 -2.5575e-05
3.57 -1.38091e-05
3.58 -1.69859e-06
3.59 9.84203e-06
3.6 1.9941e-05
3.61 2.78301e-05
3.62 3.2923e-05
3.63 3.48671e-05
3.64 3.35639e-05
3.65 2.9175e-05
3.66 2.20959e-05
3.67 1.28989e-05
3.68 2.27294e-06
3.69 -9.02221e-06
3.7 -2.01835e-05
3.71 -3.04252e-05
3.72 -3.90724e-05
3.73 -4.55992e-05
3.74 -4.96457e-05
3.75 -5.10625e-05
3.76 -4.99264e-05
3.77 -4.65181e-05
3.78 -4.12874e-05
3.79 -3.48131e-05
3.8 -2.7736e-05
3.81 -2.06737e-05
3.82 -1.41723e-05
3.83 -8.68388e-06
3.84 -4.52451e-06
3.85 -1.85768e-06
3.86 -7.30869e-07
3.87 -1.11733e-06
3.88 -2.94482e-06
3.89 -6.11757e-06
3.9 -1.05251e-05
3.91 -1.60542e-05
3.92 -2.25979e-05
3.93 -3.00342e-05
3.94 -3.81938e-05
3.95 -4.6853e-05
3.96 -5.57358e-05
3.97 -6.45022e-05
3.98 -7.27265e-05
3.99 -7.99048e-05
4 -8.55055e-05
4.01 -8.90248e-05
4.02 -9.00434e-05
4.03 -8.82782e-05
4.04 -8.36033e-05
4.05 -7.60599e-05
4.06 -6.58524e-05
4.07 -5.33087e-05
4.08 -3.88311e-05
4.09 -2.28728e-05
4.1 -5.92776e-06
4.11 1.14611e-05
4.12 2.86574e-05
4.13 4.49149e-05
4.14 5.9413e-05
4.15 7.1285e-05
4.16 7.96434e-05
4.17 8.36494e-05
4.18 8.26421e-05
4.19 7.62471e-05
4.2 6.44255e-05
4.21 4.75247e-05
4.22 2.6312e-05
4.23 1.98106e-06
4.24 -2.39013e-05
4.25 -4.95752e-05
4.26 -7.32974e-05
4.27 -9.34783e-05
4.28 -0.000108799
4.29 -0.000118313
4.3 -0.000121502
4.31 -0.000118331
4.32 -0.000109258
4.33 -9.51866e-05
4.34 -7.7347e-05
4.35 -5.71453e-05
4.36 -3.60309e-05
4.37 -1.5374e-05
4.38 3.6324e-06
4.39 2.00441e-05
4.4 3.32379e-05
4.41 4.2962e-05
4.42 4.93324e-05
4.43 5.2777e-05
4.44 5.39632e-05
4.45 5.36904e-05
4.46 5.27374e-05
4.47 5.17379e-05
4.48 5.11272e-05
4.49 5.11562e-05
4.5 5.19475e-05
4.51 5.35137e-05
4.52 5.57172e-05
4.53 5.82498e-05
4.54 6.06776e-05
4.55 6.24997e-05
4.56 6.32113e-05
4.57 6.23582e-05
4.58 5.95786e-05
4.59 5.4653e-05
4.6 4.75328e-05
4.61 3.83755e-05
4.62 2.75739e-05
4.63 1.5717e-05
4.64 3.52568e-06
4.65 -8.20172e-06
4.66 -1.86483e-05
4.67 -2.70167e-05
4.68 -3.25781e-05
4.69 -3.47719e-05
4.7 -3.33049e-05
4.71 -2.82346e-05
4.72 -1.99826e-05
4.73 -9.26657e-06
4.74 2.95769e-06
4.75 1.55342e-05
4.76 2.72187e-05
4.77 3.6842e-05
4.78 4.34323e-05
4.79 4.63259e-05
4.8 4.52213e-05
4.81 4.01436e-05
4.82 3.14424e-05
4.83 1.98102e-05
4.84 6.19435e-06
4.85 -8.34848e-06
4.86 -2.27391e-05
4.87 -3.59078e-05
4.88 -4.68738e-05
4.89 -5.48792e-05
4.9 -5.94532e-05
4.91 -6.04144e-05
4.92 -5.78731e-05
4.93 -5.22229e-05
4.94 -4.4121e-05
4.95 -3.4427e-05
4.96 -2.40981e-05
4.97 -1.40787e-05
4.98 -5.19852e-06
4.99 1.90346e-06
5 6.81988e-06
5.01 9.36814e-06
5.02 9.53943e-06
5.03 7.44751e-06
5.04 3.30092e-06
5.05 -2.61697e-06
5.06 -9.9899e-06
5.07 -1.85182e-05
5.08 -2.79025e-05
5.09 -3.78198e-05
5.1 -4.79628e-05
5.11 -5.80574e-05
5.12 -6.78175e-05
5.13 -7.69351e-05
5.14 -8.50943e-05
5.15 -9.19539e-05
5.16 -9.71248e-05
5.17 -0.000100171
5.18 -0.000100684
5.19 -9.83689e-05
5.2 -9.30744e-05
5.21 -8.48037e-05
5.22 -7.37615e-05
5.23 -6.0397e-05
5.24 -4.53938e-05
5.25 -2.95815e-05
5.26 -1.37998e-05
5.27 1.20775e-06
5.28 1.48385e-05
5.29 2.66373e-05
5.3 3.63072e-05
5.31 4.37294e-05
5.32 4.89296e-05
5.33 5.19886e-05
5.34 5.29851e-05
5.35 5.19966e-05
5.36 4.90697e-05
5.37 4.41623e-05
5.38 3.71787e-05
5.39 2.80856e-05
5.4 1.69982e-05
5.41 4.20124e-06
5.42 -9.84691e-06
5.43 -2.44972e-05
5.44 -3.89244e-05
5.45 -5.21906e-05
5.46 -6.33431e-05
5.47 -7.15473e-05
5.48 -7.62138e-05
5.49 -7.70627e-05
5.5 -7.41059e-05
5.51 -6.76177e-05
5.52 -5.81438e-05
5.53 -4.6488e-05
5.54 -3.36254e-05
5.55 -2.05735e-05
5.56 -8.30461e-06
5.57 2.27644e-06
5.58 1.03638e-05
5.59 1.53433e-05
5.6 1.68932e-05
5.61 1.50459e-05
5.62 1.0188e-05
5.63 3.00138e-06
5.64 -5.59723e-06
5.65 -1.45716e-05
5.66 -2.28911e-05
5.67 -2.95902e-05
5.68 -3.38359e-05
5.69 -3.49856e-05
5.7 -3.2634e-05
5.71 -2.66417e-05
5.72 -1.71296e-05
5.73 -4.50005e-06
5.74 1.05757e-05
5.75 2.72401e-05
5.76 4.45051e-05
5.77 6.12942e-05
5.78 7.65085e-05
5.79 8.90914e-05
5.8 9.80947e-05
5.81 0.000102749
5.82 0.000102506
5.83 9.70661e-05
5.84 8.64182e-05
5.85 7.08909e-05
5.86 5.11555e-05
5.87 2.81804e-05
5.88 3.16441e-06
5.89 -2.25467e-05
5.9 -4.75557e-05
5.91 -7.04888e-05
5.92 -9.00883e-05
5.93 -0.00010533
5.94 -0.0001155
5.95 -0.000120221
5.96 -0.000119414
5.97 -0.000113239
5.98 -0.00010208
5.99 -8.65564e-05
6 -6.74751e-05
6.01 -4.58003e-05
6.02 -2.26435e-05
6.03 8.0787e-07
6.04 2.34038e-05
6.05 4.4117e-05
6.06 6.20831e-05
6.07 7.66003e-05
6.08 8.71387e-05
6.09 9.33896e-05
6.1 9.5333e-05
6.11 9.3246e-05
6.12 8.76459e-05
6.13 7.92424e-05
6.14 6.89222e-05
6.15 5.77291e-05
6.16 4.6802e-05
6.17 3.73309e-05
6.18 3.05234e-05
6.19 2.74919e-05
6.2 2.90715e-05
6.21 3.56917e-05
6.22 4.73636e-05
6.23 6.36865e-05
6.24 8.38277e-05
6.25 0.000106582
6.26 0.000130525
6.27 0.000154149
6.28 0.000176014
6.29 0.000194916
6.3 0.00021001
6.31 0.000220875
6.32 0.000227569
6.33 0.000230604
6.34 0.000230854
6.35 0.000229456
6.36 0.000227628
6.37 0.000226412
6.38 0.000226463
6.39 0.000228007
6.4 0.000230897
6.41 0.000234691
6.42 0.000238805
6.43 0.000242677
6.44 0.000245866
6.45 0.000248193
6.46 0.000249823
6.47 0.000251178
6.48 0.000252751
6.49 0.000254944
6.5 0.000257906
6.51 0.000261362
6.52 0.00026459
6.53 0.000266527
6.54 0.000265865
6.55 0.000261134
6.56 0.000250874
6.57 0.000233897
6.58 0.000209492
6.59 0.00017764
6.6 0.000139173
6.61 9.57888e-05
6.62 4.99229e-05
6.63 4.52246e-06
6.64 -3.72799e-05
6.65 -7.2587e-05
6.66 -9.91465e-05
6.67 -0.000115622
6.68 -0.000121703
6.69 -0.000118095
6.7 -0.000106423
6.71 -8.90237e-05
6.72 -6.8675e-05
6.73 -4.83296e-05
6.74 -3.08047e-05
6.75 -1.84494e-05
6.76 -1.28961e-05
6.77 -1.49346e-05
6.78 -2.44623e-05
6.79 -4.05098e-05
6.8 -6.13804e-05
6.81 -8.49031e-05
6.82 -0.000108735
6.83 -0.000130639
6.84 -0.000148716
6.85 -0.000161604
6.86 -0.000168612
6.87 -0.000169765
6.88 -0.000165753
6.89 -0.00015776
6.9 -0.000147247
6.91 -0.000135705
6.92 -0.000124439
6.93 -0.000114414
6.94 -0.000106135
6.95 -9.96378e-05
6.96 -9.45931e-05
6.97 -9.04746e-05
6.98 -8.67929e-05
6.99 -8.32714e-05
7 -7.99178e-05
7.01 -7.70713e-05
7.02 -7.53322e-05
7.03 -7.53459e-05
7.04 -7.75864e-05
7.05 -8.21856e-05
7.06 -8.87835e-05
7.07 -9.64797e-05
7.08 -0.000103928
7.09 -0.000109507
7.1 -0.000111547
7.11 -0.000108586
7.12 -9.96215e-05
7.13 -8.44088e-05
7.14 -6.36533e-05
7.15 -3.89847e-05
7.16 -1.27603e-05
7.17 1.22383e-05
7.18 3.31662e-05
7.19 4.7496e-05
7.2 5.33442e-05
7.21 4.97361e-05
7.22 3.68029e-05
7.23 1.58362e-05
7.24 -1.08404e-05
7.25 -4.01346e-05
7.26 -6.8547e-05
7.27 -9.26426e-05
7.28 -0.000109525
7.29 -0.000117211
7.3 -0.000114876
7.31 -0.000102954
7.32 -8.30939e-05
7.33 -5.7913e-05
7.34 -3.05834e-05
7.35 -4.39196e-06
7.36 1.76951e-05
7.37 3.34341e-05
7.38 4.15765e-05
7.39 4.19792e-05
7.4 3.55487e-05
7.41 2.40446e-05
7.42 9.78208e-06
7.43 -4.76768e-06
7.44 -1.73878e-05
7.45 -2.63949e-05
7.46 -3.08187e-05
7.47 -3.05096e-05
7.48 -2.61258e-05
7.49 -1.90482e-05
7.5 -1.1225e-05
7.51 -4.91832e-06
7.52 -2.38904e-06
7.53 -5.55884e-06
7.54 -1.57248e-05
7.55 -3.33921e-05
7.56 -5.82753e-05
7.57 -8.94124e-05
7.58 -0.000125279
7.59 -0.000163946
7.6 -0.000203294
7.61 -0.000241165
7.62 -0.000275398
7.63 -0.000303873
7.64 -0.000325597
7.65 -0.000341156
7.66 -0.000350869
7.67 -0.000354008
7.68 -0.000349275
7.69 -0.00033531
7.7 -0.000311312
7.71 -0.000277094
7.72 -0.000233289
7.73 -0.000181664
7.74 -0.000125055
7.75 -6.71655e-05
7.76 -1.21784e-05
7.77 3.57581e-05
7.78 7.29942e-05
7.79 9.67246e-05
7.8 0.000105217
7.81 9.79803e-05
7.82 7.58297e-05
7.83 4.07656e-05
7.84 -4.25895e-06
7.85 -5.55855e-05
7.86 -0.000109154
7.87 -0.00016088
7.88 -0.000206981
7.89 -0.000244222
7.9 -0.000270143
7.91 -0.000283246
7.92 -0.00028307
7.93 -0.000270163
7.94 -0.000246
7.95 -0.000212841
7.96 -0.000173531
7.97 -0.000131229
7.98 -8.91134e-05
7.99 -5.012e-05
8 -1.67783e-05
8.01 8.91553e-06
8.02 2.56448e-05
8.03 3.28452e-05
8.04 3.06703e-05
8.05 1.98954e-05
8.06 1.80128e-06
8.07 -2.19254e-05
8.08 -4.92788e-05
8.09 -7.80327e-05
8.1 -0.00010585
8.11 -0.000130366
8.12 -0.00014927
8.13 -0.000160485
8.14 -0.000162411
8.15 -0.000154083
8.16 -0.000135272
8.17 -0.000106545
8.18 -6.92793e-05
8.19 -2.56011e-05
8.2 2.17864e-05
8.21 6.98117e-05
8.22 0.000115252
8.23 0.000155055
8.24 0.000186666
8.25 0.000208226
8.26 0.000218666
8.27 0.000217852
8.28 0.000206592
8.29 0.000186342
8.3 0.000158947
8.31 0.000126439
8.32 9.07551e-05
8.33 5.35326e-05
8.34 1.60276e-05
8.35 -2.08867e-05
8.36 -5.66386e-05
8.37 -9.07785e-05
8.38 -0.000122814
8.39 -0.000152082
8.4 -0.000177661
8.41 -0.000198439
8.42 -0.000213302
8.43 -0.000221307
8.44 -0.000221794
8.45 -0.000214447
8.46 -0.000199299
8.47 -0.00017676
8.48 -0.000147618
8.49 -0.00011306
8.5 -7.46544e-05
8.51 -3.42618e-05
8.52 6.01742e-06
8.53 4.38878e-05
8.54 7.6961e-05
8.55 0.000102935
8.56 0.000119871
8.57 0.000126479
8.58 0.000122292
8.59 0.000107756
8.6 8.42247e-05
8.61 5.38854e-05
8.62 1.96228e-05
8.63 -1.51703e-05
8.64 -4.68828e-05
8.65 -7.20116e-05
8.66 -8.74838e-05
8.67 -9.09926e-05
8.68 -8.12701e-05
8.69 -5.82716e-05
8.7 -2.32293e-05
8.71 2.15058e-05
8.72 7.26627e-05
8.73 0.000126261
8.74 0.000177992
8.75 0.000223652
8.76 0.000260443
8.77 0.000287763
8.78 0.000305658
8.79 0.000313762
8.8 0.000311432
8.81 0.000298138
8.82 0.000274098
8.83 0.000240445
8.84 0.000199192
8.85 0.000153149
8.86 0.000105661
8.87 6.02463e-05
8.88 2.0254e-05
8.89 -1.13746e-05
8.9 -3.23115e-05
8.91 -4.10608e-05
8.92 -3.71226e-05
8.93 -2.10669e-05
8.94 5.45612e-06
8.95 3.98129e-05
8.96 7.86357e-05
8.97 0.000118161
8.98 0.000154591
8.99 0.000184405
9 0.0002046
9.01 0.000212917
9.02 0.000208028
9.03 0.000189613
9.04 0.000158414
9.05 0.000116272
9.06 6.60579e-05
9.07 1.14467e-05
9.08 -4.34163e-05
9.09 -9.43325e-05
9.1 -0.000137489
9.11 -0.000169884
9.12 -0.000189616
9.13 -0.000196011
9.14 -0.000189664
9.15 -0.000172329
9.16 -0.000146625
9.17 -0.000115644
9.18 -8.25328e-05
9.19 -5.01355e-05
9.2 -2.07044e-05
9.21 4.36369e-06
9.22 2.46547e-05
9.23 4.06834e-05
9.24 5.36706e-05
9.25 6.51693e-05
9.26 7.66718e-05
9.27 8.93174e-05
9.28 0.000103683
9.29 0.000119648
9.3 0.000136485
9.31 0.000153153
9.32 0.00016854
9.33 0.000181588
9.34 0.000191405
9.35 0.00019739
9.36 0.000199279
9.37 0.000197156
9.38 0.000191448
9.39 0.000182874
9.4 0.000172287
9.41 0.000160504
9.42 0.00014817
9.43 0.000135631
9.44 0.000122831
9.45 0.000109298
9.46 9.43116e-05
9.47 7.71294e-05
9.48 5.71834e-05
9.49 3.43106e-05
9.5 8.90702e-06
9.51 -1.80571e-05
9.52 -4.5107e-05
9.53 -7.04377e-05
9.54 -9.22071e-05
9.55 -0.00010886
9.56 -0.00011937
9.57 -0.000123418
9.58 -0.000121507
9.59 -0.000114941
9.6 -0.000105634
9.61 -9.57993e-05
9.62 -8.76275e-05
9.63 -8.2954e-05
9.64 -8.29651e-05
9.65 -8.80344e-05
9.66 -9.77055e-05
9.67 -0.000110771
9.68 -0.000125415
9.69 -0.00013945
9.7 -0.000150632
9.71 -0.000157014
9.72 -0.000157213
9.73 -0.000150577
9.74 -0.000137298
9.75 -0.000118455
9.76 -9.58976e-05
9.77 -7.20084e-05
9.78 -4.94307e-05
9.79 -3.08028e-05
9.8 -1.85178e-05
9.81 -1.44963e-05
9.82 -1.99827e-05
9.83 -3.54213e-05
9.84 -6.04278e-05
9.85 -9.38245e-05
9.86 -0.000133693
9.87 -0.000177471
9.88 -0.000222153
9.89 -0.000264595
9.9 -0.000302921
9.91 -0.000337373
9.92 -0.000368657
9.93 -0.00039694
9.94 -0.000422101
9.95 -0.00044374
9.96 -0.000461278
9.97 -0.000474119
9.98 -0.000481796
9.99 -0.00048405
10 -0.000480837
10.01 -0.000472597
10.02 -0.000460564
10.03 -0.000446538
10.04 -0.000432512
10.05 -0.000420404
10.06 -0.000411749
10.07 -0.000407519
10.08 -0.000408045
10.09 -0.000413021
10.1 -0.000421567
10.11 -0.000432354
10.12 -0.000443855
10.13 -0.000454632
10.14 -0.000463504
10.15 -0.000469638
10.16 -0.000472613
10.17 -0.000472391
10.18 -0.000469196
10.19 -0.00046341
10.2 -0.000455482
10.21 -0.000445884
10.22 -0.000435139
10.23 -0.000423803
10.24 -0.000412406
10.25 -0.000401447
10.26 -0.000391428
10.27 -0.000382833
10.28 -0.00037607
10.29 -0.000371409
10.3 -0.000368945
10.31 -0.00036857
10.32 -0.000369907
10.33 -0.000372328
10.34 -0.00037508
10.35 -0.000377421
10.36 -0.000378673
10.37 -0.000378272
10.38 -0.000375831
10.39 -0.000371153
10.4 -0.00036422
10.41 -0.000355147
10.42 -0.000344095
10.43 -0.000331219
10.44 -0.000316636
10.45 -0.000300403
10.46 -0.000282565
10.47 -0.000263252
10.48 -0.000242788
10.49 -0.000221741
10.5 -0.000200994
10.51 -0.000181693
10.52 -0.000165117
10.53 -0.00015253
10.54 -0.000145009
10.55 -0.000143246
10.56 -0.000147428
10.57 -0.000157227
10.58 -0.000171838
10.59 -0.000190039
10.6 -0.00021029
10.61 -0.000230928
10.62 -0.000250364
10.63 -0.000267238
10.64 -0.000280571
10.65 -0.000289867
10.66 -0.000295122
10.67 -0.000296782
10.68 -0.00029563
10.69 -0.000292619
10.7 -0.00028869
10.71 -0.000284646
10.72 -0.000281128
10.73 -0.000278591
10.74 -0.000277255
10.75 -0.000277148
10.76 -0.000278127
10.77 -0.00027987
10.78 -0.000281886
10.79 -0.000283578
10.8 -0.00028433
10.81 -0.000283601
10.82 -0.000280952
10.83 -0.000276068
10.84 -0.000268825
10.85 -0.000259327
10.86 -0.000247944
10.87 -0.000235327
10.88 -0.000222327
10.89 -0.000209863
10.9 -0.000198834
10.91 -0.000190011
10.92 -0.000183886
10.93 -0.000180534
10.94 -0.000179553
10.95 -0.000180096
10.96 -0.000180977
10.97 -0.000180832
10.98 -0.000178307
10.99 -0.000172273
11 -0.000162037
11.01 -0.000147432
11.02 -0.000128828
11.03 -0.000107129
11.04 -8.37102e-05
11.05 -6.02468e-05
11.06 -3.84694e-05
11.07 -1.99784e-05
11.08 -6.11442e-06
11.09 2.17489e-06
11.1 4.46347e-06
11.11 9.24653e-07
11.12 -7.65344e-06
11.13 -1.99408e-05
11.14 -3.42675e-05
11.15 -4.88341e-05
11.16 -6.18242e-05
11.17 -7.14918e-05
11.18 -7.62715e-05
11.19 -7.48938e-05
11.2 -6.65086e-05
11.21 -5.07804e-05
11.22 -2.79161e-05
11.23 1.29241e-06
11.24 3.5369e-05
11.25 7.2109e-05
11.26 0.000108685
11.27 0.000143291
11.28 0.000176123
11.29 0.000207414
11.3 0.000236669
11.31 0.000263337
11.32 0.000286877
11.33 0.000306844
11.34 0.000322992
11.35 0.000335401
11.36 0.000344523
11.37 0.000351091
11.38 0.000355963
11.39 0.000359987
11.4 0.000363947
11.41 0.000368516
11.42 0.000374135
11.43 0.000380946
11.44 0.000388837
11.45 0.0003975
11.46 0.000406529
11.47 0.000415543
11.48 0.000424308
11.49 0.000432856
11.5 0.000441581
11.51 0.000451234
11.52 0.000462847
11.53 0.000477636
11.54 0.000496904
11.55 0.000521929
11.56 0.000553811
11.57 0.00059335
11.58 0.00064103
11.59 0.00069707
11.6 0.000761563
11.61 0.000834592
11.62 0.000916242
11.63 0.00100659
11.64 0.00110574
11.65 0.00121376
11.66 0.0013307
11.67 0.00145659
11.68 0.0015914
11.69 0.00173503
11.7 0.00188719
11.71 0.00204737
11.72 0.00221479
11.73 0.00238841
11.74 0.00256691
11.75 0.00274865
11.76 0.00293169
11.77 0.00311363
11.78 0.00329165
11.79 0.00346259
11.8 0.00362317
11.81 0.00377025
11.82 0.00390104
11.83 0.00401313
11.84 0.00410455
11.85 0.00417373
11.86 0.00421942
11.87 0.00424056
11.88 0.00423618
11.89 0.0042063
11.9 0.00415313
11.91 0.00408112
11.92 0.00399638
11.93 0.00390611
11.94 0.00381791
11.95 0.00373902
11.96 0.00367563
11.97 0.00363231
11.98 0.00361028
11.99 0.00360742
12 0.00362174
12.01 0.00365141
12.02 0.00369274
12.03 0.00374137
12.04 0.00379299
12.05 0.00384334
12.06 0.00388858
12.07 0.00392554
12.08 0.00395185
12.09 0.00396603
12.1 0.00396753
12.11 0.00395675
12.12 0.00393501
12.13 0.00390432
12.14 0.00386708
12.15 0.00382596
12.16 0.00378363
12.17 0.00374263
12.18 0.00370527
12.19 0.00367342
12.2 0.00364833
12.21 0.0036306
12.22 0.00362027
12.23 0.00361677
12.24 0.00361895
12.25 0.00362521
12.26 0.00363379
12.27 0.00364291
12.28 0.00365095
12.29 0.00365658
12.3 0.0036589
12.31 0.00365748
12.32 0.00365248
12.33 0.00364467
12.34 0.00363531
12.35 0.00362596
12.36 0.00361832
12.37 0.0036141
12.38 0.00361488
12.39 0.0036219
12.4 0.00363589
12.41 0.00365703
12.42 0.00368474
12.43 0.0037177
12.44 0.00375407
12.45 0.00379173
12.46 0.00382843
12.47 0.00386212
12.48 0.00389133
12.49 0.00391542
12.5 0.00393475
12.51 0.00395056
12.52 0.00396478
12.53 0.00397979
12.54 0.00399792
12.55 0.00402106
12.56 0.00405037
12.57 0.00408609
12.58 0.00412761
12.59 0.00417361
12.6 0.00422235
12.61 0.00427409
12.62 0.00433235
12.63 0.00440032
12.64 0.00447961
12.65 0.00457157
12.66 0.00467725
12.67 0.00479729
12.68 0.00493186
12.69 0.00508067
12.7 0.00524297
12.71 0.00541765
12.72 0.00560342
12.73 0.00579883
12.74 0.00600236
12.75 0.0062125
12.76 0.0064278
12.77 0.00664697
12.78 0.00686879
12.79 0.00709218
12.8 0.0073161
12.81 0.00753955
12.82 0.00776144
12.83 0.00798061
12.84 0.00819586
12.85 0.00840605
12.86 0.00861013
12.87 0.00880723
12.88 0.00899668
12.89 0.00917813
12.9 0.00935153
12.91 0.00951695
12.92 0.00967459
12.93 0.00982456
12.94 0.00996696
12.95 0.0101018
12.96 0.0102288
12.97 0.0103478
12.98 0.0104585
12.99 0.0105606
13 0.0106537
13.01 0.0107375
13.02 0.010812
13.03 0.0108773
13.04 0.0109336
13.05 0.0109815
13.06 0.011021
13.07 0.0110525
13.08 0.0110758
13.09 0.0110907
13.1 0.0110967
13.11 0.0110929
13.12 0.0110789
13.13 0.0110552
13.14 0.011023
13.15 0.0109847
13.16 0.0109431
13.17 0.0109015
13.18 0.0108636
13.19 0.0108324
13.2 0.0108107
13.21 0.0107999
13.22 0.0108008
13.23 0.0108128
13.24 0.0108341
13.25 0.0108623
13.26 0.0108941
13.27 0.010926
13.28 0.0109544
13.29 0.0109762
13.3 0.0109887
13.31 0.0109901
13.32 0.0109795
13.33 0.0109571
13.34 0.0109238
13.35 0.0108818
13.36 0.0108337
13.37 0.010783
13.38 0.0107335
13.39 0.0106886
13.4 0.0106517
13.41 0.0106252
13.42 0.010611
13.43 0.0106097
13.44 0.0106211
13.45 0.0106439
13.46 0.010676
13.47 0.0107148
13.48 0.0107573
13.49 0.0108002
13.5 0.0108405
13.51 0.0108756
13.52 0.0109036
13.53 0.0109234
13.54 0.0109346
13.55 0.010938
13.56 0.010935
13.57 0.0109278
13.58 0.0109187
13.59 0.0109097
13.6 0.010903
13.61 0.0109
13.62 0.0109018
13.63 0.0109089
13.64 0.0109212
13.65 0.0109384
13.66 0.0109592
13.67 0.0109825
13.68 0.0110068
13.69 0.0110303
13.7 0.0110513
13.71 0.0110681
13.72 0.0110795
13.73 0.0110844
13.74 0.0110823
13.75 0.0110731
13.76 0.011057
13.77 0.0110346
13.78 0.0110066
13.79 0.0109738
13.8 0.0109373
13.81 0.0108976
13.82 0.0108553
13.83 0.0108111
13.84 0.0107659
13.85 0.0107217
13.86 0.0106806
13.87 0.010645
13.88 0.0106172
13.89 0.0105982
13.9 0.0105885
13.91 0.0105875
13.92 0.0105938
13.93 0.0106055
13.94 0.01062
13.95 0.0106348
13.96 0.0106471
13.97 0.0106548
13.98 0.010656
13.99 0.0106497
14 0.0106355
14.01 0.0106138
14.02 0.0105854
14.03 0.0105521
14.04 0.0105159
14.05 0.010478
14.06 0.0104376
14.07 0.0103931
14.08 0.0103434
14.09 0.0102868
14.1 0.0102218
14.11 0.0101466
14.12 0.010059
14.13 0.00995662
14.14 0.00983697
14.15 0.00969719
14.16 0.00953429
14.17 0.00934522
14.18 0.00912702
14.19 0.00887694
14.2 0.0085924
14.21 0.00827091
14.22 0.00791011
14.23 0.00750771
14.24 0.00706144
14.25 0.00656901
14.26 0.00602817
14.27 0.00543673
14.28 0.00479268
14.29 0.00409429
14.3 0.00334015
14.31 0.00252926
14.32 0.00166112
14.33 0.000735667
14.34 -0.00024678
14.35 -0.00128573
14.36 -0.00238069
14.37 -0.00353132
14.38 -0.00473748
14.39 -0.00599916
14.4 -0.0073164
14.41 -0.00868922
14.42 -0.0101176
14.43 -0.0116013
14.44 -0.0131399
14.45 -0.0147323
14.46 -0.0163772
14.47 -0.0180724
14.48 -0.0198157
14.49 -0.0216046
14.5 -0.0234365
14.51 -0.0253088
14.52 -0.0272192
14.53 -0.0291652
14.54 -0.0311449
14.55 -0.0331561
14.56 -0.0351971
14.57 -0.037266
14.58 -0.039361
14.59 -0.0414803
14.6 -0.043622
14.61 -0.0457842
14.62 -0.0479642
14.63 -0.050159
14.64 -0.0523649
14.65 -0.0545774
14.66 -0.0567914
14.67 -0.0590012
14.68 -0.0612009
14.69 -0.0633849
14.7 -0.0655483
14.71 -0.0676861
14.72 -0.0697939
14.73 -0.0718665
14.74 -0.073898
14.75 -0.0758816
14.76 -0.0778103
14.77 -0.0796774
14.78 -0.0814762
14.79 -0.0832006
14.8 -0.0848448
14.81 -0.0864029
14.82 -0.0878695
14.83 -0.0892393
14.84 -0.0905077
14.85 -0.0916699
14.86 -0.0927219
14.87 -0.0936595
14.88 -0.0944791
14.89 -0.0951769
14.9 -0.0957493
14.91 -0.0961929
14.92 -0.0965042
14.93 -0.0966801
14.94 -0.0967174
14.95 -0.0966134
14.96 -0.0963737
14.97 -0.096021
14.98 -0.0955752
14.99 -0.0950366
15 -0.0944013
15.01 -0.0936706
15.02 -0.0928471
15.03 -0.0919348
15.04 -0.0909383
15.05 -0.0898631
15.06 -0.0887154
15.07 -0.0875023
15.08 -0.086231
15.09 -0.0849088
15.1 -0.0835427
15.11 -0.0821395
15.12 -0.0807061
15.13 -0.079249
15.14 -0.0777751
15.15 -0.0762904
15.16 -0.074801
15.17 -0.0733121
15.18 -0.0718286
15.19 -0.0703544
15.2 -0.0688929
15.21 -0.0674476
15.22 -0.0660219
15.23 -0.064619
15.24 -0.0632427
15.25 -0.0618965
15.26 -0.0605845
15.27 -0.0593108
15.28 -0.0580801
15.29 -0.0568969
15.3 -0.055765
15.31 -0.0546878
15.32 -0.0536676
15.33 -0.0527063
15.34 -0.0518052
15.35 -0.0509654
15.36 -0.0501884
15.37 -0.0494754
15.38 -0.0488278
15.39 -0.0482468
15.4 -0.0477331
15.41 -0.0472873
15.42 -0.0469095
15.43 -0.046599
15.44 -0.0463549
15.45 -0.0461756
15.46 -0.0460591
15.47 -0.0460029
15.48 -0.0460036
15.49 -0.0460561
15.5 -0.0461506
15.51 -0.0462729
15.52 -0.0464058
15.53 -0.0465312
15.54 -0.0466323
15.55 -0.0466979
15.56 -0.0467244
15.57 -0.0467089
15.58 -0.0466493
15.59 -0.0465477
15.6 -0.0464102
15.61 -0.0462454
15.62 -0.0460648
15.63 -0.0458739
15.64 -0.0456678
15.65 -0.0454393
15.66 -0.0451839
15.67 -0.044897
15.68 -0.0445743
15.69 -0.0442118
15.7 -0.0438056
15.71 -0.0433521
15.72 -0.0428478
15.73 -0.0422892
15.74 -0.0416729
15.75 -0.0409957
15.76 -0.0402543
15.77 -0.0394458
15.78 -0.0385674
15.79 -0.0376164
15.8 -0.0365904
15.81 -0.0354876
15.82 -0.0343064
15.83 -0.0330456
15.84 -0.0317046
15.85 -0.0302832
15.86 -0.0287817
15.87 -0.0272006
15.88 -0.0255406
15.89 -0.0238026
15.9 -0.0219879
15.91 -0.0200982
15.92 -0.018135
15.93 -0.0161
15.94 -0.013995
15.95 -0.0118216
15.96 -0.00958213
15.97 -0.00727901
15.98 -0.00491509
15.99 -0.00249365
16 -1.84247e-05
16.01 0.00250633
16.02 0.00507569
16.03 0.00768397
16.04 0.0103247
16.05 0.0129907
16.06 0.0156742
16.07 0.0183674
16.08 0.0210625
16.09 0.0237523
16.1 0.0264297
16.11 0.0290879
16.12 0.0317203
16.13 0.0343205
16.14 0.0368823
16.15 0.0393994
16.16 0.0418659
16.17 0.0442758
16.18 0.0466234
16.19 0.0489031
16.2 0.0511094
16.21 0.0532376
16.22 0.0552832
16.23 0.0572423
16.24 0.0591122
16.25 0.0608906
16.26 0.0625768
16.27 0.0641703
16.28 0.0656718
16.29 0.0670818
16.3 0.0684015
16.31 0.0696319
16.32 0.0707746
16.33 0.0718311
16.34 0.0728033
16.35 0.073693
16.36 0.0745023
16.37 0.075233
16.38 0.0758874
16.39 0.0764676
16.4 0.0769758
16.41 0.0774146
16.42 0.0777861
16.43 0.0780927
16.44 0.0783364
16.45 0.0785194
16.46 0.0786438
16.47 0.0787116
16.48 0.0787248
16.49 0.0786854
16.5 0.0785984
16.51 0.0784746
16.52 0.0783281
16.53 0.0781737
16.54 0.0780266
16.55 0.0778946
16.56 0.0777749
16.57 0.0776643
16.58 0.0775626
16.59 0.0774693
16.6 0.077384
16.61 0.077306
16.62 0.0772341
16.63 0.0771672
16.64 0.0771035
16.65 0.0770412
16.66 0.076978
16.67 0.0769114
16.68 0.0768386
16.69 0.0767564
16.7 0.0766616
16.71 0.0765509
16.72 0.0764216
16.73 0.0762714
16.74 0.0760986
16.75 0.0759024
16.76 0.0756818
16.77 0.0754367
16.78 0.0751667
16.79 0.0748721
16.8 0.0745533
16.81 0.0742107
16.82 0.0738452
16.83 0.0734575
16.84 0.0730486
16.85 0.0726192
16.86 0.0721705
16.87 0.0717031
16.88 0.0712177
16.89 0.0707148
16.9 0.0701947
16.91 0.0696575
16.92 0.0691033
16.93 0.0685322
16.94 0.0679443
16.95 0.06734
16.96 0.0667196
16.97 0.0660834
16.98 0.0654322
16.99 0.0647666
17 0.0640871
17.01 0.0633947
17.02 0.0626901
17.03 0.061974
17.04 0.0612471
17.05 0.0605099
17.06 0.0597631
17.07 0.0590073
17.08 0.0582431
17.09 0.0574712
17.1 0.0566923
17.11 0.0559068
17.12 0.0551155
17.13 0.0543187
17.14 0.0535172
17.15 0.0527115
17.16 0.0519021
17.17 0.0510896
17.18 0.0502744
17.19 0.0494572
17.2 0.0486384
17.21 0.0478185
17.22 0.0469983
17.23 0.0461781
17.24 0.0453586
17.25 0.0445401
17.26 0.043723
17.27 0.0429074
17.28 0.0420936
17.29 0.0412814
17.3 0.0404708
17.31 0.0396618
17.32 0.0388543
17.33 0.0380483
17.34 0.0372435
17.35 0.0364397
17.36 0.0356363
17.37 0.0348325
17.38 0.0340271
17.39 0.0332184
17.4 0.0324046
17.41 0.0315832
17.42 0.0307516
17.43 0.0299068
17.44 0.0290463
17.45 0.0281678
17.46 0.0272699
17.47 0.0263515
17.48 0.025412
17.49 0.0244515
17.5 0.0234701
17.51 0.0224678
17.52 0.0214447
17.53 0.0204009
17.54 0.0193363
17.55 0.0182511
17.56 0.0171455
17.57 0.01602
17.58 0.0148755
17.59 0.0137128
17.6 0.0125335
17.61 0.0113392
17.62 0.0101321
17.63 0.00891483
17.64 0.00769026
17.65 0.00646155
17.66 0.00523209
17.67 0.00400538
17.68 0.00278505
17.69 0.00157478
17.7 0.000378088
17.71 -0.000801795
17.72 -0.00196206
17.73 -0.00310037
17.74 -0.00421477
17.75 -0.00530344
17.76 -0.00636449
17.77 -0.00739579
17.78 -0.00839488
17.79 -0.00935897
17.8 -0.010285
17.81 -0.0111697
17.82 -0.0120101
17.83 -0.0128032
17.84 -0.0135461
17.85 -0.0142364
17.86 -0.0148716
17.87 -0.0154494
17.88 -0.0159681
17.89 -0.0164262
17.9 -0.016823
17.91 -0.0171582
17.92 -0.0174321
17.93 -0.0176455
17.94 -0.0177993
17.95 -0.0178946
17.96 -0.0179328
17.97 -0.0179153
17.98 -0.0178458
17.99 -0.0177331
18 -0.0175895
18.01 -0.0174297
18.02 -0.0172695
18.03 -0.0171184
18.04 -0.0169758
18.05 -0.0168392
18.06 -0.0167084
18.07 -0.0165835
18.08 -0.0164641
18.09 -0.0163502
18.1 -0.0162418
18.11 -0.0161389
18.12 -0.0160415
18.13 -0.0159495
18.14 -0.0158628
18.15 -0.015781
18.16 -0.0157037
18.17 -0.0156303
18.18 -0.0155601
18.19 -0.015492
18.2 -0.0154251
18.21 -0.0153582
18.22 -0.0152901
18.23 -0.0152198
18.24 -0.0151463
18.25 -0.0150688
18.26 -0.0149866
18.27 -0.0148991
18.28 -0.0148056
18.29 -0.0147056
18.3 -0.0145984
18.31 -0.0144833
18.32 -0.0143595
18.33 -0.0142264
18.34 -0.0140832
18.35 -0.0139294
18.36 -0.0137647
18.37 -0.0135889
18.38 -0.0134018
18.39 -0.0132034
18.4 -0.0129937
18.41 -0.0127723
18.42 -0.0125391
18.43 -0.0122934
18.44 -0.0120345
18.45 -0.0117615
18.46 -0.0114732
18.47 -0.0111684
18.48 -0.0108456
18.49 -0.0105035
18.5 -0.0101408
18.51 -0.00975644
18.52 -0.00934953
18.53 -0.00891953
18.54 -0.00846614
18.55 -0.0079893
18.56 -0.00748921
18.57 -0.00696628
18.58 -0.00642103
18.59 -0.00585399
18.6 -0.0052657
18.61 -0.00465665
18.62 -0.00402733
18.63 -0.00337817
18.64 -0.00270964
18.65 -0.00202224
18.66 -0.0013166
18.67 -0.000593647
18.68 0.000145238
18.69 0.000898032
18.7 0.00166194
18.71 0.00243338
18.72 0.00320805
18.73 0.003981
18.74 0.00474707
18.75 0.00550121
18.76 0.00623867
18.77 0.00695493
18.78 0.00764561
18.79 0.0083065
18.8 0.00893349
18.81 0.00952259
18.82 0.0100699
18.83 0.0105715
18.84 0.0110237
18.85 0.0114227
18.86 0.0117651
18.87 0.0120473
18.88 0.0122662
18.89 0.0124187
18.9 0.0125024
18.91 0.0125153
18.92 0.0124561
18.93 0.0123289
18.94 0.012147
18.95 0.0119287
18.96 0.0116883
18.97 0.0114291
18.98 0.0111498
18.99 0.0108491
19 0.0105256
19.01 0.0101776
19.02 0.0098029
19.03 0.0093995
19.04 0.00896518
19.05 0.008498
19.06 0.00799636
19.07 0.00745909
19.08 0.00688543
19.09 0.00627503
19.1 0.00562783
19.11 0.00494387
19.12 0.00422305
19.13 0.00346508
19.14 0.00266952
19.15 0.00183591
19.16 0.000964036
19.17 5.40791e-05
19.18 -0.000893094
19.19 -0.00187582
19.2 -0.00289163
19.21 -0.00393738
19.22 -0.00500933
19.23 -0.00610338
19.24 -0.00721527
19.25 -0.00834097
19.26 -0.00947707
19.27 -0.010621
19.28 -0.0117708
19.29 -0.0129249
19.3 -0.0140816
19.31 -0.0152391
19.32 -0.0163953
19.33 -0.0175476
19.34 -0.0186935
19.35 -0.0198296
19.36 -0.0209526
19.37 -0.0220587
19.38 -0.0231444
19.39 -0.024206
19.4 -0.0252405
19.41 -0.0262446
19.42 -0.0272154
19.43 -0.0281499
19.44 -0.0290453
19.45 -0.029899
19.46 -0.0307084
19.47 -0.0314711
19.48 -0.0321849
19.49 -0.0328476
19.5 -0.0334576
19.51 -0.0340131
19.52 -0.0345131
19.53 -0.0349564
19.54 -0.0353424
19.55 -0.035671
19.56 -0.0359425
19.57 -0.0361578
19.58 -0.0363179
19.59 -0.0364242
19.6 -0.0364779
19.61 -0.0364807
19.62 -0.036434
19.63 -0.0363431
19.64 -0.036219
19.65 -0.0360758
19.66 -0.035928
19.67 -0.03579
19.68 -0.0356693
19.69 -0.0355636
19.7 -0.0354701
19.71 -0.0353894
19.72 -0.0353221
19.73 -0.0352686
19.74 -0.0352294
19.75 -0.035205
19.76 -0.0351952
19.77 -0.0351999
19.78 -0.035218
19.79 -0.0352474
19.8 -0.0352848
19.81 -0.0353263
19.82 -0.0353678
19.83 -0.0354057
19.84 -0.0354365
19.85 -0.0354582
19.86 -0.0354694
19.87 -0.0354701
19.88 -0.0354615
19.89 -0.0354455
19.9 -0.0354246
19.91 -0.0354015
19.92 -0.0353791
19.93 -0.0353596
19.94 -0.035345
19.95 -0.0353368
19.96 -0.0353358
19.97 -0.0353425
19.98 -0.0353565
19.99 -0.0353773
20 -0.0354037
20.01 -0.0354342
20.02 -0.035467
20.03 -0.0354999
20.04 -0.0355306
20.05 -0.0355565
20.06 -0.0355749
20.07 -0.0355838
20.08 -0.0355813
20.09 -0.0355664
20.1 -0.0355389
20.11 -0.0354994
20.12 -0.0354495
20.13 -0.0353917
20.14 -0.0353294
20.15 -0.0352663
20.16 -0.0352061
20.17 -0.0351521
20.18 -0.0351051
20.19 -0.0350624
20.2 -0.0350213
20.21 -0.0349805
20.22 -0.0349389
20.23 -0.0348957
20.24 -0.0348498
20.25 -0.0348003
20.26 -0.0347464
20.27 -0.0346876
20.28 -0.0346233
20.29 -0.0345535
20.3 -0.0344781
20.31 -0.0343974
20.32 -0.0343119
20.33 -0.0342219
20.34 -0.0341283
20.35 -0.0340315
20.36 -0.033932
20.37 -0.0338302
20.38 -0.0337258
20.39 -0.0336185
20.4 -0.0335075
20.41 -0.0333916
20.42 -0.0332694
20.43 -0.0331392
20.44 -0.0329993
20.45 -0.0328482
20.46 -0.0326841
20.47 -0.0325058
20.48 -0.0323117
20.49 -0.0321005
20.5 -0.0318706
20.51 -0.0316207
20.52 -0.0313494
20.53 -0.0310554
20.54 -0.0307374
20.55 -0.030394
20.56 -0.0300242
20.57 -0.0296271
20.58 -0.029202
20.59 -0.0287488
20.6 -0.0282681
20.61 -0.0277608
20.62 -0.027228
20.63 -0.0266714
20.64 -0.0260924
20.65 -0.0254925
20.66 -0.0248734
20.67 -0.0242366
20.68 -0.0235834
20.69 -0.022915
20.7 -0.0222327
20.71 -0.0215375
20.72 -0.0208301
20.73 -0.0201114
20.74 -0.0193823
20.75 -0.0186436
20.76 -0.0178961
20.77 -0.0171405
20.78 -0.0163774
20.79 -0.0156072
20.8 -0.01483
20.81 -0.0140454
20.82 -0.0132528
20.83 -0.012451
20.84 -0.0116387
20.85 -0.0108149
20.86 -0.00997855
20.87 -0.00912908
20.88 -0.00826617
20.89 -0.00738987
20.9 -0.0065006
20.91 -0.00559898
20.92 -0.00468567
20.93 -0.00376138
20.94 -0.00282685
20.95 -0.00188286
20.96 -0.000930362
20.97 2.94785e-05
20.98 0.000995219
20.99 0.00196512
21 0.00293713
21.01 0.00390883
21.02 0.00487747
21.03 0.00583999
21.04 0.00679321
21.05 0.007734
21.06 0.00865938
21.07 0.00956654
21.08 0.0104528
21.09 0.0113155
21.1 0.0121521
21.11 0.0129605
21.12 0.0137387
21.13 0.0144854
21.14 0.0151995
21.15 0.0158804
21.16 0.0165273
21.17 0.0171399
21.18 0.0177177
21.19 0.0182605
21.2 0.0187678
21.21 0.0192394
21.22 0.0196751
21.23 0.0200748
21.24 0.0204383
21.25 0.0207656
21.26 0.0210571
21.27 0.0213132
21.28 0.0215345
21.29 0.021722
21.3 0.0218768
21.31 0.0220001
21.32 0.0220929
21.33 0.0221564
21.34 0.0221912
21.35 0.0221982
21.36 0.0221777
21.37 0.0221316
21.38 0.0220646
21.39 0.0219832
21.4 0.0218942
21.41 0.0218046
21.42 0.0217212
21.43 0.0216501
21.44 0.0215957
21.45 0.0215595
21.46 0.0215389
21.47 0.0215313
21.48 0.0215349
21.49 0.0215477
21.5 0.0215669
21.51 0.021589
21.52 0.0216106
21.53 0.0216285
21.54 0.0216398
21.55 0.0216426
21.56 0.0216356
21.57 0.0216187
21.58 0.0215922
21.59 0.0215574
21.6 0.0215161
21.61 0.0214692
21.62 0.0214154
21.63 0.0213529
21.64 0.0212808
21.65 0.0211982
21.66 0.0211049
21.67 0.0210009
21.68 0.0208864
21.69 0.0207616
21.7 0.020627
21.71 0.0204827
21.72 0.0203292
21.73 0.0201666
21.74 0.0199956
21.75 0.0198168
21.76 0.019631
21.77 0.0194393
21.78 0.019243
21.79 0.0190436
21.8 0.0188422
21.81 0.0186402
21.82 0.0184385
21.83 0.0182377
21.84 0.0180382
21.85 0.0178399
21.86 0.0176427
21.87 0.0174462
21.88 0.0172498
21.89 0.0170527
21.9 0.0168542
21.91 0.0166537
21.92 0.0164506
21.93 0.0162445
21.94 0.0160352
21.95 0.0158229
21.96 0.0156074
21.97 0.0153887
21.98 0.0151665
21.99 0.0149399
22 0.0147081
22.01 0.0144696
22.02 0.0142228
22.03 0.0139658
22.04 0.0136971
22.05 0.0134155
22.06 0.0131205
22.07 0.0128122
22.08 0.0124913
22.09 0.0121589
22.1 0.0118162
22.11 0.0114647
22.12 0.0111057
22.13 0.0107408
22.14 0.0103715
22.15 0.00999916
22.16 0.00962477
22.17 0.00924928
22.18 0.00887343
22.19 0.00849785
22.2 0.00812315
22.21 0.00775002
22.22 0.0073793
22.23 0.007012
22.24 0.00664928
22.25 0.00629236
22.26 0.00594245
22.27 0.00560077
22.28 0.00526841
22.29 0.00494628
22.3 0.00463498
22.31 0.00433475
22.32 0.00404543
22.33 0.00376653
22.34 0.0034974
22.35 0.00323719
22.36 0.00298503
22.37 0.00274005
22.38 0.00250148
22.39 0.00226872
22.4 0.00204128
22.41 0.0018189
22.42 0.00160147
22.43 0.00138909
22.44 0.00118194
22.45 0.000980297
22.46 0.000784646
22.47 0.000595694
22.48 0.000414386
22.49 0.000241854
22.5 7.94041e-05
22.51 -7.14222e-05
22.52 -0.00020888
22.53 -0.000331088
22.54 -0.000436108
22.55 -0.000522047
22.56 -0.000587051
22.57 -0.000629249
22.58 -0.000646773
22.59 -0.000637825
22.6 -0.000601771
22.61 -0.000540565
22.62 -0.00045851
22.63 -0.000361657
22.64 -0.000257453
22.65 -0.000154017
22.66 -5.93813e-05
22.67 2.15221e-05
22.68 8.87754e-05
22.69 0.000144072
22.7 0.00018861
22.71 0.000223672
22.72 0.000250631
22.73 0.000270897
22.74 0.000285887
22.75 0.00029702
22.76 0.000305657
22.77 0.000313016
22.78 0.000320144
22.79 0.000327954
22.8 0.00033728
22.81 0.000348925
22.82 0.000363636
22.83 0.000382083
22.84 0.000404869
22.85 0.000432517
22.86 0.000465462
22.87 0.000504054
22.88 0.000548531
22.89 0.000598998
22.9 0.000655385
22.91 0.000717416
22.92 0.000784621
22.93 0.000856344
22.94 0.00093177
22.95 0.00100992
22.96 0.00108964
22.97 0.00116968
22.98 0.00124881
22.99 0.00132604
23 0.00140082
23.01 0.00147306
23.02 0.00154297
23.03 0.00161102
23.04 0.00167792
23.05 0.00174447
23.06 0.00181152
23.07 0.00187978
23.08 0.00194966
23.09 0.00202121
23.1 0.00209424
23.11 0.00216846
23.12 0.00224353
23.13 0.00231909
23.14 0.00239488
23.15 0.00247066
23.16 0.00254621
23.17 0.00262132
23.18 0.00269588
23.19 0.00276985
23.2 0.0028433
23.21 0.00291634
23.22 0.00298902
23.23 0.0030614
23.24 0.0031335
23.25 0.00320536
23.26 0.00327697
23.27 0.00334832
23.28 0.00341947
23.29 0.00349063
23.3 0.00356209
23.31 0.0036342
23.32 0.00370738
23.33 0.003782
23.34 0.00385835
23.35 0.00393667
23.36 0.00401707
23.37 0.0040995
23.38 0.00418375
23.39 0.00426947
23.4 0.00435605
23.41 0.00444267
23.42 0.00452826
23.43 0.00461163
23.44 0.00469142
23.45 0.00476611
23.46 0.0048342
23.47 0.00489428
23.48 0.00494526
23.49 0.00498632
23.5 0.00501692
23.51 0.0050367
23.52 0.00504541
23.53 0.00504288
23.54 0.00502936
23.55 0.00500611
23.56 0.00497533
23.57 0.00493988
23.58 0.00490309
23.59 0.00486838
23.6 0.00483895
23.61 0.00481743
23.62 0.00480568
23.63 0.00480469
23.64 0.00481448
23.65 0.00483415
23.66 0.00486192
23.67 0.00489528
23.68 0.00493111
23.69 0.00496606
23.7 0.00499679
23.71 0.00502034
23.72 0.00503432
23.73 0.00503719
23.74 0.00502827
23.75 0.00500786
23.76 0.00497704
23.77 0.00493748
23.78 0.00489128
23.79 0.00484076
23.8 0.00478832
23.81 0.0047364
23.82 0.00468732
23.83 0.00464315
23.84 0.00460545
23.85 0.00457517
23.86 0.00455259
23.87 0.00453726
23.88 0.00452813
23.89 0.00452353
23.9 0.00452137
23.91 0.00451921
23.92 0.00451452
23.93 0.00450501
23.94 0.00448895
23.95 0.00446539
23.96 0.00443325
23.97 0.00439054
23.98 0.00433546
23.99 0.00426699
24 0.00418469
24.01 0.0040886
24.02 0.00397912
24.03 0.00385701
24.04 0.00372351
24.05 0.00358042
24.06 0.00343013
24.07 0.00327552
24.08 0.00311969
24.09 0.0029657
24.1 0.00281648
24.11 0.0026747
24.12 0.00254265
24.13 0.00242212
24.14 0.00231436
24.15 0.00221998
24.16 0.00213904
24.17 0.0020712
24.18 0.00201595
24.19 0.00197272
24.2 0.00194087
24.21 0.00191965
24.22 0.00190824
24.23 0.00190569
24.24 0.00191101
24.25 0.00192273
24.26 0.00193856
24.27 0.00195572
24.28 0.00197137
24.29 0.00198272
24.3 0.00198718
24.31 0.0019827
24.32 0.00196812
24.33 0.00194348
24.34 0.00191012
24.35 0.00187077
24.36 0.00182728
24.37 0.00177921
24.38 0.00172629
24.39 0.0016693
24.4 0.00160915
24.41 0.00154675
24.42 0.00148292
24.43 0.00141831
24.44 0.00135338
24.45 0.00128848
24.46 0.00122387
24.47 0.00115989
24.48 0.00109692
24.49 0.00103542
24.5 0.000975879
24.51 0.000918785
24.52 0.000864627
24.53 0.00081382
24.54 0.000766647
24.55 0.000723285
24.56 0.00068381
24.57 0.000648137
24.58 0.000615973
24.59 0.000586877
24.6 0.000560382
24.61 0.000536066
24.62 0.000513513
24.63 0.000492287
24.64 0.000471993
24.65 0.000452416
24.66 0.000433601
24.67 0.000415805
24.68 0.000399466
24.69 0.000385244
24.7 0.000373982
24.71 0.000366641
24.72 0.000364236
24.73 0.00036776
24.74 0.000377856
24.75 0.00039449
24.76 0.000417109
24.77 0.000444741
24.78 0.000475884
24.79 0.000508567
24.8 0.000540606
24.81 0.000569829
24.82 0.000594206
24.83 0.000612015
24.84 0.000622048
24.85 0.000623754
24.86 0.000617288
24.87 0.000603489
24.88 0.000583744
24.89 0.000559778
24.9 0.000533441
24.91 0.00050653
24.92 0.000480669
24.93 0.000457203
24.94 0.000437103
24.95 0.000420948
24.96 0.000408907
24.97 0.000400724
24.98 0.000395776
24.99 0.000393249
25 0.000392254
