0.01 3.11701e-09
0.02 1.48386e-08
0.03 3.59375e-08
0.04 6.31036e-08
0.05 9.2879e-08
0.06 1.21829e-07
0.07 1.46701e-07
0.08 1.64558e-07
0.09 1.72875e-07
0.1 1.69641e-07
0.11 1.53447e-07
0.12 1.23538e-07
0.13 7.97925e-08
0.14 2.26547e-08
0.15 -4.69091e-08
0.16 -1.27408e-07
0.17 -2.16858e-07
0.18 -3.12864e-07
0.19 -4.12725e-07
0.2 -5.13544e-07
0.21 -6.12347e-07
0.22 -7.06211e-07
0.23 -7.92397e-07
0.24 -8.68474e-07
0.25 -9.3246e-07
0.26 -9.82947e-07
0.27 -1.0192e-06
0.28 -1.04103e-06
0.29 -1.04855e-06
0.3 -1.04206e-06
0.31 -1.02198e-06
0.32 -9.88763e-07
0.33 -9.42721e-07
0.34 -8.83877e-07
0.35 -8.12244e-07
0.36 -7.28036e-07
0.37 -6.31772e-07
0.38 -5.24819e-07
0.39 -4.10073e-07
0.4 -2.92373e-07
0.41 -1.78598e-07
0.42 -7.68732e-08
0.43 4.3789e-09
0.44 5.67203e-08
0.45 7.22067e-08
0.46 4.41597e-08
0.47 -3.21563e-08
0.48 -1.58802e-07
0.49 -3.34915e-07
0.5 -5.56694e-07
0.51 -8.17834e-07
0.52 -1.11017e-06
0.53 -1.42359e-06
0.54 -1.74678e-06
0.55 -2.06811e-06
0.56 -2.37573e-06
0.57 -2.65822e-06
0.58 -2.90548e-06
0.59 -3.10915e-06
0.6 -3.26277e-06
0.61 -3.3621e-06
0.62 -3.40515e-06
0.63 -3.39231e-06
0.64 -3.32635e-06
0.65 -3.21234e-06
0.66 -3.05748e-06
0.67 -2.87088e-06
0.68 -2.66312e-06
0.69 -2.44574e-06
0.7 -2.23056e-06
0.71 -2.02885e-06
0.72 -1.85033e-06
0.73 -1.7022e-06
0.74 -1.58818e-06
0.75 -1.50787e-06
0.76 -1.45652e-06
0.77 -1.42559e-06
0.78 -1.4044e-06
0.79 -1.38275e-06
0.8 -1.35295e-06
0.81 -1.31049e-06
0.82 -1.25389e-06
0.83 -1.18391e-06
0.84 -1.10374e-06
0.85 -1.02024e-06
0.86 -9.42934e-07
0.87 -8.79732e-07
0.88 -8.32966e-07
0.89 -7.98727e-07
0.9 -7.69235e-07
0.91 -7.3508e-07
0.92 -6.86787e-07
0.93 -6.17207e-07
0.94 -5.24447e-07
0.95 -4.13032e-07
0.96 -2.94312e-07
0.97 -1.85043e-07
0.98 -1.01861e-07
0.99 -5.54703e-08
1 -4.84763e-08
1.01 -7.6108e-08
1.02 -1.26405e-07
1.03 -1.81891e-07
1.04 -2.22826e-07
1.05 -2.30256e-07
1.06 -1.90033e-07
1.07 -9.49199e-08
1.08 5.66213e-08
1.09 2.63189e-07
1.1 5.2138e-07
1.11 8.24609e-07
1.12 1.16462e-06
1.13 1.53363e-06
1.14 1.92406e-06
1.15 2.32756e-06
1.16 2.73357e-06
1.17 3.12732e-06
1.18 3.48824e-06
1.19 3.79276e-06
1.2 4.01855e-06
1.21 4.14402e-06
1.22 4.14788e-06
1.23 4.01275e-06
1.24 3.73131e-06
1.25 3.31395e-06
1.26 2.79266e-06
1.27 2.21447e-06
1.28 1.62981e-06
1.29 1.08765e-06
1.3 6.32669e-07
1.31 2.98575e-07
1.32 1.04454e-07
1.33 5.68414e-08
1.34 1.5489e-07
1.35 3.93955e-07
1.36 7.66225e-07
1.37 1.26097e-06
1.38 1.86455e-06
1.39 2.55982e-06
1.4 3.32492e-06
1.41 4.13129e-06
1.42 4.94127e-06
1.43 5.70572e-06
1.44 6.36255e-06
1.45 6.83752e-06
1.46 7.04907e-06
1.47 6.91828e-06
1.48 6.37867e-06
1.49 5.38009e-06
1.5 3.8936e-06
1.51 1.91695e-06
1.52 -5.23831e-07
1.53 -3.36918e-06
1.54 -6.52125e-06
1.55 -9.84145e-06
1.56 -1.31547e-05
1.57 -1.62666e-05
1.58 -1.89807e-05
1.59 -2.11129e-05
1.6 -2.25118e-05
1.61 -2.30702e-05
1.62 -2.27266e-05
1.63 -2.14674e-05
1.64 -1.93266e-05
1.65 -1.63824e-05
1.66 -1.27555e-05
1.67 -8.60479e-06
1.68 -4.11763e-06
1.69 5.04308e-07
1.7 5.05779e-06
1.71 9.34659e-06
1.72 1.31905e-05
1.73 1.64349e-05
1.74 1.89604e-05
1.75 2.0691e-05
1.76 2.15917e-05
1.77 2.16627e-05
1.78 2.09428e-05
1.79 1.95118e-05
1.8 1.74845e-05
1.81 1.50001e-05
1.82 1.22154e-05
1.83 9.29628e-06
1.84 6.4002e-06
1.85 3.66413e-06
1.86 1.20359e-06
1.87 -8.82635e-07
1.88 -2.5103e-06
1.89 -3.61245e-06
1.9 -4.14183e-06
1.91 -4.07236e-06
1.92 -3.4e-06
1.93 -2.14441e-06
1.94 -3.60632e-07
1.95 1.84812e-06
1.96 4.33498e-06
1.97 6.92153e-06
1.98 9.41034e-06
1.99 1.16049e-05
2 1.33381e-05
2.01 1.44965e-05
2.02 1.50266e-05
2.03 1.49327e-05
2.04 1.4273e-05
2.05 1.31462e-05
2.06 1.16767e-05
2.07 9.99893e-06
2.08 8.23585e-06
2.09 6.48268e-06
2.1 4.80137e-06
2.11 3.22121e-06
2.12 1.73593e-06
2.13 2.99839e-07
2.14 -1.15857e-06
2.15 -2.72109e-06
2.16 -4.47328e-06
2.17 -6.49426e-06
2.18 -8.85186e-06
2.19 -1.16071e-05
2.2 -1.48185e-05
2.21 -1.85341e-05
2.22 -2.27787e-05
2.23 -2.75475e-05
2.24 -3.2801e-05
2.25 -3.84732e-05
2.26 -4.44693e-05
2.27 -5.06454e-05
2.28 -5.68089e-05
2.29 -6.27402e-05
2.3 -6.82061e-05
2.31 -7.29697e-05
2.32 -7.67935e-05
2.33 -7.94381e-05
2.34 -8.06668e-05
2.35 -8.02606e-05
2.36 -7.80353e-05
2.37 -7.38595e-05
2.38 -6.76686e-05
2.39 -5.94631e-05
2.4 -4.9326e-05
2.41 -3.74583e-05
2.42 -2.41841e-05
2.43 -9.91846e-06
2.44 4.86995e-06
2.45 1.96862e-05
2.46 3.40289e-05
2.47 4.74025e-05
2.48 5.93334e-05
2.49 6.94066e-05
2.5 7.72985e-05
2.51 8.28018e-05
2.52 8.58337e-05
2.53 8.64229e-05
2.54 8.47018e-05
2.55 8.0905e-05
2.56 7.535e-05
2.57 6.83951e-05
2.58 6.04036e-05
2.59 5.17225e-05
2.6 4.26726e-05
2.61 3.35526e-05
2.62 2.46461e-05
2.63 1.62279e-05
2.64 8.56417e-06
2.65 1.90265e-06
2.66 -3.53835e-06
2.67 -7.58273e-06
2.68 -1.01128e-05
2.69 -1.10885e-05
2.7 -1.05506e-05
2.71 -8.60733e-06
2.72 -5.42735e-06
2.73 -1.22894e-06
2.74 3.74776e-06
2.75 9.25656e-06
2.76 1.50413e-05
2.77 2.08428e-05
2.78 2.64333e-05
2.79 3.16388e-05
2.8 3.634e-05
2.81 4.04708e-05
2.82 4.39896e-05
2.83 4.68514e-05
2.84 4.90028e-05
2.85 5.03847e-05
2.86 5.09385e-05
2.87 5.06031e-05
2.88 4.93016e-05
2.89 4.69531e-05
2.9 4.34997e-05
2.91 3.89167e-05
2.92 3.32118e-05
2.93 2.64309e-05
2.94 1.86688e-05
2.95 1.00686e-05
2.96 8.23274e-07
2.97 -8.80602e-06
2.98 -1.849e-05
2.99 -2.78594e-05
3 -3.65335e-05
3.01 -4.41463e-05
3.02 -5.03839e-05
3.03 -5.50134e-05
3.04 -5.78984e-05
3.05 -5.90104e-05
3.06 -5.84352e-05
3.07 -5.6371e-05
3.08 -5.31144e-05
3.09 -4.90291e-05
3.1 -4.44979e-05
3.11 -3.98781e-05
3.12 -3.54691e-05
3.13 -3.14864e-05
3.14 -2.80659e-05
3.15 -2.52891e-05
3.16 -2.31889e-05
3.17 -2.17471e-05
3.18 -2.08998e-05
3.19 -2.05563e-05
3.2 -2.06263e-05
3.21 -2.10114e-05
3.22 -2.15729e-05
3.23 -2.2129e-05
3.24 -2.24622e-05
3.25 -2.2337e-05
3.26 -2.15234e-05
3.27 -1.97893e-05
3.28 -1.68948e-05
3.29 -1.2638e-05
3.3 -6.89251e-06
3.31 4.06522e-07
3.32 9.26146e-06
3.33 1.95663e-05
3.34 3.10689e-05
3.35 4.33593e-05
3.36 5.58761e-05
3.37 6.79421e-05
3.38 7.88098e-05
3.39 8.76988e-05
3.4 9.38397e-05
3.41 9.65252e-05
3.42 9.51699e-05
3.43 8.93698e-05
3.44 7.89338e-05
3.45 6.38933e-05
3.46 4.45083e-05
3.47 2.12926e-05
3.48 -4.96801e-06
3.49 -3.32357e-05
3.5 -6.22763e-05
3.51 -9.07317e-05
3.52 -0.000117187
3.53 -0.000140251
3.54 -0.000158644
3.55 -0.000171305
3.56 -0.000177488
3.57 -0.000176796
3.58 -0.000169148
3.59 -0.000154764
3.6 -0.000134191
3.61 -0.000108291
3.62 -7.81881e-05
3.63 -4.52139e-05
3.64 -1.08528e-05
3.65 2.33299e-05
3.66 5.57537e-05
3.67 8.48786e-05
3.68 0.000109269
3.69 0.000127678
3.7 0.000139144
3.71 0.000143043
3.72 0.000139088
3.73 0.000127359
3.74 0.000108321
3.75 8.27788e-05
3.76 5.18282e-05
3.77 1.68116e-05
3.78 -2.07428e-05
3.79 -5.91981e-05
3.8 -9.68734e-05
3.81 -0.000132093
3.82 -0.00016327
3.83 -0.000188998
3.84 -0.000208105
3.85 -0.000219713
3.86 -0.000223314
3.87 -0.000218828
3.88 -0.000206625
3.89 -0.000187509
3.9 -0.000162679
3.91 -0.000133667
3.92 -0.000102264
3.93 -7.04078e-05
3.94 -4.00484e-05
3.95 -1.30419e-05
3.96 8.94961e-06
3.97 2.45658e-05
3.98 3.28569e-05
3.99 3.33523e-05
4 2.60705e-05
4.01 1.15042e-05
4.02 -9.42056e-06
4.03 -3.5408e-05
4.04 -6.4854e-05
4.05 -9.59237e-05
4.06 -0.000126641
4.07 -0.000154959
4.08 -0.000178837
4.09 -0.000196344
4.1 -0.000205775
4.11 -0.000205775
4.12 -0.000195492
4.13 -0.000174683
4.14 -0.000143751
4.15 -0.000103768
4.16 -5.64745e-05
4.17 -4.20604e-06
4.18 5.02709e-05
4.19 0.000103939
4.2 0.000153686
4.21 0.000196501
4.22 0.00022968
4.23 0.00025103
4.24 0.000259024
4.25 0.000252837
4.26 0.000232328
4.27 0.000198057
4.28 0.00015128
4.29 9.38969e-05
4.3 2.83752e-05
4.31 -4.23813e-05
4.32 -0.000115192
4.33 -0.00018675
4.34 -0.000253746
4.35 -0.000312992
4.36 -0.000361552
4.37 -0.000396888
4.38 -0.000416986
4.39 -0.000420473
4.4 -0.000406667
4.41 -0.000375597
4.42 -0.000328
4.43 -0.00026531
4.44 -0.000189608
4.45 -0.00010355
4.46 -1.03231e-05
4.47 8.64544e-05
4.48 0.000182899
4.49 0.000275085
4.5 0.000359287
4.51 0.000432167
4.52 0.000490861
4.53 0.000533059
4.54 0.000557099
4.55 0.000562043
4.56 0.000547713
4.57 0.000514691
4.58 0.00046428
4.59 0.000398451
4.6 0.000319754
4.61 0.000231237
4.62 0.000136358
4.63 3.88248e-05
4.64 -5.75623e-05
4.65 -0.000149063
4.66 -0.000232134
4.67 -0.00030354
4.68 -0.000360455
4.69 -0.000400613
4.7 -0.000422442
4.71 -0.000425184
4.72 -0.000408943
4.73 -0.00037464
4.74 -0.000323981
4.75 -0.000259428
4.76 -0.000184078
4.77 -0.000101478
4.78 -1.54468e-05
4.79 7.01175e-05
4.8 0.000151409
4.81 0.00022482
4.82 0.000287104
4.83 0.000335565
4.84 0.000368159
4.85 0.000383509
4.86 0.000380977
4.87 0.00036074
4.88 0.000323795
4.89 0.000271852
4.9 0.000207246
4.91 0.000132859
4.92 5.19916e-05
4.93 -3.17974e-05
4.94 -0.000114878
4.95 -0.000193714
4.96 -0.000264996
4.97 -0.000325763
4.98 -0.000373506
4.99 -0.000406271
5 -0.000422741
5.01 -0.000422321
5.02 -0.000405211
5.03 -0.000372428
5.04 -0.000325761
5.05 -0.000267674
5.06 -0.0002012
5.07 -0.000129818
5.08 -5.72478e-05
5.09 1.27654e-05
5.1 7.66055e-05
5.11 0.00013095
5.12 0.000172977
5.13 0.000200515
5.14 0.000212139
5.15 0.000207266
5.16 0.000186216
5.17 0.00015022
5.18 0.00010132
5.19 4.22066e-05
5.2 -2.39058e-05
5.21 -9.34349e-05
5.22 -0.000162643
5.23 -0.000227869
5.24 -0.000285728
5.25 -0.000333231
5.26 -0.000367853
5.27 -0.000387604
5.28 -0.000391129
5.29 -0.000377797
5.3 -0.000347747
5.31 -0.000301863
5.32 -0.000241766
5.33 -0.000169811
5.34 -8.90236e-05
5.35 -2.9406e-06
5.36 8.45229e-05
5.37 0.000169197
5.38 0.000246871
5.39 0.000313579
5.4 0.000365856
5.41 0.00040091
5.42 0.000416766
5.43 0.000412403
5.44 0.000387828
5.45 0.00034408
5.46 0.000283154
5.47 0.000207858
5.48 0.000121617
5.49 2.83019e-05
5.5 -6.79109e-05
5.51 -0.000162707
5.52 -0.000251865
5.53 -0.000331484
5.54 -0.000398138
5.55 -0.000448989
5.56 -0.000481899
5.57 -0.000495585
5.58 -0.000489701
5.59 -0.000464824
5.6 -0.000422353
5.61 -0.000364395
5.62 -0.000293646
5.63 -0.000213275
5.64 -0.000126762
5.65 -3.77668e-05
5.66 5.00082e-05
5.67 0.000133019
5.68 0.000208048
5.69 0.000272359
5.7 0.000323804
5.71 0.000360917
5.72 0.000382965
5.73 0.000389927
5.74 0.000382446
5.75 0.000361799
5.76 0.000329794
5.77 0.000288629
5.78 0.000240748
5.79 0.00018869
5.8 0.000134947
5.81 8.18349e-05
5.82 3.13819e-05
5.83 -1.47814e-05
5.84 -5.54559e-05
5.85 -8.98622e-05
5.86 -0.000117618
5.87 -0.000138717
5.88 -0.000153489
5.89 -0.000162539
5.9 -0.000166677
5.91 -0.000166822
5.92 -0.000163921
5.93 -0.000158909
5.94 -0.000152656
5.95 -0.000145898
5.96 -0.000139145
5.97 -0.0001326
5.98 -0.000126171
5.99 -0.000119529
6 -0.000112154
6.01 -0.000103404
6.02 -9.26423e-05
6.03 -7.92986e-05
6.04 -6.2895e-05
6.05 -4.30882e-05
6.06 -1.97352e-05
6.07 7.02497e-06
6.08 3.673e-05
6.09 6.86256e-05
6.1 0.000101749
6.11 0.000134989
6.12 0.000167118
6.13 0.000196853
6.14 0.000222971
6.15 0.000244431
6.16 0.000260458
6.17 0.000270641
6.18 0.000275021
6.19 0.000274087
6.2 0.000268662
6.21 0.000259802
6.22 0.000248764
6.23 0.000236942
6.24 0.000225732
6.25 0.00021644
6.26 0.000210251
6.27 0.000208184
6.28 0.000211048
6.29 0.000219454
6.3 0.000233798
6.31 0.000254256
6.32 0.000280804
6.33 0.000313217
6.34 0.000351053
6.35 0.000393673
6.36 0.000440202
6.37 0.000489435
6.38 0.000539771
6.39 0.000589298
6.4 0.000635953
6.41 0.00067766
6.42 0.00071253
6.43 0.00073904
6.44 0.000756458
6.45 0.000765051
6.46 0.000765501
6.47 0.000758549
6.48 0.000745199
6.49 0.000726801
6.5 0.000704703
6.51 0.000679959
6.52 0.000653301
6.53 0.000625135
6.54 0.000595517
6.55 0.000564106
6.56 0.00053022
6.57 0.000492992
6.58 0.00045152
6.59 0.000405064
6.6 0.000353263
6.61 0.00029626
6.62 0.000234748
6.63 0.000169953
6.64 0.000103544
6.65 3.74284e-05
6.66 -2.64781e-05
6.67 -8.64127e-05
6.68 -0.000140848
6.69 -0.000188546
6.7 -0.000228605
6.71 -0.000260466
6.72 -0.0002839
6.73 -0.000299024
6.74 -0.000306263
6.75 -0.000306254
6.76 -0.000299774
6.77 -0.00028771
6.78 -0.000271022
6.79 -0.000250684
6.8 -0.000227667
6.81 -0.000202969
6.82 -0.000177653
6.83 -0.000152852
6.84 -0.000129744
6.85 -0.000109527
6.86 -9.33933e-05
6.87 -8.24739e-05
6.88 -7.77633e-05
6.89 -7.99972e-05
6.9 -8.95303e-05
6.91 -0.000106229
6.92 -0.000129412
6.93 -0.000157852
6.94 -0.000189805
6.95 -0.000223118
6.96 -0.000255422
6.97 -0.000284372
6.98 -0.000307927
6.99 -0.000324561
7 -0.000333374
7.01 -0.000334174
7.02 -0.000327445
7.03 -0.000314151
7.04 -0.000295538
7.05 -0.000272932
7.06 -0.000247537
7.07 -0.000220282
7.08 -0.000191783
7.09 -0.000162347
7.1 -0.000132042
7.11 -0.000100784
7.12 -6.84746e-05
7.13 -3.52228e-05
7.14 -1.53211e-06
7.15 3.16575e-05
7.16 6.3034e-05
7.17 9.10358e-05
7.18 0.00011401
7.19 0.000130395
7.2 0.000138886
7.21 0.000138591
7.22 0.000129198
7.23 0.000111076
7.24 8.52747e-05
7.25 5.34572e-05
7.26 1.77659e-05
7.27 -1.94064e-05
7.28 -5.56778e-05
7.29 -8.88997e-05
7.3 -0.000117327
7.31 -0.000139746
7.32 -0.000155549
7.33 -0.000164696
7.34 -0.000167566
7.35 -0.000164803
7.36 -0.000157169
7.37 -0.000145369
7.38 -0.000129939
7.39 -0.000111212
7.4 -8.93325e-05
7.41 -6.4346e-05
7.42 -3.62982e-05
7.43 -5.40223e-06
7.44 2.77999e-05
7.45 6.23897e-05
7.46 9.70822e-05
7.47 0.000130252
7.48 0.00016001
7.49 0.00018429
7.5 0.000200946
7.51 0.000207893
7.52 0.000203291
7.53 0.000185746
7.54 0.000154474
7.55 0.000109387
7.56 5.10585e-05
7.57 -1.93828e-05
7.58 -0.000100311
7.59 -0.000189682
7.6 -0.000285148
7.61 -0.00038411
7.62 -0.00048366
7.63 -0.000580545
7.64 -0.000671239
7.65 -0.000752122
7.66 -0.000821016
7.67 -0.000877746
7.68 -0.000921723
7.69 -0.000951125
7.7 -0.000963652
7.71 -0.000956685
7.72 -0.000928005
7.73 -0.000876637
7.74 -0.000802985
7.75 -0.000708818
7.76 -0.000597228
7.77 -0.000472367
7.78 -0.000339169
7.79 -0.000203117
7.8 -6.99962e-05
7.81 5.43872e-05
7.82 0.000164518
7.83 0.000255398
7.84 0.000322742
7.85 0.000363209
7.86 0.000374594
7.87 0.000355921
7.88 0.00030752
7.89 0.00023109
7.9 0.000129671
7.91 7.4979e-06
7.92 -0.000130159
7.93 -0.000277204
7.94 -0.000426992
7.95 -0.000572656
7.96 -0.000707443
7.97 -0.000825016
7.98 -0.000919739
7.99 -0.000986937
8 -0.00102383
8.01 -0.0010298
8.02 -0.00100479
8.03 -0.000949569
8.04 -0.000866818
8.05 -0.000760635
8.06 -0.000636061
8.07 -0.000499078
8.08 -0.000356246
8.09 -0.000214306
8.1 -7.97763e-05
8.11 4.14675e-05
8.12 0.000144578
8.13 0.000225959
8.14 0.000283345
8.15 0.000315846
8.16 0.000323929
8.17 0.000309311
8.18 0.000274763
8.19 0.000223874
8.2 0.00016083
8.21 9.01517e-05
8.22 1.6408e-05
8.23 -5.59693e-05
8.24 -0.000122829
8.25 -0.000180504
8.26 -0.000226021
8.27 -0.000257215
8.28 -0.000272803
8.29 -0.000272474
8.3 -0.00025694
8.31 -0.000227976
8.32 -0.000188428
8.33 -0.00014209
8.34 -9.34545e-05
8.35 -4.74008e-05
8.36 -8.81991e-06
8.37 1.78236e-05
8.38 2.8883e-05
8.39 2.18467e-05
8.4 -4.41558e-06
8.41 -4.96073e-05
8.42 -0.000112126
8.43 -0.000189223
8.44 -0.000277181
8.45 -0.000371493
8.46 -0.000467061
8.47 -0.000558471
8.48 -0.000640279
8.49 -0.000707358
8.5 -0.000755221
8.51 -0.000780274
8.52 -0.000780084
8.53 -0.000753625
8.54 -0.00070142
8.55 -0.000625536
8.56 -0.000529399
8.57 -0.00041751
8.58 -0.000295151
8.59 -0.000168075
8.6 -4.21772e-05
8.61 7.68354e-05
8.62 0.000183791
8.63 0.000274368
8.64 0.000345312
8.65 0.000394578
8.66 0.000421399
8.67 0.000426236
8.68 0.000410512
8.69 0.000376606
8.7 0.000327918
8.71 0.000268371
8.72 0.000202034
8.73 0.000132981
8.74 6.50984e-05
8.75 1.9362e-06
8.76 -5.35122e-05
8.77 -9.90074e-05
8.78 -0.000133138
8.79 -0.000155307
8.8 -0.000165742
8.81 -0.000165458
8.82 -0.000156144
8.83 -0.000139938
8.84 -0.000119178
8.85 -9.62022e-05
8.86 -7.32345e-05
8.87 -5.23095e-05
8.88 -3.51978e-05
8.89 -2.32573e-05
8.9 -1.73226e-05
8.91 -1.76958e-05
8.92 -2.41929e-05
8.93 -3.62192e-05
8.94 -5.29016e-05
8.95 -7.32259e-05
8.96 -9.6114e-05
8.97 -0.000120476
8.98 -0.000145262
8.99 -0.00016956
9 -0.000192718
9.01 -0.00021441
9.02 -0.00023465
9.03 -0.000253803
9.04 -0.000272508
9.05 -0.000291502
9.06 -0.000311451
9.07 -0.000332833
9.08 -0.000355891
9.09 -0.000380633
9.1 -0.000406877
9.11 -0.000434339
9.12 -0.000462676
9.13 -0.000491485
9.14 -0.000520332
9.15 -0.000548759
9.16 -0.000576209
9.17 -0.000601932
9.18 -0.000624906
9.19 -0.000643835
9.2 -0.000657173
9.21 -0.000663133
9.22 -0.000659744
9.23 -0.000645005
9.24 -0.000617121
9.25 -0.000574815
9.26 -0.000517614
9.27 -0.00044601
9.28 -0.000361527
9.29 -0.000266738
9.3 -0.000165076
9.31 -6.04547e-05
9.32 4.30476e-05
9.33 0.000141376
9.34 0.000230696
9.35 0.000307593
9.36 0.000369211
9.37 0.000413359
9.38 0.000438606
9.39 0.000444521
9.4 0.000431447
9.41 0.000400138
9.42 0.000351932
9.43 0.000288531
9.44 0.000211691
9.45 0.000123265
9.46 2.5222e-05
9.47 -8.02789e-05
9.48 -0.00019086
9.49 -0.000303848
9.5 -0.000416236
9.51 -0.000524756
9.52 -0.000625977
9.53 -0.00071648
9.54 -0.000793116
9.55 -0.00085329
9.56 -0.000895161
9.57 -0.000917806
9.58 -0.000921353
9.59 -0.000907002
9.6 -0.000876907
9.61 -0.000833954
9.62 -0.000781517
9.63 -0.000723172
9.64 -0.000662412
9.65 -0.000602419
9.66 -0.000545936
9.67 -0.000495162
9.68 -0.000451679
9.69 -0.000416437
9.7 -0.000389836
9.71 -0.000371849
9.72 -0.000362132
9.73 -0.000360099
9.74 -0.000365022
9.75 -0.00037616
9.76 -0.000392799
9.77 -0.000414245
9.78 -0.00043982
9.79 -0.000468888
9.8 -0.000500889
9.81 -0.000535352
9.82 -0.000571879
9.83 -0.000610136
9.84 -0.000649849
9.85 -0.000690794
9.86 -0.000732719
9.87 -0.000775246
9.88 -0.000817824
9.89 -0.000859766
9.9 -0.000900264
9.91 -0.00093832
9.92 -0.000972739
9.93 -0.00100222
9.94 -0.00102541
9.95 -0.00104132
9.96 -0.00104952
9.97 -0.00104965
9.98 -0.00104127
9.99 -0.00102441
10 -0.000999861
10.01 -0.000968906
10.02 -0.000933239
10.03 -0.000894964
10.04 -0.000856394
10.05 -0.000819787
10.06 -0.000787129
10.07 -0.000760002
10.08 -0.000739521
10.09 -0.000726315
10.1 -0.000720523
10.11 -0.000721823
10.12 -0.000729571
10.13 -0.000742971
10.14 -0.000761146
10.15 -0.000783169
10.16 -0.000808095
10.17 -0.000834945
10.18 -0.000862636
10.19 -0.000889949
10.2 -0.000915538
10.21 -0.000937989
10.22 -0.000955955
10.23 -0.000968251
10.24 -0.000973889
10.25 -0.000972171
10.26 -0.000962785
10.27 -0.000945847
10.28 -0.000921869
10.29 -0.0008917
10.3 -0.000856475
10.31 -0.000817531
10.32 -0.000776259
10.33 -0.000734022
10.34 -0.000692155
10.35 -0.000651966
10.36 -0.000614672
10.37 -0.000581327
10.38 -0.000552798
10.39 -0.000529714
10.4 -0.000512414
10.41 -0.0005009
10.42 -0.00049477
10.43 -0.000493206
10.44 -0.000494999
10.45 -0.000498602
10.46 -0.000502248
10.47 -0.00050414
10.48 -0.00050265
10.49 -0.00049648
10.5 -0.000484834
10.51 -0.000467501
10.52 -0.000444821
10.53 -0.000417648
10.54 -0.000387246
10.55 -0.000355119
10.56 -0.00032288
10.57 -0.000292168
10.58 -0.000264571
10.59 -0.000241525
10.6 -0.000224227
10.61 -0.000213628
10.62 -0.000210433
10.63 -0.000215083
10.64 -0.000227773
10.65 -0.000248467
10.66 -0.000276883
10.67 -0.000312477
10.68 -0.000354424
10.69 -0.000401563
10.7 -0.000452376
10.71 -0.000505012
10.72 -0.000557435
10.73 -0.000607536
10.74 -0.000653222
10.75 -0.000692556
10.76 -0.000723862
10.77 -0.000745758
10.78 -0.000757193
10.79 -0.000757481
10.8 -0.000746366
10.81 -0.000724054
10.82 -0.000691166
10.83 -0.000648697
10.84 -0.000598
10.85 -0.000540755
10.86 -0.000478944
10.87 -0.000414821
10.88 -0.000350795
10.89 -0.000289283
10.9 -0.000232603
10.91 -0.000182854
10.92 -0.000141745
10.93 -0.000110434
10.94 -8.94148e-05
10.95 -7.84955e-05
10.96 -7.68298e-05
10.97 -8.30049e-05
10.98 -9.51693e-05
10.99 -0.000111213
11 -0.000128969
11.01 -0.000146351
11.02 -0.000161452
11.03 -0.000172671
11.04 -0.000178815
11.05 -0.000179113
11.06 -0.000173167
11.07 -0.000160939
11.08 -0.000142762
11.09 -0.000119306
11.1 -9.14924e-05
11.11 -6.03908e-05
11.12 -2.7123e-05
11.13 7.20871e-06
11.14 4.15079e-05
11.15 7.46878e-05
11.16 0.000105782
11.17 0.000134069
11.18 0.000159155
11.19 0.00018101
11.2 0.000199949
11.21 0.000216586
11.22 0.000231789
11.23 0.000246558
11.24 0.000261779
11.25 0.000277987
11.26 0.000295219
11.27 0.000313004
11.28 0.00033047
11.29 0.000346511
11.3 0.000359959
11.31 0.000369707
11.32 0.00037482
11.33 0.000374658
11.34 0.000369
11.35 0.00035818
11.36 0.000343115
11.37 0.000325175
11.38 0.000305972
11.39 0.000287151
11.4 0.000270271
11.41 0.000256689
11.42 0.00024738
11.43 0.000242838
11.44 0.000243091
11.45 0.000247763
11.46 0.000256192
11.47 0.000267581
11.48 0.000281155
11.49 0.000296318
11.5 0.000312782
11.51 0.000330572
11.52 0.000349961
11.53 0.000371366
11.54 0.000395234
11.55 0.000421917
11.56 0.000452019
11.57 0.000486612
11.58 0.000526543
11.59 0.000572207
11.6 0.000623872
11.61 0.000681801
11.62 0.000746262
11.63 0.000817517
11.64 0.00089585
11.65 0.000981535
11.66 0.0010748
11.67 0.00117586
11.68 0.00128491
11.69 0.00140203
11.7 0.00152712
11.71 0.00165986
11.72 0.00179967
11.73 0.00194568
11.74 0.00209672
11.75 0.00225132
11.76 0.00240764
11.77 0.0025634
11.78 0.00271586
11.79 0.00286189
11.8 0.0029982
11.81 0.00312162
11.82 0.00322927
11.83 0.00331865
11.84 0.00338764
11.85 0.00343449
11.86 0.00345777
11.87 0.0034562
11.88 0.0034289
11.89 0.00337597
11.9 0.00329873
11.91 0.00319956
11.92 0.00308185
11.93 0.00294979
11.94 0.0028082
11.95 0.00266227
11.96 0.00251732
11.97 0.00237856
11.98 0.00225097
11.99 0.00213916
12 0.00204718
12.01 0.00197832
12.02 0.00193427
12.03 0.00191494
12.04 0.0019201
12.05 0.00194962
12.06 0.0020026
12.07 0.00207718
12.08 0.00217066
12.09 0.00227932
12.1 0.00239861
12.11 0.00252338
12.12 0.00264807
12.13 0.00276693
12.14 0.0028742
12.15 0.0029644
12.16 0.00303266
12.17 0.00307495
12.18 0.00308842
12.19 0.00307147
12.2 0.00302384
12.21 0.0029466
12.22 0.00284221
12.23 0.00271438
12.24 0.00256777
12.25 0.00240781
12.26 0.00224059
12.27 0.00207252
12.28 0.00191009
12.29 0.00175788
12.3 0.00161693
12.31 0.0014867
12.32 0.00136692
12.33 0.00125763
12.34 0.00115912
12.35 0.00107183
12.36 0.00099642
12.37 0.00093373
12.38 0.000884851
12.39 0.000851023
12.4 0.000833593
12.41 0.000833978
12.42 0.000853296
12.43 0.000891862
12.44 0.000949093
12.45 0.0010236
12.46 0.00111323
12.47 0.00121524
12.48 0.00132666
12.49 0.00144456
12.5 0.00156627
12.51 0.00168946
12.52 0.00181222
12.53 0.00193302
12.54 0.00205055
12.55 0.00216363
12.56 0.00227103
12.57 0.00237156
12.58 0.00246594
12.59 0.0025579
12.6 0.00265118
12.61 0.00274847
12.62 0.00285228
12.63 0.00296476
12.64 0.0030877
12.65 0.00322261
12.66 0.00337072
12.67 0.00353284
12.68 0.00370938
12.69 0.00390025
12.7 0.00410488
12.71 0.00432239
12.72 0.00455166
12.73 0.00479141
12.74 0.00504029
12.75 0.00529692
12.76 0.00556002
12.77 0.00582837
12.78 0.00610089
12.79 0.00637655
12.8 0.00665443
12.81 0.00693356
12.82 0.00721291
12.83 0.00749136
12.84 0.00776774
12.85 0.0080409
12.86 0.00830978
12.87 0.00857349
12.88 0.00883133
12.89 0.00908291
12.9 0.00932811
12.91 0.00956696
12.92 0.00979959
12.93 0.0100261
12.94 0.0102464
12.95 0.0104606
12.96 0.0106682
12.97 0.0108691
12.98 0.0110629
12.99 0.0112491
13 0.0114272
13.01 0.011597
13.02 0.0117582
13.03 0.0119109
13.04 0.0120552
13.05 0.0121913
13.06 0.0123196
13.07 0.0124399
13.08 0.0125523
13.09 0.0126562
13.1 0.0127511
13.11 0.0128359
13.12 0.0129098
13.13 0.0129714
13.14 0.0130199
13.15 0.0130542
13.16 0.0130737
13.17 0.0130781
13.18 0.0130672
13.19 0.0130414
13.2 0.013002
13.21 0.0129511
13.22 0.012891
13.23 0.0128242
13.24 0.0127536
13.25 0.0126821
13.26 0.0126124
13.27 0.012547
13.28 0.0124882
13.29 0.0124377
13.3 0.0123967
13.31 0.0123659
13.32 0.0123452
13.33 0.0123342
13.34 0.0123316
13.35 0.0123357
13.36 0.012345
13.37 0.0123574
13.38 0.0123712
13.39 0.0123847
13.4 0.0123963
13.41 0.012405
13.42 0.0124099
13.43 0.0124106
13.44 0.0124072
13.45 0.0124001
13.46 0.0123902
13.47 0.0123786
13.48 0.0123666
13.49 0.0123559
13.5 0.0123479
13.51 0.012344
13.52 0.0123456
13.53 0.0123538
13.54 0.0123696
13.55 0.0123936
13.56 0.0124263
13.57 0.0124676
13.58 0.0125172
13.59 0.0125741
13.6 0.0126368
13.61 0.0127034
13.62 0.0127719
13.63 0.0128403
13.64 0.0129063
13.65 0.012968
13.66 0.0130237
13.67 0.0130718
13.68 0.0131113
13.69 0.013142
13.7 0.0131647
13.71 0.0131803
13.72 0.0131891
13.73 0.0131911
13.74 0.0131862
13.75 0.0131741
13.76 0.0131548
13.77 0.0131281
13.78 0.0130935
13.79 0.0130509
13.8 0.0129998
13.81 0.0129395
13.82 0.0128696
13.83 0.0127897
13.84 0.0127002
13.85 0.0126025
13.86 0.012499
13.87 0.012393
13.88 0.0122879
13.89 0.012187
13.9 0.0120932
13.91 0.0120094
13.92 0.0119377
13.93 0.0118797
13.94 0.0118364
13.95 0.0118082
13.96 0.0117946
13.97 0.0117948
13.98 0.0118073
13.99 0.0118302
14 0.0118611
14.01 0.011897
14.02 0.0119351
14.03 0.0119725
14.04 0.0120061
14.05 0.0120336
14.06 0.0120526
14.07 0.0120612
14.08 0.0120577
14.09 0.012041
14.1 0.01201
14.11 0.0119643
14.12 0.0119036
14.13 0.011828
14.14 0.011738
14.15 0.0116344
14.16 0.0115156
14.17 0.011377
14.18 0.0112141
14.19 0.0110236
14.2 0.0108021
14.21 0.0105467
14.22 0.0102542
14.23 0.00992184
14.24 0.00954646
14.25 0.00912507
14.26 0.00865461
14.27 0.00813207
14.28 0.0075546
14.29 0.00691957
14.3 0.00622465
14.31 0.00546794
14.32 0.00464796
14.33 0.0037637
14.34 0.00281451
14.35 0.00179991
14.36 0.000719413
14.37 -0.000427601
14.38 -0.00164198
14.39 -0.0029247
14.4 -0.00427676
14.41 -0.0056992
14.42 -0.00719297
14.43 -0.00875886
14.44 -0.0103974
14.45 -0.0121085
14.46 -0.0138918
14.47 -0.0157461
14.48 -0.0176701
14.49 -0.0196623
14.5 -0.0217208
14.51 -0.023844
14.52 -0.0260303
14.53 -0.0282781
14.54 -0.030586
14.55 -0.0329529
14.56 -0.0353775
14.57 -0.0378586
14.58 -0.0403951
14.59 -0.0429857
14.6 -0.0456293
14.61 -0.0483243
14.62 -0.0510685
14.63 -0.0538595
14.64 -0.0566939
14.65 -0.0595677
14.66 -0.0624758
14.67 -0.0654129
14.68 -0.0683732
14.69 -0.0713511
14.7 -0.0743416
14.71 -0.0773398
14.72 -0.0803409
14.73 -0.0833395
14.74 -0.0863294
14.75 -0.0893033
14.76 -0.0922536
14.77 -0.095173
14.78 -0.0980541
14.79 -0.10089
14.8 -0.103674
14.81 -0.106398
14.82 -0.109058
14.83 -0.111645
14.84 -0.114154
14.85 -0.116579
14.86 -0.118914
14.87 -0.121154
14.88 -0.123293
14.89 -0.125325
14.9 -0.127246
14.91 -0.12905
14.92 -0.130732
14.93 -0.132286
14.94 -0.133708
14.95 -0.134991
14.96 -0.136133
14.97 -0.137127
14.98 -0.137971
14.99 -0.138662
15 -0.139198
15.01 -0.139581
15.02 -0.139812
15.03 -0.139895
15.04 -0.139833
15.05 -0.139635
15.06 -0.139315
15.07 -0.138893
15.08 -0.138394
15.09 -0.137839
15.1 -0.137238
15.11 -0.136595
15.12 -0.135916
15.13 -0.135206
15.14 -0.134471
15.15 -0.133716
15.16 -0.132946
15.17 -0.132165
15.18 -0.131378
15.19 -0.130587
15.2 -0.129795
15.21 -0.129005
15.22 -0.128219
15.23 -0.127441
15.24 -0.126674
15.25 -0.125921
15.26 -0.125185
15.27 -0.124471
15.28 -0.123783
15.29 -0.123126
15.3 -0.122502
15.31 -0.121917
15.32 -0.121371
15.33 -0.120868
15.34 -0.120409
15.35 -0.119995
15.36 -0.119628
15.37 -0.119309
15.38 -0.119041
15.39 -0.118825
15.4 -0.118662
15.41 -0.118554
15.42 -0.118501
15.43 -0.118503
15.44 -0.11856
15.45 -0.118667
15.46 -0.11882
15.47 -0.119009
15.48 -0.119224
15.49 -0.119455
15.5 -0.119686
15.51 -0.119905
15.52 -0.120096
15.53 -0.120251
15.54 -0.120366
15.55 -0.120437
15.56 -0.120461
15.57 -0.120432
15.58 -0.120348
15.59 -0.120209
15.6 -0.120016
15.61 -0.119774
15.62 -0.119488
15.63 -0.119167
15.64 -0.118819
15.65 -0.118449
15.66 -0.118051
15.67 -0.117618
15.68 -0.117145
15.69 -0.116629
15.7 -0.116065
15.71 -0.115448
15.72 -0.114775
15.73 -0.114041
15.74 -0.113243
15.75 -0.112376
15.76 -0.111436
15.77 -0.11042
15.78 -0.109324
15.79 -0.108144
15.8 -0.106878
15.81 -0.105521
15.82 -0.104072
15.83 -0.102529
15.84 -0.100889
15.85 -0.0991516
15.86 -0.0973157
15.87 -0.0953807
15.88 -0.0933462
15.89 -0.0912121
15.9 -0.0889784
15.91 -0.0866457
15.92 -0.0842146
15.93 -0.0816855
15.94 -0.0790591
15.95 -0.0763361
15.96 -0.0735176
15.97 -0.0706051
15.98 -0.0676005
15.99 -0.064506
16 -0.0613244
16.01 -0.0580591
16.02 -0.0547143
16.03 -0.0512948
16.04 -0.0478064
16.05 -0.0442558
16.06 -0.04065
16.07 -0.0369967
16.08 -0.033303
16.09 -0.0295762
16.1 -0.0258231
16.11 -0.0220507
16.12 -0.0182654
16.13 -0.014474
16.14 -0.0106828
16.15 -0.00689855
16.16 -0.00312764
16.17 0.000623453
16.18 0.00434831
16.19 0.00804059
16.2 0.0116941
16.21 0.015303
16.22 0.0188618
16.23 0.0223656
16.24 0.0258104
16.25 0.0291929
16.26 0.0325109
16.27 0.0357627
16.28 0.0389474
16.29 0.0420645
16.3 0.0451134
16.31 0.048094
16.32 0.0510063
16.33 0.0538504
16.34 0.0566266
16.35 0.0593354
16.36 0.0619773
16.37 0.0645529
16.38 0.0670627
16.39 0.0695075
16.4 0.0718882
16.41 0.0742057
16.42 0.076461
16.43 0.0786548
16.44 0.0807879
16.45 0.082861
16.46 0.0848749
16.47 0.0868303
16.48 0.0887278
16.49 0.0905682
16.5 0.0923521
16.51 0.0940802
16.52 0.0957531
16.53 0.0973715
16.54 0.0989361
16.55 0.100448
16.56 0.101907
16.57 0.103314
16.58 0.10467
16.59 0.105975
16.6 0.107228
16.61 0.108431
16.62 0.109582
16.63 0.110682
16.64 0.111728
16.65 0.11272
16.66 0.113656
16.67 0.114535
16.68 0.115353
16.69 0.11611
16.7 0.116801
16.71 0.117424
16.72 0.117978
16.73 0.118459
16.74 0.118868
16.75 0.119203
16.76 0.119465
16.77 0.119652
16.78 0.119766
16.79 0.119808
16.8 0.119777
16.81 0.119677
16.82 0.119513
16.83 0.119293
16.84 0.119029
16.85 0.118731
16.86 0.118414
16.87 0.118091
16.88 0.11777
16.89 0.117447
16.9 0.117121
16.91 0.116789
16.92 0.116451
16.93 0.116106
16.94 0.115755
16.95 0.115396
16.96 0.115028
16.97 0.114652
16.98 0.114268
16.99 0.113874
17 0.113472
17.01 0.113061
17.02 0.112642
17.03 0.112213
17.04 0.111776
17.05 0.11133
17.06 0.110876
17.07 0.110412
17.08 0.109939
17.09 0.109458
17.1 0.108968
17.11 0.108469
17.12 0.107961
17.13 0.107445
17.14 0.10692
17.15 0.106386
17.16 0.105843
17.17 0.105292
17.18 0.104732
17.19 0.104164
17.2 0.103588
17.21 0.103003
17.22 0.10241
17.23 0.101809
17.24 0.1012
17.25 0.100584
17.26 0.09996
17.27 0.0993281
17.28 0.0986881
17.29 0.0980398
17.3 0.0973828
17.31 0.0967167
17.32 0.0960413
17.33 0.0953562
17.34 0.094661
17.35 0.0939552
17.36 0.093238
17.37 0.0925084
17.38 0.0917648
17.39 0.0910055
17.4 0.0902282
17.41 0.0894304
17.42 0.088609
17.43 0.0877608
17.44 0.086883
17.45 0.085973
17.46 0.0850289
17.47 0.0840493
17.48 0.0830332
17.49 0.0819804
17.5 0.0808904
17.51 0.0797632
17.52 0.0785983
17.53 0.0773954
17.54 0.0761542
17.55 0.0748744
17.56 0.073556
17.57 0.0721991
17.58 0.0708042
17.59 0.0693719
17.6 0.0679034
17.61 0.0664001
17.62 0.064864
17.63 0.0632974
17.64 0.061703
17.65 0.0600839
17.66 0.0584434
17.67 0.0567849
17.68 0.055112
17.69 0.0534285
17.7 0.051738
17.71 0.0500439
17.72 0.0483491
17.73 0.0466563
17.74 0.0449676
17.75 0.0432853
17.76 0.0416115
17.77 0.0399488
17.78 0.0383
17.79 0.0366684
17.8 0.0350576
17.81 0.0334714
17.82 0.0319134
17.83 0.0303873
17.84 0.0288965
17.85 0.0274444
17.86 0.0260344
17.87 0.0246693
17.88 0.023352
17.89 0.0220847
17.9 0.0208692
17.91 0.0197067
17.92 0.0185979
17.93 0.017543
17.94 0.0165422
17.95 0.0155952
17.96 0.0147019
17.97 0.0138617
17.98 0.0130739
17.99 0.0123379
18 0.0116527
18.01 0.0110175
18.02 0.0104315
18.03 0.0098937
18.04 0.00940326
18.05 0.00895944
18.06 0.00856152
18.07 0.00820885
18.08 0.00790072
18.09 0.00763635
18.1 0.00741493
18.11 0.0072356
18.12 0.00709752
18.13 0.00699986
18.14 0.00694191
18.15 0.0069231
18.16 0.00694298
18.17 0.0070005
18.18 0.00709291
18.19 0.00721619
18.2 0.00736546
18.21 0.00753496
18.22 0.00771823
18.23 0.00790828
18.24 0.0080979
18.25 0.00827991
18.26 0.00844754
18.27 0.00859706
18.28 0.00872938
18.29 0.0088465
18.3 0.00894962
18.31 0.00904001
18.32 0.00911902
18.33 0.00918796
18.34 0.0092481
18.35 0.00930057
18.36 0.00934639
18.37 0.00938635
18.38 0.00942117
18.39 0.00945153
18.4 0.00947815
18.41 0.00950186
18.42 0.00952362
18.43 0.00954458
18.44 0.00956611
18.45 0.00958981
18.46 0.00961749
18.47 0.00965111
18.48 0.00969272
18.49 0.00974439
18.5 0.00980813
18.51 0.00988574
18.52 0.00997879
18.53 0.0100886
18.54 0.0102162
18.55 0.0103624
18.56 0.0105277
18.57 0.0107125
18.58 0.010917
18.59 0.0111414
18.6 0.0113858
18.61 0.0116505
18.62 0.0119358
18.63 0.0122417
18.64 0.0125687
18.65 0.0129168
18.66 0.0132861
18.67 0.0136763
18.68 0.0140866
18.69 0.0145157
18.7 0.0149614
18.71 0.0154205
18.72 0.0158893
18.73 0.0163633
18.74 0.0168376
18.75 0.0173075
18.76 0.0177685
18.77 0.0182161
18.78 0.0186463
18.79 0.0190546
18.8 0.0194371
18.81 0.0197897
18.82 0.0201081
18.83 0.0203885
18.84 0.0206267
18.85 0.0208187
18.86 0.0209606
18.87 0.0210483
18.88 0.0210782
18.89 0.0210467
18.9 0.020952
18.91 0.0207959
18.92 0.0205832
18.93 0.0203214
18.94 0.0200206
18.95 0.0196926
18.96 0.0193503
18.97 0.0190003
18.98 0.0186389
18.99 0.0182613
19 0.0178656
19.01 0.0174496
19.02 0.0170108
19.03 0.0165465
19.04 0.0160539
19.05 0.0155304
19.06 0.0149739
19.07 0.0143826
19.08 0.013755
19.09 0.0130902
19.1 0.0123873
19.11 0.0116457
19.12 0.0108647
19.13 0.0100433
19.14 0.00918028
19.15 0.00827451
19.16 0.00732506
19.17 0.00633138
19.18 0.00529362
19.19 0.00421274
19.2 0.00309051
19.21 0.00192942
19.22 0.00073259
19.23 -0.000496465
19.24 -0.00175402
19.25 -0.00303651
19.26 -0.00434098
19.27 -0.00566524
19.28 -0.00700772
19.29 -0.00836717
19.3 -0.00974225
19.31 -0.0111314
19.32 -0.0125326
19.33 -0.0139438
19.34 -0.0153624
19.35 -0.0167853
19.36 -0.0182092
19.37 -0.0196304
19.38 -0.0210451
19.39 -0.02245
19.4 -0.0238416
19.41 -0.0252166
19.42 -0.0265717
19.43 -0.0279038
19.44 -0.0292097
19.45 -0.0304863
19.46 -0.0317308
19.47 -0.0329402
19.48 -0.0341117
19.49 -0.0352428
19.5 -0.036331
19.51 -0.0373741
19.52 -0.0383703
19.53 -0.0393177
19.54 -0.0402151
19.55 -0.0410614
19.56 -0.0418563
19.57 -0.0425998
19.58 -0.0432923
19.59 -0.0439342
19.6 -0.0445261
19.61 -0.0450687
19.62 -0.0455629
19.63 -0.0460095
19.64 -0.0464096
19.65 -0.0467641
19.66 -0.047074
19.67 -0.0473406
19.68 -0.047565
19.69 -0.0477484
19.7 -0.0478924
19.71 -0.0479985
19.72 -0.0480683
19.73 -0.0481034
19.74 -0.0481053
19.75 -0.0480756
19.76 -0.0480162
19.77 -0.0479308
19.78 -0.0478241
19.79 -0.047701
19.8 -0.047567
19.81 -0.0474282
19.82 -0.0472905
19.83 -0.0471601
19.84 -0.0470426
19.85 -0.0469433
19.86 -0.0468666
19.87 -0.0468161
19.88 -0.0467943
19.89 -0.0468024
19.9 -0.0468402
19.91 -0.0469062
19.92 -0.0469974
19.93 -0.0471097
19.94 -0.047238
19.95 -0.0473766
19.96 -0.0475197
19.97 -0.0476616
19.98 -0.0477969
19.99 -0.0479208
20 -0.0480292
20.01 -0.0481191
20.02 -0.048189
20.03 -0.0482398
20.04 -0.0482728
20.05 -0.0482884
20.06 -0.0482869
20.07 -0.0482681
20.08 -0.0482319
20.09 -0.0481788
20.1 -0.0481091
20.11 -0.0480239
20.12 -0.0479245
20.13 -0.047813
20.14 -0.047692
20.15 -0.0475644
20.16 -0.0474336
20.17 -0.0473029
20.18 -0.0471758
20.19 -0.047056
20.2 -0.0469469
20.21 -0.0468516
20.22 -0.046773
20.23 -0.0467117
20.24 -0.0466659
20.25 -0.0466335
20.26 -0.0466133
20.27 -0.0466042
20.28 -0.0466054
20.29 -0.0466162
20.3 -0.0466357
20.31 -0.0466628
20.32 -0.0466964
20.33 -0.0467352
20.34 -0.0467779
20.35 -0.0468228
20.36 -0.0468684
20.37 -0.0469127
20.38 -0.0469536
20.39 -0.0469888
20.4 -0.0470159
20.41 -0.0470325
20.42 -0.0470365
20.43 -0.047026
20.44 -0.0469996
20.45 -0.0469568
20.46 -0.0468977
20.47 -0.0468232
20.48 -0.0467348
20.49 -0.0466344
20.5 -0.0465244
20.51 -0.0464055
20.52 -0.0462751
20.53 -0.0461304
20.54 -0.0459694
20.55 -0.0457902
20.56 -0.045591
20.57 -0.0453702
20.58 -0.0451265
20.59 -0.0448591
20.6 -0.0445677
20.61 -0.0442526
20.62 -0.0439145
20.63 -0.043554
20.64 -0.043172
20.65 -0.0427695
20.66 -0.0423473
20.67 -0.0419065
20.68 -0.0414477
20.69 -0.0409718
20.7 -0.0404792
20.71 -0.0399704
20.72 -0.0394458
20.73 -0.0389056
20.74 -0.0383504
20.75 -0.0377802
20.76 -0.0371956
20.77 -0.0365969
20.78 -0.0359841
20.79 -0.0353573
20.8 -0.034716
20.81 -0.0340597
20.82 -0.033387
20.83 -0.0326966
20.84 -0.0319869
20.85 -0.0312561
20.86 -0.030503
20.87 -0.0297266
20.88 -0.0289261
20.89 -0.0281011
20.9 -0.0272517
20.91 -0.026378
20.92 -0.0254805
20.93 -0.0245593
20.94 -0.023615
20.95 -0.0226479
20.96 -0.0216586
20.97 -0.0206481
20.98 -0.0196175
20.99 -0.0185684
21 -0.0175024
21.01 -0.0164219
21.02 -0.0153294
21.03 -0.0142279
21.04 -0.0131205
21.05 -0.0120103
21.06 -0.0109003
21.07 -0.00979343
21.08 -0.00869244
21.09 -0.00760014
21.1 -0.00651922
21.11 -0.00545217
21.12 -0.00440109
21.13 -0.00336768
21.14 -0.00235333
21.15 -0.00135914
21.16 -0.000386082
21.17 0.000564957
21.18 0.00149316
21.19 0.00239773
21.2 0.00327789
21.21 0.00413288
21.22 0.00496199
21.23 0.00576454
21.24 0.00653991
21.25 0.0072876
21.26 0.00800727
21.27 0.00869885
21.28 0.00936245
21.29 0.00999844
21.3 0.0106073
21.31 0.0111897
21.32 0.0117462
21.33 0.0122773
21.34 0.0127831
21.35 0.0132639
21.36 0.0137196
21.37 0.0141498
21.38 0.014554
21.39 0.0149315
21.4 0.0152812
21.41 0.0156019
21.42 0.0158925
21.43 0.0161514
21.44 0.0163774
21.45 0.0165695
21.46 0.0167264
21.47 0.0168476
21.48 0.0169323
21.49 0.01698
21.5 0.0169901
21.51 0.016962
21.52 0.0168962
21.53 0.0167954
21.54 0.0166637
21.55 0.0165063
21.56 0.0163292
21.57 0.0161392
21.58 0.0159433
21.59 0.0157484
21.6 0.015561
21.61 0.0153873
21.62 0.0152294
21.63 0.0150839
21.64 0.0149479
21.65 0.01482
21.66 0.0146994
21.67 0.0145856
21.68 0.0144782
21.69 0.014377
21.7 0.0142819
21.71 0.0141926
21.72 0.0141088
21.73 0.0140305
21.74 0.0139575
21.75 0.01389
21.76 0.0138284
21.77 0.0137734
21.78 0.0137256
21.79 0.013686
21.8 0.0136556
21.81 0.0136351
21.82 0.013625
21.83 0.0136256
21.84 0.0136367
21.85 0.0136575
21.86 0.0136865
21.87 0.0137218
21.88 0.0137609
21.89 0.0138011
21.9 0.0138399
21.91 0.0138746
21.92 0.0139031
21.93 0.0139235
21.94 0.0139348
21.95 0.0139363
21.96 0.0139279
21.97 0.0139098
21.98 0.0138823
21.99 0.0138457
22 0.0138003
22.01 0.0137467
22.02 0.0136851
22.03 0.0136161
22.04 0.0135398
22.05 0.013455
22.06 0.0133607
22.07 0.0132566
22.08 0.0131429
22.09 0.0130203
22.1 0.0128894
22.11 0.0127514
22.12 0.0126072
22.13 0.012458
22.14 0.012305
22.15 0.012149
22.16 0.0119909
22.17 0.0118312
22.18 0.0116704
22.19 0.0115089
22.2 0.011347
22.21 0.0111851
22.22 0.0110238
22.23 0.0108639
22.24 0.0107063
22.25 0.0105522
22.26 0.0104025
22.27 0.0102583
22.28 0.0101205
22.29 0.00999009
22.3 0.00986745
22.31 0.00975277
22.32 0.00964582
22.33 0.00954607
22.34 0.00945278
22.35 0.00936508
22.36 0.00928201
22.37 0.00920265
22.38 0.00912618
22.39 0.00905192
22.4 0.00897933
22.41 0.00890806
22.42 0.00883799
22.43 0.00876913
22.44 0.00870163
22.45 0.00863573
22.46 0.00857188
22.47 0.00851078
22.48 0.00845337
22.49 0.00840079
22.5 0.00835439
22.51 0.00831577
22.52 0.00828674
22.53 0.00826929
22.54 0.0082655
22.55 0.00827741
22.56 0.00830664
22.57 0.00835387
22.58 0.00841912
22.59 0.00850173
22.6 0.00860033
22.61 0.0087129
22.62 0.00883685
22.63 0.00896901
22.64 0.00910578
22.65 0.00924321
22.66 0.00937718
22.67 0.00950347
22.68 0.00961794
22.69 0.00971679
22.7 0.00979699
22.71 0.00985794
22.72 0.00990194
22.73 0.00993137
22.74 0.00994773
22.75 0.00995259
22.76 0.00994742
22.77 0.0099338
22.78 0.00991356
22.79 0.00988865
22.8 0.00986111
22.81 0.00983302
22.82 0.00980642
22.83 0.00978321
22.84 0.00976504
22.85 0.00975327
22.86 0.00974887
22.87 0.00975244
22.88 0.00976409
22.89 0.0097835
22.9 0.00980983
22.91 0.00984177
22.92 0.0098776
22.93 0.00991529
22.94 0.00995255
22.95 0.00998702
22.96 0.010017
22.97 0.0100417
22.98 0.0100606
22.99 0.0100728
23 0.0100778
23.01 0.0100758
23.02 0.0100672
23.03 0.010053
23.04 0.0100346
23.05 0.0100138
23.06 0.00999233
23.07 0.00997201
23.08 0.00995417
23.09 0.00993969
23.1 0.00992905
23.11 0.00992245
23.12 0.00991987
23.13 0.00992108
23.14 0.00992578
23.15 0.00993353
23.16 0.00994379
23.17 0.00995594
23.18 0.00996935
23.19 0.00998345
23.2 0.00999773
23.21 0.0100117
23.22 0.010025
23.23 0.0100371
23.24 0.0100475
23.25 0.0100561
23.26 0.0100624
23.27 0.0100664
23.28 0.010068
23.29 0.0100675
23.3 0.0100652
23.31 0.0100619
23.32 0.0100581
23.33 0.0100544
23.34 0.0100515
23.35 0.0100498
23.36 0.0100496
23.37 0.010051
23.38 0.0100538
23.39 0.0100577
23.4 0.0100619
23.41 0.0100657
23.42 0.0100678
23.43 0.0100671
23.44 0.0100623
23.45 0.0100521
23.46 0.0100356
23.47 0.0100121
23.48 0.00998135
23.49 0.00994385
23.5 0.00990054
23.51 0.00985274
23.52 0.00980205
23.53 0.00975018
23.54 0.00969891
23.55 0.00965001
23.56 0.00960517
23.57 0.00956593
23.58 0.00953368
23.59 0.00950957
23.6 0.00949442
23.61 0.00948869
23.62 0.00949251
23.63 0.00950568
23.64 0.0095277
23.65 0.00955781
23.66 0.00959494
23.67 0.00963771
23.68 0.00968442
23.69 0.00973307
23.7 0.00978152
23.71 0.00982748
23.72 0.00986868
23.73 0.0099029
23.74 0.0099281
23.75 0.00994243
23.76 0.00994428
23.77 0.00993224
23.78 0.00990515
23.79 0.00986217
23.8 0.00980292
23.81 0.00972762
23.82 0.00963721
23.83 0.00953333
23.84 0.00941818
23.85 0.00929448
23.86 0.00916527
23.87 0.00903386
23.88 0.00890356
23.89 0.00877759
23.9 0.00865881
23.91 0.00854956
23.92 0.0084497
23.93 0.00835575
23.94 0.00826396
23.95 0.00817157
23.96 0.00807604
23.97 0.00797515
23.98 0.00786713
23.99 0.00775073
24 0.00762523
24.01 0.00749041
24.02 0.0073464
24.03 0.00719371
24.04 0.00703329
24.05 0.00686673
24.06 0.00669617
24.07 0.00652429
24.08 0.00635403
24.09 0.00618833
24.1 0.00602999
24.11 0.00588164
24.12 0.00574553
24.13 0.00562343
24.14 0.00551658
24.15 0.00542566
24.16 0.00535073
24.17 0.0052915
24.18 0.00524749
24.19 0.00521819
24.2 0.00520296
24.21 0.00520112
24.22 0.00521185
24.23 0.00523389
24.24 0.00526523
24.25 0.0053034
24.26 0.00534576
24.27 0.00538934
24.28 0.00543108
24.29 0.00546782
24.3 0.00549641
24.31 0.00551394
24.32 0.00551799
24.33 0.00550696
24.34 0.00548035
24.35 0.00543887
24.36 0.00538441
24.37 0.00531967
24.38 0.00524804
24.39 0.00517331
24.4 0.00509838
24.41 0.00502426
24.42 0.00495135
24.43 0.0048802
24.44 0.0048112
24.45 0.00474459
24.46 0.00468056
24.47 0.00461937
24.48 0.00456132
24.49 0.00450682
24.5 0.00445628
24.51 0.00441015
24.52 0.00436885
24.53 0.00433277
24.54 0.00430215
24.55 0.00427713
24.56 0.00425777
24.57 0.00424394
24.58 0.00423534
24.59 0.00423149
24.6 0.00423189
24.61 0.00423603
24.62 0.00424329
24.63 0.00425289
24.64 0.00426398
24.65 0.00427587
24.66 0.00428807
24.67 0.00430031
24.68 0.00431251
24.69 0.00432485
24.7 0.00433766
24.71 0.00435144
24.72 0.00436669
24.73 0.00438386
24.74 0.00440334
24.75 0.00442545
24.76 0.00445053
24.77 0.00447882
24.78 0.00451034
24.79 0.00454476
24.8 0.00458155
24.81 0.00461992
24.82 0.00465888
24.83 0.00469718
24.84 0.00473349
24.85 0.00476645
24.86 0.00479479
24.87 0.00481736
24.88 0.00483316
24.89 0.00484133
24.9 0.0048411
24.91 0.00483187
24.92 0.00481325
24.93 0.00478515
24.94 0.00474776
24.95 0.00470163
24.96 0.00464764
24.97 0.00458698
24.98 0.0045211
24.99 0.0044517
25 0.00438078
