0.01 3.1398e-09
0.02 1.50213e-08
0.03 3.66831e-08
0.04 6.52187e-08
0.05 9.76446e-08
0.06 1.30993e-07
0.07 1.62398e-07
0.08 1.89159e-07
0.09 2.0878e-07
0.1 2.19031e-07
0.11 2.1801e-07
0.12 2.04189e-07
0.13 1.76402e-07
0.14 1.33811e-07
0.15 7.59064e-08
0.16 2.57075e-09
0.17 -8.58816e-08
0.18 -1.88707e-07
0.19 -3.04748e-07
0.2 -4.32456e-07
0.21 -5.69931e-07
0.22 -7.14963e-07
0.23 -8.65105e-07
0.24 -1.01775e-06
0.25 -1.17022e-06
0.26 -1.31991e-06
0.27 -1.4644e-06
0.28 -1.60133e-06
0.29 -1.72823e-06
0.3 -1.84252e-06
0.31 -1.94146e-06
0.32 -2.02219e-06
0.33 -2.08163e-06
0.34 -2.11643e-06
0.35 -2.12333e-06
0.36 -2.09944e-06
0.37 -2.04246e-06
0.38 -1.95123e-06
0.39 -1.82657e-06
0.4 -1.6718e-06
0.41 -1.49291e-06
0.42 -1.29799e-06
0.43 -1.09634e-06
0.44 -8.98399e-07
0.45 -7.15251e-07
0.46 -5.57945e-07
0.47 -4.3679e-07
0.48 -3.60548e-07
0.49 -3.36029e-07
0.5 -3.67839e-07
0.51 -4.58516e-07
0.52 -6.08829e-07
0.53 -8.17301e-07
0.54 -1.08054e-06
0.55 -1.39379e-06
0.56 -1.75056e-06
0.57 -2.14301e-06
0.58 -2.56258e-06
0.59 -3.00017e-06
0.6 -3.44628e-06
0.61 -3.89124e-06
0.62 -4.32542e-06
0.63 -4.73951e-06
0.64 -5.12485e-06
0.65 -5.47363e-06
0.66 -5.77929e-06
0.67 -6.03668e-06
0.68 -6.2422e-06
0.69 -6.39387e-06
0.7 -6.49115e-06
0.71 -6.53457e-06
0.72 -6.52528e-06
0.73 -6.46432e-06
0.74 -6.35195e-06
0.75 -6.18706e-06
0.76 -5.96691e-06
0.77 -5.68751e-06
0.78 -5.34487e-06
0.79 -4.93733e-06
0.8 -4.46714e-06
0.81 -3.94069e-06
0.82 -3.36806e-06
0.83 -2.76195e-06
0.84 -2.13753e-06
0.85 -1.51352e-06
0.86 -9.10974e-07
0.87 -3.49004e-07
0.88 1.59447e-07
0.89 6.08457e-07
0.9 9.97079e-07
0.91 1.32745e-06
0.92 1.60355e-06
0.93 1.82909e-06
0.94 2.00471e-06
0.95 2.12685e-06
0.96 2.18714e-06
0.97 2.17348e-06
0.98 2.07512e-06
0.99 1.88804e-06
1 1.61679e-06
1.01 1.27357e-06
1.02 8.7798e-07
1.03 4.55422e-07
1.04 3.39718e-08
1.05 -3.58512e-07
1.06 -6.98303e-07
1.07 -9.67938e-07
1.08 -1.15514e-06
1.09 -1.25033e-06
1.1 -1.24597e-06
1.11 -1.13811e-06
1.12 -9.2523e-07
1.13 -6.06529e-07
1.14 -1.82467e-07
1.15 3.43931e-07
1.16 9.65352e-07
1.17 1.66794e-06
1.18 2.42942e-06
1.19 3.22151e-06
1.2 4.014e-06
1.21 4.77399e-06
1.22 5.46539e-06
1.23 6.0526e-06
1.24 6.50685e-06
1.25 6.81441e-06
1.26 6.98146e-06
1.27 7.02874e-06
1.28 6.98161e-06
1.29 6.86656e-06
1.3 6.70988e-06
1.31 6.5321e-06
1.32 6.34514e-06
1.33 6.15477e-06
1.34 5.96578e-06
1.35 5.78534e-06
1.36 5.62307e-06
1.37 5.4907e-06
1.38 5.40117e-06
1.39 5.36709e-06
1.4 5.39837e-06
1.41 5.49902e-06
1.42 5.66331e-06
1.43 5.87186e-06
1.44 6.0885e-06
1.45 6.25925e-06
1.46 6.3153e-06
1.47 6.18126e-06
1.48 5.78365e-06
1.49 5.05392e-06
1.5 3.93317e-06
1.51 2.37804e-06
1.52 3.63718e-07
1.53 -2.10885e-06
1.54 -5.00529e-06
1.55 -8.25162e-06
1.56 -1.17341e-05
1.57 -1.53119e-05
1.58 -1.88289e-05
1.59 -2.21242e-05
1.6 -2.50488e-05
1.61 -2.74746e-05
1.62 -2.92953e-05
1.63 -3.04287e-05
1.64 -3.08187e-05
1.65 -3.04352e-05
1.66 -2.92773e-05
1.67 -2.73742e-05
1.68 -2.4782e-05
1.69 -2.15767e-05
1.7 -1.78476e-05
1.71 -1.36959e-05
1.72 -9.23036e-06
1.73 -4.56336e-06
1.74 1.9619e-07
1.75 4.9488e-06
1.76 9.60227e-06
1.77 1.40669e-05
1.78 1.82619e-05
1.79 2.21224e-05
1.8 2.55986e-05
1.81 2.8652e-05
1.82 3.12561e-05
1.83 3.33948e-05
1.84 3.50528e-05
1.85 3.62105e-05
1.86 3.68486e-05
1.87 3.69585e-05
1.88 3.6548e-05
1.89 3.56418e-05
1.9 3.42802e-05
1.91 3.25187e-05
1.92 3.04259e-05
1.93 2.80793e-05
1.94 2.55511e-05
1.95 2.28897e-05
1.96 2.01182e-05
1.97 1.72395e-05
1.98 1.42402e-05
1.99 1.1103e-05
2 7.82672e-06
2.01 4.44462e-06
2.02 1.02489e-06
2.03 -2.33439e-06
2.04 -5.51079e-06
2.05 -8.37059e-06
2.06 -1.07822e-05
2.07 -1.26291e-05
2.08 -1.38282e-05
2.09 -1.43424e-05
2.1 -1.4183e-05
2.11 -1.34061e-05
2.12 -1.21128e-05
2.13 -1.04507e-05
2.14 -8.59935e-06
2.15 -6.75251e-06
2.16 -5.111e-06
2.17 -3.87101e-06
2.18 -3.21779e-06
2.19 -3.32856e-06
2.2 -4.37514e-06
2.21 -6.51424e-06
2.22 -9.87313e-06
2.23 -1.45407e-05
2.24 -2.05607e-05
2.25 -2.79362e-05
2.26 -3.66255e-05
2.27 -4.65177e-05
2.28 -5.74306e-05
2.29 -6.91278e-05
2.3 -8.13295e-05
2.31 -9.37191e-05
2.32 -0.000105945
2.33 -0.000117616
2.34 -0.000128309
2.35 -0.000137583
2.36 -0.000144996
2.37 -0.000150131
2.38 -0.000152613
2.39 -0.000152112
2.4 -0.000148376
2.41 -0.000141267
2.42 -0.00013079
2.43 -0.000117066
2.44 -0.000100314
2.45 -8.08364e-05
2.46 -5.90128e-05
2.47 -3.52993e-05
2.48 -1.02206e-05
2.49 1.566e-05
2.5 4.17719e-05
2.51 6.75637e-05
2.52 9.25179e-05
2.53 0.000116149
2.54 0.000138012
2.55 0.000157716
2.56 0.000174926
2.57 0.000189349
2.58 0.000200711
2.59 0.000208767
2.6 0.000213305
2.61 0.000214171
2.62 0.00021129
2.63 0.000204686
2.64 0.000194492
2.65 0.000180946
2.66 0.00016438
2.67 0.000145213
2.68 0.000123922
2.69 0.000101023
2.7 7.70445e-05
2.71 5.25333e-05
2.72 2.80371e-05
2.73 4.09489e-06
2.74 -1.87585e-05
2.75 -4.00006e-05
2.76 -5.9148e-05
2.77 -7.57727e-05
2.78 -8.94871e-05
2.79 -9.99405e-05
2.8 -0.000106832
2.81 -0.000109923
2.82 -0.000109071
2.83 -0.000104265
2.84 -9.56261e-05
2.85 -8.34051e-05
2.86 -6.79699e-05
2.87 -4.98007e-05
2.88 -2.94922e-05
2.89 -7.72962e-06
2.9 1.47536e-05
2.91 3.72021e-05
2.92 5.88564e-05
2.93 7.8978e-05
2.94 9.68811e-05
2.95 0.000111953
2.96 0.000123674
2.97 0.000131663
2.98 0.00013569
2.99 0.000135669
3 0.000131649
3.01 0.000123798
3.02 0.000112374
3.03 9.77045e-05
3.04 8.01664e-05
3.05 6.01712e-05
3.06 3.81455e-05
3.07 1.45167e-05
3.08 -1.0294e-05
3.09 -3.58656e-05
3.1 -6.17556e-05
3.11 -8.7484e-05
3.12 -0.000112527
3.13 -0.000136317
3.14 -0.000158267
3.15 -0.000177818
3.16 -0.000194458
3.17 -0.000207731
3.18 -0.000217254
3.19 -0.000222736
3.2 -0.000224013
3.21 -0.00022103
3.22 -0.00021381
3.23 -0.000202438
3.24 -0.000187061
3.25 -0.000167887
3.26 -0.000145195
3.27 -0.000119309
3.28 -9.05716e-05
3.29 -5.93746e-05
3.3 -2.61753e-05
3.31 8.53201e-06
3.32 4.42297e-05
3.33 8.03422e-05
3.34 0.000116206
3.35 0.000151062
3.36 0.00018406
3.37 0.000214289
3.38 0.000240817
3.39 0.000262715
3.4 0.00027909
3.41 0.000289126
3.42 0.000292132
3.43 0.000287595
3.44 0.000275206
3.45 0.000254873
3.46 0.000226731
3.47 0.000191174
3.48 0.00014889
3.49 0.000100859
3.5 4.8318e-05
3.51 -7.28907e-06
3.52 -6.43555e-05
3.53 -0.000121171
3.54 -0.000175997
3.55 -0.00022716
3.56 -0.000273149
3.57 -0.000312659
3.58 -0.000344576
3.59 -0.000367988
3.6 -0.000382247
3.61 -0.000386998
3.62 -0.000382174
3.63 -0.000367994
3.64 -0.000344957
3.65 -0.000313823
3.66 -0.000275591
3.67 -0.000231487
3.68 -0.000182929
3.69 -0.000131467
3.7 -7.86937e-05
3.71 -2.61899e-05
3.72 2.44951e-05
3.73 7.19036e-05
3.74 0.000114732
3.75 0.000151847
3.76 0.000182297
3.77 0.000205346
3.78 0.00022049
3.79 0.000227453
3.8 0.000226204
3.81 0.000216975
3.82 0.000200241
3.83 0.000176676
3.84 0.000147138
3.85 0.000112635
3.86 7.42469e-05
3.87 3.30583e-05
3.88 -9.89579e-06
3.89 -5.36672e-05
3.9 -9.74154e-05
3.91 -0.000140427
3.92 -0.00018213
3.93 -0.000222074
3.94 -0.000259891
3.95 -0.000295281
3.96 -0.000327996
3.97 -0.000357803
3.98 -0.000384436
3.99 -0.000407562
4 -0.000426794
4.01 -0.000441703
4.02 -0.000451842
4.03 -0.000456768
4.04 -0.000456056
4.05 -0.000449307
4.06 -0.000436165
4.07 -0.000416311
4.08 -0.000389449
4.09 -0.00035534
4.1 -0.000313831
4.11 -0.000264926
4.12 -0.000208875
4.13 -0.000146251
4.14 -7.79689e-05
4.15 -5.3094e-06
4.16 7.00549e-05
4.17 0.000146092
4.18 0.000220519
4.19 0.000290912
4.2 0.000354791
4.21 0.000409741
4.22 0.000453547
4.23 0.000484343
4.24 0.000500724
4.25 0.000501753
4.26 0.000486939
4.27 0.000456269
4.28 0.000410235
4.29 0.000349827
4.3 0.00027652
4.31 0.000192221
4.32 9.91875e-05
4.33 -4.37297e-08
4.34 -0.000102699
4.35 -0.000205817
4.36 -0.00030633
4.37 -0.000401154
4.38 -0.000487297
4.39 -0.000561969
4.4 -0.000622651
4.41 -0.000667159
4.42 -0.000693702
4.43 -0.000700957
4.44 -0.000688116
4.45 -0.000654939
4.46 -0.000601819
4.47 -0.000529823
4.48 -0.000440646
4.49 -0.000336515
4.5 -0.000220047
4.51 -9.41522e-05
4.52 3.79938e-05
4.53 0.000172997
4.54 0.000307341
4.55 0.000437484
4.56 0.000559966
4.57 0.000671495
4.58 0.000769022
4.59 0.000849838
4.6 0.000911638
4.61 0.000952614
4.62 0.000971539
4.63 0.000967798
4.64 0.000941384
4.65 0.000892915
4.66 0.000823622
4.67 0.000735354
4.68 0.000630552
4.69 0.000512143
4.7 0.000383409
4.71 0.000247841
4.72 0.000109015
4.73 -2.94735e-05
4.74 -0.000164122
4.75 -0.000291664
4.76 -0.000409146
4.77 -0.000513956
4.78 -0.000603865
4.79 -0.000677048
4.8 -0.000732127
4.81 -0.000768247
4.82 -0.000785081
4.83 -0.000782768
4.84 -0.000761912
4.85 -0.000723609
4.86 -0.000669399
4.87 -0.000601145
4.88 -0.000520965
4.89 -0.000431214
4.9 -0.00033443
4.91 -0.000233229
4.92 -0.000130238
4.93 -2.80366e-05
4.94 7.0871e-05
4.95 0.000164112
4.96 0.000249516
4.97 0.000325183
4.98 0.000389537
4.99 0.00044136
5 0.000479803
5.01 0.000504362
5.02 0.000514821
5.03 0.000511202
5.04 0.000493752
5.05 0.000462933
5.06 0.000419397
5.07 0.000363943
5.08 0.000297548
5.09 0.000221389
5.1 0.000136801
5.11 4.5263e-05
5.12 -5.15791e-05
5.13 -0.00015191
5.14 -0.000253778
5.15 -0.000355094
5.16 -0.00045363
5.17 -0.000547035
5.18 -0.000632927
5.19 -0.000709003
5.2 -0.000773093
5.21 -0.000823221
5.22 -0.000857695
5.23 -0.000875219
5.24 -0.000874958
5.25 -0.000856535
5.26 -0.000819976
5.27 -0.000765679
5.28 -0.000694423
5.29 -0.000607386
5.3 -0.000506143
5.31 -0.000392626
5.32 -0.000269108
5.33 -0.000138228
5.34 -2.97307e-06
5.35 0.00013341
5.36 0.000267476
5.37 0.00039561
5.38 0.000514149
5.39 0.000619579
5.4 0.000708706
5.41 0.000778764
5.42 0.000827516
5.43 0.000853365
5.44 0.00085544
5.45 0.000833623
5.46 0.000788538
5.47 0.000721478
5.48 0.000634313
5.49 0.000529417
5.5 0.000409643
5.51 0.000278257
5.52 0.00013882
5.53 -4.96303e-06
5.54 -0.000149323
5.55 -0.000290493
5.56 -0.00042481
5.57 -0.000548869
5.58 -0.00065966
5.59 -0.000754612
5.6 -0.000831603
5.61 -0.000888959
5.62 -0.000925478
5.63 -0.00094046
5.64 -0.000933704
5.65 -0.000905531
5.66 -0.000856784
5.67 -0.000788767
5.68 -0.000703182
5.69 -0.000602061
5.7 -0.000487704
5.71 -0.00036262
5.72 -0.000229446
5.73 -9.09261e-05
5.74 5.01236e-05
5.75 0.000190895
5.76 0.000328625
5.77 0.000460603
5.78 0.000584199
5.79 0.000696884
5.8 0.000796254
5.81 0.000880074
5.82 0.000946303
5.83 0.000993115
5.84 0.00101897
5.85 0.00102271
5.86 0.00100361
5.87 0.000961424
5.88 0.000896435
5.89 0.000809461
5.9 0.000701867
5.91 0.000575587
5.92 0.000433107
5.93 0.00027739
5.94 0.000111816
5.95 -5.98804e-05
5.96 -0.000233636
5.97 -0.000405105
5.98 -0.000569777
5.99 -0.000723147
6 -0.000860837
6.01 -0.000978764
6.02 -0.00107331
6.03 -0.00114147
6.04 -0.00118086
6.05 -0.00118986
6.06 -0.00116766
6.07 -0.00111432
6.08 -0.00103088
6.09 -0.00091923
6.1 -0.000782081
6.11 -0.000622824
6.12 -0.000445471
6.13 -0.000254545
6.14 -5.48971e-05
6.15 0.000148487
6.16 0.000350652
6.17 0.000546864
6.18 0.000732803
6.19 0.000904664
6.2 0.00105916
6.21 0.00119355
6.22 0.00130567
6.23 0.00139506
6.24 0.00146328
6.25 0.00151199
6.26 0.00154231
6.27 0.00155535
6.28 0.00155219
6.29 0.00153407
6.3 0.00150255
6.31 0.00145954
6.32 0.00140727
6.33 0.00134818
6.34 0.0012849
6.35 0.00122014
6.36 0.00115656
6.37 0.00109658
6.38 0.00104215
6.39 0.000994811
6.4 0.000955635
6.41 0.000925322
6.42 0.000904271
6.43 0.000892685
6.44 0.000890616
6.45 0.000898071
6.46 0.000915091
6.47 0.000941685
6.48 0.000977684
6.49 0.00102264
6.5 0.00107571
6.51 0.0011355
6.52 0.00120007
6.53 0.00126698
6.54 0.00133338
6.55 0.00139601
6.56 0.00145131
6.57 0.00149568
6.58 0.0015256
6.59 0.00153794
6.6 0.00153021
6.61 0.00150069
6.62 0.00144857
6.63 0.00137394
6.64 0.00127778
6.65 0.00116177
6.66 0.00102813
6.67 0.000879439
6.68 0.000718569
6.69 0.000548632
6.7 0.000372889
6.71 0.000194693
6.72 1.74398e-05
6.73 -0.00015553
6.74 -0.000320984
6.75 -0.000475804
6.76 -0.000617021
6.77 -0.000741889
6.78 -0.000847952
6.79 -0.000933085
6.8 -0.000996206
6.81 -0.00103761
6.82 -0.00105785
6.83 -0.00105729
6.84 -0.00103651
6.85 -0.000996572
6.86 -0.000939133
6.87 -0.000866389
6.88 -0.000780984
6.89 -0.000685858
6.9 -0.000584074
6.91 -0.000478639
6.92 -0.00037236
6.93 -0.000267737
6.94 -0.000166872
6.95 -7.14465e-05
6.96 1.72182e-05
6.97 9.80547e-05
6.98 0.000170092
6.99 0.000232341
7 0.000283769
7.01 0.000323266
7.02 0.000349701
7.03 0.000362106
7.04 0.000359854
7.05 0.000342805
7.06 0.000311451
7.07 0.000266996
7.08 0.000211324
7.09 0.00014691
7.1 7.66828e-05
7.11 3.85359e-06
7.12 -6.82935e-05
7.13 -0.000136704
7.14 -0.000198821
7.15 -0.00025271
7.16 -0.000297084
7.17 -0.000331264
7.18 -0.0003551
7.19 -0.000368853
7.2 -0.000373089
7.21 -0.000368545
7.22 -0.000355976
7.23 -0.000336037
7.24 -0.000309231
7.25 -0.000275917
7.26 -0.00023635
7.27 -0.000190803
7.28 -0.000139716
7.29 -8.38043e-05
7.3 -2.41189e-05
7.31 3.79215e-05
7.32 0.000100536
7.33 0.000161687
7.34 0.000219269
7.35 0.000271291
7.36 0.000316044
7.37 0.000352271
7.38 0.000379279
7.39 0.000396963
7.4 0.000405766
7.41 0.00040658
7.42 0.000400606
7.43 0.000389158
7.44 0.000373448
7.45 0.000354483
7.46 0.000333006
7.47 0.000309443
7.48 0.000283901
7.49 0.000256168
7.5 0.000225727
7.51 0.000191824
7.52 0.000153585
7.53 0.000110164
7.54 6.08838e-05
7.55 5.30839e-06
7.56 -5.6771e-05
7.57 -0.000125402
7.58 -0.000200473
7.59 -0.000281715
7.6 -0.000368733
7.61 -0.000460956
7.62 -0.000557483
7.63 -0.000656942
7.64 -0.00075745
7.65 -0.000856695
7.66 -0.000951958
7.67 -0.00104008
7.68 -0.00111753
7.69 -0.00118126
7.7 -0.00122914
7.71 -0.00125879
7.72 -0.00126747
7.73 -0.00125274
7.74 -0.00121292
7.75 -0.00114761
7.76 -0.00105749
7.77 -0.000944127
7.78 -0.000809944
7.79 -0.00065811
7.8 -0.000492482
7.81 -0.000317451
7.82 -0.000137777
7.83 4.15289e-05
7.84 0.000215328
7.85 0.000378538
7.86 0.000526327
7.87 0.000654244
7.88 0.000758389
7.89 0.000835602
7.9 0.000883595
7.91 0.000901017
7.92 0.000887513
7.93 0.000843757
7.94 0.00077142
7.95 0.000673085
7.96 0.000552137
7.97 0.000412643
7.98 0.000259234
7.99 9.6941e-05
8 -6.90477e-05
8.01 -0.000233613
8.02 -0.00039186
8.03 -0.000539265
8.04 -0.000671844
8.05 -0.00078631
8.06 -0.000880157
8.07 -0.00095168
8.08 -0.000999909
8.09 -0.00102452
8.1 -0.00102573
8.11 -0.00100412
8.12 -0.000960488
8.13 -0.000895763
8.14 -0.000811063
8.15 -0.000707669
8.16 -0.000587021
8.17 -0.00045075
8.18 -0.000300723
8.19 -0.000139093
8.2 3.17037e-05
8.21 0.000208944
8.22 0.000389604
8.23 0.000570445
8.24 0.000748143
8.25 0.000919338
8.26 0.00108066
8.27 0.00122878
8.28 0.00136167
8.29 0.00147922
8.3 0.00158156
8.31 0.0016681
8.32 0.00173772
8.33 0.00178877
8.34 0.00181913
8.35 0.00182633
8.36 0.00180772
8.37 0.00176111
8.38 0.00168541
8.39 0.00158064
8.4 0.00144801
8.41 0.00128991
8.42 0.00110988
8.43 0.00091233
8.44 0.000702449
8.45 0.000486049
8.46 0.000269418
8.47 5.91269e-05
8.48 -0.000138192
8.49 -0.000316113
8.5 -0.000468687
8.51 -0.000590646
8.52 -0.000677658
8.53 -0.000727239
8.54 -0.000738982
8.55 -0.000713119
8.56 -0.000650457
8.57 -0.000553203
8.58 -0.00042457
8.59 -0.000268459
8.6 -8.94407e-05
8.61 0.000107449
8.62 0.000316939
8.63 0.000533761
8.64 0.000752826
8.65 0.000969374
8.66 0.00117908
8.67 0.00137812
8.68 0.00156314
8.69 0.00173125
8.7 0.00188106
8.71 0.0020135
8.72 0.00213027
8.73 0.00223267
8.74 0.00232179
8.75 0.00239847
8.76 0.00246328
8.77 0.0025164
8.78 0.00255765
8.79 0.00258658
8.8 0.00260241
8.81 0.00260411
8.82 0.00259041
8.83 0.00256027
8.84 0.00251322
8.85 0.00244941
8.86 0.00236944
8.87 0.00227446
8.88 0.00216608
8.89 0.00204644
8.9 0.0019182
8.91 0.00178444
8.92 0.00164855
8.93 0.00151404
8.94 0.00138442
8.95 0.00126297
8.96 0.00115265
8.97 0.00105603
8.98 0.000975216
8.99 0.00091177
9 0.000866583
9.01 0.000839821
9.02 0.000830928
9.03 0.000838631
9.04 0.000861035
9.05 0.000895825
9.06 0.000940465
9.07 0.00099235
9.08 0.00104891
9.09 0.00110765
9.1 0.00116619
9.11 0.00122222
9.12 0.00127356
9.13 0.0013182
9.14 0.00135431
9.15 0.00138039
9.16 0.00139528
9.17 0.00139839
9.18 0.00138977
9.19 0.00137018
9.2 0.0013411
9.21 0.00130472
9.22 0.0012639
9.23 0.00122208
9.24 0.00118297
9.25 0.00115023
9.26 0.00112718
9.27 0.0011165
9.28 0.00112013
9.29 0.00113909
9.3 0.00117353
9.31 0.00122296
9.32 0.00128645
9.33 0.00136258
9.34 0.0014496
9.35 0.00154547
9.36 0.00164789
9.37 0.00175443
9.38 0.00186253
9.39 0.00196961
9.4 0.00207304
9.41 0.00217009
9.42 0.00225798
9.43 0.00233385
9.44 0.00239477
9.45 0.00243773
9.46 0.0024599
9.47 0.00245879
9.48 0.00243247
9.49 0.00237976
9.5 0.00230046
9.51 0.00219535
9.52 0.00206623
9.53 0.00191582
9.54 0.0017476
9.55 0.00156552
9.56 0.00137381
9.57 0.00117679
9.58 0.000978624
9.59 0.00078318
9.6 0.000593994
9.61 0.000414292
9.62 0.000247025
9.63 9.49323e-05
9.64 -4.0595e-05
9.65 -0.000160172
9.66 -0.00026459
9.67 -0.000353904
9.68 -0.000427838
9.69 -0.000485839
9.7 -0.000527181
9.71 -0.000551108
9.72 -0.000556935
9.73 -0.000544096
9.74 -0.000512489
9.75 -0.000462861
9.76 -0.000396666
9.77 -0.000315907
9.78 -0.000223119
9.79 -0.000121296
9.8 -1.38206e-05
9.81 9.56329e-05
9.82 0.000203229
9.83 0.000305095
9.84 0.000397423
9.85 0.000476593
9.86 0.000539341
9.87 0.00058294
9.88 0.000605329
9.89 0.000605141
9.9 0.000581743
9.91 0.000535346
9.92 0.000467045
9.93 0.000378738
9.94 0.000273072
9.95 0.00015336
9.96 2.34014e-05
9.97 -0.000112777
9.98 -0.000251164
9.99 -0.000387946
10 -0.000519609
10.01 -0.000643022
10.02 -0.000756744
10.03 -0.000861676
10.04 -0.000959074
10.05 -0.00104964
10.06 -0.00113391
10.07 -0.00121223
10.08 -0.00128474
10.09 -0.00135139
10.1 -0.00141198
10.11 -0.00146616
10.12 -0.00151358
10.13 -0.00155398
10.14 -0.00158728
10.15 -0.00161354
10.16 -0.00163293
10.17 -0.00164572
10.18 -0.0016521
10.19 -0.00165218
10.2 -0.00164586
10.21 -0.00163301
10.22 -0.00161362
10.23 -0.00158781
10.24 -0.00155571
10.25 -0.00151761
10.26 -0.00147398
10.27 -0.00142554
10.28 -0.00137315
10.29 -0.00131783
10.3 -0.00126068
10.31 -0.00120283
10.32 -0.00114535
10.33 -0.00108916
10.34 -0.00103512
10.35 -0.000984008
10.36 -0.000936558
10.37 -0.000893371
10.38 -0.000854947
10.39 -0.000821643
10.4 -0.000793645
10.41 -0.000770928
10.42 -0.000753179
10.43 -0.000739773
10.44 -0.000729779
10.45 -0.000721977
10.46 -0.000714933
10.47 -0.000707159
10.48 -0.000697258
10.49 -0.000684064
10.5 -0.000666784
10.51 -0.000645069
10.52 -0.000618995
10.53 -0.000589033
10.54 -0.000555973
10.55 -0.000520804
10.56 -0.000484614
10.57 -0.000448552
10.58 -0.000413797
10.59 -0.000381491
10.6 -0.000352685
10.61 -0.000328355
10.62 -0.000309412
10.63 -0.000296694
10.64 -0.000290973
10.65 -0.000292959
10.66 -0.000303259
10.67 -0.000322337
10.68 -0.000350448
10.69 -0.000387545
10.7 -0.000433202
10.71 -0.000486587
10.72 -0.000546544
10.73 -0.000611652
10.74 -0.000680256
10.75 -0.000750568
10.76 -0.000820732
10.77 -0.000888841
10.78 -0.000952961
10.79 -0.00101118
10.8 -0.00106171
10.81 -0.00110291
10.82 -0.00113337
10.83 -0.00115186
10.84 -0.00115746
10.85 -0.00114955
10.86 -0.00112793
10.87 -0.00109282
10.88 -0.00104491
10.89 -0.000985221
10.9 -0.000915113
10.91 -0.000836217
10.92 -0.000750302
10.93 -0.000659133
10.94 -0.000564357
10.95 -0.000467443
10.96 -0.000369669
10.97 -0.000272122
10.98 -0.000175737
10.99 -8.1364e-05
11 1.01387e-05
11.01 9.78878e-05
11.02 0.000180983
11.03 0.000258481
11.04 0.00032938
11.05 0.000392672
11.06 0.000447443
11.07 0.000492918
11.08 0.000528457
11.09 0.000553583
11.1 0.000568043
11.11 0.000571864
11.12 0.000565403
11.13 0.00054935
11.14 0.000524645
11.15 0.000492413
11.16 0.000453993
11.17 0.000410992
11.18 0.000365295
11.19 0.000319045
11.2 0.000274572
11.21 0.000234309
11.22 0.000200715
11.23 0.00017614
11.24 0.000162567
11.25 0.000161361
11.26 0.000173117
11.27 0.000197641
11.28 0.000234043
11.29 0.000280886
11.3 0.000336357
11.31 0.000398386
11.32 0.000464765
11.33 0.000533292
11.34 0.000601929
11.35 0.00066898
11.36 0.000733189
11.37 0.000793679
11.38 0.000850167
11.39 0.000903154
11.4 0.000953457
11.41 0.00100178
11.42 0.00104862
11.43 0.00109416
11.44 0.00113835
11.45 0.00118092
11.46 0.00122152
11.47 0.00125979
11.48 0.00129555
11.49 0.00132885
11.5 0.00136012
11.51 0.00139016
11.52 0.00142006
11.53 0.00145111
11.54 0.00148471
11.55 0.00152226
11.56 0.00156501
11.57 0.00161391
11.58 0.00166962
11.59 0.00173253
11.6 0.00180295
11.61 0.00188113
11.62 0.00196736
11.63 0.00206193
11.64 0.00216514
11.65 0.00227728
11.66 0.0023986
11.67 0.00252936
11.68 0.00266976
11.69 0.00281991
11.7 0.00297975
11.71 0.00314899
11.72 0.00332708
11.73 0.00351315
11.74 0.00370608
11.75 0.0039044
11.76 0.00410627
11.77 0.00430941
11.78 0.00451104
11.79 0.00470802
11.8 0.004897
11.81 0.00507472
11.82 0.00523823
11.83 0.00538492
11.84 0.00551253
11.85 0.00561921
11.86 0.00570336
11.87 0.00576356
11.88 0.00579846
11.89 0.00580681
11.9 0.00578749
11.91 0.00573989
11.92 0.00566441
11.93 0.00556217
11.94 0.00543492
11.95 0.00528505
11.96 0.00511551
11.97 0.00492973
11.98 0.00473164
11.99 0.00452558
12 0.00431627
12.01 0.0041086
12.02 0.00390753
12.03 0.00371811
12.04 0.0035453
12.05 0.0033938
12.06 0.00326788
12.07 0.00317004
12.08 0.00310043
12.09 0.00305875
12.1 0.00304501
12.11 0.00305897
12.12 0.00309978
12.13 0.00316553
12.14 0.00325338
12.15 0.00335975
12.16 0.00348037
12.17 0.00361055
12.18 0.00374538
12.19 0.00387991
12.2 0.00400922
12.21 0.00412864
12.22 0.00423394
12.23 0.00432144
12.24 0.00438797
12.25 0.00443097
12.26 0.00444868
12.27 0.00444017
12.28 0.00440528
12.29 0.00434467
12.3 0.00425973
12.31 0.00415261
12.32 0.00402616
12.33 0.00388395
12.34 0.00373014
12.35 0.00356929
12.36 0.00340625
12.37 0.00324609
12.38 0.00309397
12.39 0.00295498
12.4 0.00283265
12.41 0.00272826
12.42 0.00264272
12.43 0.0025773
12.44 0.0025332
12.45 0.00251158
12.46 0.00251349
12.47 0.00253986
12.48 0.0025913
12.49 0.00266825
12.5 0.00277097
12.51 0.00289957
12.52 0.00305394
12.53 0.00323369
12.54 0.00343794
12.55 0.00366513
12.56 0.00391297
12.57 0.00417842
12.58 0.00445778
12.59 0.00474692
12.6 0.00504146
12.61 0.00533922
12.62 0.00564195
12.63 0.00595236
12.64 0.00627227
12.65 0.00660324
12.66 0.00694656
12.67 0.0073031
12.68 0.00767335
12.69 0.00805728
12.7 0.0084544
12.71 0.00886389
12.72 0.0092847
12.73 0.00971563
12.74 0.0101554
12.75 0.0106026
12.76 0.011056
12.77 0.0115145
12.78 0.0119771
12.79 0.0124426
12.8 0.0129102
12.81 0.013379
12.82 0.013848
12.83 0.0143159
12.84 0.0147818
12.85 0.0152443
12.86 0.0157024
12.87 0.0161553
12.88 0.0166022
12.89 0.0170426
12.9 0.0174765
12.91 0.0179038
12.92 0.0183246
12.93 0.018739
12.94 0.019147
12.95 0.0195484
12.96 0.019943
12.97 0.0203304
12.98 0.0207102
12.99 0.0210819
13 0.0214451
13.01 0.0217993
13.02 0.0221443
13.03 0.0224802
13.04 0.0228069
13.05 0.0231247
13.06 0.0234338
13.07 0.0237342
13.08 0.0240256
13.09 0.0243076
13.1 0.0245796
13.11 0.0248405
13.12 0.0250892
13.13 0.0253245
13.14 0.0255453
13.15 0.0257506
13.16 0.0259397
13.17 0.026112
13.18 0.0262674
13.19 0.0264057
13.2 0.0265271
13.21 0.0266316
13.22 0.0267194
13.23 0.0267905
13.24 0.0268451
13.25 0.026883
13.26 0.0269043
13.27 0.0269087
13.28 0.026896
13.29 0.0268661
13.3 0.0268192
13.31 0.0267559
13.32 0.026677
13.33 0.0265832
13.34 0.0264756
13.35 0.0263555
13.36 0.0262246
13.37 0.0260848
13.38 0.0259385
13.39 0.0257882
13.4 0.0256367
13.41 0.0254871
13.42 0.0253424
13.43 0.0252058
13.44 0.0250806
13.45 0.0249698
13.46 0.0248763
13.47 0.0248028
13.48 0.0247517
13.49 0.0247248
13.5 0.0247235
13.51 0.0247486
13.52 0.0248004
13.53 0.0248784
13.54 0.0249819
13.55 0.0251094
13.56 0.0252591
13.57 0.0254286
13.58 0.0256151
13.59 0.025815
13.6 0.0260244
13.61 0.0262391
13.62 0.0264546
13.63 0.0266665
13.64 0.0268707
13.65 0.027063
13.66 0.0272418
13.67 0.0274087
13.68 0.0275656
13.69 0.0277134
13.7 0.0278525
13.71 0.0279833
13.72 0.0281062
13.73 0.028221
13.74 0.0283278
13.75 0.0284259
13.76 0.0285146
13.77 0.0285929
13.78 0.0286592
13.79 0.0287117
13.8 0.0287481
13.81 0.0287658
13.82 0.0287616
13.83 0.0287325
13.84 0.0286762
13.85 0.0285921
13.86 0.0284806
13.87 0.0283435
13.88 0.0281834
13.89 0.0280033
13.9 0.0278067
13.91 0.0275973
13.92 0.0273794
13.93 0.027157
13.94 0.0269346
13.95 0.0267161
13.96 0.0265057
13.97 0.0263071
13.98 0.0261226
13.99 0.0259519
14 0.0257935
14.01 0.0256459
14.02 0.0255076
14.03 0.0253771
14.04 0.0252533
14.05 0.0251347
14.06 0.02502
14.07 0.0249081
14.08 0.0247972
14.09 0.0246858
14.1 0.0245719
14.11 0.0244535
14.12 0.0243282
14.13 0.0241931
14.14 0.0240454
14.15 0.0238818
14.16 0.0236988
14.17 0.0234927
14.18 0.0232601
14.19 0.0229974
14.2 0.0227014
14.21 0.0223689
14.22 0.0219965
14.23 0.0215812
14.24 0.0211197
14.25 0.0206088
14.26 0.0200451
14.27 0.0194254
14.28 0.0187465
14.29 0.0180055
14.3 0.0171997
14.31 0.0163269
14.32 0.0153853
14.33 0.0143734
14.34 0.0132902
14.35 0.0121349
14.36 0.0109066
14.37 0.00960425
14.38 0.00822659
14.39 0.00677224
14.4 0.00523975
14.41 0.00362766
14.42 0.00193457
14.43 0.000159231
14.44 -0.00169932
14.45 -0.00364159
14.46 -0.0056675
14.47 -0.0077765
14.48 -0.00996768
14.49 -0.0122399
14.5 -0.0145919
14.51 -0.0170225
14.52 -0.0195304
14.53 -0.0221146
14.54 -0.0247741
14.55 -0.0275081
14.56 -0.0303158
14.57 -0.0331965
14.58 -0.0361495
14.59 -0.0391738
14.6 -0.0422687
14.61 -0.045433
14.62 -0.048665
14.63 -0.0519625
14.64 -0.0553226
14.65 -0.0587415
14.66 -0.0622145
14.67 -0.0657364
14.68 -0.0693018
14.69 -0.0729053
14.7 -0.0765421
14.71 -0.0802073
14.72 -0.0838963
14.73 -0.0876038
14.74 -0.0913236
14.75 -0.0950484
14.76 -0.0987706
14.77 -0.102483
14.78 -0.106177
14.79 -0.109847
14.8 -0.113485
14.81 -0.117084
14.82 -0.120637
14.83 -0.124138
14.84 -0.127579
14.85 -0.130955
14.86 -0.134258
14.87 -0.137484
14.88 -0.140626
14.89 -0.143677
14.9 -0.146632
14.91 -0.149485
14.92 -0.15223
14.93 -0.15486
14.94 -0.157369
14.95 -0.159753
14.96 -0.162004
14.97 -0.164118
14.98 -0.16609
14.99 -0.167917
15 -0.169596
15.01 -0.171126
15.02 -0.172509
15.03 -0.173746
15.04 -0.174841
15.05 -0.175798
15.06 -0.176621
15.07 -0.177316
15.08 -0.177889
15.09 -0.178345
15.1 -0.178691
15.11 -0.178933
15.12 -0.179076
15.13 -0.179127
15.14 -0.17909
15.15 -0.178974
15.16 -0.178786
15.17 -0.178536
15.18 -0.178234
15.19 -0.177892
15.2 -0.17752
15.21 -0.17713
15.22 -0.176735
15.23 -0.176347
15.24 -0.175974
15.25 -0.175617
15.26 -0.175278
15.27 -0.17496
15.28 -0.174669
15.29 -0.174407
15.3 -0.17418
15.31 -0.173989
15.32 -0.173839
15.33 -0.173731
15.34 -0.173666
15.35 -0.173646
15.36 -0.173673
15.37 -0.173748
15.38 -0.173871
15.39 -0.17404
15.4 -0.174254
15.41 -0.174508
15.42 -0.174796
15.43 -0.175114
15.44 -0.175453
15.45 -0.175805
15.46 -0.176161
15.47 -0.176515
15.48 -0.176863
15.49 -0.177203
15.5 -0.177533
15.51 -0.177848
15.52 -0.178144
15.53 -0.178415
15.54 -0.178656
15.55 -0.178863
15.56 -0.179031
15.57 -0.179155
15.58 -0.17923
15.59 -0.179251
15.6 -0.179214
15.61 -0.179115
15.62 -0.178953
15.63 -0.178727
15.64 -0.178437
15.65 -0.178088
15.66 -0.177681
15.67 -0.177224
15.68 -0.176721
15.69 -0.176176
15.7 -0.175588
15.71 -0.17495
15.72 -0.174259
15.73 -0.173509
15.74 -0.172697
15.75 -0.171817
15.76 -0.170865
15.77 -0.169837
15.78 -0.168728
15.79 -0.167534
15.8 -0.166252
15.81 -0.164878
15.82 -0.163408
15.83 -0.161839
15.84 -0.16017
15.85 -0.158397
15.86 -0.15652
15.87 -0.154538
15.88 -0.152448
15.89 -0.15025
15.9 -0.147944
15.91 -0.145528
15.92 -0.143004
15.93 -0.14037
15.94 -0.137626
15.95 -0.134773
15.96 -0.131811
15.97 -0.12874
15.98 -0.125561
15.99 -0.122276
16 -0.118888
16.01 -0.115398
16.02 -0.11181
16.03 -0.108129
16.04 -0.104359
16.05 -0.100506
16.06 -0.0965774
16.07 -0.0925797
16.08 -0.0885197
16.09 -0.0844041
16.1 -0.0802395
16.11 -0.0760323
16.12 -0.0717886
16.13 -0.067515
16.14 -0.0632175
16.15 -0.0589027
16.16 -0.0545767
16.17 -0.050246
16.18 -0.0459169
16.19 -0.0415957
16.2 -0.0372887
16.21 -0.0330017
16.22 -0.0287403
16.23 -0.0245095
16.24 -0.0203136
16.25 -0.0161561
16.26 -0.0120396
16.27 -0.00796574
16.28 -0.00393584
16.29 4.91309e-05
16.3 0.00398844
16.31 0.00788154
16.32 0.0117281
16.33 0.0155278
16.34 0.0192807
16.35 0.0229868
16.36 0.0266463
16.37 0.0302592
16.38 0.0338258
16.39 0.0373464
16.4 0.0408214
16.41 0.0442514
16.42 0.0476367
16.43 0.0509779
16.44 0.0542751
16.45 0.0575288
16.46 0.060739
16.47 0.0639061
16.48 0.0670304
16.49 0.070112
16.5 0.0731511
16.51 0.076148
16.52 0.0791026
16.53 0.0820153
16.54 0.0848864
16.55 0.0877159
16.56 0.0905042
16.57 0.0932512
16.58 0.0959568
16.59 0.098621
16.6 0.101243
16.61 0.103823
16.62 0.10636
16.63 0.108852
16.64 0.111298
16.65 0.113696
16.66 0.116045
16.67 0.118342
16.68 0.120583
16.69 0.122766
16.7 0.124888
16.71 0.126945
16.72 0.128935
16.73 0.130855
16.74 0.132702
16.75 0.134477
16.76 0.136177
16.77 0.137803
16.78 0.139354
16.79 0.14083
16.8 0.142231
16.81 0.143557
16.82 0.144809
16.83 0.145988
16.84 0.147093
16.85 0.148126
16.86 0.149088
16.87 0.149979
16.88 0.1508
16.89 0.151551
16.9 0.152232
16.91 0.152843
16.92 0.153385
16.93 0.153856
16.94 0.154258
16.95 0.15459
16.96 0.154853
16.97 0.155047
16.98 0.155172
16.99 0.155229
17 0.15522
17.01 0.155144
17.02 0.155004
17.03 0.154806
17.04 0.154553
17.05 0.154253
17.06 0.153913
17.07 0.153542
17.08 0.153148
17.09 0.152743
17.1 0.152331
17.11 0.151916
17.12 0.151496
17.13 0.151071
17.14 0.150642
17.15 0.150208
17.16 0.149769
17.17 0.149324
17.18 0.148874
17.19 0.148418
17.2 0.147956
17.21 0.147489
17.22 0.147015
17.23 0.146536
17.24 0.14605
17.25 0.145559
17.26 0.145061
17.27 0.144556
17.28 0.144044
17.29 0.143524
17.3 0.142996
17.31 0.142459
17.32 0.141913
17.33 0.141357
17.34 0.14079
17.35 0.140213
17.36 0.139623
17.37 0.139019
17.38 0.138401
17.39 0.137765
17.4 0.13711
17.41 0.136432
17.42 0.135728
17.43 0.134995
17.44 0.134229
17.45 0.133428
17.46 0.13259
17.47 0.131712
17.48 0.130794
17.49 0.129835
17.5 0.128833
17.51 0.127789
17.52 0.126702
17.53 0.125571
17.54 0.124396
17.55 0.123176
17.56 0.121909
17.57 0.120598
17.58 0.11924
17.59 0.117837
17.6 0.11639
17.61 0.114899
17.62 0.113366
17.63 0.111794
17.64 0.110184
17.65 0.108539
17.66 0.106863
17.67 0.105158
17.68 0.103429
17.69 0.101678
17.7 0.0999088
17.71 0.0981249
17.72 0.096329
17.73 0.0945236
17.74 0.0927109
17.75 0.0908928
17.76 0.0890716
17.77 0.0872497
17.78 0.08543
17.79 0.0836157
17.8 0.0818104
17.81 0.0800179
17.82 0.0782421
17.83 0.0764865
17.84 0.0747549
17.85 0.0730507
17.86 0.0713773
17.87 0.069738
17.88 0.0681358
17.89 0.0665731
17.9 0.065052
17.91 0.063574
17.92 0.06214
17.93 0.0607505
17.94 0.0594061
17.95 0.0581068
17.96 0.0568528
17.97 0.0556437
17.98 0.0544794
17.99 0.0533594
18 0.0522832
18.01 0.0512502
18.02 0.05026
18.03 0.0493119
18.04 0.0484055
18.05 0.0475403
18.06 0.046716
18.07 0.0459322
18.08 0.0451886
18.09 0.0444848
18.1 0.0438203
18.11 0.0431945
18.12 0.042607
18.13 0.0420573
18.14 0.041545
18.15 0.0410699
18.16 0.040632
18.17 0.0402312
18.18 0.0398678
18.19 0.0395423
18.2 0.0392551
18.21 0.039007
18.22 0.0387986
18.23 0.0386307
18.24 0.0385035
18.25 0.0384177
18.26 0.0383733
18.27 0.0383707
18.28 0.0384101
18.29 0.0384909
18.3 0.0386113
18.31 0.0387686
18.32 0.0389594
18.33 0.0391797
18.34 0.0394247
18.35 0.0396892
18.36 0.0399671
18.37 0.0402524
18.38 0.0405384
18.39 0.0408188
18.4 0.0410891
18.41 0.0413486
18.42 0.0415983
18.43 0.0418394
18.44 0.0420734
18.45 0.0423019
18.46 0.0425268
18.47 0.0427502
18.48 0.0429742
18.49 0.043201
18.5 0.0434329
18.51 0.0436717
18.52 0.0439192
18.53 0.0441768
18.54 0.0444457
18.55 0.044727
18.56 0.0450214
18.57 0.0453295
18.58 0.0456515
18.59 0.045988
18.6 0.0463393
18.61 0.0467058
18.62 0.047088
18.63 0.0474863
18.64 0.0479012
18.65 0.048333
18.66 0.0487821
18.67 0.0492483
18.68 0.0497312
18.69 0.0502295
18.7 0.0507412
18.71 0.0512635
18.72 0.0517928
18.73 0.0523246
18.74 0.0528543
18.75 0.0533773
18.76 0.0538891
18.77 0.0543854
18.78 0.054862
18.79 0.0553146
18.8 0.0557392
18.81 0.0561315
18.82 0.0564874
18.83 0.0568029
18.84 0.0570736
18.85 0.0572954
18.86 0.0574642
18.87 0.0575757
18.88 0.0576261
18.89 0.0576115
18.9 0.0575292
18.91 0.0573781
18.92 0.0571598
18.93 0.0568777
18.94 0.0565375
18.95 0.0561465
18.96 0.0557133
18.97 0.0552471
18.98 0.0547581
18.99 0.0542508
19 0.053721
19.01 0.0531637
19.02 0.0525766
19.03 0.0519567
19.04 0.0513012
19.05 0.0506076
19.06 0.0498735
19.07 0.0490969
19.08 0.0482764
19.09 0.0474107
19.1 0.046499
19.11 0.0455404
19.12 0.0445341
19.13 0.0434788
19.14 0.0423732
19.15 0.041216
19.16 0.0400061
19.17 0.0387426
19.18 0.0374256
19.19 0.0360557
19.2 0.0346347
19.21 0.0331646
19.22 0.0316486
19.23 0.0300899
19.24 0.0284921
19.25 0.0268586
19.26 0.0251924
19.27 0.0234954
19.28 0.0217692
19.29 0.0200149
19.3 0.0182338
19.31 0.0164274
19.32 0.0145976
19.33 0.0127466
19.34 0.0108767
19.35 0.00899118
19.36 0.0070933
19.37 0.00518678
19.38 0.00327537
19.39 0.00136264
19.4 -0.000547951
19.41 -0.00245298
19.42 -0.00434904
19.43 -0.00623275
19.44 -0.00810083
19.45 -0.00995004
19.46 -0.0117772
19.47 -0.0135792
19.48 -0.015353
19.49 -0.0170957
19.5 -0.0188045
19.51 -0.0204771
19.52 -0.022111
19.53 -0.0237044
19.54 -0.0252554
19.55 -0.0267626
19.56 -0.0282254
19.57 -0.0296435
19.58 -0.0310167
19.59 -0.0323451
19.6 -0.0336288
19.61 -0.0348683
19.62 -0.0360639
19.63 -0.0372161
19.64 -0.0383256
19.65 -0.039393
19.66 -0.0404187
19.67 -0.0414038
19.68 -0.0423488
19.69 -0.0432548
19.7 -0.0441228
19.71 -0.0449539
19.72 -0.0457495
19.73 -0.0465107
19.74 -0.0472388
19.75 -0.0479349
19.76 -0.0485997
19.77 -0.0492337
19.78 -0.0498374
19.79 -0.0504111
19.8 -0.0509549
19.81 -0.0514693
19.82 -0.0519545
19.83 -0.0524111
19.84 -0.0528396
19.85 -0.0532407
19.86 -0.0536156
19.87 -0.0539651
19.88 -0.0542905
19.89 -0.054593
19.9 -0.0548736
19.91 -0.0551333
19.92 -0.0553728
19.93 -0.0555927
19.94 -0.0557933
19.95 -0.0559752
19.96 -0.0561389
19.97 -0.0562852
19.98 -0.056415
19.99 -0.0565294
20 -0.0566296
20.01 -0.0567172
20.02 -0.0567936
20.03 -0.0568599
20.04 -0.056917
20.05 -0.0569654
20.06 -0.057005
20.07 -0.057035
20.08 -0.0570545
20.09 -0.0570619
20.1 -0.0570554
20.11 -0.0570329
20.12 -0.0569925
20.13 -0.0569332
20.14 -0.0568541
20.15 -0.0567552
20.16 -0.0566366
20.17 -0.0564993
20.18 -0.0563449
20.19 -0.0561756
20.2 -0.0559941
20.21 -0.0558037
20.22 -0.0556082
20.23 -0.0554114
20.24 -0.055217
20.25 -0.0550288
20.26 -0.0548501
20.27 -0.0546843
20.28 -0.0545348
20.29 -0.0544032
20.3 -0.054289
20.31 -0.0541913
20.32 -0.0541103
20.33 -0.0540458
20.34 -0.0539981
20.35 -0.0539673
20.36 -0.0539534
20.37 -0.0539563
20.38 -0.0539754
20.39 -0.0540091
20.4 -0.0540556
20.41 -0.0541121
20.42 -0.0541752
20.43 -0.0542416
20.44 -0.0543074
20.45 -0.0543688
20.46 -0.0544226
20.47 -0.0544654
20.48 -0.0544943
20.49 -0.0545068
20.5 -0.0545005
20.51 -0.0544739
20.52 -0.0544254
20.53 -0.0543545
20.54 -0.0542609
20.55 -0.0541448
20.56 -0.0540073
20.57 -0.0538498
20.58 -0.0536731
20.59 -0.0534757
20.6 -0.0532567
20.61 -0.0530158
20.62 -0.0527536
20.63 -0.0524706
20.64 -0.0521674
20.65 -0.0518447
20.66 -0.0515033
20.67 -0.0511438
20.68 -0.0507668
20.69 -0.0503728
20.7 -0.0499622
20.71 -0.0495353
20.72 -0.0490922
20.73 -0.0486329
20.74 -0.0481578
20.75 -0.0476668
20.76 -0.0471603
20.77 -0.0466382
20.78 -0.0461006
20.79 -0.0455473
20.8 -0.0449776
20.81 -0.0443908
20.82 -0.0437854
20.83 -0.0431599
20.84 -0.0425122
20.85 -0.0418407
20.86 -0.0411438
20.87 -0.0404202
20.88 -0.039669
20.89 -0.0388895
20.9 -0.0380815
20.91 -0.037245
20.92 -0.0363801
20.93 -0.0354869
20.94 -0.0345656
20.95 -0.0336162
20.96 -0.0326394
20.97 -0.0316356
20.98 -0.0306059
20.99 -0.0295516
21 -0.0284742
21.01 -0.0273758
21.02 -0.0262589
21.03 -0.0251262
21.04 -0.0239807
21.05 -0.0228254
21.06 -0.0216632
21.07 -0.0204969
21.08 -0.0193292
21.09 -0.018163
21.1 -0.0170008
21.11 -0.0158452
21.12 -0.0146982
21.13 -0.0135616
21.14 -0.0124369
21.15 -0.0113251
21.16 -0.0102272
21.17 -0.00914439
21.18 -0.00807737
21.19 -0.00702707
21.2 -0.00599438
21.21 -0.00498015
21.22 -0.00398521
21.23 -0.00301035
21.24 -0.00205634
21.25 -0.00112381
21.26 -0.000213237
21.27 0.000675145
21.28 0.00154132
21.29 0.00238547
21.3 0.00320796
21.31 0.00400923
21.32 0.00478972
21.33 0.00554971
21.34 0.00628933
21.35 0.00700851
21.36 0.007707
21.37 0.00838431
21.38 0.00903973
21.39 0.0096723
21.4 0.0102809
21.41 0.010864
21.42 0.0114202
21.43 0.0119479
21.44 0.0124456
21.45 0.0129118
21.46 0.0133454
21.47 0.0137453
21.48 0.0141105
21.49 0.0144403
21.5 0.0147338
21.51 0.0149901
21.52 0.0152085
21.53 0.0153881
21.54 0.0155284
21.55 0.0156288
21.56 0.0156886
21.57 0.0157072
21.58 0.0156837
21.59 0.0156178
21.6 0.01551
21.61 0.0153619
21.62 0.015176
21.63 0.0149557
21.64 0.0147056
21.65 0.0144311
21.66 0.0141385
21.67 0.0138349
21.68 0.0135276
21.69 0.0132239
21.7 0.012929
21.71 0.0126442
21.72 0.012369
21.73 0.0121032
21.74 0.0118467
21.75 0.0115998
21.76 0.0113627
21.77 0.0111361
21.78 0.0109208
21.79 0.0107177
21.8 0.0105277
21.81 0.0103517
21.82 0.0101902
21.83 0.0100435
21.84 0.00991151
21.85 0.00979394
21.86 0.00969023
21.87 0.00959962
21.88 0.00952117
21.89 0.00945379
21.9 0.00939635
21.91 0.0093478
21.92 0.0093072
21.93 0.00927377
21.94 0.00924698
21.95 0.00922642
21.96 0.00921174
21.97 0.0092024
21.98 0.00919765
21.99 0.00919641
22 0.00919721
22.01 0.00919822
22.02 0.0091973
22.03 0.00919225
22.04 0.00918099
22.05 0.00916177
22.06 0.00913345
22.07 0.00909564
22.08 0.00904854
22.09 0.00899262
22.1 0.0089286
22.11 0.00885737
22.12 0.00877994
22.13 0.00869738
22.14 0.00861072
22.15 0.00852087
22.16 0.00842855
22.17 0.00833429
22.18 0.00823851
22.19 0.00814151
22.2 0.00804357
22.21 0.00794511
22.22 0.00784667
22.23 0.00774903
22.24 0.00765308
22.25 0.00755986
22.26 0.0074704
22.27 0.00738577
22.28 0.00730693
22.29 0.00723468
22.3 0.00716957
22.31 0.00711177
22.32 0.00706105
22.33 0.0070169
22.34 0.00697861
22.35 0.0069453
22.36 0.00691602
22.37 0.00688986
22.38 0.00686598
22.39 0.00684372
22.4 0.00682251
22.41 0.00680201
22.42 0.00678207
22.43 0.00676271
22.44 0.00674406
22.45 0.00672635
22.46 0.00671004
22.47 0.00669582
22.48 0.00668463
22.49 0.00667763
22.5 0.00667617
22.51 0.00668189
22.52 0.00669652
22.53 0.00672169
22.54 0.00675889
22.55 0.00680936
22.56 0.00687402
22.57 0.00695355
22.58 0.00704831
22.59 0.00715831
22.6 0.00728319
22.61 0.00742224
22.62 0.00757439
22.63 0.00773817
22.64 0.00791164
22.65 0.00809248
22.66 0.00827798
22.67 0.00846504
22.68 0.0086502
22.69 0.00882988
22.7 0.00900068
22.71 0.00915957
22.72 0.0093051
22.73 0.00943813
22.74 0.00956031
22.75 0.00967305
22.76 0.00977774
22.77 0.00987563
22.78 0.00996783
22.79 0.0100553
22.8 0.010139
22.81 0.0102199
22.82 0.0102987
22.83 0.0103763
22.84 0.0104534
22.85 0.0105307
22.86 0.0106088
22.87 0.0106882
22.88 0.0107693
22.89 0.0108524
22.9 0.0109377
22.91 0.011025
22.92 0.011114
22.93 0.0112043
22.94 0.0112952
22.95 0.0113858
22.96 0.0114753
22.97 0.0115623
22.98 0.0116458
22.99 0.0117249
23 0.0117991
23.01 0.0118683
23.02 0.0119328
23.03 0.0119932
23.04 0.0120502
23.05 0.0121046
23.06 0.0121575
23.07 0.0122096
23.08 0.0122615
23.09 0.0123133
23.1 0.0123649
23.11 0.0124161
23.12 0.0124668
23.13 0.0125166
23.14 0.0125653
23.15 0.0126129
23.16 0.0126591
23.17 0.0127039
23.18 0.0127471
23.19 0.0127889
23.2 0.0128293
23.21 0.0128686
23.22 0.0129068
23.23 0.0129441
23.24 0.0129806
23.25 0.0130164
23.26 0.0130515
23.27 0.0130859
23.28 0.0131199
23.29 0.0131537
23.3 0.0131876
23.31 0.0132221
23.32 0.0132576
23.33 0.0132946
23.34 0.0133336
23.35 0.0133747
23.36 0.0134183
23.37 0.0134643
23.38 0.0135127
23.39 0.0135632
23.4 0.0136152
23.41 0.0136681
23.42 0.0137207
23.43 0.013772
23.44 0.0138206
23.45 0.0138649
23.46 0.0139034
23.47 0.0139346
23.48 0.0139574
23.49 0.0139708
23.5 0.0139741
23.51 0.0139669
23.52 0.0139489
23.53 0.0139201
23.54 0.0138812
23.55 0.0138326
23.56 0.0137755
23.57 0.013711
23.58 0.0136406
23.59 0.013566
23.6 0.0134891
23.61 0.0134118
23.62 0.013336
23.63 0.0132637
23.64 0.0131969
23.65 0.0131374
23.66 0.0130871
23.67 0.0130474
23.68 0.0130192
23.69 0.0130033
23.7 0.0129997
23.71 0.0130082
23.72 0.0130281
23.73 0.013058
23.74 0.0130965
23.75 0.0131415
23.76 0.0131905
23.77 0.0132407
23.78 0.013289
23.79 0.0133317
23.8 0.0133655
23.81 0.0133869
23.82 0.0133929
23.83 0.0133811
23.84 0.0133496
23.85 0.0132968
23.86 0.013222
23.87 0.0131248
23.88 0.0130058
23.89 0.0128656
23.9 0.0127057
23.91 0.0125274
23.92 0.0123327
23.93 0.0121237
23.94 0.0119028
23.95 0.0116729
23.96 0.011437
23.97 0.0111967
23.98 0.0109506
23.99 0.0106966
24 0.0104342
24.01 0.010163
24.02 0.0098831
24.03 0.00959494
24.04 0.00929946
24.05 0.00899819
24.06 0.00869325
24.07 0.0083873
24.08 0.00808327
24.09 0.00778411
24.1 0.00749267
24.11 0.0072116
24.12 0.0069432
24.13 0.00668933
24.14 0.00645131
24.15 0.00622986
24.16 0.00602518
24.17 0.00583704
24.18 0.00566506
24.19 0.00550879
24.2 0.00536771
24.21 0.0052412
24.22 0.00512852
24.23 0.00502885
24.24 0.00494127
24.25 0.0048648
24.26 0.00479839
24.27 0.00474085
24.28 0.00469084
24.29 0.00464685
24.3 0.00460712
24.31 0.00456968
24.32 0.00453261
24.33 0.00449419
24.34 0.00445313
24.35 0.00440874
24.36 0.00436086
24.37 0.00430968
24.38 0.00425565
24.39 0.00419942
24.4 0.00414175
24.41 0.00408346
24.42 0.00402526
24.43 0.0039677
24.44 0.00391119
24.45 0.00385596
24.46 0.00380225
24.47 0.00375031
24.48 0.00370047
24.49 0.00365315
24.5 0.0036088
24.51 0.00356787
24.52 0.00353084
24.53 0.00349811
24.54 0.00346996
24.55 0.00344658
24.56 0.00342804
24.57 0.00341428
24.58 0.003405
24.59 0.00339978
24.6 0.00339816
24.61 0.00339969
24.62 0.00340394
24.63 0.00341032
24.64 0.00341828
24.65 0.00342739
24.66 0.00343746
24.67 0.00344849
24.68 0.00346065
24.69 0.00347431
24.7 0.00349003
24.71 0.00350842
24.72 0.00353013
24.73 0.00355572
24.74 0.00358568
24.75 0.00362044
24.76 0.00366042
24.77 0.00370596
24.78 0.00375716
24.79 0.00381381
24.8 0.00387544
24.81 0.00394134
24.82 0.00401051
24.83 0.00408168
24.84 0.00415336
24.85 0.00422399
24.86 0.00429193
24.87 0.00435554
24.88 0.00441319
24.89 0.00446324
24.9 0.00450402
24.91 0.0045339
24.92 0.00455133
24.93 0.004555
24.94 0.00454379
24.95 0.00451697
24.96 0.00447415
24.97 0.00441531
24.98 0.00434082
24.99 0.00425151
25 0.0041487
