0.01 3.15159e-09
0.02 1.51147e-08
0.03 3.70614e-08
0.04 6.62881e-08
0.05 1.00057e-07
0.06 1.35656e-07
0.07 1.7046e-07
0.08 2.01959e-07
0.09 2.27779e-07
0.1 2.45716e-07
0.11 2.53784e-07
0.12 2.50246e-07
0.13 2.33593e-07
0.14 2.02513e-07
0.15 1.55889e-07
0.16 9.28734e-08
0.17 1.29386e-08
0.18 -8.4104e-08
0.19 -1.98098e-07
0.2 -3.28536e-07
0.21 -4.74567e-07
0.22 -6.35007e-07
0.23 -8.08371e-07
0.24 -9.92916e-07
0.25 -1.1867e-06
0.26 -1.3877e-06
0.27 -1.59384e-06
0.28 -1.80293e-06
0.29 -2.01241e-06
0.3 -2.21935e-06
0.31 -2.4204e-06
0.32 -2.61179e-06
0.33 -2.78925e-06
0.34 -2.94793e-06
0.35 -3.0828e-06
0.36 -3.18886e-06
0.37 -3.26143e-06
0.38 -3.29675e-06
0.39 -3.29279e-06
0.4 -3.24984e-06
0.41 -3.17086e-06
0.42 -3.06087e-06
0.43 -2.92633e-06
0.44 -2.77508e-06
0.45 -2.61605e-06
0.46 -2.45866e-06
0.47 -2.31227e-06
0.48 -2.18542e-06
0.49 -2.08553e-06
0.5 -2.01864e-06
0.51 -1.9896e-06
0.52 -2.00229e-06
0.53 -2.0591e-06
0.54 -2.1612e-06
0.55 -2.30893e-06
0.56 -2.50133e-06
0.57 -2.73635e-06
0.58 -3.01133e-06
0.59 -3.32303e-06
0.6 -3.66754e-06
0.61 -4.04038e-06
0.62 -4.43658e-06
0.63 -4.85073e-06
0.64 -5.27723e-06
0.65 -5.71041e-06
0.66 -6.14477e-06
0.67 -6.57512e-06
0.68 -6.99672e-06
0.69 -7.40532e-06
0.7 -7.797e-06
0.71 -8.16793e-06
0.72 -8.51393e-06
0.73 -8.82991e-06
0.74 -9.10927e-06
0.75 -9.34344e-06
0.76 -9.52173e-06
0.77 -9.63179e-06
0.78 -9.66103e-06
0.79 -9.59897e-06
0.8 -9.43899e-06
0.81 -9.17877e-06
0.82 -8.82004e-06
0.83 -8.36765e-06
0.84 -7.82974e-06
0.85 -7.21903e-06
0.86 -6.5519e-06
0.87 -5.84425e-06
0.88 -5.10756e-06
0.89 -4.34806e-06
0.9 -3.56881e-06
0.91 -2.77154e-06
0.92 -1.95778e-06
0.93 -1.13084e-06
0.94 -2.98423e-07
0.95 5.26314e-07
0.96 1.32433e-06
0.97 2.07184e-06
0.98 2.74552e-06
0.99 3.32801e-06
1 3.80994e-06
1.01 4.18936e-06
1.02 4.47178e-06
1.03 4.66901e-06
1.04 4.79647e-06
1.05 4.87072e-06
1.06 4.90593e-06
1.07 4.91211e-06
1.08 4.89633e-06
1.09 4.86544e-06
1.1 4.82679e-06
1.11 4.78671e-06
1.12 4.75158e-06
1.13 4.72955e-06
1.14 4.72976e-06
1.15 4.76089e-06
1.16 4.82919e-06
1.17 4.93585e-06
1.18 5.07481e-06
1.19 5.23462e-06
1.2 5.40201e-06
1.21 5.56062e-06
1.22 5.68991e-06
1.23 5.76831e-06
1.24 5.77905e-06
1.25 5.71809e-06
1.26 5.59867e-06
1.27 5.44613e-06
1.28 5.28798e-06
1.29 5.15077e-06
1.3 5.05887e-06
1.31 5.02931e-06
1.32 5.06907e-06
1.33 5.17774e-06
1.34 5.35287e-06
1.35 5.5935e-06
1.36 5.90044e-06
1.37 6.27616e-06
1.38 6.72415e-06
1.39 7.24764e-06
1.4 7.84748e-06
1.41 8.51917e-06
1.42 9.24909e-06
1.43 1.00107e-05
1.44 1.0761e-05
1.45 1.14399e-05
1.46 1.19719e-05
1.47 1.22744e-05
1.48 1.22657e-05
1.49 1.1867e-05
1.5 1.10074e-05
1.51 9.62908e-06
1.52 7.69035e-06
1.53 5.17312e-06
1.54 2.09094e-06
1.55 -1.50408e-06
1.56 -5.51998e-06
1.57 -9.83597e-06
1.58 -1.43131e-05
1.59 -1.8803e-05
1.6 -2.31624e-05
1.61 -2.72623e-05
1.62 -3.09864e-05
1.63 -3.42337e-05
1.64 -3.69201e-05
1.65 -3.89784e-05
1.66 -4.03619e-05
1.67 -4.10463e-05
1.68 -4.1028e-05
1.69 -4.0318e-05
1.7 -3.89382e-05
1.71 -3.69204e-05
1.72 -3.43057e-05
1.73 -3.1141e-05
1.74 -2.74749e-05
1.75 -2.33531e-05
1.76 -1.88223e-05
1.77 -1.39362e-05
1.78 -8.7508e-06
1.79 -3.31759e-06
1.8 2.31452e-06
1.81 8.09529e-06
1.82 1.39739e-05
1.83 1.98977e-05
1.84 2.58032e-05
1.85 3.16115e-05
1.86 3.72344e-05
1.87 4.25851e-05
1.88 4.75856e-05
1.89 5.21686e-05
1.9 5.62787e-05
1.91 5.98725e-05
1.92 6.29199e-05
1.93 6.5402e-05
1.94 6.72977e-05
1.95 6.8569e-05
1.96 6.91598e-05
1.97 6.90028e-05
1.98 6.80245e-05
1.99 6.61577e-05
2 6.33629e-05
2.01 5.96463e-05
2.02 5.50618e-05
2.03 4.97062e-05
2.04 4.37145e-05
2.05 3.72479e-05
2.06 3.04804e-05
2.07 2.35866e-05
2.08 1.67229e-05
2.09 1.00144e-05
2.1 3.5505e-06
2.11 -2.61256e-06
2.12 -8.45509e-06
2.13 -1.39985e-05
2.14 -1.92934e-05
2.15 -2.44067e-05
2.16 -2.94171e-05
2.17 -3.44078e-05
2.18 -3.94628e-05
2.19 -4.46733e-05
2.2 -5.0143e-05
2.21 -5.59807e-05
2.22 -6.22874e-05
2.23 -6.9149e-05
2.24 -7.66295e-05
2.25 -8.47755e-05
2.26 -9.36108e-05
2.27 -0.00010311
2.28 -0.000113194
2.29 -0.000123742
2.3 -0.000134602
2.31 -0.000145587
2.32 -0.000156477
2.33 -0.000167007
2.34 -0.000176868
2.35 -0.000185716
2.36 -0.000193189
2.37 -0.000198919
2.38 -0.000202551
2.39 -0.000203745
2.4 -0.000202198
2.41 -0.000197692
2.42 -0.000190109
2.43 -0.000179422
2.44 -0.000165669
2.45 -0.000148952
2.46 -0.000129431
2.47 -0.000107334
2.48 -8.29581e-05
2.49 -5.66431e-05
2.5 -2.8753e-05
2.51 3.44551e-07
2.52 3.02853e-05
2.53 6.07002e-05
2.54 9.12168e-05
2.55 0.000121471
2.56 0.000151107
2.57 0.000179754
2.58 0.000207012
2.59 0.000232454
2.6 0.00025564
2.61 0.000276135
2.62 0.000293543
2.63 0.000307525
2.64 0.000317819
2.65 0.000324243
2.66 0.000326698
2.67 0.000325161
2.68 0.000319678
2.69 0.000310347
2.7 0.000297309
2.71 0.00028076
2.72 0.000260945
2.73 0.000238157
2.74 0.000212751
2.75 0.00018514
2.76 0.000155773
2.77 0.000125126
2.78 9.37162e-05
2.79 6.21069e-05
2.8 3.08917e-05
2.81 6.80492e-07
2.82 -2.79413e-05
2.83 -5.44517e-05
2.84 -7.84057e-05
2.85 -9.94419e-05
2.86 -0.000117283
2.87 -0.000131744
2.88 -0.000142753
2.89 -0.000150339
2.9 -0.000154607
2.91 -0.00015573
2.92 -0.000153945
2.93 -0.000149539
2.94 -0.000142836
2.95 -0.000134181
2.96 -0.00012393
2.97 -0.000112413
2.98 -9.99199e-05
2.99 -8.67056e-05
3 -7.30012e-05
3.01 -5.90193e-05
3.02 -4.49729e-05
3.03 -3.10894e-05
3.04 -1.76134e-05
3.05 -4.8109e-06
3.06 7.02821e-06
3.07 1.75903e-05
3.08 2.65468e-05
3.09 3.3576e-05
3.1 3.83997e-05
3.11 4.08145e-05
3.12 4.07123e-05
3.13 3.80955e-05
3.14 3.30625e-05
3.15 2.57768e-05
3.16 1.64542e-05
3.17 5.36131e-06
3.18 -7.19287e-06
3.19 -2.08777e-05
3.2 -3.53696e-05
3.21 -5.0344e-05
3.22 -6.54437e-05
3.23 -8.02756e-05
3.24 -9.44152e-05
3.25 -0.000107422
3.26 -0.000118859
3.27 -0.000128282
3.28 -0.000135234
3.29 -0.000139281
3.3 -0.000140056
3.31 -0.000137241
3.32 -0.000130574
3.33 -0.000119897
3.34 -0.000105204
3.35 -8.66662e-05
3.36 -6.46373e-05
3.37 -3.96423e-05
3.38 -1.23499e-05
3.39 1.64427e-05
3.4 4.58338e-05
3.41 7.4851e-05
3.42 0.000102499
3.43 0.00012781
3.44 0.000149882
3.45 0.000167891
3.46 0.000181122
3.47 0.000189015
3.48 0.00019122
3.49 0.000187618
3.5 0.000178318
3.51 0.000163632
3.52 0.000144064
3.53 0.000120279
3.54 9.30648e-05
3.55 6.32599e-05
3.56 3.16859e-05
3.57 -8.73839e-07
3.58 -3.36432e-05
3.59 -6.58553e-05
3.6 -9.68015e-05
3.61 -0.000125863
3.62 -0.000152511
3.63 -0.000176312
3.64 -0.000196938
3.65 -0.000214168
3.66 -0.000227893
3.67 -0.000238128
3.68 -0.00024501
3.69 -0.000248774
3.7 -0.000249698
3.71 -0.000248079
3.72 -0.000244251
3.73 -0.000238555
3.74 -0.000231305
3.75 -0.000222797
3.76 -0.000213315
3.77 -0.00020312
3.78 -0.000192438
3.79 -0.000181471
3.8 -0.000170384
3.81 -0.000159275
3.82 -0.000148193
3.83 -0.000137157
3.84 -0.000126162
3.85 -0.000115181
3.86 -0.00010422
3.87 -9.3362e-05
3.88 -8.27846e-05
3.89 -7.27746e-05
3.9 -6.37195e-05
3.91 -5.61013e-05
3.92 -5.04864e-05
3.93 -4.74824e-05
3.94 -4.7684e-05
3.95 -5.16375e-05
3.96 -5.98115e-05
3.97 -7.25504e-05
3.98 -9.00128e-05
3.99 -0.000112135
4 -0.000138633
4.01 -0.00016902
4.02 -0.000202618
4.03 -0.000238592
4.04 -0.000275963
4.05 -0.000313623
4.06 -0.000350365
4.07 -0.000384883
4.08 -0.000415782
4.09 -0.000441616
4.1 -0.000460948
4.11 -0.000472429
4.12 -0.00047492
4.13 -0.000467589
4.14 -0.000449959
4.15 -0.000421963
4.16 -0.000384005
4.17 -0.000336958
4.18 -0.000282095
4.19 -0.000221011
4.2 -0.00015557
4.21 -8.78159e-05
4.22 -1.9855e-05
4.23 4.62704e-05
4.24 0.000108689
4.25 0.000165707
4.26 0.000215794
4.27 0.000257633
4.28 0.000290169
4.29 0.00031264
4.3 0.000324603
4.31 0.000325924
4.32 0.000316749
4.33 0.000297493
4.34 0.000268846
4.35 0.000231782
4.36 0.000187543
4.37 0.000137587
4.38 8.35426e-05
4.39 2.71385e-05
4.4 -2.98336e-05
4.41 -8.55465e-05
4.42 -0.000138183
4.43 -0.000186001
4.44 -0.000227378
4.45 -0.000260881
4.46 -0.000285352
4.47 -0.000299984
4.48 -0.00030432
4.49 -0.000298211
4.5 -0.000281733
4.51 -0.000255158
4.52 -0.000218992
4.53 -0.000174002
4.54 -0.00012119
4.55 -6.17609e-05
4.56 2.91346e-06
4.57 7.13239e-05
4.58 0.00014185
4.59 0.000212806
4.6 0.000282479
4.61 0.000349194
4.62 0.000411392
4.63 0.000467657
4.64 0.000516734
4.65 0.000557566
4.66 0.000589328
4.67 0.000611476
4.68 0.000623782
4.69 0.000626296
4.7 0.000619294
4.71 0.000603201
4.72 0.000578556
4.73 0.000546015
4.74 0.000506325
4.75 0.000460246
4.76 0.000408537
4.77 0.000351984
4.78 0.000291407
4.79 0.000227671
4.8 0.000161666
4.81 9.42476e-05
4.82 2.62268e-05
4.83 -4.15751e-05
4.84 -0.000108353
4.85 -0.000173379
4.86 -0.000235998
4.87 -0.000295559
4.88 -0.000351409
4.89 -0.000402942
4.9 -0.000449612
4.91 -0.000490904
4.92 -0.000526333
4.93 -0.000555468
4.94 -0.000577959
4.95 -0.000593555
4.96 -0.000602087
4.97 -0.000603453
4.98 -0.000597606
4.99 -0.000584553
5 -0.00056437
5.01 -0.000537235
5.02 -0.000503494
5.03 -0.000463695
5.04 -0.000418597
5.05 -0.000369147
5.06 -0.00031648
5.07 -0.000261916
5.08 -0.000206893
5.09 -0.000152886
5.1 -0.000101398
5.11 -5.39163e-05
5.12 -1.18239e-05
5.13 2.36624e-05
5.14 5.15245e-05
5.15 7.10058e-05
5.16 8.16772e-05
5.17 8.34777e-05
5.18 7.66789e-05
5.19 6.18255e-05
5.2 3.97208e-05
5.21 1.14068e-05
5.22 -2.19069e-05
5.23 -5.89351e-05
5.24 -9.83786e-05
5.25 -0.000138929
5.26 -0.000179233
5.27 -0.000217888
5.28 -0.00025349
5.29 -0.0002847
5.3 -0.000310295
5.31 -0.000329187
5.32 -0.000340485
5.33 -0.000343583
5.34 -0.000338221
5.35 -0.000324476
5.36 -0.000302777
5.37 -0.000273951
5.38 -0.000239179
5.39 -0.000199857
5.4 -0.000157494
5.41 -0.00011364
5.42 -6.98312e-05
5.43 -2.74949e-05
5.44 1.21254e-05
5.45 4.80076e-05
5.46 7.93583e-05
5.47 0.00010558
5.48 0.000126223
5.49 0.000140977
5.5 0.000149707
5.51 0.000152478
5.52 0.000149502
5.53 0.000141087
5.54 0.000127634
5.55 0.000109664
5.56 8.77928e-05
5.57 6.26532e-05
5.58 3.48302e-05
5.59 4.87228e-06
5.6 -2.66672e-05
5.61 -5.91976e-05
5.62 -9.20859e-05
5.63 -0.00012468
5.64 -0.000156303
5.65 -0.000186292
5.66 -0.000214023
5.67 -0.000238891
5.68 -0.000260287
5.69 -0.000277598
5.7 -0.000290203
5.71 -0.00029748
5.72 -0.000298808
5.73 -0.000293616
5.74 -0.000281426
5.75 -0.000261851
5.76 -0.000234628
5.77 -0.000199682
5.78 -0.00015716
5.79 -0.000107473
5.8 -5.13156e-05
5.81 1.03302e-05
5.82 7.61881e-05
5.83 0.00014469
5.84 0.000214028
5.85 0.000282245
5.86 0.000347311
5.87 0.000407187
5.88 0.000459889
5.89 0.000503562
5.9 0.000536542
5.91 0.000557438
5.92 0.000565195
5.93 0.000559097
5.94 0.000538793
5.95 0.000504333
5.96 0.000456218
5.97 0.000395458
5.98 0.000323533
5.99 0.000242314
6 0.000154009
6.01 6.1067e-05
6.02 -3.39478e-05
6.03 -0.000128439
6.04 -0.000219819
6.05 -0.000305577
6.06 -0.000383366
6.07 -0.000451123
6.08 -0.000507148
6.09 -0.000550123
6.1 -0.000579082
6.11 -0.000593405
6.12 -0.000592848
6.13 -0.000577529
6.14 -0.000547866
6.15 -0.000504495
6.16 -0.000448212
6.17 -0.00037989
6.18 -0.000300385
6.19 -0.000210514
6.2 -0.00011113
6.21 -3.16452e-06
6.22 0.000112403
6.23 0.000234555
6.24 0.000362183
6.25 0.00049407
6.26 0.000628937
6.27 0.000765464
6.28 0.000902309
6.29 0.00103817
6.3 0.00117183
6.31 0.00130213
6.32 0.00142809
6.33 0.00154882
6.34 0.0016636
6.35 0.00177181
6.36 0.00187291
6.37 0.00196628
6.38 0.00205115
6.39 0.00212656
6.4 0.0021915
6.41 0.00224496
6.42 0.00228604
6.43 0.00231408
6.44 0.00232872
6.45 0.00233001
6.46 0.00231847
6.47 0.00229501
6.48 0.00226076
6.49 0.00221699
6.5 0.00216487
6.51 0.00210536
6.52 0.00203908
6.53 0.00196638
6.54 0.00188726
6.55 0.0018014
6.56 0.00170811
6.57 0.00160655
6.58 0.00149582
6.59 0.00137513
6.6 0.00124399
6.61 0.00110237
6.62 0.000950738
6.63 0.00079006
6.64 0.000621766
6.65 0.000447594
6.66 0.000269411
6.67 8.91055e-05
6.68 -9.14532e-05
6.69 -0.000270437
6.7 -0.000446088
6.71 -0.000616717
6.72 -0.000780702
6.73 -0.000936524
6.74 -0.00108276
6.75 -0.00121804
6.76 -0.00134103
6.77 -0.00145042
6.78 -0.00154502
6.79 -0.00162369
6.8 -0.00168543
6.81 -0.00172943
6.82 -0.00175519
6.83 -0.00176258
6.84 -0.00175182
6.85 -0.00172356
6.86 -0.00167885
6.87 -0.00161911
6.88 -0.0015461
6.89 -0.00146181
6.9 -0.00136828
6.91 -0.00126753
6.92 -0.0011614
6.93 -0.00105152
6.94 -0.000939233
6.95 -0.00082561
6.96 -0.000711522
6.97 -0.00059777
6.98 -0.00048525
6.99 -0.000375073
7 -0.000268604
7.01 -0.000167485
7.02 -7.35878e-05
7.03 1.1181e-05
7.04 8.50657e-05
7.05 0.000146623
7.06 0.000194892
7.07 0.000229504
7.08 0.000250688
7.09 0.000259231
7.1 0.000256387
7.11 0.000243761
7.12 0.000223147
7.13 0.000196282
7.14 0.000164618
7.15 0.000129232
7.16 9.08262e-05
7.17 4.9785e-05
7.18 6.257e-06
7.19 -3.97315e-05
7.2 -8.81757e-05
7.21 -0.000138984
7.22 -0.000191845
7.23 -0.000246129
7.24 -0.000300875
7.25 -0.000354822
7.26 -0.000406476
7.27 -0.000454267
7.28 -0.000496735
7.29 -0.000532665
7.3 -0.000561191
7.31 -0.000581868
7.32 -0.000594704
7.33 -0.000600105
7.34 -0.000598721
7.35 -0.000591305
7.36 -0.00057858
7.37 -0.000561091
7.38 -0.000539116
7.39 -0.000512643
7.4 -0.00048141
7.41 -0.000444992
7.42 -0.00040292
7.43 -0.000354857
7.44 -0.000300777
7.45 -0.000241037
7.46 -0.000176412
7.47 -0.000108107
7.48 -3.77372e-05
7.49 3.27056e-05
7.5 0.000100888
7.51 0.00016423
7.52 0.000220042
7.53 0.000265697
7.54 0.000298784
7.55 0.000317211
7.56 0.000319208
7.57 0.000303283
7.58 0.00026824
7.59 0.000213203
7.6 0.000137596
7.61 4.12149e-05
7.62 -7.56044e-05
7.63 -0.000211828
7.64 -0.00036567
7.65 -0.000534659
7.66 -0.000715637
7.67 -0.000904723
7.68 -0.00109735
7.69 -0.0012884
7.7 -0.00147231
7.71 -0.00164334
7.72 -0.00179595
7.73 -0.00192524
7.74 -0.00202711
7.75 -0.00209844
7.76 -0.0021371
7.77 -0.00214188
7.78 -0.00211244
7.79 -0.00204923
7.8 -0.00195355
7.81 -0.00182745
7.82 -0.00167364
7.83 -0.00149543
7.84 -0.0012967
7.85 -0.00108175
7.86 -0.000855171
7.87 -0.000621749
7.88 -0.000386316
7.89 -0.000153576
7.9 7.20384e-05
7.91 0.000286451
7.92 0.000486042
7.93 0.000667742
7.94 0.000829073
7.95 0.000968147
7.96 0.00108366
7.97 0.00117487
7.98 0.00124162
7.99 0.00128424
8 0.00130348
8.01 0.00130036
8.02 0.00127611
8.03 0.00123216
8.04 0.00117001
8.05 0.00109113
8.06 0.000996983
8.07 0.000888962
8.08 0.000768501
8.09 0.000637147
8.1 0.000496643
8.11 0.000349044
8.12 0.000196834
8.13 4.29169e-05
8.14 -0.000109489
8.15 -0.000256928
8.16 -0.000395787
8.17 -0.000522422
8.18 -0.000633309
8.19 -0.000725196
8.2 -0.000795198
8.21 -0.000840912
8.22 -0.000860533
8.23 -0.000852864
8.24 -0.00081728
8.25 -0.000753767
8.26 -0.000662972
8.27 -0.000546189
8.28 -0.000405328
8.29 -0.000242927
8.3 -6.21694e-05
8.31 0.000133085
8.32 0.000338263
8.33 0.000548136
8.34 0.000756974
8.35 0.000958751
8.36 0.0011474
8.37 0.00131715
8.38 0.00146279
8.39 0.00157998
8.4 0.0016654
8.41 0.00171688
8.42 0.00173331
8.43 0.00171456
8.44 0.00166147
8.45 0.00157583
8.46 0.00146028
8.47 0.00131833
8.48 0.00115412
8.49 0.000972346
8.5 0.000777984
8.51 0.000576188
8.52 0.000372049
8.53 0.000170357
8.54 -2.46032e-05
8.55 -0.000209155
8.56 -0.000380223
8.57 -0.000535257
8.58 -0.000672188
8.59 -0.000789388
8.6 -0.000885616
8.61 -0.000959956
8.62 -0.00101172
8.63 -0.00104037
8.64 -0.00104542
8.65 -0.00102649
8.66 -0.000983262
8.67 -0.000915547
8.68 -0.000823374
8.69 -0.00070708
8.7 -0.000567393
8.71 -0.000405409
8.72 -0.000222635
8.73 -2.10892e-05
8.74 0.000196721
8.75 0.000427854
8.76 0.000668913
8.77 0.000916022
8.78 0.0011649
8.79 0.001411
8.8 0.00164955
8.81 0.0018757
8.82 0.00208457
8.83 0.00227156
8.84 0.0024325
8.85 0.00256442
8.86 0.00266601
8.87 0.00273666
8.88 0.00277581
8.89 0.00278314
8.9 0.00275861
8.91 0.00270277
8.92 0.002617
8.93 0.00250331
8.94 0.00236408
8.95 0.00220199
8.96 0.00202
8.97 0.00182125
8.98 0.00160904
8.99 0.00138668
9 0.0011574
9.01 0.000924204
9.02 0.000689868
9.03 0.000456849
9.04 0.000227319
9.05 3.27247e-06
9.06 -0.000213358
9.07 -0.00042065
9.08 -0.000616683
9.09 -0.000799576
9.1 -0.000967559
9.11 -0.00111907
9.12 -0.00125283
9.13 -0.0013678
9.14 -0.00146324
9.15 -0.00153869
9.16 -0.00159388
9.17 -0.00162862
9.18 -0.00164266
9.19 -0.00163568
9.2 -0.00160722
9.21 -0.00155664
9.22 -0.00148313
9.23 -0.00138575
9.24 -0.00126364
9.25 -0.00111624
9.26 -0.000943545
9.27 -0.000746282
9.28 -0.000525973
9.29 -0.000285013
9.3 -2.65668e-05
9.31 0.000245707
9.32 0.000527861
9.33 0.000815733
9.34 0.00110504
9.35 0.00139147
9.36 0.00167079
9.37 0.00193886
9.38 0.00219173
9.39 0.00242572
9.4 0.00263736
9.41 0.00282334
9.42 0.00298135
9.43 0.0031104
9.44 0.00320972
9.45 0.00327791
9.46 0.00331324
9.47 0.00331384
9.48 0.00327781
9.49 0.00320381
9.5 0.00309172
9.51 0.00294231
9.52 0.00275724
9.53 0.00253905
9.54 0.00229105
9.55 0.00201705
9.56 0.00172127
9.57 0.00140808
9.58 0.00108189
9.59 0.000746986
9.6 0.000407526
9.61 6.75889e-05
9.62 -0.000268785
9.63 -0.000597525
9.64 -0.000914462
9.65 -0.00121532
9.66 -0.00149578
9.67 -0.00175155
9.68 -0.0019803
9.69 -0.00218246
9.7 -0.00235833
9.71 -0.00250721
9.72 -0.00262846
9.73 -0.00272155
9.74 -0.00278615
9.75 -0.00282223
9.76 -0.00283001
9.77 -0.00280999
9.78 -0.00276312
9.79 -0.0026911
9.8 -0.00259622
9.81 -0.00248121
9.82 -0.00234927
9.83 -0.00220396
9.84 -0.00204915
9.85 -0.00188889
9.86 -0.00172731
9.87 -0.00156841
9.88 -0.00141594
9.89 -0.00127336
9.9 -0.00114377
9.91 -0.00102975
9.92 -0.00093328
9.93 -0.000855756
9.94 -0.000797964
9.95 -0.000760087
9.96 -0.0007418
9.97 -0.000742434
9.98 -0.000761141
9.99 -0.000796991
10 -0.000848999
10.01 -0.000916142
10.02 -0.000997418
10.03 -0.00109186
10.04 -0.00119845
10.05 -0.00131597
10.06 -0.00144291
10.07 -0.00157743
10.08 -0.00171741
10.09 -0.00186045
10.1 -0.00200402
10.11 -0.00214544
10.12 -0.00228207
10.13 -0.00241151
10.14 -0.00253163
10.15 -0.00264062
10.16 -0.00273699
10.17 -0.00281956
10.18 -0.00288731
10.19 -0.00293978
10.2 -0.00297715
10.21 -0.00299947
10.22 -0.00300647
10.23 -0.00299783
10.24 -0.00297329
10.25 -0.00293286
10.26 -0.00287686
10.27 -0.00280592
10.28 -0.00272096
10.29 -0.00262314
10.3 -0.00251387
10.31 -0.00239472
10.32 -0.0022673
10.33 -0.00213326
10.34 -0.00199426
10.35 -0.00185205
10.36 -0.00170841
10.37 -0.00156512
10.38 -0.00142392
10.39 -0.00128649
10.4 -0.00115438
10.41 -0.00102896
10.42 -0.000911331
10.43 -0.000802241
10.44 -0.000702098
10.45 -0.00061094
10.46 -0.000528485
10.47 -0.00045426
10.48 -0.000387719
10.49 -0.00032836
10.5 -0.000275854
10.51 -0.000230101
10.52 -0.000191208
10.53 -0.000159464
10.54 -0.000135281
10.55 -0.000119078
10.56 -0.000111208
10.57 -0.000111946
10.58 -0.000121477
10.59 -0.00013986
10.6 -0.000167003
10.61 -0.000202701
10.62 -0.000246682
10.63 -0.000298617
10.64 -0.000358154
10.65 -0.000424952
10.66 -0.000498653
10.67 -0.000578867
10.68 -0.000665116
10.69 -0.000756758
10.7 -0.00085291
10.71 -0.000952427
10.72 -0.00105398
10.73 -0.00115608
10.74 -0.00125715
10.75 -0.00135556
10.76 -0.00144967
10.77 -0.00153787
10.78 -0.00161855
10.79 -0.00169012
10.8 -0.0017511
10.81 -0.00180016
10.82 -0.0018361
10.83 -0.00185789
10.84 -0.00186469
10.85 -0.0018559
10.86 -0.00183125
10.87 -0.0017908
10.88 -0.001735
10.89 -0.00166457
10.9 -0.00158052
10.91 -0.00148409
10.92 -0.00137667
10.93 -0.00125962
10.94 -0.00113425
10.95 -0.00100171
10.96 -0.000863059
10.97 -0.000719223
10.98 -0.000571074
10.99 -0.0004195
11 -0.000265501
11.01 -0.00011021
11.02 4.51098e-05
11.03 0.000199042
11.04 0.000349996
11.05 0.000496267
11.06 0.000636139
11.07 0.00076793
11.08 0.000890005
11.09 0.00100081
11.1 0.00109896
11.11 0.00118328
11.12 0.00125291
11.13 0.00130733
11.14 0.00134627
11.15 0.00136972
11.16 0.00137793
11.17 0.00137155
11.18 0.00135162
11.19 0.00131963
11.2 0.00127742
11.21 0.00122716
11.22 0.00117128
11.23 0.00111239
11.24 0.00105295
11.25 0.00099512
11.26 0.000940543
11.27 0.000890325
11.28 0.000845099
11.29 0.000805142
11.3 0.000770501
11.31 0.000741061
11.32 0.000716619
11.33 0.000696973
11.34 0.000682033
11.35 0.000671949
11.36 0.00066717
11.37 0.000668348
11.38 0.000676181
11.39 0.000691268
11.4 0.00071405
11.41 0.000744753
11.42 0.000783264
11.43 0.000829068
11.44 0.000881288
11.45 0.000938759
11.46 0.00100014
11.47 0.00106406
11.48 0.00112927
11.49 0.00119476
11.5 0.00125989
11.51 0.00132444
11.52 0.00138846
11.53 0.00145227
11.54 0.00151629
11.55 0.00158096
11.56 0.00164657
11.57 0.00171314
11.58 0.00178037
11.59 0.00184772
11.6 0.00191495
11.61 0.00198247
11.62 0.00205082
11.63 0.0021204
11.64 0.00219166
11.65 0.00226502
11.66 0.00234085
11.67 0.00241953
11.68 0.00250141
11.69 0.00258673
11.7 0.00267556
11.71 0.00276774
11.72 0.00286284
11.73 0.00296015
11.74 0.00305864
11.75 0.00315698
11.76 0.00325345
11.77 0.00334587
11.78 0.00343158
11.79 0.0035075
11.8 0.00357038
11.81 0.00361704
11.82 0.00364457
11.83 0.0036504
11.84 0.00363234
11.85 0.00358878
11.86 0.00351892
11.87 0.00342249
11.88 0.00329961
11.89 0.00315091
11.9 0.00297752
11.91 0.002781
11.92 0.00256338
11.93 0.00232707
11.94 0.00207483
11.95 0.0018097
11.96 0.00153494
11.97 0.00125398
11.98 0.000970407
11.99 0.000688042
12 0.00041085
12.01 0.000142842
12.02 -0.000111954
12.03 -0.000349482
12.04 -0.000565709
12.05 -0.000756752
12.06 -0.00091902
12.07 -0.00104935
12.08 -0.00114518
12.09 -0.00120472
12.1 -0.00122729
12.11 -0.00121322
12.12 -0.00116343
12.13 -0.00107961
12.14 -0.000964324
12.15 -0.000820886
12.16 -0.000653265
12.17 -0.00046593
12.18 -0.000263655
12.19 -5.13956e-05
12.2 0.000165755
12.21 0.000382725
12.22 0.000594652
12.23 0.000796933
12.24 0.000985204
12.25 0.00115544
12.26 0.00130412
12.27 0.00142827
12.28 0.00152551
12.29 0.00159403
12.3 0.00163265
12.31 0.00164083
12.32 0.00161873
12.33 0.00156726
12.34 0.00148805
12.35 0.00138332
12.36 0.00125586
12.37 0.00110901
12.38 0.000946629
12.39 0.000772959
12.4 0.000592498
12.41 0.000409902
12.42 0.00022975
12.43 5.63827e-05
12.44 -0.000106087
12.45 -0.000253785
12.46 -0.000383175
12.47 -0.000491024
12.48 -0.000574238
12.49 -0.000629743
12.5 -0.000654474
12.51 -0.000645409
12.52 -0.000599665
12.53 -0.000514645
12.54 -0.000388268
12.55 -0.000219209
12.56 -7.03845e-06
12.57 0.000247707
12.58 0.000543566
12.59 0.000878291
12.6 0.00124899
12.61 0.00165219
12.62 0.00208381
12.63 0.0025391
12.64 0.00301265
12.65 0.00349861
12.66 0.00399076
12.67 0.00448597
12.68 0.00498605
12.69 0.00549271
12.7 0.00600561
12.71 0.00652405
12.72 0.00704715
12.73 0.00757381
12.74 0.00810288
12.75 0.00863317
12.76 0.00916353
12.77 0.00969295
12.78 0.0102205
12.79 0.0107452
12.8 0.0112664
12.81 0.0117831
12.82 0.0122945
12.83 0.0127996
12.84 0.0132973
12.85 0.0137865
12.86 0.0142663
12.87 0.0147358
12.88 0.0151943
12.89 0.0156416
12.9 0.0160776
12.91 0.0165023
12.92 0.016916
12.93 0.0173186
12.94 0.0177104
12.95 0.0180913
12.96 0.018461
12.97 0.0188193
12.98 0.0191659
12.99 0.0195002
13 0.019822
13.01 0.0201309
13.02 0.0204266
13.03 0.0207093
13.04 0.0209791
13.05 0.0212362
13.06 0.021481
13.07 0.0217133
13.08 0.0219331
13.09 0.0221401
13.1 0.0223334
13.11 0.0225123
13.12 0.0226756
13.13 0.0228222
13.14 0.0229509
13.15 0.0230609
13.16 0.0231514
13.17 0.0232219
13.18 0.0232722
13.19 0.0233023
13.2 0.0233122
13.21 0.0233022
13.22 0.0232723
13.23 0.0232234
13.24 0.0231561
13.25 0.0230717
13.26 0.0229711
13.27 0.0228559
13.28 0.0227274
13.29 0.0225872
13.3 0.0224368
13.31 0.0222778
13.32 0.0221117
13.33 0.0219398
13.34 0.0217635
13.35 0.021584
13.36 0.0214027
13.37 0.021221
13.38 0.0210406
13.39 0.0208633
13.4 0.0206907
13.41 0.0205248
13.42 0.0203677
13.43 0.0202215
13.44 0.0200882
13.45 0.01997
13.46 0.0198691
13.47 0.0197874
13.48 0.0197269
13.49 0.0196892
13.5 0.0196758
13.51 0.0196877
13.52 0.0197257
13.53 0.0197902
13.54 0.0198812
13.55 0.0199986
13.56 0.0201419
13.57 0.0203101
13.58 0.0205018
13.59 0.020715
13.6 0.0209474
13.61 0.0211959
13.62 0.0214574
13.63 0.0217286
13.64 0.0220059
13.65 0.0222857
13.66 0.0225645
13.67 0.0228386
13.68 0.0231047
13.69 0.0233593
13.7 0.0236003
13.71 0.0238273
13.72 0.0240408
13.73 0.024241
13.74 0.0244277
13.75 0.0246004
13.76 0.0247584
13.77 0.0249008
13.78 0.0250259
13.79 0.025132
13.8 0.0252169
13.81 0.0252778
13.82 0.0253116
13.83 0.0253151
13.84 0.0252854
13.85 0.0252205
13.86 0.0251201
13.87 0.0249849
13.88 0.0248164
13.89 0.0246163
13.9 0.0243869
13.91 0.024131
13.92 0.0238517
13.93 0.0235525
13.94 0.0232369
13.95 0.022909
13.96 0.0225727
13.97 0.0222322
13.98 0.0218917
13.99 0.0215553
14 0.0212269
14.01 0.0209104
14.02 0.0206091
14.03 0.0203263
14.04 0.0200632
14.05 0.0198182
14.06 0.0195892
14.07 0.0193747
14.08 0.0191731
14.09 0.0189826
14.1 0.0188011
14.11 0.0186264
14.12 0.0184559
14.13 0.0182867
14.14 0.0181156
14.15 0.0179392
14.16 0.0177539
14.17 0.0175557
14.18 0.0173409
14.19 0.0171059
14.2 0.016847
14.21 0.0165608
14.22 0.0162437
14.23 0.0158924
14.24 0.0155033
14.25 0.0150728
14.26 0.0145974
14.27 0.0140733
14.28 0.0134972
14.29 0.0128657
14.3 0.0121758
14.31 0.0114249
14.32 0.0106107
14.33 0.0097315
14.34 0.00878587
14.35 0.00777253
14.36 0.00669019
14.37 0.00553743
14.38 0.00431255
14.39 0.00301375
14.4 0.00163916
14.41 0.000186876
14.42 -0.00134494
14.43 -0.002958
14.44 -0.0046537
14.45 -0.00643302
14.46 -0.00829633
14.47 -0.0102435
14.48 -0.0122742
14.49 -0.0143877
14.5 -0.0165831
14.51 -0.0188597
14.52 -0.0212167
14.53 -0.0236535
14.54 -0.0261697
14.55 -0.0287648
14.56 -0.0314384
14.57 -0.0341903
14.58 -0.0370202
14.59 -0.0399276
14.6 -0.0429122
14.61 -0.0459732
14.62 -0.0491094
14.63 -0.0523189
14.64 -0.0555992
14.65 -0.058947
14.66 -0.062358
14.67 -0.0658273
14.68 -0.0693498
14.69 -0.0729206
14.7 -0.0765349
14.71 -0.0801883
14.72 -0.0838766
14.73 -0.0875945
14.74 -0.0913361
14.75 -0.0950944
14.76 -0.0988619
14.77 -0.102631
14.78 -0.106395
14.79 -0.110147
14.8 -0.113879
14.81 -0.117584
14.82 -0.121256
14.83 -0.124887
14.84 -0.128471
14.85 -0.132002
14.86 -0.135473
14.87 -0.138878
14.88 -0.142211
14.89 -0.145466
14.9 -0.148635
14.91 -0.151714
14.92 -0.154695
14.93 -0.157573
14.94 -0.160341
14.95 -0.162992
14.96 -0.165521
14.97 -0.167922
14.98 -0.17019
14.99 -0.172321
15 -0.174312
15.01 -0.176162
15.02 -0.177872
15.03 -0.179443
15.04 -0.180878
15.05 -0.182181
15.06 -0.183355
15.07 -0.184405
15.08 -0.185338
15.09 -0.186158
15.1 -0.186871
15.11 -0.187483
15.12 -0.187999
15.13 -0.188425
15.14 -0.188766
15.15 -0.189027
15.16 -0.189214
15.17 -0.189332
15.18 -0.189384
15.19 -0.189374
15.2 -0.189306
15.21 -0.189183
15.22 -0.189011
15.23 -0.188797
15.24 -0.188545
15.25 -0.188265
15.26 -0.187964
15.27 -0.187652
15.28 -0.187338
15.29 -0.187032
15.3 -0.186742
15.31 -0.186477
15.32 -0.186243
15.33 -0.186047
15.34 -0.185894
15.35 -0.185787
15.36 -0.185729
15.37 -0.185725
15.38 -0.185775
15.39 -0.185881
15.4 -0.186043
15.41 -0.18626
15.42 -0.186529
15.43 -0.186846
15.44 -0.187208
15.45 -0.187608
15.46 -0.188039
15.47 -0.188493
15.48 -0.188961
15.49 -0.189434
15.5 -0.189903
15.51 -0.190362
15.52 -0.190808
15.53 -0.191233
15.54 -0.191634
15.55 -0.192005
15.56 -0.192341
15.57 -0.192638
15.58 -0.19289
15.59 -0.193092
15.6 -0.193239
15.61 -0.193327
15.62 -0.193351
15.63 -0.193307
15.64 -0.193189
15.65 -0.192996
15.66 -0.192727
15.67 -0.19238
15.68 -0.191956
15.69 -0.191458
15.7 -0.190888
15.71 -0.190252
15.72 -0.189554
15.73 -0.188801
15.74 -0.188
15.75 -0.187151
15.76 -0.18625
15.77 -0.18529
15.78 -0.184265
15.79 -0.183171
15.8 -0.182003
15.81 -0.180758
15.82 -0.17943
15.83 -0.178018
15.84 -0.176516
15.85 -0.174924
15.86 -0.173239
15.87 -0.171458
15.88 -0.16958
15.89 -0.167603
15.9 -0.165526
15.91 -0.163348
15.92 -0.161068
15.93 -0.158685
15.94 -0.156198
15.95 -0.153606
15.96 -0.15091
15.97 -0.148108
15.98 -0.145202
15.99 -0.142192
16 -0.13908
16.01 -0.135868
16.02 -0.132558
16.03 -0.129153
16.04 -0.125659
16.05 -0.122081
16.06 -0.118424
16.07 -0.114696
16.08 -0.110901
16.09 -0.107047
16.1 -0.10314
16.11 -0.0991844
16.12 -0.0951873
16.13 -0.0911542
16.14 -0.087091
16.15 -0.0830035
16.16 -0.0788978
16.17 -0.0747799
16.18 -0.0706557
16.19 -0.0665314
16.2 -0.0624127
16.21 -0.0583054
16.22 -0.0542149
16.23 -0.0501459
16.24 -0.0461026
16.25 -0.0420881
16.26 -0.0381051
16.27 -0.034155
16.28 -0.030239
16.29 -0.026358
16.3 -0.0225126
16.31 -0.0187033
16.32 -0.0149303
16.33 -0.0111938
16.34 -0.00749369
16.35 -0.00382998
16.36 -0.000202431
16.37 0.00338915
16.38 0.00694502
16.39 0.0104655
16.4 0.0139511
16.41 0.0174023
16.42 0.0208197
16.43 0.0242036
16.44 0.0275543
16.45 0.0308723
16.46 0.0341576
16.47 0.0374106
16.48 0.0406315
16.49 0.0438206
16.5 0.0469779
16.51 0.0501037
16.52 0.053198
16.53 0.0562611
16.54 0.0592932
16.55 0.0622944
16.56 0.0652649
16.57 0.0682048
16.58 0.0711138
16.59 0.0739917
16.6 0.0768382
16.61 0.0796525
16.62 0.0824337
16.63 0.0851808
16.64 0.087892
16.65 0.0905655
16.66 0.093199
16.67 0.0957902
16.68 0.0983359
16.69 0.100833
16.7 0.103278
16.71 0.105667
16.72 0.107998
16.73 0.110268
16.74 0.112474
16.75 0.114615
16.76 0.11669
16.77 0.118699
16.78 0.12064
16.79 0.122514
16.8 0.124319
16.81 0.126057
16.82 0.127726
16.83 0.129329
16.84 0.130865
16.85 0.132334
16.86 0.133737
16.87 0.135075
16.88 0.136347
16.89 0.137554
16.9 0.138696
16.91 0.139772
16.92 0.140782
16.93 0.141725
16.94 0.142602
16.95 0.143412
16.96 0.144155
16.97 0.144832
16.98 0.145442
16.99 0.145986
17 0.146464
17.01 0.146877
17.02 0.147224
17.03 0.147507
17.04 0.147726
17.05 0.14788
17.06 0.147972
17.07 0.147999
17.08 0.147965
17.09 0.147868
17.1 0.147711
17.11 0.147498
17.12 0.147232
17.13 0.146916
17.14 0.146557
17.15 0.146161
17.16 0.145732
17.17 0.14528
17.18 0.144809
17.19 0.144327
17.2 0.143843
17.21 0.143362
17.22 0.142893
17.23 0.14244
17.24 0.142
17.25 0.141574
17.26 0.14116
17.27 0.140758
17.28 0.140367
17.29 0.139987
17.3 0.139615
17.31 0.139253
17.32 0.138897
17.33 0.138549
17.34 0.138206
17.35 0.137869
17.36 0.137535
17.37 0.137202
17.38 0.13687
17.39 0.136535
17.4 0.136194
17.41 0.135845
17.42 0.135484
17.43 0.135107
17.44 0.13471
17.45 0.134291
17.46 0.133846
17.47 0.133373
17.48 0.132871
17.49 0.132339
17.5 0.131775
17.51 0.131179
17.52 0.130549
17.53 0.129885
17.54 0.129184
17.55 0.128447
17.56 0.127672
17.57 0.126859
17.58 0.126008
17.59 0.125117
17.6 0.124188
17.61 0.123222
17.62 0.122219
17.63 0.121181
17.64 0.12011
17.65 0.119009
17.66 0.117879
17.67 0.116725
17.68 0.115549
17.69 0.114354
17.7 0.113143
17.71 0.111919
17.72 0.110685
17.73 0.109443
17.74 0.108195
17.75 0.106942
17.76 0.105686
17.77 0.10443
17.78 0.103176
17.79 0.101928
17.8 0.100688
17.81 0.0994599
17.82 0.0982478
17.83 0.097055
17.84 0.0958849
17.85 0.094741
17.86 0.0936264
17.87 0.0925443
17.88 0.0914975
17.89 0.0904886
17.9 0.0895194
17.91 0.0885914
17.92 0.0877054
17.93 0.086862
17.94 0.0860615
17.95 0.0853041
17.96 0.0845897
17.97 0.0839183
17.98 0.0832893
17.99 0.0827025
18 0.0821573
18.01 0.081653
18.02 0.0811893
18.03 0.0807654
18.04 0.080381
18.05 0.0800355
18.06 0.0797286
18.07 0.07946
18.08 0.0792293
18.09 0.0790361
18.1 0.07888
18.11 0.0787604
18.12 0.0786768
18.13 0.0786289
18.14 0.0786161
18.15 0.0786384
18.16 0.0786954
18.17 0.0787861
18.18 0.0789094
18.19 0.0790639
18.2 0.0792478
18.21 0.0794591
18.22 0.0796953
18.23 0.0799537
18.24 0.080231
18.25 0.0805236
18.26 0.0808277
18.27 0.0811392
18.28 0.081454
18.29 0.0817681
18.3 0.0820775
18.31 0.0823785
18.32 0.0826676
18.33 0.0829415
18.34 0.0831973
18.35 0.0834321
18.36 0.0836434
18.37 0.0838304
18.38 0.0839948
18.39 0.0841382
18.4 0.0842616
18.41 0.0843659
18.42 0.0844522
18.43 0.084522
18.44 0.0845767
18.45 0.0846182
18.46 0.0846484
18.47 0.0846697
18.48 0.0846843
18.49 0.0846945
18.5 0.0847027
18.51 0.0847109
18.52 0.0847211
18.53 0.0847349
18.54 0.0847537
18.55 0.0847787
18.56 0.0848107
18.57 0.0848506
18.58 0.0848989
18.59 0.0849561
18.6 0.085023
18.61 0.0850999
18.62 0.0851877
18.63 0.0852869
18.64 0.0853981
18.65 0.0855221
18.66 0.0856591
18.67 0.0858094
18.68 0.0859726
18.69 0.0861477
18.7 0.0863329
18.71 0.0865255
18.72 0.086722
18.73 0.0869182
18.74 0.0871097
18.75 0.0872917
18.76 0.0874601
18.77 0.0876106
18.78 0.087739
18.79 0.0878412
18.8 0.0879131
18.81 0.0879505
18.82 0.0879494
18.83 0.0879057
18.84 0.0878159
18.85 0.0876773
18.86 0.0874876
18.87 0.0872457
18.88 0.0869511
18.89 0.0866044
18.9 0.0862071
18.91 0.0857621
18.92 0.0852736
18.93 0.0847467
18.94 0.0841881
18.95 0.083605
18.96 0.0830051
18.97 0.0823931
18.98 0.081769
18.99 0.0811303
19 0.0804749
19.01 0.0798002
19.02 0.0791036
19.03 0.078382
19.04 0.0776323
19.05 0.0768516
19.06 0.0760374
19.07 0.0751875
19.08 0.0743
19.09 0.0733735
19.1 0.0724068
19.11 0.0713989
19.12 0.0703484
19.13 0.069254
19.14 0.0681139
19.15 0.0669266
19.16 0.0656906
19.17 0.0644048
19.18 0.0630688
19.19 0.0616831
19.2 0.060249
19.21 0.0587683
19.22 0.0572437
19.23 0.0556783
19.24 0.0540754
19.25 0.0524381
19.26 0.0507691
19.27 0.04907
19.28 0.0473422
19.29 0.0455867
19.3 0.0438043
19.31 0.0419964
19.32 0.0401646
19.33 0.0383109
19.34 0.0364375
19.35 0.0345473
19.36 0.0326434
19.37 0.0307294
19.38 0.0288089
19.39 0.0268852
19.4 0.0249617
19.41 0.0230417
19.42 0.0211285
19.43 0.0192253
19.44 0.0173354
19.45 0.0154618
19.46 0.0136078
19.47 0.0117763
19.48 0.00997035
19.49 0.00819289
19.5 0.00644661
19.51 0.00473397
19.52 0.00305721
19.53 0.00141843
19.54 -0.000180572
19.55 -0.00173845
19.56 -0.0032544
19.57 -0.00472807
19.58 -0.00615931
19.59 -0.00754811
19.6 -0.00889459
19.61 -0.010199
19.62 -0.0114617
19.63 -0.0126833
19.64 -0.0138641
19.65 -0.0150046
19.66 -0.0161056
19.67 -0.0171676
19.68 -0.0181914
19.69 -0.0191777
19.7 -0.0201277
19.71 -0.0210424
19.72 -0.0219229
19.73 -0.0227705
19.74 -0.0235863
19.75 -0.0243713
19.76 -0.0251262
19.77 -0.0258515
19.78 -0.0265475
19.79 -0.0272144
19.8 -0.0278524
19.81 -0.0284617
19.82 -0.0290427
19.83 -0.0295957
19.84 -0.0301213
19.85 -0.0306201
19.86 -0.0310931
19.87 -0.0315411
19.88 -0.0319654
19.89 -0.0323671
19.9 -0.032747
19.91 -0.0331062
19.92 -0.0334454
19.93 -0.0337649
19.94 -0.0340652
19.95 -0.0343466
19.96 -0.0346098
19.97 -0.0348553
19.98 -0.0350841
19.99 -0.0352972
20 -0.0354959
20.01 -0.0356815
20.02 -0.0358554
20.03 -0.0360188
20.04 -0.0361727
20.05 -0.0363172
20.06 -0.0364523
20.07 -0.0365772
20.08 -0.0366911
20.09 -0.0367922
20.1 -0.0368787
20.11 -0.0369482
20.12 -0.0369983
20.13 -0.0370267
20.14 -0.0370312
20.15 -0.0370097
20.16 -0.0369604
20.17 -0.0368821
20.18 -0.0367744
20.19 -0.0366376
20.2 -0.0364726
20.21 -0.036281
20.22 -0.0360651
20.23 -0.0358275
20.24 -0.0355713
20.25 -0.0352994
20.26 -0.0350155
20.27 -0.0347232
20.28 -0.0344267
20.29 -0.0341302
20.3 -0.0338382
20.31 -0.0335552
20.32 -0.0332856
20.33 -0.0330338
20.34 -0.0328039
20.35 -0.0325996
20.36 -0.0324241
20.37 -0.0322799
20.38 -0.0321685
20.39 -0.0320902
20.4 -0.0320437
20.41 -0.032027
20.42 -0.0320381
20.43 -0.0320744
20.44 -0.0321329
20.45 -0.0322104
20.46 -0.0323032
20.47 -0.0324078
20.48 -0.0325202
20.49 -0.0326366
20.5 -0.0327529
20.51 -0.032865
20.52 -0.032969
20.53 -0.0330611
20.54 -0.0331376
20.55 -0.0331953
20.56 -0.0332312
20.57 -0.033243
20.58 -0.0332288
20.59 -0.033188
20.6 -0.0331205
20.61 -0.0330274
20.62 -0.0329104
20.63 -0.0327719
20.64 -0.0326144
20.65 -0.032441
20.66 -0.032255
20.67 -0.0320597
20.68 -0.0318585
20.69 -0.0316532
20.7 -0.0314436
20.71 -0.0312289
20.72 -0.0310089
20.73 -0.0307836
20.74 -0.0305529
20.75 -0.0303166
20.76 -0.0300746
20.77 -0.0298268
20.78 -0.0295729
20.79 -0.0293125
20.8 -0.0290446
20.81 -0.0287683
20.82 -0.0284817
20.83 -0.0281832
20.84 -0.0278703
20.85 -0.0275412
20.86 -0.027194
20.87 -0.0268271
20.88 -0.0264392
20.89 -0.0260295
20.9 -0.0255974
20.91 -0.0251427
20.92 -0.0246651
20.93 -0.0241643
20.94 -0.0236404
20.95 -0.0230931
20.96 -0.0225227
20.97 -0.0219294
20.98 -0.0213139
20.99 -0.0206773
21 -0.0200209
21.01 -0.0193464
21.02 -0.0186561
21.03 -0.0179524
21.04 -0.0172381
21.05 -0.016516
21.06 -0.0157887
21.07 -0.0150588
21.08 -0.0143289
21.09 -0.0136016
21.1 -0.0128793
21.11 -0.0121644
21.12 -0.0114587
21.13 -0.0107639
21.14 -0.0100813
21.15 -0.00941188
21.16 -0.00875653
21.17 -0.00811608
21.18 -0.00749134
21.19 -0.00688305
21.2 -0.006292
21.21 -0.00571894
21.22 -0.00516461
21.23 -0.00462973
21.24 -0.00411495
21.25 -0.00362084
21.26 -0.0031478
21.27 -0.00269601
21.28 -0.0022654
21.29 -0.00185574
21.3 -0.0014666
21.31 -0.00109746
21.32 -0.000747855
21.33 -0.000417433
21.34 -0.000106015
21.35 0.00018639
21.36 0.000459574
21.37 0.000713099
21.38 0.000946282
21.39 0.00115821
21.4 0.00134773
21.41 0.00151348
21.42 0.00165394
21.43 0.00176758
21.44 0.00185287
21.45 0.00190838
21.46 0.00193285
21.47 0.00192523
21.48 0.00188476
21.49 0.00181123
21.5 0.00170492
21.51 0.00156653
21.52 0.00139733
21.53 0.00119908
21.54 0.000974033
21.55 0.000724861
21.56 0.000454547
21.57 0.000166294
21.58 -0.00013661
21.59 -0.000450881
21.6 -0.000773254
21.61 -0.00110044
21.62 -0.00142906
21.63 -0.0017556
21.64 -0.00207636
21.65 -0.00238746
21.66 -0.00268489
21.67 -0.00296461
21.68 -0.00322403
21.69 -0.00346299
21.7 -0.00368212
21.71 -0.00388179
21.72 -0.00406236
21.73 -0.00422413
21.74 -0.00436726
21.75 -0.00449175
21.76 -0.00459733
21.77 -0.00468352
21.78 -0.00474964
21.79 -0.00479487
21.8 -0.0048184
21.81 -0.00481955
21.82 -0.00479783
21.83 -0.00475335
21.84 -0.00468702
21.85 -0.00460035
21.86 -0.00449532
21.87 -0.00437434
21.88 -0.00424028
21.89 -0.00409631
21.9 -0.00394577
21.91 -0.00379201
21.92 -0.00363828
21.93 -0.00348764
21.94 -0.00334286
21.95 -0.0032064
21.96 -0.00308058
21.97 -0.00296767
21.98 -0.00286995
21.99 -0.00278976
22 -0.00272955
22.01 -0.0026918
22.02 -0.00267892
22.03 -0.00269308
22.04 -0.00273589
22.05 -0.00280815
22.06 -0.00290962
22.07 -0.00303887
22.08 -0.0031935
22.09 -0.00337046
22.1 -0.00356614
22.11 -0.0037765
22.12 -0.0039972
22.13 -0.0042237
22.14 -0.00445146
22.15 -0.00467609
22.16 -0.00489347
22.17 -0.00510089
22.18 -0.00529783
22.19 -0.00548443
22.2 -0.00566052
22.21 -0.00582585
22.22 -0.00598
22.23 -0.00612235
22.24 -0.00625211
22.25 -0.00636842
22.26 -0.00647034
22.27 -0.00655694
22.28 -0.00662739
22.29 -0.00668098
22.3 -0.00671731
22.31 -0.00673631
22.32 -0.00673832
22.33 -0.00672395
22.34 -0.00669423
22.35 -0.00665066
22.36 -0.006595
22.37 -0.00652915
22.38 -0.00645505
22.39 -0.00637461
22.4 -0.00628968
22.41 -0.006202
22.42 -0.00611311
22.43 -0.00602438
22.44 -0.00593709
22.45 -0.00585231
22.46 -0.00577089
22.47 -0.00569337
22.48 -0.00561991
22.49 -0.00555043
22.5 -0.00548454
22.51 -0.00542152
22.52 -0.00536035
22.53 -0.00529979
22.54 -0.00523849
22.55 -0.00517506
22.56 -0.00510815
22.57 -0.00503639
22.58 -0.0049584
22.59 -0.00487293
22.6 -0.00477885
22.61 -0.00467517
22.62 -0.00456107
22.63 -0.00443605
22.64 -0.00429993
22.65 -0.00415294
22.66 -0.00399569
22.67 -0.00382929
22.68 -0.00365532
22.69 -0.0034757
22.7 -0.00329242
22.71 -0.00310738
22.72 -0.0029224
22.73 -0.00273915
22.74 -0.00255926
22.75 -0.00238421
22.76 -0.00221541
22.77 -0.00205428
22.78 -0.00190222
22.79 -0.00175995
22.8 -0.00162697
22.81 -0.00150225
22.82 -0.00138486
22.83 -0.00127395
22.84 -0.00116871
22.85 -0.0010684
22.86 -0.000972349
22.87 -0.000879979
22.88 -0.0007908
22.89 -0.000704452
22.9 -0.000620749
22.91 -0.000539707
22.92 -0.000461546
22.93 -0.000386674
22.94 -0.000315675
22.95 -0.000249312
22.96 -0.000188535
22.97 -0.000134423
22.98 -8.80585e-05
22.99 -5.02981e-05
23 -2.15736e-05
23.01 -1.8828e-06
23.02 9.09859e-06
23.03 1.19508e-05
23.04 7.47827e-06
23.05 -3.30422e-06
23.06 -1.92347e-05
23.07 -3.91898e-05
23.08 -6.22889e-05
23.09 -8.79626e-05
23.1 -0.000115846
23.11 -0.000145652
23.12 -0.000177129
23.13 -0.000210004
23.14 -0.000243943
23.15 -0.000278554
23.16 -0.000313434
23.17 -0.00034817
23.18 -0.000382289
23.19 -0.000415236
23.2 -0.000446394
23.21 -0.000475139
23.22 -0.000500917
23.23 -0.000523275
23.24 -0.000541801
23.25 -0.000556153
23.26 -0.00056611
23.27 -0.000571534
23.28 -0.000572251
23.29 -0.00056804
23.3 -0.000558676
23.31 -0.000543928
23.32 -0.00052359
23.33 -0.000497566
23.34 -0.00046592
23.35 -0.000428857
23.36 -0.000386771
23.37 -0.000340294
23.38 -0.000290264
23.39 -0.000237729
23.4 -0.000184012
23.41 -0.000130705
23.42 -7.96008e-05
23.43 -3.26366e-05
23.44 8.15358e-06
23.45 4.06679e-05
23.46 6.30725e-05
23.47 7.40558e-05
23.48 7.25546e-05
23.49 5.77345e-05
23.5 2.91859e-05
23.51 -1.31216e-05
23.52 -6.89208e-05
23.53 -0.000137693
23.54 -0.000218681
23.55 -0.00031089
23.56 -0.00041311
23.57 -0.000523917
23.58 -0.000641661
23.59 -0.000764508
23.6 -0.000890521
23.61 -0.00101769
23.62 -0.00114395
23.63 -0.00126717
23.64 -0.00138519
23.65 -0.00149588
23.66 -0.0015972
23.67 -0.00168731
23.68 -0.0017647
23.69 -0.00182821
23.7 -0.00187706
23.71 -0.00191086
23.72 -0.00192964
23.73 -0.00193383
23.74 -0.00192427
23.75 -0.00190226
23.76 -0.00186952
23.77 -0.00182829
23.78 -0.00178131
23.79 -0.00173172
23.8 -0.00168293
23.81 -0.00163835
23.82 -0.00160129
23.83 -0.00157483
23.84 -0.00156178
23.85 -0.00156471
23.86 -0.0015858
23.87 -0.00162691
23.88 -0.00168953
23.89 -0.00177481
23.9 -0.00188361
23.91 -0.00201658
23.92 -0.00217416
23.93 -0.00235647
23.94 -0.00256321
23.95 -0.00279361
23.96 -0.00304637
23.97 -0.00331958
23.98 -0.00361064
23.99 -0.00391624
24 -0.00423234
24.01 -0.00455435
24.02 -0.00487727
24.03 -0.00519756
24.04 -0.00551424
24.05 -0.00582647
24.06 -0.0061323
24.07 -0.00642923
24.08 -0.00671447
24.09 -0.00698523
24.1 -0.00723877
24.11 -0.00747259
24.12 -0.00768447
24.13 -0.00787268
24.14 -0.008036
24.15 -0.00817377
24.16 -0.00828593
24.17 -0.00837278
24.18 -0.00843479
24.19 -0.00847249
24.2 -0.00848652
24.21 -0.00847757
24.22 -0.00844662
24.23 -0.00839512
24.24 -0.00832489
24.25 -0.00823807
24.26 -0.00813713
24.27 -0.00802486
24.28 -0.00790436
24.29 -0.00777902
24.3 -0.00765256
24.31 -0.00752885
24.32 -0.00741169
24.33 -0.00730455
24.34 -0.00721029
24.35 -0.00713097
24.36 -0.00706786
24.37 -0.00702163
24.38 -0.00699241
24.39 -0.00697984
24.4 -0.0069832
24.41 -0.00700147
24.42 -0.00703349
24.43 -0.00707805
24.44 -0.0071339
24.45 -0.00719977
24.46 -0.00727429
24.47 -0.00735591
24.48 -0.00744293
24.49 -0.00753348
24.5 -0.00762563
24.51 -0.00771742
24.52 -0.00780691
24.53 -0.00789228
24.54 -0.0079719
24.55 -0.00804436
24.56 -0.00810845
24.57 -0.00816329
24.58 -0.00820835
24.59 -0.00824339
24.6 -0.00826842
24.61 -0.00828352
24.62 -0.00828897
24.63 -0.00828519
24.64 -0.00827275
24.65 -0.00825214
24.66 -0.00822376
24.67 -0.00818786
24.68 -0.00814466
24.69 -0.00809422
24.7 -0.00803653
24.71 -0.00797153
24.72 -0.00789919
24.73 -0.00781958
24.74 -0.00773287
24.75 -0.00763927
24.76 -0.00753898
24.77 -0.00743226
24.78 -0.00731955
24.79 -0.00720156
24.8 -0.0070792
24.81 -0.00695358
24.82 -0.00682602
24.83 -0.00669808
24.84 -0.00657148
24.85 -0.006448
24.86 -0.00632947
24.87 -0.00621771
24.88 -0.00611451
24.89 -0.00602174
24.9 -0.00594127
24.91 -0.005875
24.92 -0.00582478
24.93 -0.00579229
24.94 -0.00577904
24.95 -0.00578626
24.96 -0.00581486
24.97 -0.00586544
24.98 -0.00593827
24.99 -0.00603314
25 -0.00614939
