0.01 3.15863e-09
0.02 1.517e-08
0.03 3.72834e-08
0.04 6.69118e-08
0.05 1.01459e-07
0.06 1.38368e-07
0.07 1.75159e-07
0.08 2.09454e-07
0.09 2.3898e-07
0.1 2.61588e-07
0.11 2.75299e-07
0.12 2.78314e-07
0.13 2.69004e-07
0.14 2.45857e-07
0.15 2.07481e-07
0.16 1.5268e-07
0.17 8.04986e-08
0.18 -9.74798e-09
0.19 -1.18467e-07
0.2 -2.45774e-07
0.21 -3.91486e-07
0.22 -5.55121e-07
0.23 -7.35917e-07
0.24 -9.3286e-07
0.25 -1.14473e-06
0.26 -1.37017e-06
0.27 -1.60777e-06
0.28 -1.8559e-06
0.29 -2.11251e-06
0.3 -2.37507e-06
0.31 -2.64049e-06
0.32 -2.90518e-06
0.33 -3.16486e-06
0.34 -3.4145e-06
0.35 -3.64868e-06
0.36 -3.86185e-06
0.37 -4.0485e-06
0.38 -4.20383e-06
0.39 -4.32453e-06
0.4 -4.4094e-06
0.41 -4.45967e-06
0.42 -4.47852e-06
0.43 -4.47042e-06
0.44 -4.4412e-06
0.45 -4.39775e-06
0.46 -4.34755e-06
0.47 -4.29816e-06
0.48 -4.2565e-06
0.49 -4.22863e-06
0.5 -4.21956e-06
0.51 -4.2334e-06
0.52 -4.27367e-06
0.53 -4.34278e-06
0.54 -4.44228e-06
0.55 -4.57327e-06
0.56 -4.73593e-06
0.57 -4.92968e-06
0.58 -5.15364e-06
0.59 -5.4066e-06
0.6 -5.68695e-06
0.61 -5.99266e-06
0.62 -6.32135e-06
0.63 -6.67029e-06
0.64 -7.03657e-06
0.65 -7.41718e-06
0.66 -7.80918e-06
0.67 -8.20982e-06
0.68 -8.61658e-06
0.69 -9.02721e-06
0.7 -9.43951e-06
0.71 -9.85107e-06
0.72 -1.02588e-05
0.73 -1.06583e-05
0.74 -1.10432e-05
0.75 -1.14049e-05
0.76 -1.1732e-05
0.77 -1.20112e-05
0.78 -1.2228e-05
0.79 -1.23697e-05
0.8 -1.24269e-05
0.81 -1.23937e-05
0.82 -1.22678e-05
0.83 -1.20496e-05
0.84 -1.17423e-05
0.85 -1.13535e-05
0.86 -1.08941e-05
0.87 -1.03747e-05
0.88 -9.80141e-06
0.89 -9.17543e-06
0.9 -8.495e-06
0.91 -7.75734e-06
0.92 -6.95991e-06
0.93 -6.10236e-06
0.94 -5.18925e-06
0.95 -4.23116e-06
0.96 -3.24525e-06
0.97 -2.25419e-06
0.98 -1.28112e-06
0.99 -3.44214e-07
1 5.45333e-07
1.01 1.38265e-06
1.02 2.16938e-06
1.03 2.91252e-06
1.04 3.62194e-06
1.05 4.30798e-06
1.06 4.97815e-06
1.07 5.63538e-06
1.08 6.2795e-06
1.09 6.90999e-06
1.1 7.52681e-06
1.11 8.12902e-06
1.12 8.716e-06
1.13 9.28919e-06
1.14 9.85147e-06
1.15 1.04058e-05
1.16 1.09534e-05
1.17 1.14911e-05
1.18 1.20093e-05
1.19 1.24935e-05
1.2 1.29284e-05
1.21 1.3296e-05
1.22 1.35748e-05
1.23 1.37429e-05
1.24 1.37832e-05
1.25 1.36919e-05
1.26 1.34828e-05
1.27 1.31823e-05
1.28 1.28193e-05
1.29 1.24224e-05
1.3 1.20189e-05
1.31 1.16294e-05
1.32 1.12654e-05
1.33 1.09315e-05
1.34 1.06313e-05
1.35 1.03702e-05
1.36 1.01561e-05
1.37 9.99887e-06
1.38 9.90997e-06
1.39 9.90079e-06
1.4 9.98058e-06
1.41 1.01534e-05
1.42 1.04141e-05
1.43 1.07446e-05
1.44 1.11098e-05
1.45 1.14567e-05
1.46 1.17157e-05
1.47 1.18089e-05
1.48 1.16567e-05
1.49 1.11805e-05
1.5 1.03066e-05
1.51 8.97149e-06
1.52 7.12467e-06
1.53 4.73604e-06
1.54 1.80414e-06
1.55 -1.63657e-06
1.56 -5.51394e-06
1.57 -9.72834e-06
1.58 -1.41625e-05
1.59 -1.86894e-05
1.6 -2.31857e-05
1.61 -2.75402e-05
1.62 -3.16513e-05
1.63 -3.54294e-05
1.64 -3.87975e-05
1.65 -4.16909e-05
1.66 -4.40607e-05
1.67 -4.58753e-05
1.68 -4.71193e-05
1.69 -4.77871e-05
1.7 -4.78795e-05
1.71 -4.74035e-05
1.72 -4.63717e-05
1.73 -4.47997e-05
1.74 -4.27026e-05
1.75 -4.00907e-05
1.76 -3.69742e-05
1.77 -3.33703e-05
1.78 -2.92981e-05
1.79 -2.47736e-05
1.8 -1.98115e-05
1.81 -1.443e-05
1.82 -8.65039e-06
1.83 -2.4992e-06
1.84 3.98248e-06
1.85 1.0734e-05
1.86 1.76804e-05
1.87 2.47428e-05
1.88 3.18456e-05
1.89 3.89176e-05
1.9 4.58931e-05
1.91 5.27124e-05
1.92 5.93226e-05
1.93 6.56757e-05
1.94 7.17163e-05
1.95 7.73659e-05
1.96 8.25232e-05
1.97 8.70706e-05
1.98 9.08793e-05
1.99 9.38228e-05
2 9.5798e-05
2.01 9.67445e-05
2.02 9.66469e-05
2.03 9.55315e-05
2.04 9.34627e-05
2.05 9.05328e-05
2.06 8.68498e-05
2.07 8.25267e-05
2.08 7.76645e-05
2.09 7.23397e-05
2.1 6.66017e-05
2.11 6.04752e-05
2.12 5.39579e-05
2.13 4.70158e-05
2.14 3.9595e-05
2.15 3.16342e-05
2.16 2.3069e-05
2.17 1.38382e-05
2.18 3.8871e-06
2.19 -6.84007e-06
2.2 -1.8406e-05
2.21 -3.0874e-05
2.22 -4.42965e-05
2.23 -5.87082e-05
2.24 -7.41206e-05
2.25 -9.05273e-05
2.26 -0.000107899
2.27 -0.000126159
2.28 -0.000145176
2.29 -0.00016478
2.3 -0.000184771
2.31 -0.000204913
2.32 -0.00022494
2.33 -0.000244537
2.34 -0.000263347
2.35 -0.000280976
2.36 -0.000297006
2.37 -0.000311011
2.38 -0.000322573
2.39 -0.00033128
2.4 -0.000336751
2.41 -0.000338685
2.42 -0.000336872
2.43 -0.000331185
2.44 -0.000321559
2.45 -0.000307988
2.46 -0.000290522
2.47 -0.00026928
2.48 -0.00024445
2.49 -0.000216272
2.5 -0.000185013
2.51 -0.00015096
2.52 -0.000114404
2.53 -7.56612e-05
2.54 -3.50652e-05
2.55 7.03738e-06
2.56 5.02861e-05
2.57 9.42835e-05
2.58 0.00013858
2.59 0.000182671
2.6 0.000226015
2.61 0.000268047
2.62 0.000308213
2.63 0.000345991
2.64 0.000380908
2.65 0.000412547
2.66 0.000440551
2.67 0.000464619
2.68 0.000484502
2.69 0.000499991
2.7 0.000510909
2.71 0.000517133
2.72 0.000518584
2.73 0.00051524
2.74 0.000507148
2.75 0.000494429
2.76 0.000477259
2.77 0.000455867
2.78 0.000430552
2.79 0.000401691
2.8 0.000369735
2.81 0.000335188
2.82 0.000298581
2.83 0.000260428
2.84 0.000221216
2.85 0.000181402
2.86 0.000141411
2.87 0.000101624
2.88 6.236e-05
2.89 2.38835e-05
2.9 -1.35783e-05
2.91 -4.98266e-05
2.92 -8.46948e-05
2.93 -0.000118043
2.94 -0.000149745
2.95 -0.000179687
2.96 -0.000207758
2.97 -0.000233821
2.98 -0.000257709
2.99 -0.000279232
3 -0.000298196
3.01 -0.000314414
3.02 -0.000327728
3.03 -0.000338031
3.04 -0.000345271
3.05 -0.000349463
3.06 -0.000350691
3.07 -0.000349113
3.08 -0.000344955
3.09 -0.000338492
3.1 -0.000330009
3.11 -0.000319777
3.12 -0.000308026
3.13 -0.000294929
3.14 -0.000280617
3.15 -0.000265203
3.16 -0.000248793
3.17 -0.000231479
3.18 -0.000213345
3.19 -0.000194481
3.2 -0.000175004
3.21 -0.000155043
3.22 -0.000134705
3.23 -0.000114056
3.24 -9.31308e-05
3.25 -7.19291e-05
3.26 -5.04372e-05
3.27 -2.86066e-05
3.28 -6.34097e-06
3.29 1.64678e-05
3.3 3.99075e-05
3.31 6.40632e-05
3.32 8.90171e-05
3.33 0.000114799
3.34 0.000141344
3.35 0.000168465
3.36 0.000195843
3.37 0.000223041
3.38 0.000249522
3.39 0.000274665
3.4 0.000297774
3.41 0.000318113
3.42 0.000334942
3.43 0.000347561
3.44 0.000355338
3.45 0.000357721
3.46 0.000354253
3.47 0.000344619
3.48 0.000328695
3.49 0.000306564
3.5 0.000278511
3.51 0.000244999
3.52 0.000206657
3.53 0.000164253
3.54 0.000118652
3.55 7.07562e-05
3.56 2.1435e-05
3.57 -2.84922e-05
3.58 -7.82204e-05
3.59 -0.000126958
3.6 -0.000173973
3.61 -0.00021862
3.62 -0.00026034
3.63 -0.000298662
3.64 -0.000333214
3.65 -0.00036372
3.66 -0.00039001
3.67 -0.000412026
3.68 -0.00042983
3.69 -0.000443571
3.7 -0.000453442
3.71 -0.000459651
3.72 -0.000462448
3.73 -0.000462091
3.74 -0.000458819
3.75 -0.000452862
3.76 -0.00044445
3.77 -0.000433797
3.78 -0.000421103
3.79 -0.000406555
3.8 -0.00039032
3.81 -0.000372518
3.82 -0.000353231
3.83 -0.000332533
3.84 -0.000310482
3.85 -0.000287137
3.86 -0.000262598
3.87 -0.000237056
3.88 -0.000210809
3.89 -0.000184275
3.9 -0.000157984
3.91 -0.000132574
3.92 -0.000108776
3.93 -8.738e-05
3.94 -6.91748e-05
3.95 -5.4916e-05
3.96 -4.52961e-05
3.97 -4.08974e-05
3.98 -4.21288e-05
3.99 -4.91869e-05
4 -6.20557e-05
4.01 -8.05143e-05
4.02 -0.000104151
4.03 -0.000132383
4.04 -0.000164468
4.05 -0.00019951
4.06 -0.000236479
4.07 -0.00027421
4.08 -0.000311399
4.09 -0.000346636
4.1 -0.000378459
4.11 -0.000405429
4.12 -0.000426242
4.13 -0.000439829
4.14 -0.000445401
4.15 -0.00044251
4.16 -0.000431112
4.17 -0.000411576
4.18 -0.000384624
4.19 -0.000351268
4.2 -0.000312771
4.21 -0.000270575
4.22 -0.000226197
4.23 -0.000181122
4.24 -0.000136711
4.25 -9.42059e-05
4.26 -5.47572e-05
4.27 -1.93837e-05
4.28 1.10673e-05
4.29 3.59454e-05
4.3 5.48202e-05
4.31 6.74711e-05
4.32 7.38607e-05
4.33 7.4124e-05
4.34 6.85861e-05
4.35 5.77801e-05
4.36 4.24341e-05
4.37 2.34438e-05
4.38 1.83055e-06
4.39 -2.13081e-05
4.4 -4.48217e-05
4.41 -6.7519e-05
4.42 -8.81978e-05
4.43 -0.000105693
4.44 -0.000118913
4.45 -0.000126886
4.46 -0.00012885
4.47 -0.000124306
4.48 -0.00011302
4.49 -9.49749e-05
4.5 -7.02872e-05
4.51 -3.91802e-05
4.52 -2.02391e-06
4.53 4.06325e-05
4.54 8.80778e-05
4.55 0.000139464
4.56 0.000193829
4.57 0.000250117
4.58 0.00030719
4.59 0.000363859
4.6 0.000418915
4.61 0.00047117
4.62 0.000519531
4.63 0.000563012
4.64 0.00060074
4.65 0.000631985
4.66 0.000656182
4.67 0.000672983
4.68 0.000682278
4.69 0.000684167
4.7 0.000678899
4.71 0.000666802
4.72 0.000648255
4.73 0.000623691
4.74 0.000593581
4.75 0.000558359
4.76 0.000518422
4.77 0.000474161
4.78 0.000425978
4.79 0.000374303
4.8 0.000319593
4.81 0.000262267
4.82 0.000202715
4.83 0.000141359
4.84 7.86321e-05
4.85 1.49269e-05
4.86 -4.93925e-05
4.87 -0.00011392
4.88 -0.000178191
4.89 -0.000241731
4.9 -0.000304062
4.91 -0.000364673
4.92 -0.000423017
4.93 -0.000478531
4.94 -0.000530669
4.95 -0.000578916
4.96 -0.000622777
4.97 -0.000661765
4.98 -0.000695389
4.99 -0.000723167
5 -0.000744636
5.01 -0.000759404
5.02 -0.000767214
5.03 -0.000767992
5.04 -0.000761864
5.05 -0.000749145
5.06 -0.00073035
5.07 -0.000706205
5.08 -0.00067759
5.09 -0.000645476
5.1 -0.000610918
5.11 -0.000575035
5.12 -0.000538923
5.13 -0.000503604
5.14 -0.000470001
5.15 -0.000438879
5.16 -0.00041078
5.17 -0.000385982
5.18 -0.000364531
5.19 -0.000346292
5.2 -0.00033096
5.21 -0.000318063
5.22 -0.000307024
5.23 -0.000297242
5.24 -0.000288133
5.25 -0.000279126
5.26 -0.00026961
5.27 -0.000258919
5.28 -0.000246358
5.29 -0.000231259
5.3 -0.000213023
5.31 -0.000191122
5.32 -0.00016515
5.33 -0.000134908
5.34 -0.000100456
5.35 -6.2098e-05
5.36 -2.04034e-05
5.37 2.37492e-05
5.38 6.92131e-05
5.39 0.000114697
5.4 0.000158869
5.41 0.000200407
5.42 0.000238055
5.43 0.000270699
5.44 0.000297433
5.45 0.000317591
5.46 0.000330742
5.47 0.000336652
5.48 0.000335227
5.49 0.000326503
5.5 0.000310674
5.51 0.00028811
5.52 0.000259309
5.53 0.00022484
5.54 0.00018534
5.55 0.000141538
5.56 9.42354e-05
5.57 4.42261e-05
5.58 -7.76597e-06
5.59 -6.10743e-05
5.6 -0.000115047
5.61 -0.000169011
5.62 -0.000222267
5.63 -0.000274109
5.64 -0.000323819
5.65 -0.000370692
5.66 -0.000414077
5.67 -0.000453333
5.68 -0.000487824
5.69 -0.000516899
5.7 -0.000539896
5.71 -0.000556145
5.72 -0.000564963
5.73 -0.000565706
5.74 -0.000557809
5.75 -0.000540781
5.76 -0.000514239
5.77 -0.000477974
5.78 -0.000431986
5.79 -0.000376527
5.8 -0.000312126
5.81 -0.000239603
5.82 -0.000160074
5.83 -7.49652e-05
5.84 1.40342e-05
5.85 0.00010505
5.86 0.000196091
5.87 0.000285103
5.88 0.000370025
5.89 0.000448852
5.9 0.000519692
5.91 0.000580849
5.92 0.000630876
5.93 0.000668585
5.94 0.000693075
5.95 0.000703769
5.96 0.000700481
5.97 0.000683481
5.98 0.00065347
5.99 0.000611519
6 0.000559032
6.01 0.000497672
6.02 0.000429257
6.03 0.00035569
6.04 0.000278946
6.05 0.000201016
6.06 0.000123839
6.07 4.91961e-05
6.08 -2.1361e-05
6.09 -8.65173e-05
6.1 -0.000145162
6.11 -0.000196384
6.12 -0.000239498
6.13 -0.000274044
6.14 -0.000299731
6.15 -0.000316365
6.16 -0.000323805
6.17 -0.000321901
6.18 -0.000310405
6.19 -0.000288978
6.2 -0.000257272
6.21 -0.000214999
6.22 -0.00016191
6.23 -9.78097e-05
6.24 -2.26255e-05
6.25 6.35569e-05
6.26 0.000160524
6.27 0.000267935
6.28 0.000385329
6.29 0.00051217
6.3 0.000647864
6.31 0.000791768
6.32 0.000943224
6.33 0.00110156
6.34 0.00126606
6.35 0.001436
6.36 0.00161052
6.37 0.00178858
6.38 0.00196876
6.39 0.00214937
6.4 0.00232848
6.41 0.00250403
6.42 0.00267394
6.43 0.00283626
6.44 0.00298921
6.45 0.00313133
6.46 0.00326157
6.47 0.00337965
6.48 0.00348626
6.49 0.00358222
6.5 0.00366801
6.51 0.00374377
6.52 0.00380921
6.53 0.00386361
6.54 0.00390591
6.55 0.00393454
6.56 0.00394755
6.57 0.00394268
6.58 0.0039176
6.59 0.00387015
6.6 0.00379861
6.61 0.00370178
6.62 0.0035791
6.63 0.00343063
6.64 0.00325708
6.65 0.00305958
6.66 0.00283962
6.67 0.00259887
6.68 0.00233919
6.69 0.00206259
6.7 0.00177124
6.71 0.00146746
6.72 0.00115367
6.73 0.00083245
6.74 0.000506445
6.75 0.000178456
6.76 -0.000148564
6.77 -0.00047155
6.78 -0.000787361
6.79 -0.0010928
6.8 -0.00138468
6.81 -0.00165991
6.82 -0.00191565
6.83 -0.00214934
6.84 -0.0023588
6.85 -0.00254224
6.86 -0.00269894
6.87 -0.00282958
6.88 -0.00293523
6.89 -0.00301683
6.9 -0.00307521
6.91 -0.00311105
6.92 -0.00312476
6.93 -0.00311647
6.94 -0.00308609
6.95 -0.00303348
6.96 -0.00295856
6.97 -0.00286137
6.98 -0.00274232
6.99 -0.00260231
7 -0.00244274
7.01 -0.00226559
7.02 -0.0020733
7.03 -0.00186868
7.04 -0.0016546
7.05 -0.00143394
7.06 -0.00120931
7.07 -0.000982964
7.08 -0.000756794
7.09 -0.000532302
7.1 -0.000310678
7.11 -9.28838e-05
7.12 0.000120232
7.13 0.000327715
7.14 0.000528325
7.15 0.000720473
7.16 0.00090226
7.17 0.00107156
7.18 0.00122614
7.19 0.00136378
7.2 0.00148241
7.21 0.00158024
7.22 0.00165591
7.23 0.00170861
7.24 0.00173809
7.25 0.00174468
7.26 0.0017292
7.27 0.00169284
7.28 0.00163699
7.29 0.00156306
7.3 0.00147244
7.31 0.00136638
7.32 0.00124596
7.33 0.00111212
7.34 0.000965823
7.35 0.000808138
7.36 0.000640365
7.37 0.000464154
7.38 0.000281564
7.39 9.50607e-05
7.4 -9.25526e-05
7.41 -0.00027825
7.42 -0.000458925
7.43 -0.000631597
7.44 -0.000793615
7.45 -0.000942767
7.46 -0.00107733
7.47 -0.00119613
7.48 -0.00129853
7.49 -0.00138447
7.5 -0.00145442
7.51 -0.00150931
7.52 -0.00155048
7.53 -0.00157948
7.54 -0.00159794
7.55 -0.00160751
7.56 -0.00160984
7.57 -0.00160665
7.58 -0.0015997
7.59 -0.00159078
7.6 -0.00158169
7.61 -0.00157418
7.62 -0.00156974
7.63 -0.00156945
7.64 -0.00157384
7.65 -0.00158297
7.66 -0.00159637
7.67 -0.00161294
7.68 -0.00163095
7.69 -0.00164813
7.7 -0.00166169
7.71 -0.00166856
7.72 -0.00166572
7.73 -0.00165052
7.74 -0.00162091
7.75 -0.00157546
7.76 -0.00151346
7.77 -0.00143473
7.78 -0.0013396
7.79 -0.00122886
7.8 -0.00110375
7.81 -0.000965946
7.82 -0.000817428
7.83 -0.000660495
7.84 -0.000497728
7.85 -0.000331902
7.86 -0.000165885
7.87 -2.58343e-06
7.88 0.00015515
7.89 0.000304659
7.9 0.00044357
7.91 0.000569843
7.92 0.000681827
7.93 0.000778319
7.94 0.000858569
7.95 0.000922254
7.96 0.000969446
7.97 0.00100058
7.98 0.00101645
7.99 0.00101811
8 0.00100682
8.01 0.000983849
8.02 0.000950496
8.03 0.000908006
8.04 0.000857503
8.05 0.000799914
8.06 0.000735938
8.07 0.000666078
8.08 0.000590728
8.09 0.000510271
8.1 0.000425188
8.11 0.000336198
8.12 0.0002444
8.13 0.000151286
8.14 5.86792e-05
8.15 -3.13241e-05
8.16 -0.000116399
8.17 -0.000194087
8.18 -0.000261921
8.19 -0.000317545
8.2 -0.000358793
8.21 -0.00038378
8.22 -0.000391009
8.23 -0.000379366
8.24 -0.000348089
8.25 -0.000296802
8.26 -0.000225576
8.27 -0.000134928
8.28 -2.58056e-05
8.29 0.000100374
8.3 0.000241684
8.31 0.000395623
8.32 0.000559039
8.33 0.000728155
8.34 0.000898675
8.35 0.00106595
8.36 0.00122519
8.37 0.00137173
8.38 0.00150135
8.39 0.00161041
8.4 0.00169612
8.41 0.00175653
8.42 0.00179053
8.43 0.00179772
8.44 0.00177841
8.45 0.0017336
8.46 0.00166497
8.47 0.00157482
8.48 0.00146598
8.49 0.00134165
8.5 0.00120529
8.51 0.00106047
8.52 0.00091069
8.53 0.000759213
8.54 0.000608868
8.55 0.000461993
8.56 0.000320472
8.57 0.000185831
8.58 5.93088e-05
8.59 -5.80899e-05
8.6 -0.00016553
8.61 -0.000262273
8.62 -0.000347584
8.63 -0.000420629
8.64 -0.000480435
8.65 -0.000525884
8.66 -0.000555714
8.67 -0.000568595
8.68 -0.000563225
8.69 -0.000538443
8.7 -0.000493325
8.71 -0.000427194
8.72 -0.00033968
8.73 -0.000230859
8.74 -0.000101257
8.75 4.81664e-05
8.76 0.000215962
8.77 0.000400132
8.78 0.000598158
8.79 0.000807097
8.8 0.00102362
8.81 0.00124404
8.82 0.00146446
8.83 0.0016809
8.84 0.00188953
8.85 0.00208678
8.86 0.00226943
8.87 0.00243457
8.88 0.00257965
8.89 0.00270262
8.9 0.00280191
8.91 0.00287652
8.92 0.00292594
8.93 0.00295009
8.94 0.0029492
8.95 0.00292376
8.96 0.00287443
8.97 0.00280205
8.98 0.00270762
8.99 0.00259223
9 0.00245697
9.01 0.00230286
9.02 0.00213085
9.03 0.00194177
9.04 0.0017364
9.05 0.0015156
9.06 0.00128042
9.07 0.00103219
9.08 0.000772537
9.09 0.000503368
9.1 0.00022678
9.11 -5.50272e-05
9.12 -0.000339806
9.13 -0.000625271
9.14 -0.000909133
9.15 -0.00118911
9.16 -0.00146287
9.17 -0.00172789
9.18 -0.00198146
9.19 -0.00222054
9.2 -0.00244186
9.21 -0.00264186
9.22 -0.00281669
9.23 -0.00296233
9.24 -0.00307481
9.25 -0.00315048
9.26 -0.00318643
9.27 -0.0031807
9.28 -0.00313207
9.29 -0.0030402
9.3 -0.00290568
9.31 -0.00272982
9.32 -0.00251448
9.33 -0.00226205
9.34 -0.00197537
9.35 -0.00165767
9.36 -0.00131254
9.37 -0.00094388
9.38 -0.000555829
9.39 -0.000152742
9.4 0.00026079
9.41 0.000679905
9.42 0.00109946
9.43 0.00151401
9.44 0.00191782
9.45 0.00230485
9.46 0.00266898
9.47 0.00300419
9.48 0.00330482
9.49 0.00356663
9.5 0.00378765
9.51 0.00396691
9.52 0.00410364
9.53 0.0041975
9.54 0.00424838
9.55 0.00425631
9.56 0.00422134
9.57 0.00414369
9.58 0.00402405
9.59 0.00386326
9.6 0.00366233
9.61 0.00342255
9.62 0.00314568
9.63 0.00283394
9.64 0.00249024
9.65 0.00211809
9.66 0.00172167
9.67 0.0013057
9.68 0.000875382
9.69 0.000436338
9.7 -5.61105e-06
9.71 -0.000444621
9.72 -0.000874995
9.73 -0.0012913
9.74 -0.00168847
9.75 -0.00206201
9.76 -0.00240798
9.77 -0.00272456
9.78 -0.00301274
9.79 -0.00327402
9.8 -0.0035094
9.81 -0.00372012
9.82 -0.00390756
9.83 -0.00407324
9.84 -0.00421879
9.85 -0.00434595
9.86 -0.00445645
9.87 -0.00455191
9.88 -0.0046338
9.89 -0.00470339
9.9 -0.00476182
9.91 -0.00480991
9.92 -0.00484816
9.93 -0.00487677
9.94 -0.00489566
9.95 -0.00490443
9.96 -0.00490253
9.97 -0.00488939
9.98 -0.00486467
9.99 -0.00482835
10 -0.00478074
10.01 -0.00472246
10.02 -0.00465449
10.03 -0.00457816
10.04 -0.004495
10.05 -0.00440659
10.06 -0.00431442
10.07 -0.00421978
10.08 -0.0041238
10.09 -0.00402742
10.1 -0.0039314
10.11 -0.00383638
10.12 -0.00374291
10.13 -0.00365166
10.14 -0.00356342
10.15 -0.00347907
10.16 -0.00339956
10.17 -0.00332587
10.18 -0.00325884
10.19 -0.00319912
10.2 -0.0031471
10.21 -0.00310291
10.22 -0.00306651
10.23 -0.00303768
10.24 -0.00301609
10.25 -0.00300129
10.26 -0.00299283
10.27 -0.00299029
10.28 -0.00299325
10.29 -0.0030013
10.3 -0.003014
10.31 -0.00303089
10.32 -0.00305137
10.33 -0.00307473
10.34 -0.00310017
10.35 -0.00312691
10.36 -0.00315416
10.37 -0.00318112
10.38 -0.00320702
10.39 -0.00323107
10.4 -0.0032525
10.41 -0.00327045
10.42 -0.00328399
10.43 -0.00329203
10.44 -0.00329334
10.45 -0.00328656
10.46 -0.00327024
10.47 -0.00324301
10.48 -0.00320367
10.49 -0.00315132
10.5 -0.00308549
10.51 -0.00300621
10.52 -0.00291395
10.53 -0.00280962
10.54 -0.00269448
10.55 -0.00257003
10.56 -0.00243793
10.57 -0.00229993
10.58 -0.00215793
10.59 -0.0020138
10.6 -0.00186946
10.61 -0.00172681
10.62 -0.00158776
10.63 -0.00145427
10.64 -0.00132828
10.65 -0.00121177
10.66 -0.00110669
10.67 -0.00101492
10.68 -0.000938171
10.69 -0.000877907
10.7 -0.000835231
10.71 -0.000810839
10.72 -0.000805071
10.73 -0.000817936
10.74 -0.000849111
10.75 -0.000898
10.76 -0.000963769
10.77 -0.00104532
10.78 -0.0011413
10.79 -0.0012501
10.8 -0.00136991
10.81 -0.00149882
10.82 -0.00163475
10.83 -0.0017755
10.84 -0.00191882
10.85 -0.00206245
10.86 -0.0022042
10.87 -0.00234205
10.88 -0.00247414
10.89 -0.00259876
10.9 -0.00271436
10.91 -0.00281953
10.92 -0.00291296
10.93 -0.00299329
10.94 -0.00305916
10.95 -0.00310908
10.96 -0.00314156
10.97 -0.00315511
10.98 -0.00314835
10.99 -0.00312007
11 -0.00306938
11.01 -0.00299576
11.02 -0.00289908
11.03 -0.0027796
11.04 -0.00263806
11.05 -0.00247561
11.06 -0.00229373
11.07 -0.00209417
11.08 -0.00187896
11.09 -0.00165036
11.1 -0.00141081
11.11 -0.0011628
11.12 -0.000908851
11.13 -0.000651396
11.14 -0.000392872
11.15 -0.000135711
11.16 0.000117743
11.17 0.000365351
11.18 0.000605253
11.19 0.000835913
11.2 0.00105612
11.21 0.00126498
11.22 0.00146189
11.23 0.00164647
11.24 0.00181919
11.25 0.0019816
11.26 0.00213489
11.27 0.00227944
11.28 0.00241522
11.29 0.00254196
11.3 0.00265919
11.31 0.00276644
11.32 0.00286317
11.33 0.00294898
11.34 0.00302361
11.35 0.00308716
11.36 0.00314009
11.37 0.00318315
11.38 0.00321724
11.39 0.00324324
11.4 0.00326201
11.41 0.00327431
11.42 0.00328068
11.43 0.00328134
11.44 0.00327631
11.45 0.0032654
11.46 0.00324844
11.47 0.00322531
11.48 0.00319612
11.49 0.00316128
11.5 0.00312161
11.51 0.00307838
11.52 0.00303316
11.53 0.00298778
11.54 0.00294415
11.55 0.00290417
11.56 0.00286955
11.57 0.00284168
11.58 0.00282154
11.59 0.00280979
11.6 0.00280689
11.61 0.00281318
11.62 0.00282893
11.63 0.00285429
11.64 0.00288935
11.65 0.00293407
11.66 0.00298829
11.67 0.00305173
11.68 0.00312402
11.69 0.00320455
11.7 0.0032925
11.71 0.00338701
11.72 0.00348746
11.73 0.00359313
11.74 0.00370299
11.75 0.00381567
11.76 0.00392941
11.77 0.00404202
11.78 0.00415078
11.79 0.00425257
11.8 0.0043441
11.81 0.00442211
11.82 0.00448363
11.83 0.00452603
11.84 0.00454703
11.85 0.00454471
11.86 0.0045175
11.87 0.0044642
11.88 0.00438395
11.89 0.0042763
11.9 0.00414115
11.91 0.00397881
11.92 0.00379
11.93 0.00357579
11.94 0.00333761
11.95 0.0030772
11.96 0.00279657
11.97 0.00249798
11.98 0.002184
11.99 0.00185757
12 0.00152191
12.01 0.00118053
12.02 0.000837146
12.03 0.000495758
12.04 0.000160593
12.05 -0.000163998
12.06 -0.000473673
12.07 -0.00076423
12.08 -0.00103178
12.09 -0.00127294
12.1 -0.00148492
12.11 -0.00166554
12.12 -0.00181325
12.13 -0.00192718
12.14 -0.0020076
12.15 -0.00205594
12.16 -0.00207408
12.17 -0.00206389
12.18 -0.00202738
12.19 -0.00196687
12.2 -0.00188496
12.21 -0.00178437
12.22 -0.00166788
12.23 -0.00153826
12.24 -0.00139839
12.25 -0.00125116
12.26 -0.00109933
12.27 -0.000945514
12.28 -0.000792172
12.29 -0.00064158
12.3 -0.000495812
12.31 -0.000356721
12.32 -0.00022584
12.33 -0.000104315
12.34 7.08283e-06
12.35 0.000107894
12.36 0.000197961
12.37 0.000277488
12.38 0.000347047
12.39 0.000407493
12.4 0.00045991
12.41 0.000505568
12.42 0.000545742
12.43 0.000581609
12.44 0.000614316
12.45 0.000645012
12.46 0.0006748
12.47 0.000704805
12.48 0.00073638
12.49 0.000771247
12.5 0.000811542
12.51 0.000859795
12.52 0.000918851
12.53 0.000991732
12.54 0.00108141
12.55 0.00119055
12.56 0.00132139
12.57 0.00147559
12.58 0.00165429
12.59 0.00185819
12.6 0.00208764
12.61 0.00234266
12.62 0.00262282
12.63 0.00292718
12.64 0.00325419
12.65 0.00360183
12.66 0.00396764
12.67 0.00434864
12.68 0.00474233
12.69 0.00514782
12.7 0.00556477
12.71 0.00599249
12.72 0.00643006
12.73 0.00687641
12.74 0.00733034
12.75 0.00779066
12.76 0.0082562
12.77 0.00872592
12.78 0.00919883
12.79 0.00967405
12.8 0.0101507
12.81 0.010628
12.82 0.011105
12.83 0.0115805
12.84 0.0120536
12.85 0.012523
12.86 0.0129879
12.87 0.0134472
12.88 0.0139003
12.89 0.0143469
12.9 0.0147867
12.91 0.0152199
12.92 0.0156465
12.93 0.0160666
12.94 0.0164803
12.95 0.0168874
12.96 0.0172877
12.97 0.0176808
12.98 0.0180664
12.99 0.0184439
13 0.018813
13.01 0.0191731
13.02 0.0195241
13.03 0.019866
13.04 0.0201988
13.05 0.0205228
13.06 0.0208381
13.07 0.0211447
13.08 0.0214423
13.09 0.0217306
13.1 0.0220089
13.11 0.0222761
13.12 0.022531
13.13 0.0227725
13.14 0.0229994
13.15 0.0232106
13.16 0.0234054
13.17 0.0235832
13.18 0.0237437
13.19 0.0238868
13.2 0.0240124
13.21 0.0241207
13.22 0.0242116
13.23 0.0242852
13.24 0.0243415
13.25 0.0243805
13.26 0.0244018
13.27 0.0244053
13.28 0.0243907
13.29 0.0243576
13.3 0.0243058
13.31 0.0242353
13.32 0.0241458
13.33 0.0240371
13.34 0.0239093
13.35 0.0237624
13.36 0.0235967
13.37 0.0234127
13.38 0.0232116
13.39 0.0229944
13.4 0.0227629
13.41 0.022519
13.42 0.022265
13.43 0.0220035
13.44 0.0217374
13.45 0.0214698
13.46 0.0212042
13.47 0.0209441
13.48 0.0206931
13.49 0.0204549
13.5 0.020233
13.51 0.0200309
13.52 0.0198517
13.53 0.0196986
13.54 0.0195743
13.55 0.0194815
13.56 0.0194224
13.57 0.0193991
13.58 0.0194129
13.59 0.0194647
13.6 0.0195545
13.61 0.0196821
13.62 0.0198465
13.63 0.0200465
13.64 0.0202803
13.65 0.0205459
13.66 0.0208408
13.67 0.0211623
13.68 0.0215076
13.69 0.0218732
13.7 0.0222554
13.71 0.0226501
13.72 0.0230531
13.73 0.0234598
13.74 0.0238656
13.75 0.0242654
13.76 0.024654
13.77 0.0250279
13.78 0.0253858
13.79 0.0257265
13.8 0.0260476
13.81 0.0263464
13.82 0.0266196
13.83 0.0268639
13.84 0.0270763
13.85 0.0272543
13.86 0.0273965
13.87 0.0275017
13.88 0.0275692
13.89 0.0275981
13.9 0.0275876
13.91 0.0275371
13.92 0.0274462
13.93 0.0273153
13.94 0.027145
13.95 0.0269362
13.96 0.0266904
13.97 0.0264093
13.98 0.0260954
13.99 0.025751
14 0.0253791
14.01 0.0249827
14.02 0.0245649
14.03 0.0241292
14.04 0.0236793
14.05 0.0232191
14.06 0.0227524
14.07 0.022283
14.08 0.0218146
14.09 0.0213505
14.1 0.020894
14.11 0.0204456
14.12 0.0200025
14.13 0.0195612
14.14 0.0191184
14.15 0.0186708
14.16 0.0182146
14.17 0.017746
14.18 0.0172611
14.19 0.0167564
14.2 0.0162282
14.21 0.015673
14.22 0.0150872
14.23 0.0144673
14.24 0.0138098
14.25 0.013111
14.26 0.0123672
14.27 0.0115746
14.28 0.0107298
14.29 0.00982928
14.3 0.00886993
14.31 0.00784899
14.32 0.00676413
14.33 0.00561343
14.34 0.00439532
14.35 0.00310839
14.36 0.00175121
14.37 0.000322176
14.38 -0.00118053
14.39 -0.0027589
14.4 -0.00441498
14.41 -0.00615082
14.42 -0.00796847
14.43 -0.00986979
14.44 -0.0118564
14.45 -0.0139295
14.46 -0.0160896
14.47 -0.0183368
14.48 -0.0206709
14.49 -0.0230915
14.5 -0.0255978
14.51 -0.0281894
14.52 -0.0308656
14.53 -0.0336261
14.54 -0.0364706
14.55 -0.0393988
14.56 -0.0424107
14.57 -0.045506
14.58 -0.0486847
14.59 -0.0519468
14.6 -0.0552918
14.61 -0.0587192
14.62 -0.0622281
14.63 -0.0658168
14.64 -0.069483
14.65 -0.0732235
14.66 -0.0770342
14.67 -0.0809105
14.68 -0.0848473
14.69 -0.0888398
14.7 -0.0928836
14.71 -0.0969744
14.72 -0.101108
14.73 -0.105279
14.74 -0.109482
14.75 -0.11371
14.76 -0.117955
14.77 -0.122211
14.78 -0.126469
14.79 -0.130724
14.8 -0.134967
14.81 -0.139192
14.82 -0.143392
14.83 -0.14756
14.84 -0.151689
14.85 -0.155773
14.86 -0.159805
14.87 -0.163779
14.88 -0.167689
14.89 -0.171528
14.9 -0.175289
14.91 -0.178968
14.92 -0.182555
14.93 -0.186047
14.94 -0.189435
14.95 -0.192713
14.96 -0.195875
14.97 -0.198915
14.98 -0.201828
14.99 -0.204609
15 -0.207256
15.01 -0.209766
15.02 -0.21214
15.03 -0.21438
15.04 -0.216487
15.05 -0.218465
15.06 -0.220318
15.07 -0.22205
15.08 -0.223667
15.09 -0.225174
15.1 -0.226576
15.11 -0.227878
15.12 -0.229085
15.13 -0.230203
15.14 -0.231238
15.15 -0.232193
15.16 -0.233075
15.17 -0.233887
15.18 -0.234634
15.19 -0.235318
15.2 -0.235944
15.21 -0.236513
15.22 -0.237028
15.23 -0.237494
15.24 -0.237913
15.25 -0.238289
15.26 -0.238626
15.27 -0.238928
15.28 -0.239201
15.29 -0.239449
15.3 -0.239677
15.31 -0.239888
15.32 -0.240087
15.33 -0.240275
15.34 -0.240455
15.35 -0.24063
15.36 -0.240801
15.37 -0.240972
15.38 -0.241145
15.39 -0.241322
15.4 -0.241506
15.41 -0.241699
15.42 -0.241902
15.43 -0.242117
15.44 -0.242344
15.45 -0.242584
15.46 -0.242835
15.47 -0.243097
15.48 -0.243369
15.49 -0.243648
15.5 -0.24393
15.51 -0.244212
15.52 -0.244489
15.53 -0.244755
15.54 -0.245005
15.55 -0.245234
15.56 -0.245436
15.57 -0.245606
15.58 -0.245741
15.59 -0.245833
15.6 -0.245879
15.61 -0.245873
15.62 -0.24581
15.63 -0.245687
15.64 -0.2455
15.65 -0.245246
15.66 -0.244923
15.67 -0.244529
15.68 -0.244064
15.69 -0.243528
15.7 -0.242922
15.71 -0.242248
15.72 -0.24151
15.73 -0.240708
15.74 -0.239849
15.75 -0.238935
15.76 -0.237968
15.77 -0.236942
15.78 -0.23585
15.79 -0.234688
15.8 -0.233452
15.81 -0.232135
15.82 -0.230736
15.83 -0.229249
15.84 -0.227671
15.85 -0.226001
15.86 -0.224234
15.87 -0.222369
15.88 -0.220404
15.89 -0.218337
15.9 -0.216166
15.91 -0.21389
15.92 -0.211508
15.93 -0.209018
15.94 -0.20642
15.95 -0.203713
15.96 -0.200895
15.97 -0.197967
15.98 -0.194929
15.99 -0.191781
16 -0.188524
16.01 -0.18516
16.02 -0.181692
16.03 -0.178122
16.04 -0.174455
16.05 -0.170697
16.06 -0.166852
16.07 -0.162927
16.08 -0.158927
16.09 -0.15486
16.1 -0.15073
16.11 -0.146544
16.12 -0.142307
16.13 -0.138024
16.14 -0.133702
16.15 -0.129346
16.16 -0.124963
16.17 -0.120557
16.18 -0.116136
16.19 -0.111704
16.2 -0.107268
16.21 -0.102834
16.22 -0.0984059
16.23 -0.0939897
16.24 -0.0895891
16.25 -0.0852074
16.26 -0.0808471
16.27 -0.0765098
16.28 -0.0721967
16.29 -0.0679086
16.3 -0.0636463
16.31 -0.0594101
16.32 -0.0552005
16.33 -0.0510176
16.34 -0.0468615
16.35 -0.0427321
16.36 -0.0386292
16.37 -0.0345527
16.38 -0.0305024
16.39 -0.0264781
16.4 -0.0224792
16.41 -0.0185054
16.42 -0.0145562
16.43 -0.0106313
16.44 -0.00673028
16.45 -0.00285306
16.46 0.00100059
16.47 0.00483087
16.48 0.00863794
16.49 0.0124219
16.5 0.016183
16.51 0.0199212
16.52 0.0236365
16.53 0.0273292
16.54 0.0309992
16.55 0.0346468
16.56 0.038272
16.57 0.0418748
16.58 0.0454548
16.59 0.0490118
16.6 0.0525453
16.61 0.0560546
16.62 0.0595386
16.63 0.0629961
16.64 0.0664253
16.65 0.0698244
16.66 0.0731909
16.67 0.0765222
16.68 0.0798153
16.69 0.0830667
16.7 0.0862729
16.71 0.0894303
16.72 0.0925356
16.73 0.0955859
16.74 0.0985793
16.75 0.101514
16.76 0.104388
16.77 0.107202
16.78 0.109953
16.79 0.112642
16.8 0.115268
16.81 0.117831
16.82 0.120331
16.83 0.122769
16.84 0.125143
16.85 0.127456
16.86 0.129706
16.87 0.131895
16.88 0.134021
16.89 0.136086
16.9 0.138088
16.91 0.140027
16.92 0.141903
16.93 0.143715
16.94 0.145463
16.95 0.147146
16.96 0.148764
16.97 0.150317
16.98 0.151805
16.99 0.153228
17 0.154585
17.01 0.155878
17.02 0.157107
17.03 0.158271
17.04 0.159371
17.05 0.160407
17.06 0.161379
17.07 0.162287
17.08 0.163131
17.09 0.163912
17.1 0.16463
17.11 0.165285
17.12 0.165877
17.13 0.166407
17.14 0.166874
17.15 0.167279
17.16 0.167622
17.17 0.167903
17.18 0.168123
17.19 0.168282
17.2 0.16838
17.21 0.168417
17.22 0.168394
17.23 0.168311
17.24 0.168171
17.25 0.167974
17.26 0.167722
17.27 0.16742
17.28 0.167069
17.29 0.166674
17.3 0.166238
17.31 0.165765
17.32 0.165261
17.33 0.164731
17.34 0.164179
17.35 0.163611
17.36 0.163031
17.37 0.162445
17.38 0.161858
17.39 0.16127
17.4 0.16068
17.41 0.160085
17.42 0.15948
17.43 0.158862
17.44 0.158227
17.45 0.157573
17.46 0.156895
17.47 0.156192
17.48 0.155463
17.49 0.154705
17.5 0.153919
17.51 0.153102
17.52 0.152253
17.53 0.151372
17.54 0.150458
17.55 0.149508
17.56 0.148522
17.57 0.147499
17.58 0.14644
17.59 0.145342
17.6 0.144208
17.61 0.143037
17.62 0.141831
17.63 0.140591
17.64 0.139318
17.65 0.138016
17.66 0.136687
17.67 0.135333
17.68 0.133957
17.69 0.132563
17.7 0.131154
17.71 0.129731
17.72 0.128299
17.73 0.126859
17.74 0.125412
17.75 0.123961
17.76 0.122507
17.77 0.121052
17.78 0.1196
17.79 0.118152
17.8 0.116713
17.81 0.115286
17.82 0.113874
17.83 0.112482
17.84 0.111112
17.85 0.109768
17.86 0.108453
17.87 0.10717
17.88 0.105923
17.89 0.104713
17.9 0.103544
17.91 0.102415
17.92 0.101329
17.93 0.100285
17.94 0.0992849
17.95 0.098328
17.96 0.0974145
17.97 0.0965444
17.98 0.0957174
17.99 0.0949331
18 0.0941911
18.01 0.0934909
18.02 0.092832
18.03 0.092214
18.04 0.0916363
18.05 0.0910987
18.06 0.0906009
18.07 0.0901425
18.08 0.0897234
18.09 0.0893431
18.1 0.0890014
18.11 0.0886977
18.12 0.0884316
18.13 0.0882028
18.14 0.088011
18.15 0.087856
18.16 0.0877379
18.17 0.0876568
18.18 0.0876131
18.19 0.0876072
18.2 0.08764
18.21 0.0877118
18.22 0.0878227
18.23 0.0879721
18.24 0.0881591
18.25 0.0883823
18.26 0.0886397
18.27 0.0889291
18.28 0.0892478
18.29 0.089593
18.3 0.0899616
18.31 0.0903503
18.32 0.090756
18.33 0.091175
18.34 0.0916038
18.35 0.0920387
18.36 0.0924756
18.37 0.0929105
18.38 0.0933393
18.39 0.0937579
18.4 0.0941627
18.41 0.0945515
18.42 0.0949249
18.43 0.0952846
18.44 0.0956321
18.45 0.095969
18.46 0.0962974
18.47 0.0966193
18.48 0.096937
18.49 0.0972528
18.5 0.0975688
18.51 0.0978872
18.52 0.0982098
18.53 0.0985381
18.54 0.0988736
18.55 0.0992173
18.56 0.0995702
18.57 0.0999329
18.58 0.100306
18.59 0.10069
18.6 0.101085
18.61 0.101493
18.62 0.101913
18.63 0.102346
18.64 0.102793
18.65 0.103255
18.66 0.103731
18.67 0.104222
18.68 0.104728
18.69 0.105248
18.7 0.105779
18.71 0.10632
18.72 0.106865
18.73 0.107412
18.74 0.107956
18.75 0.108492
18.76 0.109015
18.77 0.109522
18.78 0.110008
18.79 0.110469
18.8 0.110901
18.81 0.111299
18.82 0.111659
18.83 0.111977
18.84 0.112249
18.85 0.11247
18.86 0.112635
18.87 0.112742
18.88 0.112784
18.89 0.112758
18.9 0.112661
18.91 0.112491
18.92 0.112246
18.93 0.111928
18.94 0.111537
18.95 0.111079
18.96 0.110556
18.97 0.109972
18.98 0.109334
18.99 0.108646
19 0.107914
19.01 0.107144
19.02 0.106341
19.03 0.105509
19.04 0.104646
19.05 0.10375
19.06 0.102818
19.07 0.101847
19.08 0.100837
19.09 0.0997841
19.1 0.0986887
19.11 0.097549
19.12 0.0963639
19.13 0.0951316
19.14 0.0938506
19.15 0.092519
19.16 0.0911353
19.17 0.0896982
19.18 0.0882074
19.19 0.0866631
19.2 0.0850665
19.21 0.0834194
19.22 0.0817243
19.23 0.0799843
19.24 0.0782024
19.25 0.0763818
19.26 0.074525
19.27 0.0726337
19.28 0.0707091
19.29 0.068752
19.3 0.0667634
19.31 0.0647445
19.32 0.0626968
19.33 0.0606222
19.34 0.058523
19.35 0.0564019
19.36 0.0542621
19.37 0.0521071
19.38 0.0499403
19.39 0.0477653
19.4 0.0455853
19.41 0.0434035
19.42 0.0412233
19.43 0.039048
19.44 0.0368808
19.45 0.0347248
19.46 0.0325832
19.47 0.0304591
19.48 0.0283556
19.49 0.0262756
19.5 0.0242218
19.51 0.0221968
19.52 0.020203
19.53 0.0182424
19.54 0.016317
19.55 0.0144283
19.56 0.012577
19.57 0.0107638
19.58 0.00898873
19.59 0.00725201
19.6 0.00555361
19.61 0.00389336
19.62 0.00227099
19.63 0.000686127
19.64 -0.000861593
19.65 -0.00237258
19.66 -0.00384733
19.67 -0.00528639
19.68 -0.0066904
19.69 -0.00806008
19.7 -0.00939634
19.71 -0.0107002
19.72 -0.0119726
19.73 -0.0132147
19.74 -0.0144277
19.75 -0.0156123
19.76 -0.0167691
19.77 -0.0178987
19.78 -0.0190011
19.79 -0.0200765
19.8 -0.021125
19.81 -0.0221468
19.82 -0.023142
19.83 -0.024111
19.84 -0.0250541
19.85 -0.025972
19.86 -0.0268655
19.87 -0.0277354
19.88 -0.0285828
19.89 -0.0294087
19.9 -0.030214
19.91 -0.0309996
19.92 -0.0317659
19.93 -0.0325135
19.94 -0.0332426
19.95 -0.0339536
19.96 -0.0346469
19.97 -0.035323
19.98 -0.0359829
19.99 -0.0366274
20 -0.0372578
20.01 -0.0378753
20.02 -0.0384813
20.03 -0.0390769
20.04 -0.0396629
20.05 -0.0402396
20.06 -0.0408068
20.07 -0.0413637
20.08 -0.0419093
20.09 -0.0424419
20.1 -0.0429595
20.11 -0.0434597
20.12 -0.04394
20.13 -0.044398
20.14 -0.0448315
20.15 -0.0452382
20.16 -0.045616
20.17 -0.0459627
20.18 -0.0462766
20.19 -0.0465562
20.2 -0.0468001
20.21 -0.0470075
20.22 -0.0471775
20.23 -0.0473097
20.24 -0.0474032
20.25 -0.0474575
20.26 -0.0474718
20.27 -0.047446
20.28 -0.0473798
20.29 -0.0472743
20.3 -0.0471308
20.31 -0.0469512
20.32 -0.0467382
20.33 -0.0464945
20.34 -0.0462236
20.35 -0.0459292
20.36 -0.0456149
20.37 -0.0452844
20.38 -0.0449413
20.39 -0.0445889
20.4 -0.0442299
20.41 -0.0438671
20.42 -0.0435026
20.43 -0.0431386
20.44 -0.0427768
20.45 -0.0424191
20.46 -0.0420672
20.47 -0.041723
20.48 -0.041388
20.49 -0.0410636
20.5 -0.0407511
20.51 -0.0404499
20.52 -0.0401568
20.53 -0.0398688
20.54 -0.0395835
20.55 -0.0392984
20.56 -0.0390115
20.57 -0.0387206
20.58 -0.038424
20.59 -0.0381203
20.6 -0.0378089
20.61 -0.0374893
20.62 -0.0371618
20.63 -0.0368266
20.64 -0.0364841
20.65 -0.0361346
20.66 -0.0357787
20.67 -0.0354167
20.68 -0.0350491
20.69 -0.0346759
20.7 -0.0342973
20.71 -0.0339133
20.72 -0.0335239
20.73 -0.0331288
20.74 -0.0327279
20.75 -0.0323212
20.76 -0.0319086
20.77 -0.0314898
20.78 -0.0310646
20.79 -0.0306326
20.8 -0.0301929
20.81 -0.0297443
20.82 -0.0292852
20.83 -0.0288138
20.84 -0.0283277
20.85 -0.027825
20.86 -0.0273038
20.87 -0.0267624
20.88 -0.0261995
20.89 -0.0256143
20.9 -0.0250062
20.91 -0.0243748
20.92 -0.0237199
20.93 -0.0230412
20.94 -0.0223385
20.95 -0.0216117
20.96 -0.0208609
20.97 -0.0200864
20.98 -0.0192888
20.99 -0.0184691
21 -0.0176285
21.01 -0.0167689
21.02 -0.0158922
21.03 -0.0150011
21.04 -0.0140983
21.05 -0.0131865
21.06 -0.0122683
21.07 -0.0113463
21.08 -0.0104231
21.09 -0.00950128
21.1 -0.0085833
21.11 -0.00767147
21.12 -0.00676778
21.13 -0.00587383
21.14 -0.00499092
21.15 -0.0041201
21.16 -0.0032623
21.17 -0.00241839
21.18 -0.00158918
21.19 -0.000775463
21.2 2.19327e-05
21.21 0.000802216
21.22 0.00156461
21.23 0.00230835
21.24 0.00303273
21.25 0.00373714
21.26 0.00442113
21.27 0.00508447
21.28 0.00572716
21.29 0.00634941
21.3 0.00695157
21.31 0.00753412
21.32 0.00809748
21.33 0.00864194
21.34 0.00916764
21.35 0.00967451
21.36 0.0101623
21.37 0.0106305
21.38 0.0110784
21.39 0.011505
21.4 0.0119092
21.41 0.0122894
21.42 0.0126441
21.43 0.0129717
21.44 0.0132706
21.45 0.0135393
21.46 0.0137765
21.47 0.0139809
21.48 0.0141517
21.49 0.0142878
21.5 0.0143882
21.51 0.0144521
21.52 0.0144783
21.53 0.0144661
21.54 0.0144147
21.55 0.0143241
21.56 0.0141944
21.57 0.0140262
21.58 0.0138202
21.59 0.0135774
21.6 0.0132991
21.61 0.0129868
21.62 0.0126425
21.63 0.0122686
21.64 0.0118681
21.65 0.0114445
21.66 0.011002
21.67 0.0105451
21.68 0.0100788
21.69 0.00960801
21.7 0.00913787
21.71 0.0086733
21.72 0.00821918
21.73 0.00778022
21.74 0.00735922
21.75 0.00695594
21.76 0.00656996
21.77 0.00620184
21.78 0.00585236
21.79 0.0055224
21.8 0.00521288
21.81 0.00492456
21.82 0.00465802
21.83 0.0044135
21.84 0.00419095
21.85 0.00399004
21.86 0.00381022
21.87 0.00365071
21.88 0.00351055
21.89 0.00338864
21.9 0.00328383
21.91 0.00319504
21.92 0.00312128
21.93 0.00306176
21.94 0.00301589
21.95 0.00298324
21.96 0.00296339
21.97 0.00295578
21.98 0.0029596
21.99 0.00297367
22 0.00299631
22.01 0.00302538
22.02 0.00305839
22.03 0.00309266
22.04 0.00312564
22.05 0.00315513
22.06 0.00317962
22.07 0.00319836
22.08 0.00321122
22.09 0.00321847
22.1 0.00322064
22.11 0.00321851
22.12 0.00321303
22.13 0.00320525
22.14 0.0031962
22.15 0.00318682
22.16 0.00317787
22.17 0.00316991
22.18 0.00316337
22.19 0.00315857
22.2 0.0031558
22.21 0.00315541
22.22 0.00315792
22.23 0.00316401
22.24 0.00317448
22.25 0.00319017
22.26 0.00321195
22.27 0.0032406
22.28 0.00327676
22.29 0.00332083
22.3 0.00337287
22.31 0.00343251
22.32 0.0034989
22.33 0.00357083
22.34 0.00364682
22.35 0.00372522
22.36 0.00380428
22.37 0.00388227
22.38 0.00395756
22.39 0.00402871
22.4 0.00409446
22.41 0.00415381
22.42 0.00420605
22.43 0.00425069
22.44 0.00428747
22.45 0.00431631
22.46 0.00433745
22.47 0.00435143
22.48 0.00435916
22.49 0.00436181
22.5 0.00436085
22.51 0.00435801
22.52 0.00435533
22.53 0.00435502
22.54 0.00435935
22.55 0.00437057
22.56 0.00439088
22.57 0.00442242
22.58 0.0044673
22.59 0.00452745
22.6 0.00460461
22.61 0.00470036
22.62 0.004816
22.63 0.00495251
22.64 0.00511044
22.65 0.00528992
22.66 0.00549057
22.67 0.00571148
22.68 0.00595117
22.69 0.00620774
22.7 0.00647911
22.71 0.00676318
22.72 0.00705784
22.73 0.00736097
22.74 0.00767043
22.75 0.00798407
22.76 0.00829969
22.77 0.00861499
22.78 0.00892758
22.79 0.00923499
22.8 0.00953482
22.81 0.00982595
22.82 0.0101093
22.83 0.0103862
22.84 0.0106574
22.85 0.0109236
22.86 0.0111855
22.87 0.0114436
22.88 0.0116984
22.89 0.0119503
22.9 0.0121993
22.91 0.0124455
22.92 0.0126886
22.93 0.0129282
22.94 0.0131638
22.95 0.0133944
22.96 0.0136192
22.97 0.013837
22.98 0.0140468
22.99 0.0142476
23 0.014439
23.01 0.0146209
23.02 0.0147937
23.03 0.0149579
23.04 0.0151142
23.05 0.0152636
23.06 0.0154071
23.07 0.0155455
23.08 0.0156794
23.09 0.0158089
23.1 0.0159341
23.11 0.0160547
23.12 0.0161706
23.13 0.0162816
23.14 0.0163874
23.15 0.0164881
23.16 0.0165835
23.17 0.0166735
23.18 0.016758
23.19 0.0168373
23.2 0.0169113
23.21 0.0169804
23.22 0.0170447
23.23 0.0171043
23.24 0.0171594
23.25 0.0172101
23.26 0.0172566
23.27 0.0172988
23.28 0.017337
23.29 0.0173716
23.3 0.0174027
23.31 0.0174311
23.32 0.0174571
23.33 0.0174813
23.34 0.0175041
23.35 0.017526
23.36 0.017547
23.37 0.0175675
23.38 0.0175872
23.39 0.017606
23.4 0.0176235
23.41 0.0176388
23.42 0.017651
23.43 0.0176591
23.44 0.0176616
23.45 0.0176571
23.46 0.0176441
23.47 0.0176213
23.48 0.0175877
23.49 0.0175428
23.5 0.0174864
23.51 0.0174184
23.52 0.0173394
23.53 0.0172495
23.54 0.0171496
23.55 0.0170403
23.56 0.0169226
23.57 0.0167976
23.58 0.0166664
23.59 0.0165305
23.6 0.0163914
23.61 0.0162506
23.62 0.0161097
23.63 0.0159705
23.64 0.0158346
23.65 0.015704
23.66 0.0155803
23.67 0.0154652
23.68 0.0153601
23.69 0.0152662
23.7 0.0151843
23.71 0.015115
23.72 0.0150585
23.73 0.0150149
23.74 0.0149837
23.75 0.0149641
23.76 0.014955
23.77 0.0149548
23.78 0.0149614
23.79 0.0149724
23.8 0.0149849
23.81 0.0149962
23.82 0.0150034
23.83 0.015004
23.84 0.0149954
23.85 0.0149753
23.86 0.0149416
23.87 0.0148924
23.88 0.0148261
23.89 0.014741
23.9 0.0146359
23.91 0.0145095
23.92 0.0143604
23.93 0.0141878
23.94 0.0139908
23.95 0.013769
23.96 0.0135226
23.97 0.0132522
23.98 0.0129589
23.99 0.0126448
24 0.0123127
24.01 0.0119657
24.02 0.0116077
24.03 0.011243
24.04 0.0108764
24.05 0.0105111
24.06 0.0101483
24.07 0.00978951
24.08 0.00943753
24.09 0.00909527
24.1 0.00876552
24.11 0.00845088
24.12 0.00815365
24.13 0.00787566
24.14 0.00761824
24.15 0.00738211
24.16 0.00716747
24.17 0.00697411
24.18 0.00680167
24.19 0.00664969
24.2 0.00651768
24.21 0.006405
24.22 0.00631095
24.23 0.00623469
24.24 0.00617529
24.25 0.00613179
24.26 0.00610312
24.27 0.00608808
24.28 0.00608531
24.29 0.00609327
24.3 0.00611009
24.31 0.00613359
24.32 0.0061615
24.33 0.00619175
24.34 0.00622269
24.35 0.00625321
24.36 0.00628278
24.37 0.0063112
24.38 0.00633855
24.39 0.00636515
24.4 0.00639143
24.41 0.00641789
24.42 0.00644491
24.43 0.00647276
24.44 0.00650149
24.45 0.00653106
24.46 0.00656135
24.47 0.0065923
24.48 0.00662391
24.49 0.00665626
24.5 0.00668947
24.51 0.00672367
24.52 0.00675898
24.53 0.00679548
24.54 0.00683308
24.55 0.00687161
24.56 0.0069108
24.57 0.00695021
24.58 0.0069892
24.59 0.00702698
24.6 0.00706275
24.61 0.00709577
24.62 0.00712533
24.63 0.00715075
24.64 0.00717141
24.65 0.00718693
24.66 0.00719724
24.67 0.00720255
24.68 0.00720331
24.69 0.00720025
24.7 0.00719434
24.71 0.00718674
24.72 0.00717867
24.73 0.00717139
24.74 0.00716613
24.75 0.00716417
24.76 0.00716685
24.77 0.00717548
24.78 0.00719122
24.79 0.00721495
24.8 0.00724733
24.81 0.00728879
24.82 0.00733945
24.83 0.00739913
24.84 0.00746739
24.85 0.00754356
24.86 0.00762679
24.87 0.00771609
24.88 0.00781027
24.89 0.00790792
24.9 0.00800738
24.91 0.00810674
24.92 0.00820394
24.93 0.00829685
24.94 0.00838327
24.95 0.00846107
24.96 0.0085282
24.97 0.00858274
24.98 0.00862288
24.99 0.00864713
25 0.00865429
