0.01 3.16326e-09
0.02 1.52059e-08
0.03 3.74267e-08
0.04 6.7312e-08
0.05 1.02356e-07
0.06 1.40096e-07
0.07 1.78153e-07
0.08 2.14237e-07
0.09 2.46145e-07
0.1 2.71783e-07
0.11 2.89191e-07
0.12 2.9656e-07
0.13 2.92209e-07
0.14 2.74535e-07
0.15 2.42008e-07
0.16 1.93245e-07
0.17 1.27059e-07
0.18 4.24794e-08
0.19 -6.12306e-08
0.2 -1.84562e-07
0.21 -3.2775e-07
0.22 -4.9077e-07
0.23 -6.73344e-07
0.24 -8.7497e-07
0.25 -1.09495e-06
0.26 -1.33248e-06
0.27 -1.58667e-06
0.28 -1.85643e-06
0.29 -2.14022e-06
0.3 -2.43599e-06
0.31 -2.7411e-06
0.32 -3.05234e-06
0.33 -3.36576e-06
0.34 -3.67658e-06
0.35 -3.97951e-06
0.36 -4.26903e-06
0.37 -4.53954e-06
0.38 -4.78598e-06
0.39 -5.00465e-06
0.4 -5.1938e-06
0.41 -5.35396e-06
0.42 -5.48748e-06
0.43 -5.5979e-06
0.44 -5.68997e-06
0.45 -5.76952e-06
0.46 -5.84289e-06
0.47 -5.91648e-06
0.48 -5.99611e-06
0.49 -6.0868e-06
0.5 -6.19255e-06
0.51 -6.31662e-06
0.52 -6.46175e-06
0.53 -6.62973e-06
0.54 -6.82161e-06
0.55 -7.03815e-06
0.56 -7.27933e-06
0.57 -7.54451e-06
0.58 -7.83292e-06
0.59 -8.14357e-06
0.6 -8.47524e-06
0.61 -8.82638e-06
0.62 -9.19523e-06
0.63 -9.57975e-06
0.64 -9.97783e-06
0.65 -1.03873e-05
0.66 -1.08062e-05
0.67 -1.12326e-05
0.68 -1.16651e-05
0.69 -1.21023e-05
0.7 -1.25431e-05
0.71 -1.29859e-05
0.72 -1.34286e-05
0.73 -1.38676e-05
0.74 -1.42974e-05
0.75 -1.471e-05
0.76 -1.50945e-05
0.77 -1.5438e-05
0.78 -1.57262e-05
0.79 -1.59462e-05
0.8 -1.60882e-05
0.81 -1.61456e-05
0.82 -1.61151e-05
0.83 -1.59958e-05
0.84 -1.57893e-05
0.85 -1.55013e-05
0.86 -1.51409e-05
0.87 -1.47162e-05
0.88 -1.42312e-05
0.89 -1.36847e-05
0.9 -1.30724e-05
0.91 -1.23891e-05
0.92 -1.16297e-05
0.93 -1.07914e-05
0.94 -9.876e-06
0.95 -8.89174e-06
0.96 -7.85336e-06
0.97 -6.78131e-06
0.98 -5.69681e-06
0.99 -4.61642e-06
1 -3.55015e-06
1.01 -2.50208e-06
1.02 -1.47021e-06
1.03 -4.47606e-07
1.04 5.7515e-07
1.05 1.60762e-06
1.06 2.65619e-06
1.07 3.7224e-06
1.08 4.80441e-06
1.09 5.89978e-06
1.1 7.00631e-06
1.11 8.1207e-06
1.12 9.23972e-06
1.13 1.03621e-05
1.14 1.14877e-05
1.15 1.26166e-05
1.16 1.37468e-05
1.17 1.4872e-05
1.18 1.59793e-05
1.19 1.70511e-05
1.2 1.80686e-05
1.21 1.90105e-05
1.22 1.98515e-05
1.23 2.0566e-05
1.24 2.1133e-05
1.25 2.15446e-05
1.26 2.18104e-05
1.27 2.19523e-05
1.28 2.19952e-05
1.29 2.19636e-05
1.3 2.1881e-05
1.31 2.17649e-05
1.32 2.16236e-05
1.33 2.14597e-05
1.34 2.12748e-05
1.35 2.10732e-05
1.36 2.0862e-05
1.37 2.06511e-05
1.38 2.04525e-05
1.39 2.02788e-05
1.4 2.01412e-05
1.41 2.00464e-05
1.42 1.99924e-05
1.43 1.99648e-05
1.44 1.99331e-05
1.45 1.98484e-05
1.46 1.96462e-05
1.47 1.92527e-05
1.48 1.85925e-05
1.49 1.75904e-05
1.5 1.61749e-05
1.51 1.42839e-05
1.52 1.18668e-05
1.53 8.89207e-06
1.54 5.35539e-06
1.55 1.28696e-06
1.56 -3.2464e-06
1.57 -8.1513e-06
1.58 -1.33171e-05
1.59 -1.86236e-05
1.6 -2.39538e-05
1.61 -2.9202e-05
1.62 -3.42713e-05
1.63 -3.90753e-05
1.64 -4.35383e-05
1.65 -4.75953e-05
1.66 -5.11951e-05
1.67 -5.43018e-05
1.68 -5.68934e-05
1.69 -5.89557e-05
1.7 -6.0479e-05
1.71 -6.1458e-05
1.72 -6.18913e-05
1.73 -6.17788e-05
1.74 -6.11186e-05
1.75 -5.99029e-05
1.76 -5.8123e-05
1.77 -5.57759e-05
1.78 -5.28604e-05
1.79 -4.93716e-05
1.8 -4.53033e-05
1.81 -4.06528e-05
1.82 -3.5421e-05
1.83 -2.96143e-05
1.84 -2.32546e-05
1.85 -1.63844e-05
1.86 -9.06189e-06
1.87 -1.35106e-06
1.88 6.68532e-06
1.89 1.49865e-05
1.9 2.34947e-05
1.91 3.21551e-05
1.92 4.09166e-05
1.93 4.97303e-05
1.94 5.85359e-05
1.95 6.72471e-05
1.96 7.57511e-05
1.97 8.39147e-05
1.98 9.159e-05
1.99 9.86271e-05
2 0.000104895
2.01 0.000110302
2.02 0.000114795
2.03 0.000118362
2.04 0.000121025
2.05 0.00012283
2.06 0.000123836
2.07 0.00012411
2.08 0.000123702
2.09 0.000122639
2.1 0.000120923
2.11 0.000118532
2.12 0.000115417
2.13 0.0001115
2.14 0.000106687
2.15 0.000100876
2.16 9.3965e-05
2.17 8.58599e-05
2.18 7.6473e-05
2.19 6.57192e-05
2.2 5.35092e-05
2.21 3.97555e-05
2.22 2.43842e-05
2.23 7.3419e-06
2.24 -1.1399e-05
2.25 -3.18452e-05
2.26 -5.39777e-05
2.27 -7.77261e-05
2.28 -0.000102964
2.29 -0.00012952
2.3 -0.000157189
2.31 -0.000185725
2.32 -0.000214847
2.33 -0.000244218
2.34 -0.000273453
2.35 -0.00030212
2.36 -0.000329756
2.37 -0.000355882
2.38 -0.000380012
2.39 -0.000401662
2.4 -0.000420363
2.41 -0.000435716
2.42 -0.000447401
2.43 -0.000455173
2.44 -0.000458837
2.45 -0.000458247
2.46 -0.000453309
2.47 -0.000443988
2.48 -0.000430316
2.49 -0.000412372
2.5 -0.000390267
2.51 -0.000364126
2.52 -0.000334088
2.53 -0.000300319
2.54 -0.000263013
2.55 -0.000222385
2.56 -0.000178677
2.57 -0.00013218
2.58 -8.32566e-05
2.59 -3.23363e-05
2.6 2.00881e-05
2.61 7.34844e-05
2.62 0.000127305
2.63 0.000181012
2.64 0.000234088
2.65 0.000286048
2.66 0.000336438
2.67 0.000384835
2.68 0.000430842
2.69 0.000474074
2.7 0.000514158
2.71 0.000550747
2.72 0.000583521
2.73 0.000612195
2.74 0.000636537
2.75 0.000656373
2.76 0.000671576
2.77 0.00068206
2.78 0.000687807
2.79 0.000688874
2.8 0.000685392
2.81 0.000677558
2.82 0.000665599
2.83 0.000649742
2.84 0.000630206
2.85 0.000607198
2.86 0.00058092
2.87 0.000551556
2.88 0.000519255
2.89 0.000484146
2.9 0.00044635
2.91 0.000405996
2.92 0.000363214
2.93 0.000318143
2.94 0.000270942
2.95 0.000221795
2.96 0.000170915
2.97 0.000118576
2.98 6.51139e-05
2.99 1.09195e-05
3 -4.35824e-05
3.01 -9.79451e-05
3.02 -0.000151726
3.03 -0.000204506
3.04 -0.000255902
3.05 -0.000305575
3.06 -0.000353241
3.07 -0.000398679
3.08 -0.000441724
3.09 -0.000482255
3.1 -0.000520164
3.11 -0.000555325
3.12 -0.000587584
3.13 -0.000616738
3.14 -0.000642555
3.15 -0.000664804
3.16 -0.000683264
3.17 -0.000697725
3.18 -0.000707992
3.19 -0.000713906
3.2 -0.00071536
3.21 -0.000712295
3.22 -0.000704659
3.23 -0.000692396
3.24 -0.00067545
3.25 -0.000653769
3.26 -0.000627321
3.27 -0.000596073
3.28 -0.000559982
3.29 -0.000519024
3.3 -0.000473227
3.31 -0.000422655
3.32 -0.000367402
3.33 -0.000307642
3.34 -0.000243669
3.35 -0.000175924
3.36 -0.000104999
3.37 -3.16282e-05
3.38 4.33375e-05
3.39 0.000118941
3.4 0.000194135
3.41 0.000267817
3.42 0.000338859
3.43 0.000406163
3.44 0.000468686
3.45 0.000525449
3.46 0.000575563
3.47 0.000618271
3.48 0.000653005
3.49 0.000679401
3.5 0.000697303
3.51 0.000706738
3.52 0.000707916
3.53 0.000701201
3.54 0.00068708
3.55 0.000666105
3.56 0.000638831
3.57 0.000605799
3.58 0.000567582
3.59 0.000524785
3.6 0.000478004
3.61 0.0004278
3.62 0.000374704
3.63 0.000319215
3.64 0.000261789
3.65 0.00020284
3.66 0.000142737
3.67 8.17828e-05
3.68 2.02187e-05
3.69 -4.17587e-05
3.7 -0.000103948
3.71 -0.000166128
3.72 -0.000228078
3.73 -0.00028956
3.74 -0.000350286
3.75 -0.000409944
3.76 -0.0004682
3.77 -0.000524701
3.78 -0.000579069
3.79 -0.000630917
3.8 -0.00067984
3.81 -0.0007254
3.82 -0.000767133
3.83 -0.000804587
3.84 -0.00083732
3.85 -0.000864916
3.86 -0.000887033
3.87 -0.000903452
3.88 -0.000914105
3.89 -0.000919082
3.9 -0.000918632
3.91 -0.000913163
3.92 -0.000903227
3.93 -0.000889494
3.94 -0.000872687
3.95 -0.000853561
3.96 -0.000832868
3.97 -0.000811316
3.98 -0.000789499
3.99 -0.000767865
4 -0.000746705
4.01 -0.000726165
4.02 -0.00070625
4.03 -0.000686842
4.04 -0.000667704
4.05 -0.000648478
4.06 -0.000628702
4.07 -0.000607794
4.08 -0.000585044
4.09 -0.000559639
4.1 -0.000530705
4.11 -0.000497375
4.12 -0.000458893
4.13 -0.000414705
4.14 -0.000364498
4.15 -0.000308257
4.16 -0.000246321
4.17 -0.000179394
4.18 -0.000108483
4.19 -3.48317e-05
4.2 4.01089e-05
4.21 0.000114758
4.22 0.000187499
4.23 0.000256785
4.24 0.000321229
4.25 0.000379591
4.26 0.000430748
4.27 0.000473734
4.28 0.000507771
4.29 0.000532297
4.3 0.000546981
4.31 0.000551717
4.32 0.00054659
4.33 0.00053187
4.34 0.000508024
4.35 0.000475738
4.36 0.000435902
4.37 0.000389585
4.38 0.000337993
4.39 0.000282424
4.4 0.000224241
4.41 0.000164867
4.42 0.000105751
4.43 4.83292e-05
4.44 -6.01964e-06
4.45 -5.6015e-05
4.46 -0.000100563
4.47 -0.000138815
4.48 -0.000170171
4.49 -0.00019423
4.5 -0.000210714
4.51 -0.000219444
4.52 -0.000220385
4.53 -0.000213681
4.54 -0.000199644
4.55 -0.000178734
4.56 -0.000151543
4.57 -0.000118777
4.58 -8.12565e-05
4.59 -3.98826e-05
4.6 4.37847e-06
4.61 5.05429e-05
4.62 9.76686e-05
4.63 0.000144868
4.64 0.000191312
4.65 0.000236256
4.66 0.000279061
4.67 0.000319244
4.68 0.000356504
4.69 0.000390691
4.7 0.000421752
4.71 0.000449664
4.72 0.000474406
4.73 0.000495976
4.74 0.000514367
4.75 0.000529513
4.76 0.000541278
4.77 0.00054951
4.78 0.000554047
4.79 0.000554752
4.8 0.00055151
4.81 0.000544175
4.82 0.000532583
4.83 0.000516612
4.84 0.000496178
4.85 0.000471178
4.86 0.000441514
4.87 0.000407165
4.88 0.000368207
4.89 0.000324772
4.9 0.000277039
4.91 0.000225276
4.92 0.000169838
4.93 0.000111153
4.94 4.96907e-05
4.95 -1.40488e-05
4.96 -7.95245e-05
4.97 -0.00014614
4.98 -0.000213237
4.99 -0.0002801
5 -0.000345975
5.01 -0.000410119
5.02 -0.000471866
5.03 -0.000530685
5.04 -0.000586189
5.05 -0.000638143
5.06 -0.000686471
5.07 -0.000731277
5.08 -0.000772796
5.09 -0.000811339
5.1 -0.000847295
5.11 -0.000881118
5.12 -0.000913248
5.13 -0.000944072
5.14 -0.000973903
5.15 -0.00100293
5.16 -0.00103115
5.17 -0.00105835
5.18 -0.00108414
5.19 -0.00110799
5.2 -0.00112925
5.21 -0.00114717
5.22 -0.00116093
5.23 -0.00116977
5.24 -0.00117298
5.25 -0.00116991
5.26 -0.00115995
5.27 -0.00114245
5.28 -0.0011168
5.29 -0.00108245
5.3 -0.00103896
5.31 -0.000986006
5.32 -0.000923408
5.33 -0.000851229
5.34 -0.000769818
5.35 -0.000679796
5.36 -0.000582072
5.37 -0.000477886
5.38 -0.000368773
5.39 -0.000256433
5.4 -0.000142634
5.41 -2.91549e-05
5.42 8.22651e-05
5.43 0.000190007
5.44 0.000292637
5.45 0.000388943
5.46 0.00047793
5.47 0.000558786
5.48 0.000630832
5.49 0.000693513
5.5 0.000746435
5.51 0.000789385
5.52 0.000822292
5.53 0.000845172
5.54 0.000858136
5.55 0.000861415
5.56 0.00085535
5.57 0.000840316
5.58 0.000816665
5.59 0.000784745
5.6 0.000744942
5.61 0.000697724
5.62 0.000643649
5.63 0.000583343
5.64 0.000517516
5.65 0.000446928
5.66 0.00037236
5.67 0.000294647
5.68 0.000214693
5.69 0.000133484
5.7 5.20834e-05
5.71 -2.83718e-05
5.72 -0.00010667
5.73 -0.000181575
5.74 -0.000251879
5.75 -0.000316389
5.76 -0.000373979
5.77 -0.000423651
5.78 -0.000464582
5.79 -0.000496171
5.8 -0.000518079
5.81 -0.00053024
5.82 -0.000532888
5.83 -0.000526576
5.84 -0.00051214
5.85 -0.000490635
5.86 -0.000463277
5.87 -0.000431403
5.88 -0.000396424
5.89 -0.000359772
5.9 -0.000322855
5.91 -0.000286981
5.92 -0.000253312
5.93 -0.000222856
5.94 -0.00019645
5.95 -0.000174717
5.96 -0.000158003
5.97 -0.000146307
5.98 -0.000139304
5.99 -0.000136399
6 -0.000136754
6.01 -0.000139351
6.02 -0.000143091
6.03 -0.000146846
6.04 -0.000149466
6.05 -0.000149811
6.06 -0.000146821
6.07 -0.000139599
6.08 -0.000127472
6.09 -0.000109991
6.1 -8.68851e-05
6.11 -5.80471e-05
6.12 -2.35546e-05
6.13 1.63408e-05
6.14 6.12764e-05
6.15 0.000110855
6.16 0.00016469
6.17 0.00022248
6.18 0.000284092
6.19 0.000349565
6.2 0.000419022
6.21 0.000492617
6.22 0.00057054
6.23 0.000653017
6.24 0.000740233
6.25 0.000832296
6.26 0.000929265
6.27 0.00103115
6.28 0.0011379
6.29 0.00124948
6.3 0.00136582
6.31 0.00148689
6.32 0.00161266
6.33 0.00174314
6.34 0.00187833
6.35 0.00201823
6.36 0.00216273
6.37 0.00231153
6.38 0.00246397
6.39 0.00261908
6.4 0.00277564
6.41 0.00293225
6.42 0.00308745
6.43 0.00323985
6.44 0.00338817
6.45 0.00353136
6.46 0.0036687
6.47 0.00379971
6.48 0.00392403
6.49 0.00404131
6.5 0.00415106
6.51 0.00425249
6.52 0.00434447
6.53 0.00442557
6.54 0.00449404
6.55 0.00454776
6.56 0.00458434
6.57 0.00460124
6.58 0.00459588
6.59 0.00456586
6.6 0.00450915
6.61 0.00442421
6.62 0.00431009
6.63 0.00416644
6.64 0.00399345
6.65 0.0037918
6.66 0.00356241
6.67 0.00330643
6.68 0.00302515
6.69 0.00272006
6.7 0.00239278
6.71 0.00204512
6.72 0.00167905
6.73 0.0012967
6.74 0.000900363
6.75 0.000492534
6.76 7.59455e-05
6.77 -0.000346475
6.78 -0.000771623
6.79 -0.00119624
6.8 -0.00161695
6.81 -0.00203038
6.82 -0.00243325
6.83 -0.00282246
6.84 -0.00319515
6.85 -0.00354872
6.86 -0.0038809
6.87 -0.00418975
6.88 -0.00447365
6.89 -0.00473123
6.9 -0.00496125
6.91 -0.00516255
6.92 -0.00533397
6.93 -0.00547429
6.94 -0.00558225
6.95 -0.00565656
6.96 -0.00569599
6.97 -0.00569955
6.98 -0.00566665
6.99 -0.00559724
7 -0.00549188
7.01 -0.00535175
7.02 -0.00517865
7.03 -0.00497478
7.04 -0.0047426
7.05 -0.00448464
7.06 -0.00420335
7.07 -0.00390097
7.08 -0.0035795
7.09 -0.00324074
7.1 -0.00288631
7.11 -0.00251778
7.12 -0.00213672
7.13 -0.00174499
7.14 -0.00134486
7.15 -0.000939077
7.16 -0.000530842
7.17 -0.000123699
7.18 0.000278577
7.19 0.00067212
7.2 0.00105311
7.21 0.00141791
7.22 0.00176324
7.23 0.00208627
7.24 0.00238472
7.25 0.00265681
7.26 0.00290127
7.27 0.00311719
7.28 0.00330384
7.29 0.00346062
7.3 0.00358693
7.31 0.00368212
7.32 0.00374546
7.33 0.00377623
7.34 0.00377383
7.35 0.00373791
7.36 0.00366854
7.37 0.00356629
7.38 0.00343232
7.39 0.00326839
7.4 0.00307684
7.41 0.0028604
7.42 0.00262214
7.43 0.00236524
7.44 0.00209277
7.45 0.00180761
7.46 0.00151239
7.47 0.00120943
7.48 0.000900721
7.49 0.000587914
7.5 0.000272314
7.51 -4.50744e-05
7.52 -0.000363462
7.53 -0.000682147
7.54 -0.00100041
7.55 -0.00131743
7.56 -0.00163237
7.57 -0.00194438
7.58 -0.00225268
7.59 -0.0025565
7.6 -0.00285513
7.61 -0.00314787
7.62 -0.00343388
7.63 -0.00371197
7.64 -0.00398058
7.65 -0.00423779
7.66 -0.00448131
7.67 -0.00470842
7.68 -0.00491592
7.69 -0.00510026
7.7 -0.00525756
7.71 -0.00538383
7.72 -0.00547533
7.73 -0.00552885
7.74 -0.00554193
7.75 -0.00551295
7.76 -0.00544113
7.77 -0.00532641
7.78 -0.00516938
7.79 -0.00497125
7.8 -0.00473387
7.81 -0.00445964
7.82 -0.00415144
7.83 -0.0038126
7.84 -0.00344691
7.85 -0.00305847
7.86 -0.00265163
7.87 -0.00223091
7.88 -0.0018009
7.89 -0.00136614
7.9 -0.000930979
7.91 -0.000499541
7.92 -7.56563e-05
7.93 0.000337214
7.94 0.000736003
7.95 0.00111803
7.96 0.00148097
7.97 0.00182288
7.98 0.00214216
7.99 0.00243754
8 0.002708
8.01 0.00295261
8.02 0.00317056
8.03 0.00336113
8.04 0.00352361
8.05 0.00365723
8.06 0.00376119
8.07 0.00383466
8.08 0.00387689
8.09 0.00388733
8.1 0.00386573
8.11 0.00381229
8.12 0.00372783
8.13 0.00361375
8.14 0.00347202
8.15 0.00330514
8.16 0.00311602
8.17 0.00290798
8.18 0.00268453
8.19 0.00244935
8.2 0.0022061
8.21 0.00195838
8.22 0.00170962
8.23 0.00146304
8.24 0.00122168
8.25 0.000988351
8.26 0.000765539
8.27 0.000555401
8.28 0.000359749
8.29 0.00017998
8.3 1.70149e-05
8.31 -0.000128801
8.32 -0.0002578
8.33 -0.000371003
8.34 -0.000470047
8.35 -0.000557047
8.36 -0.000634425
8.37 -0.000704653
8.38 -0.00077002
8.39 -0.000832437
8.4 -0.000893262
8.41 -0.000953265
8.42 -0.00101271
8.43 -0.00107142
8.44 -0.00112883
8.45 -0.00118397
8.46 -0.00123549
8.47 -0.00128171
8.48 -0.00132067
8.49 -0.0013503
8.5 -0.00136849
8.51 -0.00137326
8.52 -0.00136281
8.53 -0.00133581
8.54 -0.00129145
8.55 -0.00122951
8.56 -0.00115034
8.57 -0.00105468
8.58 -0.000943583
8.59 -0.00081838
8.6 -0.000680541
8.61 -0.000531612
8.62 -0.000373088
8.63 -0.000206299
8.64 -3.23501e-05
8.65 0.000147911
8.66 0.000333901
8.67 0.000525251
8.68 0.00072172
8.69 0.000923102
8.7 0.00112914
8.71 0.00133952
8.72 0.00155383
8.73 0.00177142
8.74 0.0019914
8.75 0.00221266
8.76 0.00243379
8.77 0.00265305
8.78 0.00286835
8.79 0.00307736
8.8 0.00327751
8.81 0.00346604
8.82 0.00364007
8.83 0.00379675
8.84 0.00393347
8.85 0.00404793
8.86 0.00413821
8.87 0.00420273
8.88 0.00424029
8.89 0.0042501
8.9 0.00423191
8.91 0.00418593
8.92 0.00411283
8.93 0.00401362
8.94 0.00388957
8.95 0.00374211
8.96 0.00357276
8.97 0.00338312
8.98 0.00317486
8.99 0.00294966
9 0.00270908
9.01 0.00245454
9.02 0.00218725
9.03 0.00190826
9.04 0.00161844
9.05 0.00131865
9.06 0.00100987
9.07 0.000693285
9.08 0.000370285
9.09 4.24643e-05
9.1 -0.000288437
9.11 -0.00062063
9.12 -0.000952318
9.13 -0.0012817
9.14 -0.00160697
9.15 -0.00192637
9.16 -0.00223805
9.17 -0.00254001
9.18 -0.00282996
9.19 -0.00310531
9.2 -0.00336317
9.21 -0.00360027
9.22 -0.00381301
9.23 -0.00399753
9.24 -0.00414991
9.25 -0.00426643
9.26 -0.00434385
9.27 -0.0043796
9.28 -0.00437188
9.29 -0.00431981
9.3 -0.00422335
9.31 -0.00408304
9.32 -0.00389994
9.33 -0.00367551
9.34 -0.00341163
9.35 -0.00311053
9.36 -0.00277475
9.37 -0.00240714
9.38 -0.00201084
9.39 -0.00158918
9.4 -0.00114582
9.41 -0.000684766
9.42 -0.000210386
9.43 0.000272535
9.44 0.000758759
9.45 0.00124262
9.46 0.00171816
9.47 0.00217937
9.48 0.00262035
9.49 0.00303553
9.5 0.0034199
9.51 0.00376909
9.52 0.00407944
9.53 0.00434804
9.54 0.00457257
9.55 0.00475122
9.56 0.00488256
9.57 0.00496544
9.58 0.00499892
9.59 0.00498219
9.6 0.00491466
9.61 0.00479601
9.62 0.00462639
9.63 0.00440644
9.64 0.0041375
9.65 0.00382163
9.66 0.0034616
9.67 0.00306083
9.68 0.00262338
9.69 0.00215387
9.7 0.00165729
9.71 0.00113887
9.72 0.000603903
9.73 5.76715e-05
9.74 -0.000494687
9.75 -0.0010483
9.76 -0.00159863
9.77 -0.00214141
9.78 -0.00267274
9.79 -0.003189
9.8 -0.00368697
9.81 -0.0041638
9.82 -0.00461703
9.83 -0.00504451
9.84 -0.0054445
9.85 -0.00581556
9.86 -0.00615654
9.87 -0.00646644
9.88 -0.00674436
9.89 -0.00698952
9.9 -0.00720198
9.91 -0.00738288
9.92 -0.00753318
9.93 -0.00765325
9.94 -0.00774316
9.95 -0.0078027
9.96 -0.00783145
9.97 -0.00782899
9.98 -0.00779504
9.99 -0.00772976
10 -0.00763374
10.01 -0.00750801
10.02 -0.00735409
10.03 -0.00717393
10.04 -0.00696983
10.05 -0.00674426
10.06 -0.00649966
10.07 -0.00623843
10.08 -0.00596287
10.09 -0.0056752
10.1 -0.00537754
10.11 -0.00507196
10.12 -0.0047605
10.13 -0.00444539
10.14 -0.00412898
10.15 -0.00381378
10.16 -0.00350237
10.17 -0.00319737
10.18 -0.00290128
10.19 -0.00261636
10.2 -0.00234463
10.21 -0.00208778
10.22 -0.00184727
10.23 -0.00162439
10.24 -0.00142016
10.25 -0.00123546
10.26 -0.00107105
10.27 -0.000927607
10.28 -0.00080572
10.29 -0.000705843
10.3 -0.000628288
10.31 -0.00057319
10.32 -0.000540431
10.33 -0.000529607
10.34 -0.000540104
10.35 -0.00057116
10.36 -0.000621859
10.37 -0.000691125
10.38 -0.000777748
10.39 -0.000880375
10.4 -0.000997491
10.41 -0.0011274
10.42 -0.00126816
10.43 -0.00141755
10.44 -0.00157312
10.45 -0.00173213
10.46 -0.00189168
10.47 -0.00204883
10.48 -0.00220073
10.49 -0.00234477
10.5 -0.00247868
10.51 -0.00260065
10.52 -0.00270927
10.53 -0.00280358
10.54 -0.00288294
10.55 -0.00294698
10.56 -0.00299554
10.57 -0.00302861
10.58 -0.00304638
10.59 -0.00304915
10.6 -0.00303735
10.61 -0.00301153
10.62 -0.00297242
10.63 -0.0029209
10.64 -0.00285807
10.65 -0.00278521
10.66 -0.00270378
10.67 -0.00261536
10.68 -0.00252157
10.69 -0.002424
10.7 -0.00232408
10.71 -0.00222305
10.72 -0.00212199
10.73 -0.00202186
10.74 -0.00192344
10.75 -0.00182746
10.76 -0.00173454
10.77 -0.00164519
10.78 -0.00155979
10.79 -0.00147856
10.8 -0.00140165
10.81 -0.00132911
10.82 -0.00126092
10.83 -0.00119693
10.84 -0.00113695
10.85 -0.00108074
10.86 -0.0010281
10.87 -0.000978922
10.88 -0.000933165
10.89 -0.000890829
10.9 -0.000851949
10.91 -0.000816565
10.92 -0.000784641
10.93 -0.000755962
10.94 -0.000730072
10.95 -0.000706256
10.96 -0.000683561
10.97 -0.000660845
10.98 -0.000636843
10.99 -0.000610272
11 -0.00057995
11.01 -0.000544844
11.02 -0.000504092
11.03 -0.000457057
11.04 -0.000403368
11.05 -0.000342896
11.06 -0.000275672
11.07 -0.000201865
11.08 -0.0001218
11.09 -3.5939e-05
11.1 5.51781e-05
11.11 0.000150991
11.12 0.000250977
11.13 0.000354675
11.14 0.000461627
11.15 0.000571339
11.16 0.00068335
11.17 0.000797323
11.18 0.000913103
11.19 0.00103074
11.2 0.00115049
11.21 0.00127275
11.22 0.00139809
11.23 0.00152712
11.24 0.00166031
11.25 0.00179776
11.26 0.00193912
11.27 0.0020835
11.28 0.00222963
11.29 0.00237594
11.3 0.00252076
11.31 0.00266235
11.32 0.00279899
11.33 0.00292913
11.34 0.00305142
11.35 0.00316494
11.36 0.00326922
11.37 0.00336414
11.38 0.00344983
11.39 0.00352648
11.4 0.00359434
11.41 0.00365361
11.42 0.00370437
11.43 0.00374648
11.44 0.00377959
11.45 0.00380327
11.46 0.00381702
11.47 0.00382046
11.48 0.00381342
11.49 0.00379609
11.5 0.0037691
11.51 0.00373353
11.52 0.0036908
11.53 0.00364264
11.54 0.0035909
11.55 0.00353748
11.56 0.00348414
11.57 0.00343234
11.58 0.00338327
11.59 0.00333781
11.6 0.0032967
11.61 0.00326065
11.62 0.00323032
11.63 0.00320633
11.64 0.00318927
11.65 0.00317968
11.66 0.00317799
11.67 0.00318455
11.68 0.00319964
11.69 0.00322334
11.7 0.00325553
11.71 0.00329577
11.72 0.00334329
11.73 0.00339697
11.74 0.00345537
11.75 0.00351665
11.76 0.00357861
11.77 0.00363856
11.78 0.00369332
11.79 0.00373937
11.8 0.00377305
11.81 0.00379086
11.82 0.00378971
11.83 0.00376698
11.84 0.00372056
11.85 0.00364891
11.86 0.00355093
11.87 0.00342588
11.88 0.00327328
11.89 0.00309299
11.9 0.00288515
11.91 0.00265022
11.92 0.00238898
11.93 0.00210251
11.94 0.00179215
11.95 0.0014595
11.96 0.00110636
11.97 0.00073475
11.98 0.000346937
11.99 -5.44835e-05
12 -0.000466611
12.01 -0.000886309
12.02 -0.0013102
12.03 -0.00173461
12.04 -0.00215561
12.05 -0.00256908
12.06 -0.00297086
12.07 -0.00335684
12.08 -0.00372316
12.09 -0.00406634
12.1 -0.00438341
12.11 -0.00467187
12.12 -0.00492976
12.13 -0.00515569
12.14 -0.00534893
12.15 -0.00550934
12.16 -0.00563731
12.17 -0.00573366
12.18 -0.0057995
12.19 -0.0058362
12.2 -0.00584538
12.21 -0.00582883
12.22 -0.0057884
12.23 -0.00572598
12.24 -0.00564359
12.25 -0.00554333
12.26 -0.00542725
12.27 -0.00529733
12.28 -0.0051555
12.29 -0.00500363
12.3 -0.00484347
12.31 -0.00467671
12.32 -0.00450482
12.33 -0.00432904
12.34 -0.00415035
12.35 -0.00396957
12.36 -0.00378731
12.37 -0.00360399
12.38 -0.00341976
12.39 -0.00323457
12.4 -0.00304828
12.41 -0.00286063
12.42 -0.00267143
12.43 -0.00248064
12.44 -0.00228831
12.45 -0.00209452
12.46 -0.00189943
12.47 -0.00170315
12.48 -0.00150559
12.49 -0.00130625
12.5 -0.0011042
12.51 -0.000898042
12.52 -0.00068601
12.53 -0.000466071
12.54 -0.000236141
12.55 5.67787e-06
12.56 0.00026096
12.57 0.000530872
12.58 0.000816182
12.59 0.00111737
12.6 0.00143472
12.61 0.00176832
12.62 0.002118
12.63 0.00248316
12.64 0.00286276
12.65 0.00325542
12.66 0.00365942
12.67 0.00407259
12.68 0.00449231
12.69 0.00491544
12.7 0.00533839
12.71 0.00575724
12.72 0.00616793
12.73 0.00656776
12.74 0.00695626
12.75 0.00733308
12.76 0.00769727
12.77 0.00804794
12.78 0.00838433
12.79 0.00870571
12.8 0.00901143
12.81 0.00930082
12.82 0.00957311
12.83 0.00982742
12.84 0.0100628
12.85 0.0102784
12.86 0.0104733
12.87 0.0106467
12.88 0.0107983
12.89 0.0109278
12.9 0.0110351
12.91 0.0111206
12.92 0.0111845
12.93 0.011227
12.94 0.0112483
12.95 0.0112485
12.96 0.0112275
12.97 0.0111853
12.98 0.0111219
12.99 0.0110376
13 0.0109328
13.01 0.0108081
13.02 0.0106643
13.03 0.0105026
13.04 0.0103246
13.05 0.010132
13.06 0.0099266
13.07 0.00970999
13.08 0.0094838
13.09 0.00924942
13.1 0.00900802
13.11 0.00876051
13.12 0.00850769
13.13 0.00825031
13.14 0.0079892
13.15 0.00772532
13.16 0.00745987
13.17 0.00719431
13.18 0.00693026
13.19 0.00666956
13.2 0.0064141
13.21 0.00616576
13.22 0.00592633
13.23 0.00569752
13.24 0.00548086
13.25 0.00527774
13.26 0.00508933
13.27 0.00491657
13.28 0.00476016
13.29 0.00462057
13.3 0.00449799
13.31 0.00439233
13.32 0.00430316
13.33 0.00422973
13.34 0.00417101
13.35 0.00412582
13.36 0.0040929
13.37 0.00407104
13.38 0.00405905
13.39 0.00405587
13.4 0.00406052
13.41 0.00407217
13.42 0.00409017
13.43 0.00411406
13.44 0.00414358
13.45 0.00417868
13.46 0.00421947
13.47 0.00426627
13.48 0.0043195
13.49 0.00437967
13.5 0.00444734
13.51 0.00452308
13.52 0.00460748
13.53 0.00470109
13.54 0.00480455
13.55 0.00491848
13.56 0.00504352
13.57 0.00518019
13.58 0.00532886
13.59 0.00548955
13.6 0.00566202
13.61 0.00584576
13.62 0.0060401
13.63 0.00624427
13.64 0.0064574
13.65 0.00667851
13.66 0.00690656
13.67 0.00714049
13.68 0.00737919
13.69 0.00762133
13.7 0.0078654
13.71 0.00810975
13.72 0.00835253
13.73 0.00859178
13.74 0.00882532
13.75 0.00905078
13.76 0.00926556
13.77 0.0094668
13.78 0.00965139
13.79 0.00981598
13.8 0.00995696
13.81 0.0100705
13.82 0.0101524
13.83 0.0101988
13.84 0.0102064
13.85 0.0101727
13.86 0.0100964
13.87 0.00997721
13.88 0.00981522
13.89 0.00961091
13.9 0.00936503
13.91 0.00907871
13.92 0.00875341
13.93 0.00839086
13.94 0.00799303
13.95 0.00756217
13.96 0.00710076
13.97 0.00661156
13.98 0.00609755
13.99 0.00556188
14 0.00500778
14.01 0.00443851
14.02 0.00385744
14.03 0.00326799
14.04 0.0026737
14.05 0.00207817
14.06 0.00148494
14.07 0.000897416
14.08 0.000318755
14.09 -0.000248164
14.1 -0.000800835
14.11 -0.00133718
14.12 -0.00185556
14.13 -0.0023548
14.14 -0.00283426
14.15 -0.00329553
14.16 -0.00374322
14.17 -0.00418222
14.18 -0.00461656
14.19 -0.00505016
14.2 -0.00548685
14.21 -0.00593044
14.22 -0.00638468
14.23 -0.00685334
14.24 -0.00734027
14.25 -0.00784935
14.26 -0.00838459
14.27 -0.00894995
14.28 -0.00954931
14.29 -0.0101864
14.3 -0.0108645
14.31 -0.0115869
14.32 -0.012356
14.33 -0.0131742
14.34 -0.0140432
14.35 -0.014965
14.36 -0.015941
14.37 -0.0169734
14.38 -0.0180643
14.39 -0.0192159
14.4 -0.0204306
14.41 -0.0217108
14.42 -0.0230589
14.43 -0.0244771
14.44 -0.0259674
14.45 -0.0275312
14.46 -0.0291695
14.47 -0.0308827
14.48 -0.032671
14.49 -0.0345341
14.5 -0.0364719
14.51 -0.0384842
14.52 -0.0405706
14.53 -0.0427311
14.54 -0.0449658
14.55 -0.0472748
14.56 -0.0496584
14.57 -0.0521167
14.58 -0.05465
14.59 -0.0572585
14.6 -0.0599422
14.61 -0.0627011
14.62 -0.0655343
14.63 -0.0684406
14.64 -0.071418
14.65 -0.0744637
14.66 -0.0775739
14.67 -0.0807443
14.68 -0.0839701
14.69 -0.0872469
14.7 -0.0905705
14.71 -0.0939368
14.72 -0.0973418
14.73 -0.100781
14.74 -0.104249
14.75 -0.107738
14.76 -0.111242
14.77 -0.114754
14.78 -0.118266
14.79 -0.121771
14.8 -0.125264
14.81 -0.128736
14.82 -0.132182
14.83 -0.135594
14.84 -0.138966
14.85 -0.142291
14.86 -0.145564
14.87 -0.148777
14.88 -0.151925
14.89 -0.155001
14.9 -0.158
14.91 -0.160914
14.92 -0.163737
14.93 -0.166463
14.94 -0.169084
14.95 -0.171596
14.96 -0.173991
14.97 -0.176263
14.98 -0.178407
14.99 -0.180419
15 -0.182295
15.01 -0.184034
15.02 -0.185636
15.03 -0.187103
15.04 -0.188436
15.05 -0.189639
15.06 -0.190716
15.07 -0.191671
15.08 -0.192509
15.09 -0.193236
15.1 -0.193856
15.11 -0.194375
15.12 -0.194799
15.13 -0.195132
15.14 -0.195379
15.15 -0.195546
15.16 -0.195637
15.17 -0.195658
15.18 -0.195612
15.19 -0.195502
15.2 -0.195333
15.21 -0.195109
15.22 -0.194835
15.23 -0.194515
15.24 -0.194157
15.25 -0.193766
15.26 -0.193349
15.27 -0.192914
15.28 -0.192469
15.29 -0.192023
15.3 -0.191583
15.31 -0.191157
15.32 -0.190751
15.33 -0.19037
15.34 -0.190021
15.35 -0.189706
15.36 -0.189432
15.37 -0.189202
15.38 -0.189021
15.39 -0.188892
15.4 -0.188818
15.41 -0.188801
15.42 -0.188843
15.43 -0.188944
15.44 -0.189103
15.45 -0.18932
15.46 -0.18959
15.47 -0.189912
15.48 -0.19028
15.49 -0.19069
15.5 -0.191133
15.51 -0.191603
15.52 -0.192089
15.53 -0.192584
15.54 -0.193077
15.55 -0.193559
15.56 -0.194021
15.57 -0.194454
15.58 -0.19485
15.59 -0.1952
15.6 -0.195497
15.61 -0.195733
15.62 -0.195901
15.63 -0.195998
15.64 -0.196017
15.65 -0.195954
15.66 -0.195805
15.67 -0.195566
15.68 -0.195234
15.69 -0.194807
15.7 -0.194285
15.71 -0.193665
15.72 -0.19295
15.73 -0.19214
15.74 -0.191236
15.75 -0.190242
15.76 -0.189159
15.77 -0.187992
15.78 -0.186745
15.79 -0.185423
15.8 -0.184032
15.81 -0.182578
15.82 -0.181068
15.83 -0.179505
15.84 -0.177882
15.85 -0.176194
15.86 -0.174438
15.87 -0.172611
15.88 -0.170711
15.89 -0.168735
15.9 -0.166681
15.91 -0.164547
15.92 -0.162332
15.93 -0.160035
15.94 -0.157653
15.95 -0.155185
15.96 -0.15263
15.97 -0.149987
15.98 -0.147256
15.99 -0.144437
16 -0.14153
16.01 -0.138537
16.02 -0.13546
16.03 -0.132302
16.04 -0.129065
16.05 -0.125756
16.06 -0.122378
16.07 -0.118939
16.08 -0.115443
16.09 -0.111896
16.1 -0.108304
16.11 -0.104671
16.12 -0.101003
16.13 -0.0973054
16.14 -0.0935836
16.15 -0.0898429
16.16 -0.0860888
16.17 -0.0823269
16.18 -0.0785628
16.19 -0.074802
16.2 -0.0710502
16.21 -0.0673127
16.22 -0.0635945
16.23 -0.0599001
16.24 -0.0562333
16.25 -0.0525972
16.26 -0.0489939
16.27 -0.0454248
16.28 -0.0418909
16.29 -0.0383927
16.3 -0.0349308
16.31 -0.0315053
16.32 -0.0281163
16.33 -0.0247638
16.34 -0.0214476
16.35 -0.0181673
16.36 -0.0149226
16.37 -0.0117132
16.38 -0.0085386
16.39 -0.0053983
16.4 -0.00229166
16.41 0.00078202
16.42 0.00382341
16.43 0.00683307
16.44 0.00981147
16.45 0.0127591
16.46 0.0156763
16.47 0.0185635
16.48 0.021421
16.49 0.0242493
16.5 0.0270487
16.51 0.0298194
16.52 0.0325617
16.53 0.0352758
16.54 0.0379622
16.55 0.0406212
16.56 0.043253
16.57 0.0458577
16.58 0.0484353
16.59 0.0509857
16.6 0.0535085
16.61 0.0560033
16.62 0.0584691
16.63 0.0609049
16.64 0.0633091
16.65 0.06568
16.66 0.0680154
16.67 0.0703128
16.68 0.0725692
16.69 0.0747815
16.7 0.0769462
16.71 0.0790597
16.72 0.0811189
16.73 0.0831213
16.74 0.0850646
16.75 0.0869474
16.76 0.0887684
16.77 0.0905266
16.78 0.0922213
16.79 0.093852
16.8 0.0954185
16.81 0.0969207
16.82 0.0983588
16.83 0.0997329
16.84 0.101043
16.85 0.10229
16.86 0.103475
16.87 0.104596
16.88 0.105654
16.89 0.10665
16.9 0.107583
16.91 0.108452
16.92 0.109258
16.93 0.109999
16.94 0.110675
16.95 0.111286
16.96 0.111832
16.97 0.112312
16.98 0.112726
16.99 0.113076
17 0.11336
17.01 0.113579
17.02 0.113733
17.03 0.113823
17.04 0.113849
17.05 0.113811
17.06 0.113708
17.07 0.113543
17.08 0.113317
17.09 0.113032
17.1 0.11269
17.11 0.112294
17.12 0.111848
17.13 0.111354
17.14 0.110818
17.15 0.110243
17.16 0.109634
17.17 0.108996
17.18 0.108334
17.19 0.107653
17.2 0.106957
17.21 0.106254
17.22 0.105547
17.23 0.104843
17.24 0.104147
17.25 0.103463
17.26 0.102798
17.27 0.102155
17.28 0.101538
17.29 0.100953
17.3 0.100402
17.31 0.0998883
17.32 0.0994139
17.33 0.0989773
17.34 0.0985767
17.35 0.0982107
17.36 0.0978779
17.37 0.0975762
17.38 0.0973035
17.39 0.0970569
17.4 0.0968335
17.41 0.0966296
17.42 0.0964414
17.43 0.0962645
17.44 0.0960952
17.45 0.0959298
17.46 0.0957653
17.47 0.0955991
17.48 0.0954292
17.49 0.0952541
17.5 0.0950723
17.51 0.0948823
17.52 0.0946828
17.53 0.0944721
17.54 0.0942487
17.55 0.0940111
17.56 0.0937582
17.57 0.0934887
17.58 0.093202
17.59 0.0928974
17.6 0.0925749
17.61 0.0922348
17.62 0.0918778
17.63 0.0915051
17.64 0.0911182
17.65 0.0907192
17.66 0.0903102
17.67 0.0898937
17.68 0.0894724
17.69 0.0890489
17.7 0.0886261
17.71 0.0882065
17.72 0.0877923
17.73 0.0873854
17.74 0.0869872
17.75 0.0865992
17.76 0.086223
17.77 0.0858605
17.78 0.0855139
17.79 0.0851861
17.8 0.0848802
17.81 0.0845995
17.82 0.0843473
17.83 0.0841269
17.84 0.0839416
17.85 0.0837945
17.86 0.0836889
17.87 0.0836275
17.88 0.0836132
17.89 0.0836482
17.9 0.0837342
17.91 0.0838716
17.92 0.0840601
17.93 0.0842986
17.94 0.0845855
17.95 0.0849187
17.96 0.0852955
17.97 0.0857128
17.98 0.0861669
17.99 0.0866537
18 0.0871692
18.01 0.0877087
18.02 0.0882677
18.03 0.0888413
18.04 0.0894247
18.05 0.0900131
18.06 0.090602
18.07 0.0911867
18.08 0.0917626
18.09 0.0923251
18.1 0.09287
18.11 0.093393
18.12 0.0938899
18.13 0.094357
18.14 0.0947909
18.15 0.0951888
18.16 0.095548
18.17 0.0958666
18.18 0.0961432
18.19 0.0963768
18.2 0.096567
18.21 0.0967138
18.22 0.0968177
18.23 0.0968795
18.24 0.0969001
18.25 0.0968807
18.26 0.0968227
18.27 0.0967278
18.28 0.0965979
18.29 0.0964354
18.3 0.0962427
18.31 0.0960227
18.32 0.0957785
18.33 0.0955135
18.34 0.0952309
18.35 0.0949343
18.36 0.094627
18.37 0.0943122
18.38 0.0939931
18.39 0.093673
18.4 0.093355
18.41 0.0930424
18.42 0.0927386
18.43 0.0924471
18.44 0.0921715
18.45 0.0919154
18.46 0.0916826
18.47 0.0914768
18.48 0.0913017
18.49 0.0911606
18.5 0.0910566
18.51 0.0909922
18.52 0.0909696
18.53 0.0909903
18.54 0.091055
18.55 0.0911642
18.56 0.0913176
18.57 0.0915143
18.58 0.0917531
18.59 0.0920324
18.6 0.0923503
18.61 0.0927046
18.62 0.093093
18.63 0.0935129
18.64 0.0939613
18.65 0.0944352
18.66 0.0949312
18.67 0.0954454
18.68 0.0959735
18.69 0.0965103
18.7 0.0970497
18.71 0.0975849
18.72 0.0981099
18.73 0.0986208
18.74 0.0991138
18.75 0.0995843
18.76 0.100028
18.77 0.100441
18.78 0.100819
18.79 0.101158
18.8 0.101454
18.81 0.101703
18.82 0.1019
18.83 0.102041
18.84 0.102123
18.85 0.10214
18.86 0.102088
18.87 0.101965
18.88 0.101765
18.89 0.101487
18.9 0.10113
18.91 0.100693
18.92 0.100176
18.93 0.0995827
18.94 0.0989148
18.95 0.0981771
18.96 0.0973742
18.97 0.0965112
18.98 0.0955939
18.99 0.0946278
19 0.0936188
19.01 0.0925725
19.02 0.0914944
19.03 0.0903901
19.04 0.0892653
19.05 0.0881256
19.06 0.0869743
19.07 0.0858097
19.08 0.084629
19.09 0.0834303
19.1 0.0822121
19.11 0.0809728
19.12 0.0797109
19.13 0.0784245
19.14 0.0771116
19.15 0.0757701
19.16 0.0743981
19.17 0.0729942
19.18 0.0715575
19.19 0.070088
19.2 0.0685865
19.21 0.0670547
19.22 0.0654948
19.23 0.0639092
19.24 0.0623011
19.25 0.0606731
19.26 0.0590274
19.27 0.0573656
19.28 0.0556884
19.29 0.0539965
19.3 0.0522905
19.31 0.0505713
19.32 0.0488403
19.33 0.0470989
19.34 0.0453492
19.35 0.0435937
19.36 0.0418353
19.37 0.0400771
19.38 0.0383226
19.39 0.0365747
19.4 0.0348367
19.41 0.0331115
19.42 0.0314022
19.43 0.0297118
19.44 0.0280434
19.45 0.0263999
19.46 0.0247843
19.47 0.0231994
19.48 0.0216482
19.49 0.0201333
19.5 0.0186574
19.51 0.0172227
19.52 0.0158316
19.53 0.0144859
19.54 0.0131874
19.55 0.0119374
19.56 0.0107366
19.57 0.00958525
19.58 0.00848354
19.59 0.00743139
19.6 0.00642865
19.61 0.005475
19.62 0.00457002
19.63 0.0037132
19.64 0.00290402
19.65 0.00214194
19.66 0.00142632
19.67 0.000756455
19.68 0.000131589
19.69 -0.000449156
19.7 -0.000986814
19.71 -0.00148252
19.72 -0.00193747
19.73 -0.0023529
19.74 -0.00273
19.75 -0.00306981
19.76 -0.0033731
19.77 -0.00364037
19.78 -0.00387197
19.79 -0.00406818
19.8 -0.00422926
19.81 -0.00435545
19.82 -0.00444709
19.83 -0.0045046
19.84 -0.00452857
19.85 -0.0045197
19.86 -0.00447901
19.87 -0.00440789
19.88 -0.00430808
19.89 -0.00418149
19.9 -0.00403016
19.91 -0.0038562
19.92 -0.00366169
19.93 -0.00344864
19.94 -0.00321912
19.95 -0.00297532
19.96 -0.00271965
19.97 -0.00245475
19.98 -0.00218349
19.99 -0.00190903
20 -0.00163467
20.01 -0.00136383
20.02 -0.00109987
20.03 -0.000845955
20.04 -0.000604771
20.05 -0.000378359
20.06 -0.000168152
20.07 2.50257e-05
20.08 0.000200969
20.09 0.000360084
20.1 0.000503372
20.11 0.000632304
20.12 0.000748575
20.13 0.000853901
20.14 0.000949999
20.15 0.00103863
20.16 0.00112158
20.17 0.00120052
20.18 0.00127695
20.19 0.00135214
20.2 0.00142709
20.21 0.00150246
20.22 0.00157871
20.23 0.00165624
20.24 0.00173552
20.25 0.00181694
20.26 0.00190082
20.27 0.00198727
20.28 0.00207619
20.29 0.00216726
20.3 0.00225994
20.31 0.00235346
20.32 0.00244691
20.33 0.00253922
20.34 0.00262927
20.35 0.002716
20.36 0.00279843
20.37 0.00287586
20.38 0.00294797
20.39 0.00301484
20.4 0.00307701
20.41 0.00313541
20.42 0.00319135
20.43 0.00324632
20.44 0.00330203
20.45 0.00336012
20.46 0.00342215
20.47 0.00348962
20.48 0.00356401
20.49 0.0036468
20.5 0.00373943
20.51 0.00384331
20.52 0.00395974
20.53 0.00409
20.54 0.00423524
20.55 0.00439648
20.56 0.00457456
20.57 0.00477002
20.58 0.00498299
20.59 0.00521296
20.6 0.00545883
20.61 0.00571889
20.62 0.00599094
20.63 0.00627253
20.64 0.00656109
20.65 0.00685393
20.66 0.00714835
20.67 0.00744165
20.68 0.00773127
20.69 0.00801481
20.7 0.00829003
20.71 0.0085549
20.72 0.00880761
20.73 0.00904646
20.74 0.00926991
20.75 0.00947718
20.76 0.00966868
20.77 0.00984505
20.78 0.0100068
20.79 0.0101547
20.8 0.0102897
20.81 0.0104133
20.82 0.0105273
20.83 0.0106339
20.84 0.0107354
20.85 0.0108343
20.86 0.0109326
20.87 0.0110323
20.88 0.0111347
20.89 0.0112412
20.9 0.0113524
20.91 0.0114691
20.92 0.0115918
20.93 0.0117209
20.94 0.0118569
20.95 0.0120002
20.96 0.0121509
20.97 0.012309
20.98 0.0124741
20.99 0.0126456
21 0.0128223
21.01 0.0130028
21.02 0.0131852
21.03 0.0133672
21.04 0.0135463
21.05 0.0137201
21.06 0.0138861
21.07 0.0140419
21.08 0.0141853
21.09 0.0143138
21.1 0.0144251
21.11 0.0145172
21.12 0.0145883
21.13 0.0146369
21.14 0.014662
21.15 0.0146627
21.16 0.0146382
21.17 0.0145881
21.18 0.0145121
21.19 0.0144102
21.2 0.0142827
21.21 0.0141298
21.22 0.0139522
21.23 0.0137507
21.24 0.0135262
21.25 0.01328
21.26 0.0130137
21.27 0.0127293
21.28 0.012429
21.29 0.0121155
21.3 0.0117916
21.31 0.0114602
21.32 0.0111245
21.33 0.0107873
21.34 0.0104512
21.35 0.0101188
21.36 0.00979235
21.37 0.00947371
21.38 0.00916449
21.39 0.00886594
21.4 0.008579
21.41 0.00830422
21.42 0.00804192
21.43 0.00779225
21.44 0.00755527
21.45 0.00733097
21.46 0.00711943
21.47 0.00692078
21.48 0.00673516
21.49 0.00656265
21.5 0.00640319
21.51 0.00625658
21.52 0.00612256
21.53 0.00600084
21.54 0.00589107
21.55 0.00579283
21.56 0.0057056
21.57 0.00562867
21.58 0.00556113
21.59 0.00550179
21.6 0.00544927
21.61 0.00540206
21.62 0.0053587
21.63 0.00531785
21.64 0.00527843
21.65 0.00523966
21.66 0.00520114
21.67 0.00516272
21.68 0.00512445
21.69 0.00508653
21.7 0.00504915
21.71 0.00501245
21.72 0.00497657
21.73 0.0049417
21.74 0.00490816
21.75 0.00487642
21.76 0.00484718
21.77 0.00482138
21.78 0.0048001
21.79 0.00478451
21.8 0.00477577
21.81 0.00477482
21.82 0.00478238
21.83 0.00479874
21.84 0.00482384
21.85 0.00485729
21.86 0.00489839
21.87 0.00494616
21.88 0.00499942
21.89 0.00505675
21.9 0.0051167
21.91 0.00517784
21.92 0.00523886
21.93 0.00529862
21.94 0.0053562
21.95 0.00541087
21.96 0.00546194
21.97 0.0055086
21.98 0.00554982
21.99 0.00558433
22 0.0056105
22.01 0.00562638
22.02 0.00562983
22.03 0.00561867
22.04 0.00559092
22.05 0.00554512
22.06 0.00548055
22.07 0.00539738
22.08 0.00529644
22.09 0.00517904
22.1 0.00504684
22.11 0.00490176
22.12 0.00474597
22.13 0.00458177
22.14 0.00441147
22.15 0.00423733
22.16 0.0040614
22.17 0.00388561
22.18 0.0037117
22.19 0.00354131
22.2 0.00337603
22.21 0.00321749
22.22 0.00306743
22.23 0.0029277
22.24 0.00280026
22.25 0.00268701
22.26 0.00258982
22.27 0.0025104
22.28 0.00245027
22.29 0.00241061
22.3 0.00239218
22.31 0.0023952
22.32 0.00241933
22.33 0.00246379
22.34 0.0025274
22.35 0.0026087
22.36 0.00270599
22.37 0.00281748
22.38 0.00294139
22.39 0.00307594
22.4 0.00321945
22.41 0.00337033
22.42 0.00352718
22.43 0.0036887
22.44 0.0038537
22.45 0.00402108
22.46 0.00418992
22.47 0.00435957
22.48 0.00452966
22.49 0.0047
22.5 0.00487067
22.51 0.00504201
22.52 0.0052146
22.53 0.00538925
22.54 0.00556685
22.55 0.00574829
22.56 0.00593447
22.57 0.00612634
22.58 0.00632486
22.59 0.00653096
22.6 0.00674548
22.61 0.00696921
22.62 0.00720284
22.63 0.00744685
22.64 0.00770145
22.65 0.00796656
22.66 0.0082418
22.67 0.00852635
22.68 0.00881899
22.69 0.0091182
22.7 0.00942243
22.71 0.00973019
22.72 0.0100401
22.73 0.0103509
22.74 0.0106613
22.75 0.0109701
22.76 0.0112761
22.77 0.0115781
22.78 0.0118746
22.79 0.0121644
22.8 0.0124459
22.81 0.0127179
22.82 0.0129792
22.83 0.0132285
22.84 0.0134646
22.85 0.0136866
22.86 0.0138933
22.87 0.0140838
22.88 0.0142572
22.89 0.0144125
22.9 0.0145489
22.91 0.0146653
22.92 0.0147611
22.93 0.0148356
22.94 0.0148885
22.95 0.0149193
22.96 0.0149269
22.97 0.0149106
22.98 0.0148696
22.99 0.0148033
23 0.0147121
23.01 0.0145969
23.02 0.014459
23.03 0.0143001
23.04 0.0141225
23.05 0.0139286
23.06 0.0137209
23.07 0.0135021
23.08 0.0132745
23.09 0.0130403
23.1 0.0128012
23.11 0.012559
23.12 0.0123156
23.13 0.0120725
23.14 0.0118316
23.15 0.0115945
23.16 0.0113631
23.17 0.011139
23.18 0.0109238
23.19 0.0107192
23.2 0.0105269
23.21 0.0103485
23.22 0.0101853
23.23 0.0100387
23.24 0.00990982
23.25 0.00979959
23.26 0.00970879
23.27 0.00963801
23.28 0.00958779
23.29 0.00955861
23.3 0.00955087
23.31 0.00956488
23.32 0.00960085
23.33 0.00965878
23.34 0.00973842
23.35 0.0098393
23.36 0.00996068
23.37 0.0101015
23.38 0.0102604
23.39 0.0104357
23.4 0.0106254
23.41 0.0108271
23.42 0.0110381
23.43 0.0112556
23.44 0.0114762
23.45 0.0116967
23.46 0.0119137
23.47 0.012124
23.48 0.0123246
23.49 0.0125129
23.5 0.0126867
23.51 0.0128441
23.52 0.0129835
23.53 0.0131033
23.54 0.0132023
23.55 0.0132794
23.56 0.0133339
23.57 0.0133652
23.58 0.0133731
23.59 0.0133577
23.6 0.0133192
23.61 0.0132581
23.62 0.0131752
23.63 0.0130715
23.64 0.0129484
23.65 0.0128072
23.66 0.0126498
23.67 0.0124778
23.68 0.0122931
23.69 0.0120974
23.7 0.0118922
23.71 0.0116791
23.72 0.0114595
23.73 0.0112347
23.74 0.0110058
23.75 0.0107737
23.76 0.010539
23.77 0.0103021
23.78 0.0100628
23.79 0.00982084
23.8 0.00957547
23.81 0.00932601
23.82 0.00907186
23.83 0.00881249
23.84 0.00854745
23.85 0.00827641
23.86 0.00799913
23.87 0.00771548
23.88 0.00742539
23.89 0.00712883
23.9 0.00682576
23.91 0.00651599
23.92 0.00619925
23.93 0.00587523
23.94 0.00554372
23.95 0.00520467
23.96 0.00485825
23.97 0.00450497
23.98 0.00414578
23.99 0.00378217
24 0.00341613
24.01 0.00305016
24.02 0.00268706
24.03 0.00232995
24.04 0.00198238
24.05 0.00164838
24.06 0.00133247
24.07 0.00103954
24.08 0.000773621
24.09 0.000537104
24.1 0.000332165
24.11 0.000161243
24.12 2.64614e-05
24.13 -7.0503e-05
24.14 -0.000128493
24.15 -0.000146923
24.16 -0.000125764
24.17 -6.55369e-05
24.18 3.27154e-05
24.19 0.000167587
24.2 0.000337352
24.21 0.000539919
24.22 0.000772846
24.23 0.00103335
24.24 0.00131835
24.25 0.00162455
24.26 0.0019484
24.27 0.00228611
24.28 0.00263363
24.29 0.00298669
24.3 0.00334072
24.31 0.00369098
24.32 0.00403279
24.33 0.00436176
24.34 0.00467407
24.35 0.00496661
24.36 0.00523699
24.37 0.00548338
24.38 0.00570439
24.39 0.00589908
24.4 0.00606686
24.41 0.00620737
24.42 0.00632044
24.43 0.00640596
24.44 0.00646386
24.45 0.0064942
24.46 0.00649719
24.47 0.00647334
24.48 0.00642341
24.49 0.00634847
24.5 0.00624983
24.51 0.00612899
24.52 0.00598761
24.53 0.00582748
24.54 0.00565038
24.55 0.00545813
24.56 0.00525255
24.57 0.00503541
24.58 0.00480833
24.59 0.00457286
24.6 0.00433055
24.61 0.00408302
24.62 0.00383194
24.63 0.00357894
24.64 0.00332567
24.65 0.00307397
24.66 0.00282589
24.67 0.00258363
24.68 0.00234954
24.69 0.00212613
24.7 0.00191598
24.71 0.00172172
24.72 0.00154589
24.73 0.00139089
24.74 0.00125895
24.75 0.00115216
24.76 0.0010725
24.77 0.00102177
24.78 0.00100142
24.79 0.00101248
24.8 0.00105558
24.81 0.00113095
24.82 0.00123839
24.83 0.00137722
24.84 0.00154632
24.85 0.00174425
24.86 0.00196924
24.87 0.00221922
24.88 0.00249182
24.89 0.00278432
24.9 0.00309362
24.91 0.00341631
24.92 0.0037487
24.93 0.00408694
24.94 0.00442703
24.95 0.00476498
24.96 0.00509682
24.97 0.00541861
24.98 0.00572656
24.99 0.00601709
25 0.00628694
