0.01 3.16651e-09
0.02 1.5231e-08
0.03 3.75256e-08
0.04 6.75866e-08
0.05 1.02968e-07
0.06 1.41274e-07
0.07 1.80191e-07
0.08 2.17489e-07
0.09 2.51022e-07
0.1 2.78732e-07
0.11 2.98684e-07
0.12 3.09072e-07
0.13 3.08193e-07
0.14 2.94395e-07
0.15 2.66074e-07
0.16 2.21737e-07
0.17 1.60058e-07
0.18 7.98938e-08
0.19 -1.96989e-08
0.2 -1.39451e-07
0.21 -2.79869e-07
0.22 -4.4123e-07
0.23 -6.23585e-07
0.24 -8.26788e-07
0.25 -1.05052e-06
0.26 -1.29436e-06
0.27 -1.55783e-06
0.28 -1.84025e-06
0.29 -2.1405e-06
0.3 -2.45695e-06
0.31 -2.78737e-06
0.32 -3.12894e-06
0.33 -3.47805e-06
0.34 -3.83027e-06
0.35 -4.18057e-06
0.36 -4.52366e-06
0.37 -4.85408e-06
0.38 -5.16684e-06
0.39 -5.4582e-06
0.4 -5.7263e-06
0.41 -5.97147e-06
0.42 -6.19576e-06
0.43 -6.40231e-06
0.44 -6.59546e-06
0.45 -6.78051e-06
0.46 -6.96327e-06
0.47 -7.14957e-06
0.48 -7.34468e-06
0.49 -7.55303e-06
0.5 -7.77808e-06
0.51 -8.02255e-06
0.52 -8.2887e-06
0.53 -8.57787e-06
0.54 -8.8907e-06
0.55 -9.2276e-06
0.56 -9.58825e-06
0.57 -9.97177e-06
0.58 -1.03772e-05
0.59 -1.08034e-05
0.6 -1.12491e-05
0.61 -1.17126e-05
0.62 -1.21922e-05
0.63 -1.2686e-05
0.64 -1.31918e-05
0.65 -1.37077e-05
0.66 -1.42317e-05
0.67 -1.47623e-05
0.68 -1.5298e-05
0.69 -1.58377e-05
0.7 -1.63805e-05
0.71 -1.6925e-05
0.72 -1.74694e-05
0.73 -1.80101e-05
0.74 -1.8542e-05
0.75 -1.90572e-05
0.76 -1.95449e-05
0.77 -1.99921e-05
0.78 -2.03846e-05
0.79 -2.07094e-05
0.8 -2.09562e-05
0.81 -2.1118e-05
0.82 -2.11909e-05
0.83 -2.11732e-05
0.84 -2.10656e-05
0.85 -2.08726e-05
0.86 -2.06022e-05
0.87 -2.02613e-05
0.88 -1.98526e-05
0.89 -1.93734e-05
0.9 -1.8818e-05
0.91 -1.81797e-05
0.92 -1.74518e-05
0.93 -1.66299e-05
0.94 -1.57144e-05
0.95 -1.47115e-05
0.96 -1.36346e-05
0.97 -1.25023e-05
0.98 -1.13345e-05
0.99 -1.01464e-05
1 -8.94678e-06
1.01 -7.73879e-06
1.02 -6.51967e-06
1.03 -5.28192e-06
1.04 -4.01574e-06
1.05 -2.71135e-06
1.06 -1.36231e-06
1.07 3.28689e-08
1.08 1.47211e-06
1.09 2.9526e-06
1.1 4.47164e-06
1.11 6.02526e-06
1.12 7.60944e-06
1.13 9.22191e-06
1.14 1.08616e-05
1.15 1.25271e-05
1.16 1.42153e-05
1.17 1.59184e-05
1.18 1.76217e-05
1.19 1.93061e-05
1.2 2.09507e-05
1.21 2.2532e-05
1.22 2.40226e-05
1.23 2.5394e-05
1.24 2.66225e-05
1.25 2.7697e-05
1.26 2.86234e-05
1.27 2.94202e-05
1.28 3.01082e-05
1.29 3.07083e-05
1.3 3.12399e-05
1.31 3.17168e-05
1.32 3.21435e-05
1.33 3.25191e-05
1.34 3.28417e-05
1.35 3.31124e-05
1.36 3.33353e-05
1.37 3.35175e-05
1.38 3.36686e-05
1.39 3.3799e-05
1.4 3.39181e-05
1.41 3.40312e-05
1.42 3.41352e-05
1.43 3.42152e-05
1.44 3.42402e-05
1.45 3.41615e-05
1.46 3.39143e-05
1.47 3.34252e-05
1.48 3.26187e-05
1.49 3.14191e-05
1.5 2.97543e-05
1.51 2.7561e-05
1.52 2.47867e-05
1.53 2.13973e-05
1.54 1.73853e-05
1.55 1.27769e-05
1.56 7.63483e-06
1.57 2.04764e-06
1.58 -3.87879e-06
1.59 -1.00287e-05
1.6 -1.62894e-05
1.61 -2.25588e-05
1.62 -2.87425e-05
1.63 -3.47559e-05
1.64 -4.05237e-05
1.65 -4.59802e-05
1.66 -5.10719e-05
1.67 -5.57592e-05
1.68 -6.00151e-05
1.69 -6.38187e-05
1.7 -6.71524e-05
1.71 -7.00014e-05
1.72 -7.23536e-05
1.73 -7.4197e-05
1.74 -7.55166e-05
1.75 -7.62904e-05
1.76 -7.64944e-05
1.77 -7.61096e-05
1.78 -7.51179e-05
1.79 -7.34968e-05
1.8 -7.12218e-05
1.81 -6.82716e-05
1.82 -6.46278e-05
1.83 -6.02777e-05
1.84 -5.52236e-05
1.85 -4.94888e-05
1.86 -4.31123e-05
1.87 -3.61397e-05
1.88 -2.8616e-05
1.89 -2.0585e-05
1.9 -1.20891e-05
1.91 -3.16885e-06
1.92 6.13746e-06
1.93 1.57916e-05
1.94 2.57426e-05
1.95 3.59111e-05
1.96 4.6189e-05
1.97 5.64455e-05
1.98 6.65321e-05
1.99 7.62952e-05
2 8.55972e-05
2.01 9.43356e-05
2.02 0.000102445
2.03 0.000109896
2.04 0.000116688
2.05 0.000122847
2.06 0.000128405
2.07 0.0001334
2.08 0.000137851
2.09 0.000141755
2.1 0.000145078
2.11 0.000147762
2.12 0.000149723
2.13 0.000150844
2.14 0.000150992
2.15 0.000150026
2.16 0.000147803
2.17 0.000144186
2.18 0.000139045
2.19 0.000132252
2.2 0.000123673
2.21 0.000113178
2.22 0.000100646
2.23 8.59803e-05
2.24 6.9108e-05
2.25 4.99779e-05
2.26 2.85649e-05
2.27 4.89616e-06
2.28 -2.09431e-05
2.29 -4.88228e-05
2.3 -7.85732e-05
2.31 -0.000109985
2.32 -0.000142805
2.33 -0.000176724
2.34 -0.000211376
2.35 -0.000246345
2.36 -0.000281174
2.37 -0.000315383
2.38 -0.000348478
2.39 -0.000379953
2.4 -0.000409312
2.41 -0.000436114
2.42 -0.000459988
2.43 -0.000480626
2.44 -0.000497758
2.45 -0.000511154
2.46 -0.000520623
2.47 -0.000526025
2.48 -0.000527277
2.49 -0.000524334
2.5 -0.000517176
2.51 -0.000505791
2.52 -0.000490175
2.53 -0.000470348
2.54 -0.000446355
2.55 -0.000418259
2.56 -0.000386154
2.57 -0.00035018
2.58 -0.000310553
2.59 -0.000267563
2.6 -0.000221565
2.61 -0.000172966
2.62 -0.000122194
2.63 -6.96841e-05
2.64 -1.58575e-05
2.65 3.88782e-05
2.66 9.41319e-05
2.67 0.000149528
2.68 0.000204696
2.69 0.000259264
2.7 0.000312848
2.71 0.000365073
2.72 0.000415572
2.73 0.00046399
2.74 0.000510009
2.75 0.000553346
2.76 0.00059375
2.77 0.000630989
2.78 0.000664881
2.79 0.000695309
2.8 0.000722209
2.81 0.000745573
2.82 0.00076541
2.83 0.000781721
2.84 0.000794491
2.85 0.000803687
2.86 0.000809268
2.87 0.00081117
2.88 0.0008093
2.89 0.000803539
2.9 0.000793771
2.91 0.000779888
2.92 0.000761791
2.93 0.000739399
2.94 0.000712661
2.95 0.000681561
2.96 0.000646127
2.97 0.00060646
2.98 0.000562741
2.99 0.000515222
3 0.00046421
3.01 0.000410052
3.02 0.000353114
3.03 0.00029376
3.04 0.000232343
3.05 0.000169196
3.06 0.00010462
3.07 3.8882e-05
3.08 -2.77858e-05
3.09 -9.51699e-05
3.1 -0.000163045
3.11 -0.000231146
3.12 -0.000299155
3.13 -0.000366685
3.14 -0.000433301
3.15 -0.000498545
3.16 -0.000561954
3.17 -0.000623056
3.18 -0.000681382
3.19 -0.000736477
3.2 -0.000787934
3.21 -0.000835376
3.22 -0.000878427
3.23 -0.000916699
3.24 -0.000949799
3.25 -0.000977335
3.26 -0.000998932
3.27 -0.00101422
3.28 -0.00102281
3.29 -0.00102436
3.3 -0.00101856
3.31 -0.00100515
3.32 -0.000983941
3.33 -0.000954794
3.34 -0.000917733
3.35 -0.000872935
3.36 -0.000820755
3.37 -0.000761706
3.38 -0.000696447
3.39 -0.000625772
3.4 -0.000550589
3.41 -0.000471905
3.42 -0.000390778
3.43 -0.000308279
3.44 -0.000225465
3.45 -0.000143366
3.46 -6.29675e-05
3.47 1.48352e-05
3.48 8.92913e-05
3.49 0.000159815
3.5 0.000225984
3.51 0.000287522
3.52 0.000344296
3.53 0.000396297
3.54 0.000443606
3.55 0.000486342
3.56 0.000524605
3.57 0.000558463
3.58 0.000587999
3.59 0.000613319
3.6 0.000634513
3.61 0.000651636
3.62 0.000664712
3.63 0.000673741
3.64 0.000678688
3.65 0.000679495
3.66 0.00067607
3.67 0.00066828
3.68 0.000655951
3.69 0.000638893
3.7 0.000616949
3.71 0.000590012
3.72 0.00055801
3.73 0.000520923
3.74 0.000478816
3.75 0.000431822
3.76 0.000380131
3.77 0.000323998
3.78 0.000263741
3.79 0.000199734
3.8 0.000132411
3.81 6.22848e-05
3.82 -1.00649e-05
3.83 -8.4024e-05
3.84 -0.000158946
3.85 -0.000234166
3.86 -0.000309055
3.87 -0.000383064
3.88 -0.000455759
3.89 -0.000526828
3.9 -0.000596086
3.91 -0.000663478
3.92 -0.000729072
3.93 -0.000793027
3.94 -0.000855546
3.95 -0.000916849
3.96 -0.000977149
3.97 -0.00103661
3.98 -0.00109529
3.99 -0.00115311
4 -0.00120984
4.01 -0.00126512
4.02 -0.00131846
4.03 -0.00136929
4.04 -0.00141692
4.05 -0.00146058
4.06 -0.00149941
4.07 -0.00153247
4.08 -0.0015587
4.09 -0.001577
4.1 -0.0015862
4.11 -0.0015852
4.12 -0.001573
4.13 -0.00154888
4.14 -0.00151234
4.15 -0.00146324
4.16 -0.00140182
4.17 -0.0013287
4.18 -0.00124485
4.19 -0.00115152
4.2 -0.00105018
4.21 -0.000942486
4.22 -0.000830179
4.23 -0.000714962
4.24 -0.00059843
4.25 -0.000482077
4.26 -0.000367323
4.27 -0.000255484
4.28 -0.000147729
4.29 -4.5059e-05
4.3 5.17188e-05
4.31 0.000141979
4.32 0.000225253
4.33 0.000301225
4.34 0.000369752
4.35 0.000430884
4.36 0.000484861
4.37 0.000532091
4.38 0.000573117
4.39 0.000608572
4.4 0.000639167
4.41 0.000665687
4.42 0.000688966
4.43 0.00070985
4.44 0.000729168
4.45 0.000747687
4.46 0.000766031
4.47 0.000784631
4.48 0.000803722
4.49 0.000823394
4.5 0.000843672
4.51 0.000864542
4.52 0.000885906
4.53 0.000907547
4.54 0.000929139
4.55 0.000950268
4.56 0.000970444
4.57 0.000989117
4.58 0.00100568
4.59 0.00101948
4.6 0.00102986
4.61 0.00103617
4.62 0.00103786
4.63 0.00103445
4.64 0.00102554
4.65 0.00101086
4.66 0.00099024
4.67 0.000963702
4.68 0.00093145
4.69 0.000893849
4.7 0.000851363
4.71 0.000804492
4.72 0.00075373
4.73 0.000699586
4.74 0.00064256
4.75 0.000583073
4.76 0.000521469
4.77 0.000458051
4.78 0.000393097
4.79 0.000326883
4.8 0.000259681
4.81 0.000191705
4.82 0.000123116
4.83 5.40885e-05
4.84 -1.52025e-05
4.85 -8.46357e-05
4.86 -0.000154124
4.87 -0.00022354
4.88 -0.000292701
4.89 -0.000361405
4.9 -0.000429442
4.91 -0.000496554
4.92 -0.000562432
4.93 -0.000626728
4.94 -0.000689091
4.95 -0.000749169
4.96 -0.000806601
4.97 -0.000860999
4.98 -0.000911937
4.99 -0.000958956
5 -0.00100158
5.01 -0.00103935
5.02 -0.00107191
5.03 -0.00109904
5.04 -0.00112067
5.05 -0.0011369
5.06 -0.00114798
5.07 -0.00115433
5.08 -0.00115652
5.09 -0.00115518
5.1 -0.00115102
5.11 -0.00114481
5.12 -0.00113729
5.13 -0.00112915
5.14 -0.00112099
5.15 -0.00111328
5.16 -0.00110629
5.17 -0.00110007
5.18 -0.00109446
5.19 -0.00108914
5.2 -0.00108369
5.21 -0.00107752
5.22 -0.00106999
5.23 -0.00106044
5.24 -0.00104828
5.25 -0.00103293
5.26 -0.00101381
5.27 -0.00099028
5.28 -0.000961695
5.29 -0.000927446
5.3 -0.000886994
5.31 -0.000839876
5.32 -0.000785749
5.33 -0.000724474
5.34 -0.000656168
5.35 -0.000581192
5.36 -0.000500169
5.37 -0.000414034
5.38 -0.000323999
5.39 -0.000231431
5.4 -0.000137757
5.41 -4.44158e-05
5.42 4.71862e-05
5.43 0.000135755
5.44 0.000220167
5.45 0.000299499
5.46 0.000373023
5.47 0.000440169
5.48 0.000500472
5.49 0.000553556
5.5 0.000599176
5.51 0.000637237
5.52 0.000667745
5.53 0.000690765
5.54 0.000706417
5.55 0.00071491
5.56 0.000716529
5.57 0.000711561
5.58 0.00070024
5.59 0.000682766
5.6 0.000659353
5.61 0.000630269
5.62 0.000595849
5.63 0.000556482
5.64 0.000512617
5.65 0.000464743
5.66 0.000413359
5.67 0.00035901
5.68 0.000302307
5.69 0.000243943
5.7 0.00018469
5.71 0.000125405
5.72 6.70272e-05
5.73 1.05359e-05
5.74 -4.30948e-05
5.75 -9.28891e-05
5.76 -0.000137909
5.77 -0.000177315
5.78 -0.000210414
5.79 -0.000236701
5.8 -0.000255896
5.81 -0.000267961
5.82 -0.000273123
5.83 -0.000271894
5.84 -0.000265036
5.85 -0.000253505
5.86 -0.000238389
5.87 -0.000220877
5.88 -0.000202209
5.89 -0.000183638
5.9 -0.000166374
5.91 -0.000151526
5.92 -0.000140051
5.93 -0.000132753
5.94 -0.000130265
5.95 -0.000133014
5.96 -0.000141154
5.97 -0.000154506
5.98 -0.000172571
5.99 -0.000194592
6 -0.000219578
6.01 -0.000246364
6.02 -0.000273715
6.03 -0.000300367
6.04 -0.000325042
6.05 -0.000346474
6.06 -0.000363478
6.07 -0.000375033
6.08 -0.000380341
6.09 -0.000378828
6.1 -0.000370097
6.11 -0.000353916
6.12 -0.000330237
6.13 -0.00029919
6.14 -0.000261017
6.15 -0.000216001
6.16 -0.00016442
6.17 -0.000106474
6.18 -4.22022e-05
6.19 2.85167e-05
6.2 0.000105883
6.21 0.000190115
6.22 0.000281459
6.23 0.00038019
6.24 0.000486529
6.25 0.000600614
6.26 0.000722527
6.27 0.000852285
6.28 0.000989849
6.29 0.00113516
6.3 0.00128816
6.31 0.00144877
6.32 0.00161694
6.33 0.00179263
6.34 0.00197581
6.35 0.0021664
6.36 0.00236424
6.37 0.00256895
6.38 0.0027798
6.39 0.00299573
6.4 0.00321541
6.41 0.00343734
6.42 0.00365994
6.43 0.00388166
6.44 0.00410107
6.45 0.00431695
6.46 0.00452837
6.47 0.00473465
6.48 0.0049352
6.49 0.0051294
6.5 0.0053165
6.51 0.00549545
6.52 0.00566481
6.53 0.00582283
6.54 0.00596743
6.55 0.00609615
6.56 0.00620624
6.57 0.00629474
6.58 0.00635868
6.59 0.0063952
6.6 0.0064018
6.61 0.00637645
6.62 0.00631765
6.63 0.0062245
6.64 0.00609665
6.65 0.00593414
6.66 0.00573732
6.67 0.00550671
6.68 0.00524301
6.69 0.0049471
6.7 0.00462001
6.71 0.00426297
6.72 0.00387743
6.73 0.00346501
6.74 0.00302752
6.75 0.00256705
6.76 0.00208596
6.77 0.00158689
6.78 0.0010727
6.79 0.000546503
6.8 1.15935e-05
6.81 -0.00052863
6.82 -0.00107078
6.83 -0.00161155
6.84 -0.00214775
6.85 -0.00267639
6.86 -0.00319465
6.87 -0.00369998
6.88 -0.00419002
6.89 -0.00466256
6.9 -0.00511542
6.91 -0.00554643
6.92 -0.00595328
6.93 -0.00633359
6.94 -0.00668479
6.95 -0.00700424
6.96 -0.0072893
6.97 -0.0075375
6.98 -0.00774673
6.99 -0.00791536
7 -0.00804236
7.01 -0.00812729
7.02 -0.00817032
7.03 -0.00817204
7.04 -0.00813331
7.05 -0.00805512
7.06 -0.00793839
7.07 -0.00778394
7.08 -0.00759239
7.09 -0.00736426
7.1 -0.00709999
7.11 -0.00680007
7.12 -0.00646512
7.13 -0.00609616
7.14 -0.00569476
7.15 -0.00526311
7.16 -0.00480399
7.17 -0.00432068
7.18 -0.00381688
7.19 -0.0032965
7.2 -0.00276364
7.21 -0.00222235
7.22 -0.00167653
7.23 -0.00112979
7.24 -0.000585406
7.25 -4.62853e-05
7.26 0.000484965
7.27 0.00100594
7.28 0.00151429
7.29 0.00200762
7.3 0.00248341
7.31 0.00293895
7.32 0.00337139
7.33 0.00377774
7.34 0.00415506
7.35 0.00450062
7.36 0.00481201
7.37 0.0050873
7.38 0.00532514
7.39 0.00552479
7.4 0.00568604
7.41 0.00580919
7.42 0.00589489
7.43 0.00594396
7.44 0.00595727
7.45 0.00593556
7.46 0.00587947
7.47 0.00578949
7.48 0.00566592
7.49 0.00550891
7.5 0.00531846
7.51 0.00509444
7.52 0.00483673
7.53 0.0045453
7.54 0.00422038
7.55 0.00386248
7.56 0.00347238
7.57 0.00305106
7.58 0.00259967
7.59 0.00211954
7.6 0.00161216
7.61 0.00107918
7.62 0.000522664
7.63 -5.48592e-05
7.64 -0.000650267
7.65 -0.00125992
7.66 -0.00187963
7.67 -0.00250462
7.68 -0.0031295
7.69 -0.00374835
7.7 -0.00435482
7.71 -0.00494231
7.72 -0.00550434
7.73 -0.00603489
7.74 -0.00652857
7.75 -0.00698077
7.76 -0.00738763
7.77 -0.00774601
7.78 -0.00805337
7.79 -0.00830781
7.8 -0.00850807
7.81 -0.00865348
7.82 -0.00874395
7.83 -0.00877993
7.84 -0.00876239
7.85 -0.00869283
7.86 -0.00857309
7.87 -0.00840542
7.88 -0.00819232
7.89 -0.00793645
7.9 -0.00764055
7.91 -0.0073074
7.92 -0.00693973
7.93 -0.00654021
7.94 -0.00611139
7.95 -0.00565575
7.96 -0.0051757
7.97 -0.0046736
7.98 -0.00415174
7.99 -0.00361239
8 -0.00305788
8.01 -0.00249071
8.02 -0.00191351
8.03 -0.00132915
8.04 -0.000740693
8.05 -0.000151481
8.06 0.00043486
8.07 0.0010145
8.08 0.0015835
8.09 0.00213795
8.1 0.00267414
8.11 0.00318864
8.12 0.00367857
8.13 0.00414158
8.14 0.00457583
8.15 0.00497998
8.16 0.00535316
8.17 0.00569492
8.18 0.00600511
8.19 0.00628379
8.2 0.0065312
8.21 0.00674764
8.22 0.00693343
8.23 0.0070889
8.24 0.00721441
8.25 0.00731034
8.26 0.00737705
8.27 0.00741481
8.28 0.00742386
8.29 0.00740434
8.3 0.00735619
8.31 0.00727914
8.32 0.00717254
8.33 0.00703536
8.34 0.00686628
8.35 0.00666381
8.36 0.00642642
8.37 0.00615285
8.38 0.00584226
8.39 0.00549445
8.4 0.00511001
8.41 0.00469036
8.42 0.00423759
8.43 0.00375444
8.44 0.00324423
8.45 0.00271082
8.46 0.00215859
8.47 0.00159238
8.48 0.0010174
8.49 0.000439084
8.5 -0.000137051
8.51 -0.000705524
8.52 -0.00126105
8.53 -0.00179876
8.54 -0.00231431
8.55 -0.002804
8.56 -0.00326471
8.57 -0.00369379
8.58 -0.00408901
8.59 -0.0044485
8.6 -0.00477069
8.61 -0.00505421
8.62 -0.00529783
8.63 -0.00550035
8.64 -0.00566054
8.65 -0.00577714
8.66 -0.00584886
8.67 -0.00587443
8.68 -0.00585273
8.69 -0.00578283
8.7 -0.00566415
8.71 -0.0054964
8.72 -0.00527971
8.73 -0.00501466
8.74 -0.00470239
8.75 -0.00434452
8.76 -0.0039432
8.77 -0.00350124
8.78 -0.00302198
8.79 -0.00250933
8.8 -0.00196762
8.81 -0.00140166
8.82 -0.000816585
8.83 -0.000217709
8.84 0.000389662
8.85 0.00100036
8.86 0.00160939
8.87 0.00221198
8.88 0.00280355
8.89 0.00337985
8.9 0.00393701
8.91 0.00447161
8.92 0.00498057
8.93 0.00546117
8.94 0.00591092
8.95 0.00632753
8.96 0.00670881
8.97 0.00705276
8.98 0.00735754
8.99 0.00762142
9 0.00784272
9.01 0.00801974
9.02 0.00815083
9.03 0.00823431
9.04 0.00826858
9.05 0.00825226
9.06 0.00818434
9.07 0.00806425
9.08 0.00789194
9.09 0.00766781
9.1 0.00739272
9.11 0.00706787
9.12 0.00669476
9.13 0.00627521
9.14 0.00581134
9.15 0.00530554
9.16 0.00476058
9.17 0.0041797
9.18 0.00356668
9.19 0.00292591
9.2 0.00226237
9.21 0.00158166
9.22 0.000889977
9.23 0.000194036
9.24 -0.000499161
9.25 -0.0011826
9.26 -0.00184953
9.27 -0.00249368
9.28 -0.00310941
9.29 -0.00369183
9.3 -0.00423674
9.31 -0.00474051
9.32 -0.00519989
9.33 -0.00561201
9.34 -0.00597445
9.35 -0.00628513
9.36 -0.00654234
9.37 -0.00674479
9.38 -0.00689154
9.39 -0.00698208
9.4 -0.00701632
9.41 -0.00699475
9.42 -0.00691847
9.43 -0.00678925
9.44 -0.00660958
9.45 -0.00638272
9.46 -0.00611251
9.47 -0.00580325
9.48 -0.00545948
9.49 -0.00508578
9.5 -0.00468662
9.51 -0.00426621
9.52 -0.00382846
9.53 -0.00337699
9.54 -0.00291519
9.55 -0.0024464
9.56 -0.00197397
9.57 -0.00150132
9.58 -0.00103208
9.59 -0.000570073
9.6 -0.000119267
9.61 0.000316369
9.62 0.000732995
9.63 0.00112705
9.64 0.00149543
9.65 0.00183552
9.66 0.00214529
9.67 0.00242323
9.68 0.00266836
9.69 0.00288022
9.7 0.00305873
9.71 0.00320406
9.72 0.00331654
9.73 0.00339658
9.74 0.00344461
9.75 0.00346097
9.76 0.00344593
9.77 0.00339969
9.78 0.00332243
9.79 0.0032143
9.8 0.00307544
9.81 0.00290597
9.82 0.00270601
9.83 0.00247573
9.84 0.00221535
9.85 0.00192518
9.86 0.00160565
9.87 0.00125752
9.88 0.000881808
9.89 0.000479893
9.9 5.34447e-05
9.91 -0.000395452
9.92 -0.000864264
9.93 -0.00135006
9.94 -0.00184954
9.95 -0.00235906
9.96 -0.00287473
9.97 -0.00339263
9.98 -0.00390897
9.99 -0.00442016
10 -0.00492291
10.01 -0.00541419
10.02 -0.0058913
10.03 -0.00635191
10.04 -0.00679396
10.05 -0.00721547
10.06 -0.00761449
10.07 -0.00798901
10.08 -0.00833698
10.09 -0.00865636
10.1 -0.00894514
10.11 -0.00920135
10.12 -0.00942323
10.13 -0.00960935
10.14 -0.00975866
10.15 -0.00987047
10.16 -0.00994448
10.17 -0.00998069
10.18 -0.00997927
10.19 -0.00994051
10.2 -0.00986477
10.21 -0.00975244
10.22 -0.00960403
10.23 -0.00942024
10.24 -0.00920187
10.25 -0.00894994
10.26 -0.00866571
10.27 -0.00835071
10.28 -0.00800676
10.29 -0.00763586
10.3 -0.00724019
10.31 -0.0068221
10.32 -0.00638396
10.33 -0.00592815
10.34 -0.00545711
10.35 -0.00497335
10.36 -0.00447945
10.37 -0.00397803
10.38 -0.00347173
10.39 -0.00296319
10.4 -0.002455
10.41 -0.00194964
10.42 -0.0014494
10.43 -0.000956323
10.44 -0.000472176
10.45 1.56366e-06
10.46 0.000463673
10.47 0.00091307
10.48 0.00134871
10.49 0.00176948
10.5 0.00217408
10.51 0.00256101
10.52 0.00292854
10.53 0.00327482
10.54 0.00359788
10.55 0.00389579
10.56 0.0041667
10.57 0.00440892
10.58 0.00462088
10.59 0.00480119
10.6 0.0049487
10.61 0.00506241
10.62 0.0051415
10.63 0.0051853
10.64 0.00519325
10.65 0.00516489
10.66 0.0050999
10.67 0.00499812
10.68 0.00485959
10.69 0.00468467
10.7 0.00447409
10.71 0.00422901
10.72 0.00395093
10.73 0.00364169
10.74 0.00330341
10.75 0.00293845
10.76 0.0025494
10.77 0.00213901
10.78 0.0017103
10.79 0.00126644
10.8 0.000810767
10.81 0.00034667
10.82 -0.000122359
10.83 -0.00059276
10.84 -0.00106096
10.85 -0.00152342
10.86 -0.00197673
10.87 -0.00241769
10.88 -0.00284328
10.89 -0.00325068
10.9 -0.00363725
10.91 -0.00400054
10.92 -0.00433823
10.93 -0.00464799
10.94 -0.00492749
10.95 -0.00517435
10.96 -0.00538619
10.97 -0.00556066
10.98 -0.00569553
10.99 -0.00578881
11 -0.00583883
11.01 -0.0058443
11.02 -0.00580435
11.03 -0.00571857
11.04 -0.00558704
11.05 -0.0054103
11.06 -0.00518928
11.07 -0.00492525
11.08 -0.00461984
11.09 -0.00427501
11.1 -0.00389298
11.11 -0.00347618
11.12 -0.00302715
11.13 -0.00254851
11.14 -0.00204303
11.15 -0.00151363
11.16 -0.000963293
11.17 -0.000394989
11.18 0.000188435
11.19 0.000784277
11.2 0.00138999
11.21 0.00200318
11.22 0.00262157
11.23 0.00324299
11.24 0.00386513
11.25 0.00448539
11.26 0.00510074
11.27 0.00570774
11.28 0.00630263
11.29 0.00688149
11.3 0.00744038
11.31 0.00797543
11.32 0.00848295
11.33 0.0089595
11.34 0.00940208
11.35 0.0098082
11.36 0.010176
11.37 0.0105042
11.38 0.0107919
11.39 0.0110384
11.4 0.0112433
11.41 0.0114064
11.42 0.0115274
11.43 0.0116061
11.44 0.0116426
11.45 0.0116368
11.46 0.0115891
11.47 0.0114996
11.48 0.011369
11.49 0.0111985
11.5 0.0109898
11.51 0.0107453
11.52 0.0104679
11.53 0.0101607
11.54 0.00982738
11.55 0.00947161
11.56 0.00909705
11.57 0.00870721
11.58 0.00830536
11.59 0.00789459
11.6 0.0074779
11.61 0.0070583
11.62 0.00663881
11.63 0.00622244
11.64 0.00581217
11.65 0.00541092
11.66 0.00502152
11.67 0.00464666
11.68 0.00428895
11.69 0.00395072
11.7 0.00363403
11.71 0.00334055
11.72 0.00307154
11.73 0.00282777
11.74 0.00260957
11.75 0.00241678
11.76 0.00224867
11.77 0.0021039
11.78 0.00198045
11.79 0.00187578
11.8 0.00178702
11.81 0.00171125
11.82 0.00164573
11.83 0.00158797
11.84 0.0015358
11.85 0.00148736
11.86 0.00144102
11.87 0.00139529
11.88 0.00134872
11.89 0.00129998
11.9 0.00124785
11.91 0.00119122
11.92 0.00112914
11.93 0.00106077
11.94 0.000985403
11.95 0.000902459
11.96 0.000811451
11.97 0.000712
11.98 0.000603912
11.99 0.000487264
12 0.000362404
12.01 0.000229903
12.02 9.05849e-05
12.03 -5.44021e-05
12.04 -0.000203587
12.05 -0.000355251
12.06 -0.000507521
12.07 -0.000658469
12.08 -0.00080625
12.09 -0.000949266
12.1 -0.00108624
12.11 -0.00121621
12.12 -0.0013385
12.13 -0.00145283
12.14 -0.00155936
12.15 -0.0016586
12.16 -0.00175139
12.17 -0.00183878
12.18 -0.00192186
12.19 -0.00200179
12.2 -0.00207975
12.21 -0.0021569
12.22 -0.00223427
12.23 -0.00231273
12.24 -0.00239312
12.25 -0.00247619
12.26 -0.00256251
12.27 -0.00265243
12.28 -0.00274614
12.29 -0.00284365
12.3 -0.0029448
12.31 -0.00304926
12.32 -0.00315645
12.33 -0.00326549
12.34 -0.00337525
12.35 -0.00348441
12.36 -0.00359146
12.37 -0.00369469
12.38 -0.00379217
12.39 -0.00388182
12.4 -0.00396152
12.41 -0.00402908
12.42 -0.00408249
12.43 -0.00411996
12.44 -0.0041399
12.45 -0.00414083
12.46 -0.00412149
12.47 -0.00408071
12.48 -0.00401722
12.49 -0.0039295
12.5 -0.00381573
12.51 -0.00367376
12.52 -0.00350123
12.53 -0.00329566
12.54 -0.00305464
12.55 -0.0027761
12.56 -0.00245842
12.57 -0.00210052
12.58 -0.00170184
12.59 -0.00126225
12.6 -0.000781937
12.61 -0.000261369
12.62 0.000298581
12.63 0.000896519
12.64 0.00153051
12.65 0.00219815
12.66 0.00289665
12.67 0.00362263
12.68 0.0043722
12.69 0.00514084
12.7 0.00592353
12.71 0.00671483
12.72 0.00750905
12.73 0.00830037
12.74 0.00908291
12.75 0.00985087
12.76 0.0105986
12.77 0.0113207
12.78 0.0120122
12.79 0.0126696
12.8 0.0132927
12.81 0.0138813
12.82 0.0144348
12.83 0.0149525
12.84 0.0154335
12.85 0.015877
12.86 0.0162823
12.87 0.0166487
12.88 0.0169759
12.89 0.0172637
12.9 0.0175123
12.91 0.017722
12.92 0.0178931
12.93 0.0180261
12.94 0.0181211
12.95 0.0181784
12.96 0.0181979
12.97 0.0181797
12.98 0.0181236
12.99 0.0180299
13 0.0178989
13.01 0.0177313
13.02 0.017528
13.03 0.0172907
13.04 0.0170209
13.05 0.0167208
13.06 0.0163926
13.07 0.0160383
13.08 0.0156602
13.09 0.0152602
13.1 0.0148401
13.11 0.0144017
13.12 0.0139465
13.13 0.0134761
13.14 0.0129923
13.15 0.0124969
13.16 0.0119922
13.17 0.0114805
13.18 0.0109648
13.19 0.0104478
13.2 0.0099325
13.21 0.00942206
13.22 0.00891938
13.23 0.00842736
13.24 0.00794872
13.25 0.00748607
13.26 0.00704176
13.27 0.00661797
13.28 0.00621659
13.29 0.00583924
13.3 0.0054873
13.31 0.0051618
13.32 0.00486341
13.33 0.00459241
13.34 0.00434879
13.35 0.00413232
13.36 0.00394259
13.37 0.00377919
13.38 0.00364167
13.39 0.00352959
13.4 0.0034425
13.41 0.00338003
13.42 0.00334187
13.43 0.00332782
13.44 0.00333774
13.45 0.00337163
13.46 0.00342953
13.47 0.0035116
13.48 0.003618
13.49 0.00374887
13.5 0.00390432
13.51 0.00408441
13.52 0.00428908
13.53 0.00451822
13.54 0.00477167
13.55 0.00504925
13.56 0.00535069
13.57 0.0056756
13.58 0.00602336
13.59 0.00639299
13.6 0.00678319
13.61 0.00719239
13.62 0.00761883
13.63 0.00806064
13.64 0.00851585
13.65 0.00898236
13.66 0.00945803
13.67 0.00994069
13.68 0.0104281
13.69 0.010918
13.7 0.0114077
13.71 0.0118945
13.72 0.0123756
13.73 0.012848
13.74 0.0133087
13.75 0.0137543
13.76 0.0141814
13.77 0.0145862
13.78 0.0149648
13.79 0.0153131
13.8 0.0156267
13.81 0.015901
13.82 0.0161311
13.83 0.0163125
13.84 0.0164411
13.85 0.0165138
13.86 0.0165288
13.87 0.016485
13.88 0.0163818
13.89 0.0162193
13.9 0.0159976
13.91 0.0157173
13.92 0.0153794
13.93 0.0149853
13.94 0.0145364
13.95 0.0140348
13.96 0.0134826
13.97 0.0128824
13.98 0.0122372
13.99 0.0115499
14 0.010824
14.01 0.0100628
14.02 0.00926997
14.03 0.00844926
14.04 0.00760468
14.05 0.00674039
14.06 0.0058606
14.07 0.00496951
14.08 0.00407119
14.09 0.00316952
14.1 0.00226813
14.11 0.00137033
14.12 0.000479095
14.13 -0.000402998
14.14 -0.00127378
14.15 -0.00213151
14.16 -0.00297482
14.17 -0.00380262
14.18 -0.00461392
14.19 -0.00540779
14.2 -0.00618537
14.21 -0.00695105
14.22 -0.00770956
14.23 -0.00846484
14.24 -0.00922084
14.25 -0.00998163
14.26 -0.0107514
14.27 -0.0115341
14.28 -0.0123341
14.29 -0.0131549
14.3 -0.0140004
14.31 -0.0148736
14.32 -0.0157775
14.33 -0.0167144
14.34 -0.0176865
14.35 -0.0186955
14.36 -0.0197435
14.37 -0.0208326
14.38 -0.0219651
14.39 -0.0231436
14.4 -0.0243705
14.41 -0.0256486
14.42 -0.0269803
14.43 -0.0283682
14.44 -0.0298143
14.45 -0.0313205
14.46 -0.0328878
14.47 -0.034517
14.48 -0.0362083
14.49 -0.0379618
14.5 -0.0397776
14.51 -0.0416556
14.52 -0.0435958
14.53 -0.0455984
14.54 -0.0476636
14.55 -0.0497918
14.56 -0.0519835
14.57 -0.0542391
14.58 -0.0565591
14.59 -0.0589438
14.6 -0.0613937
14.61 -0.0639087
14.62 -0.0664883
14.63 -0.0691316
14.64 -0.0718368
14.65 -0.0746011
14.66 -0.0774212
14.67 -0.0802928
14.68 -0.0832115
14.69 -0.086173
14.7 -0.0891733
14.71 -0.0922085
14.72 -0.0952749
14.73 -0.0983679
14.74 -0.101482
14.75 -0.104611
14.76 -0.107748
14.77 -0.110885
14.78 -0.114017
14.79 -0.117135
14.8 -0.120235
14.81 -0.123307
14.82 -0.126347
14.83 -0.129347
14.84 -0.132302
14.85 -0.135203
14.86 -0.138047
14.87 -0.140825
14.88 -0.143532
14.89 -0.146163
14.9 -0.14871
14.91 -0.151167
14.92 -0.153527
14.93 -0.155785
14.94 -0.157934
14.95 -0.159967
14.96 -0.161877
14.97 -0.16366
14.98 -0.165309
14.99 -0.16682
15 -0.16819
15.01 -0.169418
15.02 -0.170503
15.03 -0.171447
15.04 -0.172251
15.05 -0.17292
15.06 -0.173457
15.07 -0.173865
15.08 -0.174152
15.09 -0.174321
15.1 -0.174377
15.11 -0.174327
15.12 -0.174175
15.13 -0.173928
15.14 -0.173592
15.15 -0.173174
15.16 -0.172683
15.17 -0.172125
15.18 -0.171508
15.19 -0.170838
15.2 -0.170122
15.21 -0.169369
15.22 -0.168584
15.23 -0.167776
15.24 -0.166953
15.25 -0.166123
15.26 -0.165295
15.27 -0.164478
15.28 -0.163682
15.29 -0.162915
15.3 -0.162187
15.31 -0.161506
15.32 -0.160879
15.33 -0.160311
15.34 -0.159808
15.35 -0.159375
15.36 -0.159016
15.37 -0.158735
15.38 -0.158537
15.39 -0.158424
15.4 -0.158398
15.41 -0.158462
15.42 -0.158615
15.43 -0.158858
15.44 -0.159189
15.45 -0.159606
15.46 -0.160105
15.47 -0.160682
15.48 -0.16133
15.49 -0.162045
15.5 -0.162816
15.51 -0.163635
15.52 -0.164492
15.53 -0.165375
15.54 -0.166274
15.55 -0.167178
15.56 -0.168076
15.57 -0.168957
15.58 -0.169809
15.59 -0.170624
15.6 -0.17139
15.61 -0.172099
15.62 -0.172739
15.63 -0.173304
15.64 -0.173784
15.65 -0.174171
15.66 -0.174458
15.67 -0.174639
15.68 -0.174709
15.69 -0.174663
15.7 -0.174497
15.71 -0.174208
15.72 -0.173793
15.73 -0.17325
15.74 -0.172577
15.75 -0.171775
15.76 -0.170842
15.77 -0.169781
15.78 -0.168593
15.79 -0.16728
15.8 -0.165846
15.81 -0.164295
15.82 -0.162633
15.83 -0.160867
15.84 -0.159002
15.85 -0.157048
15.86 -0.155014
15.87 -0.152909
15.88 -0.150743
15.89 -0.148523
15.9 -0.146246
15.91 -0.143909
15.92 -0.14151
15.93 -0.139048
15.94 -0.13652
15.95 -0.133924
15.96 -0.13126
15.97 -0.128526
15.98 -0.125722
15.99 -0.122846
16 -0.119901
16.01 -0.116886
16.02 -0.113803
16.03 -0.110655
16.04 -0.107445
16.05 -0.104178
16.06 -0.100859
16.07 -0.0974927
16.08 -0.0940849
16.09 -0.0906407
16.1 -0.0871654
16.11 -0.0836641
16.12 -0.0801418
16.13 -0.0766036
16.14 -0.0730546
16.15 -0.0695001
16.16 -0.0659453
16.17 -0.0623957
16.18 -0.0588565
16.19 -0.0553334
16.2 -0.0518315
16.21 -0.0483562
16.22 -0.0449123
16.23 -0.041504
16.24 -0.0381352
16.25 -0.0348086
16.26 -0.0315263
16.27 -0.0282896
16.28 -0.0250991
16.29 -0.0219555
16.3 -0.0188591
16.31 -0.0158098
16.32 -0.0128078
16.33 -0.00985268
16.34 -0.00694427
16.35 -0.0040821
16.36 -0.00126567
16.37 0.00150551
16.38 0.00423199
16.39 0.0069144
16.4 0.00955352
16.41 0.0121502
16.42 0.0147052
16.43 0.0172191
16.44 0.0196927
16.45 0.0221265
16.46 0.024521
16.47 0.0268767
16.48 0.0291942
16.49 0.0314739
16.5 0.0337162
16.51 0.0359216
16.52 0.0380904
16.53 0.0402231
16.54 0.0423201
16.55 0.0443818
16.56 0.0464087
16.57 0.0484009
16.58 0.0503586
16.59 0.0522817
16.6 0.05417
16.61 0.0560231
16.62 0.0578403
16.63 0.0596206
16.64 0.0613626
16.65 0.0630645
16.66 0.0647243
16.67 0.0663396
16.68 0.0679075
16.69 0.069425
16.7 0.0708886
16.71 0.072295
16.72 0.073641
16.73 0.0749241
16.74 0.0761422
16.75 0.0772938
16.76 0.0783779
16.77 0.0793934
16.78 0.0803396
16.79 0.0812162
16.8 0.082023
16.81 0.0827599
16.82 0.0834272
16.83 0.084025
16.84 0.0845537
16.85 0.0850136
16.86 0.0854053
16.87 0.0857288
16.88 0.0859844
16.89 0.086172
16.9 0.0862913
16.91 0.0863421
16.92 0.0863238
16.93 0.0862361
16.94 0.0860793
16.95 0.085854
16.96 0.0855615
16.97 0.0852033
16.98 0.0847817
16.99 0.0842993
17 0.083759
17.01 0.0831644
17.02 0.0825193
17.03 0.0818276
17.04 0.0810936
17.05 0.0803216
17.06 0.0795162
17.07 0.0786821
17.08 0.0778245
17.09 0.0769485
17.1 0.076059
17.11 0.0751615
17.12 0.0742608
17.13 0.0733623
17.14 0.0724711
17.15 0.0715922
17.16 0.0707306
17.17 0.069891
17.18 0.069078
17.19 0.0682961
17.2 0.0675495
17.21 0.0668421
17.22 0.0661778
17.23 0.0655601
17.24 0.064992
17.25 0.0644764
17.26 0.0640155
17.27 0.0636112
17.28 0.0632649
17.29 0.062977
17.3 0.0627467
17.31 0.0625729
17.32 0.0624542
17.33 0.0623895
17.34 0.0623773
17.35 0.0624163
17.36 0.0625045
17.37 0.0626394
17.38 0.0628175
17.39 0.0630351
17.4 0.0632877
17.41 0.06357
17.42 0.0638762
17.43 0.0642004
17.44 0.0645365
17.45 0.0648788
17.46 0.0652221
17.47 0.0655619
17.48 0.065894
17.49 0.0662148
17.5 0.0665209
17.51 0.066809
17.52 0.0670761
17.53 0.0673189
17.54 0.0675345
17.55 0.0677202
17.56 0.0678736
17.57 0.0679929
17.58 0.0680767
17.59 0.0681239
17.6 0.0681343
17.61 0.0681083
17.62 0.0680467
17.63 0.0679514
17.64 0.0678245
17.65 0.0676688
17.66 0.0674876
17.67 0.0672846
17.68 0.0670637
17.69 0.066829
17.7 0.0665849
17.71 0.0663354
17.72 0.0660843
17.73 0.065835
17.74 0.0655906
17.75 0.0653539
17.76 0.0651281
17.77 0.0649164
17.78 0.0647223
17.79 0.0645499
17.8 0.0644032
17.81 0.0642865
17.82 0.0642038
17.83 0.0641588
17.84 0.064155
17.85 0.0641957
17.86 0.0642836
17.87 0.0644212
17.88 0.0646103
17.89 0.064852
17.9 0.0651469
17.91 0.0654943
17.92 0.065893
17.93 0.066341
17.94 0.0668361
17.95 0.0673753
17.96 0.0679554
17.97 0.0685727
17.98 0.0692233
17.99 0.069903
18 0.0706071
18.01 0.0713311
18.02 0.0720704
18.03 0.07282
18.04 0.0735752
18.05 0.0743314
18.06 0.075084
18.07 0.0758285
18.08 0.0765604
18.09 0.0772755
18.1 0.0779694
18.11 0.0786379
18.12 0.0792772
18.13 0.0798835
18.14 0.0804533
18.15 0.0809838
18.16 0.0814724
18.17 0.0819169
18.18 0.0823157
18.19 0.0826676
18.2 0.0829718
18.21 0.0832282
18.22 0.0834366
18.23 0.0835975
18.24 0.0837112
18.25 0.0837786
18.26 0.0838003
18.27 0.0837774
18.28 0.0837114
18.29 0.0836039
18.3 0.0834568
18.31 0.0832724
18.32 0.0830532
18.33 0.0828019
18.34 0.0825216
18.35 0.082215
18.36 0.0818851
18.37 0.0815349
18.38 0.0811672
18.39 0.080785
18.4 0.0803915
18.41 0.0799899
18.42 0.0795837
18.43 0.0791764
18.44 0.0787721
18.45 0.0783747
18.46 0.0779885
18.47 0.0776179
18.48 0.0772673
18.49 0.0769408
18.5 0.0766425
18.51 0.0763762
18.52 0.0761452
18.53 0.0759522
18.54 0.0757996
18.55 0.0756892
18.56 0.0756224
18.57 0.0756001
18.58 0.0756227
18.59 0.0756905
18.6 0.0758034
18.61 0.075961
18.62 0.0761629
18.63 0.0764082
18.64 0.0766959
18.65 0.0770247
18.66 0.0773928
18.67 0.0777979
18.68 0.0782373
18.69 0.0787071
18.7 0.0792025
18.71 0.0797177
18.72 0.0802462
18.73 0.0807803
18.74 0.0813123
18.75 0.0818344
18.76 0.082339
18.77 0.0828188
18.78 0.0832666
18.79 0.0836756
18.8 0.0840392
18.81 0.0843509
18.82 0.0846047
18.83 0.0847949
18.84 0.084916
18.85 0.084963
18.86 0.0849313
18.87 0.0848168
18.88 0.084616
18.89 0.084326
18.9 0.0839449
18.91 0.0834716
18.92 0.0829064
18.93 0.0822506
18.94 0.0815066
18.95 0.0806778
18.96 0.0797682
18.97 0.0787823
18.98 0.0777247
18.99 0.0766004
19 0.0754144
19.01 0.0741716
19.02 0.072877
19.03 0.0715355
19.04 0.0701523
19.05 0.0687328
19.06 0.0672828
19.07 0.0658088
19.08 0.0643176
19.09 0.0628164
19.1 0.0613127
19.11 0.0598101
19.12 0.0583058
19.13 0.0567962
19.14 0.0552789
19.15 0.0537518
19.16 0.0522129
19.17 0.0506603
19.18 0.0490931
19.19 0.0475111
19.2 0.045915
19.21 0.044306
19.22 0.0426863
19.23 0.0410582
19.24 0.0394245
19.25 0.0377877
19.26 0.03615
19.27 0.0345124
19.28 0.0328759
19.29 0.0312407
19.3 0.0296073
19.31 0.0279765
19.32 0.0263493
19.33 0.0247273
19.34 0.0231122
19.35 0.0215063
19.36 0.0199124
19.37 0.0183335
19.38 0.0167727
19.39 0.0152331
19.4 0.0137175
19.41 0.0122289
19.42 0.0107702
19.43 0.00934433
19.44 0.00795407
19.45 0.00660233
19.46 0.00529192
19.47 0.00402559
19.48 0.00280608
19.49 0.00163605
19.5 0.000517976
19.51 -0.000545902
19.52 -0.00155353
19.53 -0.002503
19.54 -0.0033927
19.55 -0.00422143
19.56 -0.00498857
19.57 -0.00569388
19.58 -0.00633737
19.59 -0.00691918
19.6 -0.00743953
19.61 -0.00789884
19.62 -0.00829761
19.63 -0.00863644
19.64 -0.00891593
19.65 -0.00913673
19.66 -0.00929954
19.67 -0.00940515
19.68 -0.00945442
19.69 -0.00944831
19.7 -0.00938804
19.71 -0.0092752
19.72 -0.00911176
19.73 -0.00890003
19.74 -0.00864255
19.75 -0.00834199
19.76 -0.008001
19.77 -0.00762218
19.78 -0.00720819
19.79 -0.00676184
19.8 -0.00628606
19.81 -0.00578396
19.82 -0.00525886
19.83 -0.00471428
19.84 -0.00415397
19.85 -0.00358194
19.86 -0.00300239
19.87 -0.00241972
19.88 -0.00183838
19.89 -0.0012628
19.9 -0.000697261
19.91 -0.000145821
19.92 0.00038776
19.93 0.000900067
19.94 0.00138794
19.95 0.00184835
19.96 0.00227838
19.97 0.00267512
19.98 0.00303574
19.99 0.00335737
20 0.00363727
20.01 0.00387283
20.02 0.00406171
20.03 0.00420201
20.04 0.00429251
20.05 0.00433281
20.06 0.00432331
20.07 0.00426516
20.08 0.00416031
20.09 0.00401141
20.1 0.00382185
20.11 0.0035956
20.12 0.00333692
20.13 0.00305019
20.14 0.00273987
20.15 0.00241048
20.16 0.00206663
20.17 0.00171283
20.18 0.00135342
20.19 0.00099251
20.2 0.000633917
20.21 0.000281096
20.22 -6.27764e-05
20.23 -0.000394634
20.24 -0.000711452
20.25 -0.00101033
20.26 -0.00128861
20.27 -0.00154394
20.28 -0.0017743
20.29 -0.00197807
20.3 -0.00215399
20.31 -0.00230122
20.32 -0.00241925
20.33 -0.00250787
20.34 -0.00256718
20.35 -0.00259741
20.36 -0.0025989
20.37 -0.00257196
20.38 -0.00251673
20.39 -0.00243313
20.4 -0.00232088
20.41 -0.0021795
20.42 -0.00200836
20.43 -0.00180679
20.44 -0.00157416
20.45 -0.00131001
20.46 -0.00101417
20.47 -0.000686684
20.48 -0.000327725
20.49 6.23964e-05
20.5 0.000483237
20.51 0.000934188
20.52 0.00141451
20.53 0.00192333
20.54 0.00245965
20.55 0.00302225
20.56 0.00360977
20.57 0.00422053
20.58 0.00485244
20.59 0.00550283
20.6 0.00616843
20.61 0.00684546
20.62 0.00752968
20.63 0.00821668
20.64 0.00890197
20.65 0.00958107
20.66 0.0102495
20.67 0.010903
20.68 0.0115373
20.69 0.0121487
20.7 0.0127336
20.71 0.0132886
20.72 0.0138108
20.73 0.0142985
20.74 0.0147521
20.75 0.0151723
20.76 0.0155595
20.77 0.0159142
20.78 0.0162371
20.79 0.016529
20.8 0.016791
20.81 0.0170246
20.82 0.0172319
20.83 0.0174151
20.84 0.0175767
20.85 0.0177192
20.86 0.0178449
20.87 0.0179556
20.88 0.0180532
20.89 0.0181389
20.9 0.0182136
20.91 0.0182781
20.92 0.0183331
20.93 0.0183791
20.94 0.0184168
20.95 0.0184467
20.96 0.018469
20.97 0.0184839
20.98 0.0184911
20.99 0.0184901
21 0.0184799
21.01 0.0184593
21.02 0.0184267
21.03 0.01838
21.04 0.0183173
21.05 0.0182365
21.06 0.0181358
21.07 0.0180135
21.08 0.0178682
21.09 0.0176985
21.1 0.0175032
21.11 0.0172814
21.12 0.0170329
21.13 0.0167576
21.14 0.0164562
21.15 0.0161298
21.16 0.0157794
21.17 0.0154067
21.18 0.0150131
21.19 0.0146003
21.2 0.0141703
21.21 0.0137248
21.22 0.0132658
21.23 0.0127954
21.24 0.0123158
21.25 0.0118293
21.26 0.0113382
21.27 0.0108453
21.28 0.0103534
21.29 0.00986575
21.3 0.00938537
21.31 0.00891552
21.32 0.00845929
21.33 0.00801951
21.34 0.00759876
21.35 0.00719927
21.36 0.00682292
21.37 0.00647121
21.38 0.00614521
21.39 0.00584559
21.4 0.0055726
21.41 0.00532609
21.42 0.00510557
21.43 0.00491036
21.44 0.00473962
21.45 0.00459243
21.46 0.0044679
21.47 0.00436516
21.48 0.00428333
21.49 0.00422146
21.5 0.00417846
21.51 0.00415307
21.52 0.004144
21.53 0.00414992
21.54 0.00416946
21.55 0.0042012
21.56 0.00424364
21.57 0.00429514
21.58 0.00435387
21.59 0.00441777
21.6 0.00448461
21.61 0.00455209
21.62 0.004618
21.63 0.0046803
21.64 0.00473724
21.65 0.00478745
21.66 0.00482994
21.67 0.00486407
21.68 0.00488943
21.69 0.00490584
21.7 0.00491315
21.71 0.00491123
21.72 0.00490002
21.73 0.00487958
21.74 0.00485013
21.75 0.00481216
21.76 0.00476644
21.77 0.00471401
21.78 0.00465617
21.79 0.00459435
21.8 0.00453004
21.81 0.00446461
21.82 0.00439923
21.83 0.00433474
21.84 0.00427168
21.85 0.0042103
21.86 0.00415061
21.87 0.00409239
21.88 0.00403524
21.89 0.00397856
21.9 0.00392173
21.91 0.00386418
21.92 0.00380545
21.93 0.00374527
21.94 0.00368355
21.95 0.00362041
21.96 0.00355596
21.97 0.00349016
21.98 0.00342276
21.99 0.00335316
22 0.00328041
22.01 0.00320316
22.02 0.00311981
22.03 0.00302865
22.04 0.00292812
22.05 0.00281705
22.06 0.00269498
22.07 0.00256219
22.08 0.00241962
22.09 0.00226856
22.1 0.00211055
22.11 0.00194736
22.12 0.00178093
22.13 0.00161326
22.14 0.00144632
22.15 0.00128194
22.16 0.00112177
22.17 0.000967243
22.18 0.00081961
22.19 0.00067998
22.2 0.000549402
22.21 0.000428964
22.22 0.000319858
22.23 0.000223396
22.24 0.000140984
22.25 7.40335e-05
22.26 2.391e-05
22.27 -8.11974e-06
22.28 -2.09748e-05
22.29 -1.38464e-05
22.3 1.36912e-05
22.31 6.15712e-05
22.32 0.000129228
22.33 0.000215675
22.34 0.0003196
22.35 0.00043944
22.36 0.000573458
22.37 0.000719852
22.38 0.000876843
22.39 0.00104273
22.4 0.0012159
22.41 0.00139489
22.42 0.00157841
22.43 0.00176533
22.44 0.0019546
22.45 0.0021453
22.46 0.0023367
22.47 0.00252833
22.48 0.00272
22.49 0.00291173
22.5 0.00310376
22.51 0.00329664
22.52 0.00349115
22.53 0.00368827
22.54 0.00388908
22.55 0.00409468
22.56 0.00430613
22.57 0.00452459
22.58 0.00475122
22.59 0.00498714
22.6 0.00523338
22.61 0.00549095
22.62 0.00576074
22.63 0.00604343
22.64 0.00633946
22.65 0.00664896
22.66 0.00697175
22.67 0.00730724
22.68 0.00765441
22.69 0.00801193
22.7 0.00837843
22.71 0.00875258
22.72 0.00913317
22.73 0.00951899
22.74 0.00990889
22.75 0.0103017
22.76 0.0106963
22.77 0.0110914
22.78 0.0114856
22.79 0.0118774
22.8 0.0122653
22.81 0.0126478
22.82 0.0130234
22.83 0.0133908
22.84 0.0137483
22.85 0.0140947
22.86 0.0144284
22.87 0.0147481
22.88 0.0150525
22.89 0.01534
22.9 0.0156092
22.91 0.0158585
22.92 0.0160865
22.93 0.0162913
22.94 0.0164713
22.95 0.0166248
22.96 0.01675
22.97 0.0168453
22.98 0.0169092
22.99 0.0169405
23 0.0169388
23.01 0.0169043
23.02 0.0168376
23.03 0.0167399
23.04 0.0166127
23.05 0.0164579
23.06 0.0162775
23.07 0.0160737
23.08 0.0158484
23.09 0.0156034
23.1 0.0153402
23.11 0.0150604
23.12 0.0147655
23.13 0.0144574
23.14 0.0141378
23.15 0.0138086
23.16 0.0134717
23.17 0.0131291
23.18 0.012783
23.19 0.0124354
23.2 0.0120887
23.21 0.0117451
23.22 0.0114068
23.23 0.011076
23.24 0.0107548
23.25 0.0104451
23.26 0.0101488
23.27 0.00986763
23.28 0.00960338
23.29 0.00935779
23.3 0.00913258
23.31 0.00892941
23.32 0.00874986
23.33 0.00859534
23.34 0.00846701
23.35 0.00836582
23.36 0.00829242
23.37 0.00824715
23.38 0.00823
23.39 0.00824064
23.4 0.0082783
23.41 0.00834182
23.42 0.00842962
23.43 0.0085398
23.44 0.00867016
23.45 0.0088182
23.46 0.00898122
23.47 0.00915659
23.48 0.00934181
23.49 0.00953462
23.5 0.00973295
23.51 0.0099349
23.52 0.0101386
23.53 0.0103423
23.54 0.0105443
23.55 0.0107428
23.56 0.0109365
23.57 0.0111237
23.58 0.0113032
23.59 0.0114738
23.6 0.0116347
23.61 0.0117847
23.62 0.0119232
23.63 0.0120496
23.64 0.0121635
23.65 0.0122645
23.66 0.0123527
23.67 0.0124279
23.68 0.01249
23.69 0.0125389
23.7 0.0125743
23.71 0.0125959
23.72 0.0126032
23.73 0.012596
23.74 0.0125734
23.75 0.012535
23.76 0.0124797
23.77 0.0124064
23.78 0.0123137
23.79 0.0122001
23.8 0.0120637
23.81 0.011903
23.82 0.0117163
23.83 0.0115024
23.84 0.0112604
23.85 0.0109893
23.86 0.0106887
23.87 0.0103582
23.88 0.0099976
23.89 0.00960701
23.9 0.00918655
23.91 0.00873638
23.92 0.00825666
23.93 0.00774767
23.94 0.00720988
23.95 0.00664404
23.96 0.00605123
23.97 0.00543297
23.98 0.00479131
23.99 0.00412892
24 0.00344908
24.01 0.00275563
24.02 0.00205281
24.03 0.00134525
24.04 0.00063806
24.05 -6.3087e-05
24.06 -0.000751963
24.07 -0.00142191
24.08 -0.00206611
24.09 -0.00267791
24.1 -0.00325095
24.11 -0.00377931
24.12 -0.00425769
24.13 -0.00468156
24.14 -0.00504799
24.15 -0.00535617
24.16 -0.00560633
24.17 -0.00579891
24.18 -0.00593451
24.19 -0.00601382
24.2 -0.0060376
24.21 -0.00600669
24.22 -0.00592223
24.23 -0.00578586
24.24 -0.0055996
24.25 -0.0053658
24.26 -0.00508717
24.27 -0.00476681
24.28 -0.00440823
24.29 -0.00401535
24.3 -0.00359252
24.31 -0.00314448
24.32 -0.00267609
24.33 -0.0021921
24.34 -0.00169692
24.35 -0.00119442
24.36 -0.000687971
24.37 -0.000180581
24.38 0.00032501
24.39 0.000826309
24.4 0.00132101
24.41 0.00180688
24.42 0.00228171
24.43 0.00274323
24.44 0.00318908
24.45 0.00361692
24.46 0.0040245
24.47 0.00440972
24.48 0.00477076
24.49 0.00510603
24.5 0.00541414
24.51 0.00569392
24.52 0.00594438
24.53 0.00616468
24.54 0.00635404
24.55 0.00651178
24.56 0.00663734
24.57 0.0067302
24.58 0.00678983
24.59 0.00681575
24.6 0.00680767
24.61 0.00676553
24.62 0.00668948
24.63 0.00657984
24.64 0.00643717
24.65 0.00626239
24.66 0.00605688
24.67 0.0058224
24.68 0.00556107
24.69 0.00527541
24.7 0.00496825
24.71 0.00464271
24.72 0.00430206
24.73 0.00394967
24.74 0.00358897
24.75 0.00322346
24.76 0.0028568
24.77 0.00249263
24.78 0.00213449
24.79 0.00178565
24.8 0.00144918
24.81 0.00112792
24.82 0.000824405
24.83 0.000540817
24.84 0.000279034
24.85 4.06615e-05
24.86 -0.000172951
24.87 -0.000360709
24.88 -0.000521813
24.89 -0.000655819
24.9 -0.000762687
24.91 -0.000842775
24.92 -0.000896779
24.93 -0.000925685
24.94 -0.000930737
24.95 -0.000913358
24.96 -0.000875116
24.97 -0.000817731
24.98 -0.000743027
24.99 -0.000652828
25 -0.0005489
