0.01 3.16891e-09
0.02 1.52493e-08
0.03 3.75975e-08
0.04 6.7785e-08
0.05 1.03408e-07
0.06 1.42118e-07
0.07 1.81647e-07
0.08 2.19811e-07
0.09 2.54503e-07
0.1 2.83695e-07
0.11 3.05471e-07
0.12 3.18034e-07
0.13 3.19669e-07
0.14 3.08698e-07
0.15 2.83472e-07
0.16 2.4243e-07
0.17 1.84157e-07
0.18 1.07398e-07
0.19 1.10705e-08
0.2 -1.05715e-07
0.21 -2.4365e-07
0.22 -4.03219e-07
0.23 -5.84704e-07
0.24 -7.88209e-07
0.25 -1.01368e-06
0.26 -1.261e-06
0.27 -1.52998e-06
0.28 -1.82025e-06
0.29 -2.13103e-06
0.3 -2.46101e-06
0.31 -2.8083e-06
0.32 -3.1704e-06
0.33 -3.54404e-06
0.34 -3.92508e-06
0.35 -4.30879e-06
0.36 -4.69011e-06
0.37 -5.06381e-06
0.38 -5.42506e-06
0.39 -5.77023e-06
0.4 -6.09753e-06
0.41 -6.40728e-06
0.42 -6.70146e-06
0.43 -6.98315e-06
0.44 -7.2565e-06
0.45 -7.52666e-06
0.46 -7.79921e-06
0.47 -8.07977e-06
0.48 -8.37334e-06
0.49 -8.68411e-06
0.5 -9.01532e-06
0.51 -9.36944e-06
0.52 -9.74851e-06
0.53 -1.01537e-05
0.54 -1.05853e-05
0.55 -1.10438e-05
0.56 -1.15286e-05
0.57 -1.20386e-05
0.58 -1.25728e-05
0.59 -1.313e-05
0.6 -1.37088e-05
0.61 -1.43075e-05
0.62 -1.49242e-05
0.63 -1.5557e-05
0.64 -1.62038e-05
0.65 -1.68625e-05
0.66 -1.75312e-05
0.67 -1.82081e-05
0.68 -1.8892e-05
0.69 -1.95816e-05
0.7 -2.02759e-05
0.71 -2.09737e-05
0.72 -2.16728e-05
0.73 -2.23698e-05
0.74 -2.30594e-05
0.75 -2.37336e-05
0.76 -2.43816e-05
0.77 -2.499e-05
0.78 -2.55445e-05
0.79 -2.60317e-05
0.8 -2.64408e-05
0.81 -2.67644e-05
0.82 -2.69978e-05
0.83 -2.71387e-05
0.84 -2.71867e-05
0.85 -2.71457e-05
0.86 -2.70224e-05
0.87 -2.68227e-05
0.88 -2.65481e-05
0.89 -2.61948e-05
0.9 -2.57558e-05
0.91 -2.52232e-05
0.92 -2.45889e-05
0.93 -2.38471e-05
0.94 -2.29967e-05
0.95 -2.20426e-05
0.96 -2.09965e-05
0.97 -1.98759e-05
0.98 -1.86989e-05
0.99 -1.74794e-05
1 -1.62252e-05
1.01 -1.49382e-05
1.02 -1.36146e-05
1.03 -1.22459e-05
1.04 -1.08217e-05
1.05 -9.3314e-06
1.06 -7.76795e-06
1.07 -6.12933e-06
1.08 -4.41716e-06
1.09 -2.63389e-06
1.1 -7.81947e-07
1.11 1.13485e-06
1.12 3.11255e-06
1.13 5.14881e-06
1.14 7.24238e-06
1.15 9.39169e-06
1.16 1.15931e-05
1.17 1.38383e-05
1.18 1.61122e-05
1.19 1.83945e-05
1.2 2.06637e-05
1.21 2.2895e-05
1.22 2.50597e-05
1.23 2.71276e-05
1.24 2.90732e-05
1.25 3.08831e-05
1.26 3.2561e-05
1.27 3.41224e-05
1.28 3.55855e-05
1.29 3.6968e-05
1.3 3.82863e-05
1.31 3.95508e-05
1.32 4.07631e-05
1.33 4.19186e-05
1.34 4.30123e-05
1.35 4.4042e-05
1.36 4.50084e-05
1.37 4.59155e-05
1.38 4.67696e-05
1.39 4.75781e-05
1.4 4.83474e-05
1.41 4.90799e-05
1.42 4.97701e-05
1.43 5.04003e-05
1.44 5.09374e-05
1.45 5.13301e-05
1.46 5.15118e-05
1.47 5.14064e-05
1.48 5.09361e-05
1.49 5.00226e-05
1.5 4.85909e-05
1.51 4.6574e-05
1.52 4.39158e-05
1.53 4.05781e-05
1.54 3.65484e-05
1.55 3.18481e-05
1.56 2.65342e-05
1.57 2.06897e-05
1.58 1.44149e-05
1.59 7.82002e-06
1.6 1.01241e-06
1.61 -5.91036e-06
1.62 -1.28582e-05
1.63 -1.97497e-05
1.64 -2.65121e-05
1.65 -3.30814e-05
1.66 -3.94043e-05
1.67 -4.54408e-05
1.68 -5.11621e-05
1.69 -5.65447e-05
1.7 -6.15668e-05
1.71 -6.62087e-05
1.72 -7.04519e-05
1.73 -7.42774e-05
1.74 -7.76617e-05
1.75 -8.05735e-05
1.76 -8.29785e-05
1.77 -8.48462e-05
1.78 -8.61462e-05
1.79 -8.68428e-05
1.8 -8.68975e-05
1.81 -8.6274e-05
1.82 -8.49384e-05
1.83 -8.28614e-05
1.84 -8.00285e-05
1.85 -7.64453e-05
1.86 -7.21332e-05
1.87 -6.71192e-05
1.88 -6.14303e-05
1.89 -5.50923e-05
1.9 -4.81293e-05
1.91 -4.05644e-05
1.92 -3.24186e-05
1.93 -2.37137e-05
1.94 -1.44847e-05
1.95 -4.79605e-06
1.96 5.25799e-06
1.97 1.55591e-05
1.98 2.597e-05
1.99 3.6346e-05
2 4.6557e-05
2.01 5.65054e-05
2.02 6.61288e-05
2.03 7.53972e-05
2.04 8.43102e-05
2.05 9.28869e-05
2.06 0.000101155
2.07 0.000109143
2.08 0.000116861
2.09 0.000124291
2.1 0.000131386
2.11 0.000138072
2.12 0.000144245
2.13 0.000149771
2.14 0.000154492
2.15 0.000158245
2.16 0.000160859
2.17 0.00016217
2.18 0.000162017
2.19 0.000160239
2.2 0.000156669
2.21 0.000151136
2.22 0.000143485
2.23 0.000133575
2.24 0.00012129
2.25 0.000106536
2.26 8.92398e-05
2.27 6.93815e-05
2.28 4.69976e-05
2.29 2.21685e-05
2.3 -4.98529e-06
2.31 -3.43039e-05
2.32 -6.55821e-05
2.33 -9.85585e-05
2.34 -0.000132911
2.35 -0.000168266
2.36 -0.000204205
2.37 -0.000240282
2.38 -0.000276031
2.39 -0.00031097
2.4 -0.000344619
2.41 -0.000376545
2.42 -0.00040638
2.43 -0.000433809
2.44 -0.000458546
2.45 -0.000480338
2.46 -0.000498961
2.47 -0.000514235
2.48 -0.000526027
2.49 -0.000534235
2.5 -0.000538771
2.51 -0.000539551
2.52 -0.000536491
2.53 -0.000529523
2.54 -0.000518598
2.55 -0.000503681
2.56 -0.000484758
2.57 -0.000461865
2.58 -0.000435103
2.59 -0.000404647
2.6 -0.000370737
2.61 -0.000333661
2.62 -0.000293733
2.63 -0.00025127
2.64 -0.000206583
2.65 -0.000159972
2.66 -0.000111723
2.67 -6.21162e-05
2.68 -1.14282e-05
2.69 4.00491e-05
2.7 9.20087e-05
2.71 0.00014414
2.72 0.000196132
2.73 0.000247677
2.74 0.000298486
2.75 0.000348303
2.76 0.000396884
2.77 0.000443996
2.78 0.000489443
2.79 0.00053308
2.8 0.000574804
2.81 0.000614555
2.82 0.000652279
2.83 0.000687902
2.84 0.000721325
2.85 0.000752417
2.86 0.00078103
2.87 0.000806988
2.88 0.00083007
2.89 0.000850026
2.9 0.000866597
2.91 0.000879528
2.92 0.000888566
2.93 0.000893467
2.94 0.000894016
2.95 0.000890025
2.96 0.000881348
2.97 0.000867909
2.98 0.000849713
2.99 0.000826831
3 0.000799393
3.01 0.000767571
3.02 0.000731559
3.03 0.000691553
3.04 0.000647745
3.05 0.000600314
3.06 0.000549416
3.07 0.000495182
3.08 0.000437716
3.09 0.000377117
3.1 0.000313508
3.11 0.000247063
3.12 0.000178021
3.13 0.000106705
3.14 3.35041e-05
3.15 -4.11592e-05
3.16 -0.000116838
3.17 -0.000193063
3.18 -0.000269344
3.19 -0.000345197
3.2 -0.000420158
3.21 -0.000493783
3.22 -0.000565605
3.23 -0.000635132
3.24 -0.000701847
3.25 -0.000765215
3.26 -0.000824703
3.27 -0.000879764
3.28 -0.000929823
3.29 -0.000974316
3.3 -0.00101272
3.31 -0.00104455
3.32 -0.00106934
3.33 -0.00108671
3.34 -0.00109639
3.35 -0.0010983
3.36 -0.00109248
3.37 -0.00107916
3.38 -0.0010587
3.39 -0.00103159
3.4 -0.000998447
3.41 -0.000959976
3.42 -0.000916954
3.43 -0.000870174
3.44 -0.00082043
3.45 -0.000768505
3.46 -0.000715153
3.47 -0.000661058
3.48 -0.000606782
3.49 -0.000552744
3.5 -0.000499227
3.51 -0.000446389
3.52 -0.000394274
3.53 -0.000342828
3.54 -0.000291932
3.55 -0.000241456
3.56 -0.000191316
3.57 -0.000141486
3.58 -9.19462e-05
3.59 -4.26835e-05
3.6 6.27892e-06
3.61 5.4857e-05
3.62 0.000102916
3.63 0.000150275
3.64 0.0001967
3.65 0.000241908
3.66 0.000285572
3.67 0.000327303
3.68 0.000366657
3.69 0.000403156
3.7 0.000436345
3.71 0.000465808
3.72 0.000491148
3.73 0.000512016
3.74 0.000528141
3.75 0.000539311
3.76 0.000545371
3.77 0.000546226
3.78 0.00054185
3.79 0.000532272
3.8 0.000517585
3.81 0.00049797
3.82 0.000473685
3.83 0.000445034
3.84 0.000412365
3.85 0.000376062
3.86 0.000336494
3.87 0.000293964
3.88 0.00024869
3.89 0.000200785
3.9 0.00015026
3.91 9.70243e-05
3.92 4.08868e-05
3.93 -1.84075e-05
3.94 -8.11325e-05
3.95 -0.000147552
3.96 -0.0002179
3.97 -0.000292334
3.98 -0.000370881
3.99 -0.000453402
4 -0.00053959
4.01 -0.000628981
4.02 -0.000720966
4.03 -0.000814808
4.04 -0.00090965
4.05 -0.00100452
4.06 -0.00109833
4.07 -0.00118989
4.08 -0.00127788
4.09 -0.00136089
4.1 -0.00143746
4.11 -0.0015061
4.12 -0.0015655
4.13 -0.00161451
4.14 -0.00165224
4.15 -0.00167813
4.16 -0.00169196
4.17 -0.00169391
4.18 -0.00168448
4.19 -0.00166444
4.2 -0.00163478
4.21 -0.00159671
4.22 -0.00155148
4.23 -0.00150034
4.24 -0.00144446
4.25 -0.00138489
4.26 -0.00132268
4.27 -0.00125875
4.28 -0.00119395
4.29 -0.00112895
4.3 -0.00106431
4.31 -0.00100039
4.32 -0.000937485
4.33 -0.00087574
4.34 -0.000815184
4.35 -0.000755688
4.36 -0.000696977
4.37 -0.000638645
4.38 -0.000580195
4.39 -0.000521071
4.4 -0.000460681
4.41 -0.000398391
4.42 -0.000333549
4.43 -0.000265524
4.44 -0.00019373
4.45 -0.000117668
4.46 -3.7003e-05
4.47 4.83842e-05
4.48 0.000138397
4.49 0.000232779
4.5 0.000331191
4.51 0.000433243
4.52 0.00053845
4.53 0.000646197
4.54 0.000755753
4.55 0.000866291
4.56 0.000976905
4.57 0.00108662
4.58 0.00119441
4.59 0.0012992
4.6 0.0013999
4.61 0.00149545
4.62 0.00158486
4.63 0.00166723
4.64 0.00174178
4.65 0.0018078
4.66 0.00186475
4.67 0.00191225
4.68 0.00195013
4.69 0.00197841
4.7 0.0019972
4.71 0.00200667
4.72 0.00200702
4.73 0.00199848
4.74 0.00198129
4.75 0.00195565
4.76 0.0019217
4.77 0.00187956
4.78 0.00182938
4.79 0.00177131
4.8 0.00170556
4.81 0.00163228
4.82 0.00155163
4.83 0.00146379
4.84 0.001369
4.85 0.00126744
4.86 0.00115932
4.87 0.00104491
4.88 0.000924566
4.89 0.000798693
4.9 0.000667733
4.91 0.000532201
4.92 0.000392691
4.93 0.000249859
4.94 0.000104393
4.95 -4.30003e-05
4.96 -0.000191583
4.97 -0.000340568
4.98 -0.000489115
4.99 -0.000636332
5 -0.000781293
5.01 -0.000923085
5.02 -0.00106088
5.03 -0.00119396
5.04 -0.0013218
5.05 -0.00144397
5.06 -0.00156023
5.07 -0.00167053
5.08 -0.00177493
5.09 -0.00187358
5.1 -0.00196672
5.11 -0.00205465
5.12 -0.00213767
5.13 -0.00221604
5.14 -0.00228997
5.15 -0.00235955
5.16 -0.0024247
5.17 -0.00248513
5.18 -0.0025404
5.19 -0.00258995
5.2 -0.00263308
5.21 -0.00266904
5.22 -0.00269701
5.23 -0.00271619
5.24 -0.00272589
5.25 -0.00272544
5.26 -0.00271422
5.27 -0.00269157
5.28 -0.00265687
5.29 -0.00260953
5.3 -0.00254907
5.31 -0.00247513
5.32 -0.00238747
5.33 -0.00228609
5.34 -0.00217125
5.35 -0.0020435
5.36 -0.00190365
5.37 -0.00175286
5.38 -0.00159258
5.39 -0.00142444
5.4 -0.00125015
5.41 -0.00107146
5.42 -0.000890085
5.43 -0.000707688
5.44 -0.000525758
5.45 -0.000345614
5.46 -0.000168398
5.47 4.88447e-06
5.48 0.000173318
5.49 0.000336061
5.5 0.000492387
5.51 0.000641708
5.52 0.00078353
5.53 0.00091741
5.54 0.00104296
5.55 0.00115987
5.56 0.00126791
5.57 0.00136688
5.58 0.0014565
5.59 0.00153648
5.6 0.00160657
5.61 0.00166657
5.62 0.00171636
5.63 0.00175593
5.64 0.00178531
5.65 0.00180461
5.66 0.00181399
5.67 0.00181368
5.68 0.001804
5.69 0.00178538
5.7 0.00175838
5.71 0.00172368
5.72 0.00168207
5.73 0.00163443
5.74 0.00158169
5.75 0.00152479
5.76 0.00146471
5.77 0.00140236
5.78 0.00133855
5.79 0.00127396
5.8 0.00120908
5.81 0.0011442
5.82 0.00107939
5.83 0.00101447
5.84 0.000949058
5.85 0.000882596
5.86 0.000814436
5.87 0.000743851
5.88 0.000670086
5.89 0.000592391
5.9 0.00051007
5.91 0.000422543
5.92 0.000329385
5.93 0.000230327
5.94 0.000125267
5.95 1.43087e-05
5.96 -0.000102182
5.97 -0.000223513
5.98 -0.000348687
5.99 -0.000476459
6 -0.000605365
6.01 -0.000733784
6.02 -0.000860039
6.03 -0.000982439
6.04 -0.0010993
6.05 -0.00120895
6.06 -0.00130985
6.07 -0.00140059
6.08 -0.00148006
6.09 -0.00154734
6.1 -0.00160174
6.11 -0.00164275
6.12 -0.00167004
6.13 -0.0016835
6.14 -0.00168317
6.15 -0.00166914
6.16 -0.0016415
6.17 -0.00160034
6.18 -0.00154556
6.19 -0.00147698
6.2 -0.00139432
6.21 -0.00129735
6.22 -0.00118582
6.23 -0.00105947
6.24 -0.000918149
6.25 -0.00076178
6.26 -0.00059039
6.27 -0.000404086
6.28 -0.000203058
6.29 1.24656e-05
6.3 0.000242226
6.31 0.000485936
6.32 0.000743315
6.33 0.00101407
6.34 0.0012979
6.35 0.00159443
6.36 0.00190322
6.37 0.00222357
6.38 0.00255442
6.39 0.00289437
6.4 0.00324177
6.41 0.00359473
6.42 0.0039513
6.43 0.00430956
6.44 0.00466769
6.45 0.00502404
6.46 0.00537727
6.47 0.00572627
6.48 0.00607001
6.49 0.00640744
6.5 0.00673735
6.51 0.00705822
6.52 0.00736816
6.53 0.00766497
6.54 0.00794608
6.55 0.00820858
6.56 0.00844921
6.57 0.00866455
6.58 0.00885111
6.59 0.00900555
6.6 0.00912483
6.61 0.00920639
6.62 0.00924821
6.63 0.00924883
6.64 0.00920732
6.65 0.0091232
6.66 0.00899623
6.67 0.00882637
6.68 0.00861377
6.69 0.00835874
6.7 0.0080618
6.71 0.00772366
6.72 0.00734525
6.73 0.00692773
6.74 0.00647246
6.75 0.00598114
6.76 0.00545574
6.77 0.00489857
6.78 0.00431223
6.79 0.00369958
6.8 0.00306378
6.81 0.0024081
6.82 0.00173589
6.83 0.00105051
6.84 0.000355242
6.85 -0.000346722
6.86 -0.00105232
6.87 -0.00175862
6.88 -0.00246285
6.89 -0.00316228
6.9 -0.00385414
6.91 -0.00453557
6.92 -0.00520351
6.93 -0.00585473
6.94 -0.00648576
6.95 -0.00709295
6.96 -0.00767261
6.97 -0.00822111
6.98 -0.00873512
6.99 -0.00921177
7 -0.00964867
7.01 -0.010044
7.02 -0.0103965
7.03 -0.0107052
7.04 -0.0109696
7.05 -0.0111891
7.06 -0.011363
7.07 -0.0114907
7.08 -0.0115713
7.09 -0.0116036
7.1 -0.0115867
7.11 -0.0115195
7.12 -0.0114013
7.13 -0.0112316
7.14 -0.0110107
7.15 -0.0107395
7.16 -0.0104195
7.17 -0.0100529
7.18 -0.00964233
7.19 -0.00919073
7.2 -0.00870136
7.21 -0.00817754
7.22 -0.00762258
7.23 -0.0070396
7.24 -0.00643154
7.25 -0.00580111
7.26 -0.00515087
7.27 -0.00448331
7.28 -0.00380102
7.29 -0.0031068
7.3 -0.00240371
7.31 -0.00169513
7.32 -0.000984775
7.33 -0.000276607
7.34 0.000425305
7.35 0.00111695
7.36 0.00179451
7.37 0.0024545
7.38 0.00309392
7.39 0.00371021
7.4 0.00430128
7.41 0.00486541
7.42 0.00540117
7.43 0.00590722
7.44 0.00638217
7.45 0.0068245
7.46 0.00723252
7.47 0.00760436
7.48 0.00793796
7.49 0.00823109
7.5 0.00848138
7.51 0.00868635
7.52 0.00884357
7.53 0.00895074
7.54 0.00900585
7.55 0.00900726
7.56 0.00895366
7.57 0.00884403
7.58 0.00867759
7.59 0.00845389
7.6 0.00817272
7.61 0.00783418
7.62 0.00743888
7.63 0.00698808
7.64 0.00648377
7.65 0.0059286
7.66 0.00532596
7.67 0.00468001
7.68 0.0039957
7.69 0.00327869
7.7 0.00253529
7.71 0.00177228
7.72 0.000996517
7.73 0.000214625
7.74 -0.000567181
7.75 -0.00134323
7.76 -0.00210839
7.77 -0.00285803
7.78 -0.00358789
7.79 -0.00429416
7.8 -0.00497347
7.81 -0.00562284
7.82 -0.00623971
7.83 -0.00682188
7.84 -0.00736754
7.85 -0.00787527
7.86 -0.00834388
7.87 -0.00877248
7.88 -0.00916038
7.89 -0.00950699
7.9 -0.00981173
7.91 -0.0100741
7.92 -0.0102934
7.93 -0.0104692
7.94 -0.0106007
7.95 -0.0106871
7.96 -0.0107279
7.97 -0.0107223
7.98 -0.0106697
7.99 -0.0105696
8 -0.0104217
8.01 -0.0102261
8.02 -0.00998301
8.03 -0.00969328
8.04 -0.00935803
8.05 -0.00897891
8.06 -0.00855807
8.07 -0.00809809
8.08 -0.00760191
8.09 -0.00707268
8.1 -0.00651365
8.11 -0.00592799
8.12 -0.00531863
8.13 -0.00468824
8.14 -0.00403922
8.15 -0.00337374
8.16 -0.00269378
8.17 -0.00200114
8.18 -0.00129757
8.19 -0.000584827
8.2 0.000135257
8.21 0.000860729
8.22 0.00158943
8.23 0.00231903
8.24 0.00304707
8.25 0.00377095
8.26 0.00448789
8.27 0.00519492
8.28 0.00588892
8.29 0.00656659
8.3 0.00722436
8.31 0.00785837
8.32 0.00846437
8.33 0.0090377
8.34 0.00957341
8.35 0.0100664
8.36 0.0105114
8.37 0.0109038
8.38 0.0112392
8.39 0.0115139
8.4 0.0117252
8.41 0.0118713
8.42 0.0119511
8.43 0.0119645
8.44 0.011912
8.45 0.0117947
8.46 0.0116147
8.47 0.0113745
8.48 0.0110774
8.49 0.0107271
8.5 0.0103275
8.51 0.00988286
8.52 0.00939758
8.53 0.00887584
8.54 0.00832159
8.55 0.00773846
8.56 0.00712981
8.57 0.0064988
8.58 0.00584851
8.59 0.00518192
8.6 0.00450205
8.61 0.00381194
8.62 0.00311481
8.63 0.00241413
8.64 0.00171361
8.65 0.00101726
8.66 0.000329352
8.67 -0.000345666
8.68 -0.00100327
8.69 -0.00163897
8.7 -0.00224843
8.71 -0.00282751
8.72 -0.00337229
8.73 -0.00387926
8.74 -0.00434535
8.75 -0.00476791
8.76 -0.00514481
8.77 -0.00547451
8.78 -0.0057561
8.79 -0.00598919
8.8 -0.00617393
8.81 -0.00631101
8.82 -0.00640157
8.83 -0.00644708
8.84 -0.00644916
8.85 -0.00640946
8.86 -0.0063297
8.87 -0.00621159
8.88 -0.00605691
8.89 -0.00586737
8.9 -0.00564457
8.91 -0.00539
8.92 -0.00510507
8.93 -0.00479118
8.94 -0.00444981
8.95 -0.0040826
8.96 -0.00369137
8.97 -0.00327815
8.98 -0.0028451
8.99 -0.00239464
9 -0.00192946
9.01 -0.00145257
9.02 -0.000967304
9.03 -0.000477288
9.04 1.35994e-05
9.05 0.000501414
9.06 0.000982301
9.07 0.0014526
9.08 0.00190888
9.09 0.00234799
9.1 0.00276698
9.11 0.00316308
9.12 0.00353364
9.13 0.0038762
9.14 0.00418847
9.15 0.00446834
9.16 0.00471401
9.17 0.00492413
9.18 0.00509786
9.19 0.005235
9.2 0.00533595
9.21 0.00540183
9.22 0.00543446
9.23 0.0054363
9.24 0.00541025
9.25 0.00535942
9.26 0.00528686
9.27 0.00519538
9.28 0.00508743
9.29 0.00496499
9.3 0.00482962
9.31 0.00468268
9.32 0.00452542
9.33 0.00435907
9.34 0.00418478
9.35 0.00400369
9.36 0.00381692
9.37 0.00362556
9.38 0.00343069
9.39 0.00323333
9.4 0.00303442
9.41 0.00283467
9.42 0.00263454
9.43 0.00243413
9.44 0.00223311
9.45 0.00203071
9.46 0.00182582
9.47 0.00161717
9.48 0.00140345
9.49 0.00118352
9.5 0.000956561
9.51 0.000722152
9.52 0.000480312
9.53 0.000231474
9.54 -2.36324e-05
9.55 -0.000284143
9.56 -0.00054917
9.57 -0.000817905
9.58 -0.00108974
9.59 -0.0013643
9.6 -0.00164143
9.61 -0.00192107
9.62 -0.00220312
9.63 -0.00248735
9.64 -0.00277325
9.65 -0.00305994
9.66 -0.00334622
9.67 -0.00363055
9.68 -0.00391106
9.69 -0.00418565
9.7 -0.00445206
9.71 -0.00470805
9.72 -0.00495149
9.73 -0.00518045
9.74 -0.00539324
9.75 -0.00558855
9.76 -0.00576545
9.77 -0.00592333
9.78 -0.00606192
9.79 -0.00618123
9.8 -0.00628159
9.81 -0.00636363
9.82 -0.00642821
9.83 -0.00647646
9.84 -0.00650967
9.85 -0.00652934
9.86 -0.006537
9.87 -0.00653418
9.88 -0.00652227
9.89 -0.00650256
9.9 -0.00647618
9.91 -0.00644405
9.92 -0.00640674
9.93 -0.00636459
9.94 -0.00631763
9.95 -0.00626565
9.96 -0.00620827
9.97 -0.00614508
9.98 -0.00607583
9.99 -0.00600048
10 -0.00591923
10.01 -0.00583249
10.02 -0.00574098
10.03 -0.00564564
10.04 -0.00554759
10.05 -0.00544793
10.06 -0.00534762
10.07 -0.00524742
10.08 -0.00514786
10.09 -0.00504933
10.1 -0.00495199
10.11 -0.0048559
10.12 -0.00476106
10.13 -0.00466758
10.14 -0.00457571
10.15 -0.00448585
10.16 -0.0043985
10.17 -0.00431422
10.18 -0.0042335
10.19 -0.0041567
10.2 -0.00408398
10.21 -0.00401531
10.22 -0.00395053
10.23 -0.00388944
10.24 -0.00383169
10.25 -0.00377696
10.26 -0.00372495
10.27 -0.00367542
10.28 -0.00362824
10.29 -0.00358327
10.3 -0.00354044
10.31 -0.00349965
10.32 -0.00346072
10.33 -0.00342336
10.34 -0.00338724
10.35 -0.00335203
10.36 -0.00331741
10.37 -0.00328306
10.38 -0.00324864
10.39 -0.00321381
10.4 -0.0031782
10.41 -0.00314136
10.42 -0.00310268
10.43 -0.00306137
10.44 -0.00301644
10.45 -0.00296673
10.46 -0.0029109
10.47 -0.0028476
10.48 -0.00277557
10.49 -0.00269378
10.5 -0.00260151
10.51 -0.00249844
10.52 -0.00238463
10.53 -0.00226045
10.54 -0.0021266
10.55 -0.00198392
10.56 -0.00183337
10.57 -0.001676
10.58 -0.0015129
10.59 -0.00134524
10.6 -0.00117417
10.61 -0.00100088
10.62 -0.000826603
10.63 -0.000652667
10.64 -0.000480473
10.65 -0.000311533
10.66 -0.000147424
10.67 1.02399e-05
10.68 0.000159876
10.69 0.000300028
10.7 0.000429463
10.71 0.000547211
10.72 0.000652516
10.73 0.000744815
10.74 0.000823739
10.75 0.000889064
10.76 0.000940688
10.77 0.000978659
10.78 0.0010032
10.79 0.0010147
10.8 0.00101367
10.81 0.00100072
10.82 0.000976572
10.83 0.000942063
10.84 0.000898113
10.85 0.000845677
10.86 0.000785689
10.87 0.000718995
10.88 0.000646362
10.89 0.000568523
10.9 0.000486167
10.91 0.000399963
10.92 0.000310648
10.93 0.000219114
10.94 0.000126481
10.95 3.41035e-05
10.96 -5.64445e-05
10.97 -0.000143421
10.98 -0.000224979
10.99 -0.000299271
11 -0.000364567
11.01 -0.000419301
11.02 -0.000462095
11.03 -0.000491806
11.04 -0.000507578
11.05 -0.00050881
11.06 -0.000495085
11.07 -0.000466142
11.08 -0.000421904
11.09 -0.000362454
11.1 -0.000287988
11.11 -0.000198754
11.12 -9.50035e-05
11.13 2.30382e-05
11.14 0.000155105
11.15 0.000300851
11.16 0.000459916
11.17 0.000632018
11.18 0.000817006
11.19 0.00101489
11.2 0.00122583
11.21 0.00145011
11.22 0.00168809
11.23 0.00194019
11.24 0.00220661
11.25 0.00248719
11.26 0.00278123
11.27 0.0030875
11.28 0.00340435
11.29 0.00372977
11.3 0.00406163
11.31 0.00439768
11.32 0.00473564
11.33 0.00507336
11.34 0.00540884
11.35 0.00574046
11.36 0.00606698
11.37 0.00638751
11.38 0.00670132
11.39 0.00700775
11.4 0.00730613
11.41 0.00759576
11.42 0.00787575
11.43 0.00814501
11.44 0.00840222
11.45 0.00864596
11.46 0.00887476
11.47 0.00908725
11.48 0.00928228
11.49 0.00945906
11.5 0.00961725
11.51 0.00975701
11.52 0.00987885
11.53 0.00998361
11.54 0.0100723
11.55 0.0101462
11.56 0.0102061
11.57 0.0102531
11.58 0.0102878
11.59 0.0103105
11.6 0.0103217
11.61 0.0103219
11.62 0.0103114
11.63 0.0102909
11.64 0.010261
11.65 0.0102223
11.66 0.0101756
11.67 0.0101215
11.68 0.0100608
11.69 0.00999399
11.7 0.00992167
11.71 0.00984411
11.72 0.00976134
11.73 0.00967314
11.74 0.00957899
11.75 0.00947808
11.76 0.00936924
11.77 0.00925086
11.78 0.00912087
11.79 0.00897685
11.8 0.00881622
11.81 0.00863653
11.82 0.00843567
11.83 0.00821197
11.84 0.0079642
11.85 0.00769157
11.86 0.00739371
11.87 0.00707046
11.88 0.00672184
11.89 0.0063481
11.9 0.00594968
11.91 0.00552723
11.92 0.00508164
11.93 0.00461396
11.94 0.00412545
11.95 0.00361751
11.96 0.00309168
11.97 0.00254966
11.98 0.00199329
11.99 0.00142474
12 0.000846399
12.01 0.000260892
12.02 -0.000328942
12.03 -0.000919972
12.04 -0.00150878
12.05 -0.00209177
12.06 -0.00266521
12.07 -0.0032254
12.08 -0.0037688
12.09 -0.00429215
12.1 -0.00479264
12.11 -0.0052678
12.12 -0.00571559
12.13 -0.00613444
12.14 -0.00652331
12.15 -0.00688163
12.16 -0.00720926
12.17 -0.0075064
12.18 -0.0077734
12.19 -0.00801082
12.2 -0.00821936
12.21 -0.00839984
12.22 -0.00855305
12.23 -0.0086798
12.24 -0.008781
12.25 -0.00885759
12.26 -0.00891047
12.27 -0.00894044
12.28 -0.0089483
12.29 -0.00893478
12.3 -0.00890055
12.31 -0.00884625
12.32 -0.00877237
12.33 -0.00867921
12.34 -0.00856689
12.35 -0.00843545
12.36 -0.00828483
12.37 -0.00811481
12.38 -0.00792503
12.39 -0.00771502
12.4 -0.00748429
12.41 -0.00723235
12.42 -0.00695886
12.43 -0.00666373
12.44 -0.00634704
12.45 -0.00600901
12.46 -0.00565
12.47 -0.00527046
12.48 -0.00487068
12.49 -0.00445065
12.5 -0.00401
12.51 -0.00354797
12.52 -0.00306348
12.53 -0.00255526
12.54 -0.00202201
12.55 -0.00146266
12.56 -0.000876486
12.57 -0.000263175
12.58 0.000377172
12.59 0.00104417
12.6 0.00173723
12.61 0.0024556
12.62 0.00319825
12.63 0.00396378
12.64 0.00475033
12.65 0.00555572
12.66 0.00637747
12.67 0.00721264
12.68 0.00805785
12.69 0.00890922
12.7 0.00976239
12.71 0.0106127
12.72 0.0114553
12.73 0.0122851
12.74 0.0130973
12.75 0.0138869
12.76 0.0146492
12.77 0.0153798
12.78 0.0160754
12.79 0.016735
12.8 0.0173582
12.81 0.0179443
12.82 0.0184929
12.83 0.019003
12.84 0.0194738
12.85 0.0199046
12.86 0.0202945
12.87 0.020643
12.88 0.0209496
12.89 0.0212142
12.9 0.021437
12.91 0.0216182
12.92 0.0217582
12.93 0.0218573
12.94 0.0219158
12.95 0.0219339
12.96 0.0219116
12.97 0.0218489
12.98 0.0217459
12.99 0.021603
13 0.0214206
13.01 0.0211995
13.02 0.0209406
13.03 0.0206455
13.04 0.0203159
13.05 0.0199536
13.06 0.019561
13.07 0.0191398
13.08 0.0186923
13.09 0.0182201
13.1 0.017725
13.11 0.0172085
13.12 0.0166719
13.13 0.0161167
13.14 0.0155445
13.15 0.014957
13.16 0.0143561
13.17 0.0137442
13.18 0.013124
13.19 0.012498
13.2 0.0118693
13.21 0.0112409
13.22 0.0106156
13.23 0.00999628
13.24 0.00938575
13.25 0.00878665
13.26 0.00820148
13.27 0.00763253
13.28 0.00708193
13.29 0.00655156
13.3 0.00604308
13.31 0.0055579
13.32 0.00509706
13.33 0.00466131
13.34 0.00425113
13.35 0.0038668
13.36 0.0035085
13.37 0.0031764
13.38 0.00287071
13.39 0.00259161
13.4 0.00233937
13.41 0.00211428
13.42 0.00191677
13.43 0.00174734
13.44 0.0016066
13.45 0.00149526
13.46 0.00141412
13.47 0.00136404
13.48 0.00134591
13.49 0.00136058
13.5 0.00140886
13.51 0.00149147
13.52 0.00160904
13.53 0.00176206
13.54 0.00195101
13.55 0.00217627
13.56 0.00243813
13.57 0.00273672
13.58 0.00307186
13.59 0.00344304
13.6 0.00384933
13.61 0.0042895
13.62 0.00476208
13.63 0.00526544
13.64 0.00579777
13.65 0.00635711
13.66 0.00694135
13.67 0.00754832
13.68 0.00817571
13.69 0.00882098
13.7 0.00948135
13.71 0.0101538
13.72 0.0108351
13.73 0.0115219
13.74 0.0122104
13.75 0.0128969
13.76 0.013577
13.77 0.0142464
13.78 0.0149002
13.79 0.0155333
13.8 0.0161403
13.81 0.0167155
13.82 0.017253
13.83 0.0177467
13.84 0.0181913
13.85 0.0185823
13.86 0.0189162
13.87 0.0191905
13.88 0.019403
13.89 0.0195518
13.9 0.0196356
13.91 0.019653
13.92 0.0196033
13.93 0.019486
13.94 0.0193009
13.95 0.0190479
13.96 0.0187277
13.97 0.0183409
13.98 0.0178889
13.99 0.0173729
14 0.0167947
14.01 0.0161562
14.02 0.0154596
14.03 0.0147074
14.04 0.0139023
14.05 0.0130473
14.06 0.0121458
14.07 0.0112011
14.08 0.0102166
14.09 0.0091957
14.1 0.00814162
14.11 0.00705752
14.12 0.00594633
14.13 0.00481082
14.14 0.00365348
14.15 0.00247657
14.16 0.00128213
14.17 7.21025e-05
14.18 -0.00115151
14.19 -0.00238659
14.2 -0.00363093
14.21 -0.00488229
14.22 -0.00613841
14.23 -0.00739707
14.24 -0.00865613
14.25 -0.00991528
14.26 -0.0111775
14.27 -0.012447
14.28 -0.013728
14.29 -0.0150244
14.3 -0.0163398
14.31 -0.0176775
14.32 -0.0190403
14.33 -0.0204308
14.34 -0.021851
14.35 -0.0233029
14.36 -0.0247886
14.37 -0.0263102
14.38 -0.0278701
14.39 -0.0294709
14.4 -0.0311152
14.41 -0.0328058
14.42 -0.0345452
14.43 -0.036336
14.44 -0.0381805
14.45 -0.0400804
14.46 -0.0420369
14.47 -0.0440509
14.48 -0.0461228
14.49 -0.0482527
14.5 -0.0504406
14.51 -0.0526867
14.52 -0.0549911
14.53 -0.0573539
14.54 -0.0597756
14.55 -0.0622567
14.56 -0.0647976
14.57 -0.0673989
14.58 -0.0700611
14.59 -0.0727848
14.6 -0.0755704
14.61 -0.078418
14.62 -0.0813272
14.63 -0.0842971
14.64 -0.087326
14.65 -0.0904113
14.66 -0.0935497
14.67 -0.096737
14.68 -0.099969
14.69 -0.103241
14.7 -0.10655
14.71 -0.109891
14.72 -0.113262
14.73 -0.116657
14.74 -0.120071
14.75 -0.123497
14.76 -0.12693
14.77 -0.130361
14.78 -0.133784
14.79 -0.137193
14.8 -0.14058
14.81 -0.14394
14.82 -0.147264
14.83 -0.150547
14.84 -0.153782
14.85 -0.156963
14.86 -0.160084
14.87 -0.163137
14.88 -0.166119
14.89 -0.169021
14.9 -0.171837
14.91 -0.174562
14.92 -0.177189
14.93 -0.17971
14.94 -0.182121
14.95 -0.184413
14.96 -0.186581
14.97 -0.188618
14.98 -0.190519
14.99 -0.19228
15 -0.193898
15.01 -0.19537
15.02 -0.196696
15.03 -0.197879
15.04 -0.198919
15.05 -0.199821
15.06 -0.200586
15.07 -0.201221
15.08 -0.20173
15.09 -0.202118
15.1 -0.20239
15.11 -0.202551
15.12 -0.202607
15.13 -0.202563
15.14 -0.202423
15.15 -0.202194
15.16 -0.201881
15.17 -0.201491
15.18 -0.20103
15.19 -0.200502
15.2 -0.199913
15.21 -0.19927
15.22 -0.198577
15.23 -0.197841
15.24 -0.197069
15.25 -0.196269
15.26 -0.195447
15.27 -0.194613
15.28 -0.193774
15.29 -0.19294
15.3 -0.192119
15.31 -0.191318
15.32 -0.190545
15.33 -0.189805
15.34 -0.189105
15.35 -0.188449
15.36 -0.187843
15.37 -0.187292
15.38 -0.186801
15.39 -0.186374
15.4 -0.186016
15.41 -0.18573
15.42 -0.185518
15.43 -0.185382
15.44 -0.185323
15.45 -0.185341
15.46 -0.185436
15.47 -0.185605
15.48 -0.185846
15.49 -0.186155
15.5 -0.186526
15.51 -0.186953
15.52 -0.18743
15.53 -0.187947
15.54 -0.188497
15.55 -0.189071
15.56 -0.189661
15.57 -0.19026
15.58 -0.190857
15.59 -0.191446
15.6 -0.192017
15.61 -0.192563
15.62 -0.193077
15.63 -0.193549
15.64 -0.193972
15.65 -0.19434
15.66 -0.194645
15.67 -0.19488
15.68 -0.19504
15.69 -0.195118
15.7 -0.195109
15.71 -0.195008
15.72 -0.194811
15.73 -0.194514
15.74 -0.194114
15.75 -0.193607
15.76 -0.192991
15.77 -0.192264
15.78 -0.191424
15.79 -0.19047
15.8 -0.189403
15.81 -0.188223
15.82 -0.186931
15.83 -0.18553
15.84 -0.184022
15.85 -0.182413
15.86 -0.180707
15.87 -0.178909
15.88 -0.177025
15.89 -0.175062
15.9 -0.173027
15.91 -0.170928
15.92 -0.168769
15.93 -0.166547
15.94 -0.16426
15.95 -0.161905
15.96 -0.15948
15.97 -0.156985
15.98 -0.154419
15.99 -0.151782
16 -0.149073
16.01 -0.146293
16.02 -0.143445
16.03 -0.14053
16.04 -0.137552
16.05 -0.134515
16.06 -0.131425
16.07 -0.128286
16.08 -0.125103
16.09 -0.121883
16.1 -0.118629
16.11 -0.115348
16.12 -0.112043
16.13 -0.108721
16.14 -0.105386
16.15 -0.102043
16.16 -0.0986978
16.17 -0.0953554
16.18 -0.0920213
16.19 -0.0887008
16.2 -0.0853994
16.21 -0.0821222
16.22 -0.078874
16.23 -0.0756591
16.24 -0.0724813
16.25 -0.0693434
16.26 -0.0662474
16.27 -0.0631947
16.28 -0.0601859
16.29 -0.0572216
16.3 -0.0543021
16.31 -0.0514275
16.32 -0.0485978
16.33 -0.0458128
16.34 -0.0430721
16.35 -0.0403754
16.36 -0.0377222
16.37 -0.035112
16.38 -0.0325442
16.39 -0.0300183
16.4 -0.0275334
16.41 -0.0250888
16.42 -0.0226837
16.43 -0.0203173
16.44 -0.0179892
16.45 -0.0156987
16.46 -0.0134454
16.47 -0.0112286
16.48 -0.00904805
16.49 -0.00690311
16.5 -0.00479341
16.51 -0.00271856
16.52 -0.000678194
16.53 0.0013281
16.54 0.00330078
16.55 0.00524027
16.56 0.00714692
16.57 0.00902094
16.58 0.0108624
16.59 0.0126714
16.6 0.0144475
16.61 0.0161904
16.62 0.0178994
16.63 0.0195733
16.64 0.0212109
16.65 0.0228103
16.66 0.0243695
16.67 0.025886
16.68 0.0273571
16.69 0.0287795
16.7 0.0301497
16.71 0.0314644
16.72 0.0327205
16.73 0.0339153
16.74 0.0350467
16.75 0.0361132
16.76 0.0371136
16.77 0.0380468
16.78 0.0389123
16.79 0.0397094
16.8 0.040438
16.81 0.041098
16.82 0.0416895
16.83 0.0422126
16.84 0.0426677
16.85 0.0430551
16.86 0.043375
16.87 0.0436278
16.88 0.0438135
16.89 0.0439319
16.9 0.0439828
16.91 0.0439658
16.92 0.0438804
16.93 0.0437266
16.94 0.0435047
16.95 0.0432154
16.96 0.0428599
16.97 0.0424397
16.98 0.0419567
16.99 0.0414132
17 0.040812
17.01 0.0401559
17.02 0.0394483
17.03 0.0386926
17.04 0.0378925
17.05 0.0370516
17.06 0.0361739
17.07 0.0352634
17.08 0.0343245
17.09 0.0333616
17.1 0.0323791
17.11 0.0313816
17.12 0.0303736
17.13 0.0293596
17.14 0.0283443
17.15 0.0273322
17.16 0.0263279
17.17 0.0253358
17.18 0.0243602
17.19 0.0234054
17.2 0.0224756
17.21 0.0215748
17.22 0.0207069
17.23 0.0198757
17.24 0.0190845
17.25 0.0183367
17.26 0.0176351
17.27 0.0169823
17.28 0.0163804
17.29 0.0158313
17.3 0.0153363
17.31 0.0148969
17.32 0.0145138
17.33 0.0141878
17.34 0.0139191
17.35 0.0137076
17.36 0.0135525
17.37 0.0134527
17.38 0.0134061
17.39 0.0134098
17.4 0.0134603
17.41 0.0135538
17.42 0.0136858
17.43 0.0138511
17.44 0.0140451
17.45 0.014263
17.46 0.0145005
17.47 0.0147539
17.48 0.0150197
17.49 0.0152949
17.5 0.0155767
17.51 0.0158622
17.52 0.0161483
17.53 0.016432
17.54 0.0167103
17.55 0.0169803
17.56 0.0172393
17.57 0.017485
17.58 0.0177152
17.59 0.0179283
17.6 0.0181229
17.61 0.0182985
17.62 0.0184549
17.63 0.0185924
17.64 0.0187119
17.65 0.0188148
17.66 0.0189027
17.67 0.0189777
17.68 0.0190419
17.69 0.019098
17.7 0.0191483
17.71 0.0191952
17.72 0.0192406
17.73 0.0192863
17.74 0.0193334
17.75 0.0193834
17.76 0.0194375
17.77 0.0194975
17.78 0.0195654
17.79 0.0196436
17.8 0.0197351
17.81 0.0198427
17.82 0.0199694
17.83 0.020118
17.84 0.0202911
17.85 0.0204911
17.86 0.0207204
17.87 0.020981
17.88 0.0212743
17.89 0.0216017
17.9 0.0219634
17.91 0.0223593
17.92 0.0227884
17.93 0.0232494
17.94 0.0237404
17.95 0.0242597
17.96 0.0248047
17.97 0.0253729
17.98 0.0259616
17.99 0.0265676
18 0.0271879
18.01 0.0278191
18.02 0.0284582
18.03 0.0291017
18.04 0.0297464
18.05 0.0303893
18.06 0.0310272
18.07 0.0316572
18.08 0.0322764
18.09 0.0328819
18.1 0.0334708
18.11 0.0340404
18.12 0.0345879
18.13 0.0351107
18.14 0.0356067
18.15 0.0360738
18.16 0.0365104
18.17 0.036915
18.18 0.0372868
18.19 0.0376249
18.2 0.0379291
18.21 0.0381993
18.22 0.0384358
18.23 0.0386386
18.24 0.0388083
18.25 0.0389453
18.26 0.0390499
18.27 0.0391227
18.28 0.0391645
18.29 0.0391762
18.3 0.039159
18.31 0.0391141
18.32 0.0390431
18.33 0.0389476
18.34 0.0388294
18.35 0.0386901
18.36 0.0385316
18.37 0.0383552
18.38 0.0381628
18.39 0.0379558
18.4 0.0377361
18.41 0.0375055
18.42 0.0372663
18.43 0.0370206
18.44 0.0367712
18.45 0.0365208
18.46 0.0362727
18.47 0.03603
18.48 0.0357961
18.49 0.0355743
18.5 0.0353679
18.51 0.0351799
18.52 0.0350129
18.53 0.0348693
18.54 0.034751
18.55 0.0346598
18.56 0.0345968
18.57 0.034563
18.58 0.034559
18.59 0.0345854
18.6 0.0346424
18.61 0.0347304
18.62 0.0348495
18.63 0.0349997
18.64 0.0351808
18.65 0.0353924
18.66 0.0356341
18.67 0.0359047
18.68 0.0362025
18.69 0.0365252
18.7 0.0368692
18.71 0.0372304
18.72 0.0376034
18.73 0.0379822
18.74 0.0383604
18.75 0.0387317
18.76 0.0390898
18.77 0.0394287
18.78 0.0397425
18.79 0.0400255
18.8 0.0402722
18.81 0.040477
18.82 0.0406347
18.83 0.0407402
18.84 0.0407886
18.85 0.0407753
18.86 0.0406958
18.87 0.0405461
18.88 0.0403224
18.89 0.0400217
18.9 0.0396416
18.91 0.0391802
18.92 0.0386371
18.93 0.0380125
18.94 0.0373078
18.95 0.036525
18.96 0.0356669
18.97 0.0347361
18.98 0.0337359
18.99 0.0326694
19 0.03154
19.01 0.0303506
19.02 0.0291044
19.03 0.0278043
19.04 0.0264536
19.05 0.0250558
19.06 0.023615
19.07 0.0221356
19.08 0.0206227
19.09 0.0190818
19.1 0.0175187
19.11 0.0159395
19.12 0.0143501
19.13 0.012756
19.14 0.0111599
19.15 0.00955987
19.16 0.00795304
19.17 0.00633763
19.18 0.00471257
19.19 0.00307759
19.2 0.00143327
19.21 -0.000219106
19.22 -0.00187758
19.23 -0.00353975
19.24 -0.00520297
19.25 -0.00686472
19.26 -0.00852302
19.27 -0.0101766
19.28 -0.0118249
19.29 -0.0134676
19.3 -0.0151041
19.31 -0.0167339
19.32 -0.0183558
19.33 -0.0199684
19.34 -0.0215701
19.35 -0.0231585
19.36 -0.024731
19.37 -0.0262845
19.38 -0.0278159
19.39 -0.0293222
19.4 -0.0308007
19.41 -0.0322483
19.42 -0.0336623
19.43 -0.0350396
19.44 -0.0363776
19.45 -0.0376732
19.46 -0.0389238
19.47 -0.0401265
19.48 -0.0412787
19.49 -0.0423777
19.5 -0.043421
19.51 -0.0444064
19.52 -0.0453317
19.53 -0.0461952
19.54 -0.0469951
19.55 -0.0477303
19.56 -0.0484002
19.57 -0.0490044
19.58 -0.049543
19.59 -0.0500161
19.6 -0.0504239
19.61 -0.0507668
19.62 -0.0510454
19.63 -0.0512601
19.64 -0.0514116
19.65 -0.0515004
19.66 -0.0515274
19.67 -0.0514933
19.68 -0.051399
19.69 -0.051246
19.7 -0.0510362
19.71 -0.0507718
19.72 -0.0504553
19.73 -0.0500895
19.74 -0.0496774
19.75 -0.0492221
19.76 -0.0487265
19.77 -0.0481935
19.78 -0.0476259
19.79 -0.0470269
19.8 -0.0463994
19.81 -0.0457467
19.82 -0.045072
19.83 -0.0443791
19.84 -0.0436715
19.85 -0.0429534
19.86 -0.0422288
19.87 -0.0415021
19.88 -0.0407777
19.89 -0.04006
19.9 -0.0393531
19.91 -0.0386612
19.92 -0.0379879
19.93 -0.0373367
19.94 -0.0367108
19.95 -0.0361132
19.96 -0.0355469
19.97 -0.0350151
19.98 -0.0345207
19.99 -0.0340667
20 -0.0336562
20.01 -0.0332921
20.02 -0.032977
20.03 -0.0327133
20.04 -0.0325026
20.05 -0.0323459
20.06 -0.0322431
20.07 -0.0321938
20.08 -0.0321967
20.09 -0.0322496
20.1 -0.0323498
20.11 -0.0324942
20.12 -0.0326789
20.13 -0.0329004
20.14 -0.0331548
20.15 -0.0334383
20.16 -0.0337467
20.17 -0.0340762
20.18 -0.0344229
20.19 -0.0347832
20.2 -0.0351535
20.21 -0.0355308
20.22 -0.0359122
20.23 -0.0362946
20.24 -0.0366753
20.25 -0.0370512
20.26 -0.0374196
20.27 -0.037778
20.28 -0.0381241
20.29 -0.0384559
20.3 -0.0387716
20.31 -0.0390698
20.32 -0.0393495
20.33 -0.0396096
20.34 -0.0398494
20.35 -0.0400683
20.36 -0.0402657
20.37 -0.0404408
20.38 -0.0405928
20.39 -0.0407203
20.4 -0.040822
20.41 -0.0408961
20.42 -0.0409407
20.43 -0.0409539
20.44 -0.0409337
20.45 -0.0408783
20.46 -0.0407861
20.47 -0.040656
20.48 -0.0404866
20.49 -0.040277
20.5 -0.0400262
20.51 -0.0397335
20.52 -0.0393984
20.53 -0.0390204
20.54 -0.0385995
20.55 -0.0381355
20.56 -0.0376288
20.57 -0.0370801
20.58 -0.0364903
20.59 -0.0358614
20.6 -0.0351957
20.61 -0.0344963
20.62 -0.0337668
20.63 -0.0330112
20.64 -0.0322336
20.65 -0.0314381
20.66 -0.030629
20.67 -0.0298108
20.68 -0.0289877
20.69 -0.0281638
20.7 -0.0273432
20.71 -0.0265296
20.72 -0.0257269
20.73 -0.0249385
20.74 -0.024168
20.75 -0.0234188
20.76 -0.0226941
20.77 -0.0219971
20.78 -0.0213306
20.79 -0.0206969
20.8 -0.0200968
20.81 -0.0195288
20.82 -0.0189903
20.83 -0.0184791
20.84 -0.0179927
20.85 -0.0175286
20.86 -0.0170846
20.87 -0.0166588
20.88 -0.0162494
20.89 -0.0158552
20.9 -0.0154752
20.91 -0.0151086
20.92 -0.0147549
20.93 -0.0144133
20.94 -0.0140833
20.95 -0.0137644
20.96 -0.0134563
20.97 -0.0131589
20.98 -0.0128724
20.99 -0.0125973
21 -0.0123347
21.01 -0.0120858
21.02 -0.0118525
21.03 -0.0116367
21.04 -0.011441
21.05 -0.0112677
21.06 -0.0111192
21.07 -0.0109976
21.08 -0.0109052
21.09 -0.0108443
21.1 -0.010817
21.11 -0.0108255
21.12 -0.0108713
21.13 -0.0109555
21.14 -0.0110787
21.15 -0.0112412
21.16 -0.0114428
21.17 -0.0116833
21.18 -0.011962
21.19 -0.0122781
21.2 -0.0126308
21.21 -0.0130191
21.22 -0.0134415
21.23 -0.0138968
21.24 -0.0143832
21.25 -0.014899
21.26 -0.0154421
21.27 -0.0160099
21.28 -0.0165997
21.29 -0.0172084
21.3 -0.0178327
21.31 -0.0184692
21.32 -0.0191143
21.33 -0.0197648
21.34 -0.0204175
21.35 -0.0210694
21.36 -0.0217176
21.37 -0.0223599
21.38 -0.0229938
21.39 -0.0236177
21.4 -0.0242298
21.41 -0.024829
21.42 -0.0254142
21.43 -0.0259844
21.44 -0.026539
21.45 -0.027077
21.46 -0.0275976
21.47 -0.0280999
21.48 -0.0285828
21.49 -0.0290455
21.5 -0.0294871
21.51 -0.0299071
21.52 -0.0303049
21.53 -0.0306799
21.54 -0.0310317
21.55 -0.03136
21.56 -0.0316646
21.57 -0.0319453
21.58 -0.0322025
21.59 -0.0324368
21.6 -0.0326489
21.61 -0.0328399
21.62 -0.0330107
21.63 -0.0331623
21.64 -0.0332956
21.65 -0.033411
21.66 -0.0335089
21.67 -0.0335894
21.68 -0.0336523
21.69 -0.0336978
21.7 -0.0337257
21.71 -0.0337362
21.72 -0.0337295
21.73 -0.033706
21.74 -0.0336657
21.75 -0.0336087
21.76 -0.033535
21.77 -0.0334443
21.78 -0.0333364
21.79 -0.0332107
21.8 -0.0330669
21.81 -0.0329049
21.82 -0.0327249
21.83 -0.0325274
21.84 -0.0323134
21.85 -0.032084
21.86 -0.031841
21.87 -0.0315861
21.88 -0.0313214
21.89 -0.0310492
21.9 -0.0307718
21.91 -0.0304916
21.92 -0.0302107
21.93 -0.0299312
21.94 -0.0296548
21.95 -0.0293832
21.96 -0.0291179
21.97 -0.0288606
21.98 -0.0286132
21.99 -0.0283778
22 -0.0281569
22.01 -0.0279533
22.02 -0.0277699
22.03 -0.0276098
22.04 -0.0274758
22.05 -0.0273702
22.06 -0.0272945
22.07 -0.0272495
22.08 -0.0272351
22.09 -0.0272508
22.1 -0.0272958
22.11 -0.027369
22.12 -0.0274689
22.13 -0.0275938
22.14 -0.0277421
22.15 -0.027912
22.16 -0.0281019
22.17 -0.0283104
22.18 -0.0285358
22.19 -0.0287767
22.2 -0.0290316
22.21 -0.0292988
22.22 -0.0295764
22.23 -0.0298622
22.24 -0.0301539
22.25 -0.030449
22.26 -0.030745
22.27 -0.0310393
22.28 -0.0313295
22.29 -0.0316133
22.3 -0.0318888
22.31 -0.0321545
22.32 -0.0324091
22.33 -0.0326521
22.34 -0.0328829
22.35 -0.0331012
22.36 -0.0333071
22.37 -0.0335004
22.38 -0.033681
22.39 -0.0338489
22.4 -0.0340039
22.41 -0.0341456
22.42 -0.0342735
22.43 -0.0343872
22.44 -0.034486
22.45 -0.0345693
22.46 -0.0346364
22.47 -0.0346863
22.48 -0.034718
22.49 -0.0347302
22.5 -0.0347215
22.51 -0.0346904
22.52 -0.0346353
22.53 -0.0345544
22.54 -0.034446
22.55 -0.0343083
22.56 -0.03414
22.57 -0.0339396
22.58 -0.0337056
22.59 -0.0334369
22.6 -0.0331325
22.61 -0.0327915
22.62 -0.0324132
22.63 -0.0319973
22.64 -0.0315438
22.65 -0.0310532
22.66 -0.0305262
22.67 -0.0299641
22.68 -0.0293688
22.69 -0.0287424
22.7 -0.0280875
22.71 -0.0274063
22.72 -0.0267011
22.73 -0.0259745
22.74 -0.0252287
22.75 -0.0244663
22.76 -0.0236899
22.77 -0.022902
22.78 -0.0221057
22.79 -0.0213039
22.8 -0.0204996
22.81 -0.0196959
22.82 -0.0188959
22.83 -0.0181026
22.84 -0.0173191
22.85 -0.0165484
22.86 -0.0157936
22.87 -0.0150576
22.88 -0.0143435
22.89 -0.0136542
22.9 -0.0129927
22.91 -0.0123622
22.92 -0.0117655
22.93 -0.011206
22.94 -0.0106865
22.95 -0.0102095
22.96 -0.00977599
22.97 -0.00938665
22.98 -0.00904237
22.99 -0.00874379
23 -0.00849115
23.01 -0.00828425
23.02 -0.00812256
23.03 -0.0080053
23.04 -0.00793147
23.05 -0.0078999
23.06 -0.00790939
23.07 -0.00795879
23.08 -0.00804705
23.09 -0.00817329
23.1 -0.0083367
23.11 -0.00853641
23.12 -0.00877143
23.13 -0.00904063
23.14 -0.00934265
23.15 -0.00967596
23.16 -0.0100389
23.17 -0.0104295
23.18 -0.010846
23.19 -0.0112859
23.2 -0.011747
23.21 -0.0122266
23.22 -0.0127222
23.23 -0.0132311
23.24 -0.0137508
23.25 -0.0142785
23.26 -0.0148115
23.27 -0.0153472
23.28 -0.0158828
23.29 -0.0164154
23.3 -0.0169422
23.31 -0.0174602
23.32 -0.0179664
23.33 -0.0184579
23.34 -0.0189321
23.35 -0.0193864
23.36 -0.0198185
23.37 -0.0202264
23.38 -0.0206083
23.39 -0.0209628
23.4 -0.0212887
23.41 -0.0215856
23.42 -0.021853
23.43 -0.0220911
23.44 -0.0223003
23.45 -0.0224813
23.46 -0.0226351
23.47 -0.0227627
23.48 -0.0228648
23.49 -0.0229424
23.5 -0.0229959
23.51 -0.023026
23.52 -0.0230332
23.53 -0.0230182
23.54 -0.0229817
23.55 -0.0229244
23.56 -0.0228471
23.57 -0.0227507
23.58 -0.022636
23.59 -0.0225036
23.6 -0.0223545
23.61 -0.0221894
23.62 -0.0220093
23.63 -0.0218149
23.64 -0.021607
23.65 -0.0213863
23.66 -0.0211536
23.67 -0.0209098
23.68 -0.0206558
23.69 -0.0203929
23.7 -0.0201224
23.71 -0.0198459
23.72 -0.0195651
23.73 -0.019282
23.74 -0.0189987
23.75 -0.0187175
23.76 -0.018441
23.77 -0.0181723
23.78 -0.0179143
23.79 -0.0176708
23.8 -0.0174455
23.81 -0.0172418
23.82 -0.0170635
23.83 -0.0169136
23.84 -0.0167955
23.85 -0.0167118
23.86 -0.0166653
23.87 -0.0166584
23.88 -0.0166931
23.89 -0.0167715
23.9 -0.0168953
23.91 -0.0170663
23.92 -0.0172862
23.93 -0.0175564
23.94 -0.0178782
23.95 -0.0182525
23.96 -0.0186796
23.97 -0.0191595
23.98 -0.0196913
23.99 -0.0202737
24 -0.0209044
24.01 -0.0215805
24.02 -0.0222984
24.03 -0.0230542
24.04 -0.0238432
24.05 -0.02466
24.06 -0.0254985
24.07 -0.0263519
24.08 -0.0272131
24.09 -0.028075
24.1 -0.0289306
24.11 -0.029773
24.12 -0.0305958
24.13 -0.0313933
24.14 -0.0321601
24.15 -0.0328918
24.16 -0.0335849
24.17 -0.0342361
24.18 -0.0348428
24.19 -0.0354027
24.2 -0.0359135
24.21 -0.0363737
24.22 -0.0367818
24.23 -0.0371369
24.24 -0.0374384
24.25 -0.037686
24.26 -0.0378798
24.27 -0.0380202
24.28 -0.0381082
24.29 -0.0381451
24.3 -0.0381328
24.31 -0.0380735
24.32 -0.0379699
24.33 -0.0378245
24.34 -0.0376395
24.35 -0.0374169
24.36 -0.0371582
24.37 -0.0368649
24.38 -0.0365382
24.39 -0.0361793
24.4 -0.0357895
24.41 -0.0353701
24.42 -0.0349226
24.43 -0.0344489
24.44 -0.0339511
24.45 -0.0334315
24.46 -0.0328925
24.47 -0.0323366
24.48 -0.0317663
24.49 -0.031184
24.5 -0.0305921
24.51 -0.0299932
24.52 -0.0293895
24.53 -0.0287837
24.54 -0.0281783
24.55 -0.027576
24.56 -0.0269796
24.57 -0.026392
24.58 -0.025816
24.59 -0.0252549
24.6 -0.0247116
24.61 -0.024189
24.62 -0.0236899
24.63 -0.0232169
24.64 -0.0227726
24.65 -0.0223591
24.66 -0.0219781
24.67 -0.0216311
24.68 -0.0213189
24.69 -0.0210422
24.7 -0.0208012
24.71 -0.0205957
24.72 -0.0204253
24.73 -0.0202896
24.74 -0.0201876
24.75 -0.0201184
24.76 -0.0200808
24.77 -0.0200734
24.78 -0.0200946
24.79 -0.0201431
24.8 -0.0202173
24.81 -0.0203159
24.82 -0.0204376
24.83 -0.0205811
24.84 -0.0207453
24.85 -0.0209292
24.86 -0.0211315
24.87 -0.0213512
24.88 -0.0215873
24.89 -0.0218388
24.9 -0.022105
24.91 -0.0223854
24.92 -0.0226793
24.93 -0.0229865
24.94 -0.0233065
24.95 -0.023639
24.96 -0.0239836
24.97 -0.0243398
24.98 -0.0247072
24.99 -0.0250851
25 -0.0254727
