0.01 3.17074e-09
0.02 1.52632e-08
0.03 3.76518e-08
0.04 6.79339e-08
0.05 1.03737e-07
0.06 1.42747e-07
0.07 1.82729e-07
0.08 2.21534e-07
0.09 2.57083e-07
0.1 2.87373e-07
0.11 3.10503e-07
0.12 3.24682e-07
0.13 3.28194e-07
0.14 3.19343e-07
0.15 2.9645e-07
0.16 2.57911e-07
0.17 2.0225e-07
0.18 1.28132e-07
0.19 3.43841e-08
0.2 -7.99994e-08
0.21 -2.15839e-07
0.22 -3.73768e-07
0.23 -5.54235e-07
0.24 -7.57526e-07
0.25 -9.83791e-07
0.26 -1.23311e-06
0.27 -1.50554e-06
0.28 -1.80095e-06
0.29 -2.1188e-06
0.3 -2.45805e-06
0.31 -2.81706e-06
0.32 -3.19363e-06
0.33 -3.58473e-06
0.34 -3.9865e-06
0.35 -4.39445e-06
0.36 -4.80376e-06
0.37 -5.20942e-06
0.38 -5.60677e-06
0.39 -5.99236e-06
0.4 -6.36449e-06
0.41 -6.72358e-06
0.42 -7.07168e-06
0.43 -7.41186e-06
0.44 -7.74829e-06
0.45 -8.08607e-06
0.46 -8.43076e-06
0.47 -8.7879e-06
0.48 -9.16244e-06
0.49 -9.55852e-06
0.5 -9.9793e-06
0.51 -1.04272e-05
0.52 -1.09042e-05
0.53 -1.14114e-05
0.54 -1.19492e-05
0.55 -1.25178e-05
0.56 -1.31168e-05
0.57 -1.37451e-05
0.58 -1.44015e-05
0.59 -1.5085e-05
0.6 -1.57941e-05
0.61 -1.65271e-05
0.62 -1.72823e-05
0.63 -1.80576e-05
0.64 -1.88509e-05
0.65 -1.96602e-05
0.66 -2.04836e-05
0.67 -2.13193e-05
0.68 -2.21659e-05
0.69 -2.30224e-05
0.7 -2.38875e-05
0.71 -2.47599e-05
0.72 -2.56375e-05
0.73 -2.65169e-05
0.74 -2.73925e-05
0.75 -2.82562e-05
0.76 -2.9097e-05
0.77 -2.99016e-05
0.78 -3.0655e-05
0.79 -3.13437e-05
0.8 -3.19565e-05
0.81 -3.24854e-05
0.82 -3.29253e-05
0.83 -3.32729e-05
0.84 -3.35275e-05
0.85 -3.36918e-05
0.86 -3.37717e-05
0.87 -3.37723e-05
0.88 -3.36939e-05
0.89 -3.35317e-05
0.9 -3.32777e-05
0.91 -3.29227e-05
0.92 -3.24575e-05
0.93 -3.18749e-05
0.94 -3.11726e-05
0.95 -3.03542e-05
0.96 -2.94298e-05
0.97 -2.84154e-05
0.98 -2.73281e-05
0.99 -2.61802e-05
1 -2.49781e-05
1.01 -2.37226e-05
1.02 -2.24086e-05
1.03 -2.10265e-05
1.04 -1.95647e-05
1.05 -1.80117e-05
1.06 -1.63593e-05
1.07 -1.46046e-05
1.08 -1.27481e-05
1.09 -1.07916e-05
1.1 -8.73655e-06
1.11 -6.58605e-06
1.12 -4.34333e-06
1.13 -2.01012e-06
1.14 4.12884e-07
1.15 2.92459e-06
1.16 5.52174e-06
1.17 8.19633e-06
1.18 1.09334e-05
1.19 1.37129e-05
1.2 1.6513e-05
1.21 1.93089e-05
1.22 2.20713e-05
1.23 2.47696e-05
1.24 2.73772e-05
1.25 2.98798e-05
1.26 3.22796e-05
1.27 3.45906e-05
1.28 3.68293e-05
1.29 3.90115e-05
1.3 4.11515e-05
1.31 4.32574e-05
1.32 4.53285e-05
1.33 4.73581e-05
1.34 4.93384e-05
1.35 5.12645e-05
1.36 5.31348e-05
1.37 5.49503e-05
1.38 5.67145e-05
1.39 5.8432e-05
1.4 6.01063e-05
1.41 6.17371e-05
1.42 6.33159e-05
1.43 6.48223e-05
1.44 6.62202e-05
1.45 6.74556e-05
1.46 6.84587e-05
1.47 6.91505e-05
1.48 6.94497e-05
1.49 6.92745e-05
1.5 6.8546e-05
1.51 6.71929e-05
1.52 6.51545e-05
1.53 6.23874e-05
1.54 5.88738e-05
1.55 5.46291e-05
1.56 4.9704e-05
1.57 4.41754e-05
1.58 3.81369e-05
1.59 3.16923e-05
1.6 2.49426e-05
1.61 1.79796e-05
1.62 1.08874e-05
1.63 3.74259e-06
1.64 -3.38697e-06
1.65 -1.04409e-05
1.66 -1.73695e-05
1.67 -2.41351e-05
1.68 -3.07107e-05
1.69 -3.70735e-05
1.7 -4.32019e-05
1.71 -4.90754e-05
1.72 -5.46741e-05
1.73 -5.99762e-05
1.74 -6.4955e-05
1.75 -6.9575e-05
1.76 -7.37967e-05
1.77 -7.75838e-05
1.78 -8.08989e-05
1.79 -8.36987e-05
1.8 -8.5936e-05
1.81 -8.7565e-05
1.82 -8.85414e-05
1.83 -8.88248e-05
1.84 -8.83886e-05
1.85 -8.72257e-05
1.86 -8.53438e-05
1.87 -8.27561e-05
1.88 -7.94749e-05
1.89 -7.55107e-05
1.9 -7.08727e-05
1.91 -6.55678e-05
1.92 -5.96015e-05
1.93 -5.29794e-05
1.94 -4.57207e-05
1.95 -3.78738e-05
1.96 -2.95175e-05
1.97 -2.07547e-05
1.98 -1.17083e-05
1.99 -2.50883e-06
2 6.72636e-06
2.01 1.59115e-05
2.02 2.49949e-05
2.03 3.39559e-05
2.04 4.28021e-05
2.05 5.15593e-05
2.06 6.02612e-05
2.07 6.89393e-05
2.08 7.7607e-05
2.09 8.62485e-05
2.1 9.48165e-05
2.11 0.000103236
2.12 0.000111401
2.13 0.000119171
2.14 0.000126385
2.15 0.00013287
2.16 0.000138448
2.17 0.000142941
2.18 0.000146176
2.19 0.000147975
2.2 0.000148153
2.21 0.00014652
2.22 0.000142896
2.23 0.000137116
2.24 0.000129037
2.25 0.000118533
2.26 0.0001055
2.27 8.9883e-05
2.28 7.1682e-05
2.29 5.09391e-05
2.3 2.77345e-05
2.31 2.18708e-06
2.32 -2.55401e-05
2.33 -5.52284e-05
2.34 -8.65989e-05
2.35 -0.000119319
2.36 -0.000153012
2.37 -0.000187272
2.38 -0.00022167
2.39 -0.000255759
2.4 -0.000289091
2.41 -0.000321261
2.42 -0.000351924
2.43 -0.000380783
2.44 -0.000407568
2.45 -0.000432034
2.46 -0.000453961
2.47 -0.000473166
2.48 -0.000489508
2.49 -0.000502872
2.5 -0.000513153
2.51 -0.00052024
2.52 -0.000524019
2.53 -0.000524386
2.54 -0.000521252
2.55 -0.000514536
2.56 -0.000504171
2.57 -0.000490138
2.58 -0.000472477
2.59 -0.000451299
2.6 -0.000426776
2.61 -0.000399124
2.62 -0.000368583
2.63 -0.000335396
2.64 -0.000299798
2.65 -0.00026201
2.66 -0.000222243
2.67 -0.000180698
2.68 -0.000137578
2.69 -9.31001e-05
2.7 -4.74996e-05
2.71 -1.0177e-06
2.72 4.60999e-05
2.73 9.36066e-05
2.74 0.000141274
2.75 0.000188896
2.76 0.000236277
2.77 0.000283228
2.78 0.000329588
2.79 0.000375242
2.8 0.000420113
2.81 0.000464157
2.82 0.000507332
2.83 0.000549568
2.84 0.000590764
2.85 0.000630781
2.86 0.000669456
2.87 0.000706589
2.88 0.000741933
2.89 0.0007752
2.9 0.000806089
2.91 0.000834295
2.92 0.000859507
2.93 0.00088142
2.94 0.000899745
2.95 0.000914219
2.96 0.000924613
2.97 0.000930759
2.98 0.000932565
2.99 0.000930005
3 0.000923098
3.01 0.000911909
3.02 0.000896516
3.03 0.000876999
3.04 0.000853431
3.05 0.000825869
3.06 0.000794348
3.07 0.000758875
3.08 0.000719434
3.09 0.000676001
3.1 0.00062858
3.11 0.000577225
3.12 0.000522062
3.13 0.0004633
3.14 0.00040122
3.15 0.000336142
3.16 0.000268414
3.17 0.000198415
3.18 0.00012655
3.19 5.32297e-05
3.2 -2.1153e-05
3.21 -9.62101e-05
3.22 -0.000171525
3.23 -0.000246642
3.24 -0.000321071
3.25 -0.000394295
3.26 -0.000465782
3.27 -0.000534978
3.28 -0.000601286
3.29 -0.000664106
3.3 -0.000722872
3.31 -0.000777028
3.32 -0.000826038
3.33 -0.00086943
3.34 -0.000906843
3.35 -0.000938059
3.36 -0.000963011
3.37 -0.000981776
3.38 -0.000994564
3.39 -0.0010017
3.4 -0.00100364
3.41 -0.00100091
3.42 -0.000994093
3.43 -0.000983806
3.44 -0.000970647
3.45 -0.000955208
3.46 -0.000938052
3.47 -0.000919672
3.48 -0.000900443
3.49 -0.0008806
3.5 -0.000860247
3.51 -0.000839371
3.52 -0.000817847
3.53 -0.000795463
3.54 -0.000771949
3.55 -0.00074703
3.56 -0.000720489
3.57 -0.000692169
3.58 -0.000661937
3.59 -0.00062967
3.6 -0.000595295
3.61 -0.000558808
3.62 -0.000520267
3.63 -0.000479789
3.64 -0.000437555
3.65 -0.000393804
3.66 -0.000348835
3.67 -0.00030302
3.68 -0.0002568
3.69 -0.000210663
3.7 -0.000165088
3.71 -0.000120529
3.72 -7.74338e-05
3.73 -3.62179e-05
3.74 2.76614e-06
3.75 3.92138e-05
3.76 7.28609e-05
3.77 0.000103494
3.78 0.00013095
3.79 0.000155114
3.8 0.000175922
3.81 0.000193389
3.82 0.000207593
3.83 0.000218654
3.84 0.000226726
3.85 0.000231996
3.86 0.000234625
3.87 0.000234712
3.88 0.00023226
3.89 0.00022717
3.9 0.000219238
3.91 0.00020816
3.92 0.00019353
3.93 0.000174881
3.94 0.000151726
3.95 0.000123593
3.96 9.00422e-05
3.97 5.07116e-05
3.98 5.37525e-06
3.99 -4.60204e-05
4 -0.000103357
4.01 -0.000166352
4.02 -0.000234568
4.03 -0.000307433
4.04 -0.000384241
4.05 -0.000464156
4.06 -0.000546225
4.07 -0.000629367
4.08 -0.000712357
4.09 -0.000793857
4.1 -0.000872452
4.11 -0.000946718
4.12 -0.00101533
4.13 -0.00107713
4.14 -0.00113121
4.15 -0.00117694
4.16 -0.00121401
4.17 -0.0012425
4.18 -0.00126277
4.19 -0.00127544
4.2 -0.00128135
4.21 -0.00128148
4.22 -0.0012769
4.23 -0.00126863
4.24 -0.0012576
4.25 -0.00124464
4.26 -0.00123052
4.27 -0.00121593
4.28 -0.00120144
4.29 -0.00118746
4.3 -0.00117428
4.31 -0.00116202
4.32 -0.00115068
4.33 -0.00114017
4.34 -0.00113025
4.35 -0.00112054
4.36 -0.00111053
4.37 -0.00109957
4.38 -0.00108694
4.39 -0.00107184
4.4 -0.00105347
4.41 -0.001031
4.42 -0.00100355
4.43 -0.000970322
4.44 -0.000930527
4.45 -0.000883492
4.46 -0.000828715
4.47 -0.000765917
4.48 -0.000695044
4.49 -0.000616212
4.5 -0.000529632
4.51 -0.000435578
4.52 -0.000334431
4.53 -0.000226715
4.54 -0.000113086
4.55 5.68854e-06
4.56 0.000128747
4.57 0.000255144
4.58 0.000383853
4.59 0.000513794
4.6 0.000643845
4.61 0.000772889
4.62 0.000899869
4.63 0.0010238
4.64 0.00114375
4.65 0.0012589
4.66 0.00136854
4.67 0.0014721
4.68 0.00156922
4.69 0.00165967
4.7 0.00174334
4.71 0.00182014
4.72 0.00188998
4.73 0.0019528
4.74 0.00200853
4.75 0.00205706
4.76 0.0020982
4.77 0.00213173
4.78 0.00215745
4.79 0.00217517
4.8 0.00218473
4.81 0.00218594
4.82 0.00217858
4.83 0.00216248
4.84 0.0021375
4.85 0.0021035
4.86 0.00206033
4.87 0.0020079
4.88 0.00194625
4.89 0.00187545
4.9 0.00179563
4.91 0.00170701
4.92 0.00160989
4.93 0.00150467
4.94 0.00139177
4.95 0.00127166
4.96 0.00114489
4.97 0.00101205
4.98 0.000873805
4.99 0.000730915
5 0.000584191
5.01 0.000434458
5.02 0.000282492
5.03 0.000128965
5.04 -2.55716e-05
5.05 -0.000180681
5.06 -0.000336059
5.07 -0.000491554
5.08 -0.000647117
5.09 -0.00080275
5.1 -0.000958515
5.11 -0.00111452
5.12 -0.00127084
5.13 -0.00142749
5.14 -0.00158441
5.15 -0.00174138
5.16 -0.00189803
5.17 -0.00205374
5.18 -0.00220772
5.19 -0.00235905
5.2 -0.00250665
5.21 -0.00264938
5.22 -0.002786
5.23 -0.00291532
5.24 -0.00303618
5.25 -0.0031475
5.26 -0.0032482
5.27 -0.00333716
5.28 -0.00341328
5.29 -0.00347552
5.3 -0.00352293
5.31 -0.00355464
5.32 -0.00356995
5.33 -0.00356838
5.34 -0.00354972
5.35 -0.00351403
5.36 -0.00346169
5.37 -0.00339338
5.38 -0.00331012
5.39 -0.00321312
5.4 -0.00310368
5.41 -0.00298317
5.42 -0.00285297
5.43 -0.0027144
5.44 -0.00256866
5.45 -0.00241681
5.46 -0.00225976
5.47 -0.00209833
5.48 -0.00193328
5.49 -0.00176535
5.5 -0.00159518
5.51 -0.00142335
5.52 -0.00125033
5.53 -0.00107665
5.54 -0.000902771
5.55 -0.000729138
5.56 -0.00055615
5.57 -0.000384239
5.58 -0.000213922
5.59 -4.57785e-05
5.6 0.000119604
5.61 0.00028167
5.62 0.000439916
5.63 0.000593879
5.64 0.000743151
5.65 0.000887359
5.66 0.00102614
5.67 0.00115919
5.68 0.00128627
5.69 0.00140725
5.7 0.00152209
5.71 0.00163087
5.72 0.00173377
5.73 0.00183105
5.74 0.00192302
5.75 0.00201
5.76 0.00209236
5.77 0.0021704
5.78 0.00224434
5.79 0.00231425
5.8 0.00238008
5.81 0.00244155
5.82 0.00249821
5.83 0.00254937
5.84 0.00259417
5.85 0.00263159
5.86 0.00266056
5.87 0.00267993
5.88 0.00268859
5.89 0.00268543
5.9 0.00266944
5.91 0.00263974
5.92 0.00259566
5.93 0.0025367
5.94 0.00246256
5.95 0.00237318
5.96 0.00226879
5.97 0.00214998
5.98 0.00201769
5.99 0.00187314
6 0.00171778
6.01 0.0015533
6.02 0.00138145
6.03 0.00120405
6.04 0.00102296
6.05 0.000840026
6.06 0.000657077
6.07 0.00047578
6.08 0.000297608
6.09 0.000123832
6.1 -4.44305e-05
6.11 -0.000206211
6.12 -0.000360708
6.13 -0.000507285
6.14 -0.000645411
6.15 -0.000774588
6.16 -0.000894311
6.17 -0.001004
6.18 -0.00110293
6.19 -0.0011902
6.2 -0.00126486
6.21 -0.00132595
6.22 -0.00137249
6.23 -0.00140351
6.24 -0.00141809
6.25 -0.00141543
6.26 -0.0013948
6.27 -0.00135556
6.28 -0.00129718
6.29 -0.00121914
6.3 -0.001121
6.31 -0.00100233
6.32 -0.000862731
6.33 -0.00070183
6.34 -0.000519301
6.35 -0.000314881
6.36 -8.84388e-05
6.37 0.000159885
6.38 0.000429555
6.39 0.000719656
6.4 0.00102897
6.41 0.00135602
6.42 0.00169921
6.43 0.00205692
6.44 0.00242758
6.45 0.00280974
6.46 0.00320221
6.47 0.00360396
6.48 0.00401398
6.49 0.00443119
6.5 0.00485429
6.51 0.00528161
6.52 0.00571105
6.53 0.00614013
6.54 0.00656594
6.55 0.00698516
6.56 0.0073941
6.57 0.00778878
6.58 0.00816513
6.59 0.00851913
6.6 0.00884704
6.61 0.00914549
6.62 0.0094116
6.63 0.00964301
6.64 0.0098378
6.65 0.00999445
6.66 0.0101117
6.67 0.0101882
6.68 0.0102232
6.69 0.0102156
6.7 0.0101648
6.71 0.0100701
6.72 0.00993131
6.73 0.00974821
6.74 0.00952091
6.75 0.00924975
6.76 0.00893545
6.77 0.00857903
6.78 0.00818182
6.79 0.00774546
6.8 0.00727191
6.81 0.00676329
6.82 0.00622187
6.83 0.00564993
6.84 0.0050498
6.85 0.00442376
6.86 0.00377406
6.87 0.00310285
6.88 0.00241228
6.89 0.0017045
6.9 0.000981802
6.91 0.000246688
6.92 -0.000498058
6.93 -0.00124935
6.94 -0.00200377
6.95 -0.00275761
6.96 -0.00350699
6.97 -0.00424799
6.98 -0.00497687
6.99 -0.0056902
7 -0.00638494
7.01 -0.00705851
7.02 -0.00770875
7.03 -0.00833378
7.04 -0.00893184
7.05 -0.00950119
7.06 -0.0100399
7.07 -0.0105459
7.08 -0.0110166
7.09 -0.0114497
7.1 -0.0118423
7.11 -0.0121917
7.12 -0.0124953
7.13 -0.012751
7.14 -0.012957
7.15 -0.0131124
7.16 -0.0132166
7.17 -0.01327
7.18 -0.013273
7.19 -0.0132268
7.2 -0.0131326
7.21 -0.0129916
7.22 -0.0128054
7.23 -0.0125751
7.24 -0.0123018
7.25 -0.0119865
7.26 -0.01163
7.27 -0.0112331
7.28 -0.0107969
7.29 -0.0103228
7.3 -0.00981243
7.31 -0.00926797
7.32 -0.00869199
7.33 -0.00808748
7.34 -0.00745763
7.35 -0.00680574
7.36 -0.00613503
7.37 -0.00544854
7.38 -0.00474902
7.39 -0.00403889
7.4 -0.00332026
7.41 -0.00259503
7.42 -0.001865
7.43 -0.00113198
7.44 -0.000398029
7.45 0.000334538
7.46 0.00106308
7.47 0.00178462
7.48 0.00249586
7.49 0.00319319
7.5 0.00387273
7.51 0.00453037
7.52 0.00516187
7.53 0.00576307
7.54 0.00632996
7.55 0.00685877
7.56 0.007346
7.57 0.00778831
7.58 0.00818258
7.59 0.00852586
7.6 0.00881545
7.61 0.00904888
7.62 0.00922416
7.63 0.0093399
7.64 0.00939544
7.65 0.00939077
7.66 0.00932662
7.67 0.00920454
7.68 0.00902686
7.69 0.00879674
7.7 0.00851799
7.71 0.00819501
7.72 0.00783237
7.73 0.00743451
7.74 0.00700561
7.75 0.00654942
7.76 0.00606931
7.77 0.00556833
7.78 0.00504928
7.79 0.00451475
7.8 0.00396704
7.81 0.00340825
7.82 0.00284027
7.83 0.00226482
7.84 0.00168344
7.85 0.00109748
7.86 0.000508253
7.87 -8.3013e-05
7.88 -0.000675087
7.89 -0.00126664
7.9 -0.00185618
7.91 -0.00244205
7.92 -0.00302238
7.93 -0.00359505
7.94 -0.00415772
7.95 -0.00470785
7.96 -0.00524278
7.97 -0.0057597
7.98 -0.00625575
7.99 -0.006728
8 -0.00717364
8.01 -0.00759004
8.02 -0.00797484
8.03 -0.00832594
8.04 -0.00864159
8.05 -0.00892049
8.06 -0.00916177
8.07 -0.00936498
8.08 -0.00952998
8.09 -0.00965686
8.1 -0.00974581
8.11 -0.00979697
8.12 -0.00981029
8.13 -0.00978549
8.14 -0.0097221
8.15 -0.00961951
8.16 -0.009477
8.17 -0.00929378
8.18 -0.00906913
8.19 -0.00880246
8.2 -0.00849339
8.21 -0.0081418
8.22 -0.00774795
8.23 -0.00731243
8.24 -0.00683611
8.25 -0.0063202
8.26 -0.00576629
8.27 -0.00517631
8.28 -0.00455258
8.29 -0.00389779
8.3 -0.0032151
8.31 -0.00250817
8.32 -0.00178128
8.33 -0.00103932
8.34 -0.000287718
8.35 0.000467729
8.36 0.00122101
8.37 0.00196616
8.38 0.0026975
8.39 0.00340986
8.4 0.00409872
8.41 0.00476026
8.42 0.00539132
8.43 0.00598932
8.44 0.00655221
8.45 0.00707852
8.46 0.00756734
8.47 0.00801829
8.48 0.00843148
8.49 0.00880734
8.5 0.00914658
8.51 0.00945005
8.52 0.00971866
8.53 0.00995313
8.54 0.0101539
8.55 0.0103212
8.56 0.0104548
8.57 0.0105545
8.58 0.0106199
8.59 0.0106507
8.6 0.0106467
8.61 0.0106077
8.62 0.010534
8.63 0.010426
8.64 0.0102847
8.65 0.0101114
8.66 0.00990807
8.67 0.00967674
8.68 0.00941987
8.69 0.00914004
8.7 0.0088399
8.71 0.00852214
8.72 0.00818944
8.73 0.00784429
8.74 0.00748901
8.75 0.00712573
8.76 0.00675632
8.77 0.00638228
8.78 0.00600477
8.79 0.00562464
8.8 0.00524247
8.81 0.00485851
8.82 0.00447281
8.83 0.00408532
8.84 0.00369604
8.85 0.00330514
8.86 0.00291295
8.87 0.00251996
8.88 0.00212679
8.89 0.00173426
8.9 0.0013435
8.91 0.000955836
8.92 0.000572827
8.93 0.000196139
8.94 -0.000172539
8.95 -0.000531602
8.96 -0.000879565
8.97 -0.00121507
8.98 -0.00153692
8.99 -0.00184407
9 -0.00213582
9.01 -0.00241176
9.02 -0.00267184
9.03 -0.00291636
9.04 -0.00314593
9.05 -0.00336128
9.06 -0.00356318
9.07 -0.00375229
9.08 -0.00392917
9.09 -0.00409423
9.1 -0.00424785
9.11 -0.00439037
9.12 -0.00452218
9.13 -0.00464367
9.14 -0.00475526
9.15 -0.00485738
9.16 -0.00495033
9.17 -0.00503423
9.18 -0.00510886
9.19 -0.0051736
9.2 -0.00522744
9.21 -0.00526887
9.22 -0.00529592
9.23 -0.00530619
9.24 -0.00529704
9.25 -0.00526583
9.26 -0.0052102
9.27 -0.00512821
9.28 -0.00501846
9.29 -0.00488022
9.3 -0.00471335
9.31 -0.00451808
9.32 -0.00429487
9.33 -0.00404441
9.34 -0.00376755
9.35 -0.00346531
9.36 -0.00313885
9.37 -0.00278946
9.38 -0.00241854
9.39 -0.00202761
9.4 -0.00161839
9.41 -0.00119286
9.42 -0.000753321
9.43 -0.000302454
9.44 0.000156596
9.45 0.000620218
9.46 0.00108446
9.47 0.00154521
9.48 0.00199833
9.49 0.00243986
9.5 0.00286623
9.51 0.00327426
9.52 0.00366132
9.53 0.0040252
9.54 0.0043641
9.55 0.00467643
9.56 0.0049607
9.57 0.00521548
9.58 0.00543922
9.59 0.00563026
9.6 0.00578687
9.61 0.00590735
9.62 0.00599016
9.63 0.00603407
9.64 0.00603827
9.65 0.00600245
9.66 0.00592683
9.67 0.0058121
9.68 0.00565945
9.69 0.0054705
9.7 0.00524719
9.71 0.0049916
9.72 0.00470591
9.73 0.00439228
9.74 0.00405278
9.75 0.0036893
9.76 0.00330353
9.77 0.00289699
9.78 0.00247107
9.79 0.002027
9.8 0.00156587
9.81 0.00108862
9.82 0.000596072
9.83 8.89618e-05
9.84 -0.000432055
9.85 -0.000966381
9.86 -0.00151339
9.87 -0.00207232
9.88 -0.0026422
9.89 -0.0032219
9.9 -0.00381006
9.91 -0.00440505
9.92 -0.00500487
9.93 -0.00560726
9.94 -0.00620962
9.95 -0.00680911
9.96 -0.00740273
9.97 -0.00798745
9.98 -0.00856044
9.99 -0.00911909
10 -0.00966108
10.01 -0.0101844
10.02 -0.0106873
10.03 -0.0111684
10.04 -0.0116267
10.05 -0.012061
10.06 -0.0124703
10.07 -0.0128533
10.08 -0.0132089
10.09 -0.0135356
10.1 -0.013832
10.11 -0.0140969
10.12 -0.0143288
10.13 -0.0145267
10.14 -0.0146899
10.15 -0.0148179
10.16 -0.0149105
10.17 -0.0149677
10.18 -0.0149896
10.19 -0.0149764
10.2 -0.0149281
10.21 -0.0148447
10.22 -0.0147265
10.23 -0.0145734
10.24 -0.0143859
10.25 -0.0141642
10.26 -0.0139088
10.27 -0.0136206
10.28 -0.0133005
10.29 -0.0129495
10.3 -0.0125691
10.31 -0.0121606
10.32 -0.0117253
10.33 -0.0112648
10.34 -0.0107805
10.35 -0.010274
10.36 -0.0097468
10.37 -0.00920073
10.38 -0.00863753
10.39 -0.00805903
10.4 -0.00746703
10.41 -0.00686333
10.42 -0.00624956
10.43 -0.00562723
10.44 -0.00499763
10.45 -0.00436186
10.46 -0.00372084
10.47 -0.00307548
10.48 -0.00242671
10.49 -0.00177566
10.5 -0.00112373
10.51 -0.000472638
10.52 0.000175581
10.53 0.000818633
10.54 0.00145402
10.55 0.00207915
10.56 0.00269143
10.57 0.00328829
10.58 0.00386716
10.59 0.00442555
10.6 0.00496111
10.61 0.00547152
10.62 0.00595456
10.63 0.00640802
10.64 0.00682975
10.65 0.0072176
10.66 0.00756948
10.67 0.00788336
10.68 0.00815741
10.69 0.00838999
10.7 0.00857984
10.71 0.00872606
10.72 0.00882808
10.73 0.00888564
10.74 0.00889878
10.75 0.00886779
10.76 0.00879319
10.77 0.00867575
10.78 0.00851651
10.79 0.00831678
10.8 0.00807807
10.81 0.00780207
10.82 0.00749069
10.83 0.00714602
10.84 0.00677029
10.85 0.00636585
10.86 0.00593511
10.87 0.00548041
10.88 0.00500409
10.89 0.00450851
10.9 0.00399599
10.91 0.00346891
10.92 0.00292972
10.93 0.00238105
10.94 0.00182578
10.95 0.00126704
10.96 0.000708158
10.97 0.000152663
10.98 -0.000395837
10.99 -0.000933737
11 -0.00145757
11.01 -0.00196405
11.02 -0.0024501
11.03 -0.00291293
11.04 -0.00335006
11.05 -0.00375931
11.06 -0.00413873
11.07 -0.00448659
11.08 -0.00480138
11.09 -0.00508185
11.1 -0.0053269
11.11 -0.00553559
11.12 -0.00570702
11.13 -0.00584038
11.14 -0.00593498
11.15 -0.00599029
11.16 -0.00600591
11.17 -0.00598143
11.18 -0.00591644
11.19 -0.00581043
11.2 -0.00566287
11.21 -0.00547322
11.22 -0.00524092
11.23 -0.0049655
11.24 -0.00464677
11.25 -0.00428504
11.26 -0.00388124
11.27 -0.00343692
11.28 -0.00295418
11.29 -0.00243553
11.3 -0.00188374
11.31 -0.00130179
11.32 -0.000692759
11.33 -5.97314e-05
11.34 0.000594311
11.35 0.00126664
11.36 0.00195486
11.37 0.0026568
11.38 0.00337041
11.39 0.00409364
11.4 0.00482433
11.41 0.00556027
11.42 0.00629898
11.43 0.00703773
11.44 0.00777355
11.45 0.0085033
11.46 0.00922375
11.47 0.00993178
11.48 0.0106244
11.49 0.0112992
11.5 0.0119538
11.51 0.0125866
11.52 0.0131964
11.53 0.0137823
11.54 0.0143434
11.55 0.0148792
11.56 0.015389
11.57 0.0158722
11.58 0.0163276
11.59 0.0167543
11.6 0.0171511
11.61 0.017517
11.62 0.0178513
11.63 0.0181533
11.64 0.0184224
11.65 0.0186582
11.66 0.0188605
11.67 0.019029
11.68 0.0191638
11.69 0.0192648
11.7 0.0193318
11.71 0.0193649
11.72 0.0193637
11.73 0.0193277
11.74 0.0192563
11.75 0.0191488
11.76 0.019004
11.77 0.0188205
11.78 0.0185967
11.79 0.0183305
11.8 0.0180199
11.81 0.0176629
11.82 0.0172582
11.83 0.0168049
11.84 0.0163026
11.85 0.0157514
11.86 0.0151519
11.87 0.014505
11.88 0.0138118
11.89 0.0130737
11.9 0.0122924
11.91 0.0114697
11.92 0.0106077
11.93 0.00970896
11.94 0.00877592
11.95 0.00781141
11.96 0.00681837
11.97 0.00579986
11.98 0.00475919
11.99 0.00369993
12 0.00262592
12.01 0.00154122
12.02 0.000450117
12.03 -0.000642823
12.04 -0.00173275
12.05 -0.00281463
12.06 -0.00388334
12.07 -0.00493376
12.08 -0.00596094
12.09 -0.00696029
12.1 -0.0079276
12.11 -0.00885911
12.12 -0.00975143
12.13 -0.0106017
12.14 -0.0114077
12.15 -0.0121676
12.16 -0.0128801
12.17 -0.0135443
12.18 -0.0141593
12.19 -0.0147249
12.2 -0.0152407
12.21 -0.0157066
12.22 -0.0161225
12.23 -0.0164886
12.24 -0.016805
12.25 -0.0170721
12.26 -0.0172901
12.27 -0.0174595
12.28 -0.0175807
12.29 -0.0176542
12.3 -0.0176803
12.31 -0.0176596
12.32 -0.0175925
12.33 -0.0174795
12.34 -0.0173208
12.35 -0.0171167
12.36 -0.0168673
12.37 -0.016573
12.38 -0.0162338
12.39 -0.0158498
12.4 -0.0154212
12.41 -0.014948
12.42 -0.0144309
12.43 -0.0138705
12.44 -0.0132678
12.45 -0.012624
12.46 -0.0119403
12.47 -0.0112184
12.48 -0.0104596
12.49 -0.00966503
12.5 -0.00883547
12.51 -0.00797137
12.52 -0.00707288
12.53 -0.00613996
12.54 -0.00517256
12.55 -0.00417087
12.56 -0.00313542
12.57 -0.00206714
12.58 -0.000967389
12.59 0.000162233
12.6 0.00131993
12.61 0.00250377
12.62 0.00371158
12.63 0.00494081
12.64 0.00618851
12.65 0.00745146
12.66 0.00872613
12.67 0.0100086
12.68 0.0112946
12.69 0.0125793
12.7 0.0138574
12.71 0.0151235
12.72 0.016372
12.73 0.0175969
12.74 0.0187928
12.75 0.0199539
12.76 0.021076
12.77 0.0221575
12.78 0.0231977
12.79 0.0241961
12.8 0.025152
12.81 0.026065
12.82 0.0269344
12.83 0.0277593
12.84 0.0285391
12.85 0.0292728
12.86 0.0299597
12.87 0.0305992
12.88 0.0311909
12.89 0.0317346
12.9 0.0322304
12.91 0.0326788
12.92 0.03308
12.93 0.0334344
12.94 0.0337422
12.95 0.0340035
12.96 0.0342186
12.97 0.0343871
12.98 0.034509
12.99 0.034584
13 0.034612
13.01 0.0345928
13.02 0.0345264
13.03 0.0344134
13.04 0.0342545
13.05 0.0340509
13.06 0.0338037
13.07 0.033514
13.08 0.0331831
13.09 0.0328119
13.1 0.0324014
13.11 0.0319524
13.12 0.0314657
13.13 0.030942
13.14 0.0303824
13.15 0.0297881
13.16 0.0291608
13.17 0.0285024
13.18 0.0278153
13.19 0.027102
13.2 0.0263653
13.21 0.0256083
13.22 0.0248337
13.23 0.0240447
13.24 0.0232443
13.25 0.0224354
13.26 0.021621
13.27 0.0208037
13.28 0.0199864
13.29 0.0191716
13.3 0.0183617
13.31 0.0175589
13.32 0.0167652
13.33 0.0159824
13.34 0.0152119
13.35 0.0144553
13.36 0.0137139
13.37 0.0129892
13.38 0.0122825
13.39 0.0115956
13.4 0.0109301
13.41 0.0102877
13.42 0.00967031
13.43 0.00907994
13.44 0.00851875
13.45 0.00798897
13.46 0.00749295
13.47 0.00703311
13.48 0.00661189
13.49 0.0062317
13.5 0.00589489
13.51 0.00560369
13.52 0.00536023
13.53 0.00516648
13.54 0.00502435
13.55 0.00493563
13.56 0.00490197
13.57 0.0049248
13.58 0.00500523
13.59 0.00514393
13.6 0.00534112
13.61 0.00559664
13.62 0.00591004
13.63 0.00628058
13.64 0.00670733
13.65 0.00718905
13.66 0.00772432
13.67 0.00831151
13.68 0.00894881
13.69 0.00963404
13.7 0.0103647
13.71 0.0111378
13.72 0.0119503
13.73 0.0127987
13.74 0.0136792
13.75 0.0145874
13.76 0.0155188
13.77 0.0164684
13.78 0.0174306
13.79 0.0183997
13.8 0.0193692
13.81 0.0203324
13.82 0.0212821
13.83 0.0222111
13.84 0.0231125
13.85 0.0239803
13.86 0.0248094
13.87 0.0255954
13.88 0.0263342
13.89 0.027022
13.9 0.0276552
13.91 0.0282304
13.92 0.0287445
13.93 0.0291947
13.94 0.0295783
13.95 0.029893
13.96 0.0301367
13.97 0.0303077
13.98 0.0304046
13.99 0.0304262
14 0.0303717
14.01 0.0302405
14.02 0.0300323
14.03 0.0297469
14.04 0.0293847
14.05 0.0289465
14.06 0.0284331
14.07 0.0278459
14.08 0.0271859
14.09 0.0264546
14.1 0.0256535
14.11 0.0247838
14.12 0.0238469
14.13 0.022844
14.14 0.0217764
14.15 0.0206451
14.16 0.0194511
14.17 0.0181957
14.18 0.01688
14.19 0.0155058
14.2 0.014075
14.21 0.0125897
14.22 0.0110521
14.23 0.00946482
14.24 0.00783033
14.25 0.00615127
14.26 0.00443029
14.27 0.00267016
14.28 0.000873866
14.29 -0.000955357
14.3 -0.00281392
14.31 -0.00469781
14.32 -0.00660257
14.33 -0.00852657
14.34 -0.010473
14.35 -0.0124454
14.36 -0.0144457
14.37 -0.0164762
14.38 -0.0185394
14.39 -0.0206379
14.4 -0.0227744
14.41 -0.0249517
14.42 -0.0271724
14.43 -0.0294391
14.44 -0.0317543
14.45 -0.0341196
14.46 -0.0365365
14.47 -0.0390057
14.48 -0.0415278
14.49 -0.0441031
14.5 -0.0467315
14.51 -0.0494134
14.52 -0.0521487
14.53 -0.054938
14.54 -0.0577816
14.55 -0.06068
14.56 -0.0636339
14.57 -0.0666439
14.58 -0.0697105
14.59 -0.0728345
14.6 -0.0760163
14.61 -0.079256
14.62 -0.0825535
14.63 -0.0859077
14.64 -0.0893173
14.65 -0.0927795
14.66 -0.0962912
14.67 -0.0998483
14.68 -0.103447
14.69 -0.107082
14.7 -0.11075
14.71 -0.114448
14.72 -0.118171
14.73 -0.121916
14.74 -0.125676
14.75 -0.129447
14.76 -0.13322
14.77 -0.136989
14.78 -0.140747
14.79 -0.144487
14.8 -0.148203
14.81 -0.151888
14.82 -0.155536
14.83 -0.159139
14.84 -0.162692
14.85 -0.166187
14.86 -0.169619
14.87 -0.172982
14.88 -0.176269
14.89 -0.179474
14.9 -0.182591
14.91 -0.185613
14.92 -0.188534
14.93 -0.191347
14.94 -0.194045
14.95 -0.196622
14.96 -0.199071
14.97 -0.201387
14.98 -0.203564
14.99 -0.205597
15 -0.207483
15.01 -0.209219
15.02 -0.210807
15.03 -0.212248
15.04 -0.213542
15.05 -0.214693
15.06 -0.215705
15.07 -0.216582
15.08 -0.217329
15.09 -0.217951
15.1 -0.218453
15.11 -0.21884
15.12 -0.219117
15.13 -0.21929
15.14 -0.219362
15.15 -0.21934
15.16 -0.219228
15.17 -0.219032
15.18 -0.218755
15.19 -0.218402
15.2 -0.217977
15.21 -0.217485
15.22 -0.216931
15.23 -0.21632
15.24 -0.215657
15.25 -0.214949
15.26 -0.214202
15.27 -0.213424
15.28 -0.212623
15.29 -0.211806
15.3 -0.210981
15.31 -0.210155
15.32 -0.209334
15.33 -0.208525
15.34 -0.207733
15.35 -0.206962
15.36 -0.206219
15.37 -0.205508
15.38 -0.204835
15.39 -0.204205
15.4 -0.203621
15.41 -0.20309
15.42 -0.202613
15.43 -0.202194
15.44 -0.201835
15.45 -0.201536
15.46 -0.201299
15.47 -0.201124
15.48 -0.201009
15.49 -0.200952
15.5 -0.20095
15.51 -0.200998
15.52 -0.201091
15.53 -0.201222
15.54 -0.201387
15.55 -0.201577
15.56 -0.201788
15.57 -0.202013
15.58 -0.202246
15.59 -0.202479
15.6 -0.202707
15.61 -0.202924
15.62 -0.203122
15.63 -0.203297
15.64 -0.203442
15.65 -0.20355
15.66 -0.203617
15.67 -0.203636
15.68 -0.203601
15.69 -0.203509
15.7 -0.203355
15.71 -0.203132
15.72 -0.202839
15.73 -0.20247
15.74 -0.202021
15.75 -0.201491
15.76 -0.200874
15.77 -0.200168
15.78 -0.199372
15.79 -0.198482
15.8 -0.197498
15.81 -0.196419
15.82 -0.195244
15.83 -0.193973
15.84 -0.192609
15.85 -0.191152
15.86 -0.189607
15.87 -0.187974
15.88 -0.18626
15.89 -0.184467
15.9 -0.1826
15.91 -0.180664
15.92 -0.178666
15.93 -0.176607
15.94 -0.174486
15.95 -0.172299
15.96 -0.170046
15.97 -0.167725
15.98 -0.165335
15.99 -0.162876
16 -0.160347
16.01 -0.15775
16.02 -0.155086
16.03 -0.152358
16.04 -0.149568
16.05 -0.146722
16.06 -0.143822
16.07 -0.140876
16.08 -0.137889
16.09 -0.134864
16.1 -0.131808
16.11 -0.128725
16.12 -0.12562
16.13 -0.122498
16.14 -0.119365
16.15 -0.116225
16.16 -0.113083
16.17 -0.109945
16.18 -0.106817
16.19 -0.103702
16.2 -0.100608
16.21 -0.0975387
16.22 -0.0944991
16.23 -0.0914936
16.24 -0.0885258
16.25 -0.0855986
16.26 -0.0827141
16.27 -0.0798734
16.28 -0.0770774
16.29 -0.0743265
16.3 -0.071621
16.31 -0.068961
16.32 -0.0663466
16.33 -0.0637775
16.34 -0.0612533
16.35 -0.0587737
16.36 -0.0563382
16.37 -0.0539462
16.38 -0.0515973
16.39 -0.0492908
16.4 -0.0470259
16.41 -0.0448019
16.42 -0.0426179
16.43 -0.0404732
16.44 -0.0383673
16.45 -0.0362995
16.46 -0.0342694
16.47 -0.0322765
16.48 -0.0303202
16.49 -0.0284
16.5 -0.0265156
16.51 -0.0246665
16.52 -0.0228524
16.53 -0.0210729
16.54 -0.0193274
16.55 -0.0176156
16.56 -0.015937
16.57 -0.0142916
16.58 -0.0126791
16.59 -0.0110996
16.6 -0.00955332
16.61 -0.0080407
16.62 -0.00656247
16.63 -0.00511966
16.64 -0.00371365
16.65 -0.00234619
16.66 -0.00101937
16.67 0.000264367
16.68 0.0015022
16.69 0.00269093
16.7 0.00382709
16.71 0.00490727
16.72 0.00592833
16.73 0.00688763
16.74 0.00778305
16.75 0.00861303
16.76 0.00937633
16.77 0.010072
16.78 0.0106992
16.79 0.0112574
16.8 0.0117465
16.81 0.0121662
16.82 0.0125168
16.83 0.0127983
16.84 0.013011
16.85 0.0131551
16.86 0.013231
16.87 0.0132389
16.88 0.0131788
16.89 0.0130507
16.9 0.0128549
16.91 0.0125918
16.92 0.0122617
16.93 0.0118655
16.94 0.0114041
16.95 0.0108791
16.96 0.010292
16.97 0.00964498
16.98 0.00894035
16.99 0.00818079
17 0.00736924
17.01 0.00650889
17.02 0.00560313
17.03 0.0046555
17.04 0.00366957
17.05 0.00264898
17.06 0.00159749
17.07 0.000519034
17.08 -0.000582302
17.09 -0.00170237
17.1 -0.00283704
17.11 -0.00398216
17.12 -0.00513359
17.13 -0.00628714
17.14 -0.00743865
17.15 -0.00858392
17.16 -0.00971886
17.17 -0.0108395
17.18 -0.0119418
17.19 -0.013022
17.2 -0.0140763
17.21 -0.015101
17.22 -0.0160924
17.23 -0.0170473
17.24 -0.0179622
17.25 -0.0188344
17.26 -0.019661
17.27 -0.0204395
17.28 -0.021168
17.29 -0.0218446
17.3 -0.0224678
17.31 -0.0230362
17.32 -0.0235488
17.33 -0.0240048
17.34 -0.0244035
17.35 -0.0247448
17.36 -0.0250292
17.37 -0.0252573
17.38 -0.0254308
17.39 -0.0255518
17.4 -0.0256228
17.41 -0.0256475
17.42 -0.0256297
17.43 -0.0255739
17.44 -0.0254843
17.45 -0.025365
17.46 -0.0252198
17.47 -0.0250519
17.48 -0.0248641
17.49 -0.0246589
17.5 -0.0244388
17.51 -0.0242062
17.52 -0.0239637
17.53 -0.0237139
17.54 -0.0234596
17.55 -0.0232032
17.56 -0.0229474
17.57 -0.0226943
17.58 -0.0224458
17.59 -0.0222036
17.6 -0.021969
17.61 -0.0217426
17.62 -0.0215248
17.63 -0.0213153
17.64 -0.0211136
17.65 -0.0209186
17.66 -0.0207288
17.67 -0.0205428
17.68 -0.0203587
17.69 -0.0201744
17.7 -0.0199881
17.71 -0.0197979
17.72 -0.0196024
17.73 -0.0194005
17.74 -0.0191916
17.75 -0.0189751
17.76 -0.0187501
17.77 -0.0185156
17.78 -0.0182703
17.79 -0.0180122
17.8 -0.0177393
17.81 -0.0174492
17.82 -0.0171395
17.83 -0.0168081
17.84 -0.016453
17.85 -0.0160721
17.86 -0.0156637
17.87 -0.0152262
17.88 -0.0147586
17.89 -0.01426
17.9 -0.0137303
17.91 -0.0131701
17.92 -0.0125805
17.93 -0.011963
17.94 -0.0113197
17.95 -0.0106525
17.96 -0.00996378
17.97 -0.00925621
17.98 -0.00853259
17.99 -0.00779587
18 -0.00704913
18.01 -0.00629545
18.02 -0.00553798
18.03 -0.00477984
18.04 -0.00402412
18.05 -0.00327376
18.06 -0.0025316
18.07 -0.0018004
18.08 -0.0010829
18.09 -0.000381794
18.1 0.000300229
18.11 0.000960549
18.12 0.00159664
18.13 0.00220614
18.14 0.00278689
18.15 0.00333702
18.16 0.00385493
18.17 0.00433934
18.18 0.00478932
18.19 0.00520417
18.2 0.00558356
18.21 0.00592743
18.22 0.00623589
18.23 0.00650914
18.24 0.00674743
18.25 0.00695102
18.26 0.00712023
18.27 0.00725544
18.28 0.00735724
18.29 0.00742635
18.3 0.00746367
18.31 0.00747027
18.32 0.00744744
18.33 0.0073966
18.34 0.00731918
18.35 0.00721668
18.36 0.0070905
18.37 0.00694201
18.38 0.00677251
18.39 0.00658341
18.4 0.00637622
18.41 0.00615264
18.42 0.00591456
18.43 0.00566413
18.44 0.0054038
18.45 0.00513628
18.46 0.00486453
18.47 0.00459173
18.48 0.00432115
18.49 0.00405611
18.5 0.00379988
18.51 0.00355549
18.52 0.00332575
18.53 0.00311313
18.54 0.00291982
18.55 0.0027477
18.56 0.0025983
18.57 0.00247287
18.58 0.00237248
18.59 0.00229803
18.6 0.00225037
18.61 0.00223025
18.62 0.00223835
18.63 0.00227525
18.64 0.00234143
18.65 0.00243721
18.66 0.00256263
18.67 0.00271736
18.68 0.00290045
18.69 0.00311019
18.7 0.00334393
18.71 0.00359808
18.72 0.00386815
18.73 0.00414884
18.74 0.00443445
18.75 0.00471927
18.76 0.00499774
18.77 0.00526443
18.78 0.00551399
18.79 0.00574115
18.8 0.00594073
18.81 0.00610762
18.82 0.00623679
18.83 0.00632331
18.84 0.00636237
18.85 0.00634928
18.86 0.00627952
18.87 0.00614878
18.88 0.00595309
18.89 0.00568888
18.9 0.00535316
18.91 0.00494365
18.92 0.00445894
18.93 0.00389857
18.94 0.00326297
18.95 0.00255322
18.96 0.0017708
18.97 0.000917434
18.98 -4.97945e-06
18.99 -0.000994483
19 -0.00204921
19.01 -0.00316742
19.02 -0.00434745
19.03 -0.00558766
19.04 -0.00688631
19.05 -0.00824128
19.06 -0.00964999
19.07 -0.0111093
19.08 -0.0126156
19.09 -0.0141648
19.1 -0.0157522
19.11 -0.0173732
19.12 -0.019023
19.13 -0.0206972
19.14 -0.0223914
19.15 -0.0241012
19.16 -0.025822
19.17 -0.0275489
19.18 -0.029279
19.19 -0.0310129
19.2 -0.0327511
19.21 -0.0344924
19.22 -0.0362349
19.23 -0.0379762
19.24 -0.0397137
19.25 -0.041445
19.26 -0.0431681
19.27 -0.0448818
19.28 -0.0465855
19.29 -0.0482789
19.3 -0.0499617
19.31 -0.051633
19.32 -0.0532921
19.33 -0.0549374
19.34 -0.0565673
19.35 -0.0581795
19.36 -0.0597713
19.37 -0.0613399
19.38 -0.062882
19.39 -0.0643948
19.4 -0.0658754
19.41 -0.067321
19.42 -0.0687286
19.43 -0.0700953
19.44 -0.0714185
19.45 -0.0726952
19.46 -0.0739226
19.47 -0.0750979
19.48 -0.0762186
19.49 -0.0772818
19.5 -0.0782852
19.51 -0.0792265
19.52 -0.0801036
19.53 -0.0809146
19.54 -0.0816579
19.55 -0.0823322
19.56 -0.082937
19.57 -0.0834719
19.58 -0.0839369
19.59 -0.0843322
19.6 -0.084658
19.61 -0.0849145
19.62 -0.0851024
19.63 -0.0852222
19.64 -0.0852745
19.65 -0.0852598
19.66 -0.085179
19.67 -0.0850331
19.68 -0.0848236
19.69 -0.0845522
19.7 -0.0842211
19.71 -0.0838326
19.72 -0.0833896
19.73 -0.0828951
19.74 -0.0823521
19.75 -0.0817639
19.76 -0.0811335
19.77 -0.0804639
19.78 -0.0797579
19.79 -0.0790186
19.8 -0.0782491
19.81 -0.0774524
19.82 -0.076632
19.83 -0.0757913
19.84 -0.074934
19.85 -0.0740641
19.86 -0.0731856
19.87 -0.0723028
19.88 -0.0714202
19.89 -0.0705419
19.9 -0.0696723
19.91 -0.0688154
19.92 -0.067975
19.93 -0.0671545
19.94 -0.0663573
19.95 -0.0655865
19.96 -0.0648453
19.97 -0.0641369
19.98 -0.0634647
19.99 -0.0628319
20 -0.0622419
20.01 -0.0616979
20.02 -0.061203
20.03 -0.0607601
20.04 -0.0603711
20.05 -0.0600376
20.06 -0.0597603
20.07 -0.0595392
20.08 -0.0593736
20.09 -0.0592621
20.1 -0.0592028
20.11 -0.0591931
20.12 -0.05923
20.13 -0.0593106
20.14 -0.0594318
20.15 -0.0595905
20.16 -0.0597834
20.17 -0.0600071
20.18 -0.0602586
20.19 -0.0605348
20.2 -0.0608329
20.21 -0.0611502
20.22 -0.0614844
20.23 -0.061833
20.24 -0.0621935
20.25 -0.0625633
20.26 -0.0629399
20.27 -0.063321
20.28 -0.0637044
20.29 -0.0640882
20.3 -0.0644708
20.31 -0.0648505
20.32 -0.0652261
20.33 -0.0655964
20.34 -0.0659605
20.35 -0.0663173
20.36 -0.0666657
20.37 -0.0670045
20.38 -0.0673322
20.39 -0.067647
20.4 -0.0679466
20.41 -0.0682286
20.42 -0.0684903
20.43 -0.0687287
20.44 -0.0689411
20.45 -0.0691246
20.46 -0.0692766
20.47 -0.0693947
20.48 -0.0694766
20.49 -0.06952
20.5 -0.0695227
20.51 -0.069483
20.52 -0.0693988
20.53 -0.0692684
20.54 -0.0690905
20.55 -0.0688635
20.56 -0.0685866
20.57 -0.0682588
20.58 -0.06788
20.59 -0.0674507
20.6 -0.0669719
20.61 -0.0664455
20.62 -0.0658738
20.63 -0.0652594
20.64 -0.0646054
20.65 -0.0639148
20.66 -0.0631909
20.67 -0.0624372
20.68 -0.0616568
20.69 -0.0608533
20.7 -0.06003
20.71 -0.0591901
20.72 -0.0583367
20.73 -0.0574732
20.74 -0.0566027
20.75 -0.0557285
20.76 -0.0548539
20.77 -0.053982
20.78 -0.0531158
20.79 -0.0522582
20.8 -0.0514115
20.81 -0.0505777
20.82 -0.0497581
20.83 -0.048954
20.84 -0.0481659
20.85 -0.0473945
20.86 -0.0466408
20.87 -0.0459056
20.88 -0.0451902
20.89 -0.0444951
20.9 -0.0438193
20.91 -0.0431618
20.92 -0.0425219
20.93 -0.0418989
20.94 -0.0412922
20.95 -0.0407014
20.96 -0.0401261
20.97 -0.0395661
20.98 -0.0390218
20.99 -0.0384936
21 -0.0379825
21.01 -0.0374897
21.02 -0.0370172
21.03 -0.0365669
21.04 -0.0361412
21.05 -0.0357426
21.06 -0.0353733
21.07 -0.0350355
21.08 -0.0347316
21.09 -0.0344638
21.1 -0.0342342
21.11 -0.0340449
21.12 -0.0338977
21.13 -0.0337937
21.14 -0.0337342
21.15 -0.0337198
21.16 -0.0337513
21.17 -0.0338291
21.18 -0.0339536
21.19 -0.0341247
21.2 -0.0343424
21.21 -0.0346064
21.22 -0.0349163
21.23 -0.0352714
21.24 -0.0356708
21.25 -0.0361135
21.26 -0.0365981
21.27 -0.0371227
21.28 -0.0376851
21.29 -0.0382828
21.3 -0.0389132
21.31 -0.039573
21.32 -0.0402594
21.33 -0.0409692
21.34 -0.0416996
21.35 -0.0424477
21.36 -0.0432109
21.37 -0.0439867
21.38 -0.0447729
21.39 -0.0455674
21.4 -0.0463686
21.41 -0.0471747
21.42 -0.0479844
21.43 -0.0487963
21.44 -0.0496091
21.45 -0.0504214
21.46 -0.0512315
21.47 -0.0520377
21.48 -0.0528383
21.49 -0.0536314
21.5 -0.0544153
21.51 -0.0551882
21.52 -0.0559487
21.53 -0.0566949
21.54 -0.0574254
21.55 -0.0581384
21.56 -0.0588325
21.57 -0.0595065
21.58 -0.0601591
21.59 -0.0607897
21.6 -0.0613978
21.61 -0.0619828
21.62 -0.0625445
21.63 -0.0630824
21.64 -0.063596
21.65 -0.0640845
21.66 -0.0645468
21.67 -0.0649817
21.68 -0.065388
21.69 -0.0657644
21.7 -0.0661096
21.71 -0.0664226
21.72 -0.0667026
21.73 -0.0669488
21.74 -0.0671604
21.75 -0.0673364
21.76 -0.0674761
21.77 -0.0675783
21.78 -0.067642
21.79 -0.0676661
21.8 -0.0676497
21.81 -0.0675921
21.82 -0.0674932
21.83 -0.067353
21.84 -0.0671723
21.85 -0.066952
21.86 -0.0666938
21.87 -0.0663994
21.88 -0.066071
21.89 -0.065711
21.9 -0.065322
21.91 -0.0649065
21.92 -0.0644674
21.93 -0.0640069
21.94 -0.0635276
21.95 -0.0630318
21.96 -0.0625218
21.97 -0.062
21.98 -0.0614694
21.99 -0.060933
22 -0.0603945
22.01 -0.0598578
22.02 -0.059327
22.03 -0.0588065
22.04 -0.0583005
22.05 -0.0578127
22.06 -0.0573463
22.07 -0.0569033
22.08 -0.0564853
22.09 -0.0560936
22.1 -0.055729
22.11 -0.0553919
22.12 -0.0550826
22.13 -0.0548013
22.14 -0.0545478
22.15 -0.0543222
22.16 -0.0541246
22.17 -0.0539551
22.18 -0.0538138
22.19 -0.0537009
22.2 -0.0536163
22.21 -0.0535598
22.22 -0.053531
22.23 -0.0535291
22.24 -0.053553
22.25 -0.0536014
22.26 -0.0536729
22.27 -0.053766
22.28 -0.0538792
22.29 -0.054011
22.3 -0.0541601
22.31 -0.0543256
22.32 -0.0545068
22.33 -0.0547035
22.34 -0.0549152
22.35 -0.0551419
22.36 -0.0553835
22.37 -0.0556398
22.38 -0.0559105
22.39 -0.0561951
22.4 -0.0564929
22.41 -0.056803
22.42 -0.0571243
22.43 -0.0574553
22.44 -0.0577947
22.45 -0.0581407
22.46 -0.0584915
22.47 -0.0588451
22.48 -0.0591989
22.49 -0.0595504
22.5 -0.0598968
22.51 -0.060235
22.52 -0.0605619
22.53 -0.0608739
22.54 -0.0611677
22.55 -0.0614399
22.56 -0.0616871
22.57 -0.061906
22.58 -0.0620934
22.59 -0.0622462
22.6 -0.0623614
22.61 -0.0624362
22.62 -0.062468
22.63 -0.0624545
22.64 -0.0623938
22.65 -0.0622843
22.66 -0.062125
22.67 -0.0619153
22.68 -0.0616552
22.69 -0.0613452
22.7 -0.0609858
22.71 -0.0605779
22.72 -0.0601221
22.73 -0.0596194
22.74 -0.0590708
22.75 -0.0584774
22.76 -0.0578407
22.77 -0.0571621
22.78 -0.0564437
22.79 -0.0556876
22.8 -0.054896
22.81 -0.0540715
22.82 -0.0532167
22.83 -0.0523344
22.84 -0.0514273
22.85 -0.0504987
22.86 -0.0495515
22.87 -0.0485892
22.88 -0.0476152
22.89 -0.0466329
22.9 -0.0456462
22.91 -0.044659
22.92 -0.0436755
22.93 -0.0426999
22.94 -0.0417365
22.95 -0.04079
22.96 -0.0398649
22.97 -0.0389659
22.98 -0.0380975
22.99 -0.0372639
23 -0.0364687
23.01 -0.0357149
23.02 -0.0350049
23.03 -0.0343408
23.04 -0.0337242
23.05 -0.0331564
23.06 -0.0326374
23.07 -0.0321655
23.08 -0.0317393
23.09 -0.0313585
23.1 -0.0310229
23.11 -0.0307323
23.12 -0.0304867
23.13 -0.0302861
23.14 -0.0301304
23.15 -0.0300195
23.16 -0.0299532
23.17 -0.0299315
23.18 -0.029954
23.19 -0.0300205
23.2 -0.0301302
23.21 -0.0302823
23.22 -0.0304757
23.23 -0.0307094
23.24 -0.030982
23.25 -0.0312922
23.26 -0.0316385
23.27 -0.0320192
23.28 -0.0324324
23.29 -0.0328762
23.3 -0.0333481
23.31 -0.0338457
23.32 -0.0343664
23.33 -0.0349075
23.34 -0.0354663
23.35 -0.0360402
23.36 -0.0366265
23.37 -0.0372229
23.38 -0.0378269
23.39 -0.0384363
23.4 -0.0390492
23.41 -0.0396638
23.42 -0.0402789
23.43 -0.040893
23.44 -0.0415051
23.45 -0.0421144
23.46 -0.0427202
23.47 -0.0433216
23.48 -0.0439176
23.49 -0.044507
23.5 -0.0450883
23.51 -0.0456599
23.52 -0.0462201
23.53 -0.0467675
23.54 -0.0473004
23.55 -0.0478172
23.56 -0.0483164
23.57 -0.0487964
23.58 -0.0492556
23.59 -0.0496925
23.6 -0.0501055
23.61 -0.0504932
23.62 -0.0508541
23.63 -0.0511868
23.64 -0.0514899
23.65 -0.051762
23.66 -0.0520018
23.67 -0.0522084
23.68 -0.0523807
23.69 -0.0525182
23.7 -0.0526207
23.71 -0.0526881
23.72 -0.0527208
23.73 -0.0527194
23.74 -0.0526849
23.75 -0.0526185
23.76 -0.052522
23.77 -0.0523976
23.78 -0.0522478
23.79 -0.0520759
23.8 -0.0518852
23.81 -0.0516793
23.82 -0.0514617
23.83 -0.0512361
23.84 -0.0510058
23.85 -0.0507744
23.86 -0.0505452
23.87 -0.0503216
23.88 -0.0501067
23.89 -0.0499038
23.9 -0.0497161
23.91 -0.0495469
23.92 -0.0493996
23.93 -0.0492776
23.94 -0.0491839
23.95 -0.0491216
23.96 -0.0490935
23.97 -0.0491016
23.98 -0.0491476
23.99 -0.0492327
24 -0.0493572
24.01 -0.0495207
24.02 -0.0497226
24.03 -0.0499616
24.04 -0.0502357
24.05 -0.0505424
24.06 -0.0508782
24.07 -0.0512391
24.08 -0.0516206
24.09 -0.0520183
24.1 -0.0524276
24.11 -0.0528441
24.12 -0.0532637
24.13 -0.0536828
24.14 -0.0540982
24.15 -0.0545074
24.16 -0.0549084
24.17 -0.0552997
24.18 -0.0556801
24.19 -0.0560482
24.2 -0.0564032
24.21 -0.056744
24.22 -0.0570699
24.23 -0.0573805
24.24 -0.0576754
24.25 -0.0579542
24.26 -0.0582169
24.27 -0.0584636
24.28 -0.0586947
24.29 -0.0589107
24.3 -0.0591126
24.31 -0.0593017
24.32 -0.059479
24.33 -0.0596459
24.34 -0.0598029
24.35 -0.0599503
24.36 -0.0600877
24.37 -0.0602147
24.38 -0.0603302
24.39 -0.0604335
24.4 -0.0605234
24.41 -0.0605989
24.42 -0.060659
24.43 -0.0607032
24.44 -0.0607309
24.45 -0.0607418
24.46 -0.0607359
24.47 -0.0607129
24.48 -0.0606727
24.49 -0.0606152
24.5 -0.0605401
24.51 -0.0604475
24.52 -0.0603372
24.53 -0.0602094
24.54 -0.0600643
24.55 -0.0599023
24.56 -0.0597241
24.57 -0.0595304
24.58 -0.0593224
24.59 -0.0591012
24.6 -0.0588683
24.61 -0.058625
24.62 -0.0583727
24.63 -0.0581129
24.64 -0.057847
24.65 -0.0575763
24.66 -0.0573018
24.67 -0.0570244
24.68 -0.0567448
24.69 -0.0564633
24.7 -0.0561802
24.71 -0.0558955
24.72 -0.0556092
24.73 -0.0553214
24.74 -0.0550319
24.75 -0.0547407
24.76 -0.0544476
24.77 -0.0541523
24.78 -0.0538547
24.79 -0.0535548
24.8 -0.0532529
24.81 -0.0529493
24.82 -0.0526445
24.83 -0.0523391
24.84 -0.0520343
24.85 -0.0517309
24.86 -0.0514301
24.87 -0.0511331
24.88 -0.0508411
24.89 -0.0505557
24.9 -0.0502784
24.91 -0.0500112
24.92 -0.0497559
24.93 -0.0495147
24.94 -0.0492896
24.95 -0.0490826
24.96 -0.0488958
24.97 -0.0487311
24.98 -0.0485904
24.99 -0.0484751
25 -0.0483869
