0.01 3.17218e-09
0.02 1.52741e-08
0.03 3.76941e-08
0.04 6.80493e-08
0.05 1.03991e-07
0.06 1.4323e-07
0.07 1.83559e-07
0.08 2.22853e-07
0.09 2.59056e-07
0.1 2.90182e-07
0.11 3.14346e-07
0.12 3.29761e-07
0.13 3.3471e-07
0.14 3.27487e-07
0.15 3.06394e-07
0.16 2.69793e-07
0.17 2.16167e-07
0.18 1.44126e-07
0.19 5.2427e-08
0.2 -6.0017e-08
0.21 -1.94123e-07
0.22 -3.50633e-07
0.23 -5.3012e-07
0.24 -7.33005e-07
0.25 -9.59591e-07
0.26 -1.21012e-06
0.27 -1.48482e-06
0.28 -1.78374e-06
0.29 -2.10656e-06
0.3 -2.45242e-06
0.31 -2.8199e-06
0.32 -3.20702e-06
0.33 -3.61097e-06
0.34 -4.02809e-06
0.35 -4.45414e-06
0.36 -4.88448e-06
0.37 -5.31429e-06
0.38 -5.73911e-06
0.39 -6.15562e-06
0.4 -6.56227e-06
0.41 -6.9596e-06
0.42 -7.34973e-06
0.43 -7.73582e-06
0.44 -8.12211e-06
0.45 -8.51373e-06
0.46 -8.91627e-06
0.47 -9.33531e-06
0.48 -9.77584e-06
0.49 -1.0242e-05
0.5 -1.0737e-05
0.51 -1.12633e-05
0.52 -1.1823e-05
0.53 -1.24171e-05
0.54 -1.30461e-05
0.55 -1.37104e-05
0.56 -1.44094e-05
0.57 -1.51423e-05
0.58 -1.5908e-05
0.59 -1.67054e-05
0.6 -1.75332e-05
0.61 -1.83899e-05
0.62 -1.92736e-05
0.63 -2.01824e-05
0.64 -2.11144e-05
0.65 -2.20676e-05
0.66 -2.30401e-05
0.67 -2.40302e-05
0.68 -2.50366e-05
0.69 -2.60581e-05
0.7 -2.70938e-05
0.71 -2.81421e-05
0.72 -2.92011e-05
0.73 -3.02672e-05
0.74 -3.13348e-05
0.75 -3.23959e-05
0.76 -3.34393e-05
0.77 -3.44514e-05
0.78 -3.54173e-05
0.79 -3.63231e-05
0.8 -3.71574e-05
0.81 -3.79117e-05
0.82 -3.85805e-05
0.83 -3.916e-05
0.84 -3.96489e-05
0.85 -4.00493e-05
0.86 -4.03664e-05
0.87 -4.06044e-05
0.88 -4.07629e-05
0.89 -4.08361e-05
0.9 -4.08152e-05
0.91 -4.06901e-05
0.92 -4.04504e-05
0.93 -4.00879e-05
0.94 -3.9599e-05
0.95 -3.89863e-05
0.96 -3.82586e-05
0.97 -3.74306e-05
0.98 -3.65181e-05
0.99 -3.55322e-05
1 -3.44779e-05
1.01 -3.33548e-05
1.02 -3.21566e-05
1.03 -3.08725e-05
1.04 -2.94897e-05
1.05 -2.79954e-05
1.06 -2.63804e-05
1.07 -2.46403e-05
1.08 -2.27748e-05
1.09 -2.07843e-05
1.1 -1.86691e-05
1.11 -1.64313e-05
1.12 -1.4073e-05
1.13 -1.15949e-05
1.14 -8.99671e-06
1.15 -6.27848e-06
1.16 -3.44262e-06
1.17 -4.96236e-07
1.18 2.54648e-06
1.19 5.66618e-06
1.2 8.8417e-06
1.21 1.20486e-05
1.22 1.52581e-05
1.23 1.84397e-05
1.24 2.15668e-05
1.25 2.4625e-05
1.26 2.7616e-05
1.27 3.05535e-05
1.28 3.34531e-05
1.29 3.63297e-05
1.3 3.91968e-05
1.31 4.20613e-05
1.32 4.49214e-05
1.33 4.77687e-05
1.34 5.05943e-05
1.35 5.33917e-05
1.36 5.61573e-05
1.37 5.88906e-05
1.38 6.1593e-05
1.39 6.42673e-05
1.4 6.69149e-05
1.41 6.95331e-05
1.42 7.21115e-05
1.43 7.46273e-05
1.44 7.7042e-05
1.45 7.92992e-05
1.46 8.13265e-05
1.47 8.30419e-05
1.48 8.43612e-05
1.49 8.51991e-05
1.5 8.54731e-05
1.51 8.5108e-05
1.52 8.40385e-05
1.53 8.22163e-05
1.54 7.96185e-05
1.55 7.62547e-05
1.56 7.21699e-05
1.57 6.74345e-05
1.58 6.2136e-05
1.59 5.63715e-05
1.6 5.02357e-05
1.61 4.38138e-05
1.62 3.71841e-05
1.63 3.0417e-05
1.64 2.35747e-05
1.65 1.67124e-05
1.66 9.87511e-06
1.67 3.09591e-06
1.68 -3.60185e-06
1.69 -1.01989e-05
1.7 -1.66765e-05
1.71 -2.30163e-05
1.72 -2.91999e-05
1.73 -3.52069e-05
1.74 -4.10109e-05
1.75 -4.65762e-05
1.76 -5.18626e-05
1.77 -5.68322e-05
1.78 -6.14455e-05
1.79 -6.56562e-05
1.8 -6.94134e-05
1.81 -7.2667e-05
1.82 -7.53678e-05
1.83 -7.74691e-05
1.84 -7.89379e-05
1.85 -7.97596e-05
1.86 -7.99339e-05
1.87 -7.94651e-05
1.88 -7.83561e-05
1.89 -7.66076e-05
1.9 -7.4218e-05
1.91 -7.11833e-05
1.92 -6.74975e-05
1.93 -6.31542e-05
1.94 -5.81603e-05
1.95 -5.25519e-05
1.96 -4.63946e-05
1.97 -3.97787e-05
1.98 -3.28142e-05
1.99 -2.56189e-05
2 -1.82978e-05
2.01 -1.09248e-05
2.02 -3.53987e-06
2.03 3.84729e-06
2.04 1.12547e-05
2.05 1.8718e-05
2.06 2.62803e-05
2.07 3.39819e-05
2.08 4.18442e-05
2.09 4.98591e-05
2.1 5.79862e-05
2.11 6.61561e-05
2.12 7.42689e-05
2.13 8.21891e-05
2.14 8.97574e-05
2.15 9.68038e-05
2.16 0.000103151
2.17 0.000108621
2.18 0.000113038
2.19 0.000116222
2.2 0.000117981
2.21 0.000118119
2.22 0.000116446
2.23 0.000112786
2.24 0.000106984
2.25 9.88977e-05
2.26 8.84065e-05
2.27 7.54359e-05
2.28 5.99644e-05
2.29 4.20109e-05
2.3 2.16307e-05
2.31 -1.08384e-06
2.32 -2.59977e-05
2.33 -5.29213e-05
2.34 -8.16056e-05
2.35 -0.000111749
2.36 -0.000143005
2.37 -0.000174997
2.38 -0.000207329
2.39 -0.000239581
2.4 -0.000271332
2.41 -0.000302203
2.42 -0.000331874
2.43 -0.000360069
2.44 -0.000386536
2.45 -0.000411047
2.46 -0.000433394
2.47 -0.000453405
2.48 -0.000470945
2.49 -0.000485903
2.5 -0.000498173
2.51 -0.000507642
2.52 -0.000514188
2.53 -0.000517697
2.54 -0.000518064
2.55 -0.000515192
2.56 -0.000508994
2.57 -0.000499424
2.58 -0.000486496
2.59 -0.000470289
2.6 -0.000450942
2.61 -0.000428633
2.62 -0.000403565
2.63 -0.00037594
2.64 -0.000345948
2.65 -0.000313768
2.66 -0.000279565
2.67 -0.000243495
2.68 -0.000205713
2.69 -0.00016639
2.7 -0.000125714
2.71 -8.38816e-05
2.72 -4.10912e-05
2.73 2.45496e-06
2.74 4.65712e-05
2.75 9.10942e-05
2.76 0.000135868
2.77 0.00018074
2.78 0.000225587
2.79 0.000270326
2.8 0.000314909
2.81 0.00035932
2.82 0.000403543
2.83 0.00044753
2.84 0.000491196
2.85 0.00053442
2.86 0.000577049
2.87 0.000618892
2.88 0.000659707
2.89 0.000699206
2.9 0.000737087
2.91 0.000773036
2.92 0.00080673
2.93 0.000837848
2.94 0.00086608
2.95 0.000891137
2.96 0.000912758
2.97 0.000930742
2.98 0.000944956
2.99 0.000955328
3 0.000961829
3.01 0.000964469
3.02 0.00096327
3.03 0.000958252
3.04 0.000949421
3.05 0.000936767
3.06 0.000920256
3.07 0.00089982
3.08 0.000875369
3.09 0.000846801
3.1 0.000814039
3.11 0.000777057
3.12 0.000735899
3.13 0.000690691
3.14 0.00064163
3.15 0.000588951
3.16 0.000532923
3.17 0.000473841
3.18 0.000412029
3.19 0.000347822
3.2 0.000281537
3.21 0.00021349
3.22 0.000144031
3.23 7.35504e-05
3.24 2.4795e-06
3.25 -6.8717e-05
3.26 -0.000139558
3.27 -0.000209529
3.28 -0.000278069
3.29 -0.000344606
3.3 -0.000408593
3.31 -0.000469487
3.32 -0.000526755
3.33 -0.00057992
3.34 -0.000628608
3.35 -0.000672576
3.36 -0.000711726
3.37 -0.000746094
3.38 -0.00077584
3.39 -0.000801238
3.4 -0.000822664
3.41 -0.000840582
3.42 -0.000855502
3.43 -0.00086795
3.44 -0.000878438
3.45 -0.000887464
3.46 -0.000895498
3.47 -0.000902932
3.48 -0.000910042
3.49 -0.00091696
3.5 -0.000923687
3.51 -0.000930106
3.52 -0.000935988
3.53 -0.000941016
3.54 -0.000944814
3.55 -0.000947003
3.56 -0.00094726
3.57 -0.000945324
3.58 -0.00094096
3.59 -0.000933939
3.6 -0.000924089
3.61 -0.000911304
3.62 -0.000895544
3.63 -0.000876829
3.64 -0.000855248
3.65 -0.000830948
3.66 -0.000804142
3.67 -0.000775119
3.68 -0.000744242
3.69 -0.000711924
3.7 -0.000678577
3.71 -0.000644596
3.72 -0.000610372
3.73 -0.000576273
3.74 -0.000542613
3.75 -0.000509663
3.76 -0.000477663
3.77 -0.000446811
3.78 -0.00041726
3.79 -0.000389129
3.8 -0.000362489
3.81 -0.000337343
3.82 -0.000313637
3.83 -0.000291286
3.84 -0.000270175
3.85 -0.000250169
3.86 -0.000231158
3.87 -0.00021311
3.88 -0.000196087
3.89 -0.000180264
3.9 -0.000165927
3.91 -0.000153467
3.92 -0.000143383
3.93 -0.000136243
3.94 -0.000132636
3.95 -0.000133147
3.96 -0.000138333
3.97 -0.000148678
3.98 -0.000164536
3.99 -0.000186094
4 -0.00021337
4.01 -0.000246224
4.02 -0.000284363
4.03 -0.000327361
4.04 -0.00037466
4.05 -0.000425573
4.06 -0.000479294
4.07 -0.000534886
4.08 -0.000591268
4.09 -0.000647237
4.1 -0.00070151
4.11 -0.000752787
4.12 -0.000799853
4.13 -0.000841668
4.14 -0.000877407
4.15 -0.000906516
4.16 -0.000928774
4.17 -0.000944304
4.18 -0.000953522
4.19 -0.000957077
4.2 -0.000955828
4.21 -0.000950779
4.22 -0.000942993
4.23 -0.000933495
4.24 -0.000923191
4.25 -0.000912889
4.26 -0.000903334
4.27 -0.000895176
4.28 -0.000888941
4.29 -0.00088501
4.3 -0.000883601
4.31 -0.000884782
4.32 -0.000888499
4.33 -0.000894586
4.34 -0.000902744
4.35 -0.00091252
4.36 -0.000923314
4.37 -0.000934402
4.38 -0.000944966
4.39 -0.000954135
4.4 -0.000961001
4.41 -0.00096462
4.42 -0.000964029
4.43 -0.00095829
4.44 -0.000946512
4.45 -0.000927893
4.46 -0.000901798
4.47 -0.000867812
4.48 -0.000825738
4.49 -0.000775548
4.5 -0.000717302
4.51 -0.000651119
4.52 -0.000577223
4.53 -0.000495983
4.54 -0.000407895
4.55 -0.000313567
4.56 -0.000213704
4.57 -0.000109099
4.58 -6.2614e-07
4.59 0.000110778
4.6 0.000224134
4.61 0.000338456
4.62 0.000452809
4.63 0.000566319
4.64 0.00067817
4.65 0.000787626
4.66 0.000894053
4.67 0.000996961
4.68 0.00109603
4.69 0.00119109
4.7 0.00128204
4.71 0.00136882
4.72 0.00145133
4.73 0.0015295
4.74 0.00160324
4.75 0.00167239
4.76 0.0017367
4.77 0.00179591
4.78 0.00184973
4.79 0.00189787
4.8 0.00194006
4.81 0.00197601
4.82 0.00200536
4.83 0.0020278
4.84 0.00204306
4.85 0.0020508
4.86 0.00205072
4.87 0.00204255
4.88 0.00202613
4.89 0.00200133
4.9 0.00196808
4.91 0.00192638
4.92 0.0018763
4.93 0.00181803
4.94 0.00175176
4.95 0.00167774
4.96 0.00159626
4.97 0.00150769
4.98 0.00141247
4.99 0.00131113
5 0.00120424
5.01 0.00109242
5.02 0.000976214
5.03 0.000856098
5.04 0.00073242
5.05 0.000605423
5.06 0.00047523
5.07 0.000341823
5.08 0.000205088
5.09 6.48752e-05
5.1 -7.90143e-05
5.11 -0.000226812
5.12 -0.000378709
5.13 -0.000534819
5.14 -0.00069516
5.15 -0.000859604
5.16 -0.00102782
5.17 -0.00119926
5.18 -0.00137313
5.19 -0.00154854
5.2 -0.00172443
5.21 -0.00189962
5.22 -0.00207284
5.23 -0.00224284
5.24 -0.0024084
5.25 -0.00256834
5.26 -0.00272147
5.27 -0.00286655
5.28 -0.00300232
5.29 -0.00312758
5.3 -0.00324117
5.31 -0.00334203
5.32 -0.00342923
5.33 -0.00350203
5.34 -0.00355996
5.35 -0.00360281
5.36 -0.00363063
5.37 -0.0036438
5.38 -0.00364302
5.39 -0.00362915
5.4 -0.00360315
5.41 -0.00356604
5.42 -0.00351882
5.43 -0.00346247
5.44 -0.00339782
5.45 -0.00332557
5.46 -0.00324628
5.47 -0.00316041
5.48 -0.00306837
5.49 -0.00297057
5.5 -0.00286733
5.51 -0.00275889
5.52 -0.00264545
5.53 -0.00252721
5.54 -0.00240439
5.55 -0.00227716
5.56 -0.00214568
5.57 -0.00201015
5.58 -0.00187089
5.59 -0.00172829
5.6 -0.00158277
5.61 -0.00143474
5.62 -0.0012846
5.63 -0.0011327
5.64 -0.000979369
5.65 -0.00082494
5.66 -0.000669744
5.67 -0.000514084
5.68 -0.000358216
5.69 -0.000202322
5.7 -4.65037e-05
5.71 0.000109217
5.72 0.000264913
5.73 0.000420707
5.74 0.000576734
5.75 0.000733158
5.76 0.000890131
5.77 0.00104774
5.78 0.00120597
5.79 0.00136465
5.8 0.00152343
5.81 0.00168178
5.82 0.00183893
5.83 0.00199389
5.84 0.00214547
5.85 0.00229232
5.86 0.002433
5.87 0.00256603
5.88 0.0026899
5.89 0.00280312
5.9 0.00290429
5.91 0.00299214
5.92 0.00306557
5.93 0.00312366
5.94 0.00316569
5.95 0.00319116
5.96 0.00319987
5.97 0.00319198
5.98 0.00316798
5.99 0.00312865
6 0.00307504
6.01 0.00300839
6.02 0.00293005
6.03 0.00284144
6.04 0.00274402
6.05 0.00263929
6.06 0.00252871
6.07 0.00241364
6.08 0.00229524
6.09 0.0021745
6.1 0.0020523
6.11 0.00192938
6.12 0.00180635
6.13 0.00168368
6.14 0.00156179
6.15 0.00144105
6.16 0.00132193
6.17 0.00120495
6.18 0.00109086
6.19 0.000980572
6.2 0.000875114
6.21 0.000775545
6.22 0.000682974
6.23 0.000598554
6.24 0.0005234
6.25 0.000458555
6.26 0.000405013
6.27 0.000363714
6.28 0.000335541
6.29 0.00032136
6.3 0.000322026
6.31 0.000338381
6.32 0.000371279
6.33 0.000421578
6.34 0.000490106
6.35 0.00057765
6.36 0.000684892
6.37 0.000812259
6.38 0.0009598
6.39 0.0011272
6.4 0.00131385
6.41 0.00151889
6.42 0.00174136
6.43 0.00198027
6.44 0.00223465
6.45 0.00250371
6.46 0.00278685
6.47 0.00308366
6.48 0.00339372
6.49 0.00371652
6.5 0.00405135
6.51 0.00439707
6.52 0.00475209
6.53 0.00511443
6.54 0.00548166
6.55 0.00585089
6.56 0.00621879
6.57 0.00658177
6.58 0.00693605
6.59 0.00727789
6.6 0.00760374
6.61 0.00791041
6.62 0.0081951
6.63 0.00845548
6.64 0.00868966
6.65 0.00889601
6.66 0.00907309
6.67 0.00921954
6.68 0.00933408
6.69 0.0094155
6.7 0.00946272
6.71 0.00947474
6.72 0.00945074
6.73 0.00939004
6.74 0.00929212
6.75 0.00915671
6.76 0.00898383
6.77 0.00877376
6.78 0.00852707
6.79 0.00824461
6.8 0.00792746
6.81 0.00757691
6.82 0.00719433
6.83 0.00678109
6.84 0.00633859
6.85 0.0058682
6.86 0.0053712
6.87 0.00484885
6.88 0.00430233
6.89 0.00373289
6.9 0.0031419
6.91 0.00253098
6.92 0.00190203
6.93 0.00125732
6.94 0.000599436
6.95 -6.86746e-05
6.96 -0.00074386
6.97 -0.00142289
6.98 -0.00210265
6.99 -0.00278029
7 -0.00345329
7.01 -0.00411951
7.02 -0.00477719
7.03 -0.00542476
7.04 -0.00606073
7.05 -0.00668353
7.06 -0.00729135
7.07 -0.00788209
7.08 -0.00845331
7.09 -0.00900232
7.1 -0.00952622
7.11 -0.010022
7.12 -0.0104868
7.13 -0.0109178
7.14 -0.011313
7.15 -0.0116707
7.16 -0.0119899
7.17 -0.01227
7.18 -0.0125109
7.19 -0.0127127
7.2 -0.0128756
7.21 -0.0130001
7.22 -0.0130866
7.23 -0.0131351
7.24 -0.0131457
7.25 -0.0131181
7.26 -0.013052
7.27 -0.0129469
7.28 -0.0128028
7.29 -0.0126196
7.3 -0.0123978
7.31 -0.0121383
7.32 -0.0118423
7.33 -0.0115116
7.34 -0.0111479
7.35 -0.0107535
7.36 -0.0103302
7.37 -0.00987983
7.38 -0.00940404
7.39 -0.00890407
7.4 -0.00838094
7.41 -0.00783551
7.42 -0.00726856
7.43 -0.006681
7.44 -0.00607399
7.45 -0.00544904
7.46 -0.00480807
7.47 -0.00415337
7.48 -0.00348767
7.49 -0.00281406
7.5 -0.00213601
7.51 -0.00145731
7.52 -0.000781936
7.53 -0.000113927
7.54 0.000542753
7.55 0.00118429
7.56 0.00180701
7.57 0.00240732
7.58 0.00298172
7.59 0.00352682
7.6 0.0040393
7.61 0.00451605
7.62 0.00495428
7.63 0.00535172
7.64 0.00570673
7.65 0.00601825
7.66 0.00628583
7.67 0.00650977
7.68 0.00669111
7.69 0.00683157
7.7 0.00693355
7.71 0.00699992
7.72 0.00703368
7.73 0.0070377
7.74 0.0070145
7.75 0.00696621
7.76 0.00689452
7.77 0.00680082
7.78 0.00668623
7.79 0.00655168
7.8 0.00639783
7.81 0.00622513
7.82 0.00603391
7.83 0.0058243
7.84 0.00559632
7.85 0.00534985
7.86 0.00508477
7.87 0.00480094
7.88 0.00449828
7.89 0.00417688
7.9 0.00383706
7.91 0.00347938
7.92 0.0031047
7.93 0.00271419
7.94 0.00230937
7.95 0.001892
7.96 0.00146412
7.97 0.00102795
7.98 0.000585917
7.99 0.000140589
8 -0.000305457
8.01 -0.000749732
8.02 -0.00118988
8.03 -0.00162372
8.04 -0.0020493
8.05 -0.00246499
8.06 -0.0028695
8.07 -0.00326183
8.08 -0.00364121
8.09 -0.00400698
8.1 -0.00435847
8.11 -0.00469488
8.12 -0.00501511
8.13 -0.00531774
8.14 -0.0056011
8.15 -0.00586326
8.16 -0.00610213
8.17 -0.00631546
8.18 -0.006501
8.19 -0.00665658
8.2 -0.00678017
8.21 -0.00686996
8.22 -0.00692444
8.23 -0.00694242
8.24 -0.00692295
8.25 -0.0068654
8.26 -0.00676945
8.27 -0.00663518
8.28 -0.00646301
8.29 -0.00625373
8.3 -0.00600863
8.31 -0.00572952
8.32 -0.00541884
8.33 -0.0050797
8.34 -0.00471576
8.35 -0.00433115
8.36 -0.00393025
8.37 -0.00351747
8.38 -0.00309702
8.39 -0.00267269
8.4 -0.00224774
8.41 -0.00182479
8.42 -0.00140594
8.43 -0.000992835
8.44 -0.000586669
8.45 -0.000188208
8.46 0.00020223
8.47 0.000584728
8.48 0.000959721
8.49 0.00132787
8.5 0.00168997
8.51 0.00204684
8.52 0.0023992
8.53 0.00274752
8.54 0.00309186
8.55 0.00343183
8.56 0.00376669
8.57 0.00409541
8.58 0.0044168
8.59 0.00472957
8.6 0.00503242
8.61 0.00532407
8.62 0.00560344
8.63 0.00586972
8.64 0.00612242
8.65 0.0063614
8.66 0.00658688
8.67 0.00679939
8.68 0.00699965
8.69 0.0071885
8.7 0.00736677
8.71 0.00753535
8.72 0.00769505
8.73 0.00784651
8.74 0.00799016
8.75 0.00812625
8.76 0.00825477
8.77 0.00837535
8.78 0.00848731
8.79 0.00858969
8.8 0.00868125
8.81 0.00876051
8.82 0.00882581
8.83 0.00887543
8.84 0.00890778
8.85 0.00892146
8.86 0.00891533
8.87 0.00888845
8.88 0.0088401
8.89 0.00876984
8.9 0.00867759
8.91 0.00856361
8.92 0.00842843
8.93 0.00827279
8.94 0.00809757
8.95 0.00790367
8.96 0.00769193
8.97 0.00746322
8.98 0.00721835
8.99 0.00695803
9 0.00668282
9.01 0.00639303
9.02 0.00608877
9.03 0.00576987
9.04 0.005436
9.05 0.00508676
9.06 0.00472186
9.07 0.0043412
9.08 0.0039449
9.09 0.00353328
9.1 0.00310684
9.11 0.00266615
9.12 0.00221186
9.13 0.00174467
9.14 0.00126535
9.15 0.00077472
9.16 0.000273786
9.17 -0.000236185
9.18 -0.000753533
9.19 -0.00127616
9.2 -0.00180151
9.21 -0.00232651
9.22 -0.00284755
9.23 -0.00336057
9.24 -0.00386126
9.25 -0.00434526
9.26 -0.00480846
9.27 -0.00524717
9.28 -0.00565821
9.29 -0.00603907
9.3 -0.00638782
9.31 -0.0067029
9.32 -0.00698299
9.33 -0.00722702
9.34 -0.0074341
9.35 -0.00760353
9.36 -0.00773478
9.37 -0.0078275
9.38 -0.0078815
9.39 -0.00789675
9.4 -0.00787346
9.41 -0.0078122
9.42 -0.0077139
9.43 -0.00757997
9.44 -0.00741234
9.45 -0.0072135
9.46 -0.00698638
9.47 -0.00673417
9.48 -0.00646018
9.49 -0.00616763
9.5 -0.00585952
9.51 -0.0055385
9.52 -0.00520687
9.53 -0.00486656
9.54 -0.00451924
9.55 -0.00416651
9.56 -0.00380995
9.57 -0.00345127
9.58 -0.00309234
9.59 -0.00273532
9.6 -0.00238255
9.61 -0.00203645
9.62 -0.00169939
9.63 -0.00137356
9.64 -0.00106084
9.65 -0.000762712
9.66 -0.000480239
9.67 -0.000214096
9.68 3.54364e-05
9.69 0.000268421
9.7 0.000485156
9.71 0.000686042
9.72 0.000871468
9.73 0.00104177
9.74 0.00119715
9.75 0.00133759
9.76 0.00146281
9.77 0.00157237
9.78 0.00166564
9.79 0.00174187
9.8 0.00180013
9.81 0.00183934
9.82 0.00185835
9.83 0.0018559
9.84 0.00183069
9.85 0.0017814
9.86 0.00170677
9.87 0.0016057
9.88 0.00147739
9.89 0.00132122
9.9 0.00113687
9.91 0.000924385
9.92 0.000684207
9.93 0.000417175
9.94 0.0001245
9.95 -0.000192242
9.96 -0.000531211
9.97 -0.000890462
9.98 -0.00126811
9.99 -0.0016624
10 -0.00207174
10.01 -0.00249472
10.02 -0.00293011
10.03 -0.00337691
10.04 -0.00383423
10.05 -0.00430113
10.06 -0.00477651
10.07 -0.00525902
10.08 -0.00574713
10.09 -0.0062391
10.1 -0.00673303
10.11 -0.00722688
10.12 -0.00771858
10.13 -0.00820622
10.14 -0.00868804
10.15 -0.00916247
10.16 -0.00962808
10.17 -0.0100836
10.18 -0.0105276
10.19 -0.0109588
10.2 -0.0113757
10.21 -0.0117766
10.22 -0.0121598
10.23 -0.0125238
10.24 -0.0128668
10.25 -0.0131872
10.26 -0.0134837
10.27 -0.0137548
10.28 -0.0139995
10.29 -0.0142168
10.3 -0.0144059
10.31 -0.0145661
10.32 -0.0146965
10.33 -0.0147965
10.34 -0.0148655
10.35 -0.0149029
10.36 -0.0149082
10.37 -0.0148812
10.38 -0.0148215
10.39 -0.0147292
10.4 -0.0146041
10.41 -0.0144462
10.42 -0.0142554
10.43 -0.0140315
10.44 -0.0137742
10.45 -0.0134831
10.46 -0.0131578
10.47 -0.0127979
10.48 -0.012403
10.49 -0.0119733
10.5 -0.0115092
10.51 -0.0110114
10.52 -0.0104813
10.53 -0.00992063
10.54 -0.0093313
10.55 -0.00871554
10.56 -0.00807573
10.57 -0.00741431
10.58 -0.00673389
10.59 -0.00603709
10.6 -0.00532658
10.61 -0.00460509
10.62 -0.0038754
10.63 -0.00314041
10.64 -0.0024031
10.65 -0.00166657
10.66 -0.000933979
10.67 -0.000208552
10.68 0.000506535
10.69 0.00120823
10.7 0.00189371
10.71 0.00256041
10.72 0.00320602
10.73 0.00382842
10.74 0.0044257
10.75 0.00499612
10.76 0.00553812
10.77 0.00605029
10.78 0.00653145
10.79 0.00698063
10.8 0.00739702
10.81 0.00777998
10.82 0.00812903
10.83 0.00844387
10.84 0.00872435
10.85 0.00897044
10.86 0.00918215
10.87 0.00935949
10.88 0.00950248
10.89 0.00961119
10.9 0.00968573
10.91 0.0097263
10.92 0.00973324
10.93 0.00970718
10.94 0.00964903
10.95 0.00956007
10.96 0.0094419
10.97 0.00929638
10.98 0.00912559
10.99 0.00893172
11 0.00871695
11.01 0.00848342
11.02 0.00823317
11.03 0.00796814
11.04 0.00769008
11.05 0.00740057
11.06 0.00710116
11.07 0.00679328
11.08 0.00647833
11.09 0.00615759
11.1 0.00583235
11.11 0.0055039
11.12 0.00517362
11.13 0.00484296
11.14 0.00451342
11.15 0.00418644
11.16 0.00386352
11.17 0.00354627
11.18 0.00323647
11.19 0.00293607
11.2 0.00264721
11.21 0.00237216
11.22 0.00211328
11.23 0.00187299
11.24 0.0016535
11.25 0.00145662
11.26 0.00128363
11.27 0.00113525
11.28 0.00101172
11.29 0.000912937
11.3 0.000838564
11.31 0.000788109
11.32 0.000760998
11.33 0.000756661
11.34 0.000774641
11.35 0.00081473
11.36 0.000877025
11.37 0.000961844
11.38 0.00106958
11.39 0.00120056
11.4 0.001355
11.41 0.00153294
11.42 0.00173415
11.43 0.00195802
11.44 0.00220362
11.45 0.00246976
11.46 0.00275508
11.47 0.00305818
11.48 0.00337774
11.49 0.00371267
11.5 0.00406219
11.51 0.00442585
11.52 0.00480347
11.53 0.00519506
11.54 0.00560069
11.55 0.00602041
11.56 0.0064541
11.57 0.00690133
11.58 0.00736132
11.59 0.00783305
11.6 0.00831532
11.61 0.00880691
11.62 0.0093066
11.63 0.00981315
11.64 0.0103253
11.65 0.0108419
11.66 0.0113616
11.67 0.0118831
11.68 0.0124051
11.69 0.0129262
11.7 0.0134448
11.71 0.0139592
11.72 0.0144674
11.73 0.014967
11.74 0.0154555
11.75 0.0159301
11.76 0.0163877
11.77 0.0168245
11.78 0.0172366
11.79 0.0176197
11.8 0.0179693
11.81 0.0182811
11.82 0.0185512
11.83 0.0187761
11.84 0.018953
11.85 0.0190793
11.86 0.0191531
11.87 0.0191726
11.88 0.0191364
11.89 0.0190432
11.9 0.0188922
11.91 0.0186827
11.92 0.0184144
11.93 0.0180872
11.94 0.0177014
11.95 0.0172574
11.96 0.016756
11.97 0.0161981
11.98 0.015585
11.99 0.0149183
12 0.0142001
12.01 0.0134327
12.02 0.0126189
12.03 0.0117618
12.04 0.010865
12.05 0.00993235
12.06 0.00896809
12.07 0.00797649
12.08 0.00696187
12.09 0.00592837
12.1 0.00487989
12.11 0.0038201
12.12 0.00275244
12.13 0.00168002
12.14 0.000605547
12.15 -0.000468583
12.16 -0.00154027
12.17 -0.00260761
12.18 -0.00366876
12.19 -0.00472192
12.2 -0.00576539
12.21 -0.00679744
12.22 -0.00781629
12.23 -0.00882003
12.24 -0.00980685
12.25 -0.0107749
12.26 -0.0117222
12.27 -0.0126467
12.28 -0.0135463
12.29 -0.0144189
12.3 -0.0152622
12.31 -0.016074
12.32 -0.0168519
12.33 -0.0175933
12.34 -0.0182957
12.35 -0.0189563
12.36 -0.0195724
12.37 -0.020141
12.38 -0.0206595
12.39 -0.0211247
12.4 -0.0215339
12.41 -0.0218842
12.42 -0.0221732
12.43 -0.0223987
12.44 -0.0225588
12.45 -0.022652
12.46 -0.0226768
12.47 -0.0226321
12.48 -0.0225169
12.49 -0.0223296
12.5 -0.0220689
12.51 -0.021733
12.52 -0.0213199
12.53 -0.0208275
12.54 -0.0202541
12.55 -0.019598
12.56 -0.0188584
12.57 -0.0180347
12.58 -0.0171269
12.59 -0.0161357
12.6 -0.0150619
12.61 -0.0139067
12.62 -0.0126716
12.63 -0.0113587
12.64 -0.00997079
12.65 -0.00851093
12.66 -0.00698277
12.67 -0.00539048
12.68 -0.00373885
12.69 -0.00203329
12.7 -0.00027984
12.71 0.00151501
12.72 0.00334443
12.73 0.00520134
12.74 0.0070785
12.75 0.00896862
12.76 0.0108644
12.77 0.0127588
12.78 0.0146447
12.79 0.0165152
12.8 0.0183636
12.81 0.0201832
12.82 0.0219674
12.83 0.0237095
12.84 0.025403
12.85 0.0270442
12.86 0.0286332
12.87 0.0301706
12.88 0.0316559
12.89 0.0330889
12.9 0.0344698
12.91 0.0357989
12.92 0.0370764
12.93 0.0383027
12.94 0.039478
12.95 0.0406025
12.96 0.0416761
12.97 0.0426987
12.98 0.0436701
12.99 0.0445902
13 0.0454586
13.01 0.0462752
13.02 0.0470399
13.03 0.0477529
13.04 0.0484146
13.05 0.0490253
13.06 0.0495855
13.07 0.0500953
13.08 0.0505548
13.09 0.0509636
13.1 0.0513214
13.11 0.0516273
13.12 0.0518803
13.13 0.0520794
13.14 0.0522236
13.15 0.0523121
13.16 0.0523443
13.17 0.0523197
13.18 0.0522383
13.19 0.0521004
13.2 0.0519067
13.21 0.051658
13.22 0.0513553
13.23 0.0509997
13.24 0.0505924
13.25 0.050135
13.26 0.0496287
13.27 0.0490751
13.28 0.0484757
13.29 0.0478321
13.3 0.0471459
13.31 0.0464185
13.32 0.0456515
13.33 0.0448463
13.34 0.0440042
13.35 0.0431266
13.36 0.0422152
13.37 0.0412716
13.38 0.0402978
13.39 0.0392962
13.4 0.0382692
13.41 0.0372196
13.42 0.0361504
13.43 0.0350649
13.44 0.0339668
13.45 0.0328599
13.46 0.0317483
13.47 0.0306364
13.48 0.0295286
13.49 0.0284295
13.5 0.0273437
13.51 0.0262759
13.52 0.0252306
13.53 0.0242126
13.54 0.0232264
13.55 0.0222765
13.56 0.0213675
13.57 0.0205038
13.58 0.0196895
13.59 0.0189282
13.6 0.0182233
13.61 0.0175778
13.62 0.0169942
13.63 0.0164751
13.64 0.0160226
13.65 0.0156386
13.66 0.0153248
13.67 0.0150826
13.68 0.0149132
13.69 0.0148173
13.7 0.0147955
13.71 0.0148474
13.72 0.0149729
13.73 0.0151709
13.74 0.0154401
13.75 0.0157786
13.76 0.0161842
13.77 0.0166539
13.78 0.0171841
13.79 0.0177708
13.8 0.0184092
13.81 0.0190941
13.82 0.0198195
13.83 0.0205792
13.84 0.0213672
13.85 0.0221782
13.86 0.0230075
13.87 0.0238508
13.88 0.0247041
13.89 0.0255635
13.9 0.0264248
13.91 0.027284
13.92 0.0281371
13.93 0.0289801
13.94 0.0298092
13.95 0.0306204
13.96 0.0314099
13.97 0.0321741
13.98 0.0329094
13.99 0.0336125
14 0.03428
14.01 0.0349085
14.02 0.0354949
14.03 0.0360363
14.04 0.0365298
14.05 0.0369729
14.06 0.0373633
14.07 0.0376986
14.08 0.0379765
14.09 0.0381948
14.1 0.0383513
14.11 0.0384434
14.12 0.0384688
14.13 0.0384249
14.14 0.0383091
14.15 0.0381187
14.16 0.0378509
14.17 0.037503
14.18 0.0370726
14.19 0.0365577
14.2 0.0359566
14.21 0.0352678
14.22 0.0344902
14.23 0.033623
14.24 0.0326655
14.25 0.0316172
14.26 0.0304778
14.27 0.0292472
14.28 0.0279258
14.29 0.0265144
14.3 0.0250142
14.31 0.0234272
14.32 0.0217558
14.33 0.0200034
14.34 0.0181736
14.35 0.0162706
14.36 0.0142988
14.37 0.0122624
14.38 0.0101658
14.39 0.00801304
14.4 0.00580855
14.41 0.00355671
14.42 0.00125949
14.43 -0.0010853
14.44 -0.00348072
14.45 -0.00592867
14.46 -0.00843049
14.47 -0.010987
14.48 -0.0135988
14.49 -0.0162661
14.5 -0.0189891
14.51 -0.021768
14.52 -0.0246029
14.53 -0.0274943
14.54 -0.0304426
14.55 -0.0334483
14.56 -0.0365121
14.57 -0.0396347
14.58 -0.0428166
14.59 -0.0460586
14.6 -0.0493612
14.61 -0.0527246
14.62 -0.0561486
14.63 -0.0596322
14.64 -0.0631741
14.65 -0.0667716
14.66 -0.0704215
14.67 -0.0741198
14.68 -0.0778623
14.69 -0.0816448
14.7 -0.0854635
14.71 -0.0893146
14.72 -0.0931947
14.73 -0.0970992
14.74 -0.101023
14.75 -0.104959
14.76 -0.108902
14.77 -0.112843
14.78 -0.116777
14.79 -0.120696
14.8 -0.124594
14.81 -0.128464
14.82 -0.1323
14.83 -0.136094
14.84 -0.139841
14.85 -0.143534
14.86 -0.147167
14.87 -0.150733
14.88 -0.154227
14.89 -0.157641
14.9 -0.16097
14.91 -0.164207
14.92 -0.167345
14.93 -0.170378
14.94 -0.173299
14.95 -0.176101
14.96 -0.178778
14.97 -0.181324
14.98 -0.183734
14.99 -0.186001
15 -0.188123
15.01 -0.190099
15.02 -0.191928
15.03 -0.19361
15.04 -0.195149
15.05 -0.196546
15.06 -0.197805
15.07 -0.198931
15.08 -0.199928
15.09 -0.200802
15.1 -0.201557
15.11 -0.202198
15.12 -0.20273
15.13 -0.203158
15.14 -0.203488
15.15 -0.203724
15.16 -0.20387
15.17 -0.203932
15.18 -0.203913
15.19 -0.203816
15.2 -0.203645
15.21 -0.203403
15.22 -0.203093
15.23 -0.20272
15.24 -0.202287
15.25 -0.201801
15.26 -0.201267
15.27 -0.20069
15.28 -0.200077
15.29 -0.199436
15.3 -0.198772
15.31 -0.198092
15.32 -0.197402
15.33 -0.196705
15.34 -0.196008
15.35 -0.195313
15.36 -0.194627
15.37 -0.193953
15.38 -0.193296
15.39 -0.192662
15.4 -0.192053
15.41 -0.191475
15.42 -0.190931
15.43 -0.190423
15.44 -0.189954
15.45 -0.189525
15.46 -0.189137
15.47 -0.188791
15.48 -0.188485
15.49 -0.18822
15.5 -0.187991
15.51 -0.187795
15.52 -0.187628
15.53 -0.187485
15.54 -0.18736
15.55 -0.187249
15.56 -0.187147
15.57 -0.187048
15.58 -0.186948
15.59 -0.186841
15.6 -0.186722
15.61 -0.186586
15.62 -0.186429
15.63 -0.186245
15.64 -0.18603
15.65 -0.185778
15.66 -0.185486
15.67 -0.185149
15.68 -0.184762
15.69 -0.184322
15.7 -0.183824
15.71 -0.183266
15.72 -0.182643
15.73 -0.181954
15.74 -0.181194
15.75 -0.180361
15.76 -0.179452
15.77 -0.178464
15.78 -0.177397
15.79 -0.176247
15.8 -0.175014
15.81 -0.173697
15.82 -0.172294
15.83 -0.170808
15.84 -0.169238
15.85 -0.167586
15.86 -0.165855
15.87 -0.164046
15.88 -0.162164
15.89 -0.16021
15.9 -0.15819
15.91 -0.156108
15.92 -0.153967
15.93 -0.151771
15.94 -0.149513
15.95 -0.147193
15.96 -0.144806
15.97 -0.142353
15.98 -0.139831
15.99 -0.137242
16 -0.134584
16.01 -0.131859
16.02 -0.129068
16.03 -0.126213
16.04 -0.123298
16.05 -0.120326
16.06 -0.117302
16.07 -0.114232
16.08 -0.111121
16.09 -0.107974
16.1 -0.104795
16.11 -0.10159
16.12 -0.0983641
16.13 -0.0951214
16.14 -0.0918673
16.15 -0.0886067
16.16 -0.0853451
16.17 -0.0820875
16.18 -0.0788393
16.19 -0.0756058
16.2 -0.0723925
16.21 -0.0692043
16.22 -0.0660462
16.23 -0.0629223
16.24 -0.0598365
16.25 -0.0567915
16.26 -0.0537894
16.27 -0.0508314
16.28 -0.0479183
16.29 -0.0450506
16.3 -0.0422286
16.31 -0.0394525
16.32 -0.0367222
16.33 -0.0340374
16.34 -0.031398
16.35 -0.0288035
16.36 -0.0262534
16.37 -0.0237473
16.38 -0.0212845
16.39 -0.0188645
16.4 -0.0164865
16.41 -0.0141498
16.42 -0.0118535
16.43 -0.00959691
16.44 -0.00737952
16.45 -0.00520074
16.46 -0.00306006
16.47 -0.000956963
16.48 0.00110904
16.49 0.00313841
16.5 0.00513158
16.51 0.00708894
16.52 0.00901083
16.53 0.0108977
16.54 0.01275
16.55 0.0145681
16.56 0.0163523
16.57 0.018103
16.58 0.0198202
16.59 0.0215038
16.6 0.0231537
16.61 0.0247693
16.62 0.02635
16.63 0.0278947
16.64 0.029402
16.65 0.0308702
16.66 0.032297
16.67 0.0336802
16.68 0.0350169
16.69 0.0363037
16.7 0.0375373
16.71 0.0387142
16.72 0.0398313
16.73 0.0408858
16.74 0.0418757
16.75 0.0427993
16.76 0.0436554
16.77 0.0444429
16.78 0.0451612
16.79 0.0458095
16.8 0.0463876
16.81 0.0468954
16.82 0.047333
16.83 0.0477005
16.84 0.047998
16.85 0.0482259
16.86 0.0483843
16.87 0.0484735
16.88 0.0484935
16.89 0.048444
16.9 0.0483249
16.91 0.0481361
16.92 0.0478776
16.93 0.0475497
16.94 0.0471529
16.95 0.0466881
16.96 0.0461565
16.97 0.0455595
16.98 0.0448988
16.99 0.0441766
17 0.043395
17.01 0.0425567
17.02 0.0416644
17.03 0.0407211
17.04 0.0397296
17.05 0.0386929
17.06 0.0376143
17.07 0.0364971
17.08 0.0353448
17.09 0.034161
17.1 0.0329494
17.11 0.0317136
17.12 0.0304575
17.13 0.0291847
17.14 0.0278993
17.15 0.026605
17.16 0.0253058
17.17 0.0240055
17.18 0.022708
17.19 0.0214172
17.2 0.0201368
17.21 0.0188707
17.22 0.0176226
17.23 0.0163963
17.24 0.0151954
17.25 0.0140231
17.26 0.0128828
17.27 0.0117774
17.28 0.0107096
17.29 0.00968202
17.3 0.00869687
17.31 0.00775634
17.32 0.00686243
17.33 0.00601696
17.34 0.0052215
17.35 0.00447729
17.36 0.00378515
17.37 0.0031454
17.38 0.00255778
17.39 0.00202146
17.4 0.00153503
17.41 0.00109639
17.42 0.000702892
17.43 0.000351541
17.44 3.89287e-05
17.45 -0.000238773
17.46 -0.000484997
17.47 -0.000702444
17.48 -0.000893291
17.49 -0.00105934
17.5 -0.00120221
17.51 -0.00132356
17.52 -0.00142506
17.53 -0.00150846
17.54 -0.00157554
17.55 -0.00162797
17.56 -0.00166726
17.57 -0.00169471
17.58 -0.00171136
17.59 -0.00171796
17.6 -0.00171489
17.61 -0.00170211
17.62 -0.00167913
17.63 -0.00164508
17.64 -0.00159875
17.65 -0.00153856
17.66 -0.0014627
17.67 -0.00136919
17.68 -0.0012559
17.69 -0.00112057
17.7 -0.000961082
17.71 -0.000775574
17.72 -0.000562587
17.73 -0.000321134
17.74 -5.06102e-05
17.75 0.000249428
17.76 0.000579491
17.77 0.000940309
17.78 0.00133294
17.79 0.00175878
17.8 0.00221953
17.81 0.00271698
17.82 0.00325288
17.83 0.0038288
17.84 0.00444614
17.85 0.00510615
17.86 0.00580989
17.87 0.00655813
17.88 0.00735128
17.89 0.00818924
17.9 0.00907132
17.91 0.00999615
17.92 0.0109617
17.93 0.0119656
17.94 0.013005
17.95 0.014077
17.96 0.0151782
17.97 0.0163053
17.98 0.0174544
17.99 0.0186217
18 0.0198032
18.01 0.0209949
18.02 0.0221927
18.03 0.0233926
18.04 0.0245905
18.05 0.0257825
18.06 0.026965
18.07 0.0281342
18.08 0.0292866
18.09 0.0304183
18.1 0.0315259
18.11 0.0326059
18.12 0.0336548
18.13 0.0346694
18.14 0.0356466
18.15 0.0365837
18.16 0.0374783
18.17 0.0383283
18.18 0.0391319
18.19 0.0398876
18.2 0.0405943
18.21 0.0412513
18.22 0.0418578
18.23 0.0424134
18.24 0.0429178
18.25 0.0433704
18.26 0.0437712
18.27 0.0441197
18.28 0.0444163
18.29 0.044661
18.3 0.0448544
18.31 0.0449971
18.32 0.0450901
18.33 0.0451345
18.34 0.0451316
18.35 0.0450825
18.36 0.0449886
18.37 0.0448512
18.38 0.0446715
18.39 0.044451
18.4 0.0441913
18.41 0.0438941
18.42 0.0435616
18.43 0.0431963
18.44 0.0428008
18.45 0.0423782
18.46 0.041932
18.47 0.0414657
18.48 0.0409833
18.49 0.0404887
18.5 0.0399857
18.51 0.0394783
18.52 0.0389698
18.53 0.0384638
18.54 0.0379632
18.55 0.0374709
18.56 0.0369895
18.57 0.0365213
18.58 0.0360683
18.59 0.0356328
18.6 0.0352166
18.61 0.0348219
18.62 0.0344504
18.63 0.0341042
18.64 0.0337849
18.65 0.0334943
18.66 0.0332336
18.67 0.033004
18.68 0.0328058
18.69 0.0326388
18.7 0.0325015
18.71 0.0323918
18.72 0.0323064
18.73 0.0322415
18.74 0.0321925
18.75 0.032155
18.76 0.0321245
18.77 0.0320968
18.78 0.0320676
18.79 0.0320325
18.8 0.0319873
18.81 0.0319276
18.82 0.0318493
18.83 0.0317479
18.84 0.0316192
18.85 0.031459
18.86 0.031263
18.87 0.0310271
18.88 0.0307475
18.89 0.0304205
18.9 0.0300431
18.91 0.0296128
18.92 0.0291276
18.93 0.0285867
18.94 0.0279899
18.95 0.0273376
18.96 0.0266305
18.97 0.0258692
18.98 0.0250548
18.99 0.0241881
19 0.0232697
19.01 0.0223001
19.02 0.0212796
19.03 0.0202084
19.04 0.0190869
19.05 0.0179155
19.06 0.0166952
19.07 0.0154276
19.08 0.0141146
19.09 0.0127587
19.1 0.0113628
19.11 0.00992973
19.12 0.00846261
19.13 0.00696419
19.14 0.00543715
19.15 0.00388422
19.16 0.00230835
19.17 0.000712935
19.18 -0.000897949
19.19 -0.00251938
19.2 -0.00414758
19.21 -0.00578127
19.22 -0.00741921
19.23 -0.00905903
19.24 -0.0106981
19.25 -0.012334
19.26 -0.0139647
19.27 -0.0155891
19.28 -0.0172066
19.29 -0.0188167
19.3 -0.0204192
19.31 -0.0220134
19.32 -0.0235981
19.33 -0.0251722
19.34 -0.0267338
19.35 -0.0282806
19.36 -0.0298101
19.37 -0.0313191
19.38 -0.0328047
19.39 -0.0342638
19.4 -0.0356936
19.41 -0.0370912
19.42 -0.0384536
19.43 -0.039778
19.44 -0.0410616
19.45 -0.0423013
19.46 -0.0434945
19.47 -0.0446384
19.48 -0.0457301
19.49 -0.0467671
19.5 -0.0477467
19.51 -0.0486667
19.52 -0.049525
19.53 -0.0503196
19.54 -0.0510488
19.55 -0.0517115
19.56 -0.0523068
19.57 -0.0528345
19.58 -0.0532945
19.59 -0.0536869
19.6 -0.0540119
19.61 -0.0542697
19.62 -0.0544608
19.63 -0.0545857
19.64 -0.054645
19.65 -0.0546392
19.66 -0.054569
19.67 -0.0544354
19.68 -0.0542396
19.69 -0.053983
19.7 -0.0536676
19.71 -0.0532955
19.72 -0.052869
19.73 -0.0523909
19.74 -0.0518638
19.75 -0.0512905
19.76 -0.0506735
19.77 -0.0500152
19.78 -0.0493182
19.79 -0.0485849
19.8 -0.0478178
19.81 -0.0470195
19.82 -0.0461929
19.83 -0.045341
19.84 -0.0444668
19.85 -0.0435739
19.86 -0.0426658
19.87 -0.0417463
19.88 -0.0408195
19.89 -0.0398891
19.9 -0.0389591
19.91 -0.0380331
19.92 -0.0371146
19.93 -0.0362068
19.94 -0.0353128
19.95 -0.0344357
19.96 -0.0335785
19.97 -0.0327443
19.98 -0.0319366
19.99 -0.0311586
20 -0.0304137
20.01 -0.0297056
20.02 -0.0290373
20.03 -0.0284122
20.04 -0.0278326
20.05 -0.0273004
20.06 -0.0268168
20.07 -0.0263824
20.08 -0.0259972
20.09 -0.0256604
20.1 -0.0253708
20.11 -0.0251265
20.12 -0.0249254
20.13 -0.0247655
20.14 -0.0246445
20.15 -0.0245602
20.16 -0.0245101
20.17 -0.0244921
20.18 -0.0245037
20.19 -0.0245431
20.2 -0.0246082
20.21 -0.0246975
20.22 -0.0248094
20.23 -0.0249425
20.24 -0.0250951
20.25 -0.0252656
20.26 -0.0254522
20.27 -0.0256536
20.28 -0.0258683
20.29 -0.0260951
20.3 -0.0263331
20.31 -0.0265813
20.32 -0.0268392
20.33 -0.0271061
20.34 -0.0273815
20.35 -0.0276649
20.36 -0.0279554
20.37 -0.0282524
20.38 -0.0285545
20.39 -0.02886
20.4 -0.029167
20.41 -0.029473
20.42 -0.0297754
20.43 -0.0300711
20.44 -0.0303572
20.45 -0.0306307
20.46 -0.0308887
20.47 -0.0311284
20.48 -0.0313471
20.49 -0.031542
20.5 -0.0317105
20.51 -0.0318499
20.52 -0.0319576
20.53 -0.0320313
20.54 -0.0320684
20.55 -0.0320669
20.56 -0.0320245
20.57 -0.0319397
20.58 -0.031811
20.59 -0.0316377
20.6 -0.0314198
20.61 -0.0311578
20.62 -0.0308529
20.63 -0.0305064
20.64 -0.0301199
20.65 -0.0296952
20.66 -0.0292343
20.67 -0.0287392
20.68 -0.0282118
20.69 -0.0276543
20.7 -0.0270686
20.71 -0.0264567
20.72 -0.0258205
20.73 -0.025162
20.74 -0.0244833
20.75 -0.0237863
20.76 -0.0230734
20.77 -0.0223467
20.78 -0.0216081
20.79 -0.0208597
20.8 -0.0201028
20.81 -0.0193388
20.82 -0.0185685
20.83 -0.0177921
20.84 -0.0170101
20.85 -0.0162225
20.86 -0.01543
20.87 -0.0146332
20.88 -0.0138333
20.89 -0.0130315
20.9 -0.0122298
20.91 -0.01143
20.92 -0.0106341
20.93 -0.00984417
20.94 -0.0090622
20.95 -0.00829025
20.96 -0.00753051
20.97 -0.00678536
20.98 -0.00605742
20.99 -0.00534847
21 -0.00465893
21.01 -0.00398957
21.02 -0.00334216
21.03 -0.00271882
21.04 -0.00212191
21.05 -0.00155382
21.06 -0.00101688
21.07 -0.000513357
21.08 -4.5484e-05
21.09 0.000384475
21.1 0.000774289
21.11 0.00112192
21.12 0.00142566
21.13 0.00168414
21.14 0.00189632
21.15 0.00206137
21.16 0.0021786
21.17 0.00224736
21.18 0.00226707
21.19 0.00223713
21.2 0.00215702
21.21 0.00202643
21.22 0.00184524
21.23 0.00161344
21.24 0.00133126
21.25 0.000999168
21.26 0.000617942
21.27 0.000188739
21.28 -0.000286913
21.29 -0.000807154
21.3 -0.00136982
21.31 -0.0019725
21.32 -0.00261275
21.33 -0.0032881
21.34 -0.00399616
21.35 -0.00473465
21.36 -0.0055014
21.37 -0.00629438
21.38 -0.00711176
21.39 -0.00795188
21.4 -0.00881326
21.41 -0.00969461
21.42 -0.0105947
21.43 -0.0115124
21.44 -0.0124465
21.45 -0.0133955
21.46 -0.014358
21.47 -0.0153322
21.48 -0.0163161
21.49 -0.0173079
21.5 -0.0183056
21.51 -0.0193072
21.52 -0.0203109
21.53 -0.0213145
21.54 -0.0223162
21.55 -0.0233137
21.56 -0.0243051
21.57 -0.0252886
21.58 -0.0262623
21.59 -0.0272249
21.6 -0.0281751
21.61 -0.0291117
21.62 -0.0300335
21.63 -0.0309394
21.64 -0.0318277
21.65 -0.032697
21.66 -0.033545
21.67 -0.0343697
21.68 -0.0351687
21.69 -0.0359397
21.7 -0.0366805
21.71 -0.037389
21.72 -0.0380632
21.73 -0.0387012
21.74 -0.0393011
21.75 -0.039861
21.76 -0.0403787
21.77 -0.0408522
21.78 -0.0412792
21.79 -0.0416575
21.8 -0.0419851
21.81 -0.0422604
21.82 -0.0424819
21.83 -0.0426487
21.84 -0.0427606
21.85 -0.0428175
21.86 -0.04282
21.87 -0.0427689
21.88 -0.0426654
21.89 -0.0425112
21.9 -0.0423079
21.91 -0.0420575
21.92 -0.0417618
21.93 -0.0414228
21.94 -0.0410421
21.95 -0.0406216
21.96 -0.0401632
21.97 -0.039669
21.98 -0.0391415
21.99 -0.0385835
22 -0.0379986
22.01 -0.0373905
22.02 -0.0367636
22.03 -0.0361221
22.04 -0.0354705
22.05 -0.0348128
22.06 -0.0341525
22.07 -0.0334921
22.08 -0.0328339
22.09 -0.0321796
22.1 -0.0315307
22.11 -0.0308887
22.12 -0.0302546
22.13 -0.0296295
22.14 -0.0290145
22.15 -0.0284106
22.16 -0.0278192
22.17 -0.0272416
22.18 -0.0266792
22.19 -0.0261336
22.2 -0.025606
22.21 -0.0250979
22.22 -0.0246103
22.23 -0.0241437
22.24 -0.0236988
22.25 -0.0232758
22.26 -0.022875
22.27 -0.0224963
22.28 -0.0221399
22.29 -0.0218059
22.3 -0.0214947
22.31 -0.0212068
22.32 -0.0209432
22.33 -0.0207051
22.34 -0.0204936
22.35 -0.0203102
22.36 -0.0201561
22.37 -0.0200325
22.38 -0.0199405
22.39 -0.0198808
22.4 -0.0198539
22.41 -0.0198602
22.42 -0.0198995
22.43 -0.0199715
22.44 -0.0200757
22.45 -0.0202112
22.46 -0.0203771
22.47 -0.0205718
22.48 -0.0207936
22.49 -0.0210404
22.5 -0.0213099
22.51 -0.0215993
22.52 -0.0219056
22.53 -0.0222255
22.54 -0.0225556
22.55 -0.0228923
22.56 -0.0232323
22.57 -0.0235717
22.58 -0.0239071
22.59 -0.0242348
22.6 -0.0245511
22.61 -0.0248525
22.62 -0.0251355
22.63 -0.025397
22.64 -0.0256338
22.65 -0.0258433
22.66 -0.0260232
22.67 -0.0261715
22.68 -0.0262869
22.69 -0.0263681
22.7 -0.0264143
22.71 -0.0264244
22.72 -0.0263976
22.73 -0.026333
22.74 -0.0262296
22.75 -0.0260869
22.76 -0.0259041
22.77 -0.025681
22.78 -0.0254175
22.79 -0.0251137
22.8 -0.0247701
22.81 -0.024387
22.82 -0.0239651
22.83 -0.0235052
22.84 -0.0230083
22.85 -0.0224755
22.86 -0.0219081
22.87 -0.0213076
22.88 -0.0206758
22.89 -0.0200144
22.9 -0.0193257
22.91 -0.018612
22.92 -0.0178762
22.93 -0.017121
22.94 -0.0163498
22.95 -0.0155659
22.96 -0.014773
22.97 -0.0139747
22.98 -0.0131749
22.99 -0.0123772
23 -0.0115847
23.01 -0.0107999
23.02 -0.0100253
23.03 -0.0092628
23.04 -0.00851407
23.05 -0.00778064
23.06 -0.00706389
23.07 -0.00636526
23.08 -0.0056864
23.09 -0.00502923
23.1 -0.00439583
23.11 -0.00378831
23.12 -0.00320873
23.13 -0.00265905
23.14 -0.0021411
23.15 -0.00165653
23.16 -0.00120687
23.17 -0.000793514
23.18 -0.000417679
23.19 -8.03399e-05
23.2 0.000217743
23.21 0.000475987
23.22 0.000693911
23.23 0.000871128
23.24 0.00100739
23.25 0.00110261
23.26 0.00115673
23.27 0.00116987
23.28 0.00114235
23.29 0.00107478
23.3 0.000967942
23.31 0.000822863
23.32 0.000640737
23.33 0.000422851
23.34 0.000170536
23.35 -0.000114831
23.36 -0.000431881
23.37 -0.000779313
23.38 -0.00115588
23.39 -0.00156042
23.4 -0.00199193
23.41 -0.0024496
23.42 -0.00293275
23.43 -0.00344086
23.44 -0.00397347
23.45 -0.00453029
23.46 -0.00511098
23.47 -0.00571508
23.48 -0.00634179
23.49 -0.00699001
23.5 -0.00765832
23.51 -0.00834511
23.52 -0.00904859
23.53 -0.00976691
23.54 -0.0104981
23.55 -0.0112403
23.56 -0.0119911
23.57 -0.0127486
23.58 -0.0135104
23.59 -0.014274
23.6 -0.015037
23.61 -0.015797
23.62 -0.0165515
23.63 -0.0172977
23.64 -0.0180332
23.65 -0.0187552
23.66 -0.019461
23.67 -0.020148
23.68 -0.020814
23.69 -0.0214566
23.7 -0.0220741
23.71 -0.0226647
23.72 -0.0232271
23.73 -0.0237601
23.74 -0.0242629
23.75 -0.024735
23.76 -0.0251763
23.77 -0.0255871
23.78 -0.0259682
23.79 -0.0263211
23.8 -0.0266471
23.81 -0.0269483
23.82 -0.0272263
23.83 -0.0274831
23.84 -0.0277204
23.85 -0.0279402
23.86 -0.0281442
23.87 -0.0283344
23.88 -0.0285126
23.89 -0.0286806
23.9 -0.0288406
23.91 -0.0289946
23.92 -0.0291451
23.93 -0.0292945
23.94 -0.0294452
23.95 -0.0295994
23.96 -0.0297593
23.97 -0.0299267
23.98 -0.0301029
23.99 -0.0302887
24 -0.0304844
24.01 -0.0306898
24.02 -0.0309043
24.03 -0.0311269
24.04 -0.0313562
24.05 -0.0315899
24.06 -0.0318253
24.07 -0.0320591
24.08 -0.0322877
24.09 -0.0325075
24.1 -0.0327149
24.11 -0.0329067
24.12 -0.0330798
24.13 -0.0332319
24.14 -0.033361
24.15 -0.033466
24.16 -0.0335463
24.17 -0.0336017
24.18 -0.0336324
24.19 -0.0336387
24.2 -0.033621
24.21 -0.0335799
24.22 -0.0335162
24.23 -0.0334309
24.24 -0.0333252
24.25 -0.0332003
24.26 -0.0330576
24.27 -0.0328988
24.28 -0.0327256
24.29 -0.0325402
24.3 -0.0323449
24.31 -0.0321423
24.32 -0.031935
24.33 -0.0317254
24.34 -0.0315156
24.35 -0.031307
24.36 -0.0311004
24.37 -0.0308965
24.38 -0.0306955
24.39 -0.0304974
24.4 -0.0303021
24.41 -0.0301094
24.42 -0.0299194
24.43 -0.029732
24.44 -0.0295475
24.45 -0.0293661
24.46 -0.0291882
24.47 -0.0290142
24.48 -0.0288442
24.49 -0.0286782
24.5 -0.0285164
24.51 -0.0283587
24.52 -0.0282051
24.53 -0.0280557
24.54 -0.0279105
24.55 -0.0277698
24.56 -0.0276338
24.57 -0.0275029
24.58 -0.0273778
24.59 -0.0272592
24.6 -0.0271479
24.61 -0.0270445
24.62 -0.0269497
24.63 -0.0268642
24.64 -0.0267885
24.65 -0.0267232
24.66 -0.0266682
24.67 -0.0266235
24.68 -0.0265887
24.69 -0.0265631
24.7 -0.0265458
24.71 -0.0265359
24.72 -0.0265321
24.73 -0.0265333
24.74 -0.0265382
24.75 -0.0265457
24.76 -0.0265542
24.77 -0.0265624
24.78 -0.026569
24.79 -0.0265727
24.8 -0.0265725
24.81 -0.0265677
24.82 -0.0265576
24.83 -0.0265418
24.84 -0.0265201
24.85 -0.0264923
24.86 -0.0264587
24.87 -0.0264192
24.88 -0.0263743
24.89 -0.0263245
24.9 -0.0262705
24.91 -0.0262133
24.92 -0.0261541
24.93 -0.0260943
24.94 -0.0260352
24.95 -0.0259783
24.96 -0.025925
24.97 -0.0258769
24.98 -0.0258354
24.99 -0.0258019
25 -0.0257774
