0.01 3.17335e-09
0.02 1.52829e-08
0.03 3.77278e-08
0.04 6.81409e-08
0.05 1.04192e-07
0.06 1.43611e-07
0.07 1.84212e-07
0.08 2.23889e-07
0.09 2.60602e-07
0.1 2.92382e-07
0.11 3.17354e-07
0.12 3.33735e-07
0.13 3.3981e-07
0.14 3.33865e-07
0.15 3.14186e-07
0.16 2.79115e-07
0.17 2.27101e-07
0.18 1.56715e-07
0.19 6.66611e-08
0.2 -4.42094e-08
0.21 -1.76885e-07
0.22 -3.32193e-07
0.23 -5.10799e-07
0.24 -7.1323e-07
0.25 -9.39903e-07
0.26 -1.19119e-06
0.27 -1.46744e-06
0.28 -1.76888e-06
0.29 -2.09531e-06
0.3 -2.44605e-06
0.31 -2.81986e-06
0.32 -3.2149e-06
0.33 -3.62858e-06
0.34 -4.0574e-06
0.35 -4.4973e-06
0.36 -4.94382e-06
0.37 -5.3923e-06
0.38 -5.83844e-06
0.39 -6.27908e-06
0.4 -6.71278e-06
0.41 -7.1402e-06
0.42 -7.56357e-06
0.43 -7.98615e-06
0.44 -8.41225e-06
0.45 -8.84709e-06
0.46 -9.29632e-06
0.47 -9.76561e-06
0.48 -1.026e-05
0.49 -1.07837e-05
0.5 -1.134e-05
0.51 -1.19315e-05
0.52 -1.25603e-05
0.53 -1.32275e-05
0.54 -1.39339e-05
0.55 -1.46797e-05
0.56 -1.54647e-05
0.57 -1.62881e-05
0.58 -1.71488e-05
0.59 -1.80461e-05
0.6 -1.89786e-05
0.61 -1.99449e-05
0.62 -2.09435e-05
0.63 -2.19725e-05
0.64 -2.303e-05
0.65 -2.41143e-05
0.66 -2.52234e-05
0.67 -2.6356e-05
0.68 -2.75107e-05
0.69 -2.86866e-05
0.7 -2.98825e-05
0.71 -3.10973e-05
0.72 -3.23289e-05
0.73 -3.35738e-05
0.74 -3.48265e-05
0.75 -3.60789e-05
0.76 -3.73199e-05
0.77 -3.85359e-05
0.78 -3.97118e-05
0.79 -4.08335e-05
0.8 -4.18896e-05
0.81 -4.28713e-05
0.82 -4.37727e-05
0.83 -4.45898e-05
0.84 -4.53208e-05
0.85 -4.59673e-05
0.86 -4.65339e-05
0.87 -4.70245e-05
0.88 -4.74378e-05
0.89 -4.77676e-05
0.9 -4.80041e-05
0.91 -4.81366e-05
0.92 -4.81538e-05
0.93 -4.80467e-05
0.94 -4.78108e-05
0.95 -4.74475e-05
0.96 -4.69647e-05
0.97 -4.63761e-05
0.98 -4.56963e-05
0.99 -4.49353e-05
1 -4.4097e-05
1.01 -4.31799e-05
1.02 -4.21765e-05
1.03 -4.1075e-05
1.04 -3.98613e-05
1.05 -3.85214e-05
1.06 -3.7045e-05
1.07 -3.54267e-05
1.08 -3.36648e-05
1.09 -3.17584e-05
1.1 -2.97067e-05
1.11 -2.75106e-05
1.12 -2.51709e-05
1.13 -2.26872e-05
1.14 -2.00578e-05
1.15 -1.72818e-05
1.16 -1.43602e-05
1.17 -1.12992e-05
1.18 -8.11179e-06
1.19 -4.81621e-06
1.2 -1.43263e-06
1.21 2.01548e-06
1.22 5.50006e-06
1.23 8.99137e-06
1.24 1.24635e-05
1.25 1.59024e-05
1.26 1.93103e-05
1.27 2.27009e-05
1.28 2.60899e-05
1.29 2.94923e-05
1.3 3.29213e-05
1.31 3.63836e-05
1.32 3.98771e-05
1.33 4.33931e-05
1.34 4.69219e-05
1.35 5.04565e-05
1.36 5.39926e-05
1.37 5.75286e-05
1.38 6.10653e-05
1.39 6.46041e-05
1.4 6.81454e-05
1.41 7.16854e-05
1.42 7.52122e-05
1.43 7.87016e-05
1.44 8.21136e-05
1.45 8.53902e-05
1.46 8.8457e-05
1.47 9.12301e-05
1.48 9.36231e-05
1.49 9.5548e-05
1.5 9.69195e-05
1.51 9.76592e-05
1.52 9.76982e-05
1.53 9.69843e-05
1.54 9.54901e-05
1.55 9.32207e-05
1.56 9.0216e-05
1.57 8.65411e-05
1.58 8.22777e-05
1.59 7.75176e-05
1.6 7.23496e-05
1.61 6.68532e-05
1.62 6.11007e-05
1.63 5.51569e-05
1.64 4.90788e-05
1.65 4.29159e-05
1.66 3.67081e-05
1.67 3.04838e-05
1.68 2.42616e-05
1.69 1.80564e-05
1.7 1.18832e-05
1.71 5.75636e-06
1.72 -3.08944e-07
1.73 -6.29518e-06
1.74 -1.21786e-05
1.75 -1.79257e-05
1.76 -2.34979e-05
1.77 -2.88587e-05
1.78 -3.39693e-05
1.79 -3.87837e-05
1.8 -4.3251e-05
1.81 -4.732e-05
1.82 -5.09402e-05
1.83 -5.40633e-05
1.84 -5.66533e-05
1.85 -5.86928e-05
1.86 -6.01777e-05
1.87 -6.1108e-05
1.88 -6.14818e-05
1.89 -6.12944e-05
1.9 -6.05382e-05
1.91 -5.92031e-05
1.92 -5.7276e-05
1.93 -5.47432e-05
1.94 -5.16039e-05
1.95 -4.78858e-05
1.96 -4.36463e-05
1.97 -3.89666e-05
1.98 -3.39479e-05
1.99 -2.86987e-05
2 -2.33151e-05
2.01 -1.78616e-05
2.02 -1.23695e-05
2.03 -6.83951e-06
2.04 -1.24484e-06
2.05 4.45877e-06
2.06 1.03228e-05
2.07 1.63957e-05
2.08 2.27075e-05
2.09 2.92577e-05
2.1 3.60137e-05
2.11 4.29138e-05
2.12 4.98651e-05
2.13 5.67389e-05
2.14 6.33821e-05
2.15 6.96304e-05
2.16 7.53111e-05
2.17 8.02506e-05
2.18 8.42762e-05
2.19 8.72094e-05
2.2 8.88597e-05
2.21 8.90303e-05
2.22 8.75303e-05
2.23 8.41808e-05
2.24 7.88213e-05
2.25 7.13044e-05
2.26 6.15016e-05
2.27 4.93294e-05
2.28 3.47555e-05
2.29 1.77867e-05
2.3 -1.53521e-06
2.31 -2.31331e-05
2.32 -4.6888e-05
2.33 -7.26277e-05
2.34 -0.000100121
2.35 -0.000129086
2.36 -0.000159195
2.37 -0.000190092
2.38 -0.000221398
2.39 -0.000252714
2.4 -0.000283639
2.41 -0.000313809
2.42 -0.000342923
2.43 -0.000370719
2.44 -0.000396961
2.45 -0.000421431
2.46 -0.000443933
2.47 -0.000464305
2.48 -0.000482419
2.49 -0.000498168
2.5 -0.000511449
2.51 -0.000522152
2.52 -0.000530152
2.53 -0.000535333
2.54 -0.000537586
2.55 -0.000536804
2.56 -0.000532891
2.57 -0.000525789
2.58 -0.000515498
2.59 -0.00050208
2.6 -0.000485655
2.61 -0.000466384
2.62 -0.000444444
2.63 -0.000420017
2.64 -0.000393267
2.65 -0.000364347
2.66 -0.000333396
2.67 -0.000300542
2.68 -0.000265912
2.69 -0.000229649
2.7 -0.000191912
2.71 -0.000152866
2.72 -0.000112684
2.73 -7.15368e-05
2.74 -2.9583e-05
2.75 1.30422e-05
2.76 5.62099e-05
2.77 9.9794e-05
2.78 0.000143696
2.79 0.000187856
2.8 0.000232251
2.81 0.000276886
2.82 0.000321764
2.83 0.000366856
2.84 0.000412096
2.85 0.000457377
2.86 0.000502561
2.87 0.000547469
2.88 0.000591868
2.89 0.000635481
2.9 0.000678009
2.91 0.000719142
2.92 0.000758558
2.93 0.000795934
2.94 0.000830955
2.95 0.000863323
2.96 0.000892767
2.97 0.000919071
2.98 0.000942083
2.99 0.000961712
3 0.000977904
3.01 0.000990641
3.02 0.000999917
3.03 0.00100572
3.04 0.00100801
3.05 0.00100675
3.06 0.00100186
3.07 0.000993236
3.08 0.000980732
3.09 0.000964202
3.1 0.000943521
3.11 0.000918608
3.12 0.000889453
3.13 0.000856128
3.14 0.000818771
3.15 0.000777561
3.16 0.000732704
3.17 0.000684439
3.18 0.00063303
3.19 0.000578751
3.2 0.000521861
3.21 0.000462617
3.22 0.000401313
3.23 0.000338282
3.24 0.000273904
3.25 0.000208591
3.26 0.000142776
3.27 7.6927e-05
3.28 1.15639e-05
3.29 -5.27808e-05
3.3 -0.000115594
3.31 -0.000176363
3.32 -0.000234578
3.33 -0.000289784
3.34 -0.000341619
3.35 -0.000389849
3.36 -0.00043438
3.37 -0.000475246
3.38 -0.000512599
3.39 -0.000546697
3.4 -0.000577902
3.41 -0.000606651
3.42 -0.00063343
3.43 -0.000658732
3.44 -0.000683035
3.45 -0.000706799
3.46 -0.000730451
3.47 -0.000754343
3.48 -0.000778702
3.49 -0.000803615
3.5 -0.000829032
3.51 -0.000854785
3.52 -0.000880592
3.53 -0.00090608
3.54 -0.000930819
3.55 -0.000954369
3.56 -0.000976347
3.57 -0.000996432
3.58 -0.00101432
3.59 -0.00102973
3.6 -0.0010424
3.61 -0.00105217
3.62 -0.00105894
3.63 -0.00106264
3.64 -0.00106329
3.65 -0.00106098
3.66 -0.00105583
3.67 -0.00104807
3.68 -0.00103799
3.69 -0.00102593
3.7 -0.00101223
3.71 -0.000997213
3.72 -0.000981213
3.73 -0.000964531
3.74 -0.000947418
3.75 -0.000930089
3.76 -0.000912729
3.77 -0.000895486
3.78 -0.000878465
3.79 -0.000861741
3.8 -0.000845346
3.81 -0.000829248
3.82 -0.000813363
3.83 -0.00079758
3.84 -0.00078176
3.85 -0.000765748
3.86 -0.000749424
3.87 -0.000732744
3.88 -0.000715764
3.89 -0.000698659
3.9 -0.000681716
3.91 -0.000665335
3.92 -0.000650025
3.93 -0.000636373
3.94 -0.000624991
3.95 -0.000616491
3.96 -0.000611462
3.97 -0.00061043
3.98 -0.000613792
3.99 -0.000621786
4 -0.000634489
4.01 -0.00065182
4.02 -0.000673554
4.03 -0.000699337
4.04 -0.000728687
4.05 -0.000760995
4.06 -0.000795538
4.07 -0.000831463
4.08 -0.000867774
4.09 -0.000903356
4.1 -0.000937011
4.11 -0.000967522
4.12 -0.000993758
4.13 -0.00101476
4.14 -0.00102977
4.15 -0.00103832
4.16 -0.00104024
4.17 -0.00103573
4.18 -0.00102526
4.19 -0.00100952
4.2 -0.000989442
4.21 -0.000966061
4.22 -0.000940488
4.23 -0.000913788
4.24 -0.000886905
4.25 -0.000860685
4.26 -0.000835907
4.27 -0.000813255
4.28 -0.000793287
4.29 -0.000776416
4.3 -0.000762889
4.31 -0.000752806
4.32 -0.000746139
4.33 -0.000742748
4.34 -0.000742361
4.35 -0.000744549
4.36 -0.000748733
4.37 -0.000754207
4.38 -0.000760168
4.39 -0.000765759
4.4 -0.00077008
4.41 -0.000772189
4.42 -0.000771124
4.43 -0.000765939
4.44 -0.000755731
4.45 -0.000739677
4.46 -0.000717119
4.47 -0.00068761
4.48 -0.000650914
4.49 -0.000606957
4.5 -0.000555747
4.51 -0.000497348
4.52 -0.00043192
4.53 -0.000359762
4.54 -0.000281297
4.55 -0.000197056
4.56 -0.000107663
4.57 -1.38235e-05
4.58 8.36736e-05
4.59 0.000183982
4.6 0.00028621
4.61 0.000389463
4.62 0.000492896
4.63 0.000595723
4.64 0.000697213
4.65 0.000796714
4.66 0.000893673
4.67 0.000987678
4.68 0.00107848
4.69 0.00116598
4.7 0.00125015
4.71 0.00133096
4.72 0.00140839
4.73 0.00148243
4.74 0.00155301
4.75 0.00162002
4.76 0.00168324
4.77 0.00174245
4.78 0.00179737
4.79 0.00184773
4.8 0.00189328
4.81 0.00193372
4.82 0.00196869
4.83 0.00199788
4.84 0.00202099
4.85 0.00203768
4.86 0.00204759
4.87 0.00205044
4.88 0.00204601
4.89 0.00203413
4.9 0.00201465
4.91 0.00198753
4.92 0.00195278
4.93 0.00191049
4.94 0.00186078
4.95 0.0018038
4.96 0.00173977
4.97 0.00166895
4.98 0.00159169
4.99 0.00150841
5 0.00141958
5.01 0.0013257
5.02 0.00122723
5.03 0.00112452
5.04 0.00101781
5.05 0.000907226
5.06 0.000792793
5.07 0.000674379
5.08 0.000551763
5.09 0.000424689
5.1 0.000292852
5.11 0.000155918
5.12 1.35915e-05
5.13 -0.00013434
5.14 -0.000287992
5.15 -0.000447334
5.16 -0.000612131
5.17 -0.000781909
5.18 -0.000955986
5.19 -0.00113353
5.2 -0.00131357
5.21 -0.00149498
5.22 -0.00167656
5.23 -0.00185712
5.24 -0.00203549
5.25 -0.00221052
5.26 -0.00238105
5.27 -0.00254584
5.28 -0.00270366
5.29 -0.00285328
5.3 -0.00299353
5.31 -0.00312334
5.32 -0.0032417
5.33 -0.00334783
5.34 -0.00344118
5.35 -0.00352146
5.36 -0.00358863
5.37 -0.00364296
5.38 -0.00368501
5.39 -0.00371552
5.4 -0.00373531
5.41 -0.00374524
5.42 -0.00374616
5.43 -0.00373888
5.44 -0.00372406
5.45 -0.00370221
5.46 -0.00367372
5.47 -0.00363886
5.48 -0.00359787
5.49 -0.00355095
5.5 -0.00349822
5.51 -0.00343975
5.52 -0.00337554
5.53 -0.0033056
5.54 -0.00322995
5.55 -0.00314858
5.56 -0.00306145
5.57 -0.0029686
5.58 -0.00287015
5.59 -0.00276632
5.6 -0.00265737
5.61 -0.00254353
5.62 -0.00242504
5.63 -0.0023021
5.64 -0.00217491
5.65 -0.00204365
5.66 -0.00190853
5.67 -0.00176973
5.68 -0.00162739
5.69 -0.0014816
5.7 -0.00133237
5.71 -0.00117964
5.72 -0.00102326
5.73 -0.000863065
5.74 -0.000698853
5.75 -0.000530429
5.76 -0.000357611
5.77 -0.000180292
5.78 1.51703e-06
5.79 0.000187647
5.8 0.000377738
5.81 0.000571227
5.82 0.000767321
5.83 0.000964982
5.84 0.00116295
5.85 0.00135982
5.86 0.00155407
5.87 0.00174411
5.88 0.00192833
5.89 0.00210513
5.9 0.00227295
5.91 0.00243039
5.92 0.00257616
5.93 0.00270918
5.94 0.00282852
5.95 0.00293348
5.96 0.00302363
5.97 0.00309889
5.98 0.00315952
5.99 0.00320603
6 0.0032392
6.01 0.00325999
6.02 0.00326948
6.03 0.00326878
6.04 0.00325909
6.05 0.00324159
6.06 0.00321747
6.07 0.00318778
6.08 0.0031534
6.09 0.00311503
6.1 0.00307327
6.11 0.00302859
6.12 0.00298133
6.13 0.00293171
6.14 0.00287988
6.15 0.002826
6.16 0.00277029
6.17 0.00271307
6.18 0.00265488
6.19 0.00259643
6.2 0.00253859
6.21 0.00248225
6.22 0.00242838
6.23 0.002378
6.24 0.00233212
6.25 0.0022917
6.26 0.00225765
6.27 0.00223087
6.28 0.00221221
6.29 0.00220254
6.3 0.00220271
6.31 0.00221361
6.32 0.00223615
6.33 0.00227125
6.34 0.00231987
6.35 0.0023829
6.36 0.00246116
6.37 0.00255527
6.38 0.00266545
6.39 0.0027916
6.4 0.00293333
6.41 0.00309005
6.42 0.00326105
6.43 0.00344562
6.44 0.00364309
6.45 0.00385296
6.46 0.00407498
6.47 0.00430905
6.48 0.0045551
6.49 0.00481297
6.5 0.00508229
6.51 0.00536229
6.52 0.00565176
6.53 0.00594907
6.54 0.00625215
6.55 0.00655848
6.56 0.0068651
6.57 0.00716875
6.58 0.007466
6.59 0.00775342
6.6 0.00802777
6.61 0.00828614
6.62 0.00852602
6.63 0.0087453
6.64 0.00894229
6.65 0.00911558
6.66 0.00926388
6.67 0.00938596
6.68 0.00948065
6.69 0.00954683
6.7 0.00958342
6.71 0.00958948
6.72 0.00956415
6.73 0.00950669
6.74 0.00941652
6.75 0.00929324
6.76 0.00913673
6.77 0.0089471
6.78 0.00872471
6.79 0.00847018
6.8 0.00818435
6.81 0.0078682
6.82 0.00752279
6.83 0.00714918
6.84 0.00674842
6.85 0.0063215
6.86 0.00586932
6.87 0.00539274
6.88 0.00489252
6.89 0.0043695
6.9 0.00382461
6.91 0.00325902
6.92 0.00267421
6.93 0.00207196
6.94 0.00145445
6.95 0.000824149
6.96 0.000183786
6.97 -0.000463845
6.98 -0.00111605
6.99 -0.0017704
7 -0.00242474
7.01 -0.00307733
7.02 -0.00372674
7.03 -0.00437176
7.04 -0.00501118
7.05 -0.00564373
7.06 -0.00626785
7.07 -0.00688166
7.08 -0.00748295
7.09 -0.00806916
7.1 -0.00863755
7.11 -0.00918521
7.12 -0.00970929
7.13 -0.0102071
7.14 -0.0106766
7.15 -0.0111159
7.16 -0.0115241
7.17 -0.0119003
7.18 -0.0122443
7.19 -0.012556
7.2 -0.0128354
7.21 -0.0130826
7.22 -0.0132977
7.23 -0.0134805
7.24 -0.0136304
7.25 -0.013747
7.26 -0.0138293
7.27 -0.0138766
7.28 -0.0138881
7.29 -0.0138634
7.3 -0.0138023
7.31 -0.0137051
7.32 -0.0135724
7.33 -0.0134054
7.34 -0.0132053
7.35 -0.0129735
7.36 -0.0127114
7.37 -0.01242
7.38 -0.0121003
7.39 -0.0117529
7.4 -0.0113781
7.41 -0.0109762
7.42 -0.0105472
7.43 -0.0100914
7.44 -0.00960938
7.45 -0.00910194
7.46 -0.00857041
7.47 -0.00801649
7.48 -0.00744233
7.49 -0.00685046
7.5 -0.00624384
7.51 -0.00562576
7.52 -0.00499974
7.53 -0.00436939
7.54 -0.00373829
7.55 -0.00310991
7.56 -0.00248763
7.57 -0.0018748
7.58 -0.00127472
7.59 -0.000690634
7.6 -0.000125758
7.61 0.000416816
7.62 0.00093428
7.63 0.0014243
7.64 0.00188509
7.65 0.00231539
7.66 0.00271451
7.67 0.00308244
7.68 0.00341985
7.69 0.00372807
7.7 0.004009
7.71 0.00426501
7.72 0.00449856
7.73 0.0047119
7.74 0.00490695
7.75 0.00508514
7.76 0.00524747
7.77 0.00539461
7.78 0.00552694
7.79 0.00564459
7.8 0.00574743
7.81 0.00583511
7.82 0.00590711
7.83 0.00596275
7.84 0.00600115
7.85 0.00602137
7.86 0.00602241
7.87 0.00600325
7.88 0.00596295
7.89 0.00590073
7.9 0.00581603
7.91 0.00570856
7.92 0.00557832
7.93 0.00542565
7.94 0.00525123
7.95 0.00505603
7.96 0.00484129
7.97 0.00460848
7.98 0.00435928
7.99 0.00409556
8 0.00381924
8.01 0.00353216
8.02 0.00323608
8.03 0.00293265
8.04 0.00262329
8.05 0.00230919
8.06 0.00199122
8.07 0.00167001
8.08 0.00134604
8.09 0.00101969
8.1 0.000691426
8.11 0.000361902
8.12 3.21117e-05
8.13 -0.000296574
8.14 -0.000622465
8.15 -0.000943584
8.16 -0.0012577
8.17 -0.0015624
8.18 -0.0018552
8.19 -0.00213362
8.2 -0.00239528
8.21 -0.00263798
8.22 -0.00285973
8.23 -0.00305882
8.24 -0.00323374
8.25 -0.0033832
8.26 -0.00350624
8.27 -0.00360218
8.28 -0.00367067
8.29 -0.0037117
8.3 -0.00372567
8.31 -0.00371352
8.32 -0.00367674
8.33 -0.00361749
8.34 -0.00353845
8.35 -0.00344273
8.36 -0.00333371
8.37 -0.00321476
8.38 -0.00308905
8.39 -0.00295937
8.4 -0.00282792
8.41 -0.00269633
8.42 -0.00256569
8.43 -0.00243664
8.44 -0.00230944
8.45 -0.00218388
8.46 -0.00205939
8.47 -0.00193498
8.48 -0.00180936
8.49 -0.00168104
8.5 -0.00154844
8.51 -0.00140998
8.52 -0.0012642
8.53 -0.00110997
8.54 -0.000946573
8.55 -0.000773793
8.56 -0.000591827
8.57 -0.000401175
8.58 -0.000202561
8.59 3.14341e-06
8.6 0.000214989
8.61 0.000432037
8.62 0.000653459
8.63 0.000878654
8.64 0.00110729
8.65 0.00133934
8.66 0.00157506
8.67 0.00181497
8.68 0.00205974
8.69 0.00231008
8.7 0.00256669
8.71 0.00283021
8.72 0.00310121
8.73 0.00338
8.74 0.00366667
8.75 0.00396107
8.76 0.00426273
8.77 0.0045708
8.78 0.00488408
8.79 0.00520102
8.8 0.0055198
8.81 0.00583828
8.82 0.00615411
8.83 0.00646487
8.84 0.0067682
8.85 0.00706194
8.86 0.00734412
8.87 0.00761296
8.88 0.00786686
8.89 0.0081045
8.9 0.00832488
8.91 0.00852731
8.92 0.00871137
8.93 0.00887685
8.94 0.00902363
8.95 0.00915163
8.96 0.00926072
8.97 0.00935076
8.98 0.00942158
8.99 0.00947291
9 0.00950434
9.01 0.00951522
9.02 0.00950469
9.03 0.00947168
9.04 0.00941493
9.05 0.00933314
9.06 0.00922518
9.07 0.00909008
9.08 0.00892715
9.09 0.00873592
9.1 0.00851613
9.11 0.00826765
9.12 0.00799043
9.13 0.00768452
9.14 0.00735009
9.15 0.0069874
9.16 0.00659692
9.17 0.00617945
9.18 0.00573622
9.19 0.00526895
9.2 0.00477988
9.21 0.0042718
9.22 0.0037481
9.23 0.00321269
9.24 0.00266978
9.25 0.0021237
9.26 0.00157859
9.27 0.00103824
9.28 0.000505979
9.29 -1.54293e-05
9.3 -0.000523756
9.31 -0.00101708
9.32 -0.00149364
9.33 -0.00195185
9.34 -0.00239027
9.35 -0.00280757
9.36 -0.00320251
9.37 -0.00357399
9.38 -0.00392102
9.39 -0.00424269
9.4 -0.00453831
9.41 -0.00480746
9.42 -0.00505008
9.43 -0.00526652
9.44 -0.00545761
9.45 -0.00562472
9.46 -0.00576962
9.47 -0.00589433
9.48 -0.00600095
9.49 -0.00609151
9.5 -0.00616776
9.51 -0.00623116
9.52 -0.00628277
9.53 -0.0063233
9.54 -0.00635322
9.55 -0.00637292
9.56 -0.00638282
9.57 -0.00638346
9.58 -0.00637559
9.59 -0.00636027
9.6 -0.00633876
9.61 -0.00631245
9.62 -0.00628272
9.63 -0.00625082
9.64 -0.00621774
9.65 -0.00618411
9.66 -0.00615019
9.67 -0.00611594
9.68 -0.00608095
9.69 -0.00604455
9.7 -0.00600587
9.71 -0.00596403
9.72 -0.0059182
9.73 -0.00586768
9.74 -0.00581196
9.75 -0.00575082
9.76 -0.00568435
9.77 -0.0056129
9.78 -0.00553704
9.79 -0.00545755
9.8 -0.00537544
9.81 -0.00529193
9.82 -0.00520841
9.83 -0.0051264
9.84 -0.00504757
9.85 -0.00497363
9.86 -0.00490633
9.87 -0.00484728
9.88 -0.00479792
9.89 -0.00475949
9.9 -0.00473303
9.91 -0.00471929
9.92 -0.00471862
9.93 -0.00473108
9.94 -0.00475635
9.95 -0.00479383
9.96 -0.00484269
9.97 -0.004902
9.98 -0.00497095
9.99 -0.00504888
10 -0.00513531
10.01 -0.00522997
10.02 -0.00533279
10.03 -0.00544391
10.04 -0.00556364
10.05 -0.00569219
10.06 -0.00582963
10.07 -0.00597581
10.08 -0.00613034
10.09 -0.00629265
10.1 -0.00646197
10.11 -0.00663737
10.12 -0.00681788
10.13 -0.00700266
10.14 -0.00719098
10.15 -0.00738227
10.16 -0.00757606
10.17 -0.00777197
10.18 -0.00796956
10.19 -0.00816827
10.2 -0.00836736
10.21 -0.00856595
10.22 -0.00876302
10.23 -0.00895754
10.24 -0.00914839
10.25 -0.00933448
10.26 -0.00951478
10.27 -0.00968836
10.28 -0.00985442
10.29 -0.0100122
10.3 -0.010161
10.31 -0.0103003
10.32 -0.0104292
10.33 -0.0105471
10.34 -0.0106532
10.35 -0.0107467
10.36 -0.010827
10.37 -0.0108934
10.38 -0.0109453
10.39 -0.0109822
10.4 -0.0110035
10.41 -0.0110086
10.42 -0.0109967
10.43 -0.010967
10.44 -0.0109185
10.45 -0.0108499
10.46 -0.01076
10.47 -0.0106474
10.48 -0.010511
10.49 -0.0103497
10.5 -0.0101631
10.51 -0.00995081
10.52 -0.00971311
10.53 -0.00945053
10.54 -0.00916391
10.55 -0.00885432
10.56 -0.00852291
10.57 -0.00817096
10.58 -0.00779984
10.59 -0.00741099
10.6 -0.00700587
10.61 -0.00658601
10.62 -0.00615301
10.63 -0.00570861
10.64 -0.00525463
10.65 -0.00479305
10.66 -0.00432596
10.67 -0.00385552
10.68 -0.00338389
10.69 -0.00291315
10.7 -0.00244521
10.71 -0.00198174
10.72 -0.00152427
10.73 -0.00107413
10.74 -0.000632546
10.75 -0.000200602
10.76 0.000220688
10.77 0.000630434
10.78 0.00102789
10.79 0.00141244
10.8 0.00178359
10.81 0.00214092
10.82 0.00248408
10.83 0.00281286
10.84 0.00312713
10.85 0.00342677
10.86 0.00371166
10.87 0.00398161
10.88 0.00423635
10.89 0.00447561
10.9 0.00469908
10.91 0.00490648
10.92 0.00509763
10.93 0.00527251
10.94 0.00543139
10.95 0.00557483
10.96 0.00570365
10.97 0.00581888
10.98 0.00592173
10.99 0.00601348
11 0.00609536
11.01 0.0061685
11.02 0.00623395
11.03 0.00629258
11.04 0.00634507
11.05 0.00639194
11.06 0.00643359
11.07 0.00647037
11.08 0.00650254
11.09 0.00653026
11.1 0.00655368
11.11 0.00657298
11.12 0.00658841
11.13 0.00660033
11.14 0.00660912
11.15 0.00661519
11.16 0.00661896
11.17 0.00662101
11.18 0.00662214
11.19 0.00662334
11.2 0.00662581
11.21 0.00663094
11.22 0.00664026
11.23 0.00665538
11.24 0.00667776
11.25 0.00670852
11.26 0.0067483
11.27 0.00679724
11.28 0.00685507
11.29 0.0069212
11.3 0.0069949
11.31 0.00707533
11.32 0.00716164
11.33 0.00725303
11.34 0.00734888
11.35 0.0074489
11.36 0.00755312
11.37 0.00766191
11.38 0.00777572
11.39 0.00789504
11.4 0.00802028
11.41 0.00815175
11.42 0.00828953
11.43 0.00843339
11.44 0.00858284
11.45 0.00873717
11.46 0.00889555
11.47 0.00905717
11.48 0.00922133
11.49 0.00938762
11.5 0.00955596
11.51 0.00972666
11.52 0.00990032
11.53 0.0100778
11.54 0.0102599
11.55 0.0104477
11.56 0.0106419
11.57 0.010843
11.58 0.0110512
11.59 0.0112664
11.6 0.0114883
11.61 0.0117169
11.62 0.0119518
11.63 0.0121927
11.64 0.0124395
11.65 0.012692
11.66 0.0129497
11.67 0.0132124
11.68 0.0134798
11.69 0.0137513
11.7 0.0140265
11.71 0.0143042
11.72 0.0145836
11.73 0.014863
11.74 0.0151407
11.75 0.0154148
11.76 0.0156827
11.77 0.0159415
11.78 0.0161879
11.79 0.0164182
11.8 0.0166284
11.81 0.0168146
11.82 0.0169734
11.83 0.0171018
11.84 0.017197
11.85 0.0172567
11.86 0.0172792
11.87 0.0172628
11.88 0.0172059
11.89 0.0171075
11.9 0.0169663
11.91 0.0167816
11.92 0.0165527
11.93 0.0162792
11.94 0.015961
11.95 0.015598
11.96 0.0151904
11.97 0.0147386
11.98 0.0142431
11.99 0.0137049
12 0.0131252
12.01 0.0125056
12.02 0.0118479
12.03 0.0111544
12.04 0.0104276
12.05 0.00967054
12.06 0.00888635
12.07 0.0080783
12.08 0.00724965
12.09 0.00640349
12.1 0.00554266
12.11 0.00466977
12.12 0.00378719
12.13 0.00289696
12.14 0.00200078
12.15 0.0011
12.16 0.000195724
12.17 -0.000711128
12.18 -0.00161967
12.19 -0.00252903
12.2 -0.00343838
12.21 -0.00434687
12.22 -0.0052535
12.23 -0.00615717
12.24 -0.00705674
12.25 -0.00795106
12.26 -0.00883879
12.27 -0.00971847
12.28 -0.0105885
12.29 -0.0114471
12.3 -0.0122926
12.31 -0.013123
12.32 -0.0139362
12.33 -0.0147298
12.34 -0.0155014
12.35 -0.0162482
12.36 -0.0169677
12.37 -0.0176568
12.38 -0.0183124
12.39 -0.0189316
12.4 -0.019511
12.41 -0.0200477
12.42 -0.0205385
12.43 -0.0209809
12.44 -0.0213727
12.45 -0.0217126
12.46 -0.0219993
12.47 -0.0222318
12.48 -0.0224087
12.49 -0.0225281
12.5 -0.0225877
12.51 -0.0225848
12.52 -0.0225164
12.53 -0.0223792
12.54 -0.0221699
12.55 -0.0218858
12.56 -0.0215242
12.57 -0.0210834
12.58 -0.0205617
12.59 -0.0199582
12.6 -0.0192722
12.61 -0.018503
12.62 -0.0176507
12.63 -0.0167155
12.64 -0.0156985
12.65 -0.0146011
12.66 -0.0134252
12.67 -0.0121732
12.68 -0.0108482
12.69 -0.00945379
12.7 -0.00799446
12.71 -0.00647502
12.72 -0.00490068
12.73 -0.00327698
12.74 -0.00160966
12.75 9.54358e-05
12.76 0.0018324
12.77 0.00359536
12.78 0.00537849
12.79 0.00717601
12.8 0.00898215
12.81 0.0107911
12.82 0.0125972
12.83 0.0143943
12.84 0.0161765
12.85 0.017938
12.86 0.019673
12.87 0.0213777
12.88 0.0230507
12.89 0.0246923
12.9 0.0263024
12.91 0.0278811
12.92 0.0294286
12.93 0.0309451
12.94 0.0324307
12.95 0.0338854
12.96 0.035309
12.97 0.0367014
12.98 0.0380622
12.99 0.039391
13 0.0406874
13.01 0.0419512
13.02 0.0431821
13.03 0.0443803
13.04 0.0455459
13.05 0.0466792
13.06 0.0477804
13.07 0.0488496
13.08 0.0498867
13.09 0.0508913
13.1 0.0518628
13.11 0.0528002
13.12 0.0537024
13.13 0.0545684
13.14 0.0553968
13.15 0.0561869
13.16 0.0569378
13.17 0.057649
13.18 0.0583201
13.19 0.0589512
13.2 0.0595422
13.21 0.0600933
13.22 0.0606044
13.23 0.0610757
13.24 0.0615071
13.25 0.0618986
13.26 0.06225
13.27 0.0625612
13.28 0.0628317
13.29 0.0630612
13.3 0.063249
13.31 0.0633945
13.32 0.0634968
13.33 0.0635546
13.34 0.0635669
13.35 0.0635322
13.36 0.0634495
13.37 0.0633178
13.38 0.0631366
13.39 0.0629055
13.4 0.0626244
13.41 0.0622937
13.42 0.061914
13.43 0.0614864
13.44 0.0610123
13.45 0.0604934
13.46 0.0599318
13.47 0.0593301
13.48 0.0586908
13.49 0.058017
13.5 0.0573118
13.51 0.0565784
13.52 0.0558202
13.53 0.0550409
13.54 0.054244
13.55 0.0534335
13.56 0.0526131
13.57 0.0517869
13.58 0.0509588
13.59 0.0501322
13.6 0.0493107
13.61 0.0484974
13.62 0.0476954
13.63 0.0469077
13.64 0.0461372
13.65 0.0453868
13.66 0.0446593
13.67 0.0439572
13.68 0.0432833
13.69 0.0426398
13.7 0.0420288
13.71 0.0414522
13.72 0.0409113
13.73 0.0404076
13.74 0.0399418
13.75 0.0395146
13.76 0.0391259
13.77 0.0387754
13.78 0.0384623
13.79 0.0381852
13.8 0.0379421
13.81 0.0377306
13.82 0.0375477
13.83 0.0373902
13.84 0.0372549
13.85 0.0371396
13.86 0.0370425
13.87 0.0369623
13.88 0.036898
13.89 0.0368484
13.9 0.0368125
13.91 0.0367889
13.92 0.0367765
13.93 0.0367741
13.94 0.0367803
13.95 0.0367938
13.96 0.0368133
13.97 0.0368374
13.98 0.0368649
13.99 0.0368946
14 0.036925
14.01 0.0369547
14.02 0.0369824
14.03 0.0370066
14.04 0.0370261
14.05 0.0370395
14.06 0.0370456
14.07 0.0370432
14.08 0.0370308
14.09 0.0370067
14.1 0.0369693
14.11 0.0369164
14.12 0.0368457
14.13 0.0367547
14.14 0.0366406
14.15 0.0365003
14.16 0.0363305
14.17 0.0361278
14.18 0.035889
14.19 0.035611
14.2 0.0352908
14.21 0.0349258
14.22 0.0345133
14.23 0.0340508
14.24 0.0335357
14.25 0.0329657
14.26 0.0323384
14.27 0.0316515
14.28 0.0309029
14.29 0.0300912
14.3 0.0292149
14.31 0.0282733
14.32 0.0272662
14.33 0.0261941
14.34 0.0250577
14.35 0.0238584
14.36 0.0225974
14.37 0.0212759
14.38 0.019894
14.39 0.0184492
14.4 0.0169385
14.41 0.0153593
14.42 0.0137088
14.43 0.0119846
14.44 0.0101845
14.45 0.0083065
14.46 0.00634946
14.47 0.00431257
14.48 0.00219538
14.49 -2.31886e-06
14.5 -0.0022806
14.51 -0.00463954
14.52 -0.0070793
14.53 -0.00960014
14.54 -0.0122025
14.55 -0.0148868
14.56 -0.0176536
14.57 -0.0205035
14.58 -0.0234372
14.59 -0.0264551
14.6 -0.0295576
14.61 -0.0327451
14.62 -0.0360171
14.63 -0.0393727
14.64 -0.0428103
14.65 -0.0463273
14.66 -0.0499204
14.67 -0.0535856
14.68 -0.0573184
14.69 -0.0611147
14.7 -0.0649705
14.71 -0.068882
14.72 -0.0728456
14.73 -0.0768567
14.74 -0.08091
14.75 -0.084999
14.76 -0.0891167
14.77 -0.0932562
14.78 -0.0974104
14.79 -0.101573
14.8 -0.105736
14.81 -0.109894
14.82 -0.11404
14.83 -0.118166
14.84 -0.122267
14.85 -0.126335
14.86 -0.130365
14.87 -0.13435
14.88 -0.138283
14.89 -0.142159
14.9 -0.14597
14.91 -0.14971
14.92 -0.153372
14.93 -0.15695
14.94 -0.160436
14.95 -0.163823
14.96 -0.167106
14.97 -0.170278
14.98 -0.173332
14.99 -0.176264
15 -0.179071
15.01 -0.18175
15.02 -0.184301
15.03 -0.186725
15.04 -0.189024
15.05 -0.1912
15.06 -0.193256
15.07 -0.195197
15.08 -0.197028
15.09 -0.198752
15.1 -0.200376
15.11 -0.201904
15.12 -0.203339
15.13 -0.204689
15.14 -0.205956
15.15 -0.207147
15.16 -0.208265
15.17 -0.209314
15.18 -0.2103
15.19 -0.211223
15.2 -0.212088
15.21 -0.212897
15.22 -0.213652
15.23 -0.214357
15.24 -0.215015
15.25 -0.215628
15.26 -0.216202
15.27 -0.21674
15.28 -0.217247
15.29 -0.217727
15.3 -0.218186
15.31 -0.218628
15.32 -0.219054
15.33 -0.219469
15.34 -0.219873
15.35 -0.220271
15.36 -0.220663
15.37 -0.221053
15.38 -0.221444
15.39 -0.221837
15.4 -0.222235
15.41 -0.222641
15.42 -0.223056
15.43 -0.22348
15.44 -0.223916
15.45 -0.224362
15.46 -0.224819
15.47 -0.225286
15.48 -0.225762
15.49 -0.226244
15.5 -0.226728
15.51 -0.227211
15.52 -0.227688
15.53 -0.228153
15.54 -0.228601
15.55 -0.229027
15.56 -0.229426
15.57 -0.229791
15.58 -0.230119
15.59 -0.230403
15.6 -0.230639
15.61 -0.230821
15.62 -0.230944
15.63 -0.231002
15.64 -0.230992
15.65 -0.230907
15.66 -0.230742
15.67 -0.230493
15.68 -0.230155
15.69 -0.229724
15.7 -0.229196
15.71 -0.228568
15.72 -0.227836
15.73 -0.226998
15.74 -0.22605
15.75 -0.22499
15.76 -0.223816
15.77 -0.222525
15.78 -0.221116
15.79 -0.219588
15.8 -0.21794
15.81 -0.216172
15.82 -0.214284
15.83 -0.212278
15.84 -0.210154
15.85 -0.207916
15.86 -0.205566
15.87 -0.203108
15.88 -0.200545
15.89 -0.197884
15.9 -0.195127
15.91 -0.192281
15.92 -0.189351
15.93 -0.186342
15.94 -0.183253
15.95 -0.180083
15.96 -0.176829
15.97 -0.173492
15.98 -0.170069
15.99 -0.166561
16 -0.162967
16.01 -0.159289
16.02 -0.155528
16.03 -0.151686
16.04 -0.147767
16.05 -0.143774
16.06 -0.139713
16.07 -0.135589
16.08 -0.131407
16.09 -0.127173
16.1 -0.122891
16.11 -0.118566
16.12 -0.114203
16.13 -0.109808
16.14 -0.105386
16.15 -0.100941
16.16 -0.0964788
16.17 -0.0920052
16.18 -0.0875253
16.19 -0.0830446
16.2 -0.0785685
16.21 -0.0741022
16.22 -0.0696508
16.23 -0.0652185
16.24 -0.0608092
16.25 -0.0564259
16.26 -0.0520706
16.27 -0.0477448
16.28 -0.0434494
16.29 -0.039185
16.3 -0.034952
16.31 -0.0307507
16.32 -0.0265811
16.33 -0.0224432
16.34 -0.0183368
16.35 -0.0142616
16.36 -0.0102173
16.37 -0.00620338
16.38 -0.00221957
16.39 0.00173468
16.4 0.00566001
16.41 0.00955711
16.42 0.0134266
16.43 0.0172692
16.44 0.0210851
16.45 0.024875
16.46 0.0286392
16.47 0.032378
16.48 0.0360919
16.49 0.0397813
16.5 0.0434464
16.51 0.0470875
16.52 0.0507048
16.53 0.0542987
16.54 0.0578694
16.55 0.0614174
16.56 0.0649428
16.57 0.0684457
16.58 0.0719261
16.59 0.0753839
16.6 0.0788188
16.61 0.0822301
16.62 0.085617
16.63 0.0889784
16.64 0.0923127
16.65 0.0956181
16.66 0.0988924
16.67 0.102133
16.68 0.105337
16.69 0.108501
16.7 0.111621
16.71 0.114694
16.72 0.117717
16.73 0.120686
16.74 0.1236
16.75 0.126457
16.76 0.129255
16.77 0.131993
16.78 0.13467
16.79 0.137287
16.8 0.139841
16.81 0.142333
16.82 0.144763
16.83 0.147131
16.84 0.149437
16.85 0.151682
16.86 0.153864
16.87 0.155984
16.88 0.158043
16.89 0.160039
16.9 0.161973
16.91 0.163844
16.92 0.16565
16.93 0.167392
16.94 0.169068
16.95 0.170679
16.96 0.172223
16.97 0.173701
16.98 0.175112
16.99 0.176455
17 0.177732
17.01 0.178941
17.02 0.180083
17.03 0.181158
17.04 0.182166
17.05 0.183106
17.06 0.183979
17.07 0.184785
17.08 0.185523
17.09 0.186193
17.1 0.186795
17.11 0.18733
17.12 0.187797
17.13 0.188197
17.14 0.188528
17.15 0.188792
17.16 0.188987
17.17 0.189115
17.18 0.189175
17.19 0.189167
17.2 0.189091
17.21 0.188948
17.22 0.188737
17.23 0.18846
17.24 0.188118
17.25 0.187711
17.26 0.18724
17.27 0.186706
17.28 0.186111
17.29 0.185456
17.3 0.184742
17.31 0.18397
17.32 0.183143
17.33 0.182261
17.34 0.181326
17.35 0.180342
17.36 0.179308
17.37 0.178226
17.38 0.177099
17.39 0.175925
17.4 0.174707
17.41 0.173444
17.42 0.172136
17.43 0.170784
17.44 0.169386
17.45 0.167943
17.46 0.166458
17.47 0.16493
17.48 0.163364
17.49 0.161761
17.5 0.160124
17.51 0.158458
17.52 0.156764
17.53 0.155046
17.54 0.153308
17.55 0.151552
17.56 0.149782
17.57 0.148002
17.58 0.146215
17.59 0.144425
17.6 0.142629
17.61 0.140828
17.62 0.139022
17.63 0.137212
17.64 0.1354
17.65 0.133588
17.66 0.131777
17.67 0.12997
17.68 0.128171
17.69 0.12638
17.7 0.124602
17.71 0.122838
17.72 0.121091
17.73 0.119363
17.74 0.117654
17.75 0.115968
17.76 0.114304
17.77 0.112665
17.78 0.111054
17.79 0.109473
17.8 0.107925
17.81 0.106414
17.82 0.104943
17.83 0.103515
17.84 0.102134
17.85 0.100803
17.86 0.0995247
17.87 0.0983032
17.88 0.0971408
17.89 0.0960401
17.9 0.095003
17.91 0.0940309
17.92 0.0931248
17.93 0.0922854
17.94 0.0915129
17.95 0.0908077
17.96 0.0901698
17.97 0.0895992
17.98 0.0890956
17.99 0.0886586
18 0.0882879
18.01 0.0879829
18.02 0.0877432
18.03 0.0875684
18.04 0.0874581
18.05 0.0874118
18.06 0.0874294
18.07 0.0875105
18.08 0.0876547
18.09 0.0878613
18.1 0.0881293
18.11 0.0884576
18.12 0.0888449
18.13 0.08929
18.14 0.0897912
18.15 0.0903473
18.16 0.0909567
18.17 0.0916181
18.18 0.0923301
18.19 0.0930914
18.2 0.0939008
18.21 0.094757
18.22 0.0956586
18.23 0.0966042
18.24 0.097592
18.25 0.0986201
18.26 0.0996864
18.27 0.100789
18.28 0.101924
18.29 0.103091
18.3 0.104287
18.31 0.10551
18.32 0.106756
18.33 0.108024
18.34 0.109311
18.35 0.110615
18.36 0.111933
18.37 0.113262
18.38 0.114598
18.39 0.115939
18.4 0.117282
18.41 0.118623
18.42 0.11996
18.43 0.121291
18.44 0.122613
18.45 0.123924
18.46 0.125223
18.47 0.126509
18.48 0.127779
18.49 0.129033
18.5 0.13027
18.51 0.13149
18.52 0.132695
18.53 0.133889
18.54 0.135073
18.55 0.136247
18.56 0.137414
18.57 0.138573
18.58 0.139726
18.59 0.140873
18.6 0.142015
18.61 0.143152
18.62 0.144286
18.63 0.145417
18.64 0.146546
18.65 0.147673
18.66 0.1488
18.67 0.149927
18.68 0.151053
18.69 0.152177
18.7 0.153298
18.71 0.154414
18.72 0.15552
18.73 0.156614
18.74 0.15769
18.75 0.158743
18.76 0.15977
18.77 0.160767
18.78 0.161728
18.79 0.16265
18.8 0.163528
18.81 0.164359
18.82 0.165137
18.83 0.165859
18.84 0.16652
18.85 0.167115
18.86 0.167639
18.87 0.16809
18.88 0.16846
18.89 0.168747
18.9 0.168947
18.91 0.169055
18.92 0.169069
18.93 0.168986
18.94 0.168805
18.95 0.168525
18.96 0.168146
18.97 0.167667
18.98 0.167088
18.99 0.166409
19 0.16563
19.01 0.164752
19.02 0.163773
19.03 0.162693
19.04 0.161514
19.05 0.160234
19.06 0.158855
19.07 0.157378
19.08 0.155806
19.09 0.154141
19.1 0.152386
19.11 0.150546
19.12 0.148623
19.13 0.146621
19.14 0.144543
19.15 0.142394
19.16 0.140177
19.17 0.137897
19.18 0.135559
19.19 0.133169
19.2 0.130735
19.21 0.128265
19.22 0.125767
19.23 0.123248
19.24 0.12071
19.25 0.118155
19.26 0.115585
19.27 0.113002
19.28 0.110405
19.29 0.107795
19.3 0.105174
19.31 0.102541
19.32 0.0998985
19.33 0.097247
19.34 0.0945888
19.35 0.0919262
19.36 0.089262
19.37 0.0865994
19.38 0.0839416
19.39 0.0812916
19.4 0.0786526
19.41 0.0760274
19.42 0.0734193
19.43 0.0708311
19.44 0.0682659
19.45 0.0657268
19.46 0.0632166
19.47 0.0607383
19.48 0.0582948
19.49 0.055889
19.5 0.0535235
19.51 0.0512007
19.52 0.0489229
19.53 0.0466922
19.54 0.0445105
19.55 0.0423792
19.56 0.040299
19.57 0.0382705
19.58 0.0362939
19.59 0.0343693
19.6 0.0324967
19.61 0.0306759
19.62 0.0289065
19.63 0.0271884
19.64 0.025521
19.65 0.0239039
19.66 0.0223368
19.67 0.0208189
19.68 0.0193497
19.69 0.0179285
19.7 0.0165544
19.71 0.0152262
19.72 0.0139431
19.73 0.0127038
19.74 0.0115073
19.75 0.0103527
19.76 0.00923936
19.77 0.00816684
19.78 0.00713493
19.79 0.00614346
19.8 0.00519232
19.81 0.00428135
19.82 0.00341034
19.83 0.00257897
19.84 0.0017868
19.85 0.00103322
19.86 0.000317421
19.87 -0.000361543
19.88 -0.00100472
19.89 -0.00161313
19.9 -0.00218776
19.91 -0.00272942
19.92 -0.00323877
19.93 -0.00371624
19.94 -0.00416216
19.95 -0.00457692
19.96 -0.00496099
19.97 -0.005315
19.98 -0.00563978
19.99 -0.0059364
20 -0.0062061
20.01 -0.00645021
20.02 -0.0066701
20.03 -0.00686702
20.04 -0.00704181
20.05 -0.00719481
20.06 -0.0073259
20.07 -0.00743445
20.08 -0.00751939
20.09 -0.00757918
20.1 -0.00761181
20.11 -0.00761493
20.12 -0.00758609
20.13 -0.00752299
20.14 -0.0074235
20.15 -0.00728567
20.16 -0.00710764
20.17 -0.0068878
20.18 -0.00662487
20.19 -0.00631794
20.2 -0.00596648
20.21 -0.0055704
20.22 -0.00512996
20.23 -0.00464557
20.24 -0.0041177
20.25 -0.00354694
20.26 -0.0029341
20.27 -0.00228027
20.28 -0.00158682
20.29 -0.000855445
20.3 -8.81352e-05
20.31 0.000712821
20.32 0.00154489
20.33 0.00240532
20.34 0.00329123
20.35 0.00419969
20.36 0.00512779
20.37 0.00607282
20.38 0.00703234
20.39 0.0080043
20.4 0.00898698
20.41 0.00997906
20.42 0.0109795
20.43 0.0119874
20.44 0.0130023
20.45 0.0140233
20.46 0.0150496
20.47 0.0160806
20.48 0.0171154
20.49 0.0181533
20.5 0.0191937
20.51 0.020236
20.52 0.0212795
20.53 0.0223236
20.54 0.023368
20.55 0.024412
20.56 0.025455
20.57 0.0264965
20.58 0.0275352
20.59 0.0285699
20.6 0.0295986
20.61 0.0306188
20.62 0.031628
20.63 0.0326231
20.64 0.0336014
20.65 0.0345599
20.66 0.0354966
20.67 0.0364114
20.68 0.0373042
20.69 0.0381751
20.7 0.0390241
20.71 0.0398514
20.72 0.0406573
20.73 0.0414422
20.74 0.0422063
20.75 0.04295
20.76 0.0436736
20.77 0.0443773
20.78 0.0450616
20.79 0.0457274
20.8 0.0463754
20.81 0.0470073
20.82 0.0476246
20.83 0.0482297
20.84 0.0488249
20.85 0.0494126
20.86 0.0499949
20.87 0.0505736
20.88 0.0511504
20.89 0.0517264
20.9 0.0523025
20.91 0.0528793
20.92 0.0534574
20.93 0.0540373
20.94 0.0546196
20.95 0.0552045
20.96 0.0557925
20.97 0.0563834
20.98 0.0569769
20.99 0.0575724
21 0.0581688
21.01 0.0587648
21.02 0.0593584
21.03 0.0599474
21.04 0.0605293
21.05 0.0611017
21.06 0.0616621
21.07 0.0622082
21.08 0.0627375
21.09 0.0632476
21.1 0.0637364
21.11 0.0642015
21.12 0.0646412
21.13 0.065054
21.14 0.0654386
21.15 0.0657943
21.16 0.0661201
21.17 0.0664153
21.18 0.0666791
21.19 0.0669109
21.2 0.0671099
21.21 0.0672755
21.22 0.0674069
21.23 0.0675033
21.24 0.0675643
21.25 0.0675892
21.26 0.0675776
21.27 0.0675294
21.28 0.0674447
21.29 0.0673242
21.3 0.0671684
21.31 0.0669784
21.32 0.0667551
21.33 0.0664995
21.34 0.0662123
21.35 0.0658945
21.36 0.0655465
21.37 0.0651689
21.38 0.064762
21.39 0.0643259
21.4 0.0638605
21.41 0.0633657
21.42 0.0628412
21.43 0.0622866
21.44 0.0617019
21.45 0.0610871
21.46 0.0604423
21.47 0.059768
21.48 0.0590648
21.49 0.0583336
21.5 0.0575751
21.51 0.0567903
21.52 0.05598
21.53 0.0551454
21.54 0.0542877
21.55 0.053408
21.56 0.0525078
21.57 0.0515883
21.58 0.0506506
21.59 0.0496958
21.6 0.0487247
21.61 0.0477383
21.62 0.0467375
21.63 0.0457235
21.64 0.0446977
21.65 0.0436618
21.66 0.0426182
21.67 0.0415692
21.68 0.0405174
21.69 0.0394656
21.7 0.0384166
21.71 0.0373731
21.72 0.0363378
21.73 0.0353133
21.74 0.0343024
21.75 0.0333082
21.76 0.0323336
21.77 0.0313819
21.78 0.0304565
21.79 0.0295609
21.8 0.0286984
21.81 0.0278723
21.82 0.0270852
21.83 0.0263396
21.84 0.0256375
21.85 0.0249798
21.86 0.0243663
21.87 0.023796
21.88 0.023268
21.89 0.022781
21.9 0.0223341
21.91 0.0219259
21.92 0.0215556
21.93 0.0212223
21.94 0.0209252
21.95 0.0206641
21.96 0.0204384
21.97 0.0202474
21.98 0.0200904
21.99 0.0199662
22 0.0198731
22.01 0.0198092
22.02 0.0197722
22.03 0.0197597
22.04 0.0197694
22.05 0.0197993
22.06 0.019848
22.07 0.0199146
22.08 0.019999
22.09 0.0201011
22.1 0.0202211
22.11 0.0203594
22.12 0.0205164
22.13 0.0206925
22.14 0.020888
22.15 0.0211032
22.16 0.0213381
22.17 0.0215922
22.18 0.0218653
22.19 0.0221567
22.2 0.0224658
22.21 0.0227919
22.22 0.0231348
22.23 0.023494
22.24 0.0238694
22.25 0.0242609
22.26 0.0246685
22.27 0.0250921
22.28 0.0255313
22.29 0.0259859
22.3 0.0264551
22.31 0.0269379
22.32 0.0274326
22.33 0.0279376
22.34 0.0284507
22.35 0.0289698
22.36 0.0294923
22.37 0.0300162
22.38 0.030539
22.39 0.0310588
22.4 0.0315736
22.41 0.0320817
22.42 0.0325816
22.43 0.033072
22.44 0.0335518
22.45 0.0340198
22.46 0.0344754
22.47 0.0349182
22.48 0.0353478
22.49 0.0357646
22.5 0.0361687
22.51 0.0365609
22.52 0.0369421
22.53 0.0373136
22.54 0.0376767
22.55 0.0380328
22.56 0.0383834
22.57 0.03873
22.58 0.0390743
22.59 0.0394179
22.6 0.0397624
22.61 0.0401095
22.62 0.0404608
22.63 0.0408178
22.64 0.0411817
22.65 0.0415536
22.66 0.0419341
22.67 0.0423238
22.68 0.0427227
22.69 0.0431305
22.7 0.0435469
22.71 0.0439718
22.72 0.0444052
22.73 0.0448469
22.74 0.0452969
22.75 0.0457554
22.76 0.0462222
22.77 0.0466971
22.78 0.04718
22.79 0.0476703
22.8 0.0481676
22.81 0.0486713
22.82 0.0491808
22.83 0.0496955
22.84 0.0502148
22.85 0.0507379
22.86 0.0512638
22.87 0.0517919
22.88 0.0523209
22.89 0.0528499
22.9 0.0533776
22.91 0.0539024
22.92 0.0544227
22.93 0.0549367
22.94 0.0554425
22.95 0.0559377
22.96 0.0564203
22.97 0.0568877
22.98 0.0573376
22.99 0.0577679
23 0.058177
23.01 0.0585638
23.02 0.0589276
23.03 0.059268
23.04 0.0595848
23.05 0.0598782
23.06 0.0601485
23.07 0.0603957
23.08 0.0606199
23.09 0.0608207
23.1 0.0609977
23.11 0.0611503
23.12 0.061278
23.13 0.0613802
23.14 0.0614568
23.15 0.0615074
23.16 0.0615319
23.17 0.0615302
23.18 0.0615025
23.19 0.0614488
23.2 0.0613697
23.21 0.0612657
23.22 0.0611372
23.23 0.060985
23.24 0.0608095
23.25 0.0606116
23.26 0.0603918
23.27 0.0601511
23.28 0.0598902
23.29 0.0596103
23.3 0.0593126
23.31 0.0589984
23.32 0.0586693
23.33 0.0583266
23.34 0.0579718
23.35 0.0576062
23.36 0.0572313
23.37 0.0568481
23.38 0.0564576
23.39 0.0560609
23.4 0.0556584
23.41 0.0552507
23.42 0.0548378
23.43 0.0544197
23.44 0.0539963
23.45 0.0535672
23.46 0.053132
23.47 0.0526903
23.48 0.052242
23.49 0.0517874
23.5 0.051327
23.51 0.0508612
23.52 0.050391
23.53 0.049917
23.54 0.0494401
23.55 0.0489612
23.56 0.0484813
23.57 0.0480013
23.58 0.0475223
23.59 0.0470457
23.6 0.0465725
23.61 0.0461042
23.62 0.045642
23.63 0.0451873
23.64 0.0447416
23.65 0.0443064
23.66 0.0438833
23.67 0.0434737
23.68 0.0430789
23.69 0.0427001
23.7 0.0423381
23.71 0.0419936
23.72 0.0416672
23.73 0.041359
23.74 0.0410691
23.75 0.0407973
23.76 0.0405429
23.77 0.0403049
23.78 0.0400819
23.79 0.039872
23.8 0.0396733
23.81 0.0394834
23.82 0.0393001
23.83 0.0391213
23.84 0.038945
23.85 0.038769
23.86 0.0385914
23.87 0.0384103
23.88 0.0382237
23.89 0.0380297
23.9 0.0378266
23.91 0.0376121
23.92 0.0373842
23.93 0.0371405
23.94 0.036879
23.95 0.0365977
23.96 0.0362949
23.97 0.0359691
23.98 0.0356194
23.99 0.0352454
24 0.0348474
24.01 0.0344261
24.02 0.0339826
24.03 0.0335185
24.04 0.033036
24.05 0.0325377
24.06 0.0320272
24.07 0.0315083
24.08 0.0309854
24.09 0.0304629
24.1 0.0299451
24.11 0.0294361
24.12 0.0289395
24.13 0.0284588
24.14 0.0279966
24.15 0.027555
24.16 0.0271356
24.17 0.0267392
24.18 0.0263668
24.19 0.026019
24.2 0.0256962
24.21 0.0253989
24.22 0.0251271
24.23 0.0248808
24.24 0.0246598
24.25 0.0244638
24.26 0.0242923
24.27 0.0241446
24.28 0.0240196
24.29 0.0239163
24.3 0.0238331
24.31 0.0237683
24.32 0.0237199
24.33 0.0236863
24.34 0.0236663
24.35 0.0236589
24.36 0.0236641
24.37 0.0236817
24.38 0.0237122
24.39 0.0237558
24.4 0.0238133
24.41 0.023885
24.42 0.0239715
24.43 0.024073
24.44 0.0241894
24.45 0.0243207
24.46 0.0244667
24.47 0.0246272
24.48 0.0248019
24.49 0.0249908
24.5 0.0251937
24.51 0.0254106
24.52 0.0256412
24.53 0.0258854
24.54 0.0261428
24.55 0.0264127
24.56 0.0266946
24.57 0.0269876
24.58 0.0272907
24.59 0.0276026
24.6 0.027922
24.61 0.0282477
24.62 0.0285782
24.63 0.0289123
24.64 0.0292487
24.65 0.0295863
24.66 0.0299241
24.67 0.0302614
24.68 0.030598
24.69 0.0309334
24.7 0.0312677
24.71 0.0316011
24.72 0.0319338
24.73 0.0322661
24.74 0.0325981
24.75 0.0329303
24.76 0.0332631
24.77 0.0335971
24.78 0.0339325
24.79 0.0342696
24.8 0.0346084
24.81 0.034949
24.82 0.035291
24.83 0.035634
24.84 0.0359773
24.85 0.0363202
24.86 0.0366618
24.87 0.0370011
24.88 0.0373371
24.89 0.0376685
24.9 0.0379939
24.91 0.0383116
24.92 0.0386198
24.93 0.0389167
24.94 0.0392001
24.95 0.0394682
24.96 0.0397191
24.97 0.0399507
24.98 0.0401612
24.99 0.040349
25 0.0405125
