0.01 3.17431e-09
0.02 1.52901e-08
0.03 3.77553e-08
0.04 6.82152e-08
0.05 1.04354e-07
0.06 1.43918e-07
0.07 1.84736e-07
0.08 2.24719e-07
0.09 2.6184e-07
0.1 2.94142e-07
0.11 3.19758e-07
0.12 3.36911e-07
0.13 3.43883e-07
0.14 3.38959e-07
0.15 3.20413e-07
0.16 2.86569e-07
0.17 2.35853e-07
0.18 1.66803e-07
0.19 7.80839e-08
0.2 -3.14997e-08
0.21 -1.62994e-07
0.22 -3.17289e-07
0.23 -4.95126e-07
0.24 -6.97113e-07
0.25 -9.2376e-07
0.26 -1.17553e-06
0.27 -1.4529e-06
0.28 -1.75619e-06
0.29 -2.08534e-06
0.3 -2.4398e-06
0.31 -2.81845e-06
0.32 -3.21962e-06
0.33 -3.64085e-06
0.34 -4.07879e-06
0.35 -4.52953e-06
0.36 -4.98876e-06
0.37 -5.45197e-06
0.38 -5.91499e-06
0.39 -6.37478e-06
0.4 -6.83003e-06
0.41 -7.28151e-06
0.42 -7.73156e-06
0.43 -8.18353e-06
0.44 -8.64181e-06
0.45 -9.11171e-06
0.46 -9.59899e-06
0.47 -1.01094e-05
0.48 -1.0648e-05
0.49 -1.12192e-05
0.5 -1.18263e-05
0.51 -1.24721e-05
0.52 -1.31587e-05
0.53 -1.38874e-05
0.54 -1.4659e-05
0.55 -1.54741e-05
0.56 -1.63323e-05
0.57 -1.72331e-05
0.58 -1.81757e-05
0.59 -1.91593e-05
0.6 -2.01828e-05
0.61 -2.12449e-05
0.62 -2.23443e-05
0.63 -2.34792e-05
0.64 -2.46479e-05
0.65 -2.58488e-05
0.66 -2.70802e-05
0.67 -2.83408e-05
0.68 -2.96293e-05
0.69 -3.0945e-05
0.7 -3.2287e-05
0.71 -3.3654e-05
0.72 -3.50442e-05
0.73 -3.64543e-05
0.74 -3.78787e-05
0.75 -3.93095e-05
0.76 -4.07355e-05
0.77 -4.21433e-05
0.78 -4.35177e-05
0.79 -4.48447e-05
0.8 -4.61125e-05
0.81 -4.73125e-05
0.82 -4.84386e-05
0.83 -4.94864e-05
0.84 -5.04539e-05
0.85 -5.13424e-05
0.86 -5.21562e-05
0.87 -5.28986e-05
0.88 -5.35682e-05
0.89 -5.41579e-05
0.9 -5.46578e-05
0.91 -5.50562e-05
0.92 -5.53415e-05
0.93 -5.55038e-05
0.94 -5.55381e-05
0.95 -5.54448e-05
0.96 -5.52312e-05
0.97 -5.491e-05
0.98 -5.44948e-05
0.99 -5.39949e-05
1 -5.34132e-05
1.01 -5.27471e-05
1.02 -5.19884e-05
1.03 -5.11242e-05
1.04 -5.01393e-05
1.05 -4.90189e-05
1.06 -4.77514e-05
1.07 -4.63303e-05
1.08 -4.47529e-05
1.09 -4.30173e-05
1.1 -4.11213e-05
1.11 -3.90647e-05
1.12 -3.68472e-05
1.13 -3.4467e-05
1.14 -3.19214e-05
1.15 -2.9208e-05
1.16 -2.6327e-05
1.17 -2.3283e-05
1.18 -2.00879e-05
1.19 -1.67587e-05
1.2 -1.33145e-05
1.21 -9.77756e-06
1.22 -6.17491e-06
1.23 -2.53528e-06
1.24 1.11636e-06
1.25 4.76671e-06
1.26 8.41874e-06
1.27 1.20869e-05
1.28 1.57873e-05
1.29 1.95356e-05
1.3 2.33453e-05
1.31 2.72235e-05
1.32 3.11683e-05
1.33 3.51712e-05
1.34 3.92227e-05
1.35 4.33158e-05
1.36 4.74462e-05
1.37 5.16121e-05
1.38 5.58141e-05
1.39 6.00534e-05
1.4 6.433e-05
1.41 6.86395e-05
1.42 7.29696e-05
1.43 7.72955e-05
1.44 8.15765e-05
1.45 8.57536e-05
1.46 8.97516e-05
1.47 9.34853e-05
1.48 9.68668e-05
1.49 9.98067e-05
1.5 0.000102218
1.51 0.000104019
1.52 0.000105139
1.53 0.000105523
1.54 0.00010514
1.55 0.000103992
1.56 0.000102115
1.57 9.95694e-05
1.58 9.64331e-05
1.59 9.27929e-05
1.6 8.87332e-05
1.61 8.43286e-05
1.62 7.96468e-05
1.63 7.47477e-05
1.64 6.96834e-05
1.65 6.44989e-05
1.66 5.92294e-05
1.67 5.38987e-05
1.68 4.85211e-05
1.69 4.31073e-05
1.7 3.7668e-05
1.71 3.2214e-05
1.72 2.67564e-05
1.73 2.13095e-05
1.74 1.58936e-05
1.75 1.0539e-05
1.76 5.28174e-06
1.77 1.55663e-07
1.78 -4.80272e-06
1.79 -9.54928e-06
1.8 -1.40345e-05
1.81 -1.82088e-05
1.82 -2.20221e-05
1.83 -2.54265e-05
1.84 -2.83863e-05
1.85 -3.08833e-05
1.86 -3.29127e-05
1.87 -3.44732e-05
1.88 -3.5561e-05
1.89 -3.61694e-05
1.9 -3.62883e-05
1.91 -3.59044e-05
1.92 -3.50015e-05
1.93 -3.3562e-05
1.94 -3.15811e-05
1.95 -2.90818e-05
1.96 -2.61167e-05
1.97 -2.2762e-05
1.98 -1.91133e-05
1.99 -1.52738e-05
2 -1.13338e-05
2.01 -7.35215e-06
2.02 -3.35423e-06
2.03 6.65012e-07
2.04 4.73818e-06
2.05 8.91547e-06
2.06 1.32543e-05
2.07 1.78091e-05
2.08 2.2616e-05
2.09 2.76805e-05
2.1 3.29761e-05
2.11 3.84474e-05
2.12 4.40072e-05
2.13 4.95328e-05
2.14 5.48767e-05
2.15 5.988e-05
2.16 6.43749e-05
2.17 6.81922e-05
2.18 7.11634e-05
2.19 7.31131e-05
2.2 7.38535e-05
2.21 7.31897e-05
2.22 7.09317e-05
2.23 6.69009e-05
2.24 6.09356e-05
2.25 5.28866e-05
2.26 4.26223e-05
2.27 3.00549e-05
2.28 1.5147e-05
2.29 -2.10101e-06
2.3 -2.16549e-05
2.31 -4.34458e-05
2.32 -6.73641e-05
2.33 -9.32478e-05
2.34 -0.000120877
2.35 -0.00014998
2.36 -0.000180243
2.37 -0.00021132
2.38 -0.000242845
2.39 -0.000274432
2.4 -0.00030569
2.41 -0.000336268
2.42 -0.000365873
2.43 -0.000394255
2.44 -0.000421185
2.45 -0.000446454
2.46 -0.000469874
2.47 -0.000491286
2.48 -0.000510567
2.49 -0.000527614
2.5 -0.000542325
2.51 -0.00055459
2.52 -0.000564285
2.53 -0.000571289
2.54 -0.00057549
2.55 -0.000576776
2.56 -0.000575044
2.57 -0.000570227
2.58 -0.000562315
2.59 -0.000551359
2.6 -0.000537466
2.61 -0.000520783
2.62 -0.000501473
2.63 -0.000479699
2.64 -0.00045561
2.65 -0.000429341
2.66 -0.000401012
2.67 -0.000370731
2.68 -0.000338607
2.69 -0.000304761
2.7 -0.000269332
2.71 -0.000232466
2.72 -0.000194312
2.73 -0.000155024
2.74 -0.000114737
2.75 -7.35673e-05
2.76 -3.16238e-05
2.77 1.09868e-05
2.78 5.41843e-05
2.79 9.79282e-05
2.8 0.000142212
2.81 0.000187058
2.82 0.000232485
2.83 0.00027848
2.84 0.000324989
2.85 0.000371923
2.86 0.000419152
2.87 0.000466512
2.88 0.00051378
2.89 0.000560685
2.9 0.000606938
2.91 0.000652235
2.92 0.000696257
2.93 0.000738684
2.94 0.000779201
2.95 0.000817509
2.96 0.000853332
2.97 0.000886447
2.98 0.000916695
2.99 0.000943973
3 0.000968215
3.01 0.000989386
3.02 0.00100746
3.03 0.00102241
3.04 0.00103418
3.05 0.00104269
3.06 0.00104785
3.07 0.00104952
3.08 0.00104753
3.09 0.00104169
3.1 0.00103186
3.11 0.0010179
3.12 0.000999785
3.13 0.000977531
3.14 0.000951242
3.15 0.000921052
3.16 0.000887125
3.17 0.000849655
3.18 0.000808861
3.19 0.000764969
3.2 0.000718195
3.21 0.000668749
3.22 0.000616877
3.23 0.000562869
3.24 0.000507057
3.25 0.000449811
3.26 0.000391521
3.27 0.000332612
3.28 0.000273565
3.29 0.000214874
3.3 0.000157018
3.31 0.000100475
3.32 4.57263e-05
3.33 -6.79921e-06
3.34 -5.67649e-05
3.35 -0.000103957
3.36 -0.000148295
3.37 -0.000189829
3.38 -0.000228717
3.39 -0.000265227
3.4 -0.000299721
3.41 -0.000332637
3.42 -0.000364458
3.43 -0.000395669
3.44 -0.000426741
3.45 -0.000458126
3.46 -0.000490236
3.47 -0.000523409
3.48 -0.000557858
3.49 -0.000593651
3.5 -0.000630719
3.51 -0.000668875
3.52 -0.000707814
3.53 -0.00074714
3.54 -0.000786395
3.55 -0.000825115
3.56 -0.000862886
3.57 -0.000899354
3.58 -0.000934185
3.59 -0.000967052
3.6 -0.000997673
3.61 -0.00102584
3.62 -0.00105139
3.63 -0.00107424
3.64 -0.00109435
3.65 -0.00111176
3.66 -0.00112655
3.67 -0.00113889
3.68 -0.00114902
3.69 -0.00115722
3.7 -0.0011638
3.71 -0.00116901
3.72 -0.00117314
3.73 -0.00117643
3.74 -0.00117909
3.75 -0.00118127
3.76 -0.00118311
3.77 -0.0011847
3.78 -0.00118611
3.79 -0.00118736
3.8 -0.00118843
3.81 -0.00118926
3.82 -0.0011897
3.83 -0.00118962
3.84 -0.00118882
3.85 -0.00118713
3.86 -0.00118437
3.87 -0.00118047
3.88 -0.00117546
3.89 -0.00116948
3.9 -0.00116279
3.91 -0.00115576
3.92 -0.00114887
3.93 -0.0011427
3.94 -0.00113784
3.95 -0.00113488
3.96 -0.0011344
3.97 -0.00113693
3.98 -0.00114285
3.99 -0.00115242
4 -0.0011657
4.01 -0.00118264
4.02 -0.00120302
4.03 -0.0012265
4.04 -0.00125262
4.05 -0.00128081
4.06 -0.00131036
4.07 -0.00134046
4.08 -0.00137014
4.09 -0.00139831
4.1 -0.00142382
4.11 -0.00144548
4.12 -0.0014622
4.13 -0.00147304
4.14 -0.0014773
4.15 -0.00147452
4.16 -0.00146458
4.17 -0.0014477
4.18 -0.00142436
4.19 -0.00139531
4.2 -0.00136147
4.21 -0.00132393
4.22 -0.00128381
4.23 -0.0012422
4.24 -0.00120008
4.25 -0.00115831
4.26 -0.0011177
4.27 -0.00107897
4.28 -0.0010427
4.29 -0.00100934
4.3 -0.000979168
4.31 -0.00095232
4.32 -0.000928805
4.33 -0.000908524
4.34 -0.000891241
4.35 -0.000876567
4.36 -0.000863967
4.37 -0.000852774
4.38 -0.000842226
4.39 -0.000831506
4.4 -0.000819753
4.41 -0.000806063
4.42 -0.000789507
4.43 -0.000769174
4.44 -0.000744188
4.45 -0.000713756
4.46 -0.000677239
4.47 -0.00063421
4.48 -0.000584447
4.49 -0.000527888
4.5 -0.000464547
4.51 -0.000394488
4.52 -0.000317873
4.53 -0.000234993
4.54 -0.000146264
4.55 -5.2202e-05
4.56 4.65831e-05
4.57 0.000149403
4.58 0.00025549
4.59 0.000364021
4.6 0.000474128
4.61 0.000584942
4.62 0.000695643
4.63 0.000805471
4.64 0.000913722
4.65 0.00101977
4.66 0.00112308
4.67 0.00122328
4.68 0.00132014
4.69 0.00141356
4.7 0.00150355
4.71 0.00159011
4.72 0.00167324
4.73 0.00175291
4.74 0.0018291
4.75 0.00190171
4.76 0.00197054
4.77 0.00203535
4.78 0.00209588
4.79 0.00215189
4.8 0.00220313
4.81 0.00224927
4.82 0.00228999
4.83 0.00232496
4.84 0.00235388
4.85 0.00237639
4.86 0.00239214
4.87 0.00240083
4.88 0.00240222
4.89 0.00239612
4.9 0.00238238
4.91 0.00236091
4.92 0.00233171
4.93 0.00229482
4.94 0.00225035
4.95 0.00219841
4.96 0.00213919
4.97 0.00207289
4.98 0.00199983
4.99 0.00192039
5 0.00183501
5.01 0.00174413
5.02 0.00164816
5.03 0.00154741
5.04 0.00144208
5.05 0.00133225
5.06 0.0012179
5.07 0.00109885
5.08 0.000974844
5.09 0.000845568
5.1 0.000710679
5.11 0.000569798
5.12 0.000422587
5.13 0.000268788
5.14 0.000108243
5.15 -5.9062e-05
5.16 -0.000232935
5.17 -0.000412942
5.18 -0.000598445
5.19 -0.00078865
5.2 -0.000982619
5.21 -0.00117927
5.22 -0.00137744
5.23 -0.00157595
5.24 -0.00177365
5.25 -0.00196943
5.26 -0.00216213
5.27 -0.00235053
5.28 -0.00253338
5.29 -0.00270947
5.3 -0.00287762
5.31 -0.00303671
5.32 -0.00318573
5.33 -0.00332386
5.34 -0.0034505
5.35 -0.00356532
5.36 -0.0036682
5.37 -0.00375936
5.38 -0.00383929
5.39 -0.00390864
5.4 -0.00396814
5.41 -0.00401856
5.42 -0.00406067
5.43 -0.00409515
5.44 -0.00412256
5.45 -0.00414331
5.46 -0.00415768
5.47 -0.00416582
5.48 -0.00416784
5.49 -0.00416383
5.5 -0.00415381
5.51 -0.00413769
5.52 -0.00411537
5.53 -0.00408674
5.54 -0.00405168
5.55 -0.00401006
5.56 -0.00396174
5.57 -0.0039066
5.58 -0.00384466
5.59 -0.00377602
5.6 -0.0037008
5.61 -0.00361914
5.62 -0.00353115
5.63 -0.00343692
5.64 -0.00333653
5.65 -0.00323007
5.66 -0.00311763
5.67 -0.0029993
5.68 -0.00287514
5.69 -0.00274513
5.7 -0.0026092
5.71 -0.00246721
5.72 -0.00231894
5.73 -0.00216414
5.74 -0.00200255
5.75 -0.00183392
5.76 -0.001658
5.77 -0.00147464
5.78 -0.00128381
5.79 -0.00108564
5.8 -0.000880436
5.81 -0.000668752
5.82 -0.000451353
5.83 -0.000229263
5.84 -3.73038e-06
5.85 0.000223833
5.86 0.000451904
5.87 0.000678878
5.88 0.000903113
5.89 0.00112297
5.9 0.00133686
5.91 0.00154329
5.92 0.00174094
5.93 0.00192862
5.94 0.00210533
5.95 0.00227025
5.96 0.00242284
5.97 0.0025629
5.98 0.00269053
5.99 0.00280612
6 0.00291027
6.01 0.00300379
6.02 0.00308757
6.03 0.00316256
6.04 0.00322975
6.05 0.00329016
6.06 0.00334475
6.07 0.00339438
6.08 0.00343973
6.09 0.0034813
6.1 0.00351949
6.11 0.00355456
6.12 0.00358665
6.13 0.00361576
6.14 0.00364187
6.15 0.00366492
6.16 0.00368493
6.17 0.00370203
6.18 0.00371657
6.19 0.00372909
6.2 0.00374025
6.21 0.0037508
6.22 0.00376151
6.23 0.00377326
6.24 0.00378691
6.25 0.00380326
6.26 0.00382311
6.27 0.00384722
6.28 0.00387633
6.29 0.00391122
6.3 0.00395264
6.31 0.00400141
6.32 0.00405838
6.33 0.00412443
6.34 0.00420045
6.35 0.00428733
6.36 0.0043859
6.37 0.00449676
6.38 0.00462016
6.39 0.00475605
6.4 0.00490408
6.41 0.00506373
6.42 0.00523436
6.43 0.00541535
6.44 0.00560615
6.45 0.00580637
6.46 0.00601588
6.47 0.00623471
6.48 0.00646296
6.49 0.00670061
6.5 0.00694747
6.51 0.00720294
6.52 0.00746599
6.53 0.00773519
6.54 0.00800866
6.55 0.00828409
6.56 0.0085587
6.57 0.00882946
6.58 0.00909313
6.59 0.00934647
6.6 0.00958644
6.61 0.00981033
6.62 0.0100158
6.63 0.0102009
6.64 0.0103641
6.65 0.0105041
6.66 0.0106198
6.67 0.0107101
6.68 0.0107739
6.69 0.0108102
6.7 0.010818
6.71 0.0107964
6.72 0.0107446
6.73 0.0106619
6.74 0.0105477
6.75 0.0104017
6.76 0.0102236
6.77 0.0100137
6.78 0.00977209
6.79 0.00949945
6.8 0.0091965
6.81 0.00886416
6.82 0.00850335
6.83 0.00811504
6.84 0.00770013
6.85 0.00725946
6.86 0.00679381
6.87 0.00630383
6.88 0.00579016
6.89 0.00525341
6.9 0.00469436
6.91 0.00411398
6.92 0.00351353
6.93 0.00289462
6.94 0.00225919
6.95 0.00160953
6.96 0.000948141
6.97 0.000277622
6.98 -0.000399539
6.99 -0.0010811
7 -0.00176511
7.01 -0.00245001
7.02 -0.00313454
7.03 -0.00381764
7.04 -0.00449829
7.05 -0.00517533
7.06 -0.00584737
7.07 -0.00651262
7.08 -0.00716898
7.09 -0.00781401
7.1 -0.008445
7.11 -0.00905914
7.12 -0.00965358
7.13 -0.0102257
7.14 -0.0107734
7.15 -0.0112948
7.16 -0.0117889
7.17 -0.0122549
7.18 -0.0126923
7.19 -0.013101
7.2 -0.0134809
7.21 -0.0138319
7.22 -0.0141539
7.23 -0.0144465
7.24 -0.014709
7.25 -0.0149407
7.26 -0.0151404
7.27 -0.015307
7.28 -0.0154396
7.29 -0.0155373
7.3 -0.0155998
7.31 -0.0156269
7.32 -0.015619
7.33 -0.0155768
7.34 -0.0155013
7.35 -0.0153933
7.36 -0.0152538
7.37 -0.0150837
7.38 -0.0148833
7.39 -0.0146529
7.4 -0.0143924
7.41 -0.0141017
7.42 -0.0137803
7.43 -0.0134282
7.44 -0.0130455
7.45 -0.0126325
7.46 -0.0121903
7.47 -0.01172
7.48 -0.0112235
7.49 -0.0107029
7.5 -0.0101608
7.51 -0.00959998
7.52 -0.00902375
7.53 -0.00843535
7.54 -0.00783804
7.55 -0.007235
7.56 -0.00662935
7.57 -0.00602417
7.58 -0.00542255
7.59 -0.00482756
7.6 -0.00424225
7.61 -0.00366958
7.62 -0.00311227
7.63 -0.00257259
7.64 -0.00205231
7.65 -0.0015527
7.66 -0.00107449
7.67 -0.000617776
7.68 -0.000182012
7.69 0.000233978
7.7 0.000631929
7.71 0.00101399
7.72 0.00138237
7.73 0.00173906
7.74 0.00208567
7.75 0.00242332
7.76 0.00275268
7.77 0.00307402
7.78 0.00338735
7.79 0.0036924
7.8 0.00398861
7.81 0.00427519
7.82 0.00455115
7.83 0.00481533
7.84 0.00506637
7.85 0.00530283
7.86 0.00552316
7.87 0.00572584
7.88 0.00590936
7.89 0.0060724
7.9 0.00621383
7.91 0.00633278
7.92 0.00642868
7.93 0.00650127
7.94 0.00655065
7.95 0.00657719
7.96 0.00658154
7.97 0.00656457
7.98 0.00652739
7.99 0.00647128
8 0.00639757
8.01 0.00630755
8.02 0.00620243
8.03 0.00608332
8.04 0.00595112
8.05 0.0058065
8.06 0.00564986
8.07 0.00548136
8.08 0.00530103
8.09 0.00510883
8.1 0.00490483
8.11 0.0046893
8.12 0.0044629
8.13 0.00422666
8.14 0.00398198
8.15 0.00373058
8.16 0.00347445
8.17 0.00321581
8.18 0.00295697
8.19 0.00270027
8.2 0.00244799
8.21 0.00220229
8.22 0.00196512
8.23 0.0017382
8.24 0.00152312
8.25 0.00132123
8.26 0.00113364
8.27 0.000961196
8.28 0.000804457
8.29 0.000663678
8.3 0.000538731
8.31 0.000429018
8.32 0.000333372
8.33 0.000250035
8.34 0.000176734
8.35 0.000110798
8.36 4.9323e-05
8.37 -1.05833e-05
8.38 -7.15872e-05
8.39 -0.000135941
8.4 -0.000205315
8.41 -0.000280772
8.42 -0.000362845
8.43 -0.00045161
8.44 -0.000546719
8.45 -0.0006474
8.46 -0.000752461
8.47 -0.000860326
8.48 -0.000969097
8.49 -0.00107667
8.5 -0.00118087
8.51 -0.00127949
8.52 -0.00137046
8.53 -0.00145205
8.54 -0.00152292
8.55 -0.00158225
8.56 -0.00162964
8.57 -0.00166498
8.58 -0.00168841
8.59 -0.00170021
8.6 -0.00170078
8.61 -0.00169048
8.62 -0.00166961
8.63 -0.00163823
8.64 -0.00159617
8.65 -0.00154297
8.66 -0.00147787
8.67 -0.00139992
8.68 -0.00130802
8.69 -0.00120103
8.7 -0.00107787
8.71 -0.00093752
8.72 -0.000779076
8.73 -0.000601888
8.74 -0.000405578
8.75 -0.000190024
8.76 4.45625e-05
8.77 0.000297561
8.78 0.00056795
8.79 0.000854366
8.8 0.00115512
8.81 0.00146818
8.82 0.0017913
8.83 0.00212207
8.84 0.00245818
8.85 0.00279743
8.86 0.0031378
8.87 0.00347742
8.88 0.00381459
8.89 0.0041478
8.9 0.00447588
8.91 0.00479789
8.92 0.00511318
8.93 0.00542121
8.94 0.00572157
8.95 0.0060138
8.96 0.00629738
8.97 0.00657175
8.98 0.00683629
8.99 0.00709027
9 0.00733276
9.01 0.0075626
9.02 0.00777837
9.03 0.00797841
9.04 0.00816087
9.05 0.00832385
9.06 0.00846555
9.07 0.00858437
9.08 0.00867891
9.09 0.00874804
9.1 0.00879077
9.11 0.00880625
9.12 0.00879369
9.13 0.00875242
9.14 0.00868183
9.15 0.00858143
9.16 0.00845095
9.17 0.00829041
9.18 0.00810028
9.19 0.00788151
9.2 0.0076356
9.21 0.00736459
9.22 0.00707113
9.23 0.00675841
9.24 0.00642994
9.25 0.00608937
9.26 0.00574019
9.27 0.00538555
9.28 0.00502818
9.29 0.00467029
9.3 0.00431357
9.31 0.00395944
9.32 0.00360921
9.33 0.00326404
9.34 0.002925
9.35 0.0025931
9.36 0.00226926
9.37 0.00195435
9.38 0.00164916
9.39 0.00135444
9.4 0.00107076
9.41 0.000798482
9.42 0.000537652
9.43 0.000287953
9.44 4.86115e-05
9.45 -0.00018162
9.46 -0.00040435
9.47 -0.000621389
9.48 -0.000834606
9.49 -0.00104574
9.5 -0.00125624
9.51 -0.0014672
9.52 -0.00167929
9.53 -0.00189281
9.54 -0.00210777
9.55 -0.0023241
9.56 -0.00254168
9.57 -0.00276053
9.58 -0.00298084
9.59 -0.00320307
9.6 -0.00342788
9.61 -0.00365604
9.62 -0.00388829
9.63 -0.00412521
9.64 -0.00436711
9.65 -0.00461395
9.66 -0.0048653
9.67 -0.0051204
9.68 -0.00537814
9.69 -0.00563715
9.7 -0.00589583
9.71 -0.00615259
9.72 -0.00640587
9.73 -0.00665426
9.74 -0.00689653
9.75 -0.00713174
9.76 -0.00735928
9.77 -0.00757879
9.78 -0.00779014
9.79 -0.00799344
9.8 -0.00818903
9.81 -0.00837747
9.82 -0.00855951
9.83 -0.00873605
9.84 -0.00890814
9.85 -0.00907695
9.86 -0.00924365
9.87 -0.00940933
9.88 -0.00957493
9.89 -0.00974122
9.9 -0.00990882
9.91 -0.010078
9.92 -0.0102489
9.93 -0.010421
9.94 -0.0105939
9.95 -0.0107667
9.96 -0.0109382
9.97 -0.0111073
9.98 -0.0112731
9.99 -0.0114348
10 -0.0115918
10.01 -0.0117437
10.02 -0.0118906
10.03 -0.0120324
10.04 -0.0121696
10.05 -0.0123024
10.06 -0.0124311
10.07 -0.0125556
10.08 -0.0126757
10.09 -0.0127911
10.1 -0.0129012
10.11 -0.0130053
10.12 -0.0131028
10.13 -0.0131931
10.14 -0.013276
10.15 -0.0133511
10.16 -0.0134185
10.17 -0.0134781
10.18 -0.01353
10.19 -0.013574
10.2 -0.01361
10.21 -0.0136375
10.22 -0.0136561
10.23 -0.0136652
10.24 -0.0136642
10.25 -0.0136527
10.26 -0.0136301
10.27 -0.0135961
10.28 -0.0135505
10.29 -0.0134931
10.3 -0.0134237
10.31 -0.0133424
10.32 -0.013249
10.33 -0.0131432
10.34 -0.013025
10.35 -0.0128942
10.36 -0.0127506
10.37 -0.0125941
10.38 -0.0124247
10.39 -0.0122423
10.4 -0.0120469
10.41 -0.0118383
10.42 -0.0116163
10.43 -0.0113805
10.44 -0.0111304
10.45 -0.010865
10.46 -0.0105836
10.47 -0.0102851
10.48 -0.00996876
10.49 -0.00963395
10.5 -0.00928033
10.51 -0.00890799
10.52 -0.00851736
10.53 -0.00810919
10.54 -0.00768452
10.55 -0.00724457
10.56 -0.00679062
10.57 -0.00632407
10.58 -0.00584636
10.59 -0.00535898
10.6 -0.00486342
10.61 -0.00436121
10.62 -0.00385393
10.63 -0.00334327
10.64 -0.00283099
10.65 -0.00231897
10.66 -0.00180921
10.67 -0.00130371
10.68 -0.000804511
10.69 -0.000313523
10.7 0.000167527
10.71 0.000637149
10.72 0.00109404
10.73 0.00153706
10.74 0.00196522
10.75 0.00237768
10.76 0.00277366
10.77 0.00315252
10.78 0.00351379
10.79 0.00385711
10.8 0.00418226
10.81 0.00448908
10.82 0.00477751
10.83 0.00504763
10.84 0.00529958
10.85 0.00553352
10.86 0.00574963
10.87 0.00594799
10.88 0.00612862
10.89 0.00629153
10.9 0.00643669
10.91 0.0065641
10.92 0.00667384
10.93 0.00676617
10.94 0.00684162
10.95 0.006901
10.96 0.00694537
10.97 0.00697603
10.98 0.00699442
10.99 0.00700205
11 0.00700037
11.01 0.00699075
11.02 0.00697444
11.03 0.00695253
11.04 0.00692589
11.05 0.00689524
11.06 0.00686118
11.07 0.00682424
11.08 0.00678484
11.09 0.00674333
11.1 0.0067
11.11 0.00665519
11.12 0.00660929
11.13 0.0065628
11.14 0.00651623
11.15 0.00647008
11.16 0.0064249
11.17 0.00638138
11.18 0.00634038
11.19 0.00630299
11.2 0.00627049
11.21 0.00624432
11.22 0.00622607
11.23 0.00621741
11.24 0.00621985
11.25 0.00623454
11.26 0.00626216
11.27 0.00630288
11.28 0.00635645
11.29 0.0064223
11.3 0.00649972
11.31 0.00658785
11.32 0.00668586
11.33 0.00679293
11.34 0.00690844
11.35 0.00703204
11.36 0.00716377
11.37 0.00730393
11.38 0.00745294
11.39 0.00761123
11.4 0.00777916
11.41 0.00795697
11.42 0.00814467
11.43 0.00834196
11.44 0.00854826
11.45 0.00876278
11.46 0.0089846
11.47 0.0092128
11.48 0.00944659
11.49 0.00968544
11.5 0.00992917
11.51 0.0101779
11.52 0.0104323
11.53 0.0106928
11.54 0.0109604
11.55 0.0112358
11.56 0.0115196
11.57 0.0118122
11.58 0.0121137
11.59 0.0124239
11.6 0.0127423
11.61 0.0130687
11.62 0.0134025
11.63 0.0137436
11.64 0.0140914
11.65 0.0144456
11.66 0.0148058
11.67 0.0151715
11.68 0.0155423
11.69 0.0159175
11.7 0.0162964
11.71 0.0166779
11.72 0.0170609
11.73 0.0174436
11.74 0.0178244
11.75 0.0182009
11.76 0.0185706
11.77 0.0189305
11.78 0.0192774
11.79 0.019608
11.8 0.0199192
11.81 0.0202078
11.82 0.0204706
11.83 0.020705
11.84 0.0209087
11.85 0.0210797
11.86 0.0212161
11.87 0.0213165
11.88 0.0213792
11.89 0.0214028
11.9 0.0213859
11.91 0.0213274
11.92 0.0212262
11.93 0.0210815
11.94 0.0208927
11.95 0.0206594
11.96 0.0203812
11.97 0.020058
11.98 0.0196899
11.99 0.0192773
12 0.018821
12.01 0.0183219
12.02 0.0177815
12.03 0.0172013
12.04 0.0165835
12.05 0.0159305
12.06 0.0152448
12.07 0.0145293
12.08 0.0137867
12.09 0.0130194
12.1 0.01223
12.11 0.0114205
12.12 0.0105928
12.13 0.00974855
12.14 0.00888895
12.15 0.00801499
12.16 0.00712737
12.17 0.00622668
12.18 0.00531345
12.19 0.00438827
12.2 0.00345167
12.21 0.00250426
12.22 0.00154683
12.23 0.000580281
12.24 -0.000394418
12.25 -0.00137623
12.26 -0.00236391
12.27 -0.00335606
12.28 -0.00435112
12.29 -0.00534736
12.3 -0.00634293
12.31 -0.00733583
12.32 -0.00832385
12.33 -0.00930452
12.34 -0.0102751
12.35 -0.0112328
12.36 -0.0121746
12.37 -0.0130973
12.38 -0.0139975
12.39 -0.0148716
12.4 -0.0157162
12.41 -0.0165276
12.42 -0.0173031
12.43 -0.0180411
12.44 -0.0187404
12.45 -0.0193999
12.46 -0.0200182
12.47 -0.0205941
12.48 -0.021126
12.49 -0.0216121
12.5 -0.02205
12.51 -0.022437
12.52 -0.0227697
12.53 -0.0230446
12.54 -0.0232581
12.55 -0.0234066
12.56 -0.0234868
12.57 -0.0234956
12.58 -0.0234304
12.59 -0.0232888
12.6 -0.0230685
12.61 -0.0227678
12.62 -0.0223851
12.63 -0.0219192
12.64 -0.0213698
12.65 -0.0207366
12.66 -0.0200201
12.67 -0.019221
12.68 -0.0183409
12.69 -0.0173819
12.7 -0.0163469
12.71 -0.0152392
12.72 -0.0140624
12.73 -0.0128205
12.74 -0.0115178
12.75 -0.0101587
12.76 -0.00874765
12.77 -0.00728919
12.78 -0.0057878
12.79 -0.004248
12.8 -0.00267432
12.81 -0.00107138
12.82 0.00055606
12.83 0.00220307
12.84 0.00386465
12.85 0.00553579
12.86 0.00721153
12.87 0.00888707
12.88 0.0105578
12.89 0.0122195
12.9 0.0138681
12.91 0.0155
12.92 0.0171131
12.93 0.0187084
12.94 0.0202865
12.95 0.0218475
12.96 0.0233911
12.97 0.024917
12.98 0.0264248
12.99 0.0279141
13 0.0293844
13.01 0.0308353
13.02 0.0322666
13.03 0.0336782
13.04 0.0350704
13.05 0.0364432
13.06 0.0377968
13.07 0.0391313
13.08 0.0404463
13.09 0.0417416
13.1 0.0430163
13.11 0.0442695
13.12 0.0455
13.13 0.0467065
13.14 0.0478879
13.15 0.049043
13.16 0.0501711
13.17 0.0512715
13.18 0.0523438
13.19 0.053388
13.2 0.0544039
13.21 0.0553916
13.22 0.056351
13.23 0.0572821
13.24 0.0581848
13.25 0.0590589
13.26 0.0599044
13.27 0.0607208
13.28 0.0615078
13.29 0.0622647
13.3 0.062991
13.31 0.0636859
13.32 0.0643484
13.33 0.0649772
13.34 0.0655711
13.35 0.0661287
13.36 0.0666486
13.37 0.0671297
13.38 0.0675708
13.39 0.067971
13.4 0.0683297
13.41 0.0686463
13.42 0.0689204
13.43 0.069152
13.44 0.0693414
13.45 0.0694888
13.46 0.0695951
13.47 0.069661
13.48 0.0696877
13.49 0.0696762
13.5 0.069628
13.51 0.0695444
13.52 0.0694273
13.53 0.0692782
13.54 0.0690992
13.55 0.0688924
13.56 0.06866
13.57 0.0684043
13.58 0.0681277
13.59 0.0678321
13.6 0.0675196
13.61 0.0671918
13.62 0.0668506
13.63 0.0664977
13.64 0.0661349
13.65 0.0657637
13.66 0.065386
13.67 0.0650034
13.68 0.0646178
13.69 0.0642306
13.7 0.0638432
13.71 0.0634568
13.72 0.0630725
13.73 0.0626911
13.74 0.0623132
13.75 0.061939
13.76 0.0615687
13.77 0.0612016
13.78 0.0608372
13.79 0.0604742
13.8 0.0601109
13.81 0.0597453
13.82 0.0593747
13.83 0.0589965
13.84 0.0586083
13.85 0.0582083
13.86 0.0577956
13.87 0.0573698
13.88 0.0569308
13.89 0.0564785
13.9 0.0560127
13.91 0.0555334
13.92 0.0550405
13.93 0.054534
13.94 0.0540139
13.95 0.0534803
13.96 0.0529331
13.97 0.0523725
13.98 0.0517987
13.99 0.0512119
14 0.0506122
14.01 0.0499998
14.02 0.0493749
14.03 0.0487376
14.04 0.0480881
14.05 0.047427
14.06 0.0467544
14.07 0.0460708
14.08 0.0453762
14.09 0.0446707
14.1 0.043954
14.11 0.0432256
14.12 0.0424847
14.13 0.0417303
14.14 0.0409611
14.15 0.0401753
14.16 0.0393712
14.17 0.0385466
14.18 0.0376995
14.19 0.0368283
14.2 0.0359311
14.21 0.0350062
14.22 0.0340522
14.23 0.0330674
14.24 0.0320503
14.25 0.0309987
14.26 0.0299091
14.27 0.0287774
14.28 0.0275996
14.29 0.026372
14.3 0.0250909
14.31 0.0237533
14.32 0.0223562
14.33 0.0208973
14.34 0.0193746
14.35 0.0177861
14.36 0.0161299
14.37 0.0144039
14.38 0.0126057
14.39 0.0107328
14.4 0.00878256
14.41 0.00675236
14.42 0.00463955
14.43 0.00244165
14.44 0.000156418
14.45 -0.00221792
14.46 -0.00468262
14.47 -0.00723842
14.48 -0.00988574
14.49 -0.0126248
14.5 -0.0154556
14.51 -0.0183782
14.52 -0.0213927
14.53 -0.0244994
14.54 -0.0276987
14.55 -0.0309911
14.56 -0.0343769
14.57 -0.0378569
14.58 -0.0414316
14.59 -0.0451015
14.6 -0.048867
14.61 -0.0527283
14.62 -0.056685
14.63 -0.0607363
14.64 -0.0648804
14.65 -0.0691147
14.66 -0.073436
14.67 -0.07784
14.68 -0.0823225
14.69 -0.0868792
14.7 -0.091506
14.71 -0.0961993
14.72 -0.100955
14.73 -0.105769
14.74 -0.110636
14.75 -0.115549
14.76 -0.120502
14.77 -0.125486
14.78 -0.130496
14.79 -0.135524
14.8 -0.140564
14.81 -0.145608
14.82 -0.15065
14.83 -0.155683
14.84 -0.1607
14.85 -0.165695
14.86 -0.170662
14.87 -0.175593
14.88 -0.180483
14.89 -0.185324
14.9 -0.190111
14.91 -0.194836
14.92 -0.199493
14.93 -0.204075
14.94 -0.208574
14.95 -0.212984
14.96 -0.217299
14.97 -0.221511
14.98 -0.225615
14.99 -0.229605
15 -0.233479
15.01 -0.237234
15.02 -0.240869
15.03 -0.244386
15.04 -0.247785
15.05 -0.25107
15.06 -0.254244
15.07 -0.25731
15.08 -0.260273
15.09 -0.263139
15.1 -0.265911
15.11 -0.268594
15.12 -0.271193
15.13 -0.273713
15.14 -0.276158
15.15 -0.278534
15.16 -0.280844
15.17 -0.283093
15.18 -0.285285
15.19 -0.287422
15.2 -0.289507
15.21 -0.291542
15.22 -0.29353
15.23 -0.295475
15.24 -0.297378
15.25 -0.299245
15.26 -0.301077
15.27 -0.30288
15.28 -0.304658
15.29 -0.306416
15.3 -0.308158
15.31 -0.309889
15.32 -0.31161
15.33 -0.313326
15.34 -0.315037
15.35 -0.316747
15.36 -0.318458
15.37 -0.320172
15.38 -0.321891
15.39 -0.323619
15.4 -0.325358
15.41 -0.327109
15.42 -0.328875
15.43 -0.330656
15.44 -0.332452
15.45 -0.334265
15.46 -0.336094
15.47 -0.337938
15.48 -0.339796
15.49 -0.341664
15.5 -0.34354
15.51 -0.34542
15.52 -0.347298
15.53 -0.349169
15.54 -0.351028
15.55 -0.352869
15.56 -0.354688
15.57 -0.356478
15.58 -0.358234
15.59 -0.359952
15.6 -0.361625
15.61 -0.363248
15.62 -0.364817
15.63 -0.366326
15.64 -0.36777
15.65 -0.369142
15.66 -0.370439
15.67 -0.371654
15.68 -0.372782
15.69 -0.373819
15.7 -0.374759
15.71 -0.375597
15.72 -0.376328
15.73 -0.376947
15.74 -0.377448
15.75 -0.377828
15.76 -0.37808
15.77 -0.378199
15.78 -0.37818
15.79 -0.378018
15.8 -0.377709
15.81 -0.377249
15.82 -0.376634
15.83 -0.375862
15.84 -0.374931
15.85 -0.37384
15.86 -0.372589
15.87 -0.371178
15.88 -0.369608
15.89 -0.367879
15.9 -0.365994
15.91 -0.363955
15.92 -0.361766
15.93 -0.359429
15.94 -0.356949
15.95 -0.354329
15.96 -0.351574
15.97 -0.348689
15.98 -0.34568
15.99 -0.342554
16 -0.339318
16.01 -0.335979
16.02 -0.332537
16.03 -0.328995
16.04 -0.325356
16.05 -0.321623
16.06 -0.317803
16.07 -0.3139
16.08 -0.30992
16.09 -0.305868
16.1 -0.301748
16.11 -0.297567
16.12 -0.293328
16.13 -0.289038
16.14 -0.284701
16.15 -0.280323
16.16 -0.275908
16.17 -0.271463
16.18 -0.266993
16.19 -0.262502
16.2 -0.257998
16.21 -0.253485
16.22 -0.248968
16.23 -0.244452
16.24 -0.23994
16.25 -0.235436
16.26 -0.230942
16.27 -0.226458
16.28 -0.221988
16.29 -0.21753
16.3 -0.213085
16.31 -0.208654
16.32 -0.204238
16.33 -0.199835
16.34 -0.195446
16.35 -0.191071
16.36 -0.186709
16.37 -0.182361
16.38 -0.178025
16.39 -0.173702
16.4 -0.16939
16.41 -0.16509
16.42 -0.1608
16.43 -0.156521
16.44 -0.152251
16.45 -0.147991
16.46 -0.14374
16.47 -0.139498
16.48 -0.135264
16.49 -0.131039
16.5 -0.126821
16.51 -0.122612
16.52 -0.11841
16.53 -0.114216
16.54 -0.110029
16.55 -0.105849
16.56 -0.101676
16.57 -0.0975093
16.58 -0.09335
16.59 -0.0891978
16.6 -0.0850533
16.61 -0.0809171
16.62 -0.07679
16.63 -0.0726734
16.64 -0.0685688
16.65 -0.0644782
16.66 -0.0604039
16.67 -0.0563486
16.68 -0.0523153
16.69 -0.0483075
16.7 -0.0443288
16.71 -0.0403829
16.72 -0.0364731
16.73 -0.0326025
16.74 -0.0287732
16.75 -0.0249873
16.76 -0.0212461
16.77 -0.0175508
16.78 -0.0139026
16.79 -0.0103023
16.8 -0.00675024
16.81 -0.00324684
16.82 0.000207693
16.83 0.00361323
16.84 0.00696976
16.85 0.0102773
16.86 0.013536
16.87 0.0167456
16.88 0.019906
16.89 0.0230167
16.9 0.0260772
16.91 0.0290868
16.92 0.0320446
16.93 0.0349497
16.94 0.0378016
16.95 0.0405995
16.96 0.043343
16.97 0.0460314
16.98 0.0486646
16.99 0.0512422
17 0.053764
17.01 0.0562299
17.02 0.0586399
17.03 0.0609938
17.04 0.0632915
17.05 0.0655327
17.06 0.0677171
17.07 0.0698446
17.08 0.071915
17.09 0.0739283
17.1 0.0758843
17.11 0.0777829
17.12 0.0796238
17.13 0.0814069
17.14 0.083132
17.15 0.0847991
17.16 0.086408
17.17 0.0879587
17.18 0.0894508
17.19 0.0908845
17.2 0.0922594
17.21 0.0935757
17.22 0.0948333
17.23 0.0960323
17.24 0.0971725
17.25 0.0982539
17.26 0.0992762
17.27 0.100239
17.28 0.101143
17.29 0.101986
17.3 0.102768
17.31 0.10349
17.32 0.104149
17.33 0.104746
17.34 0.105281
17.35 0.105751
17.36 0.106157
17.37 0.106497
17.38 0.106769
17.39 0.106971
17.4 0.107101
17.41 0.107155
17.42 0.10713
17.43 0.107023
17.44 0.10683
17.45 0.106549
17.46 0.106177
17.47 0.105714
17.48 0.105159
17.49 0.104512
17.5 0.103773
17.51 0.102943
17.52 0.102024
17.53 0.101015
17.54 0.0999178
17.55 0.0987343
17.56 0.0974659
17.57 0.0961148
17.58 0.0946835
17.59 0.093175
17.6 0.0915929
17.61 0.0899414
17.62 0.0882253
17.63 0.0864498
17.64 0.0846207
17.65 0.0827444
17.66 0.0808276
17.67 0.0788772
17.68 0.0769004
17.69 0.0749049
17.7 0.0728978
17.71 0.0708867
17.72 0.0688782
17.73 0.0668774
17.74 0.0648863
17.75 0.0629059
17.76 0.0609379
17.77 0.0589842
17.78 0.0570473
17.79 0.0551299
17.8 0.0532353
17.81 0.0513669
17.82 0.0495282
17.83 0.0477227
17.84 0.0459537
17.85 0.0442245
17.86 0.0425386
17.87 0.040899
17.88 0.0393086
17.89 0.03777
17.9 0.0362853
17.91 0.034856
17.92 0.033483
17.93 0.0321671
17.94 0.0309088
17.95 0.0297085
17.96 0.0285662
17.97 0.0274819
17.98 0.0264556
17.99 0.0254868
18 0.0245753
18.01 0.0237208
18.02 0.0229228
18.03 0.0221809
18.04 0.0214948
18.05 0.0208643
18.06 0.0202892
18.07 0.0197693
18.08 0.0193044
18.09 0.0188944
18.1 0.0185389
18.11 0.0182377
18.12 0.0179903
18.13 0.0177967
18.14 0.0176564
18.15 0.0175697
18.16 0.0175364
18.17 0.0175571
18.18 0.017632
18.19 0.0177616
18.2 0.0179465
18.21 0.0181871
18.22 0.0184838
18.23 0.018837
18.24 0.0192465
18.25 0.0197121
18.26 0.0202334
18.27 0.0208098
18.28 0.0214405
18.29 0.0221248
18.3 0.0228616
18.31 0.0236502
18.32 0.0244895
18.33 0.0253784
18.34 0.0263158
18.35 0.0273002
18.36 0.02833
18.37 0.0294032
18.38 0.0305178
18.39 0.0316715
18.4 0.0328622
18.41 0.0340876
18.42 0.0353456
18.43 0.0366343
18.44 0.0379519
18.45 0.0392968
18.46 0.0406677
18.47 0.0420632
18.48 0.0434823
18.49 0.0449238
18.5 0.0463864
18.51 0.0478688
18.52 0.0493693
18.53 0.050886
18.54 0.0524168
18.55 0.0539592
18.56 0.0555106
18.57 0.0570694
18.58 0.0586355
18.59 0.06021
18.6 0.0617933
18.61 0.0633862
18.62 0.0649894
18.63 0.0666035
18.64 0.0682293
18.65 0.0698675
18.66 0.0715185
18.67 0.0731826
18.68 0.0748595
18.69 0.0765484
18.7 0.0782474
18.71 0.079954
18.72 0.0816646
18.73 0.0833752
18.74 0.0850811
18.75 0.0867778
18.76 0.0884607
18.77 0.0901256
18.78 0.0917681
18.79 0.0933839
18.8 0.0949685
18.81 0.0965178
18.82 0.0980271
18.83 0.099492
18.84 0.100908
18.85 0.10227
18.86 0.103574
18.87 0.104815
18.88 0.105988
18.89 0.10709
18.9 0.108115
18.91 0.10906
18.92 0.109922
18.93 0.110699
18.94 0.111388
18.95 0.111988
18.96 0.112499
18.97 0.112917
18.98 0.113243
18.99 0.113474
19 0.113608
19.01 0.113643
19.02 0.113576
19.03 0.113405
19.04 0.113127
19.05 0.112739
19.06 0.112241
19.07 0.111631
19.08 0.110908
19.09 0.110073
19.1 0.109126
19.11 0.108069
19.12 0.106902
19.13 0.105627
19.14 0.104245
19.15 0.102756
19.16 0.101163
19.17 0.0994688
19.18 0.0976756
19.19 0.0957879
19.2 0.093811
19.21 0.0917512
19.22 0.0896154
19.23 0.0874112
19.24 0.0851467
19.25 0.0828299
19.26 0.0804683
19.27 0.0780689
19.28 0.0756378
19.29 0.0731798
19.3 0.0706961
19.31 0.0681876
19.32 0.0656553
19.33 0.0631008
19.34 0.060526
19.35 0.0579334
19.36 0.0553257
19.37 0.0527063
19.38 0.0500783
19.39 0.0474449
19.4 0.0448093
19.41 0.0421743
19.42 0.0395433
19.43 0.0369192
19.44 0.0343052
19.45 0.0317043
19.46 0.0291195
19.47 0.0265539
19.48 0.0240103
19.49 0.0214918
19.5 0.0190009
19.51 0.0165404
19.52 0.0141124
19.53 0.0117192
19.54 0.00936262
19.55 0.00704421
19.56 0.00476489
19.57 0.00252518
19.58 0.000325371
19.59 -0.00183435
19.6 -0.00395393
19.61 -0.00603346
19.62 -0.00807316
19.63 -0.0100733
19.64 -0.0120342
19.65 -0.0139562
19.66 -0.0158396
19.67 -0.0176851
19.68 -0.0194931
19.69 -0.0212643
19.7 -0.0229995
19.71 -0.0246997
19.72 -0.0263658
19.73 -0.0279988
19.74 -0.0295999
19.75 -0.0311698
19.76 -0.032709
19.77 -0.034218
19.78 -0.0356968
19.79 -0.0371456
19.8 -0.0385644
19.81 -0.0399533
19.82 -0.0413125
19.83 -0.042642
19.84 -0.0439425
19.85 -0.0452143
19.86 -0.0464582
19.87 -0.0476751
19.88 -0.048866
19.89 -0.0500318
19.9 -0.0511734
19.91 -0.0522916
19.92 -0.053387
19.93 -0.0544599
19.94 -0.0555105
19.95 -0.0565393
19.96 -0.0575465
19.97 -0.0585328
19.98 -0.0594989
19.99 -0.0604459
20 -0.0613748
20.01 -0.062287
20.02 -0.0631838
20.03 -0.0640663
20.04 -0.0649353
20.05 -0.0657911
20.06 -0.0666335
20.07 -0.0674618
20.08 -0.0682749
20.09 -0.0690711
20.1 -0.0698485
20.11 -0.0706045
20.12 -0.0713366
20.13 -0.0720425
20.14 -0.0727197
20.15 -0.0733659
20.16 -0.0739788
20.17 -0.0745562
20.18 -0.0750963
20.19 -0.0755973
20.2 -0.0760577
20.21 -0.0764766
20.22 -0.076853
20.23 -0.0771861
20.24 -0.077475
20.25 -0.0777188
20.26 -0.0779168
20.27 -0.0780684
20.28 -0.0781732
20.29 -0.078231
20.3 -0.0782418
20.31 -0.0782059
20.32 -0.0781236
20.33 -0.0779958
20.34 -0.0778234
20.35 -0.0776074
20.36 -0.0773488
20.37 -0.0770484
20.38 -0.076707
20.39 -0.0763249
20.4 -0.0759021
20.41 -0.0754385
20.42 -0.0749336
20.43 -0.0743868
20.44 -0.0737975
20.45 -0.0731651
20.46 -0.0724892
20.47 -0.0717697
20.48 -0.0710063
20.49 -0.0701988
20.5 -0.0693472
20.51 -0.0684515
20.52 -0.0675116
20.53 -0.0665277
20.54 -0.0654999
20.55 -0.0644285
20.56 -0.0633139
20.57 -0.0621569
20.58 -0.0609584
20.59 -0.0597201
20.6 -0.0584441
20.61 -0.0571333
20.62 -0.0557909
20.63 -0.0544202
20.64 -0.0530248
20.65 -0.0516085
20.66 -0.050175
20.67 -0.0487279
20.68 -0.047271
20.69 -0.0458078
20.7 -0.0443418
20.71 -0.0428763
20.72 -0.0414145
20.73 -0.0399595
20.74 -0.0385133
20.75 -0.0370757
20.76 -0.0356461
20.77 -0.0342242
20.78 -0.0328097
20.79 -0.0314019
20.8 -0.0299998
20.81 -0.0286023
20.82 -0.0272075
20.83 -0.0258134
20.84 -0.0244176
20.85 -0.0230178
20.86 -0.0216121
20.87 -0.0201987
20.88 -0.0187759
20.89 -0.0173428
20.9 -0.0158984
20.91 -0.0144423
20.92 -0.012974
20.93 -0.0114929
20.94 -0.00999877
20.95 -0.00849112
20.96 -0.00696983
20.97 -0.00543498
20.98 -0.00388697
20.99 -0.00232651
21 -0.000754704
21.01 0.000826941
21.02 0.00241649
21.03 0.00401163
21.04 0.00560983
21.05 0.00720851
21.06 0.00880515
21.07 0.0103973
21.08 0.0119825
21.09 0.0135584
21.1 0.0151225
21.11 0.0166725
21.12 0.0182066
21.13 0.0197232
21.14 0.0212211
21.15 0.0226991
21.16 0.0241565
21.17 0.0255924
21.18 0.027006
21.19 0.0283964
21.2 0.029763
21.21 0.0311048
21.22 0.0324211
21.23 0.0337111
21.24 0.0349741
21.25 0.0362095
21.26 0.0374168
21.27 0.0385956
21.28 0.0397461
21.29 0.0408683
21.3 0.0419626
21.31 0.0430294
21.32 0.0440692
21.33 0.0450821
21.34 0.0460683
21.35 0.0470276
21.36 0.0479598
21.37 0.0488644
21.38 0.0497406
21.39 0.0505873
21.4 0.0514034
21.41 0.0521872
21.42 0.0529371
21.43 0.0536515
21.44 0.0543287
21.45 0.054967
21.46 0.055565
21.47 0.0561214
21.48 0.0566351
21.49 0.0571049
21.5 0.0575298
21.51 0.0579086
21.52 0.0582401
21.53 0.0585234
21.54 0.0587573
21.55 0.0589411
21.56 0.0590737
21.57 0.0591539
21.58 0.0591808
21.59 0.0591528
21.6 0.0590684
21.61 0.0589264
21.62 0.0587254
21.63 0.0584647
21.64 0.0581437
21.65 0.0577624
21.66 0.0573212
21.67 0.056821
21.68 0.056263
21.69 0.0556487
21.7 0.0549797
21.71 0.0542575
21.72 0.0534841
21.73 0.0526613
21.74 0.0517914
21.75 0.0508769
21.76 0.0499205
21.77 0.0489255
21.78 0.0478951
21.79 0.0468331
21.8 0.0457431
21.81 0.0446288
21.82 0.0434937
21.83 0.0423408
21.84 0.0411733
21.85 0.0399936
21.86 0.0388044
21.87 0.0376077
21.88 0.0364057
21.89 0.0352003
21.9 0.0339933
21.91 0.0327867
21.92 0.0315823
21.93 0.0303824
21.94 0.0291893
21.95 0.0280054
21.96 0.0268332
21.97 0.0256749
21.98 0.0245324
21.99 0.0234073
22 0.0223008
22.01 0.0212135
22.02 0.0201449
22.03 0.0190928
22.04 0.0180549
22.05 0.0170292
22.06 0.0160145
22.07 0.0150101
22.08 0.014016
22.09 0.0130327
22.1 0.0120606
22.11 0.0111004
22.12 0.010153
22.13 0.00921926
22.14 0.00830015
22.15 0.00739641
22.16 0.00650865
22.17 0.00563728
22.18 0.00478261
22.19 0.00394482
22.2 0.00312412
22.21 0.0023208
22.22 0.00153532
22.23 0.000768362
22.24 2.07564e-05
22.25 -0.00070655
22.26 -0.00141256
22.27 -0.00209626
22.28 -0.00275672
22.29 -0.00339315
22.3 -0.00400503
22.31 -0.00459219
22.32 -0.00515486
22.33 -0.00569355
22.34 -0.00620902
22.35 -0.00670214
22.36 -0.0071739
22.37 -0.00762527
22.38 -0.0080571
22.39 -0.00847016
22.4 -0.00886504
22.41 -0.00924216
22.42 -0.00960175
22.43 -0.00994386
22.44 -0.0102684
22.45 -0.0105753
22.46 -0.0108641
22.47 -0.0111341
22.48 -0.0113846
22.49 -0.0116143
22.5 -0.0118219
22.51 -0.0120058
22.52 -0.0121642
22.53 -0.0122949
22.54 -0.0123958
22.55 -0.0124647
22.56 -0.0124992
22.57 -0.0124972
22.58 -0.0124562
22.59 -0.012374
22.6 -0.0122483
22.61 -0.012077
22.62 -0.0118583
22.63 -0.0115904
22.64 -0.0112719
22.65 -0.0109017
22.66 -0.0104792
22.67 -0.010004
22.68 -0.00947633
22.69 -0.00889685
22.7 -0.00826622
22.71 -0.00758515
22.72 -0.00685436
22.73 -0.00607457
22.74 -0.0052466
22.75 -0.00437132
22.76 -0.00344972
22.77 -0.00248302
22.78 -0.00147265
22.79 -0.000420251
22.8 0.000672396
22.81 0.00180342
22.82 0.00297085
22.83 0.00417257
22.84 0.00540637
22.85 0.00666991
22.86 0.00796071
22.87 0.00927621
22.88 0.0106137
22.89 0.0119702
22.9 0.0133427
22.91 0.0147279
22.92 0.0161222
22.93 0.017522
22.94 0.0189233
22.95 0.020322
22.96 0.021714
22.97 0.0230948
22.98 0.0244601
22.99 0.0258059
23 0.0271298
23.01 0.0284317
23.02 0.0297124
23.03 0.0309724
23.04 0.0322125
23.05 0.0334337
23.06 0.0346368
23.07 0.0358228
23.08 0.0369923
23.09 0.0381453
23.1 0.0392821
23.11 0.0404023
23.12 0.0415058
23.13 0.0425925
23.14 0.0436622
23.15 0.0447148
23.16 0.0457502
23.17 0.0467684
23.18 0.0477692
23.19 0.0487529
23.2 0.0497195
23.21 0.0506694
23.22 0.0516027
23.23 0.0525195
23.24 0.0534201
23.25 0.0543045
23.26 0.0551729
23.27 0.0560253
23.28 0.0568621
23.29 0.0576834
23.3 0.0584898
23.31 0.0592817
23.32 0.0600596
23.33 0.0608242
23.34 0.0615758
23.35 0.0623149
23.36 0.0630418
23.37 0.0637565
23.38 0.0644592
23.39 0.0651496
23.4 0.0658273
23.41 0.0664915
23.42 0.0671414
23.43 0.0677758
23.44 0.0683935
23.45 0.0689929
23.46 0.0695725
23.47 0.0701309
23.48 0.0706667
23.49 0.0711791
23.5 0.0716672
23.51 0.0721307
23.52 0.0725689
23.53 0.0729816
23.54 0.0733682
23.55 0.0737286
23.56 0.0740624
23.57 0.0743695
23.58 0.0746498
23.59 0.0749033
23.6 0.0751302
23.61 0.0753305
23.62 0.0755043
23.63 0.0756522
23.64 0.0757743
23.65 0.0758712
23.66 0.0759434
23.67 0.0759914
23.68 0.0760156
23.69 0.0760161
23.7 0.0759931
23.71 0.0759466
23.72 0.0758763
23.73 0.075782
23.74 0.0756634
23.75 0.0755198
23.76 0.0753505
23.77 0.0751543
23.78 0.0749299
23.79 0.0746756
23.8 0.0743895
23.81 0.0740697
23.82 0.0737145
23.83 0.0733222
23.84 0.0728913
23.85 0.0724206
23.86 0.0719089
23.87 0.071355
23.88 0.0707582
23.89 0.0701176
23.9 0.0694324
23.91 0.0687018
23.92 0.0679248
23.93 0.0671005
23.94 0.0662283
23.95 0.0653076
23.96 0.0643382
23.97 0.0633202
23.98 0.0622542
23.99 0.0611417
24 0.0599843
24.01 0.0587846
24.02 0.0575455
24.03 0.0562702
24.04 0.0549626
24.05 0.0536274
24.06 0.0522696
24.07 0.0508951
24.08 0.0495101
24.09 0.0481207
24.1 0.0467331
24.11 0.0453531
24.12 0.0439865
24.13 0.0426382
24.14 0.0413129
24.15 0.0400144
24.16 0.0387461
24.17 0.0375107
24.18 0.0363095
24.19 0.0351419
24.2 0.0340068
24.21 0.0329038
24.22 0.0318321
24.23 0.030791
24.24 0.0297797
24.25 0.0287971
24.26 0.0278423
24.27 0.026914
24.28 0.0260111
24.29 0.0251319
24.3 0.0242746
24.31 0.0234374
24.32 0.0226181
24.33 0.021815
24.34 0.0210267
24.35 0.0202524
24.36 0.0194918
24.37 0.0187451
24.38 0.0180124
24.39 0.0172945
24.4 0.0165919
24.41 0.0159054
24.42 0.0152356
24.43 0.0145829
24.44 0.0139478
24.45 0.0133304
24.46 0.0127308
24.47 0.0121493
24.48 0.0115861
24.49 0.0110416
24.5 0.0105162
24.51 0.0100103
24.52 0.00952437
24.53 0.00905874
24.54 0.00861368
24.55 0.00818935
24.56 0.00778581
24.57 0.00740298
24.58 0.00704054
24.59 0.00669804
24.6 0.00637499
24.61 0.00607092
24.62 0.00578537
24.63 0.00551786
24.64 0.00526792
24.65 0.00503526
24.66 0.00481986
24.67 0.0046219
24.68 0.00444177
24.69 0.00428007
24.7 0.00413764
24.71 0.00401543
24.72 0.00391449
24.73 0.00383589
24.74 0.0037807
24.75 0.00375004
24.76 0.00374516
24.77 0.00376734
24.78 0.00381772
24.79 0.00389718
24.8 0.00400636
24.81 0.00414576
24.82 0.00431558
24.83 0.00451574
24.84 0.00474593
24.85 0.00500563
24.86 0.00529416
24.87 0.0056107
24.88 0.00595422
24.89 0.00632345
24.9 0.00671684
24.91 0.00713255
24.92 0.00756853
24.93 0.00802254
24.94 0.00849221
24.95 0.00897511
24.96 0.00946875
24.97 0.0099706
24.98 0.0104781
24.99 0.0109889
25 0.0115007
