0.01 3.17511e-09
0.02 1.5296e-08
0.03 3.77781e-08
0.04 6.82765e-08
0.05 1.04487e-07
0.06 1.4417e-07
0.07 1.85166e-07
0.08 2.25397e-07
0.09 2.6285e-07
0.1 2.95576e-07
0.11 3.21714e-07
0.12 3.39492e-07
0.13 3.47194e-07
0.14 3.43099e-07
0.15 3.25473e-07
0.16 2.92628e-07
0.17 2.4297e-07
0.18 1.75013e-07
0.19 8.73906e-08
0.2 -2.11311e-08
0.21 -1.51642e-07
0.22 -3.05085e-07
0.23 -4.82258e-07
0.24 -6.83838e-07
0.25 -9.10404e-07
0.26 -1.1625e-06
0.27 -1.4407e-06
0.28 -1.7454e-06
0.29 -2.07665e-06
0.3 -2.434e-06
0.31 -2.81647e-06
0.32 -3.22247e-06
0.33 -3.64968e-06
0.34 -4.09489e-06
0.35 -4.55428e-06
0.36 -5.0237e-06
0.37 -5.49873e-06
0.38 -5.97533e-06
0.39 -6.45057e-06
0.4 -6.92327e-06
0.41 -7.39428e-06
0.42 -7.86603e-06
0.43 -8.34197e-06
0.44 -8.82658e-06
0.45 -9.32526e-06
0.46 -9.84383e-06
0.47 -1.03881e-05
0.48 -1.09634e-05
0.49 -1.15741e-05
0.5 -1.22236e-05
0.51 -1.29147e-05
0.52 -1.36498e-05
0.53 -1.44304e-05
0.54 -1.52572e-05
0.55 -1.6131e-05
0.56 -1.70517e-05
0.57 -1.80187e-05
0.58 -1.90315e-05
0.59 -2.00895e-05
0.6 -2.11916e-05
0.61 -2.23368e-05
0.62 -2.35239e-05
0.63 -2.47513e-05
0.64 -2.60176e-05
0.65 -2.73211e-05
0.66 -2.86604e-05
0.67 -3.00343e-05
0.68 -3.14419e-05
0.69 -3.28824e-05
0.7 -3.43551e-05
0.71 -3.5859e-05
0.72 -3.73923e-05
0.73 -3.89517e-05
0.74 -4.05321e-05
0.75 -4.21254e-05
0.76 -4.37208e-05
0.77 -4.53046e-05
0.78 -4.6862e-05
0.79 -4.83788e-05
0.8 -4.98434e-05
0.81 -5.1247e-05
0.82 -5.25833e-05
0.83 -5.38481e-05
0.84 -5.50391e-05
0.85 -5.61573e-05
0.86 -5.7207e-05
0.87 -5.8191e-05
0.88 -5.91077e-05
0.89 -5.99498e-05
0.9 -6.07067e-05
0.91 -6.13666e-05
0.92 -6.19173e-05
0.93 -6.23485e-05
0.94 -6.26544e-05
0.95 -6.28352e-05
0.96 -6.28972e-05
0.97 -6.28527e-05
0.98 -6.27144e-05
0.99 -6.2491e-05
1 -6.21847e-05
1.01 -6.17921e-05
1.02 -6.13041e-05
1.03 -6.0707e-05
1.04 -5.9985e-05
1.05 -5.91221e-05
1.06 -5.81061e-05
1.07 -5.69294e-05
1.08 -5.55884e-05
1.09 -5.40799e-05
1.1 -5.24012e-05
1.11 -5.05507e-05
1.12 -4.8527e-05
1.13 -4.63274e-05
1.14 -4.39479e-05
1.15 -4.13851e-05
1.16 -3.86379e-05
1.17 -3.57098e-05
1.18 -3.26115e-05
1.19 -2.93589e-05
1.2 -2.59697e-05
1.21 -2.24653e-05
1.22 -1.88714e-05
1.23 -1.52157e-05
1.24 -1.15222e-05
1.25 -7.80313e-06
1.26 -4.05466e-06
1.27 -2.61513e-07
1.28 3.59339e-06
1.29 7.5262e-06
1.3 1.15514e-05
1.31 1.56766e-05
1.32 1.99005e-05
1.33 2.42154e-05
1.34 2.86121e-05
1.35 3.30842e-05
1.36 3.76277e-05
1.37 4.22413e-05
1.38 4.69258e-05
1.39 5.16827e-05
1.4 5.6512e-05
1.41 6.14098e-05
1.42 6.63634e-05
1.43 7.13483e-05
1.44 7.63235e-05
1.45 8.123e-05
1.46 8.5992e-05
1.47 9.0524e-05
1.48 9.47373e-05
1.49 9.85418e-05
1.5 0.000101849
1.51 0.000104576
1.52 0.000106651
1.53 0.000108017
1.54 0.00010864
1.55 0.00010852
1.56 0.00010769
1.57 0.000106207
1.58 0.000104147
1.59 0.000101592
1.6 9.86231e-05
1.61 9.53119e-05
1.62 9.1722e-05
1.63 8.79095e-05
1.64 8.39228e-05
1.65 7.98031e-05
1.66 7.55817e-05
1.67 7.12788e-05
1.68 6.6905e-05
1.69 6.24672e-05
1.7 5.79727e-05
1.71 5.34286e-05
1.72 4.88428e-05
1.73 4.4226e-05
1.74 3.95954e-05
1.75 3.49784e-05
1.76 3.04078e-05
1.77 2.59148e-05
1.78 2.15332e-05
1.79 1.73047e-05
1.8 1.32767e-05
1.81 9.49683e-06
1.82 6.01325e-06
1.83 2.87251e-06
1.84 1.09168e-07
1.85 -2.25955e-06
1.86 -4.22932e-06
1.87 -5.79923e-06
1.88 -6.96553e-06
1.89 -7.72114e-06
1.9 -8.05543e-06
1.91 -7.9543e-06
1.92 -7.40019e-06
1.93 -6.37429e-06
1.94 -4.86972e-06
1.95 -2.90773e-06
1.96 -5.38422e-07
1.97 2.1645e-06
1.98 5.10821e-06
1.99 8.19238e-06
2 1.13298e-05
2.01 1.44646e-05
2.02 1.75747e-05
2.03 2.06683e-05
2.04 2.37815e-05
2.05 2.69677e-05
2.06 3.0288e-05
2.07 3.38005e-05
2.08 3.75448e-05
2.09 4.15306e-05
2.1 4.57352e-05
2.11 5.01071e-05
2.12 5.45634e-05
2.13 5.89851e-05
2.14 6.32289e-05
2.15 6.71395e-05
2.16 7.05529e-05
2.17 7.33032e-05
2.18 7.52248e-05
2.19 7.61452e-05
2.2 7.58785e-05
2.21 7.42317e-05
2.22 7.10159e-05
2.23 6.60528e-05
2.24 5.91808e-05
2.25 5.02497e-05
2.26 3.91261e-05
2.27 2.57198e-05
2.28 9.99027e-06
2.29 -8.06622e-06
2.3 -2.84202e-05
2.31 -5.10082e-05
2.32 -7.5727e-05
2.33 -0.000102421
2.34 -0.000130878
2.35 -0.000160833
2.36 -0.000191981
2.37 -0.000223984
2.38 -0.000256485
2.39 -0.000289104
2.4 -0.000321459
2.41 -0.000353206
2.42 -0.00038406
2.43 -0.000413775
2.44 -0.000442129
2.45 -0.000468918
2.46 -0.000493957
2.47 -0.00051709
2.48 -0.000538198
2.49 -0.000557178
2.5 -0.00057393
2.51 -0.00058834
2.52 -0.000600284
2.53 -0.00060964
2.54 -0.000616289
2.55 -0.000620116
2.56 -0.000621011
2.57 -0.000618901
2.58 -0.000613766
2.59 -0.000605648
2.6 -0.000594645
2.61 -0.00058089
2.62 -0.000564535
2.63 -0.000545729
2.64 -0.000524609
2.65 -0.000501295
2.66 -0.00047589
2.67 -0.000448489
2.68 -0.000419184
2.69 -0.000388079
2.7 -0.000355298
2.71 -0.000320968
2.72 -0.000285224
2.73 -0.0002482
2.74 -0.000210017
2.75 -0.000170772
2.76 -0.00013056
2.77 -8.94691e-05
2.78 -4.75645e-05
2.79 -4.87089e-06
2.8 3.86204e-05
2.81 8.29462e-05
2.82 0.00012814
2.83 0.000174203
2.84 0.000221096
2.85 0.000268739
2.86 0.000317019
2.87 0.00036578
2.88 0.00041481
2.89 0.000463851
2.9 0.00051262
2.91 0.000560821
2.92 0.000608143
2.93 0.00065427
2.94 0.000698891
2.95 0.00074171
2.96 0.000782451
2.97 0.000820889
2.98 0.000856865
2.99 0.000890267
3 0.000921026
3.01 0.000949099
3.02 0.00097445
3.03 0.000997034
3.04 0.00101679
3.05 0.00103362
3.06 0.00104742
3.07 0.00105803
3.08 0.00106525
3.09 0.0010689
3.1 0.00106877
3.11 0.00106473
3.12 0.00105671
3.13 0.00104472
3.14 0.00102881
3.15 0.00100909
3.16 0.000985694
3.17 0.000958783
3.18 0.00092854
3.19 0.000895158
3.2 0.000858814
3.21 0.000819682
3.22 0.000777973
3.23 0.000733937
3.24 0.000687872
3.25 0.000640109
3.26 0.000591
3.27 0.000540937
3.28 0.000490364
3.29 0.000439742
3.3 0.000389515
3.31 0.000340132
3.32 0.000292041
3.33 0.000245647
3.34 0.000201257
3.35 0.000159064
3.36 0.000119125
3.37 8.13712e-05
3.38 4.56265e-05
3.39 1.16092e-05
3.4 -2.10565e-05
3.41 -5.28203e-05
3.42 -8.41733e-05
3.43 -0.00011561
3.44 -0.000147607
3.45 -0.00018062
3.46 -0.000215068
3.47 -0.000251289
3.48 -0.000289498
3.49 -0.000329765
3.5 -0.000372021
3.51 -0.000416075
3.52 -0.000461623
3.53 -0.000508263
3.54 -0.000555533
3.55 -0.000602961
3.56 -0.000650125
3.57 -0.000696662
3.58 -0.000742224
3.59 -0.00078647
3.6 -0.000829104
3.61 -0.000869896
3.62 -0.000908672
3.63 -0.000945316
3.64 -0.000979774
3.65 -0.00101205
3.66 -0.0010422
3.67 -0.00107037
3.68 -0.00109677
3.69 -0.00112165
3.7 -0.00114526
3.71 -0.00116786
3.72 -0.00118966
3.73 -0.0012109
3.74 -0.00123173
3.75 -0.00125227
3.76 -0.00127263
3.77 -0.00129286
3.78 -0.00131299
3.79 -0.001333
3.8 -0.00135284
3.81 -0.00137239
3.82 -0.0013915
3.83 -0.00140997
3.84 -0.00142759
3.85 -0.00144412
3.86 -0.00145938
3.87 -0.00147324
3.88 -0.0014857
3.89 -0.00149686
3.9 -0.00150695
3.91 -0.0015163
3.92 -0.00152537
3.93 -0.0015347
3.94 -0.00154483
3.95 -0.00155636
3.96 -0.00156982
3.97 -0.0015857
3.98 -0.0016044
3.99 -0.00162612
4 -0.00165092
4.01 -0.00167874
4.02 -0.00170933
4.03 -0.00174236
4.04 -0.00177735
4.05 -0.00181373
4.06 -0.00185078
4.07 -0.00188769
4.08 -0.00192349
4.09 -0.0019571
4.1 -0.00198736
4.11 -0.00201307
4.12 -0.00203316
4.13 -0.00204669
4.14 -0.00205294
4.15 -0.00205146
4.16 -0.00204213
4.17 -0.00202515
4.18 -0.00200102
4.19 -0.00197047
4.2 -0.00193442
4.21 -0.00189394
4.22 -0.00185017
4.23 -0.00180419
4.24 -0.00175697
4.25 -0.00170937
4.26 -0.00166222
4.27 -0.00161622
4.28 -0.00157197
4.29 -0.00152992
4.3 -0.00149037
4.31 -0.00145347
4.32 -0.00141923
4.33 -0.00138758
4.34 -0.0013583
4.35 -0.00133103
4.36 -0.00130525
4.37 -0.00128032
4.38 -0.00125552
4.39 -0.00123004
4.4 -0.00120305
4.41 -0.00117369
4.42 -0.00114104
4.43 -0.00110423
4.44 -0.00106241
4.45 -0.0010148
4.46 -0.000960802
4.47 -0.0009
4.48 -0.000832199
4.49 -0.000757352
4.5 -0.000675493
4.51 -0.000586701
4.52 -0.000491151
4.53 -0.000389147
4.54 -0.000281114
4.55 -0.00016758
4.56 -4.91614e-05
4.57 7.34464e-05
4.58 0.00019947
4.59 0.00032808
4.6 0.000458403
4.61 0.000589563
4.62 0.000720737
4.63 0.000851156
4.64 0.00098011
4.65 0.00110697
4.66 0.00123118
4.67 0.00135237
4.68 0.00147028
4.69 0.00158483
4.7 0.00169598
4.71 0.00180374
4.72 0.00190808
4.73 0.00200896
4.74 0.00210635
4.75 0.00220011
4.76 0.00229002
4.77 0.00237584
4.78 0.00245729
4.79 0.00253408
4.8 0.00260594
4.81 0.00267253
4.82 0.0027335
4.83 0.00278848
4.84 0.00283714
4.85 0.0028791
4.86 0.00291398
4.87 0.00294142
4.88 0.00296117
4.89 0.002973
4.9 0.00297672
4.91 0.00297219
4.92 0.00295937
4.93 0.00293827
4.94 0.00290894
4.95 0.00287146
4.96 0.00282596
4.97 0.00277262
4.98 0.00271169
4.99 0.00264351
5 0.00256846
5.01 0.00248696
5.02 0.00239937
5.03 0.00230594
5.04 0.00220684
5.05 0.0021021
5.06 0.00199166
5.07 0.0018753
5.08 0.00175271
5.09 0.00162356
5.1 0.00148746
5.11 0.00134399
5.12 0.00119279
5.13 0.00103354
5.14 0.000866073
5.15 0.000690331
5.16 0.000506475
5.17 0.000314907
5.18 0.000116238
5.19 -8.87673e-05
5.2 -0.000299195
5.21 -0.000513987
5.22 -0.000731998
5.23 -0.000952067
5.24 -0.00117306
5.25 -0.00139387
5.26 -0.00161334
5.27 -0.00183026
5.28 -0.00204336
5.29 -0.00225143
5.3 -0.00245325
5.31 -0.0026477
5.32 -0.00283373
5.33 -0.00301048
5.34 -0.00317731
5.35 -0.00333383
5.36 -0.00347988
5.37 -0.0036156
5.38 -0.00374141
5.39 -0.0038579
5.4 -0.0039657
5.41 -0.0040655
5.42 -0.00415797
5.43 -0.00424371
5.44 -0.00432318
5.45 -0.00439669
5.46 -0.0044644
5.47 -0.00452637
5.48 -0.00458259
5.49 -0.00463304
5.5 -0.00467763
5.51 -0.00471616
5.52 -0.00474839
5.53 -0.0047741
5.54 -0.00479307
5.55 -0.00480504
5.56 -0.00480973
5.57 -0.00480692
5.58 -0.0047965
5.59 -0.00477844
5.6 -0.00475276
5.61 -0.00471946
5.62 -0.00467853
5.63 -0.00462994
5.64 -0.00457368
5.65 -0.00450968
5.66 -0.00443795
5.67 -0.00435846
5.68 -0.00427115
5.69 -0.0041759
5.7 -0.00407253
5.71 -0.00396081
5.72 -0.00384042
5.73 -0.003711
5.74 -0.00357222
5.75 -0.00342372
5.76 -0.00326518
5.77 -0.00309637
5.78 -0.00291716
5.79 -0.00272762
5.8 -0.00252801
5.81 -0.00231878
5.82 -0.00210065
5.83 -0.00187459
5.84 -0.0016418
5.85 -0.00140364
5.86 -0.00116161
5.87 -0.000917263
5.88 -0.000672235
5.89 -0.000428147
5.9 -0.000186588
5.91 5.09545e-05
5.92 0.000283134
5.93 0.000508745
5.94 0.000726742
5.95 0.000936271
5.96 0.00113674
5.97 0.00132786
5.98 0.00150968
5.99 0.00168249
6 0.0018468
6.01 0.00200331
6.02 0.00215281
6.03 0.00229612
6.04 0.0024341
6.05 0.00256763
6.06 0.00269755
6.07 0.00282456
6.08 0.0029492
6.09 0.00307181
6.1 0.00319262
6.11 0.00331174
6.12 0.00342915
6.13 0.00354468
6.14 0.00365812
6.15 0.00376926
6.16 0.00387794
6.17 0.00398412
6.18 0.00408796
6.19 0.00418984
6.2 0.00429023
6.21 0.00438971
6.22 0.00448888
6.23 0.00458844
6.24 0.00468908
6.25 0.00479145
6.26 0.00489616
6.27 0.00500385
6.28 0.00511508
6.29 0.00523048
6.3 0.00535068
6.31 0.00547635
6.32 0.00560821
6.33 0.00574703
6.34 0.00589359
6.35 0.00604867
6.36 0.006213
6.37 0.0063871
6.38 0.00657115
6.39 0.00676502
6.4 0.00696832
6.41 0.00718046
6.42 0.00740078
6.43 0.00762864
6.44 0.00786345
6.45 0.00810481
6.46 0.0083526
6.47 0.00860685
6.48 0.00886767
6.49 0.00913508
6.5 0.0094089
6.51 0.00968859
6.52 0.00997316
6.53 0.0102612
6.54 0.010551
6.55 0.0108402
6.56 0.0111261
6.57 0.0114059
6.58 0.0116762
6.59 0.011934
6.6 0.0121763
6.61 0.0124004
6.62 0.0126042
6.63 0.0127856
6.64 0.0129434
6.65 0.0130761
6.66 0.0131829
6.67 0.0132625
6.68 0.0133141
6.69 0.0133366
6.7 0.013329
6.71 0.0132905
6.72 0.0132203
6.73 0.0131178
6.74 0.0129823
6.75 0.0128136
6.76 0.0126113
6.77 0.0123757
6.78 0.0121069
6.79 0.0118055
6.8 0.0114723
6.81 0.0111081
6.82 0.0107138
6.83 0.0102903
6.84 0.00983847
6.85 0.00935905
6.86 0.00885277
6.87 0.00832024
6.88 0.00776198
6.89 0.00717858
6.9 0.00657071
6.91 0.00593926
6.92 0.00528543
6.93 0.00461072
6.94 0.00391702
6.95 0.00320651
6.96 0.00248163
6.97 0.0017449
6.98 0.000998737
6.99 0.00024531
7 -0.000513497
7.01 -0.00127616
7.02 -0.0020415
7.03 -0.00280849
7.04 -0.00357613
7.05 -0.0043433
7.06 -0.00510863
7.07 -0.00587035
7.08 -0.00662635
7.09 -0.00737418
7.1 -0.00811114
7.11 -0.00883435
7.12 -0.00954095
7.13 -0.0102283
7.14 -0.010894
7.15 -0.0115365
7.16 -0.0121544
7.17 -0.0127468
7.18 -0.0133131
7.19 -0.0138532
7.2 -0.0143666
7.21 -0.0148533
7.22 -0.0153128
7.23 -0.0157447
7.24 -0.016148
7.25 -0.0165217
7.26 -0.0168645
7.27 -0.0171751
7.28 -0.0174521
7.29 -0.0176946
7.3 -0.017902
7.31 -0.0180742
7.32 -0.0182116
7.33 -0.0183149
7.34 -0.018385
7.35 -0.0184225
7.36 -0.0184281
7.37 -0.0184024
7.38 -0.0183454
7.39 -0.018257
7.4 -0.0181367
7.41 -0.0179841
7.42 -0.0177983
7.43 -0.0175789
7.44 -0.0173256
7.45 -0.0170385
7.46 -0.0167181
7.47 -0.0163653
7.48 -0.0159814
7.49 -0.0155684
7.5 -0.0151282
7.51 -0.0146636
7.52 -0.0141774
7.53 -0.0136724
7.54 -0.0131516
7.55 -0.0126179
7.56 -0.012074
7.57 -0.0115228
7.58 -0.0109672
7.59 -0.0104098
7.6 -0.0098536
7.61 -0.0093013
7.62 -0.00875544
7.63 -0.00821814
7.64 -0.00769103
7.65 -0.00717528
7.66 -0.00667155
7.67 -0.00617988
7.68 -0.00569968
7.69 -0.00522979
7.7 -0.00476849
7.71 -0.00431369
7.72 -0.00386323
7.73 -0.00341523
7.74 -0.00296819
7.75 -0.00252112
7.76 -0.00207352
7.77 -0.00162527
7.78 -0.00117656
7.79 -0.00072789
7.8 -0.000280031
7.81 0.000165965
7.82 0.000608852
7.83 0.00104718
7.84 0.0014793
7.85 0.00190343
7.86 0.0023177
7.87 0.00272023
7.88 0.00310915
7.89 0.00348274
7.9 0.00383948
7.91 0.00417808
7.92 0.00449754
7.93 0.00479717
7.94 0.00507658
7.95 0.00533571
7.96 0.0055747
7.97 0.00579396
7.98 0.0059941
7.99 0.00617588
8 0.00634014
8.01 0.00648767
8.02 0.00661917
8.03 0.00673522
8.04 0.00683623
8.05 0.00692236
8.06 0.0069935
8.07 0.00704932
8.08 0.00708934
8.09 0.00711306
8.1 0.00712005
8.11 0.00711012
8.12 0.00708346
8.13 0.00704065
8.14 0.00698266
8.15 0.00691078
8.16 0.00682658
8.17 0.00673189
8.18 0.00662864
8.19 0.00651883
8.2 0.00640438
8.21 0.00628715
8.22 0.00616878
8.23 0.00605075
8.24 0.00593438
8.25 0.00582082
8.26 0.00571099
8.27 0.00560555
8.28 0.00550495
8.29 0.00540932
8.3 0.00531845
8.31 0.00523169
8.32 0.00514786
8.33 0.00506518
8.34 0.00498142
8.35 0.00489395
8.36 0.00479994
8.37 0.0046966
8.38 0.00458137
8.39 0.00445215
8.4 0.0043074
8.41 0.00414626
8.42 0.00396837
8.43 0.00377387
8.44 0.00356333
8.45 0.00333777
8.46 0.00309864
8.47 0.00284779
8.48 0.00258741
8.49 0.0023199
8.5 0.00204779
8.51 0.00177361
8.52 0.00149978
8.53 0.00122842
8.54 0.000961248
8.55 0.000699492
8.56 0.000443979
8.57 0.000195239
8.58 -4.64159e-05
8.59 -0.000280821
8.6 -0.000507886
8.61 -0.000727519
8.62 -0.000939516
8.63 -0.00114346
8.64 -0.00133868
8.65 -0.0015242
8.66 -0.00169878
8.67 -0.00186094
8.68 -0.00200906
8.69 -0.0021415
8.7 -0.00225666
8.71 -0.00235299
8.72 -0.00242908
8.73 -0.00248375
8.74 -0.00251611
8.75 -0.00252552
8.76 -0.00251169
8.77 -0.00247472
8.78 -0.00241514
8.79 -0.00233382
8.8 -0.00223197
8.81 -0.00211113
8.82 -0.00197312
8.83 -0.00181987
8.84 -0.00165328
8.85 -0.00147513
8.86 -0.00128704
8.87 -0.0010905
8.88 -0.000886877
8.89 -0.000677324
8.9 -0.000462725
8.91 -0.000243706
8.92 -2.06875e-05
8.93 0.000206057
8.94 0.000436305
8.95 0.000669783
8.96 0.000906141
8.97 0.00114495
8.98 0.00138568
8.99 0.00162769
9 0.0018701
9.01 0.00211175
9.02 0.00235123
9.03 0.00258685
9.04 0.00281668
9.05 0.00303873
9.06 0.00325107
9.07 0.00345194
9.08 0.00363977
9.09 0.00381319
9.1 0.00397099
9.11 0.00411203
9.12 0.00423523
9.13 0.00433956
9.14 0.00442408
9.15 0.0044879
9.16 0.00453034
9.17 0.00455097
9.18 0.00454981
9.19 0.00452733
9.2 0.0044845
9.21 0.00442285
9.22 0.0043445
9.23 0.00425205
9.24 0.00414846
9.25 0.0040368
9.26 0.00391994
9.27 0.00380047
9.28 0.00368051
9.29 0.00356166
9.3 0.003445
9.31 0.00333137
9.32 0.00322147
9.33 0.00311588
9.34 0.00301507
9.35 0.00291947
9.36 0.00282944
9.37 0.00274528
9.38 0.00266724
9.39 0.00259553
9.4 0.00253021
9.41 0.00247112
9.42 0.00241784
9.43 0.00236956
9.44 0.00232507
9.45 0.00228268
9.46 0.00224035
9.47 0.0021959
9.48 0.00214706
9.49 0.00209173
9.5 0.00202812
9.51 0.00195483
9.52 0.00187088
9.53 0.00177567
9.54 0.00166894
9.55 0.00155052
9.56 0.0014203
9.57 0.00127808
9.58 0.00112348
9.59 0.000955879
9.6 0.00077449
9.61 0.000578441
9.62 0.000366903
9.63 0.000139218
9.64 -0.000104965
9.65 -0.000365617
9.66 -0.000642325
9.67 -0.000934303
9.68 -0.00124041
9.69 -0.00155918
9.7 -0.00188895
9.71 -0.00222801
9.72 -0.00257468
9.73 -0.00292737
9.74 -0.00328468
9.75 -0.00364547
9.76 -0.0040089
9.77 -0.00437436
9.78 -0.00474146
9.79 -0.00511
9.8 -0.00548001
9.81 -0.00585174
9.82 -0.00622556
9.83 -0.00660204
9.84 -0.00698182
9.85 -0.00736567
9.86 -0.00775436
9.87 -0.00814856
9.88 -0.00854877
9.89 -0.00895531
9.9 -0.00936833
9.91 -0.00978772
9.92 -0.010213
9.93 -0.0106434
9.94 -0.0110778
9.95 -0.0115148
9.96 -0.011953
9.97 -0.0123906
9.98 -0.0128262
9.99 -0.0132586
10 -0.0136866
10.01 -0.0141095
10.02 -0.0145265
10.03 -0.0149375
10.04 -0.0153422
10.05 -0.0157404
10.06 -0.0161318
10.07 -0.016516
10.08 -0.0168923
10.09 -0.0172598
10.1 -0.0176175
10.11 -0.0179644
10.12 -0.0182993
10.13 -0.0186214
10.14 -0.01893
10.15 -0.0192252
10.16 -0.0195072
10.17 -0.0197763
10.18 -0.0200325
10.19 -0.020276
10.2 -0.0205066
10.21 -0.0207241
10.22 -0.0209279
10.23 -0.0211177
10.24 -0.0212929
10.25 -0.0214529
10.26 -0.0215974
10.27 -0.0217259
10.28 -0.021838
10.29 -0.0219336
10.3 -0.0220125
10.31 -0.0220743
10.32 -0.0221189
10.33 -0.0221457
10.34 -0.0221545
10.35 -0.0221448
10.36 -0.0221162
10.37 -0.0220683
10.38 -0.0220009
10.39 -0.0219136
10.4 -0.0218062
10.41 -0.0216784
10.42 -0.0215297
10.43 -0.0213595
10.44 -0.021167
10.45 -0.0209514
10.46 -0.0207115
10.47 -0.0204462
10.48 -0.0201546
10.49 -0.019836
10.5 -0.0194899
10.51 -0.0191162
10.52 -0.0187154
10.53 -0.0182882
10.54 -0.0178355
10.55 -0.0173584
10.56 -0.0168583
10.57 -0.0163365
10.58 -0.0157944
10.59 -0.0152336
10.6 -0.0146556
10.61 -0.0140619
10.62 -0.0134542
10.63 -0.0128343
10.64 -0.012204
10.65 -0.0115653
10.66 -0.0109203
10.67 -0.0102712
10.68 -0.00962023
10.69 -0.00896941
10.7 -0.0083207
10.71 -0.00767582
10.72 -0.0070363
10.73 -0.00640356
10.74 -0.00577883
10.75 -0.00516327
10.76 -0.00455796
10.77 -0.00396387
10.78 -0.00338182
10.79 -0.00281251
10.8 -0.00225656
10.81 -0.00171449
10.82 -0.00118677
10.83 -0.00067374
10.84 -0.000175685
10.85 0.000307138
10.86 0.00077445
10.87 0.00122588
10.88 0.00166101
10.89 0.00207935
10.9 0.00248043
10.91 0.00286375
10.92 0.00322892
10.93 0.00357572
10.94 0.0039042
10.95 0.00421469
10.96 0.00450776
10.97 0.00478423
10.98 0.00504506
10.99 0.0052913
11 0.00552394
11.01 0.00574389
11.02 0.00595194
11.03 0.00614877
11.04 0.00633481
11.05 0.00651038
11.06 0.00667568
11.07 0.00683086
11.08 0.00697597
11.09 0.007111
11.1 0.00723593
11.11 0.00735077
11.12 0.00745562
11.13 0.00755069
11.14 0.00763625
11.15 0.00771255
11.16 0.00777992
11.17 0.00783886
11.18 0.00789006
11.19 0.00793446
11.2 0.00797319
11.21 0.00800761
11.22 0.00803923
11.23 0.00806964
11.24 0.00810034
11.25 0.00813249
11.26 0.00816677
11.27 0.0082034
11.28 0.00824221
11.29 0.00828273
11.3 0.00832436
11.31 0.00836642
11.32 0.00840821
11.33 0.00844913
11.34 0.00848876
11.35 0.008527
11.36 0.00856413
11.37 0.00860074
11.38 0.00863755
11.39 0.00867529
11.4 0.00871465
11.41 0.00875624
11.42 0.00880043
11.43 0.00884729
11.44 0.00889667
11.45 0.00894817
11.46 0.0090013
11.47 0.00905559
11.48 0.00911069
11.49 0.00916652
11.5 0.00922336
11.51 0.00928188
11.52 0.00934303
11.53 0.00940798
11.54 0.00947801
11.55 0.00955443
11.56 0.00963836
11.57 0.00973066
11.58 0.00983188
11.59 0.00994229
11.6 0.0100621
11.61 0.0101913
11.62 0.0103301
11.63 0.0104787
11.64 0.010637
11.65 0.0108053
11.66 0.0109836
11.67 0.0111718
11.68 0.01137
11.69 0.011578
11.7 0.0117954
11.71 0.0120217
11.72 0.0122561
11.73 0.0124973
11.74 0.0127438
11.75 0.0129939
11.76 0.0132452
11.77 0.0134953
11.78 0.0137413
11.79 0.0139802
11.8 0.0142085
11.81 0.014423
11.82 0.0146207
11.83 0.0147987
11.84 0.0149547
11.85 0.0150867
11.86 0.0151928
11.87 0.0152714
11.88 0.0153208
11.89 0.0153397
11.9 0.0153265
11.91 0.01528
11.92 0.0151991
11.93 0.0150829
11.94 0.0149305
11.95 0.0147414
11.96 0.014515
11.97 0.014251
11.98 0.0139491
11.99 0.0136095
12 0.0132327
12.01 0.0128192
12.02 0.01237
12.03 0.0118864
12.04 0.0113701
12.05 0.0108231
12.06 0.0102475
12.07 0.00964549
12.08 0.00901947
12.09 0.00837146
12.1 0.00770331
12.11 0.00701663
12.12 0.0063128
12.13 0.0055929
12.14 0.00485766
12.15 0.0041075
12.16 0.00334261
12.17 0.00256303
12.18 0.00176877
12.19 0.000959893
12.2 0.00013641
12.21 -0.000701586
12.22 -0.00155383
12.23 -0.00241991
12.24 -0.00329935
12.25 -0.00419161
12.26 -0.00509591
12.27 -0.0060113
12.28 -0.00693666
12.29 -0.00787072
12.3 -0.00881201
12.31 -0.00975894
12.32 -0.0107097
12.33 -0.0116621
12.34 -0.0126138
12.35 -0.0135622
12.36 -0.0145047
12.37 -0.0154382
12.38 -0.0163597
12.39 -0.0172657
12.4 -0.0181529
12.41 -0.0190178
12.42 -0.0198571
12.43 -0.0206677
12.44 -0.0214472
12.45 -0.0221945
12.46 -0.0229087
12.47 -0.0235885
12.48 -0.0242323
12.49 -0.0248382
12.5 -0.0254038
12.51 -0.0259261
12.52 -0.026402
12.53 -0.0268277
12.54 -0.0271997
12.55 -0.0275142
12.56 -0.0277679
12.57 -0.0279578
12.58 -0.028081
12.59 -0.0281349
12.6 -0.0281169
12.61 -0.0280248
12.62 -0.0278562
12.63 -0.0276097
12.64 -0.0272839
12.65 -0.0268782
12.66 -0.0263921
12.67 -0.0258258
12.68 -0.02518
12.69 -0.0244561
12.7 -0.0236561
12.71 -0.0227824
12.72 -0.021838
12.73 -0.0208259
12.74 -0.0197495
12.75 -0.0186124
12.76 -0.0174181
12.77 -0.0161703
12.78 -0.0148726
12.79 -0.0135286
12.8 -0.012142
12.81 -0.0107166
12.82 -0.0092563
12.83 -0.00776518
12.84 -0.00624747
12.85 -0.00470742
12.86 -0.00314921
12.87 -0.00157696
12.88 5.43909e-06
12.89 0.00159435
12.9 0.0031864
12.91 0.00477841
12.92 0.00636725
12.93 0.00794982
12.94 0.00952408
12.95 0.0110899
12.96 0.0126473
12.97 0.014196
12.98 0.0157356
12.99 0.0172655
13 0.0187853
13.01 0.0202945
13.02 0.0217928
13.03 0.0232802
13.04 0.0247568
13.05 0.0262227
13.06 0.027678
13.07 0.0291226
13.08 0.0305565
13.09 0.0319789
13.1 0.0333893
13.11 0.0347865
13.12 0.0361693
13.13 0.0375364
13.14 0.0388866
13.15 0.0402188
13.16 0.0415321
13.17 0.0428258
13.18 0.0440996
13.19 0.0453532
13.2 0.0465864
13.21 0.0477994
13.22 0.048992
13.23 0.050164
13.24 0.0513155
13.25 0.0524462
13.26 0.0535559
13.27 0.0546441
13.28 0.0557105
13.29 0.0567544
13.3 0.0577752
13.31 0.058772
13.32 0.0597438
13.33 0.0606893
13.34 0.0616072
13.35 0.0624961
13.36 0.0633545
13.37 0.0641811
13.38 0.0649749
13.39 0.065735
13.4 0.0664604
13.41 0.0671507
13.42 0.0678054
13.43 0.0684245
13.44 0.0690081
13.45 0.0695566
13.46 0.0700705
13.47 0.0705507
13.48 0.0709983
13.49 0.0714143
13.5 0.0717999
13.51 0.0721565
13.52 0.0724856
13.53 0.0727884
13.54 0.0730666
13.55 0.0733219
13.56 0.073556
13.57 0.0737706
13.58 0.0739674
13.59 0.0741477
13.6 0.0743128
13.61 0.0744638
13.62 0.0746016
13.63 0.0747271
13.64 0.0748413
13.65 0.074945
13.66 0.0750391
13.67 0.0751244
13.68 0.0752018
13.69 0.0752719
13.7 0.0753353
13.71 0.0753923
13.72 0.075443
13.73 0.0754875
13.74 0.0755254
13.75 0.0755562
13.76 0.0755791
13.77 0.075593
13.78 0.0755961
13.79 0.0755865
13.8 0.0755618
13.81 0.0755192
13.82 0.0754554
13.83 0.0753671
13.84 0.0752512
13.85 0.0751053
13.86 0.0749281
13.87 0.0747185
13.88 0.074476
13.89 0.0741999
13.9 0.0738898
13.91 0.0735452
13.92 0.0731657
13.93 0.072751
13.94 0.0723009
13.95 0.0718151
13.96 0.0712935
13.97 0.0707362
13.98 0.0701432
13.99 0.0695146
14 0.0688507
14.01 0.0681516
14.02 0.0674175
14.03 0.0666487
14.04 0.0658456
14.05 0.0650089
14.06 0.064139
14.07 0.0632367
14.08 0.0623022
14.09 0.061336
14.1 0.0603383
14.11 0.0593088
14.12 0.0582474
14.13 0.0571535
14.14 0.0560262
14.15 0.0548644
14.16 0.0536668
14.17 0.052432
14.18 0.0511587
14.19 0.0498456
14.2 0.0484917
14.21 0.047096
14.22 0.0456577
14.23 0.0441759
14.24 0.0426498
14.25 0.0410786
14.26 0.0394613
14.27 0.037796
14.28 0.0360787
14.29 0.0343052
14.3 0.032472
14.31 0.030576
14.32 0.0286142
14.33 0.0265845
14.34 0.0244847
14.35 0.0223129
14.36 0.0200672
14.37 0.0177455
14.38 0.0153455
14.39 0.0128645
14.4 0.0103001
14.41 0.00764955
14.42 0.00491024
14.43 0.00207969
14.44 -0.000844324
14.45 -0.0038636
14.46 -0.00697936
14.47 -0.0101924
14.48 -0.013503
14.49 -0.0169115
14.5 -0.0204179
14.51 -0.0240223
14.52 -0.0277247
14.53 -0.0315254
14.54 -0.0354249
14.55 -0.0394235
14.56 -0.0435217
14.57 -0.0477203
14.58 -0.0520196
14.59 -0.0564204
14.6 -0.0609229
14.61 -0.0655273
14.62 -0.0702333
14.63 -0.0750399
14.64 -0.0799456
14.65 -0.0849477
14.66 -0.0900428
14.67 -0.0952269
14.68 -0.100496
14.69 -0.105845
14.7 -0.11127
14.71 -0.116768
14.72 -0.122335
14.73 -0.127966
14.74 -0.133656
14.75 -0.139398
14.76 -0.145185
14.77 -0.151011
14.78 -0.156868
14.79 -0.16275
14.8 -0.168649
14.81 -0.174559
14.82 -0.180472
14.83 -0.186382
14.84 -0.192283
14.85 -0.198167
14.86 -0.204029
14.87 -0.209861
14.88 -0.215657
14.89 -0.221411
14.9 -0.227115
14.91 -0.232764
14.92 -0.23835
14.93 -0.243866
14.94 -0.249305
14.95 -0.254661
14.96 -0.259926
14.97 -0.265094
14.98 -0.270159
14.99 -0.275116
15 -0.279961
15.01 -0.284692
15.02 -0.289309
15.03 -0.293812
15.04 -0.298203
15.05 -0.302483
15.06 -0.306657
15.07 -0.310728
15.08 -0.314701
15.09 -0.31858
15.1 -0.32237
15.11 -0.326076
15.12 -0.329702
15.13 -0.333253
15.14 -0.336733
15.15 -0.340148
15.16 -0.343502
15.17 -0.346798
15.18 -0.350041
15.19 -0.353233
15.2 -0.356376
15.21 -0.359474
15.22 -0.362529
15.23 -0.365543
15.24 -0.368521
15.25 -0.371464
15.26 -0.374377
15.27 -0.377264
15.28 -0.38013
15.29 -0.382979
15.3 -0.385816
15.31 -0.388644
15.32 -0.391467
15.33 -0.394287
15.34 -0.397107
15.35 -0.399927
15.36 -0.402752
15.37 -0.405583
15.38 -0.408423
15.39 -0.411274
15.4 -0.41414
15.41 -0.41702
15.42 -0.419918
15.43 -0.422835
15.44 -0.42577
15.45 -0.428724
15.46 -0.431698
15.47 -0.434689
15.48 -0.437696
15.49 -0.440718
15.5 -0.443749
15.51 -0.446787
15.52 -0.449827
15.53 -0.452862
15.54 -0.455888
15.55 -0.458898
15.56 -0.461888
15.57 -0.464853
15.58 -0.467786
15.59 -0.470683
15.6 -0.473538
15.61 -0.476346
15.62 -0.479102
15.63 -0.4818
15.64 -0.484435
15.65 -0.487001
15.66 -0.489493
15.67 -0.491906
15.68 -0.494234
15.69 -0.496473
15.7 -0.498616
15.71 -0.500659
15.72 -0.502598
15.73 -0.504426
15.74 -0.506138
15.75 -0.50773
15.76 -0.509195
15.77 -0.510529
15.78 -0.511727
15.79 -0.512783
15.8 -0.513692
15.81 -0.51445
15.82 -0.515052
15.83 -0.515495
15.84 -0.515774
15.85 -0.515886
15.86 -0.515828
15.87 -0.515598
15.88 -0.515194
15.89 -0.514614
15.9 -0.513857
15.91 -0.512923
15.92 -0.511812
15.93 -0.510525
15.94 -0.509062
15.95 -0.507425
15.96 -0.505615
15.97 -0.503636
15.98 -0.50149
15.99 -0.499182
16 -0.496717
16.01 -0.4941
16.02 -0.491339
16.03 -0.488442
16.04 -0.485417
16.05 -0.482275
16.06 -0.479028
16.07 -0.475684
16.08 -0.472249
16.09 -0.468728
16.1 -0.465125
16.11 -0.461446
16.12 -0.457696
16.13 -0.45388
16.14 -0.450003
16.15 -0.44607
16.16 -0.442087
16.17 -0.438059
16.18 -0.433992
16.19 -0.429891
16.2 -0.425762
16.21 -0.42161
16.22 -0.417441
16.23 -0.413258
16.24 -0.409065
16.25 -0.404867
16.26 -0.400664
16.27 -0.396459
16.28 -0.392253
16.29 -0.388046
16.3 -0.383838
16.31 -0.379631
16.32 -0.375425
16.33 -0.371218
16.34 -0.367013
16.35 -0.362808
16.36 -0.358602
16.37 -0.354397
16.38 -0.350191
16.39 -0.345985
16.4 -0.341777
16.41 -0.337567
16.42 -0.333355
16.43 -0.32914
16.44 -0.324922
16.45 -0.320701
16.46 -0.316476
16.47 -0.312247
16.48 -0.308013
16.49 -0.303775
16.5 -0.299533
16.51 -0.295286
16.52 -0.291034
16.53 -0.286777
16.54 -0.282515
16.55 -0.278247
16.56 -0.273974
16.57 -0.269695
16.58 -0.265411
16.59 -0.261122
16.6 -0.256828
16.61 -0.25253
16.62 -0.24823
16.63 -0.243928
16.64 -0.239626
16.65 -0.235326
16.66 -0.23103
16.67 -0.226741
16.68 -0.222463
16.69 -0.218198
16.7 -0.213951
16.71 -0.209725
16.72 -0.205524
16.73 -0.20135
16.74 -0.197206
16.75 -0.193094
16.76 -0.189015
16.77 -0.184971
16.78 -0.180963
16.79 -0.176991
16.8 -0.173057
16.81 -0.16916
16.82 -0.165301
16.83 -0.16148
16.84 -0.157698
16.85 -0.153953
16.86 -0.150247
16.87 -0.146579
16.88 -0.14295
16.89 -0.139359
16.9 -0.135809
16.91 -0.132299
16.92 -0.128831
16.93 -0.125405
16.94 -0.122022
16.95 -0.118682
16.96 -0.115388
16.97 -0.112138
16.98 -0.108933
16.99 -0.105775
17 -0.102662
17.01 -0.0995951
17.02 -0.0965747
17.03 -0.0936007
17.04 -0.0906734
17.05 -0.0877932
17.06 -0.0849603
17.07 -0.082175
17.08 -0.0794374
17.09 -0.0767478
17.1 -0.0741064
17.11 -0.0715133
17.12 -0.0689689
17.13 -0.0664734
17.14 -0.0640269
17.15 -0.0616297
17.16 -0.0592819
17.17 -0.0569838
17.18 -0.0547355
17.19 -0.0525373
17.2 -0.0503892
17.21 -0.0482915
17.22 -0.0462441
17.23 -0.0442472
17.24 -0.0423008
17.25 -0.0404051
17.26 -0.0385604
17.27 -0.0367671
17.28 -0.0350255
17.29 -0.0333363
17.3 -0.0317
17.31 -0.0301173
17.32 -0.0285888
17.33 -0.027115
17.34 -0.0256966
17.35 -0.0243345
17.36 -0.0230299
17.37 -0.021784
17.38 -0.0205987
17.39 -0.0194761
17.4 -0.018419
17.41 -0.0174304
17.42 -0.0165138
17.43 -0.015673
17.44 -0.0149115
17.45 -0.0142325
17.46 -0.0136388
17.47 -0.0131324
17.48 -0.012715
17.49 -0.0123879
17.5 -0.0121522
17.51 -0.012009
17.52 -0.0119594
17.53 -0.0120047
17.54 -0.012146
17.55 -0.0123842
17.56 -0.0127197
17.57 -0.0131527
17.58 -0.0136828
17.59 -0.0143093
17.6 -0.0150308
17.61 -0.0158452
17.62 -0.01675
17.63 -0.0177419
17.64 -0.0188171
17.65 -0.0199714
17.66 -0.0211999
17.67 -0.0224976
17.68 -0.0238589
17.69 -0.0252782
17.7 -0.0267496
17.71 -0.0282674
17.72 -0.0298261
17.73 -0.0314207
17.74 -0.0330461
17.75 -0.0346975
17.76 -0.0363698
17.77 -0.0380576
17.78 -0.039755
17.79 -0.0414556
17.8 -0.0431529
17.81 -0.0448398
17.82 -0.0465096
17.83 -0.0481553
17.84 -0.0497715
17.85 -0.0513548
17.86 -0.0529023
17.87 -0.0544109
17.88 -0.0558775
17.89 -0.0572996
17.9 -0.0586751
17.91 -0.0600024
17.92 -0.0612804
17.93 -0.0625085
17.94 -0.063686
17.95 -0.0648126
17.96 -0.0658881
17.97 -0.0669124
17.98 -0.0678858
17.99 -0.0688083
18 -0.0696803
18.01 -0.0705021
18.02 -0.0712741
18.03 -0.0719966
18.04 -0.0726698
18.05 -0.0732941
18.06 -0.0738694
18.07 -0.074396
18.08 -0.0748739
18.09 -0.0753033
18.1 -0.0756845
18.11 -0.0760178
18.12 -0.0763033
18.13 -0.0765414
18.14 -0.0767321
18.15 -0.0768754
18.16 -0.0769713
18.17 -0.0770192
18.18 -0.0770188
18.19 -0.0769693
18.2 -0.07687
18.21 -0.0767201
18.22 -0.0765189
18.23 -0.0762658
18.24 -0.0759605
18.25 -0.0756029
18.26 -0.0751929
18.27 -0.0747309
18.28 -0.074217
18.29 -0.0736517
18.3 -0.0730352
18.31 -0.0723681
18.32 -0.0716509
18.33 -0.0708839
18.34 -0.070068
18.35 -0.0692039
18.36 -0.0682928
18.37 -0.067336
18.38 -0.066335
18.39 -0.0652914
18.4 -0.0642069
18.41 -0.063083
18.42 -0.0619213
18.43 -0.0607232
18.44 -0.0594898
18.45 -0.0582222
18.46 -0.0569211
18.47 -0.0555873
18.48 -0.0542214
18.49 -0.052824
18.5 -0.0513957
18.51 -0.0499376
18.52 -0.0484507
18.53 -0.0469365
18.54 -0.0453967
18.55 -0.0438333
18.56 -0.0422485
18.57 -0.0406448
18.58 -0.0390234
18.59 -0.0373836
18.6 -0.0357243
18.61 -0.0340449
18.62 -0.0323446
18.63 -0.0306229
18.64 -0.0288791
18.65 -0.0271125
18.66 -0.0253226
18.67 -0.0235093
18.68 -0.0216729
18.69 -0.0198143
18.7 -0.0179353
18.71 -0.0160385
18.72 -0.0141275
18.73 -0.0122066
18.74 -0.0102802
18.75 -0.00835309
18.76 -0.00642972
18.77 -0.0045145
18.78 -0.00261183
18.79 -0.00072607
18.8 0.00113836
18.81 0.00297703
18.82 0.00478541
18.83 0.00655896
18.84 0.00829303
18.85 0.00998293
18.86 0.0116239
18.87 0.0132112
18.88 0.0147402
18.89 0.0162063
18.9 0.0176053
18.91 0.0189335
18.92 0.0201876
18.93 0.0213651
18.94 0.022464
18.95 0.0234829
18.96 0.0244203
18.97 0.0252746
18.98 0.0260445
18.99 0.026728
19 0.0273231
19.01 0.0278275
19.02 0.0282383
19.03 0.0285526
19.04 0.0287673
19.05 0.0288795
19.06 0.0288865
19.07 0.028786
19.08 0.0285763
19.09 0.0282562
19.1 0.0278251
19.11 0.0272827
19.12 0.0266286
19.13 0.0258624
19.14 0.0249839
19.15 0.0239929
19.16 0.0228896
19.17 0.0216749
19.18 0.0203505
19.19 0.0189192
19.2 0.0173847
19.21 0.0157517
19.22 0.0140258
19.23 0.0122131
19.24 0.0103202
19.25 0.00835376
19.26 0.00631986
19.27 0.00422412
19.28 0.0020716
19.29 -0.000132821
19.3 -0.00238409
19.31 -0.00467678
19.32 -0.00700511
19.33 -0.00936434
19.34 -0.0117519
19.35 -0.0141656
19.36 -0.0166026
19.37 -0.0190597
19.38 -0.0215335
19.39 -0.0240209
19.4 -0.0265188
19.41 -0.0290242
19.42 -0.0315338
19.43 -0.0340445
19.44 -0.0365533
19.45 -0.039057
19.46 -0.0415526
19.47 -0.0440371
19.48 -0.0465074
19.49 -0.0489607
19.5 -0.0513941
19.51 -0.0538051
19.52 -0.0561913
19.53 -0.0585506
19.54 -0.0608809
19.55 -0.0631808
19.56 -0.0654492
19.57 -0.0676857
19.58 -0.0698898
19.59 -0.0720614
19.6 -0.0742003
19.61 -0.0763067
19.62 -0.0783806
19.63 -0.0804223
19.64 -0.0824322
19.65 -0.0844104
19.66 -0.0863573
19.67 -0.0882735
19.68 -0.0901593
19.69 -0.0920155
19.7 -0.0938428
19.71 -0.095642
19.72 -0.0974143
19.73 -0.0991605
19.74 -0.100882
19.75 -0.102578
19.76 -0.104251
19.77 -0.105901
19.78 -0.107527
19.79 -0.10913
19.8 -0.11071
19.81 -0.112266
19.82 -0.113799
19.83 -0.115309
19.84 -0.116797
19.85 -0.118262
19.86 -0.119706
19.87 -0.12113
19.88 -0.122534
19.89 -0.123919
19.9 -0.125286
19.91 -0.126636
19.92 -0.127969
19.93 -0.129287
19.94 -0.130588
19.95 -0.131873
19.96 -0.133143
19.97 -0.134398
19.98 -0.135639
19.99 -0.136866
20 -0.138082
20.01 -0.139287
20.02 -0.140482
20.03 -0.141669
20.04 -0.142848
20.05 -0.144019
20.06 -0.145183
20.07 -0.146339
20.08 -0.147485
20.09 -0.14862
20.1 -0.149741
20.11 -0.150847
20.12 -0.151935
20.13 -0.153001
20.14 -0.154045
20.15 -0.155062
20.16 -0.156052
20.17 -0.157012
20.18 -0.15794
20.19 -0.158833
20.2 -0.159692
20.21 -0.160514
20.22 -0.161298
20.23 -0.162045
20.24 -0.162752
20.25 -0.163419
20.26 -0.164045
20.27 -0.16463
20.28 -0.165173
20.29 -0.165673
20.3 -0.166132
20.31 -0.166548
20.32 -0.166922
20.33 -0.167256
20.34 -0.167548
20.35 -0.167801
20.36 -0.168014
20.37 -0.168187
20.38 -0.168321
20.39 -0.168415
20.4 -0.168469
20.41 -0.16848
20.42 -0.168448
20.43 -0.168371
20.44 -0.168247
20.45 -0.168074
20.46 -0.167851
20.47 -0.167577
20.48 -0.16725
20.49 -0.166869
20.5 -0.166433
20.51 -0.16594
20.52 -0.165391
20.53 -0.164783
20.54 -0.164115
20.55 -0.163388
20.56 -0.162601
20.57 -0.161753
20.58 -0.160844
20.59 -0.159876
20.6 -0.158849
20.61 -0.157765
20.62 -0.156628
20.63 -0.155439
20.64 -0.154201
20.65 -0.152918
20.66 -0.151592
20.67 -0.150227
20.68 -0.148826
20.69 -0.147392
20.7 -0.145928
20.71 -0.144437
20.72 -0.142921
20.73 -0.141385
20.74 -0.13983
20.75 -0.13826
20.76 -0.136678
20.77 -0.135086
20.78 -0.133488
20.79 -0.131887
20.8 -0.130282
20.81 -0.128673
20.82 -0.127057
20.83 -0.125431
20.84 -0.123795
20.85 -0.122145
20.86 -0.12048
20.87 -0.118797
20.88 -0.117096
20.89 -0.115375
20.9 -0.113634
20.91 -0.111871
20.92 -0.110087
20.93 -0.108281
20.94 -0.106453
20.95 -0.104602
20.96 -0.102728
20.97 -0.100832
20.98 -0.0989132
20.99 -0.0969732
21 -0.095013
21.01 -0.093034
21.02 -0.0910382
21.03 -0.089028
21.04 -0.0870059
21.05 -0.0849746
21.06 -0.0829366
21.07 -0.0808945
21.08 -0.0788507
21.09 -0.0768076
21.1 -0.0747678
21.11 -0.0727336
21.12 -0.0707069
21.13 -0.0686893
21.14 -0.0666821
21.15 -0.0646864
21.16 -0.0627032
21.17 -0.0607333
21.18 -0.0587775
21.19 -0.0568368
21.2 -0.054912
21.21 -0.0530039
21.22 -0.0511134
21.23 -0.0492413
21.24 -0.0473884
21.25 -0.0455553
21.26 -0.0437427
21.27 -0.0419507
21.28 -0.0401796
21.29 -0.0384291
21.3 -0.0366991
21.31 -0.034989
21.32 -0.0332987
21.33 -0.0316278
21.34 -0.0299763
21.35 -0.0283444
21.36 -0.0267325
21.37 -0.025141
21.38 -0.0235708
21.39 -0.0220231
21.4 -0.0204991
21.41 -0.0190003
21.42 -0.0175286
21.43 -0.0160855
21.44 -0.014673
21.45 -0.0132925
21.46 -0.0119458
21.47 -0.010634
21.48 -0.00935839
21.49 -0.00812015
21.5 -0.00692045
21.51 -0.00576051
21.52 -0.00464149
21.53 -0.00356449
21.54 -0.00253057
21.55 -0.00154074
21.56 -0.000596061
21.57 0.000302368
21.58 0.00115328
21.59 0.00195523
21.6 0.00270661
21.61 0.00340577
21.62 0.00405111
21.63 0.00464123
21.64 0.00517496
21.65 0.00565145
21.66 0.00607025
21.67 0.00643113
21.68 0.00673412
21.69 0.00697933
21.7 0.00716693
21.71 0.00729701
21.72 0.00736967
21.73 0.00738509
21.74 0.00734355
21.75 0.00724562
21.76 0.00709223
21.77 0.00688467
21.78 0.00662451
21.79 0.00631356
21.8 0.00595375
21.81 0.00554698
21.82 0.00509504
21.83 0.00459947
21.84 0.00406163
21.85 0.00348266
21.86 0.00286354
21.87 0.00220513
21.88 0.00150818
21.89 0.000773307
21.9 1.2003e-06
21.91 -0.000807345
21.92 -0.00165136
21.93 -0.00252965
21.94 -0.00344074
21.95 -0.00438295
21.96 -0.00535453
21.97 -0.00635383
21.98 -0.00737941
21.99 -0.00843009
22 -0.00950508
22.01 -0.0106039
22.02 -0.0117264
22.03 -0.0128724
22.04 -0.0140418
22.05 -0.015234
22.06 -0.0164476
22.07 -0.0176808
22.08 -0.0189308
22.09 -0.0201948
22.1 -0.0214697
22.11 -0.022752
22.12 -0.0240383
22.13 -0.0253249
22.14 -0.0266085
22.15 -0.0278856
22.16 -0.0291529
22.17 -0.0304088
22.18 -0.0316535
22.19 -0.0328873
22.2 -0.03411
22.21 -0.0353212
22.22 -0.0365205
22.23 -0.0377071
22.24 -0.0388803
22.25 -0.0400389
22.26 -0.0411819
22.27 -0.0423083
22.28 -0.0434172
22.29 -0.0445077
22.3 -0.0455792
22.31 -0.0466315
22.32 -0.0476648
22.33 -0.0486797
22.34 -0.0496767
22.35 -0.0506567
22.36 -0.0516208
22.37 -0.0525697
22.38 -0.0535044
22.39 -0.0544255
22.4 -0.0553336
22.41 -0.0562292
22.42 -0.0571123
22.43 -0.057983
22.44 -0.0588411
22.45 -0.0596866
22.46 -0.0605189
22.47 -0.0613375
22.48 -0.0621413
22.49 -0.0629292
22.5 -0.0636998
22.51 -0.0644515
22.52 -0.0651823
22.53 -0.0658902
22.54 -0.0665729
22.55 -0.0672281
22.56 -0.0678536
22.57 -0.068447
22.58 -0.0690059
22.59 -0.0695278
22.6 -0.0700103
22.61 -0.070451
22.62 -0.0708475
22.63 -0.0711976
22.64 -0.0714991
22.65 -0.0717502
22.66 -0.0719493
22.67 -0.0720951
22.68 -0.0721868
22.69 -0.0722237
22.7 -0.0722051
22.71 -0.0721303
22.72 -0.0719985
22.73 -0.0718092
22.74 -0.0715618
22.75 -0.0712555
22.76 -0.0708902
22.77 -0.0704656
22.78 -0.0699819
22.79 -0.0694392
22.8 -0.0688382
22.81 -0.0681793
22.82 -0.0674635
22.83 -0.0666914
22.84 -0.0658643
22.85 -0.0649833
22.86 -0.0640498
22.87 -0.0630654
22.88 -0.0620318
22.89 -0.060951
22.9 -0.0598251
22.91 -0.0586568
22.92 -0.0574488
22.93 -0.0562041
22.94 -0.054926
22.95 -0.053618
22.96 -0.0522838
22.97 -0.0509275
22.98 -0.049553
22.99 -0.0481641
23 -0.0467642
23.01 -0.0453562
23.02 -0.0439428
23.03 -0.0425265
23.04 -0.0411092
23.05 -0.0396931
23.06 -0.0382801
23.07 -0.0368721
23.08 -0.0354708
23.09 -0.0340767
23.1 -0.0326899
23.11 -0.0313104
23.12 -0.0299387
23.13 -0.0285748
23.14 -0.0272191
23.15 -0.0258715
23.16 -0.0245324
23.17 -0.0232017
23.18 -0.0218796
23.19 -0.020566
23.2 -0.0192608
23.21 -0.0179638
23.22 -0.0166748
23.23 -0.0153938
23.24 -0.0141207
23.25 -0.0128553
23.26 -0.0115976
23.27 -0.0103476
23.28 -0.009105
23.29 -0.00786962
23.3 -0.00664108
23.31 -0.00541893
23.32 -0.00420266
23.33 -0.00299177
23.34 -0.00178586
23.35 -0.000584551
23.36 0.000612395
23.37 0.00180507
23.38 0.0029934
23.39 0.00417717
23.4 0.0053559
23.41 0.00652884
23.42 0.00769502
23.43 0.00885328
23.44 0.0100023
23.45 0.0111404
23.46 0.0122662
23.47 0.013378
23.48 0.0144746
23.49 0.015555
23.5 0.0166184
23.51 0.0176642
23.52 0.0186919
23.53 0.019701
23.54 0.0206912
23.55 0.021662
23.56 0.0226131
23.57 0.0235443
23.58 0.0244556
23.59 0.0253467
23.6 0.0262179
23.61 0.0270692
23.62 0.0279006
23.63 0.0287125
23.64 0.0295052
23.65 0.0302791
23.66 0.0310347
23.67 0.0317724
23.68 0.0324925
23.69 0.0331952
23.7 0.0338806
23.71 0.0345485
23.72 0.0351986
23.73 0.0358303
23.74 0.0364432
23.75 0.0370362
23.76 0.0376081
23.77 0.0381576
23.78 0.0386825
23.79 0.0391808
23.8 0.0396499
23.81 0.0400872
23.82 0.0404901
23.83 0.0408563
23.84 0.0411832
23.85 0.0414686
23.86 0.0417102
23.87 0.0419056
23.88 0.0420528
23.89 0.0421496
23.9 0.0421935
23.91 0.0421823
23.92 0.0421133
23.93 0.0419841
23.94 0.0417924
23.95 0.0415359
23.96 0.0412129
23.97 0.0408219
23.98 0.0403623
23.99 0.0398336
24 0.0392363
24.01 0.0385716
24.02 0.0378408
24.03 0.037046
24.04 0.0361899
24.05 0.0352757
24.06 0.0343075
24.07 0.0332901
24.08 0.0322285
24.09 0.0311281
24.1 0.029994
24.11 0.0288314
24.12 0.0276452
24.13 0.0264399
24.14 0.0252195
24.15 0.0239873
24.16 0.0227464
24.17 0.0214992
24.18 0.0202482
24.19 0.0189955
24.2 0.0177435
24.21 0.0164941
24.22 0.0152495
24.23 0.0140113
24.24 0.0127813
24.25 0.0115611
24.26 0.0103523
24.27 0.00915609
24.28 0.0079737
24.29 0.00680598
24.3 0.00565294
24.31 0.00451315
24.32 0.00338466
24.33 0.00226569
24.34 0.0011549
24.35 5.15422e-05
24.36 -0.00104463
24.37 -0.0021335
24.38 -0.00321469
24.39 -0.00428762
24.4 -0.00535158
24.41 -0.00640582
24.42 -0.00744966
24.43 -0.00848257
24.44 -0.00950421
24.45 -0.0105143
24.46 -0.0115127
24.47 -0.0124992
24.48 -0.0134734
24.49 -0.014435
24.5 -0.0153834
24.51 -0.0163183
24.52 -0.0172391
24.53 -0.0181455
24.54 -0.0190371
24.55 -0.0199138
24.56 -0.0207755
24.57 -0.0216221
24.58 -0.022454
24.59 -0.0232716
24.6 -0.0240754
24.61 -0.0248657
24.62 -0.0256429
24.63 -0.0264076
24.64 -0.0271602
24.65 -0.0279008
24.66 -0.0286295
24.67 -0.0293461
24.68 -0.0300502
24.69 -0.030741
24.7 -0.0314177
24.71 -0.0320794
24.72 -0.0327248
24.73 -0.0333531
24.74 -0.0339629
24.75 -0.0345531
24.76 -0.0351226
24.77 -0.0356698
24.78 -0.0361937
24.79 -0.0366931
24.8 -0.0371672
24.81 -0.0376152
24.82 -0.0380365
24.83 -0.0384308
24.84 -0.0387978
24.85 -0.0391376
24.86 -0.0394502
24.87 -0.0397357
24.88 -0.0399943
24.89 -0.0402266
24.9 -0.0404332
24.91 -0.040615
24.92 -0.0407732
24.93 -0.0409089
24.94 -0.0410234
24.95 -0.0411182
24.96 -0.0411946
24.97 -0.041254
24.98 -0.0412979
24.99 -0.0413274
25 -0.0413439
