0.01 3.17579e-09
0.02 1.53011e-08
0.03 3.77972e-08
0.04 6.8328e-08
0.05 1.04599e-07
0.06 1.44379e-07
0.07 1.85522e-07
0.08 2.25959e-07
0.09 2.63685e-07
0.1 2.9676e-07
0.11 3.23329e-07
0.12 3.41623e-07
0.13 3.49925e-07
0.14 3.46513e-07
0.15 3.29646e-07
0.16 2.97625e-07
0.17 2.48841e-07
0.18 1.81789e-07
0.19 9.50758e-08
0.2 -1.25614e-08
0.21 -1.42249e-07
0.22 -2.94972e-07
0.23 -4.71576e-07
0.24 -6.7279e-07
0.25 -8.99254e-07
0.26 -1.15158e-06
0.27 -1.4304e-06
0.28 -1.73621e-06
0.29 -2.06912e-06
0.3 -2.42879e-06
0.31 -2.8143e-06
0.32 -3.2242e-06
0.33 -3.65625e-06
0.34 -4.10733e-06
0.35 -4.57375e-06
0.36 -5.05145e-06
0.37 -5.53613e-06
0.38 -6.02383e-06
0.39 -6.51174e-06
0.4 -6.99875e-06
0.41 -7.48581e-06
0.42 -7.97545e-06
0.43 -8.47118e-06
0.44 -8.97758e-06
0.45 -9.50013e-06
0.46 -1.00447e-05
0.47 -1.06173e-05
0.48 -1.12232e-05
0.49 -1.18669e-05
0.5 -1.2552e-05
0.51 -1.32814e-05
0.52 -1.40575e-05
0.53 -1.4882e-05
0.54 -1.57557e-05
0.55 -1.66795e-05
0.56 -1.76534e-05
0.57 -1.86772e-05
0.58 -1.97503e-05
0.59 -2.08723e-05
0.6 -2.20423e-05
0.61 -2.32595e-05
0.62 -2.45228e-05
0.63 -2.58308e-05
0.64 -2.71822e-05
0.65 -2.85755e-05
0.66 -3.00096e-05
0.67 -3.14834e-05
0.68 -3.29961e-05
0.69 -3.45471e-05
0.7 -3.61358e-05
0.71 -3.77615e-05
0.72 -3.94225e-05
0.73 -4.11157e-05
0.74 -4.28361e-05
0.75 -4.45758e-05
0.76 -4.63239e-05
0.77 -4.80672e-05
0.78 -4.97907e-05
0.79 -5.14804e-05
0.8 -5.31246e-05
0.81 -5.47147e-05
0.82 -5.62445e-05
0.83 -5.77095e-05
0.84 -5.91073e-05
0.85 -6.0439e-05
0.86 -6.17086e-05
0.87 -6.29189e-05
0.88 -6.4068e-05
0.89 -6.51483e-05
0.9 -6.61492e-05
0.91 -6.70584e-05
0.92 -6.78635e-05
0.93 -6.85539e-05
0.94 -6.91233e-05
0.95 -6.95713e-05
0.96 -6.9904e-05
0.97 -7.0133e-05
0.98 -7.02707e-05
0.99 -7.0325e-05
1 -7.02977e-05
1.01 -7.01846e-05
1.02 -6.99762e-05
1.03 -6.96581e-05
1.04 -6.92137e-05
1.05 -6.86264e-05
1.06 -6.78832e-05
1.07 -6.69759e-05
1.08 -6.58998e-05
1.09 -6.46511e-05
1.1 -6.32261e-05
1.11 -6.16223e-05
1.12 -5.98374e-05
1.13 -5.78677e-05
1.14 -5.57083e-05
1.15 -5.33547e-05
1.16 -5.08048e-05
1.17 -4.8061e-05
1.18 -4.5133e-05
1.19 -4.20355e-05
1.2 -3.87853e-05
1.21 -3.54024e-05
1.22 -3.19117e-05
1.23 -2.83398e-05
1.24 -2.47095e-05
1.25 -2.10322e-05
1.26 -1.73031e-05
1.27 -1.3506e-05
1.28 -9.62284e-06
1.29 -5.6367e-06
1.3 -1.53226e-06
1.31 2.69905e-06
1.32 7.05666e-06
1.33 1.15335e-05
1.34 1.61213e-05
1.35 2.08143e-05
1.36 2.56092e-05
1.37 3.05053e-05
1.38 3.55039e-05
1.39 4.06072e-05
1.4 4.58157e-05
1.41 5.11258e-05
1.42 5.65255e-05
1.43 6.19905e-05
1.44 6.74801e-05
1.45 7.29354e-05
1.46 7.82811e-05
1.47 8.34314e-05
1.48 8.82977e-05
1.49 9.27893e-05
1.5 9.68171e-05
1.51 0.000100299
1.52 0.00010316
1.53 0.000105342
1.54 0.000106812
1.55 0.000107566
1.56 0.000107636
1.57 0.000107077
1.58 0.000105962
1.59 0.000104372
1.6 0.000102385
1.61 0.000100068
1.62 9.74848e-05
1.63 9.4687e-05
1.64 9.17204e-05
1.65 8.86234e-05
1.66 8.54245e-05
1.67 8.21408e-05
1.68 7.878e-05
1.69 7.53463e-05
1.7 7.1844e-05
1.71 6.82773e-05
1.72 6.46513e-05
1.73 6.0974e-05
1.74 5.72597e-05
1.75 5.35331e-05
1.76 4.98243e-05
1.77 4.61621e-05
1.78 4.25778e-05
1.79 3.91109e-05
1.8 3.58062e-05
1.81 3.27095e-05
1.82 2.98671e-05
1.83 2.73236e-05
1.84 2.51122e-05
1.85 2.32485e-05
1.86 2.17359e-05
1.87 2.05742e-05
1.88 1.97663e-05
1.89 1.93188e-05
1.9 1.92419e-05
1.91 1.95495e-05
1.92 2.0259e-05
1.93 2.13897e-05
1.94 2.29488e-05
1.95 2.49156e-05
1.96 2.7241e-05
1.97 2.98522e-05
1.98 3.26576e-05
1.99 3.55579e-05
2 3.84675e-05
2.01 4.13318e-05
2.02 4.41301e-05
2.03 4.68723e-05
2.04 4.95959e-05
2.05 5.23562e-05
2.06 5.52157e-05
2.07 5.82347e-05
2.08 6.14547e-05
2.09 6.48873e-05
2.1 6.85122e-05
2.11 7.22801e-05
2.12 7.61103e-05
2.13 7.98864e-05
2.14 8.34672e-05
2.15 8.66998e-05
2.16 8.94222e-05
2.17 9.14705e-05
2.18 9.26808e-05
2.19 9.28822e-05
2.2 9.189e-05
2.21 8.95119e-05
2.22 8.55596e-05
2.23 7.98547e-05
2.24 7.2235e-05
2.25 6.25492e-05
2.26 5.06625e-05
2.27 3.64825e-05
2.28 1.99658e-05
2.29 1.10531e-06
2.3 -2.00733e-05
2.31 -4.3511e-05
2.32 -6.91095e-05
2.33 -9.67185e-05
2.34 -0.000126131
2.35 -0.00015709
2.36 -0.000189294
2.37 -0.000222413
2.38 -0.000256095
2.39 -0.000289968
2.4 -0.000323654
2.41 -0.000356815
2.42 -0.000389172
2.43 -0.000420483
2.44 -0.000450531
2.45 -0.000479114
2.46 -0.000506051
2.47 -0.000531189
2.48 -0.000554408
2.49 -0.000575607
2.5 -0.000594686
2.51 -0.000611531
2.52 -0.000626015
2.53 -0.000638013
2.54 -0.000647404
2.55 -0.000654068
2.56 -0.00065789
2.57 -0.00065879
2.58 -0.000656742
2.59 -0.00065178
2.6 -0.000643992
2.61 -0.000633503
2.62 -0.000620454
2.63 -0.000604983
2.64 -0.000587216
2.65 -0.00056726
2.66 -0.000545206
2.67 -0.000521136
2.68 -0.000495128
2.69 -0.000467273
2.7 -0.000437681
2.71 -0.000406464
2.72 -0.000373743
2.73 -0.000339638
2.74 -0.000304254
2.75 -0.000267675
2.76 -0.000229979
2.77 -0.000191242
2.78 -0.000151515
2.79 -0.000110807
2.8 -6.90953e-05
2.81 -2.63305e-05
2.82 1.75354e-05
2.83 6.25161e-05
2.84 0.000108585
2.85 0.000155677
2.86 0.000203689
2.87 0.000252479
2.88 0.000301845
2.89 0.000351541
2.9 0.000401293
2.91 0.000450815
2.92 0.000499805
2.93 0.000547953
2.94 0.000594956
2.95 0.000640522
2.96 0.000684381
2.97 0.00072631
2.98 0.00076615
2.99 0.000803793
3 0.000839165
3.01 0.000872222
3.02 0.000902925
3.03 0.000931223
3.04 0.000957047
3.05 0.000980301
3.06 0.00100086
3.07 0.00101855
3.08 0.00103317
3.09 0.00104451
3.1 0.00105238
3.11 0.0010566
3.12 0.0010571
3.13 0.00105385
3.14 0.0010469
3.15 0.00103633
3.16 0.00102226
3.17 0.00100482
3.18 0.000984163
3.19 0.000960461
3.2 0.000933863
3.21 0.000904516
3.22 0.000872603
3.23 0.000838345
3.24 0.00080201
3.25 0.000763901
3.26 0.000724341
3.27 0.000683691
3.28 0.000642368
3.29 0.000600802
3.3 0.000559411
3.31 0.000518615
3.32 0.000478837
3.33 0.000440455
3.34 0.000403755
3.35 0.000368903
3.36 0.000335936
3.37 0.000304766
3.38 0.000275196
3.39 0.000246928
3.4 0.000219568
3.41 0.000192652
3.42 0.000165674
3.43 0.000138126
3.44 0.000109517
3.45 7.93801e-05
3.46 4.72852e-05
3.47 1.28812e-05
3.48 -2.40573e-05
3.49 -6.36103e-05
3.5 -0.000105719
3.51 -0.000150202
3.52 -0.000196763
3.53 -0.000245009
3.54 -0.000294485
3.55 -0.000344724
3.56 -0.00039531
3.57 -0.000445882
3.58 -0.000496096
3.59 -0.000545611
3.6 -0.00059413
3.61 -0.00064142
3.62 -0.000687304
3.63 -0.000731661
3.64 -0.000774428
3.65 -0.000815601
3.66 -0.00085523
3.67 -0.000893442
3.68 -0.000930432
3.69 -0.000966442
3.7 -0.00100171
3.71 -0.00103647
3.72 -0.00107092
3.73 -0.00110528
3.74 -0.00113968
3.75 -0.00117422
3.76 -0.00120898
3.77 -0.00124401
3.78 -0.0012793
3.79 -0.0013148
3.8 -0.00135046
3.81 -0.00138613
3.82 -0.00142162
3.83 -0.00145672
3.84 -0.00149118
3.85 -0.00152475
3.86 -0.00155721
3.87 -0.00158842
3.88 -0.00161834
3.89 -0.00164704
3.9 -0.00167472
3.91 -0.00170169
3.92 -0.00172838
3.93 -0.00175529
3.94 -0.00178295
3.95 -0.00181191
3.96 -0.0018427
3.97 -0.00187577
3.98 -0.00191149
3.99 -0.00195005
4 -0.00199148
4.01 -0.00203569
4.02 -0.00208243
4.03 -0.00213134
4.04 -0.00218193
4.05 -0.0022336
4.06 -0.00228563
4.07 -0.00233718
4.08 -0.00238727
4.09 -0.00243481
4.1 -0.00247861
4.11 -0.00251749
4.12 -0.00255033
4.13 -0.00257617
4.14 -0.0025943
4.15 -0.00260423
4.16 -0.00260582
4.17 -0.00259926
4.18 -0.00258501
4.19 -0.00256379
4.2 -0.0025365
4.21 -0.00250418
4.22 -0.00246793
4.23 -0.00242883
4.24 -0.00238782
4.25 -0.00234575
4.26 -0.00230341
4.27 -0.0022615
4.28 -0.0022206
4.29 -0.00218115
4.3 -0.00214342
4.31 -0.00210757
4.32 -0.0020736
4.33 -0.00204143
4.34 -0.00201084
4.35 -0.00198146
4.36 -0.00195278
4.37 -0.00192416
4.38 -0.00189488
4.39 -0.00186414
4.4 -0.00183112
4.41 -0.00179495
4.42 -0.00175473
4.43 -0.00170959
4.44 -0.00165869
4.45 -0.00160126
4.46 -0.00153669
4.47 -0.0014646
4.48 -0.00138477
4.49 -0.00129718
4.5 -0.00120186
4.51 -0.00109888
4.52 -0.00098844
4.53 -0.000870831
4.54 -0.000746484
4.55 -0.00061593
4.56 -0.000479785
4.57 -0.000338749
4.58 -0.000193595
4.59 -4.51583e-05
4.6 0.000105686
4.61 0.000258058
4.62 0.000411125
4.63 0.000564115
4.64 0.000716307
4.65 0.000867056
4.66 0.00101581
4.67 0.00116216
4.68 0.00130586
4.69 0.00144678
4.7 0.00158489
4.71 0.00172015
4.72 0.00185252
4.73 0.00198195
4.74 0.00210835
4.75 0.00223157
4.76 0.00235137
4.77 0.00246747
4.78 0.00257953
4.79 0.00268727
4.8 0.00279035
4.81 0.00288841
4.82 0.00298104
4.83 0.00306785
4.84 0.00314845
4.85 0.00322242
4.86 0.00328933
4.87 0.00334878
4.88 0.00340046
4.89 0.00344408
4.9 0.0034794
4.91 0.00350624
4.92 0.00352449
4.93 0.0035341
4.94 0.00353506
4.95 0.0035274
4.96 0.00351117
4.97 0.00348649
4.98 0.00345356
4.99 0.00341264
5 0.00336406
5.01 0.00330817
5.02 0.00324525
5.03 0.00317552
5.04 0.00309905
5.05 0.00301584
5.06 0.00292574
5.07 0.00282848
5.08 0.00272371
5.09 0.002611
5.1 0.00248994
5.11 0.00236003
5.12 0.00222084
5.13 0.00207204
5.14 0.00191337
5.15 0.00174473
5.16 0.00156622
5.17 0.0013782
5.18 0.00118122
5.19 0.00097601
5.2 0.000763427
5.21 0.000544487
5.22 0.000320296
5.23 9.19759e-05
5.24 -0.000139378
5.25 -0.000372681
5.26 -0.000606804
5.27 -0.000840555
5.28 -0.0010727
5.29 -0.00130201
5.3 -0.0015273
5.31 -0.00174743
5.32 -0.00196135
5.33 -0.00216818
5.34 -0.00236729
5.35 -0.00255823
5.36 -0.00274082
5.37 -0.00291516
5.38 -0.00308164
5.39 -0.00324077
5.4 -0.00339316
5.41 -0.00353942
5.42 -0.00368016
5.43 -0.00381591
5.44 -0.00394705
5.45 -0.00407381
5.46 -0.00419628
5.47 -0.00431441
5.48 -0.00442813
5.49 -0.00453731
5.5 -0.00464176
5.51 -0.00474119
5.52 -0.00483525
5.53 -0.00492363
5.54 -0.00500598
5.55 -0.00508193
5.56 -0.0051511
5.57 -0.00521315
5.58 -0.00526785
5.59 -0.00531505
5.6 -0.00535465
5.61 -0.00538652
5.62 -0.00541054
5.63 -0.00542655
5.64 -0.00543439
5.65 -0.00543389
5.66 -0.00542493
5.67 -0.00540734
5.68 -0.00538094
5.69 -0.00534548
5.7 -0.00530066
5.71 -0.00524611
5.72 -0.00518139
5.73 -0.00510603
5.74 -0.00501955
5.75 -0.00492149
5.76 -0.0048114
5.77 -0.00468891
5.78 -0.00455381
5.79 -0.00440602
5.8 -0.00424569
5.81 -0.00407317
5.82 -0.00388907
5.83 -0.00369424
5.84 -0.00348977
5.85 -0.00327694
5.86 -0.00305714
5.87 -0.00283186
5.88 -0.00260262
5.89 -0.00237098
5.9 -0.00213845
5.91 -0.00190646
5.92 -0.0016763
5.93 -0.00144914
5.94 -0.00122597
5.95 -0.00100762
5.96 -0.000794664
5.97 -0.000587368
5.98 -0.000385694
5.99 -0.000189357
6 2.14742e-06
6.01 0.000189495
6.02 0.000373436
6.03 0.000554758
6.04 0.000734278
6.05 0.00091282
6.06 0.00109116
6.07 0.00126994
6.08 0.00144962
6.09 0.00163047
6.1 0.00181263
6.11 0.00199612
6.12 0.00218082
6.13 0.00236648
6.14 0.00255276
6.15 0.00273936
6.16 0.00292599
6.17 0.0031125
6.18 0.00329892
6.19 0.0034855
6.2 0.00367259
6.21 0.00386062
6.22 0.00405007
6.23 0.0042415
6.24 0.00443544
6.25 0.00463241
6.26 0.00483289
6.27 0.00503734
6.28 0.00524621
6.29 0.00545996
6.3 0.0056791
6.31 0.00590414
6.32 0.00613566
6.33 0.00637429
6.34 0.00662068
6.35 0.00687547
6.36 0.00713927
6.37 0.00741245
6.38 0.00769509
6.39 0.00798692
6.4 0.00828745
6.41 0.00859598
6.42 0.00891173
6.43 0.00923395
6.44 0.00956196
6.45 0.00989528
6.46 0.0102337
6.47 0.0105771
6.48 0.0109256
6.49 0.0112791
6.5 0.0116373
6.51 0.0119996
6.52 0.0123651
6.53 0.0127322
6.54 0.013099
6.55 0.0134634
6.56 0.0138225
6.57 0.0141732
6.58 0.0145126
6.59 0.0148372
6.6 0.0151441
6.61 0.0154306
6.62 0.0156944
6.63 0.0159337
6.64 0.0161467
6.65 0.0163324
6.66 0.0164896
6.67 0.0166171
6.68 0.0167139
6.69 0.0167789
6.7 0.0168111
6.71 0.0168096
6.72 0.0167735
6.73 0.0167021
6.74 0.0165948
6.75 0.0164509
6.76 0.0162704
6.77 0.0160532
6.78 0.0157996
6.79 0.0155098
6.8 0.0151846
6.81 0.0148248
6.82 0.014431
6.83 0.0140043
6.84 0.0135452
6.85 0.0130545
6.86 0.0125328
6.87 0.0119806
6.88 0.0113984
6.89 0.0107866
6.9 0.0101458
6.91 0.00947677
6.92 0.00878071
6.93 0.008059
6.94 0.00731345
6.95 0.00654617
6.96 0.00575953
6.97 0.00495598
6.98 0.00413788
6.99 0.00330736
7 0.00246626
7.01 0.00161608
7.02 0.000757964
7.03 -0.00010707
7.04 -0.000978031
7.05 -0.0018538
7.06 -0.00273297
7.07 -0.00361377
7.08 -0.00449405
7.09 -0.00537131
7.1 -0.00624279
7.11 -0.00710556
7.12 -0.00795665
7.13 -0.0087933
7.14 -0.00961315
7.15 -0.0104143
7.16 -0.0111953
7.17 -0.0119552
7.18 -0.0126932
7.19 -0.0134089
7.2 -0.0141017
7.21 -0.0147714
7.22 -0.0154173
7.23 -0.0160387
7.24 -0.0166344
7.25 -0.0172031
7.26 -0.0177433
7.27 -0.0182533
7.28 -0.0187319
7.29 -0.0191784
7.3 -0.0195926
7.31 -0.0199745
7.32 -0.0203245
7.33 -0.0206432
7.34 -0.0209313
7.35 -0.0211898
7.36 -0.0214192
7.37 -0.0216198
7.38 -0.0217919
7.39 -0.0219351
7.4 -0.0220487
7.41 -0.0221319
7.42 -0.0221838
7.43 -0.0222033
7.44 -0.0221898
7.45 -0.0221428
7.46 -0.0220624
7.47 -0.0219489
7.48 -0.0218033
7.49 -0.0216267
7.5 -0.0214209
7.51 -0.0211879
7.52 -0.0209299
7.53 -0.0206495
7.54 -0.020349
7.55 -0.0200307
7.56 -0.019697
7.57 -0.0193503
7.58 -0.0189928
7.59 -0.0186269
7.6 -0.018255
7.61 -0.0178794
7.62 -0.0175022
7.63 -0.0171251
7.64 -0.0167494
7.65 -0.0163759
7.66 -0.016005
7.67 -0.0156362
7.68 -0.0152688
7.69 -0.0149013
7.7 -0.0145318
7.71 -0.0141578
7.72 -0.0137771
7.73 -0.0133876
7.74 -0.0129875
7.75 -0.0125758
7.76 -0.0121519
7.77 -0.0117154
7.78 -0.0112666
7.79 -0.0108057
7.8 -0.0103337
7.81 -0.00985138
7.82 -0.00936014
7.83 -0.0088614
7.84 -0.00835687
7.85 -0.00784839
7.86 -0.00733792
7.87 -0.00682745
7.88 -0.00631899
7.89 -0.00581443
7.9 -0.00531547
7.91 -0.0048236
7.92 -0.00434006
7.93 -0.0038658
7.94 -0.00340148
7.95 -0.00294747
7.96 -0.00250393
7.97 -0.00207082
7.98 -0.00164788
7.99 -0.00123473
8 -0.000830924
8.01 -0.000436098
8.02 -4.99836e-05
8.03 0.00032756
8.04 0.000696479
8.05 0.00105646
8.06 0.00140691
8.07 0.00174699
8.08 0.00207572
8.09 0.00239208
8.1 0.00269511
8.11 0.00298409
8.12 0.00325866
8.13 0.00351886
8.14 0.00376511
8.15 0.00399812
8.16 0.00421892
8.17 0.00442878
8.18 0.00462908
8.19 0.00482123
8.2 0.00500664
8.21 0.0051866
8.22 0.00536222
8.23 0.00553443
8.24 0.00570405
8.25 0.0058717
8.26 0.00603781
8.27 0.00620256
8.28 0.0063659
8.29 0.00652752
8.3 0.00668676
8.31 0.00684254
8.32 0.00699326
8.33 0.00713675
8.34 0.00727039
8.35 0.00739119
8.36 0.00749597
8.37 0.00758159
8.38 0.00764519
8.39 0.00768435
8.4 0.00769726
8.41 0.00768276
8.42 0.00764026
8.43 0.00756964
8.44 0.00747125
8.45 0.00734591
8.46 0.00719488
8.47 0.00701983
8.48 0.00682282
8.49 0.00660611
8.5 0.00637212
8.51 0.0061233
8.52 0.005862
8.53 0.00559031
8.54 0.00530993
8.55 0.00502211
8.56 0.00472769
8.57 0.00442726
8.58 0.00412123
8.59 0.00380985
8.6 0.00349335
8.61 0.00317198
8.62 0.00284611
8.63 0.00251635
8.64 0.0021836
8.65 0.00184907
8.66 0.00151428
8.67 0.00118097
8.68 0.000851086
8.69 0.000526594
8.7 0.000209446
8.71 -9.84482e-05
8.72 -0.000395274
8.73 -0.000679451
8.74 -0.000949653
8.75 -0.0012048
8.76 -0.00144411
8.77 -0.00166722
8.78 -0.00187416
8.79 -0.00206528
8.8 -0.00224126
8.81 -0.00240309
8.82 -0.00255205
8.83 -0.00268951
8.84 -0.0028168
8.85 -0.00293512
8.86 -0.00304552
8.87 -0.0031489
8.88 -0.00324605
8.89 -0.00333753
8.9 -0.00342365
8.91 -0.00350444
8.92 -0.00357976
8.93 -0.00364929
8.94 -0.0037127
8.95 -0.00376969
8.96 -0.00382006
8.97 -0.00386368
8.98 -0.00390054
8.99 -0.00393077
9 -0.00395473
9.01 -0.00397306
9.02 -0.00398668
9.03 -0.00399682
9.04 -0.00400495
9.05 -0.00401261
9.06 -0.00402131
9.07 -0.00403241
9.08 -0.00404709
9.09 -0.00406637
9.1 -0.00409113
9.11 -0.00412218
9.12 -0.00416033
9.13 -0.00420632
9.14 -0.00426088
9.15 -0.00432466
9.16 -0.00439818
9.17 -0.0044817
9.18 -0.00457507
9.19 -0.00467771
9.2 -0.00478858
9.21 -0.00490609
9.22 -0.0050281
9.23 -0.00515201
9.24 -0.00527488
9.25 -0.00539369
9.26 -0.00550563
9.27 -0.00560822
9.28 -0.00569942
9.29 -0.0057778
9.3 -0.0058424
9.31 -0.00589255
9.32 -0.00592775
9.33 -0.00594763
9.34 -0.00595192
9.35 -0.00594044
9.36 -0.00591309
9.37 -0.00586983
9.38 -0.0058107
9.39 -0.0057358
9.4 -0.00564536
9.41 -0.00553988
9.42 -0.00542012
9.43 -0.00528723
9.44 -0.0051428
9.45 -0.00498888
9.46 -0.00482789
9.47 -0.00466242
9.48 -0.00449514
9.49 -0.00432857
9.5 -0.00416493
9.51 -0.00400606
9.52 -0.0038534
9.53 -0.00370797
9.54 -0.00357054
9.55 -0.00344173
9.56 -0.00332214
9.57 -0.00321244
9.58 -0.00311352
9.59 -0.00302648
9.6 -0.00295261
9.61 -0.00289329
9.62 -0.00284984
9.63 -0.00282342
9.64 -0.0028149
9.65 -0.00282475
9.66 -0.00285305
9.67 -0.00289953
9.68 -0.00296354
9.69 -0.0030441
9.7 -0.00314005
9.71 -0.00325015
9.72 -0.00337318
9.73 -0.00350802
9.74 -0.00365373
9.75 -0.0038096
9.76 -0.00397521
9.77 -0.00415036
9.78 -0.00433506
9.79 -0.00452951
9.8 -0.00473408
9.81 -0.00494937
9.82 -0.00517611
9.83 -0.00541515
9.84 -0.00566746
9.85 -0.00593408
9.86 -0.00621603
9.87 -0.00651425
9.88 -0.00682943
9.89 -0.00716214
9.9 -0.0075127
9.91 -0.00788116
9.92 -0.0082672
9.93 -0.00867017
9.94 -0.0090891
9.95 -0.00952271
9.96 -0.00996951
9.97 -0.0104279
9.98 -0.0108966
9.99 -0.0113741
10 -0.0118594
10.01 -0.0123516
10.02 -0.0128502
10.03 -0.0133545
10.04 -0.0138645
10.05 -0.0143797
10.06 -0.0148997
10.07 -0.0154238
10.08 -0.0159512
10.09 -0.0164809
10.1 -0.0170115
10.11 -0.0175417
10.12 -0.0180702
10.13 -0.0185958
10.14 -0.0191172
10.15 -0.0196336
10.16 -0.0201441
10.17 -0.0206481
10.18 -0.0211448
10.19 -0.0216333
10.2 -0.0221127
10.21 -0.0225818
10.22 -0.0230397
10.23 -0.023486
10.24 -0.0239205
10.25 -0.0243424
10.26 -0.0247514
10.27 -0.025147
10.28 -0.0255288
10.29 -0.0258967
10.3 -0.0262503
10.31 -0.0265895
10.32 -0.0269138
10.33 -0.027223
10.34 -0.0275166
10.35 -0.027794
10.36 -0.028055
10.37 -0.0282991
10.38 -0.0285258
10.39 -0.0287347
10.4 -0.0289253
10.41 -0.0290971
10.42 -0.0292494
10.43 -0.0293811
10.44 -0.0294914
10.45 -0.0295786
10.46 -0.0296415
10.47 -0.0296783
10.48 -0.0296877
10.49 -0.0296682
10.5 -0.0296188
10.51 -0.0295389
10.52 -0.0294282
10.53 -0.0292869
10.54 -0.0291153
10.55 -0.0289139
10.56 -0.0286835
10.57 -0.0284249
10.58 -0.0281388
10.59 -0.0278263
10.6 -0.0274884
10.61 -0.0271259
10.62 -0.0267401
10.63 -0.0263323
10.64 -0.0259037
10.65 -0.0254559
10.66 -0.0249906
10.67 -0.0245094
10.68 -0.0240143
10.69 -0.0235068
10.7 -0.0229885
10.71 -0.0224609
10.72 -0.021925
10.73 -0.0213822
10.74 -0.0208333
10.75 -0.0202792
10.76 -0.0197208
10.77 -0.019159
10.78 -0.0185944
10.79 -0.0180276
10.8 -0.0174591
10.81 -0.0168894
10.82 -0.0163189
10.83 -0.015748
10.84 -0.0151769
10.85 -0.0146062
10.86 -0.014036
10.87 -0.0134668
10.88 -0.0128994
10.89 -0.0123343
10.9 -0.0117722
10.91 -0.0112139
10.92 -0.0106601
10.93 -0.0101111
10.94 -0.00956744
10.95 -0.00902899
10.96 -0.00849559
10.97 -0.00796682
10.98 -0.00744214
10.99 -0.00692097
11 -0.00640277
11.01 -0.00588712
11.02 -0.00537373
11.03 -0.00486246
11.04 -0.0043534
11.05 -0.00384681
11.06 -0.00334305
11.07 -0.00284255
11.08 -0.00234586
11.09 -0.00185359
11.1 -0.00136638
11.11 -0.000884857
11.12 -0.000409541
11.13 5.91355e-05
11.14 0.000520787
11.15 0.000975028
11.16 0.00142154
11.17 0.00186015
11.18 0.00229091
11.19 0.00271409
11.2 0.0031302
11.21 0.00353992
11.22 0.00394414
11.23 0.00434382
11.24 0.00473983
11.25 0.0051327
11.26 0.00552252
11.27 0.00590894
11.28 0.00629117
11.29 0.00666821
11.3 0.00703905
11.31 0.00740299
11.32 0.00775943
11.33 0.00810788
11.34 0.00844802
11.35 0.00877986
11.36 0.00910378
11.37 0.00942045
11.38 0.00973071
11.39 0.0100354
11.4 0.0103352
11.41 0.010631
11.42 0.0109232
11.43 0.0112119
11.44 0.0114971
11.45 0.0117786
11.46 0.012056
11.47 0.0123289
11.48 0.0125972
11.49 0.0128608
11.5 0.0131201
11.51 0.0133761
11.52 0.0136297
11.53 0.0138823
11.54 0.0141353
11.55 0.0143902
11.56 0.0146482
11.57 0.0149104
11.58 0.0151776
11.59 0.0154503
11.6 0.0157287
11.61 0.0160135
11.62 0.0163048
11.63 0.0166031
11.64 0.0169089
11.65 0.0172225
11.66 0.0175444
11.67 0.0178749
11.68 0.0182144
11.69 0.0185631
11.7 0.0189211
11.71 0.0192883
11.72 0.0196642
11.73 0.0200482
11.74 0.0204391
11.75 0.0208358
11.76 0.0212363
11.77 0.0216386
11.78 0.0220398
11.79 0.0224369
11.8 0.0228264
11.81 0.023205
11.82 0.0235697
11.83 0.0239177
11.84 0.0242465
11.85 0.0245541
11.86 0.0248387
11.87 0.0250987
11.88 0.0253323
11.89 0.025538
11.9 0.0257145
11.91 0.0258604
11.92 0.0259744
11.93 0.0260555
11.94 0.0261026
11.95 0.0261147
11.96 0.0260909
11.97 0.0260304
11.98 0.0259326
11.99 0.0257972
12 0.0256242
12.01 0.0254137
12.02 0.0251662
12.03 0.0248825
12.04 0.0245639
12.05 0.0242118
12.06 0.0238279
12.07 0.023414
12.08 0.0229718
12.09 0.022503
12.1 0.022009
12.11 0.0214909
12.12 0.0209496
12.13 0.0203857
12.14 0.0197996
12.15 0.0191913
12.16 0.0185604
12.17 0.0179068
12.18 0.0172299
12.19 0.0165294
12.2 0.015805
12.21 0.0150565
12.22 0.0142838
12.23 0.0134869
12.24 0.012666
12.25 0.0118214
12.26 0.0109536
12.27 0.0100633
12.28 0.00915129
12.29 0.00821874
12.3 0.00726687
12.31 0.00629711
12.32 0.00531114
12.33 0.00431094
12.34 0.00329879
12.35 0.00227715
12.36 0.00124869
12.37 0.000216313
12.38 -0.000816825
12.39 -0.00184739
12.4 -0.00287195
12.41 -0.00388695
12.42 -0.00488895
12.43 -0.00587469
12.44 -0.006841
12.45 -0.0077848
12.46 -0.00870311
12.47 -0.00959298
12.48 -0.0104513
12.49 -0.011275
12.5 -0.0120615
12.51 -0.012808
12.52 -0.0135112
12.53 -0.0141675
12.54 -0.014773
12.55 -0.0153243
12.56 -0.0158177
12.57 -0.0162503
12.58 -0.0166192
12.59 -0.0169218
12.6 -0.0171554
12.61 -0.0173177
12.62 -0.0174061
12.63 -0.0174187
12.64 -0.0173537
12.65 -0.0172099
12.66 -0.0169862
12.67 -0.0166821
12.68 -0.016298
12.69 -0.0158343
12.7 -0.0152926
12.71 -0.0146745
12.72 -0.0139822
12.73 -0.0132182
12.74 -0.0123852
12.75 -0.011486
12.76 -0.0105235
12.77 -0.00950056
12.78 -0.00842014
12.79 -0.00728517
12.8 -0.00609864
12.81 -0.00486363
12.82 -0.00358338
12.83 -0.00226136
12.84 -0.000901108
12.85 0.000493743
12.86 0.00191961
12.87 0.00337297
12.88 0.00485048
12.89 0.00634905
12.9 0.00786583
12.91 0.0093981
12.92 0.0109432
12.93 0.0124984
12.94 0.014061
12.95 0.015628
12.96 0.0171965
12.97 0.0187633
12.98 0.0203252
12.99 0.0218803
13 0.0234287
13.01 0.0249704
13.02 0.0265053
13.03 0.0280331
13.04 0.0295541
13.05 0.0310682
13.06 0.0325756
13.07 0.0340763
13.08 0.03557
13.09 0.0370562
13.1 0.0385341
13.11 0.0400026
13.12 0.0414605
13.13 0.0429065
13.14 0.0443393
13.15 0.0457578
13.16 0.0471612
13.17 0.0485486
13.18 0.0499198
13.19 0.0512744
13.2 0.0526124
13.21 0.0539336
13.22 0.0552381
13.23 0.0565256
13.24 0.0577961
13.25 0.0590493
13.26 0.060285
13.27 0.0615028
13.28 0.0627022
13.29 0.0638826
13.3 0.0650433
13.31 0.0661834
13.32 0.0673019
13.33 0.0683974
13.34 0.0694687
13.35 0.0705142
13.36 0.0715326
13.37 0.0725225
13.38 0.0734829
13.39 0.0744126
13.4 0.075311
13.41 0.0761773
13.42 0.0770113
13.43 0.0778128
13.44 0.0785819
13.45 0.0793189
13.46 0.0800244
13.47 0.0806992
13.48 0.0813444
13.49 0.0819609
13.5 0.0825501
13.51 0.0831132
13.52 0.0836516
13.53 0.0841667
13.54 0.08466
13.55 0.0851332
13.56 0.085588
13.57 0.0860262
13.58 0.0864492
13.59 0.0868586
13.6 0.0872556
13.61 0.087641
13.62 0.088016
13.63 0.0883814
13.64 0.0887381
13.65 0.089087
13.66 0.0894288
13.67 0.0897645
13.68 0.0900948
13.69 0.0904205
13.7 0.090742
13.71 0.0910596
13.72 0.0913734
13.73 0.0916835
13.74 0.0919895
13.75 0.0922909
13.76 0.0925868
13.77 0.092876
13.78 0.093157
13.79 0.0934277
13.8 0.0936856
13.81 0.0939279
13.82 0.0941512
13.83 0.0943519
13.84 0.0945269
13.85 0.0946735
13.86 0.09479
13.87 0.094875
13.88 0.0949275
13.89 0.0949465
13.9 0.0949308
13.91 0.0948793
13.92 0.0947911
13.93 0.0946653
13.94 0.0945011
13.95 0.0942975
13.96 0.0940539
13.97 0.0937696
13.98 0.0934442
13.99 0.0930771
14 0.0926679
14.01 0.0922162
14.02 0.0917217
14.03 0.0911839
14.04 0.0906028
14.05 0.0899784
14.06 0.0893107
14.07 0.0885997
14.08 0.0878454
14.09 0.0870475
14.1 0.0862058
14.11 0.0853196
14.12 0.0843882
14.13 0.0834105
14.14 0.0823852
14.15 0.081311
14.16 0.0801859
14.17 0.0790082
14.18 0.0777763
14.19 0.0764885
14.2 0.0751435
14.21 0.07374
14.22 0.0722769
14.23 0.070753
14.24 0.0691673
14.25 0.0675186
14.26 0.0658059
14.27 0.0640282
14.28 0.0621847
14.29 0.0602749
14.3 0.0582984
14.31 0.0562547
14.32 0.0541414
14.33 0.051956
14.34 0.0496966
14.35 0.0473613
14.36 0.0449479
14.37 0.0424546
14.38 0.0398788
14.39 0.0372181
14.4 0.0344699
14.41 0.0316314
14.42 0.0287001
14.43 0.0256735
14.44 0.0225493
14.45 0.0193257
14.46 0.0160014
14.47 0.0125758
14.48 0.00904833
14.49 0.00541883
14.5 0.00168722
14.51 -0.00214657
14.52 -0.00608267
14.53 -0.0101214
14.54 -0.014263
14.55 -0.0185082
14.56 -0.0228573
14.57 -0.027311
14.58 -0.0318699
14.59 -0.0365345
14.6 -0.0413052
14.61 -0.0461823
14.62 -0.0511654
14.63 -0.0562537
14.64 -0.0614453
14.65 -0.066738
14.66 -0.0721281
14.67 -0.0776117
14.68 -0.0831844
14.69 -0.088842
14.7 -0.0945806
14.71 -0.100396
14.72 -0.106285
14.73 -0.112243
14.74 -0.118265
14.75 -0.124343
14.76 -0.130471
14.77 -0.136642
14.78 -0.142849
14.79 -0.149085
14.8 -0.155344
14.81 -0.161617
14.82 -0.167899
14.83 -0.174182
14.84 -0.18046
14.85 -0.186726
14.86 -0.192974
14.87 -0.199197
14.88 -0.205389
14.89 -0.211543
14.9 -0.217652
14.91 -0.22371
14.92 -0.229709
14.93 -0.235643
14.94 -0.241504
14.95 -0.247286
14.96 -0.252982
14.97 -0.258585
14.98 -0.264089
14.99 -0.269489
15 -0.274781
15.01 -0.279964
15.02 -0.285036
15.03 -0.289998
15.04 -0.294851
15.05 -0.299599
15.06 -0.304243
15.07 -0.308789
15.08 -0.31324
15.09 -0.317601
15.1 -0.321877
15.11 -0.326072
15.12 -0.330191
15.13 -0.334238
15.14 -0.338218
15.15 -0.342136
15.16 -0.345997
15.17 -0.349803
15.18 -0.353559
15.19 -0.357267
15.2 -0.360931
15.21 -0.364552
15.22 -0.368134
15.23 -0.371678
15.24 -0.375188
15.25 -0.378667
15.26 -0.38212
15.27 -0.385549
15.28 -0.388961
15.29 -0.392358
15.3 -0.395747
15.31 -0.399129
15.32 -0.40251
15.33 -0.40589
15.34 -0.409273
15.35 -0.412661
15.36 -0.416055
15.37 -0.419458
15.38 -0.422874
15.39 -0.426303
15.4 -0.42975
15.41 -0.433215
15.42 -0.4367
15.43 -0.440206
15.44 -0.443734
15.45 -0.447284
15.46 -0.450856
15.47 -0.454448
15.48 -0.458059
15.49 -0.461688
15.5 -0.465329
15.51 -0.46898
15.52 -0.472635
15.53 -0.476288
15.54 -0.479934
15.55 -0.483568
15.56 -0.487185
15.57 -0.490778
15.58 -0.494343
15.59 -0.497875
15.6 -0.501367
15.61 -0.504814
15.62 -0.508212
15.63 -0.511554
15.64 -0.514836
15.65 -0.518052
15.66 -0.521196
15.67 -0.524263
15.68 -0.527248
15.69 -0.530146
15.7 -0.53295
15.71 -0.535657
15.72 -0.538261
15.73 -0.540757
15.74 -0.543139
15.75 -0.545402
15.76 -0.547542
15.77 -0.549552
15.78 -0.551427
15.79 -0.553162
15.8 -0.554753
15.81 -0.556194
15.82 -0.55748
15.83 -0.558609
15.84 -0.559575
15.85 -0.560376
15.86 -0.561009
15.87 -0.561471
15.88 -0.561758
15.89 -0.56187
15.9 -0.561803
15.91 -0.561556
15.92 -0.561128
15.93 -0.560518
15.94 -0.559724
15.95 -0.558747
15.96 -0.557587
15.97 -0.556246
15.98 -0.554723
15.99 -0.553024
16 -0.55115
16.01 -0.549105
16.02 -0.546896
16.03 -0.544528
16.04 -0.542009
16.05 -0.539348
16.06 -0.536555
16.07 -0.533638
16.08 -0.53061
16.09 -0.527481
16.1 -0.524261
16.11 -0.520958
16.12 -0.517579
16.13 -0.514127
16.14 -0.510608
16.15 -0.507028
16.16 -0.50339
16.17 -0.499702
16.18 -0.495968
16.19 -0.492195
16.2 -0.488387
16.21 -0.484549
16.22 -0.480688
16.23 -0.476807
16.24 -0.472911
16.25 -0.469002
16.26 -0.465083
16.27 -0.461155
16.28 -0.45722
16.29 -0.453277
16.3 -0.449329
16.31 -0.445374
16.32 -0.441414
16.33 -0.437449
16.34 -0.433477
16.35 -0.4295
16.36 -0.425517
16.37 -0.421527
16.38 -0.417531
16.39 -0.413529
16.4 -0.409518
16.41 -0.4055
16.42 -0.401474
16.43 -0.397439
16.44 -0.393394
16.45 -0.38934
16.46 -0.385277
16.47 -0.381203
16.48 -0.377119
16.49 -0.373025
16.5 -0.36892
16.51 -0.364805
16.52 -0.360679
16.53 -0.356541
16.54 -0.352393
16.55 -0.348233
16.56 -0.344062
16.57 -0.33988
16.58 -0.335686
16.59 -0.331481
16.6 -0.327266
16.61 -0.323041
16.62 -0.318808
16.63 -0.314567
16.64 -0.31032
16.65 -0.306069
16.66 -0.301817
16.67 -0.297567
16.68 -0.29332
16.69 -0.289082
16.7 -0.284856
16.71 -0.280645
16.72 -0.276452
16.73 -0.272282
16.74 -0.268136
16.75 -0.264016
16.76 -0.259924
16.77 -0.255862
16.78 -0.251829
16.79 -0.247828
16.8 -0.243858
16.81 -0.23992
16.82 -0.236015
16.83 -0.232142
16.84 -0.228303
16.85 -0.224496
16.86 -0.220721
16.87 -0.21698
16.88 -0.213272
16.89 -0.209599
16.9 -0.205959
16.91 -0.202355
16.92 -0.198787
16.93 -0.195256
16.94 -0.191763
16.95 -0.188309
16.96 -0.184895
16.97 -0.18152
16.98 -0.178185
16.99 -0.174891
17 -0.171638
17.01 -0.168427
17.02 -0.165256
17.03 -0.162127
17.04 -0.15904
17.05 -0.155996
17.06 -0.152993
17.07 -0.150034
17.08 -0.147118
17.09 -0.144245
17.1 -0.141415
17.11 -0.138629
17.12 -0.135887
17.13 -0.13319
17.14 -0.130536
17.15 -0.127928
17.16 -0.125365
17.17 -0.122846
17.18 -0.120374
17.19 -0.117946
17.2 -0.115565
17.21 -0.11323
17.22 -0.11094
17.23 -0.108697
17.24 -0.1065
17.25 -0.10435
17.26 -0.102247
17.27 -0.10019
17.28 -0.0981815
17.29 -0.0962211
17.3 -0.0943096
17.31 -0.0924477
17.32 -0.0906359
17.33 -0.0888749
17.34 -0.0871655
17.35 -0.0855085
17.36 -0.0839051
17.37 -0.0823566
17.38 -0.0808649
17.39 -0.0794323
17.4 -0.0780614
17.41 -0.0767553
17.42 -0.0755177
17.43 -0.0743522
17.44 -0.0732626
17.45 -0.0722519
17.46 -0.071323
17.47 -0.0704781
17.48 -0.0697189
17.49 -0.0690466
17.5 -0.0684624
17.51 -0.0679675
17.52 -0.067563
17.53 -0.0672503
17.54 -0.0670306
17.55 -0.0669052
17.56 -0.066875
17.57 -0.0669409
17.58 -0.0671034
17.59 -0.0673625
17.6 -0.0677175
17.61 -0.0681674
17.62 -0.0687103
17.63 -0.069344
17.64 -0.0700656
17.65 -0.0708715
17.66 -0.0717581
17.67 -0.072721
17.68 -0.0737558
17.69 -0.0748575
17.7 -0.0760213
17.71 -0.0772424
17.72 -0.0785161
17.73 -0.0798382
17.74 -0.0812047
17.75 -0.0826114
17.76 -0.084054
17.77 -0.085528
17.78 -0.0870281
17.79 -0.0885489
17.8 -0.0900842
17.81 -0.0916279
17.82 -0.0931736
17.83 -0.0947151
17.84 -0.0962461
17.85 -0.0977607
17.86 -0.0992526
17.87 -0.100716
17.88 -0.102146
17.89 -0.103536
17.9 -0.104884
17.91 -0.106187
17.92 -0.107444
17.93 -0.108654
17.94 -0.109818
17.95 -0.110934
17.96 -0.112002
17.97 -0.113023
17.98 -0.113996
17.99 -0.114921
18 -0.115799
18.01 -0.116631
18.02 -0.117415
18.03 -0.118154
18.04 -0.118846
18.05 -0.119492
18.06 -0.120093
18.07 -0.120648
18.08 -0.121158
18.09 -0.121622
18.1 -0.122041
18.11 -0.122414
18.12 -0.122744
18.13 -0.123028
18.14 -0.123268
18.15 -0.123464
18.16 -0.123615
18.17 -0.123721
18.18 -0.123782
18.19 -0.123796
18.2 -0.123763
18.21 -0.123682
18.22 -0.123552
18.23 -0.123372
18.24 -0.123141
18.25 -0.122861
18.26 -0.122529
18.27 -0.122146
18.28 -0.121712
18.29 -0.121227
18.3 -0.120692
18.31 -0.120106
18.32 -0.119469
18.33 -0.118781
18.34 -0.118044
18.35 -0.117257
18.36 -0.116422
18.37 -0.115538
18.38 -0.114608
18.39 -0.113632
18.4 -0.112612
18.41 -0.111549
18.42 -0.110443
18.43 -0.109297
18.44 -0.108111
18.45 -0.106885
18.46 -0.105621
18.47 -0.104317
18.48 -0.102975
18.49 -0.101594
18.5 -0.100175
18.51 -0.0987193
18.52 -0.0972265
18.53 -0.0956982
18.54 -0.0941357
18.55 -0.0925406
18.56 -0.0909148
18.57 -0.0892605
18.58 -0.0875801
18.59 -0.0858759
18.6 -0.0841488
18.61 -0.0823976
18.62 -0.080621
18.63 -0.0788183
18.64 -0.0769888
18.65 -0.075132
18.66 -0.0732473
18.67 -0.0713347
18.68 -0.0693943
18.69 -0.0674271
18.7 -0.0654351
18.71 -0.0634207
18.72 -0.0613876
18.73 -0.0593399
18.74 -0.0572824
18.75 -0.0552196
18.76 -0.0531561
18.77 -0.0510963
18.78 -0.0490445
18.79 -0.0470053
18.8 -0.0449831
18.81 -0.0429822
18.82 -0.0410072
18.83 -0.0390628
18.84 -0.0371536
18.85 -0.0352842
18.86 -0.0334596
18.87 -0.0316844
18.88 -0.0299634
18.89 -0.0283011
18.9 -0.0267018
18.91 -0.0251693
18.92 -0.0237069
18.93 -0.022317
18.94 -0.0210018
18.95 -0.0197628
18.96 -0.0186014
18.97 -0.0175192
18.98 -0.0165178
18.99 -0.0155989
19 -0.0147647
19.01 -0.0140177
19.02 -0.0133606
19.03 -0.0127965
19.04 -0.0123285
19.05 -0.0119595
19.06 -0.0116924
19.07 -0.0115294
19.08 -0.0114724
19.09 -0.0115232
19.1 -0.011683
19.11 -0.0119528
19.12 -0.0123336
19.13 -0.0128263
19.14 -0.013432
19.15 -0.0141517
19.16 -0.0149857
19.17 -0.0159341
19.18 -0.0169959
19.19 -0.0181692
19.2 -0.0194511
19.21 -0.0208376
19.22 -0.0223242
19.23 -0.0239055
19.24 -0.0255759
19.25 -0.0273295
19.26 -0.029161
19.27 -0.0310658
19.28 -0.0330397
19.29 -0.0350785
19.3 -0.0371781
19.31 -0.0393337
19.32 -0.0415406
19.33 -0.0437931
19.34 -0.0460854
19.35 -0.0484111
19.36 -0.0507645
19.37 -0.0531419
19.38 -0.0555402
19.39 -0.0579564
19.4 -0.0603872
19.41 -0.0628296
19.42 -0.0652804
19.43 -0.0677365
19.44 -0.0701948
19.45 -0.0726521
19.46 -0.0751055
19.47 -0.0775519
19.48 -0.0799882
19.49 -0.0824115
19.5 -0.084819
19.51 -0.0872081
19.52 -0.0895766
19.53 -0.091922
19.54 -0.0942425
19.55 -0.0965366
19.56 -0.0988032
19.57 -0.101042
19.58 -0.103252
19.59 -0.105433
19.6 -0.107586
19.61 -0.10971
19.62 -0.111805
19.63 -0.113872
19.64 -0.115911
19.65 -0.117922
19.66 -0.119905
19.67 -0.121862
19.68 -0.123792
19.69 -0.125695
19.7 -0.127574
19.71 -0.129428
19.72 -0.131259
19.73 -0.133067
19.74 -0.134854
19.75 -0.13662
19.76 -0.138366
19.77 -0.140092
19.78 -0.141799
19.79 -0.143485
19.8 -0.145151
19.81 -0.146798
19.82 -0.148425
19.83 -0.150032
19.84 -0.151621
19.85 -0.15319
19.86 -0.154742
19.87 -0.156276
19.88 -0.157794
19.89 -0.159296
19.9 -0.160784
19.91 -0.162258
19.92 -0.163718
19.93 -0.165166
19.94 -0.166601
19.95 -0.168023
19.96 -0.169433
19.97 -0.170831
19.98 -0.172218
19.99 -0.173595
20 -0.174963
20.01 -0.176324
20.02 -0.177678
20.03 -0.179026
20.04 -0.18037
20.05 -0.18171
20.06 -0.183045
20.07 -0.184375
20.08 -0.185698
20.09 -0.187012
20.1 -0.188317
20.11 -0.189608
20.12 -0.190885
20.13 -0.192143
20.14 -0.193381
20.15 -0.194596
20.16 -0.195786
20.17 -0.196949
20.18 -0.198083
20.19 -0.199185
20.2 -0.200255
20.21 -0.201292
20.22 -0.202293
20.23 -0.203259
20.24 -0.204189
20.25 -0.205081
20.26 -0.205935
20.27 -0.20675
20.28 -0.207525
20.29 -0.208261
20.3 -0.208957
20.31 -0.209613
20.32 -0.210231
20.33 -0.210809
20.34 -0.211349
20.35 -0.211852
20.36 -0.212317
20.37 -0.212745
20.38 -0.213136
20.39 -0.213489
20.4 -0.213804
20.41 -0.214079
20.42 -0.214313
20.43 -0.214504
20.44 -0.21465
20.45 -0.214749
20.46 -0.214799
20.47 -0.214798
20.48 -0.214745
20.49 -0.214637
20.5 -0.214474
20.51 -0.214252
20.52 -0.213971
20.53 -0.213629
20.54 -0.213225
20.55 -0.212756
20.56 -0.212223
20.57 -0.211624
20.58 -0.210958
20.59 -0.210225
20.6 -0.209427
20.61 -0.208565
20.62 -0.207639
20.63 -0.206653
20.64 -0.205609
20.65 -0.204508
20.66 -0.203354
20.67 -0.202149
20.68 -0.200896
20.69 -0.199596
20.7 -0.198253
20.71 -0.196869
20.72 -0.195446
20.73 -0.193987
20.74 -0.192495
20.75 -0.190971
20.76 -0.189418
20.77 -0.187839
20.78 -0.186237
20.79 -0.184614
20.8 -0.182971
20.81 -0.181311
20.82 -0.179634
20.83 -0.177942
20.84 -0.176234
20.85 -0.174508
20.86 -0.172763
20.87 -0.170995
20.88 -0.169205
20.89 -0.16739
20.9 -0.165551
20.91 -0.163686
20.92 -0.161795
20.93 -0.159878
20.94 -0.157934
20.95 -0.155963
20.96 -0.153965
20.97 -0.15194
20.98 -0.149889
20.99 -0.147812
21 -0.14571
21.01 -0.143585
21.02 -0.141439
21.03 -0.139275
21.04 -0.137094
21.05 -0.1349
21.06 -0.132694
21.07 -0.130481
21.08 -0.128261
21.09 -0.126038
21.1 -0.123815
21.11 -0.121592
21.12 -0.119373
21.13 -0.117159
21.14 -0.114951
21.15 -0.112751
21.16 -0.110559
21.17 -0.108376
21.18 -0.106203
21.19 -0.104042
21.2 -0.101892
21.21 -0.0997549
21.22 -0.0976315
21.23 -0.0955226
21.24 -0.093429
21.25 -0.0913513
21.26 -0.0892901
21.27 -0.0872459
21.28 -0.0852185
21.29 -0.0832081
21.3 -0.0812143
21.31 -0.0792367
21.32 -0.0772751
21.33 -0.0753292
21.34 -0.0733991
21.35 -0.0714848
21.36 -0.0695868
21.37 -0.0677057
21.38 -0.0658423
21.39 -0.0639978
21.4 -0.0621733
21.41 -0.0603706
21.42 -0.0585914
21.43 -0.0568374
21.44 -0.0551105
21.45 -0.0534122
21.46 -0.0517441
21.47 -0.0501077
21.48 -0.0485041
21.49 -0.0469345
21.5 -0.0454002
21.51 -0.0439023
21.52 -0.0424421
21.53 -0.0410207
21.54 -0.0396392
21.55 -0.0382986
21.56 -0.0370001
21.57 -0.0357447
21.58 -0.0345337
21.59 -0.0333687
21.6 -0.0322512
21.61 -0.031183
21.62 -0.0301657
21.63 -0.0292007
21.64 -0.0282892
21.65 -0.0274321
21.66 -0.0266298
21.67 -0.0258828
21.68 -0.0251909
21.69 -0.024554
21.7 -0.0239721
21.71 -0.0234452
21.72 -0.022973
21.73 -0.0225555
21.74 -0.0221924
21.75 -0.0218833
21.76 -0.0216275
21.77 -0.0214241
21.78 -0.0212719
21.79 -0.0211696
21.8 -0.021116
21.81 -0.02111
21.82 -0.0211505
21.83 -0.0212368
21.84 -0.0213686
21.85 -0.0215453
21.86 -0.021767
21.87 -0.0220335
21.88 -0.0223451
21.89 -0.0227018
21.9 -0.0231039
21.91 -0.0235514
21.92 -0.0240442
21.93 -0.0245817
21.94 -0.0251634
21.95 -0.0257884
21.96 -0.0264556
21.97 -0.0271642
21.98 -0.0279134
21.99 -0.0287027
22 -0.029532
22.01 -0.0304016
22.02 -0.0313118
22.03 -0.0322631
22.04 -0.033256
22.05 -0.0342902
22.06 -0.0353653
22.07 -0.0364794
22.08 -0.0376307
22.09 -0.0388165
22.1 -0.040034
22.11 -0.0412804
22.12 -0.0425522
22.13 -0.0438464
22.14 -0.0451595
22.15 -0.0464884
22.16 -0.04783
22.17 -0.0491815
22.18 -0.0505401
22.19 -0.051903
22.2 -0.0532678
22.21 -0.0546315
22.22 -0.0559914
22.23 -0.0573442
22.24 -0.0586868
22.25 -0.0600169
22.26 -0.061334
22.27 -0.0626375
22.28 -0.0639264
22.29 -0.0651999
22.3 -0.0664575
22.31 -0.0676988
22.32 -0.0689241
22.33 -0.0701337
22.34 -0.0713285
22.35 -0.0725092
22.36 -0.0736768
22.37 -0.0748321
22.38 -0.075976
22.39 -0.0771091
22.4 -0.0782321
22.41 -0.0793452
22.42 -0.0804487
22.43 -0.0815424
22.44 -0.0826265
22.45 -0.0837005
22.46 -0.0847641
22.47 -0.0858165
22.48 -0.0868569
22.49 -0.087884
22.5 -0.0888965
22.51 -0.0898927
22.52 -0.0908706
22.53 -0.0918281
22.54 -0.0927629
22.55 -0.0936729
22.56 -0.0945556
22.57 -0.0954087
22.58 -0.0962297
22.59 -0.0970162
22.6 -0.0977657
22.61 -0.0984758
22.62 -0.099144
22.63 -0.0997681
22.64 -0.100346
22.65 -0.100876
22.66 -0.101356
22.67 -0.101785
22.68 -0.102162
22.69 -0.102486
22.7 -0.102757
22.71 -0.102974
22.72 -0.103136
22.73 -0.103241
22.74 -0.10329
22.75 -0.103281
22.76 -0.103212
22.77 -0.103084
22.78 -0.102895
22.79 -0.102645
22.8 -0.102335
22.81 -0.101964
22.82 -0.101531
22.83 -0.101038
22.84 -0.100484
22.85 -0.0998709
22.86 -0.0991984
22.87 -0.0984676
22.88 -0.0976796
22.89 -0.0968357
22.9 -0.0959375
22.91 -0.0949867
22.92 -0.0939855
22.93 -0.0929363
22.94 -0.0918418
22.95 -0.0907048
22.96 -0.0895285
22.97 -0.0883163
22.98 -0.0870717
22.99 -0.0857978
23 -0.0844976
23.01 -0.0831736
23.02 -0.0818279
23.03 -0.0804625
23.04 -0.0790793
23.05 -0.0776798
23.06 -0.0762656
23.07 -0.0748386
23.08 -0.0734006
23.09 -0.0719541
23.1 -0.0705018
23.11 -0.0690463
23.12 -0.0675906
23.13 -0.0661373
23.14 -0.0646882
23.15 -0.0632435
23.16 -0.0618028
23.17 -0.0603665
23.18 -0.0589344
23.19 -0.0575067
23.2 -0.0560832
23.21 -0.0546638
23.22 -0.0532483
23.23 -0.0518366
23.24 -0.0504287
23.25 -0.0490244
23.26 -0.0476238
23.27 -0.0462268
23.28 -0.0448332
23.29 -0.0434428
23.3 -0.0420552
23.31 -0.0406701
23.32 -0.0392869
23.33 -0.0379051
23.34 -0.0365244
23.35 -0.0351444
23.36 -0.0337649
23.37 -0.0323858
23.38 -0.0310072
23.39 -0.0296293
23.4 -0.0282527
23.41 -0.026878
23.42 -0.0255063
23.43 -0.0241388
23.44 -0.0227769
23.45 -0.021422
23.46 -0.0200759
23.47 -0.01874
23.48 -0.0174156
23.49 -0.0161038
23.5 -0.0148055
23.51 -0.0135211
23.52 -0.0122512
23.53 -0.0109964
23.54 -0.00975703
23.55 -0.0085335
23.56 -0.00732616
23.57 -0.00613524
23.58 -0.0049609
23.59 -0.00380318
23.6 -0.00266207
23.61 -0.00153753
23.62 -0.000429437
23.63 0.000662422
23.64 0.00173836
23.65 0.0027988
23.66 0.00384418
23.67 0.00487492
23.68 0.0058913
23.69 0.00689349
23.7 0.00788147
23.71 0.0088551
23.72 0.00981405
23.73 0.0107578
23.74 0.0116857
23.75 0.0125968
23.76 0.01349
23.77 0.0143636
23.78 0.0152157
23.79 0.0160441
23.8 0.0168463
23.81 0.0176195
23.82 0.0183613
23.83 0.0190692
23.84 0.0197407
23.85 0.0203735
23.86 0.0209652
23.87 0.0215135
23.88 0.0220163
23.89 0.0224712
23.9 0.0228761
23.91 0.0232284
23.92 0.0235255
23.93 0.0237647
23.94 0.0239433
23.95 0.024059
23.96 0.0241091
23.97 0.0240918
23.98 0.0240054
23.99 0.0238489
24 0.0236219
24.01 0.0233247
24.02 0.0229578
24.03 0.0225226
24.04 0.0220208
24.05 0.0214548
24.06 0.020828
24.07 0.0201442
24.08 0.0194077
24.09 0.0186229
24.1 0.0177943
24.11 0.0169262
24.12 0.0160228
24.13 0.0150877
24.14 0.0141241
24.15 0.013135
24.16 0.0121224
24.17 0.0110882
24.18 0.0100341
24.19 0.00896192
24.2 0.00787319
24.21 0.00676949
24.22 0.00565227
24.23 0.0045229
24.24 0.00338266
24.25 0.00223279
24.26 0.00107442
24.27 -9.14255e-05
24.28 -0.0012639
24.29 -0.00244234
24.3 -0.00362635
24.31 -0.00481574
24.32 -0.00601033
24.33 -0.00720974
24.34 -0.00841315
24.35 -0.00961921
24.36 -0.010826
24.37 -0.0120313
24.38 -0.0132326
24.39 -0.0144282
24.4 -0.0156178
24.41 -0.0168008
24.42 -0.0179768
24.43 -0.0191451
24.44 -0.0203053
24.45 -0.0214573
24.46 -0.0226008
24.47 -0.0237355
24.48 -0.0248611
24.49 -0.0259773
24.5 -0.0270834
24.51 -0.0281791
24.52 -0.0292639
24.53 -0.0303374
24.54 -0.0313991
24.55 -0.032449
24.56 -0.0334869
24.57 -0.0345127
24.58 -0.0355269
24.59 -0.0365297
24.6 -0.0375216
24.61 -0.038503
24.62 -0.0394743
24.63 -0.0404359
24.64 -0.0413883
24.65 -0.0423317
24.66 -0.043266
24.67 -0.044191
24.68 -0.0451063
24.69 -0.0460111
24.7 -0.0469047
24.71 -0.047786
24.72 -0.0486538
24.73 -0.0495071
24.74 -0.0503448
24.75 -0.0511656
24.76 -0.0519682
24.77 -0.0527513
24.78 -0.0535136
24.79 -0.0542541
24.8 -0.0549719
24.81 -0.0556661
24.82 -0.0563363
24.83 -0.0569819
24.84 -0.0576027
24.85 -0.0581989
24.86 -0.0587702
24.87 -0.0593169
24.88 -0.0598392
24.89 -0.0603375
24.9 -0.0608125
24.91 -0.0612651
24.92 -0.0616963
24.93 -0.0621074
24.94 -0.0624996
24.95 -0.0628744
24.96 -0.063233
24.97 -0.0635768
24.98 -0.0639073
24.99 -0.0642257
25 -0.0645331
