0.01 3.17637e-09
0.02 1.53054e-08
0.03 3.78136e-08
0.04 6.83716e-08
0.05 1.04693e-07
0.06 1.44556e-07
0.07 1.85822e-07
0.08 2.26431e-07
0.09 2.64387e-07
0.1 2.97753e-07
0.11 3.24681e-07
0.12 3.43405e-07
0.13 3.52208e-07
0.14 3.49365e-07
0.15 3.33131e-07
0.16 3.01798e-07
0.17 2.53745e-07
0.18 1.87449e-07
0.19 1.01498e-07
0.2 -5.39571e-09
0.21 -1.34389e-07
0.22 -2.865e-07
0.23 -4.62615e-07
0.24 -6.63506e-07
0.25 -8.89863e-07
0.26 -1.14235e-06
0.27 -1.42166e-06
0.28 -1.72835e-06
0.29 -2.06261e-06
0.3 -2.42416e-06
0.31 -2.81216e-06
0.32 -3.22525e-06
0.33 -3.66127e-06
0.34 -4.11719e-06
0.35 -4.5894e-06
0.36 -5.07394e-06
0.37 -5.56659e-06
0.38 -6.0635e-06
0.39 -6.56191e-06
0.4 -7.06082e-06
0.41 -7.56124e-06
0.42 -8.06579e-06
0.43 -8.57805e-06
0.44 -9.10268e-06
0.45 -9.64523e-06
0.46 -1.02117e-05
0.47 -1.08081e-05
0.48 -1.14398e-05
0.49 -1.21114e-05
0.5 -1.28266e-05
0.51 -1.35885e-05
0.52 -1.43994e-05
0.53 -1.52612e-05
0.54 -1.6175e-05
0.55 -1.71416e-05
0.56 -1.81612e-05
0.57 -1.92338e-05
0.58 -2.03588e-05
0.59 -2.1536e-05
0.6 -2.27649e-05
0.61 -2.40445e-05
0.62 -2.5374e-05
0.63 -2.67522e-05
0.64 -2.81779e-05
0.65 -2.96498e-05
0.66 -3.1167e-05
0.67 -3.27285e-05
0.68 -3.43337e-05
0.69 -3.59822e-05
0.7 -3.76736e-05
0.71 -3.94072e-05
0.72 -4.11817e-05
0.73 -4.2994e-05
0.74 -4.48393e-05
0.75 -4.67098e-05
0.76 -4.85949e-05
0.77 -5.04814e-05
0.78 -5.23544e-05
0.79 -5.42002e-05
0.8 -5.6007e-05
0.81 -5.77663e-05
0.82 -5.94719e-05
0.83 -6.11194e-05
0.84 -6.27063e-05
0.85 -6.42338e-05
0.86 -6.57057e-05
0.87 -6.71248e-05
0.88 -6.84889e-05
0.89 -6.97906e-05
0.9 -7.10189e-05
0.91 -7.21614e-05
0.92 -7.32054e-05
0.93 -7.41401e-05
0.94 -7.4959e-05
0.95 -7.56614e-05
0.96 -7.62529e-05
0.97 -7.67448e-05
0.98 -7.71491e-05
0.99 -7.74734e-05
1 -7.77187e-05
1.01 -7.78808e-05
1.02 -7.79495e-05
1.03 -7.79098e-05
1.04 -7.77447e-05
1.05 -7.74372e-05
1.06 -7.69733e-05
1.07 -7.63444e-05
1.08 -7.55451e-05
1.09 -7.45711e-05
1.1 -7.34177e-05
1.11 -7.20817e-05
1.12 -7.05602e-05
1.13 -6.88485e-05
1.14 -6.69408e-05
1.15 -6.4832e-05
1.16 -6.25189e-05
1.17 -6.0003e-05
1.18 -5.7293e-05
1.19 -5.44028e-05
1.2 -5.13481e-05
1.21 -4.8148e-05
1.22 -4.48264e-05
1.23 -4.14088e-05
1.24 -3.79172e-05
1.25 -3.4362e-05
1.26 -3.07375e-05
1.27 -2.70266e-05
1.28 -2.32105e-05
1.29 -1.92711e-05
1.3 -1.51924e-05
1.31 -1.0965e-05
1.32 -6.58847e-06
1.33 -2.06918e-06
1.34 2.58551e-06
1.35 7.37052e-06
1.36 1.22834e-05
1.37 1.73243e-05
1.38 2.24952e-05
1.39 2.77989e-05
1.4 3.32367e-05
1.41 3.88056e-05
1.42 4.44944e-05
1.43 5.02792e-05
1.44 5.61199e-05
1.45 6.19583e-05
1.46 6.77192e-05
1.47 7.33173e-05
1.48 7.86642e-05
1.49 8.36692e-05
1.5 8.82433e-05
1.51 9.23035e-05
1.52 9.57755e-05
1.53 9.86003e-05
1.54 0.000100743
1.55 0.000102199
1.56 0.000103
1.57 0.000103199
1.58 0.000102868
1.59 0.000102085
1.6 0.000100926
1.61 9.94596e-05
1.62 9.77434e-05
1.63 9.58291e-05
1.64 9.37601e-05
1.65 9.15727e-05
1.66 8.92933e-05
1.67 8.69367e-05
1.68 8.45087e-05
1.69 8.20111e-05
1.7 7.94459e-05
1.71 7.68154e-05
1.72 7.41223e-05
1.73 7.13723e-05
1.74 6.85776e-05
1.75 6.57609e-05
1.76 6.295e-05
1.77 6.01715e-05
1.78 5.74548e-05
1.79 5.48372e-05
1.8 5.23619e-05
1.81 5.00725e-05
1.82 4.80137e-05
1.83 4.62285e-05
1.84 4.47485e-05
1.85 4.3588e-05
1.86 4.2749e-05
1.87 4.22302e-05
1.88 4.20335e-05
1.89 4.21646e-05
1.9 4.26329e-05
1.91 4.34516e-05
1.92 4.4638e-05
1.93 4.62106e-05
1.94 4.81766e-05
1.95 5.05153e-05
1.96 5.31775e-05
1.97 5.60908e-05
1.98 5.91637e-05
1.99 6.22976e-05
2 6.54068e-05
2.01 6.84374e-05
2.02 7.13692e-05
2.03 7.42126e-05
2.04 7.70055e-05
2.05 7.98038e-05
2.06 8.2671e-05
2.07 8.56677e-05
2.08 8.88365e-05
2.09 9.21899e-05
2.1 9.57087e-05
2.11 9.93444e-05
2.12 0.000103018
2.13 0.000106613
2.14 0.000109991
2.15 0.000112999
2.16 0.000115476
2.17 0.00011726
2.18 0.000118187
2.19 0.000118086
2.2 0.000116774
2.21 0.000114058
2.22 0.00010975
2.23 0.000103669
2.24 9.56541e-05
2.25 8.55514e-05
2.26 7.32243e-05
2.27 5.85781e-05
2.28 4.15665e-05
2.29 2.21795e-05
2.3 4.38849e-07
2.31 -2.36005e-05
2.32 -4.98446e-05
2.33 -7.81481e-05
2.34 -0.000108309
2.35 -0.000140075
2.36 -0.000173152
2.37 -0.000207213
2.38 -0.000241913
2.39 -0.000276884
2.4 -0.000311755
2.41 -0.000346193
2.42 -0.000379921
2.43 -0.000412703
2.44 -0.000444325
2.45 -0.000474589
2.46 -0.000503316
2.47 -0.000530354
2.48 -0.000555587
2.49 -0.000578914
2.5 -0.000600233
2.51 -0.000619432
2.52 -0.000636383
2.53 -0.000650958
2.54 -0.000663034
2.55 -0.000672487
2.56 -0.000679199
2.57 -0.000683085
2.58 -0.000684113
2.59 -0.000682311
2.6 -0.00067776
2.61 -0.000670577
2.62 -0.000660895
2.63 -0.000648845
2.64 -0.00063454
2.65 -0.000618079
2.66 -0.000599544
2.67 -0.000579004
2.68 -0.000556527
2.69 -0.000532194
2.7 -0.0005061
2.71 -0.000478348
2.72 -0.000449045
2.73 -0.000418299
2.74 -0.000386203
2.75 -0.000352828
2.76 -0.00031824
2.77 -0.000282501
2.78 -0.000245649
2.79 -0.000207683
2.8 -0.000168566
2.81 -0.000128237
2.82 -8.66335e-05
2.83 -4.37311e-05
2.84 4.56677e-07
2.85 4.58758e-05
2.86 9.24365e-05
2.87 0.000140007
2.88 0.000188399
2.89 0.000237375
2.9 0.000286673
2.91 0.000336018
2.92 0.000385116
2.93 0.000433668
2.94 0.000481377
2.95 0.000527959
2.96 0.00057315
2.97 0.000616733
2.98 0.000658555
2.99 0.000698509
3 0.000736525
3.01 0.00077256
3.02 0.000806577
3.03 0.000838522
3.04 0.000868326
3.05 0.000895889
3.06 0.000921081
3.07 0.000943728
3.08 0.000963626
3.09 0.000980552
3.1 0.000994297
3.11 0.0010047
3.12 0.00101164
3.13 0.00101512
3.14 0.00101514
3.15 0.0010118
3.16 0.00100517
3.17 0.000995378
3.18 0.000982567
3.19 0.000966884
3.2 0.000948461
3.21 0.000927426
3.22 0.000903939
3.23 0.000878203
3.24 0.000850464
3.25 0.000821002
3.26 0.00079012
3.27 0.000758155
3.28 0.000725503
3.29 0.000692571
3.3 0.000659756
3.31 0.000627456
3.32 0.000596073
3.33 0.000565963
3.34 0.000537393
3.35 0.000510511
3.36 0.000485334
3.37 0.000461756
3.38 0.000439564
3.39 0.000418443
3.4 0.000397984
3.41 0.000377706
3.42 0.00035709
3.43 0.000335611
3.44 0.000312766
3.45 0.000288074
3.46 0.00026109
3.47 0.000231448
3.48 0.000198911
3.49 0.000163384
3.5 0.000124911
3.51 8.36617e-05
3.52 3.99179e-05
3.53 -5.94044e-06
3.54 -5.34704e-05
3.55 -0.000102218
3.56 -0.000151777
3.57 -0.000201798
3.58 -0.000251946
3.59 -0.00030189
3.6 -0.000351339
3.61 -0.000400067
3.62 -0.000447904
3.63 -0.000494731
3.64 -0.000540489
3.65 -0.000585176
3.66 -0.000628845
3.67 -0.000671619
3.68 -0.000713694
3.69 -0.00075531
3.7 -0.000796704
3.71 -0.000838093
3.72 -0.000879692
3.73 -0.000921692
3.74 -0.00096423
3.75 -0.0010074
3.76 -0.00105128
3.77 -0.00109589
3.78 -0.00114122
3.79 -0.00118723
3.8 -0.00123383
3.81 -0.00128087
3.82 -0.00132816
3.83 -0.00137546
3.84 -0.00142252
3.85 -0.00146907
3.86 -0.00151488
3.87 -0.00155978
3.88 -0.00160373
3.89 -0.00164678
3.9 -0.00168911
3.91 -0.00173102
3.92 -0.00177291
3.93 -0.00181526
3.94 -0.00185859
3.95 -0.00190343
3.96 -0.00195028
3.97 -0.0019996
3.98 -0.0020517
3.99 -0.00210678
4 -0.00216486
4.01 -0.00222581
4.02 -0.00228939
4.03 -0.00235519
4.04 -0.00242274
4.05 -0.0024914
4.06 -0.00256044
4.07 -0.00262902
4.08 -0.00269613
4.09 -0.00276066
4.1 -0.00282142
4.11 -0.0028772
4.12 -0.00292685
4.13 -0.00296942
4.14 -0.00300415
4.15 -0.00303054
4.16 -0.00304842
4.17 -0.00305796
4.18 -0.0030596
4.19 -0.003054
4.2 -0.00304206
4.21 -0.00302478
4.22 -0.00300324
4.23 -0.00297848
4.24 -0.00295141
4.25 -0.00292285
4.26 -0.00289357
4.27 -0.00286423
4.28 -0.0028354
4.29 -0.00280748
4.3 -0.00278074
4.31 -0.00275528
4.32 -0.00273111
4.33 -0.00270812
4.34 -0.00268608
4.35 -0.00266459
4.36 -0.00264313
4.37 -0.00262106
4.38 -0.00259761
4.39 -0.002572
4.4 -0.00254339
4.41 -0.00251089
4.42 -0.0024736
4.43 -0.00243063
4.44 -0.00238113
4.45 -0.00232432
4.46 -0.00225959
4.47 -0.00218652
4.48 -0.0021049
4.49 -0.00201469
4.5 -0.0019159
4.51 -0.00180861
4.52 -0.00169298
4.53 -0.00156929
4.54 -0.00143797
4.55 -0.00129954
4.56 -0.00115458
4.57 -0.0010038
4.58 -0.000847945
4.59 -0.000687847
4.6 -0.000524369
4.61 -0.000358382
4.62 -0.000190708
4.63 -2.21174e-05
4.64 0.000146676
4.65 0.000315029
4.66 0.000482391
4.67 0.00064835
4.68 0.000812652
4.69 0.000975173
4.7 0.00113586
4.71 0.00129468
4.72 0.00145157
4.73 0.00160646
4.74 0.00175926
4.75 0.00190979
4.76 0.0020578
4.77 0.00220296
4.78 0.00234495
4.79 0.00248342
4.8 0.00261803
4.81 0.00274838
4.82 0.00287402
4.83 0.00299453
4.84 0.00310948
4.85 0.00321843
4.86 0.00332087
4.87 0.00341638
4.88 0.0035046
4.89 0.0035852
4.9 0.00365787
4.91 0.00372238
4.92 0.00377857
4.93 0.00382634
4.94 0.0038656
4.95 0.00389633
4.96 0.00391852
4.97 0.00393222
4.98 0.00393757
4.99 0.00393475
5 0.00392404
5.01 0.0039057
5.02 0.00387995
5.03 0.00384693
5.04 0.00380666
5.05 0.00375905
5.06 0.00370388
5.07 0.00364082
5.08 0.00356943
5.09 0.00348923
5.1 0.0033997
5.11 0.00330031
5.12 0.00319054
5.13 0.00306998
5.14 0.0029383
5.15 0.00279533
5.16 0.0026411
5.17 0.00247589
5.18 0.0023002
5.19 0.00211465
5.2 0.00192006
5.21 0.00171737
5.22 0.00150761
5.23 0.00129186
5.24 0.00107113
5.25 0.000846458
5.26 0.000618916
5.27 0.000389646
5.28 0.000159835
5.29 -6.93347e-05
5.3 -0.000296717
5.31 -0.000521207
5.32 -0.000741783
5.33 -0.000957596
5.34 -0.00116802
5.35 -0.00137263
5.36 -0.00157125
5.37 -0.00176399
5.38 -0.00195122
5.39 -0.00213346
5.4 -0.0023113
5.41 -0.00248533
5.42 -0.00265614
5.43 -0.00282423
5.44 -0.00298996
5.45 -0.00315352
5.46 -0.00331495
5.47 -0.00347417
5.48 -0.00363105
5.49 -0.00378542
5.5 -0.00393702
5.51 -0.00408552
5.52 -0.0042305
5.53 -0.00437156
5.54 -0.00450831
5.55 -0.0046403
5.56 -0.00476706
5.57 -0.00488818
5.58 -0.00500333
5.59 -0.00511229
5.6 -0.00521484
5.61 -0.00531079
5.62 -0.00539989
5.63 -0.0054819
5.64 -0.00555655
5.65 -0.00562357
5.66 -0.00568271
5.67 -0.00573371
5.68 -0.00577627
5.69 -0.00581002
5.7 -0.00583455
5.71 -0.00584936
5.72 -0.00585391
5.73 -0.00584758
5.74 -0.00582978
5.75 -0.00579993
5.76 -0.00575744
5.77 -0.00570183
5.78 -0.00563273
5.79 -0.00554997
5.8 -0.00545354
5.81 -0.00534366
5.82 -0.00522082
5.83 -0.00508574
5.84 -0.00493938
5.85 -0.00478288
5.86 -0.00461751
5.87 -0.00444463
5.88 -0.00426565
5.89 -0.004082
5.9 -0.00389509
5.91 -0.00370623
5.92 -0.00351661
5.93 -0.00332728
5.94 -0.00313916
5.95 -0.00295299
5.96 -0.00276925
5.97 -0.00258812
5.98 -0.00240951
5.99 -0.00223307
6 -0.00205822
6.01 -0.00188424
6.02 -0.00171034
6.03 -0.00153569
6.04 -0.00135943
6.05 -0.00118071
6.06 -0.000998739
6.07 -0.000812843
6.08 -0.000622558
6.09 -0.0004276
6.1 -0.000227828
6.11 -2.32233e-05
6.12 0.000186085
6.13 0.000399832
6.14 0.000617676
6.15 0.000839274
6.16 0.00106432
6.17 0.00129263
6.18 0.00152419
6.19 0.00175922
6.2 0.00199801
6.21 0.00224094
6.22 0.00248844
6.23 0.00274099
6.24 0.00299909
6.25 0.00326315
6.26 0.00353361
6.27 0.00381083
6.28 0.00409521
6.29 0.0043871
6.3 0.00468694
6.31 0.00499516
6.32 0.00531224
6.33 0.00563872
6.34 0.00597516
6.35 0.00632212
6.36 0.0066801
6.37 0.00704939
6.38 0.00742995
6.39 0.00782145
6.4 0.00822327
6.41 0.00863463
6.42 0.00905465
6.43 0.00948249
6.44 0.00991738
6.45 0.0103587
6.46 0.0108062
6.47 0.0112596
6.48 0.011719
6.49 0.012184
6.5 0.0126545
6.51 0.0131297
6.52 0.0136085
6.53 0.0140892
6.54 0.01457
6.55 0.0150484
6.56 0.0155216
6.57 0.0159865
6.58 0.0164397
6.59 0.0168781
6.6 0.0172983
6.61 0.0176977
6.62 0.0180738
6.63 0.0184246
6.64 0.0187484
6.65 0.0190439
6.66 0.0193097
6.67 0.0195447
6.68 0.0197475
6.69 0.0199171
6.7 0.0200522
6.71 0.0201518
6.72 0.0202148
6.73 0.0202403
6.74 0.0202276
6.75 0.0201759
6.76 0.0200849
6.77 0.0199544
6.78 0.0197843
6.79 0.0195751
6.8 0.019327
6.81 0.0190407
6.82 0.0187169
6.83 0.018356
6.84 0.0179588
6.85 0.0175256
6.86 0.017057
6.87 0.0165532
6.88 0.0160146
6.89 0.0154413
6.9 0.0148339
6.91 0.0141929
6.92 0.0135193
6.93 0.0128144
6.94 0.0120797
6.95 0.0113173
6.96 0.0105294
6.97 0.0097182
6.98 0.00888603
6.99 0.00803484
7 0.00716637
7.01 0.00628198
7.02 0.00538274
7.03 0.00446956
7.04 0.00354336
7.05 0.00260517
7.06 0.00165634
7.07 0.000698586
7.08 -0.000265972
7.09 -0.00123487
7.1 -0.00220535
7.11 -0.0031745
7.12 -0.00413933
7.13 -0.00509706
7.14 -0.00604527
7.15 -0.00698203
7.16 -0.00790582
7.17 -0.00881554
7.18 -0.00971036
7.19 -0.0105897
7.2 -0.0114529
7.21 -0.0122995
7.22 -0.0131288
7.23 -0.0139398
7.24 -0.0147311
7.25 -0.0155013
7.26 -0.0162486
7.27 -0.0169712
7.28 -0.0176672
7.29 -0.018335
7.3 -0.0189734
7.31 -0.0195814
7.32 -0.0201584
7.33 -0.0207042
7.34 -0.0212186
7.35 -0.0217018
7.36 -0.0221535
7.37 -0.0225737
7.38 -0.0229622
7.39 -0.0233188
7.4 -0.0236429
7.41 -0.0239335
7.42 -0.0241897
7.43 -0.0244106
7.44 -0.0245954
7.45 -0.0247437
7.46 -0.0248555
7.47 -0.0249309
7.48 -0.0249706
7.49 -0.0249757
7.5 -0.0249476
7.51 -0.0248878
7.52 -0.0247986
7.53 -0.0246818
7.54 -0.0245398
7.55 -0.0243746
7.56 -0.0241881
7.57 -0.0239825
7.58 -0.0237597
7.59 -0.023522
7.6 -0.0232713
7.61 -0.0230099
7.62 -0.0227395
7.63 -0.0224617
7.64 -0.0221776
7.65 -0.0218877
7.66 -0.0215922
7.67 -0.0212907
7.68 -0.0209821
7.69 -0.0206648
7.7 -0.0203368
7.71 -0.0199956
7.72 -0.0196388
7.73 -0.0192641
7.74 -0.0188699
7.75 -0.0184549
7.76 -0.0180186
7.77 -0.0175605
7.78 -0.0170808
7.79 -0.0165798
7.8 -0.0160584
7.81 -0.0155176
7.82 -0.0149586
7.83 -0.0143829
7.84 -0.0137923
7.85 -0.0131887
7.86 -0.0125741
7.87 -0.0119506
7.88 -0.0113203
7.89 -0.0106852
7.9 -0.0100471
7.91 -0.00940773
7.92 -0.00876841
7.93 -0.00813028
7.94 -0.00749418
7.95 -0.00686069
7.96 -0.00623018
7.97 -0.00560284
7.98 -0.00497864
7.99 -0.00435744
8 -0.00373908
8.01 -0.00312346
8.02 -0.00251058
8.03 -0.00190061
8.04 -0.0012939
8.05 -0.000691071
8.06 -9.30402e-05
8.07 0.000499032
8.08 0.00108383
8.09 0.00165998
8.1 0.00222618
8.11 0.00278135
8.12 0.00332476
8.13 0.0038561
8.14 0.00437538
8.15 0.00488297
8.16 0.00537951
8.17 0.00586586
8.18 0.00634303
8.19 0.00681205
8.2 0.00727393
8.21 0.00772958
8.22 0.00817972
8.23 0.00862492
8.24 0.00906559
8.25 0.009502
8.26 0.0099342
8.27 0.010362
8.28 0.010785
8.29 0.0112025
8.3 0.0116136
8.31 0.0120168
8.32 0.0124102
8.33 0.0127912
8.34 0.013157
8.35 0.0135043
8.36 0.0138295
8.37 0.0141293
8.38 0.0144004
8.39 0.0146402
8.4 0.0148466
8.41 0.0150181
8.42 0.0151539
8.43 0.0152536
8.44 0.0153173
8.45 0.0153456
8.46 0.0153395
8.47 0.0153004
8.48 0.0152303
8.49 0.015131
8.5 0.015005
8.51 0.0148543
8.52 0.0146813
8.53 0.0144879
8.54 0.0142755
8.55 0.0140454
8.56 0.0137982
8.57 0.0135345
8.58 0.0132546
8.59 0.0129586
8.6 0.0126468
8.61 0.0123194
8.62 0.0119767
8.63 0.0116193
8.64 0.0112482
8.65 0.0108645
8.66 0.0104699
8.67 0.0100661
8.68 0.00965525
8.69 0.00923931
8.7 0.00882038
8.71 0.00840049
8.72 0.00798162
8.73 0.00756552
8.74 0.00715368
8.75 0.00674741
8.76 0.00634768
8.77 0.00595511
8.78 0.00556993
8.79 0.00519205
8.8 0.00482107
8.81 0.00445629
8.82 0.00409677
8.83 0.00374145
8.84 0.00338933
8.85 0.00303956
8.86 0.00269147
8.87 0.0023445
8.88 0.00199826
8.89 0.00165256
8.9 0.0013075
8.91 0.000963432
8.92 0.000620917
8.93 0.000280673
8.94 -5.65395e-05
8.95 -0.000390006
8.96 -0.000719095
8.97 -0.00104326
8.98 -0.00136205
8.99 -0.00167517
9 -0.00198253
9.01 -0.00228435
9.02 -0.00258112
9.03 -0.00287362
9.04 -0.0031629
9.05 -0.00345007
9.06 -0.00373622
9.07 -0.0040223
9.08 -0.00430908
9.09 -0.00459717
9.1 -0.00488704
9.11 -0.00517915
9.12 -0.0054739
9.13 -0.00577168
9.14 -0.00607286
9.15 -0.00637774
9.16 -0.00668652
9.17 -0.00699911
9.18 -0.00731508
9.19 -0.00763355
9.2 -0.00795319
9.21 -0.00827215
9.22 -0.00858804
9.23 -0.008898
9.24 -0.00919886
9.25 -0.00948741
9.26 -0.00976061
9.27 -0.0100158
9.28 -0.0102507
9.29 -0.0104639
9.3 -0.010654
9.31 -0.0108204
9.32 -0.0109624
9.33 -0.0110794
9.34 -0.0111712
9.35 -0.0112374
9.36 -0.0112779
9.37 -0.0112925
9.38 -0.0112812
9.39 -0.0112441
9.4 -0.0111813
9.41 -0.0110933
9.42 -0.0109809
9.43 -0.0108452
9.44 -0.0106879
9.45 -0.0105109
9.46 -0.0103168
9.47 -0.0101082
9.48 -0.00988789
9.49 -0.00965838
9.5 -0.00942205
9.51 -0.00918084
9.52 -0.00893633
9.53 -0.00868969
9.54 -0.00844185
9.55 -0.0081936
9.56 -0.00794575
9.57 -0.00769918
9.58 -0.00745498
9.59 -0.00721451
9.6 -0.00697931
9.61 -0.00675101
9.62 -0.00653124
9.63 -0.00632144
9.64 -0.00612279
9.65 -0.00593607
9.66 -0.00576172
9.67 -0.0055998
9.68 -0.00545001
9.69 -0.00531176
9.7 -0.00518426
9.71 -0.00506663
9.72 -0.00495808
9.73 -0.00485788
9.74 -0.00476549
9.75 -0.00468061
9.76 -0.00460324
9.77 -0.00453361
9.78 -0.00447215
9.79 -0.00441946
9.8 -0.00437637
9.81 -0.0043439
9.82 -0.00432321
9.83 -0.00431557
9.84 -0.00432239
9.85 -0.00434514
9.86 -0.00438527
9.87 -0.00444414
9.88 -0.00452289
9.89 -0.00462247
9.9 -0.00474367
9.91 -0.00488693
9.92 -0.00505234
9.93 -0.00523966
9.94 -0.00544834
9.95 -0.00567748
9.96 -0.00592597
9.97 -0.00619265
9.98 -0.00647643
9.99 -0.00677638
10 -0.00709176
10.01 -0.00742203
10.02 -0.00776686
10.03 -0.00812613
10.04 -0.00849986
10.05 -0.00888804
10.06 -0.00929047
10.07 -0.00970675
10.08 -0.0101362
10.09 -0.0105781
10.1 -0.0110313
10.11 -0.0114948
10.12 -0.0119672
10.13 -0.0124475
10.14 -0.0129348
10.15 -0.0134282
10.16 -0.013927
10.17 -0.0144306
10.18 -0.0149382
10.19 -0.0154492
10.2 -0.0159624
10.21 -0.0164768
10.22 -0.0169911
10.23 -0.017504
10.24 -0.0180141
10.25 -0.01852
10.26 -0.0190205
10.27 -0.0195142
10.28 -0.0200003
10.29 -0.0204774
10.3 -0.0209448
10.31 -0.0214013
10.32 -0.0218461
10.33 -0.0222779
10.34 -0.0226957
10.35 -0.0230984
10.36 -0.0234849
10.37 -0.0238543
10.38 -0.0242054
10.39 -0.0245374
10.4 -0.0248492
10.41 -0.0251399
10.42 -0.0254084
10.43 -0.0256538
10.44 -0.0258751
10.45 -0.0260709
10.46 -0.0262398
10.47 -0.0263801
10.48 -0.0264904
10.49 -0.0265693
10.5 -0.0266157
10.51 -0.026629
10.52 -0.0266087
10.53 -0.0265549
10.54 -0.0264676
10.55 -0.0263473
10.56 -0.0261945
10.57 -0.0260099
10.58 -0.0257941
10.59 -0.025548
10.6 -0.0252723
10.61 -0.0249678
10.62 -0.0246357
10.63 -0.024277
10.64 -0.0238928
10.65 -0.0234846
10.66 -0.0230539
10.67 -0.0226022
10.68 -0.0221313
10.69 -0.0216426
10.7 -0.0211377
10.71 -0.0206178
10.72 -0.0200841
10.73 -0.0195375
10.74 -0.0189789
10.75 -0.0184092
10.76 -0.0178292
10.77 -0.0172396
10.78 -0.0166411
10.79 -0.0160342
10.8 -0.0154193
10.81 -0.014797
10.82 -0.0141676
10.83 -0.0135315
10.84 -0.012889
10.85 -0.0122405
10.86 -0.0115863
10.87 -0.010927
10.88 -0.0102633
10.89 -0.0095957
10.9 -0.00892512
10.91 -0.00825233
10.92 -0.00757807
10.93 -0.00690295
10.94 -0.00622735
10.95 -0.00555141
10.96 -0.00487505
10.97 -0.00419798
10.98 -0.0035198
10.99 -0.00284007
11 -0.0021584
11.01 -0.00147455
11.02 -0.000788385
11.03 -9.9946e-05
11.04 0.000590501
11.05 0.00128251
11.06 0.00197552
11.07 0.0026689
11.08 0.00336189
11.09 0.00405369
11.1 0.00474341
11.11 0.00543024
11.12 0.0061134
11.13 0.00679225
11.14 0.00746615
11.15 0.0081345
11.16 0.00879671
11.17 0.00945239
11.18 0.0101013
11.19 0.0107435
11.2 0.0113793
11.21 0.012009
11.22 0.0126333
11.23 0.0132529
11.24 0.0138685
11.25 0.0144802
11.26 0.015088
11.27 0.0156912
11.28 0.0162888
11.29 0.0168795
11.3 0.017462
11.31 0.0180348
11.32 0.0185968
11.33 0.0191475
11.34 0.0196868
11.35 0.0202148
11.36 0.0207317
11.37 0.0212383
11.38 0.0217354
11.39 0.0222238
11.4 0.0227044
11.41 0.0231779
11.42 0.0236447
11.43 0.0241051
11.44 0.0245589
11.45 0.025006
11.46 0.025446
11.47 0.0258785
11.48 0.0263034
11.49 0.0267206
11.5 0.0271307
11.51 0.0275344
11.52 0.0279327
11.53 0.0283272
11.54 0.0287191
11.55 0.0291099
11.56 0.029501
11.57 0.0298935
11.58 0.030288
11.59 0.030685
11.6 0.0310851
11.61 0.0314885
11.62 0.0318957
11.63 0.0323071
11.64 0.032723
11.65 0.0331441
11.66 0.0335706
11.67 0.0340029
11.68 0.0344415
11.69 0.0348865
11.7 0.0353381
11.71 0.0357962
11.72 0.0362602
11.73 0.0367296
11.74 0.0372033
11.75 0.03768
11.76 0.0381579
11.77 0.0386349
11.78 0.0391082
11.79 0.0395747
11.8 0.040031
11.81 0.0404738
11.82 0.0409
11.83 0.0413069
11.84 0.0416921
11.85 0.0420535
11.86 0.0423892
11.87 0.0426977
11.88 0.0429773
11.89 0.0432264
11.9 0.0434437
11.91 0.0436277
11.92 0.0437774
11.93 0.0438915
11.94 0.043969
11.95 0.044009
11.96 0.0440106
11.97 0.0439728
11.98 0.043895
11.99 0.0437769
12 0.0436184
12.01 0.0434196
12.02 0.0431809
12.03 0.042903
12.04 0.0425872
12.05 0.0422349
12.06 0.0418475
12.07 0.0414269
12.08 0.0409748
12.09 0.0404927
12.1 0.0399818
12.11 0.0394434
12.12 0.0388782
12.13 0.0382867
12.14 0.0376693
12.15 0.0370259
12.16 0.0363561
12.17 0.0356595
12.18 0.0349357
12.19 0.0341843
12.2 0.0334049
12.21 0.0325971
12.22 0.0317609
12.23 0.0308963
12.24 0.0300033
12.25 0.0290822
12.26 0.0281335
12.27 0.0271577
12.28 0.0261558
12.29 0.0251287
12.3 0.0240777
12.31 0.0230042
12.32 0.0219097
12.33 0.0207963
12.34 0.0196662
12.35 0.0185219
12.36 0.017366
12.37 0.0162013
12.38 0.0150312
12.39 0.0138589
12.4 0.0126878
12.41 0.0115216
12.42 0.0103638
12.43 0.00921756
12.44 0.0080862
12.45 0.00697287
12.46 0.00588064
12.47 0.00481254
12.48 0.00377182
12.49 0.00276206
12.5 0.00178727
12.51 0.000851841
12.52 -3.94628e-05
12.53 -0.000881648
12.54 -0.00167021
12.55 -0.00240162
12.56 -0.00307269
12.57 -0.00368031
12.58 -0.00422164
12.59 -0.00469402
12.6 -0.00509485
12.61 -0.00542163
12.62 -0.005672
12.63 -0.00584387
12.64 -0.00593555
12.65 -0.00594553
12.66 -0.0058726
12.67 -0.005716
12.68 -0.00547555
12.69 -0.0051517
12.7 -0.00474546
12.71 -0.00425829
12.72 -0.00369202
12.73 -0.00304877
12.74 -0.00233088
12.75 -0.00154082
12.76 -0.000681135
12.77 0.000245632
12.78 0.00123691
12.79 0.0022901
12.8 0.00340259
12.81 0.00457163
12.82 0.00579432
12.83 0.00706754
12.84 0.00838808
12.85 0.00975263
12.86 0.0111579
12.87 0.0126007
12.88 0.014078
12.89 0.0155869
12.9 0.017125
12.91 0.0186896
12.92 0.0202784
12.93 0.0218889
12.94 0.0235185
12.95 0.0251645
12.96 0.026824
12.97 0.0284942
12.98 0.0301718
12.99 0.0318539
13 0.0335373
13.01 0.0352189
13.02 0.0368959
13.03 0.0385656
13.04 0.0402263
13.05 0.0418777
13.06 0.0435198
13.07 0.0451527
13.08 0.0467762
13.09 0.0483896
13.1 0.0499923
13.11 0.0515832
13.12 0.0531611
13.13 0.0547246
13.14 0.0562725
13.15 0.0578037
13.16 0.0593173
13.17 0.0608127
13.18 0.0622893
13.19 0.0637471
13.2 0.0651858
13.21 0.0666053
13.22 0.0680057
13.23 0.0693869
13.24 0.0707486
13.25 0.0720908
13.26 0.073413
13.27 0.074715
13.28 0.0759963
13.29 0.0772562
13.3 0.0784941
13.31 0.0797091
13.32 0.0809002
13.33 0.0820661
13.34 0.0832053
13.35 0.0843165
13.36 0.0853983
13.37 0.0864493
13.38 0.0874685
13.39 0.0884548
13.4 0.0894074
13.41 0.0903257
13.42 0.0912093
13.43 0.0920582
13.44 0.0928723
13.45 0.0936521
13.46 0.0943982
13.47 0.0951113
13.48 0.0957925
13.49 0.0964427
13.5 0.0970634
13.51 0.0976556
13.52 0.0982209
13.53 0.0987607
13.54 0.0992764
13.55 0.0997698
13.56 0.100242
13.57 0.100696
13.58 0.101133
13.59 0.101553
13.6 0.101959
13.61 0.102351
13.62 0.102731
13.63 0.103099
13.64 0.103455
13.65 0.103802
13.66 0.10414
13.67 0.104469
13.68 0.104791
13.69 0.105106
13.7 0.105414
13.71 0.105717
13.72 0.106013
13.73 0.106304
13.74 0.106589
13.75 0.106866
13.76 0.107137
13.77 0.107398
13.78 0.107649
13.79 0.107888
13.8 0.108112
13.81 0.108318
13.82 0.108503
13.83 0.108664
13.84 0.108796
13.85 0.108899
13.86 0.108969
13.87 0.109005
13.88 0.109007
13.89 0.108974
13.9 0.108904
13.91 0.108796
13.92 0.108649
13.93 0.108463
13.94 0.108237
13.95 0.10797
13.96 0.107661
13.97 0.10731
13.98 0.106917
13.99 0.10648
14 0.105999
14.01 0.105475
14.02 0.104906
14.03 0.104293
14.04 0.103635
14.05 0.102932
14.06 0.102185
14.07 0.101392
14.08 0.100555
14.09 0.0996727
14.1 0.0987448
14.11 0.0977708
14.12 0.0967499
14.13 0.0956809
14.14 0.0945626
14.15 0.0933932
14.16 0.092171
14.17 0.0908941
14.18 0.0895608
14.19 0.0881692
14.2 0.086718
14.21 0.0852057
14.22 0.0836311
14.23 0.0819928
14.24 0.0802897
14.25 0.0785204
14.26 0.0766839
14.27 0.0747788
14.28 0.0728042
14.29 0.0707593
14.3 0.0686438
14.31 0.0664577
14.32 0.0642015
14.33 0.0618752
14.34 0.0594771
14.35 0.0570053
14.36 0.0544576
14.37 0.051832
14.38 0.049126
14.39 0.046337
14.4 0.0434625
14.41 0.0404998
14.42 0.0374461
14.43 0.034299
14.44 0.0310561
14.45 0.0277156
14.46 0.0242763
14.47 0.0207373
14.48 0.0170981
14.49 0.0133585
14.5 0.00951843
14.51 0.00557775
14.52 0.00153628
14.53 -0.00260628
14.54 -0.00685038
14.55 -0.0111965
14.56 -0.0156453
14.57 -0.0201974
14.58 -0.0248533
14.59 -0.0296137
14.6 -0.0344791
14.61 -0.0394496
14.62 -0.044525
14.63 -0.0497044
14.64 -0.0549863
14.65 -0.0603681
14.66 -0.0658464
14.67 -0.0714174
14.68 -0.0770765
14.69 -0.0828197
14.7 -0.088643
14.71 -0.0945426
14.72 -0.100515
14.73 -0.106555
14.74 -0.112659
14.75 -0.118818
14.76 -0.125027
14.77 -0.131278
14.78 -0.137564
14.79 -0.143879
14.8 -0.150216
14.81 -0.156567
14.82 -0.162926
14.83 -0.169286
14.84 -0.175641
14.85 -0.181983
14.86 -0.188307
14.87 -0.194605
14.88 -0.200871
14.89 -0.207099
14.9 -0.213282
14.91 -0.219413
14.92 -0.225486
14.93 -0.231492
14.94 -0.237425
14.95 -0.243279
14.96 -0.249046
14.97 -0.25472
14.98 -0.260294
14.99 -0.265764
15 -0.271126
15.01 -0.276377
15.02 -0.281517
15.03 -0.286547
15.04 -0.291468
15.05 -0.296282
15.06 -0.300993
15.07 -0.305604
15.08 -0.31012
15.09 -0.314545
15.1 -0.318885
15.11 -0.323142
15.12 -0.327323
15.13 -0.331432
15.14 -0.335473
15.15 -0.339451
15.16 -0.343371
15.17 -0.347236
15.18 -0.35105
15.19 -0.354816
15.2 -0.358536
15.21 -0.362214
15.22 -0.36585
15.23 -0.369449
15.24 -0.373013
15.25 -0.376545
15.26 -0.38005
15.27 -0.383531
15.28 -0.386993
15.29 -0.390441
15.3 -0.393879
15.31 -0.397311
15.32 -0.400739
15.33 -0.404167
15.34 -0.407597
15.35 -0.411031
15.36 -0.41447
15.37 -0.417919
15.38 -0.421378
15.39 -0.424852
15.4 -0.428341
15.41 -0.431848
15.42 -0.435375
15.43 -0.438923
15.44 -0.442492
15.45 -0.446082
15.46 -0.449694
15.47 -0.453325
15.48 -0.456976
15.49 -0.460642
15.5 -0.464322
15.51 -0.46801
15.52 -0.471702
15.53 -0.475392
15.54 -0.479074
15.55 -0.482744
15.56 -0.486396
15.57 -0.490025
15.58 -0.493624
15.59 -0.49719
15.6 -0.500716
15.61 -0.504197
15.62 -0.507627
15.63 -0.511002
15.64 -0.514316
15.65 -0.517564
15.66 -0.520739
15.67 -0.523837
15.68 -0.526853
15.69 -0.52978
15.7 -0.532615
15.71 -0.53535
15.72 -0.537983
15.73 -0.540506
15.74 -0.542916
15.75 -0.545206
15.76 -0.547372
15.77 -0.549407
15.78 -0.551307
15.79 -0.553067
15.8 -0.554681
15.81 -0.556144
15.82 -0.557453
15.83 -0.558602
15.84 -0.559589
15.85 -0.560409
15.86 -0.56106
15.87 -0.561539
15.88 -0.561843
15.89 -0.561969
15.9 -0.561917
15.91 -0.561683
15.92 -0.561266
15.93 -0.560666
15.94 -0.559881
15.95 -0.558911
15.96 -0.557755
15.97 -0.556415
15.98 -0.554893
15.99 -0.553189
16 -0.551308
16.01 -0.549252
16.02 -0.547027
16.03 -0.544639
16.04 -0.542095
16.05 -0.539402
16.06 -0.53657
16.07 -0.53361
16.08 -0.530529
16.09 -0.52734
16.1 -0.524051
16.11 -0.520672
16.12 -0.517214
16.13 -0.513686
16.14 -0.510094
16.15 -0.506443
16.16 -0.502738
16.17 -0.498984
16.18 -0.495187
16.19 -0.491353
16.2 -0.487488
16.21 -0.483595
16.22 -0.479681
16.23 -0.47575
16.24 -0.471806
16.25 -0.467852
16.26 -0.46389
16.27 -0.459922
16.28 -0.455948
16.29 -0.45197
16.3 -0.447988
16.31 -0.444003
16.32 -0.440014
16.33 -0.436021
16.34 -0.432026
16.35 -0.428027
16.36 -0.424024
16.37 -0.420017
16.38 -0.416005
16.39 -0.411989
16.4 -0.407968
16.41 -0.403941
16.42 -0.399908
16.43 -0.395868
16.44 -0.39182
16.45 -0.387766
16.46 -0.383704
16.47 -0.379634
16.48 -0.375555
16.49 -0.371469
16.5 -0.367373
16.51 -0.363269
16.52 -0.359156
16.53 -0.355034
16.54 -0.350903
16.55 -0.346762
16.56 -0.342612
16.57 -0.338452
16.58 -0.334282
16.59 -0.330104
16.6 -0.325917
16.61 -0.321722
16.62 -0.317519
16.63 -0.313311
16.64 -0.309099
16.65 -0.304885
16.66 -0.300672
16.67 -0.296461
16.68 -0.292256
16.69 -0.288061
16.7 -0.283879
16.71 -0.279714
16.72 -0.27557
16.73 -0.271449
16.74 -0.267354
16.75 -0.263286
16.76 -0.259248
16.77 -0.255241
16.78 -0.251266
16.79 -0.247323
16.8 -0.243413
16.81 -0.239537
16.82 -0.235695
16.83 -0.231887
16.84 -0.228113
16.85 -0.224374
16.86 -0.220669
16.87 -0.216998
16.88 -0.213362
16.89 -0.209762
16.9 -0.206197
16.91 -0.202669
16.92 -0.199179
16.93 -0.195727
16.94 -0.192315
16.95 -0.188943
16.96 -0.185611
16.97 -0.182321
16.98 -0.179073
16.99 -0.175867
17 -0.172703
17.01 -0.169582
17.02 -0.166503
17.03 -0.163467
17.04 -0.160475
17.05 -0.157526
17.06 -0.154621
17.07 -0.151761
17.08 -0.148945
17.09 -0.146173
17.1 -0.143446
17.11 -0.140765
17.12 -0.138128
17.13 -0.135538
17.14 -0.132993
17.15 -0.130495
17.16 -0.128042
17.17 -0.125637
17.18 -0.123278
17.19 -0.120966
17.2 -0.118701
17.21 -0.116484
17.22 -0.114314
17.23 -0.112191
17.24 -0.110117
17.25 -0.10809
17.26 -0.106111
17.27 -0.104181
17.28 -0.1023
17.29 -0.100469
17.3 -0.0986874
17.31 -0.0969572
17.32 -0.0952785
17.33 -0.0936521
17.34 -0.0920785
17.35 -0.0905587
17.36 -0.0890939
17.37 -0.0876854
17.38 -0.0863352
17.39 -0.0850454
17.4 -0.0838186
17.41 -0.0826582
17.42 -0.0815676
17.43 -0.0805506
17.44 -0.0796108
17.45 -0.0787515
17.46 -0.0779754
17.47 -0.0772848
17.48 -0.0766812
17.49 -0.0761661
17.5 -0.0757407
17.51 -0.075406
17.52 -0.0751633
17.53 -0.0750139
17.54 -0.0749591
17.55 -0.0750001
17.56 -0.0751379
17.57 -0.0753731
17.58 -0.0757059
17.59 -0.0761362
17.6 -0.0766631
17.61 -0.0772855
17.62 -0.0780013
17.63 -0.0788082
17.64 -0.079703
17.65 -0.0806824
17.66 -0.0817424
17.67 -0.0828786
17.68 -0.0840866
17.69 -0.0853615
17.7 -0.0866982
17.71 -0.0880921
17.72 -0.0895385
17.73 -0.0910332
17.74 -0.0925721
17.75 -0.0941511
17.76 -0.0957661
17.77 -0.0974125
17.78 -0.0990851
17.79 -0.100779
17.8 -0.102487
17.81 -0.104203
17.82 -0.105923
17.83 -0.107638
17.84 -0.109343
17.85 -0.111032
17.86 -0.1127
17.87 -0.114339
17.88 -0.115945
17.89 -0.117512
17.9 -0.119037
17.91 -0.120515
17.92 -0.121943
17.93 -0.123322
17.94 -0.124652
17.95 -0.125931
17.96 -0.12716
17.97 -0.128338
17.98 -0.129466
17.99 -0.130544
18 -0.131573
18.01 -0.132552
18.02 -0.133481
18.03 -0.134362
18.04 -0.135194
18.05 -0.135977
18.06 -0.136713
18.07 -0.137399
18.08 -0.138038
18.09 -0.138629
18.1 -0.139172
18.11 -0.139667
18.12 -0.140115
18.13 -0.140515
18.14 -0.140869
18.15 -0.141175
18.16 -0.141435
18.17 -0.141646
18.18 -0.141809
18.19 -0.141924
18.2 -0.141988
18.21 -0.142002
18.22 -0.141964
18.23 -0.141873
18.24 -0.141728
18.25 -0.141529
18.26 -0.141276
18.27 -0.140968
18.28 -0.140605
18.29 -0.140187
18.3 -0.139714
18.31 -0.139186
18.32 -0.138602
18.33 -0.137963
18.34 -0.137268
18.35 -0.136519
18.36 -0.135715
18.37 -0.134857
18.38 -0.133947
18.39 -0.132985
18.4 -0.131972
18.41 -0.130909
18.42 -0.129797
18.43 -0.128638
18.44 -0.12743
18.45 -0.126176
18.46 -0.124875
18.47 -0.123527
18.48 -0.122132
18.49 -0.120691
18.5 -0.119204
18.51 -0.11767
18.52 -0.116091
18.53 -0.114467
18.54 -0.1128
18.55 -0.111091
18.56 -0.109342
18.57 -0.107555
18.58 -0.105732
18.59 -0.103875
18.6 -0.101988
18.61 -0.100071
18.62 -0.0981279
18.63 -0.0961602
18.64 -0.094169
18.65 -0.0921534
18.66 -0.0901123
18.67 -0.0880454
18.68 -0.085953
18.69 -0.0838361
18.7 -0.0816964
18.71 -0.0795367
18.72 -0.0773603
18.73 -0.0751716
18.74 -0.0729752
18.75 -0.0707756
18.76 -0.0685775
18.77 -0.0663851
18.78 -0.064203
18.79 -0.0620354
18.8 -0.0598869
18.81 -0.0577618
18.82 -0.0556648
18.83 -0.0536003
18.84 -0.0515731
18.85 -0.0495879
18.86 -0.0476494
18.87 -0.0457625
18.88 -0.0439318
18.89 -0.042162
18.9 -0.0404572
18.91 -0.0388213
18.92 -0.0372576
18.93 -0.0357686
18.94 -0.0343563
18.95 -0.0330223
18.96 -0.0317682
18.97 -0.0305953
18.98 -0.0295055
18.99 -0.0285003
19 -0.027582
19.01 -0.0267531
19.02 -0.0260163
19.03 -0.0253748
19.04 -0.0248316
19.05 -0.0243897
19.06 -0.0240519
19.07 -0.0238206
19.08 -0.0236976
19.09 -0.0236847
19.1 -0.0237833
19.11 -0.0239945
19.12 -0.0243194
19.13 -0.0247593
19.14 -0.0253154
19.15 -0.0259888
19.16 -0.0267802
19.17 -0.0276898
19.18 -0.0287169
19.19 -0.02986
19.2 -0.0311164
19.21 -0.0324826
19.22 -0.0339542
19.23 -0.0355262
19.24 -0.0371934
19.25 -0.0389503
19.26 -0.040792
19.27 -0.0427141
19.28 -0.0447127
19.29 -0.0467843
19.3 -0.0489249
19.31 -0.0511302
19.32 -0.0533957
19.33 -0.0557163
19.34 -0.0580864
19.35 -0.0604998
19.36 -0.0629501
19.37 -0.0654302
19.38 -0.067933
19.39 -0.0704516
19.4 -0.072981
19.41 -0.0755189
19.42 -0.0780632
19.43 -0.0806107
19.44 -0.0831584
19.45 -0.0857032
19.46 -0.088242
19.47 -0.0907718
19.48 -0.0932896
19.49 -0.0957924
19.5 -0.0982775
19.51 -0.100742
19.52 -0.103184
19.53 -0.105601
19.54 -0.107992
19.55 -0.110354
19.56 -0.112686
19.57 -0.114989
19.58 -0.117261
19.59 -0.119502
19.6 -0.121713
19.61 -0.123894
19.62 -0.126043
19.63 -0.128163
19.64 -0.130253
19.65 -0.132312
19.66 -0.134343
19.67 -0.136344
19.68 -0.138317
19.69 -0.140262
19.7 -0.14218
19.71 -0.144072
19.72 -0.145938
19.73 -0.147781
19.74 -0.149599
19.75 -0.151396
19.76 -0.15317
19.77 -0.154922
19.78 -0.156653
19.79 -0.158362
19.8 -0.160049
19.81 -0.161715
19.82 -0.163359
19.83 -0.164982
19.84 -0.166584
19.85 -0.168166
19.86 -0.169727
19.87 -0.17127
19.88 -0.172794
19.89 -0.174301
19.9 -0.175792
19.91 -0.177267
19.92 -0.178728
19.93 -0.180173
19.94 -0.181604
19.95 -0.18302
19.96 -0.184422
19.97 -0.185811
19.98 -0.187188
19.99 -0.188552
20 -0.189906
20.01 -0.191251
20.02 -0.192587
20.03 -0.193916
20.04 -0.195239
20.05 -0.196556
20.06 -0.197867
20.07 -0.19917
20.08 -0.200465
20.09 -0.201751
20.1 -0.203025
20.11 -0.204284
20.12 -0.205526
20.13 -0.206748
20.14 -0.207949
20.15 -0.209126
20.16 -0.210275
20.17 -0.211396
20.18 -0.212486
20.19 -0.213543
20.2 -0.214567
20.21 -0.215554
20.22 -0.216506
20.23 -0.217421
20.24 -0.218297
20.25 -0.219134
20.26 -0.219932
20.27 -0.220689
20.28 -0.221405
20.29 -0.222079
20.3 -0.222713
20.31 -0.223305
20.32 -0.223856
20.33 -0.224367
20.34 -0.224838
20.35 -0.22527
20.36 -0.225663
20.37 -0.226018
20.38 -0.226333
20.39 -0.22661
20.4 -0.226846
20.41 -0.227041
20.42 -0.227193
20.43 -0.2273
20.44 -0.227361
20.45 -0.227373
20.46 -0.227334
20.47 -0.227244
20.48 -0.227099
20.49 -0.226899
20.5 -0.226641
20.51 -0.226325
20.52 -0.225948
20.53 -0.225509
20.54 -0.225006
20.55 -0.224439
20.56 -0.223806
20.57 -0.223107
20.58 -0.22234
20.59 -0.221506
20.6 -0.220605
20.61 -0.219639
20.62 -0.21861
20.63 -0.217519
20.64 -0.216368
20.65 -0.215161
20.66 -0.213899
20.67 -0.212584
20.68 -0.21122
20.69 -0.209809
20.7 -0.208352
20.71 -0.206853
20.72 -0.205314
20.73 -0.203736
20.74 -0.202123
20.75 -0.200476
20.76 -0.198799
20.77 -0.197093
20.78 -0.195361
20.79 -0.193605
20.8 -0.191827
20.81 -0.190029
20.82 -0.188211
20.83 -0.186375
20.84 -0.18452
20.85 -0.182648
20.86 -0.180758
20.87 -0.17885
20.88 -0.176921
20.89 -0.17497
20.9 -0.172997
20.91 -0.171001
20.92 -0.168981
20.93 -0.166938
20.94 -0.164871
20.95 -0.162779
20.96 -0.160662
20.97 -0.158521
20.98 -0.156355
20.99 -0.154167
21 -0.151955
21.01 -0.149724
21.02 -0.147473
21.03 -0.145206
21.04 -0.142926
21.05 -0.140634
21.06 -0.138333
21.07 -0.136026
21.08 -0.133716
21.09 -0.131404
21.1 -0.129093
21.11 -0.126786
21.12 -0.124485
21.13 -0.122191
21.14 -0.119905
21.15 -0.117629
21.16 -0.115363
21.17 -0.113109
21.18 -0.110867
21.19 -0.108638
21.2 -0.106423
21.21 -0.104223
21.22 -0.102038
21.23 -0.0998705
21.24 -0.09772
21.25 -0.0955874
21.26 -0.0934735
21.27 -0.0913784
21.28 -0.0893024
21.29 -0.0872452
21.3 -0.0852067
21.31 -0.0831865
21.32 -0.0811842
21.33 -0.0791996
21.34 -0.0772328
21.35 -0.0752839
21.36 -0.0733532
21.37 -0.0714413
21.38 -0.0695491
21.39 -0.0676777
21.4 -0.0658284
21.41 -0.0640028
21.42 -0.0622026
21.43 -0.0604296
21.44 -0.0586855
21.45 -0.056972
21.46 -0.0552907
21.47 -0.0536429
21.48 -0.0520299
21.49 -0.0504528
21.5 -0.0489128
21.51 -0.0474113
21.52 -0.0459493
21.53 -0.0445281
21.54 -0.0431486
21.55 -0.041812
21.56 -0.0405194
21.57 -0.0392717
21.58 -0.0380705
21.59 -0.0369171
21.6 -0.0358132
21.61 -0.0347604
21.62 -0.0337605
21.63 -0.0328148
21.64 -0.0319245
21.65 -0.0310906
21.66 -0.0303135
21.67 -0.0295935
21.68 -0.0289306
21.69 -0.0283248
21.7 -0.0277758
21.71 -0.0272837
21.72 -0.0268484
21.73 -0.0264698
21.74 -0.0261475
21.75 -0.0258813
21.76 -0.0256703
21.77 -0.0255136
21.78 -0.0254102
21.79 -0.0253587
21.8 -0.0253579
21.81 -0.0254067
21.82 -0.0255039
21.83 -0.0256489
21.84 -0.0258411
21.85 -0.02608
21.86 -0.0263654
21.87 -0.0266975
21.88 -0.0270761
21.89 -0.0275015
21.9 -0.0279738
21.91 -0.028493
21.92 -0.029059
21.93 -0.0296713
21.94 -0.0303293
21.95 -0.031032
21.96 -0.0317786
21.97 -0.0325681
21.98 -0.0333998
21.99 -0.0342733
22 -0.0351885
22.01 -0.0361457
22.02 -0.0371452
22.03 -0.0381878
22.04 -0.0392738
22.05 -0.0404032
22.06 -0.0415753
22.07 -0.0427888
22.08 -0.0440416
22.09 -0.0453312
22.1 -0.046655
22.11 -0.04801
22.12 -0.0493932
22.13 -0.0508013
22.14 -0.0522312
22.15 -0.0536797
22.16 -0.0551439
22.17 -0.056621
22.18 -0.0581083
22.19 -0.0596033
22.2 -0.0611032
22.21 -0.0626056
22.22 -0.0641074
22.23 -0.0656057
22.24 -0.0670973
22.25 -0.0685788
22.26 -0.0700469
22.27 -0.0714991
22.28 -0.0729341
22.29 -0.0743513
22.3 -0.0757499
22.31 -0.0771298
22.32 -0.0784913
22.33 -0.0798347
22.34 -0.0811607
22.35 -0.0824702
22.36 -0.0837641
22.37 -0.0850433
22.38 -0.0863087
22.39 -0.0875609
22.4 -0.0888004
22.41 -0.0900278
22.42 -0.0912431
22.43 -0.0924463
22.44 -0.0936374
22.45 -0.0948161
22.46 -0.095982
22.47 -0.0971344
22.48 -0.0982723
22.49 -0.0993947
22.5 -0.1005
22.51 -0.101587
22.52 -0.102653
22.53 -0.103696
22.54 -0.104715
22.55 -0.105706
22.56 -0.106668
22.57 -0.107597
22.58 -0.108493
22.59 -0.109351
22.6 -0.11017
22.61 -0.110948
22.62 -0.111681
22.63 -0.112368
22.64 -0.113006
22.65 -0.113594
22.66 -0.11413
22.67 -0.114612
22.68 -0.11504
22.69 -0.115413
22.7 -0.115731
22.71 -0.115992
22.72 -0.116195
22.73 -0.11634
22.74 -0.116426
22.75 -0.116451
22.76 -0.116415
22.77 -0.116317
22.78 -0.116155
22.79 -0.11593
22.8 -0.115641
22.81 -0.115289
22.82 -0.114872
22.83 -0.114392
22.84 -0.113849
22.85 -0.113242
22.86 -0.112572
22.87 -0.111841
22.88 -0.111048
22.89 -0.110196
22.9 -0.109285
22.91 -0.108318
22.92 -0.107296
22.93 -0.106221
22.94 -0.105096
22.95 -0.103923
22.96 -0.102706
22.97 -0.101448
22.98 -0.100152
22.99 -0.0988207
23 -0.0974575
23.01 -0.0960644
23.02 -0.0946436
23.03 -0.0931968
23.04 -0.0917256
23.05 -0.0902316
23.06 -0.0887162
23.07 -0.0871811
23.08 -0.0856281
23.09 -0.0840596
23.1 -0.082478
23.11 -0.0808861
23.12 -0.0792866
23.13 -0.0776822
23.14 -0.0760756
23.15 -0.0744694
23.16 -0.0728663
23.17 -0.0712688
23.18 -0.0696786
23.19 -0.0680954
23.2 -0.0665189
23.21 -0.0649489
23.22 -0.0633852
23.23 -0.0618278
23.24 -0.0602765
23.25 -0.0587313
23.26 -0.0571921
23.27 -0.0556589
23.28 -0.0541315
23.29 -0.0526096
23.3 -0.051093
23.31 -0.0495811
23.32 -0.0480735
23.33 -0.0465696
23.34 -0.0450691
23.35 -0.0435716
23.36 -0.0420769
23.37 -0.0405848
23.38 -0.0390956
23.39 -0.0376093
23.4 -0.0361265
23.41 -0.0346479
23.42 -0.0331746
23.43 -0.0317076
23.44 -0.0302484
23.45 -0.0287985
23.46 -0.0273596
23.47 -0.025933
23.48 -0.0245202
23.49 -0.0231222
23.5 -0.0217397
23.51 -0.0203733
23.52 -0.0190237
23.53 -0.0176912
23.54 -0.0163763
23.55 -0.0150795
23.56 -0.0138009
23.57 -0.0125409
23.58 -0.0112996
23.59 -0.010077
23.6 -0.00887312
23.61 -0.00768794
23.62 -0.00652131
23.63 -0.005373
23.64 -0.00424271
23.65 -0.00313
23.66 -0.00203443
23.67 -0.000955568
23.68 0.000106869
23.69 0.00115304
23.7 0.00218296
23.71 0.00319648
23.72 0.00419327
23.73 0.00517285
23.74 0.00613452
23.75 0.00707738
23.76 0.00800023
23.77 0.00890154
23.78 0.00977937
23.79 0.0106314
23.8 0.0114552
23.81 0.0122482
23.82 0.0130076
23.83 0.0137312
23.84 0.0144163
23.85 0.0150607
23.86 0.015662
23.87 0.016218
23.88 0.0167263
23.89 0.0171849
23.9 0.0175913
23.91 0.0179432
23.92 0.0182378
23.93 0.0184725
23.94 0.0186446
23.95 0.0187516
23.96 0.0187912
23.97 0.0187611
23.98 0.0186599
23.99 0.0184866
24 0.0182406
24.01 0.0179223
24.02 0.0175322
24.03 0.0170715
24.04 0.016542
24.05 0.015946
24.06 0.0152867
24.07 0.0145679
24.08 0.0137938
24.09 0.0129687
24.1 0.012097
24.11 0.0111829
24.12 0.0102304
24.13 0.00924304
24.14 0.00822405
24.15 0.00717603
24.16 0.00610108
24.17 0.00500096
24.18 0.00387729
24.19 0.00273165
24.2 0.00156556
24.21 0.000380487
24.22 -0.000822212
24.23 -0.00204127
24.24 -0.00327549
24.25 -0.00452372
24.26 -0.00578489
24.27 -0.00705807
24.28 -0.00834247
24.29 -0.00963749
24.3 -0.0109428
24.31 -0.0122582
24.32 -0.0135836
24.33 -0.0149187
24.34 -0.0162626
24.35 -0.017614
24.36 -0.0189711
24.37 -0.0203316
24.38 -0.021693
24.39 -0.0230526
24.4 -0.0244075
24.41 -0.0257551
24.42 -0.0270931
24.43 -0.0284206
24.44 -0.0297375
24.45 -0.0310434
24.46 -0.0323381
24.47 -0.0336215
24.48 -0.0348931
24.49 -0.0361526
24.5 -0.0373995
24.51 -0.0386334
24.52 -0.0398537
24.53 -0.0410601
24.54 -0.0422522
24.55 -0.0434298
24.56 -0.0445929
24.57 -0.0457414
24.58 -0.0468756
24.59 -0.0479959
24.6 -0.0491027
24.61 -0.0501966
24.62 -0.0512778
24.63 -0.0523468
24.64 -0.0534041
24.65 -0.0544498
24.66 -0.0554839
24.67 -0.0565063
24.68 -0.0575165
24.69 -0.0585138
24.7 -0.0594973
24.71 -0.060466
24.72 -0.0614189
24.73 -0.0623548
24.74 -0.0632726
24.75 -0.064171
24.76 -0.0650489
24.77 -0.0659049
24.78 -0.0667376
24.79 -0.0675462
24.8 -0.0683295
24.81 -0.069087
24.82 -0.0698179
24.83 -0.0705218
24.84 -0.0711987
24.85 -0.0718484
24.86 -0.072471
24.87 -0.0730665
24.88 -0.0736352
24.89 -0.0741776
24.9 -0.0746942
24.91 -0.0751861
24.92 -0.0756543
24.93 -0.0761
24.94 -0.0765244
24.95 -0.076929
24.96 -0.0773151
24.97 -0.0776841
24.98 -0.0780374
24.99 -0.0783763
25 -0.0787019
