0.01 3.17687e-09
0.02 1.53091e-08
0.03 3.78276e-08
0.04 6.8409e-08
0.05 1.04774e-07
0.06 1.44707e-07
0.07 1.86078e-07
0.08 2.26833e-07
0.09 2.64982e-07
0.1 2.98595e-07
0.11 3.25826e-07
0.12 3.44913e-07
0.13 3.54138e-07
0.14 3.51776e-07
0.15 3.36076e-07
0.16 3.05323e-07
0.17 2.57886e-07
0.18 1.92229e-07
0.19 1.06923e-07
0.2 6.59074e-10
0.21 -1.27744e-07
0.22 -2.79334e-07
0.23 -4.55028e-07
0.24 -6.55636e-07
0.25 -8.81888e-07
0.26 -1.1345e-06
0.27 -1.4142e-06
0.28 -1.72161e-06
0.29 -2.05697e-06
0.3 -2.42007e-06
0.31 -2.81015e-06
0.32 -3.22588e-06
0.33 -3.6652e-06
0.34 -4.12515e-06
0.35 -4.60221e-06
0.36 -5.09247e-06
0.37 -5.5918e-06
0.38 -6.09641e-06
0.39 -6.60365e-06
0.4 -7.11255e-06
0.41 -7.62422e-06
0.42 -8.14133e-06
0.43 -8.66754e-06
0.44 -9.20758e-06
0.45 -9.76705e-06
0.46 -1.0352e-05
0.47 -1.09686e-05
0.48 -1.16222e-05
0.49 -1.23177e-05
0.5 -1.30586e-05
0.51 -1.38481e-05
0.52 -1.46889e-05
0.53 -1.55827e-05
0.54 -1.65309e-05
0.55 -1.75343e-05
0.56 -1.85933e-05
0.57 -1.9708e-05
0.58 -2.0878e-05
0.59 -2.21031e-05
0.6 -2.33829e-05
0.61 -2.47168e-05
0.62 -2.6104e-05
0.63 -2.75434e-05
0.64 -2.90341e-05
0.65 -3.05749e-05
0.66 -3.2165e-05
0.67 -3.38036e-05
0.68 -3.54902e-05
0.69 -3.72247e-05
0.7 -3.90068e-05
0.71 -4.0836e-05
0.72 -4.27111e-05
0.73 -4.46292e-05
0.74 -4.65856e-05
0.75 -4.85728e-05
0.76 -5.05802e-05
0.77 -5.25948e-05
0.78 -5.4602e-05
0.79 -5.65879e-05
0.8 -5.85411e-05
0.81 -6.0453e-05
0.82 -6.23175e-05
0.83 -6.41303e-05
0.84 -6.58889e-05
0.85 -6.75945e-05
0.86 -6.92508e-05
0.87 -7.08607e-05
0.88 -7.24221e-05
0.89 -7.39271e-05
0.9 -7.5365e-05
0.91 -7.67231e-05
0.92 -7.79887e-05
0.93 -7.91507e-05
0.94 -8.02024e-05
0.95 -8.11429e-05
0.96 -8.19777e-05
0.97 -8.27177e-05
0.98 -8.33746e-05
0.99 -8.39557e-05
1 -8.44618e-05
1.01 -8.48881e-05
1.02 -8.52242e-05
1.03 -8.54548e-05
1.04 -8.55623e-05
1.05 -8.55293e-05
1.06 -8.53415e-05
1.07 -8.49896e-05
1.08 -8.44677e-05
1.09 -8.3771e-05
1.1 -8.28942e-05
1.11 -8.18335e-05
1.12 -8.05852e-05
1.13 -7.91441e-05
1.14 -7.75038e-05
1.15 -7.56581e-05
1.16 -7.36033e-05
1.17 -7.13401e-05
1.18 -6.88763e-05
1.19 -6.62251e-05
1.2 -6.34012e-05
1.21 -6.04229e-05
1.22 -5.73132e-05
1.23 -5.40969e-05
1.24 -5.0795e-05
1.25 -4.74172e-05
1.26 -4.39567e-05
1.27 -4.03958e-05
1.28 -3.67147e-05
1.29 -3.28947e-05
1.3 -2.89189e-05
1.31 -2.47768e-05
1.32 -2.04676e-05
1.33 -1.59965e-05
1.34 -1.13701e-05
1.35 -6.59271e-06
1.36 -1.66598e-06
1.37 3.41101e-06
1.38 8.64107e-06
1.39 1.40277e-05
1.4 1.95732e-05
1.41 2.52751e-05
1.42 3.11228e-05
1.43 3.70934e-05
1.44 4.31474e-05
1.45 4.92271e-05
1.46 5.5258e-05
1.47 6.11554e-05
1.48 6.68311e-05
1.49 7.21949e-05
1.5 7.71579e-05
1.51 8.16371e-05
1.52 8.55581e-05
1.53 8.88618e-05
1.54 9.15126e-05
1.55 9.35062e-05
1.56 9.4872e-05
1.57 9.56636e-05
1.58 9.59504e-05
1.59 9.58108e-05
1.6 9.532e-05
1.61 9.45431e-05
1.62 9.35381e-05
1.63 9.23549e-05
1.64 9.10355e-05
1.65 8.96145e-05
1.66 8.81169e-05
1.67 8.65562e-05
1.68 8.49362e-05
1.69 8.32573e-05
1.7 8.152e-05
1.71 7.97248e-05
1.72 7.78728e-05
1.73 7.59682e-05
1.74 7.40214e-05
1.75 7.20534e-05
1.76 7.00904e-05
1.77 6.81574e-05
1.78 6.62822e-05
1.79 6.45003e-05
1.8 6.28535e-05
1.81 6.13841e-05
1.82 6.0135e-05
1.83 5.9148e-05
1.84 5.84534e-05
1.85 5.80644e-05
1.86 5.79816e-05
1.87 5.82029e-05
1.88 5.87293e-05
1.89 5.95653e-05
1.9 6.07197e-05
1.91 6.2205e-05
1.92 6.40378e-05
1.93 6.62362e-05
1.94 6.88069e-05
1.95 7.1729e-05
1.96 7.4953e-05
1.97 7.84063e-05
1.98 8.19974e-05
1.99 8.56274e-05
2 8.92109e-05
2.01 9.26938e-05
2.02 9.60559e-05
2.03 9.93074e-05
2.04 0.000102486
2.05 0.000105649
2.06 0.000108859
2.07 0.000112176
2.08 0.000115644
2.09 0.000119275
2.1 0.00012305
2.11 0.000126922
2.12 0.000130812
2.13 0.000134603
2.14 0.000138158
2.15 0.000141324
2.16 0.000143941
2.17 0.000145845
2.18 0.000146874
2.19 0.000146857
2.2 0.00014561
2.21 0.000142938
2.22 0.000138654
2.23 0.000132577
2.24 0.000124542
2.25 0.000114395
2.26 0.000101997
2.27 8.72498e-05
2.28 7.01055e-05
2.29 5.05502e-05
2.3 2.86025e-05
2.31 4.31299e-06
2.32 -2.22283e-05
2.33 -5.08808e-05
2.34 -8.14473e-05
2.35 -0.00011368
2.36 -0.000147289
2.37 -0.000181955
2.38 -0.000217337
2.39 -0.000253071
2.4 -0.000288791
2.41 -0.000324168
2.42 -0.000358931
2.43 -0.000392848
2.44 -0.000425707
2.45 -0.000457314
2.46 -0.000487493
2.47 -0.000516094
2.48 -0.000543002
2.49 -0.000568119
2.5 -0.000591343
2.51 -0.000612561
2.52 -0.000631647
2.53 -0.00064847
2.54 -0.000662907
2.55 -0.000674831
2.56 -0.000684122
2.57 -0.000690691
2.58 -0.000694502
2.59 -0.000695579
2.6 -0.000693997
2.61 -0.000689868
2.62 -0.000683318
2.63 -0.000674471
2.64 -0.000663433
2.65 -0.000650296
2.66 -0.000635133
2.67 -0.000618006
2.68 -0.000598972
2.69 -0.000578103
2.7 -0.000555486
2.71 -0.000531214
2.72 -0.000505382
2.73 -0.000478091
2.74 -0.000449421
2.75 -0.000419433
2.76 -0.000388183
2.77 -0.000355724
2.78 -0.00032208
2.79 -0.00028724
2.8 -0.000251157
2.81 -0.000213758
2.82 -0.000174971
2.83 -0.00013476
2.84 -9.31266e-05
2.85 -5.01145e-05
2.86 -5.80249e-06
2.87 3.96889e-05
2.88 8.61815e-05
2.89 0.000133449
2.9 0.00018124
2.91 0.000229288
2.92 0.00027731
2.93 0.000325015
2.94 0.000372117
2.95 0.000418338
2.96 0.000463422
2.97 0.000507159
2.98 0.000549402
2.99 0.000590049
3 0.000629035
3.01 0.000666321
3.02 0.000701872
3.03 0.000735638
3.04 0.000767551
3.05 0.000797512
3.06 0.000825389
3.07 0.00085101
3.08 0.000874168
3.09 0.000894637
3.1 0.000912205
3.11 0.000926702
3.12 0.000938019
3.13 0.000946121
3.14 0.000951035
3.15 0.000952822
3.16 0.000951565
3.17 0.000947374
3.18 0.000940379
3.19 0.000930717
3.2 0.000918509
3.21 0.000903868
3.22 0.000886942
3.23 0.000867918
3.24 0.000847029
3.25 0.00082454
3.26 0.000800736
3.27 0.000775941
3.28 0.000750533
3.29 0.000724906
3.3 0.000699437
3.31 0.000674512
3.32 0.000650514
3.33 0.000627787
3.34 0.00060658
3.35 0.000587028
3.36 0.000569134
3.37 0.000552777
3.38 0.000537732
3.39 0.000523669
3.4 0.000510167
3.41 0.000496734
3.42 0.000482836
3.43 0.000467938
3.44 0.000451523
3.45 0.000433096
3.46 0.000412201
3.47 0.000388461
3.48 0.000361622
3.49 0.000331577
3.5 0.000298357
3.51 0.000262117
3.52 0.000223126
3.53 0.00018175
3.54 0.000138418
3.55 9.35713e-05
3.56 4.76021e-05
3.57 8.47192e-07
3.58 -4.63697e-05
3.59 -9.37286e-05
3.6 -0.000140951
3.61 -0.00018782
3.62 -0.000234175
3.63 -0.000279908
3.64 -0.000324966
3.65 -0.000369354
3.66 -0.000413132
3.67 -0.00045643
3.68 -0.000499447
3.69 -0.000542429
3.7 -0.000585617
3.71 -0.00062923
3.72 -0.000673487
3.73 -0.00071858
3.74 -0.000764648
3.75 -0.00081179
3.76 -0.000860074
3.77 -0.00090953
3.78 -0.000960147
3.79 -0.00101188
3.8 -0.00106464
3.81 -0.00111828
3.82 -0.0011726
3.83 -0.00122736
3.84 -0.00128231
3.85 -0.00133717
3.86 -0.00139171
3.87 -0.00144575
3.88 -0.00149924
3.89 -0.00155224
3.9 -0.00160491
3.91 -0.00165754
3.92 -0.00171052
3.93 -0.00176433
3.94 -0.00181948
3.95 -0.00187648
3.96 -0.00193583
3.97 -0.00199797
3.98 -0.00206322
3.99 -0.00213175
4 -0.00220359
4.01 -0.00227858
4.02 -0.00235648
4.03 -0.00243689
4.04 -0.0025193
4.05 -0.00260307
4.06 -0.00268748
4.07 -0.00277166
4.08 -0.00285459
4.09 -0.00293517
4.1 -0.00301217
4.11 -0.00308437
4.12 -0.00315063
4.13 -0.00320996
4.14 -0.0032616
4.15 -0.00330502
4.16 -0.00334002
4.17 -0.00336676
4.18 -0.00338566
4.19 -0.00339735
4.2 -0.0034027
4.21 -0.00340268
4.22 -0.00339836
4.23 -0.00339073
4.24 -0.00338068
4.25 -0.00336901
4.26 -0.00335645
4.27 -0.00334365
4.28 -0.00333114
4.29 -0.00331929
4.3 -0.00330835
4.31 -0.0032984
4.32 -0.00328942
4.33 -0.00328128
4.34 -0.00327371
4.35 -0.00326632
4.36 -0.00325854
4.37 -0.00324972
4.38 -0.00323908
4.39 -0.0032258
4.4 -0.00320903
4.41 -0.00318786
4.42 -0.00316137
4.43 -0.00312865
4.44 -0.00308882
4.45 -0.00304109
4.46 -0.00298482
4.47 -0.00291958
4.48 -0.00284512
4.49 -0.00276139
4.5 -0.00266837
4.51 -0.00256611
4.52 -0.00245475
4.53 -0.00233455
4.54 -0.00220591
4.55 -0.00206931
4.56 -0.00192534
4.57 -0.00177465
4.58 -0.00161799
4.59 -0.00145614
4.6 -0.00128996
4.61 -0.00112029
4.62 -0.000947927
4.63 -0.00077363
4.64 -0.000598093
4.65 -0.000421941
4.66 -0.00024571
4.67 -6.98001e-05
4.68 0.000105547
4.69 0.000280217
4.7 0.000454168
4.71 0.000627366
4.72 0.00079975
4.73 0.000971258
4.74 0.0011418
4.75 0.00131119
4.76 0.00147917
4.77 0.00164543
4.78 0.00180961
4.79 0.00197136
4.8 0.00213033
4.81 0.0022861
4.82 0.00243822
4.83 0.00258623
4.84 0.0027297
4.85 0.00286814
4.86 0.00300105
4.87 0.00312794
4.88 0.00324845
4.89 0.00336219
4.9 0.00346884
4.91 0.00356812
4.92 0.00365983
4.93 0.00374382
4.94 0.00381997
4.95 0.0038882
4.96 0.00394845
4.97 0.00400073
4.98 0.0040451
4.99 0.00408172
5 0.00411078
5.01 0.00413249
5.02 0.00414703
5.03 0.00415446
5.04 0.00415473
5.05 0.0041477
5.06 0.00413308
5.07 0.00411047
5.08 0.00407936
5.09 0.00403921
5.1 0.00398943
5.11 0.00392941
5.12 0.00385856
5.13 0.0037764
5.14 0.00368253
5.15 0.0035767
5.16 0.00345886
5.17 0.00332923
5.18 0.0031882
5.19 0.00303635
5.2 0.0028744
5.21 0.00270322
5.22 0.00252378
5.23 0.00233704
5.24 0.00214398
5.25 0.00194556
5.26 0.00174276
5.27 0.00153666
5.28 0.0013284
5.29 0.00111907
5.3 0.000909778
5.31 0.000701561
5.32 0.000495389
5.33 0.00029206
5.34 9.21571e-05
5.35 -0.000103945
5.36 -0.000296105
5.37 -0.000484468
5.38 -0.000669436
5.39 -0.000851557
5.4 -0.00103144
5.41 -0.00120969
5.42 -0.00138693
5.43 -0.00156366
5.44 -0.00174024
5.45 -0.00191688
5.46 -0.00209362
5.47 -0.00227038
5.48 -0.00244703
5.49 -0.00262338
5.5 -0.00279916
5.51 -0.00297402
5.52 -0.00314754
5.53 -0.00331929
5.54 -0.00348885
5.55 -0.00365574
5.56 -0.00381945
5.57 -0.00397955
5.58 -0.00413566
5.59 -0.00428751
5.6 -0.00443485
5.61 -0.00457741
5.62 -0.00471491
5.63 -0.00484705
5.64 -0.00497348
5.65 -0.00509389
5.66 -0.00520794
5.67 -0.0053153
5.68 -0.0054156
5.69 -0.0055084
5.7 -0.0055932
5.71 -0.00566942
5.72 -0.00573641
5.73 -0.00579349
5.74 -0.00583997
5.75 -0.00587516
5.76 -0.00589838
5.77 -0.00590904
5.78 -0.00590668
5.79 -0.005891
5.8 -0.0058619
5.81 -0.00581949
5.82 -0.00576411
5.83 -0.0056964
5.84 -0.00561719
5.85 -0.0055275
5.86 -0.00542848
5.87 -0.00532137
5.88 -0.00520747
5.89 -0.00508808
5.9 -0.0049645
5.91 -0.00483791
5.92 -0.0047094
5.93 -0.00457991
5.94 -0.00445024
5.95 -0.00432101
5.96 -0.00419262
5.97 -0.00406516
5.98 -0.0039384
5.99 -0.00381192
6 -0.00368505
6.01 -0.00355698
6.02 -0.00342683
6.03 -0.00329369
6.04 -0.00315662
6.05 -0.00301469
6.06 -0.00286704
6.07 -0.00271293
6.08 -0.00255181
6.09 -0.00238336
6.1 -0.00220735
6.11 -0.00202372
6.12 -0.00183254
6.13 -0.00163402
6.14 -0.00142845
6.15 -0.00121614
6.16 -0.000997343
6.17 -0.000772215
6.18 -0.000540719
6.19 -0.000302628
6.2 -5.76036e-05
6.21 0.000194741
6.22 0.000454857
6.23 0.000723251
6.24 0.00100042
6.25 0.0012868
6.26 0.00158281
6.27 0.00188885
6.28 0.00220528
6.29 0.00253248
6.3 0.00287086
6.31 0.00322084
6.32 0.0035829
6.33 0.00395756
6.34 0.00434537
6.35 0.00474685
6.36 0.00516249
6.37 0.00559255
6.38 0.00603698
6.39 0.00649539
6.4 0.00696716
6.41 0.00745147
6.42 0.00794739
6.43 0.00845404
6.44 0.00897062
6.45 0.00949648
6.46 0.0100313
6.47 0.0105747
6.48 0.0111268
6.49 0.0116873
6.5 0.0122557
6.51 0.0128314
6.52 0.013413
6.53 0.013999
6.54 0.0145874
6.55 0.0151757
6.56 0.015761
6.57 0.01634
6.58 0.0169094
6.59 0.0174658
6.6 0.0180059
6.61 0.018527
6.62 0.0190263
6.63 0.0195019
6.64 0.0199518
6.65 0.0203747
6.66 0.020769
6.67 0.0211335
6.68 0.0214667
6.69 0.0217673
6.7 0.022034
6.71 0.0222654
6.72 0.0224606
6.73 0.0226182
6.74 0.0227374
6.75 0.0228173
6.76 0.0228574
6.77 0.0228571
6.78 0.0228164
6.79 0.0227353
6.8 0.0226139
6.81 0.0224528
6.82 0.0222522
6.83 0.0220125
6.84 0.0217342
6.85 0.0214174
6.86 0.0210625
6.87 0.0206693
6.88 0.020238
6.89 0.0197687
6.9 0.0192615
6.91 0.0187168
6.92 0.0181353
6.93 0.0175181
6.94 0.0168665
6.95 0.0161822
6.96 0.0154673
6.97 0.0147239
6.98 0.0139539
6.99 0.0131591
7 0.012341
7.01 0.0115008
7.02 0.0106394
7.03 0.00975752
7.04 0.00885584
7.05 0.00793525
7.06 0.00699692
7.07 0.00604243
7.08 0.00507374
7.09 0.00409318
7.1 0.00310337
7.11 0.00210712
7.12 0.0011073
7.13 0.000106624
7.14 -0.000892593
7.15 -0.00188846
7.16 -0.00287954
7.17 -0.00386474
7.18 -0.00484328
7.19 -0.00581453
7.2 -0.00677796
7.21 -0.00773297
7.22 -0.00867882
7.23 -0.00961447
7.24 -0.0105386
7.25 -0.0114496
7.26 -0.0123455
7.27 -0.0132245
7.28 -0.0140846
7.29 -0.0149241
7.3 -0.0157416
7.31 -0.0165358
7.32 -0.0173062
7.33 -0.0180521
7.34 -0.0187733
7.35 -0.0194697
7.36 -0.0201408
7.37 -0.0207861
7.38 -0.0214049
7.39 -0.0219958
7.4 -0.0225575
7.41 -0.0230884
7.42 -0.0235867
7.43 -0.0240509
7.44 -0.0244794
7.45 -0.0248713
7.46 -0.0252261
7.47 -0.0255434
7.48 -0.0258234
7.49 -0.0260669
7.5 -0.0262748
7.51 -0.0264486
7.52 -0.0265899
7.53 -0.0267005
7.54 -0.0267822
7.55 -0.0268368
7.56 -0.0268659
7.57 -0.0268713
7.58 -0.0268548
7.59 -0.026818
7.6 -0.026763
7.61 -0.0266914
7.62 -0.0266048
7.63 -0.0265045
7.64 -0.0263913
7.65 -0.0262655
7.66 -0.0261271
7.67 -0.0259752
7.68 -0.0258087
7.69 -0.0256258
7.7 -0.0254241
7.71 -0.0252011
7.72 -0.024954
7.73 -0.0246805
7.74 -0.0243787
7.75 -0.0240473
7.76 -0.0236853
7.77 -0.0232924
7.78 -0.0228686
7.79 -0.022414
7.8 -0.0219293
7.81 -0.0214155
7.82 -0.0208736
7.83 -0.0203052
7.84 -0.0197118
7.85 -0.0190954
7.86 -0.0184578
7.87 -0.0178012
7.88 -0.0171276
7.89 -0.016439
7.9 -0.0157372
7.91 -0.0150239
7.92 -0.0143006
7.93 -0.0135682
7.94 -0.0128279
7.95 -0.0120801
7.96 -0.0113254
7.97 -0.010564
7.98 -0.00979607
7.99 -0.00902153
8 -0.00824036
8.01 -0.00745261
8.02 -0.00665847
8.03 -0.00585826
8.04 -0.00505251
8.05 -0.00424206
8.06 -0.00342802
8.07 -0.00261177
8.08 -0.00179488
8.09 -0.00097895
8.1 -0.000165538
8.11 0.000644
8.12 0.00144866
8.13 0.00224784
8.14 0.00304126
8.15 0.00382897
8.16 0.0046113
8.17 0.00538878
8.18 0.00616209
8.19 0.00693193
8.2 0.00769894
8.21 0.00846369
8.22 0.00922655
8.23 0.00998772
8.24 0.0107472
8.25 0.011505
8.26 0.0122607
8.27 0.0130138
8.28 0.0137635
8.29 0.0145088
8.3 0.0152482
8.31 0.01598
8.32 0.0167018
8.33 0.0174109
8.34 0.0181038
8.35 0.0187769
8.36 0.0194263
8.37 0.0200482
8.38 0.0206391
8.39 0.0211958
8.4 0.0217159
8.41 0.0221976
8.42 0.0226396
8.43 0.0230411
8.44 0.023402
8.45 0.0237222
8.46 0.0240026
8.47 0.0242441
8.48 0.0244483
8.49 0.0246168
8.5 0.0247514
8.51 0.0248542
8.52 0.0249268
8.53 0.0249709
8.54 0.0249878
8.55 0.0249782
8.56 0.0249426
8.57 0.0248811
8.58 0.0247938
8.59 0.0246806
8.6 0.0245413
8.61 0.0243761
8.62 0.0241849
8.63 0.0239681
8.64 0.0237265
8.65 0.023461
8.66 0.0231731
8.67 0.0228644
8.68 0.0225368
8.69 0.0221921
8.7 0.0218323
8.71 0.0214593
8.72 0.0210751
8.73 0.0206812
8.74 0.0202792
8.75 0.0198703
8.76 0.0194554
8.77 0.0190352
8.78 0.0186099
8.79 0.0181795
8.8 0.0177435
8.81 0.0173015
8.82 0.0168525
8.83 0.0163955
8.84 0.0159298
8.85 0.0154545
8.86 0.0149692
8.87 0.0144734
8.88 0.0139671
8.89 0.0134501
8.9 0.0129228
8.91 0.0123858
8.92 0.0118398
8.93 0.0112859
8.94 0.0107251
8.95 0.0101584
8.96 0.00958667
8.97 0.00901081
8.98 0.00843158
8.99 0.00784962
9 0.00726534
9.01 0.00667889
9.02 0.00609016
9.03 0.00549871
9.04 0.0049039
9.05 0.00430499
9.06 0.0037013
9.07 0.00309229
9.08 0.00247759
9.09 0.00185701
9.1 0.00123049
9.11 0.000598004
9.12 -4.04324e-05
9.13 -0.000684778
9.14 -0.00133496
9.15 -0.00199087
9.16 -0.00265226
9.17 -0.00331862
9.18 -0.00398908
9.19 -0.00466233
9.2 -0.00533662
9.21 -0.00600966
9.22 -0.00667865
9.23 -0.00734029
9.24 -0.00799101
9.25 -0.00862716
9.26 -0.0092453
9.27 -0.00984233
9.28 -0.0104156
9.29 -0.0109632
9.3 -0.0114834
9.31 -0.0119752
9.32 -0.0124374
9.33 -0.0128692
9.34 -0.0132698
9.35 -0.0136385
9.36 -0.0139748
9.37 -0.0142781
9.38 -0.0145481
9.39 -0.0147845
9.4 -0.014987
9.41 -0.0151559
9.42 -0.0152914
9.43 -0.0153945
9.44 -0.0154664
9.45 -0.0155089
9.46 -0.0155242
9.47 -0.0155146
9.48 -0.0154825
9.49 -0.0154304
9.5 -0.0153602
9.51 -0.0152738
9.52 -0.0151725
9.53 -0.0150572
9.54 -0.0149288
9.55 -0.0147878
9.56 -0.0146349
9.57 -0.0144708
9.58 -0.0142966
9.59 -0.0141135
9.6 -0.013923
9.61 -0.0137267
9.62 -0.013526
9.63 -0.0133226
9.64 -0.0131175
9.65 -0.0129116
9.66 -0.0127053
9.67 -0.0124988
9.68 -0.0122918
9.69 -0.0120839
9.7 -0.0118744
9.71 -0.0116625
9.72 -0.0114477
9.73 -0.0112293
9.74 -0.0110069
9.75 -0.0107806
9.76 -0.0105506
9.77 -0.0103172
9.78 -0.0100812
9.79 -0.00984345
9.8 -0.00960507
9.81 -0.00936737
9.82 -0.00913182
9.83 -0.00890003
9.84 -0.00867375
9.85 -0.00845479
9.86 -0.00824499
9.87 -0.00804608
9.88 -0.00785959
9.89 -0.0076869
9.9 -0.00752919
9.91 -0.00738735
9.92 -0.00726191
9.93 -0.00715307
9.94 -0.00706075
9.95 -0.00698453
9.96 -0.00692376
9.97 -0.00687778
9.98 -0.00684597
9.99 -0.0068279
10 -0.00682335
10.01 -0.00683225
10.02 -0.00685479
10.03 -0.00689137
10.04 -0.0069425
10.05 -0.00700868
10.06 -0.00709022
10.07 -0.00718722
10.08 -0.00729956
10.09 -0.00742691
10.1 -0.00756875
10.11 -0.00772442
10.12 -0.00789319
10.13 -0.00807445
10.14 -0.00826773
10.15 -0.00847266
10.16 -0.008689
10.17 -0.00891657
10.18 -0.00915512
10.19 -0.00940429
10.2 -0.0096635
10.21 -0.00993201
10.22 -0.010209
10.23 -0.0104934
10.24 -0.0107844
10.25 -0.0110809
10.26 -0.0113819
10.27 -0.0116866
10.28 -0.0119941
10.29 -0.0123036
10.3 -0.0126145
10.31 -0.0129261
10.32 -0.0132375
10.33 -0.0135478
10.34 -0.0138562
10.35 -0.0141617
10.36 -0.0144634
10.37 -0.0147605
10.38 -0.015052
10.39 -0.0153372
10.4 -0.0156149
10.41 -0.0158844
10.42 -0.0161444
10.43 -0.0163936
10.44 -0.0166305
10.45 -0.0168535
10.46 -0.0170607
10.47 -0.0172501
10.48 -0.01742
10.49 -0.0175687
10.5 -0.017695
10.51 -0.0177979
10.52 -0.0178768
10.53 -0.0179315
10.54 -0.017962
10.55 -0.0179684
10.56 -0.0179512
10.57 -0.0179105
10.58 -0.0178469
10.59 -0.0177609
10.6 -0.017653
10.61 -0.0175237
10.62 -0.0173737
10.63 -0.0172038
10.64 -0.0170147
10.65 -0.0168075
10.66 -0.0165834
10.67 -0.0163436
10.68 -0.0160893
10.69 -0.0158217
10.7 -0.0155418
10.71 -0.0152505
10.72 -0.0149485
10.73 -0.0146364
10.74 -0.0143147
10.75 -0.0139837
10.76 -0.0136439
10.77 -0.0132954
10.78 -0.0129386
10.79 -0.0125735
10.8 -0.0122002
10.81 -0.0118187
10.82 -0.0114289
10.83 -0.0110308
10.84 -0.0106243
10.85 -0.0102092
10.86 -0.00978562
10.87 -0.00935358
10.88 -0.00891331
10.89 -0.00846512
10.9 -0.00800936
10.91 -0.00754644
10.92 -0.00707673
10.93 -0.00660046
10.94 -0.00611763
10.95 -0.00562803
10.96 -0.00513123
10.97 -0.0046266
10.98 -0.00411341
10.99 -0.00359089
11 -0.00305838
11.01 -0.00251531
11.02 -0.00196129
11.03 -0.00139607
11.04 -0.000819674
11.05 -0.000232302
11.06 0.00036572
11.07 0.000973968
11.08 0.0015919
11.09 0.00221888
11.1 0.00285421
11.11 0.00349722
11.12 0.00414729
11.13 0.00480388
11.14 0.00546648
11.15 0.00613456
11.16 0.00680763
11.17 0.00748535
11.18 0.00816754
11.19 0.00885425
11.2 0.00954576
11.21 0.0102425
11.22 0.010945
11.23 0.0116541
11.24 0.0123702
11.25 0.0130935
11.26 0.0138239
11.27 0.0145605
11.28 0.0153023
11.29 0.0160479
11.3 0.0167957
11.31 0.0175441
11.32 0.0182914
11.33 0.0190362
11.34 0.0197771
11.35 0.020513
11.36 0.0212434
11.37 0.0219679
11.38 0.0226863
11.39 0.0233985
11.4 0.0241043
11.41 0.0248035
11.42 0.0254955
11.43 0.0261798
11.44 0.0268552
11.45 0.0275209
11.46 0.0281763
11.47 0.028821
11.48 0.0294549
11.49 0.030078
11.5 0.0306908
11.51 0.031294
11.52 0.0318887
11.53 0.0324764
11.54 0.0330584
11.55 0.0336362
11.56 0.0342112
11.57 0.0347843
11.58 0.0353565
11.59 0.0359281
11.6 0.0364996
11.61 0.0370715
11.62 0.037644
11.63 0.0382177
11.64 0.038793
11.65 0.0393703
11.66 0.0399501
11.67 0.0405327
11.68 0.0411185
11.69 0.0417078
11.7 0.0423008
11.71 0.0428972
11.72 0.0434966
11.73 0.0440985
11.74 0.0447018
11.75 0.0453052
11.76 0.0459068
11.77 0.0465047
11.78 0.047096
11.79 0.0476776
11.8 0.0482461
11.81 0.0487983
11.82 0.0493311
11.83 0.0498417
11.84 0.0503277
11.85 0.0507871
11.86 0.0512181
11.87 0.0516189
11.88 0.051988
11.89 0.0523238
11.9 0.052625
11.91 0.0528901
11.92 0.053118
11.93 0.0533076
11.94 0.0534578
11.95 0.0535676
11.96 0.0536361
11.97 0.0536625
11.98 0.0536461
11.99 0.0535864
12 0.0534832
12.01 0.0533365
12.02 0.0531466
12.03 0.0529143
12.04 0.0526406
12.05 0.0523266
12.06 0.051974
12.07 0.0515843
12.08 0.0511592
12.09 0.0507
12.1 0.0502081
12.11 0.0496842
12.12 0.0491292
12.13 0.0485436
12.14 0.0479275
12.15 0.0472806
12.16 0.0466027
12.17 0.0458931
12.18 0.0451514
12.19 0.044377
12.2 0.0435695
12.21 0.0427285
12.22 0.0418538
12.23 0.0409452
12.24 0.0400029
12.25 0.0390269
12.26 0.0380177
12.27 0.0369758
12.28 0.035902
12.29 0.0347972
12.3 0.0336627
12.31 0.0324997
12.32 0.0313098
12.33 0.030095
12.34 0.0288575
12.35 0.0275996
12.36 0.0263241
12.37 0.0250338
12.38 0.0237318
12.39 0.0224214
12.4 0.0211062
12.41 0.0197898
12.42 0.0184756
12.43 0.0171669
12.44 0.0158671
12.45 0.0145794
12.46 0.0133069
12.47 0.0120527
12.48 0.0108202
12.49 0.00961303
12.5 0.00843534
12.51 0.00729167
12.52 0.00618691
12.53 0.00512623
12.54 0.00411484
12.55 0.00315779
12.56 0.00225981
12.57 0.00142525
12.58 0.00065809
12.59 -3.79648e-05
12.6 -0.00065938
12.61 -0.00120318
12.62 -0.00166718
12.63 -0.00204952
12.64 -0.00234846
12.65 -0.00256252
12.66 -0.00269045
12.67 -0.0027314
12.68 -0.00268492
12.69 -0.00255112
12.7 -0.00233069
12.71 -0.00202479
12.72 -0.00163492
12.73 -0.00116285
12.74 -0.000610572
12.75 1.97794e-05
12.76 0.000726019
12.77 0.00150595
12.78 0.00235736
12.79 0.00327801
12.8 0.00426562
12.81 0.00531782
12.82 0.00643203
12.83 0.00760549
12.84 0.00883532
12.85 0.0101185
12.86 0.0114522
12.87 0.0128335
12.88 0.0142595
12.89 0.0157278
12.9 0.0172362
12.91 0.0187823
12.92 0.0203641
12.93 0.0219793
12.94 0.0236255
12.95 0.0253004
12.96 0.0270012
12.97 0.0287251
12.98 0.0304694
12.99 0.0322309
13 0.0340068
13.01 0.0357942
13.02 0.0375901
13.03 0.0393922
13.04 0.041198
13.05 0.0430051
13.06 0.0448111
13.07 0.0466136
13.08 0.0484098
13.09 0.0501968
13.1 0.0519714
13.11 0.0537311
13.12 0.0554747
13.13 0.0572013
13.14 0.0589097
13.15 0.0605986
13.16 0.0622673
13.17 0.063915
13.18 0.0655414
13.19 0.0671462
13.2 0.0687293
13.21 0.0702906
13.22 0.0718302
13.23 0.0733478
13.24 0.0748434
13.25 0.0763168
13.26 0.0777678
13.27 0.0791958
13.28 0.0806005
13.29 0.0819813
13.3 0.0833374
13.31 0.0846681
13.32 0.0859723
13.33 0.0872486
13.34 0.0884958
13.35 0.0897124
13.36 0.0908969
13.37 0.0920482
13.38 0.093165
13.39 0.0942464
13.4 0.0952915
13.41 0.0962998
13.42 0.0972709
13.43 0.0982047
13.44 0.0991012
13.45 0.0999608
13.46 0.100784
13.47 0.101572
13.48 0.102325
13.49 0.103045
13.5 0.103733
13.51 0.10439
13.52 0.105017
13.53 0.105616
13.54 0.106189
13.55 0.106737
13.56 0.107261
13.57 0.107765
13.58 0.108248
13.59 0.108713
13.6 0.109161
13.61 0.109593
13.62 0.110009
13.63 0.110411
13.64 0.1108
13.65 0.111176
13.66 0.111541
13.67 0.111895
13.68 0.112239
13.69 0.112574
13.7 0.112899
13.71 0.113217
13.72 0.113526
13.73 0.113827
13.74 0.114119
13.75 0.114402
13.76 0.114676
13.77 0.114938
13.78 0.115187
13.79 0.115422
13.8 0.115639
13.81 0.115837
13.82 0.116011
13.83 0.116158
13.84 0.116275
13.85 0.116359
13.86 0.116408
13.87 0.116422
13.88 0.116399
13.89 0.116338
13.9 0.116238
13.91 0.116098
13.92 0.115918
13.93 0.115695
13.94 0.115431
13.95 0.115123
13.96 0.114772
13.97 0.114376
13.98 0.113935
13.99 0.113449
14 0.112917
14.01 0.112339
14.02 0.111715
14.03 0.111043
14.04 0.110325
14.05 0.109559
14.06 0.108747
14.07 0.107887
14.08 0.10698
14.09 0.106025
14.1 0.105022
14.11 0.103971
14.12 0.10287
14.13 0.101718
14.14 0.100514
14.15 0.0992555
14.16 0.0979417
14.17 0.09657
14.18 0.0951387
14.19 0.093646
14.2 0.0920902
14.21 0.0904698
14.22 0.0887834
14.23 0.0870296
14.24 0.0852071
14.25 0.0833145
14.26 0.0813504
14.27 0.0793135
14.28 0.0772026
14.29 0.0750167
14.3 0.0727555
14.31 0.0704186
14.32 0.0680066
14.33 0.0655202
14.34 0.0629607
14.35 0.0603296
14.36 0.0576268
14.37 0.0548494
14.38 0.0519941
14.39 0.0490584
14.4 0.0460395
14.41 0.0429348
14.42 0.0397416
14.43 0.0364572
14.44 0.0330793
14.45 0.0296062
14.46 0.0260364
14.47 0.0223691
14.48 0.0186039
14.49 0.0147404
14.5 0.0107785
14.51 0.00671799
14.52 0.00255875
14.53 -0.0016996
14.54 -0.00605753
14.55 -0.0105156
14.56 -0.0150744
14.57 -0.0197347
14.58 -0.024497
14.59 -0.0293621
14.6 -0.0343303
14.61 -0.0394021
14.62 -0.0445771
14.63 -0.0498545
14.64 -0.0552327
14.65 -0.0607094
14.66 -0.0662811
14.67 -0.0719439
14.68 -0.0776935
14.69 -0.0835257
14.7 -0.0894367
14.71 -0.0954227
14.72 -0.10148
14.73 -0.107604
14.74 -0.11379
14.75 -0.120031
14.76 -0.12632
14.77 -0.13265
14.78 -0.139014
14.79 -0.145406
14.8 -0.151818
14.81 -0.158244
14.82 -0.164676
14.83 -0.171109
14.84 -0.177535
14.85 -0.183948
14.86 -0.19034
14.87 -0.196707
14.88 -0.203041
14.89 -0.209335
14.9 -0.215583
14.91 -0.221779
14.92 -0.227914
14.93 -0.233983
14.94 -0.239978
14.95 -0.245892
14.96 -0.251719
14.97 -0.257451
14.98 -0.263083
14.99 -0.268609
15 -0.274026
15.01 -0.279332
15.02 -0.284525
15.03 -0.289608
15.04 -0.29458
15.05 -0.299444
15.06 -0.304203
15.07 -0.308862
15.08 -0.313424
15.09 -0.317895
15.1 -0.322279
15.11 -0.32658
15.12 -0.330803
15.13 -0.334952
15.14 -0.339033
15.15 -0.34305
15.16 -0.347007
15.17 -0.350908
15.18 -0.354757
15.19 -0.358556
15.2 -0.362309
15.21 -0.366017
15.22 -0.369684
15.23 -0.373312
15.24 -0.376903
15.25 -0.380462
15.26 -0.383992
15.27 -0.387498
15.28 -0.390983
15.29 -0.394453
15.3 -0.397911
15.31 -0.401362
15.32 -0.404809
15.33 -0.408254
15.34 -0.4117
15.35 -0.415149
15.36 -0.418602
15.37 -0.422064
15.38 -0.425535
15.39 -0.429019
15.4 -0.432518
15.41 -0.436034
15.42 -0.439568
15.43 -0.443122
15.44 -0.446697
15.45 -0.450292
15.46 -0.453907
15.47 -0.457541
15.48 -0.461193
15.49 -0.464861
15.5 -0.46854
15.51 -0.472227
15.52 -0.475917
15.53 -0.479604
15.54 -0.483283
15.55 -0.486948
15.56 -0.490595
15.57 -0.494217
15.58 -0.49781
15.59 -0.501367
15.6 -0.504885
15.61 -0.508356
15.62 -0.511776
15.63 -0.51514
15.64 -0.518442
15.65 -0.521676
15.66 -0.524838
15.67 -0.527921
15.68 -0.530921
15.69 -0.533832
15.7 -0.536649
15.71 -0.539366
15.72 -0.541979
15.73 -0.544483
15.74 -0.546871
15.75 -0.549139
15.76 -0.551282
15.77 -0.553293
15.78 -0.555168
15.79 -0.556901
15.8 -0.558487
15.81 -0.559922
15.82 -0.561201
15.83 -0.56232
15.84 -0.563274
15.85 -0.564061
15.86 -0.564677
15.87 -0.56512
15.88 -0.565387
15.89 -0.565475
15.9 -0.565382
15.91 -0.565107
15.92 -0.564647
15.93 -0.564003
15.94 -0.563172
15.95 -0.562154
15.96 -0.560949
15.97 -0.559557
15.98 -0.557981
15.99 -0.556221
16 -0.554281
16.01 -0.552164
16.02 -0.549874
16.03 -0.547417
16.04 -0.5448
16.05 -0.542031
16.06 -0.539118
16.07 -0.53607
16.08 -0.532898
16.09 -0.52961
16.1 -0.526216
16.11 -0.522727
16.12 -0.519151
16.13 -0.515498
16.14 -0.511779
16.15 -0.508004
16.16 -0.50418
16.17 -0.500313
16.18 -0.496405
16.19 -0.492463
16.2 -0.488491
16.21 -0.484496
16.22 -0.480483
16.23 -0.476455
16.24 -0.472417
16.25 -0.468371
16.26 -0.46432
16.27 -0.460266
16.28 -0.45621
16.29 -0.452151
16.3 -0.448091
16.31 -0.444031
16.32 -0.439969
16.33 -0.435907
16.34 -0.431844
16.35 -0.42778
16.36 -0.423715
16.37 -0.419648
16.38 -0.41558
16.39 -0.411509
16.4 -0.407436
16.41 -0.40336
16.42 -0.39928
16.43 -0.395195
16.44 -0.391106
16.45 -0.387012
16.46 -0.382912
16.47 -0.378807
16.48 -0.374696
16.49 -0.370579
16.5 -0.366456
16.51 -0.362327
16.52 -0.35819
16.53 -0.354048
16.54 -0.349898
16.55 -0.34574
16.56 -0.341576
16.57 -0.337404
16.58 -0.333225
16.59 -0.329039
16.6 -0.324846
16.61 -0.320648
16.62 -0.316445
16.63 -0.312238
16.64 -0.308029
16.65 -0.30382
16.66 -0.299614
16.67 -0.295412
16.68 -0.291219
16.69 -0.287037
16.7 -0.28287
16.71 -0.278723
16.72 -0.274598
16.73 -0.270498
16.74 -0.266426
16.75 -0.262384
16.76 -0.258374
16.77 -0.254396
16.78 -0.250451
16.79 -0.246541
16.8 -0.242667
16.81 -0.238827
16.82 -0.235024
16.83 -0.231257
16.84 -0.227526
16.85 -0.223831
16.86 -0.220172
16.87 -0.21655
16.88 -0.212964
16.89 -0.209415
16.9 -0.205904
16.91 -0.202432
16.92 -0.199
16.93 -0.195607
16.94 -0.192256
16.95 -0.188947
16.96 -0.185681
16.97 -0.182457
16.98 -0.179278
16.99 -0.176142
17 -0.17305
17.01 -0.170003
17.02 -0.167
17.03 -0.164042
17.04 -0.161129
17.05 -0.158262
17.06 -0.15544
17.07 -0.152664
17.08 -0.149934
17.09 -0.147251
17.1 -0.144615
17.11 -0.142025
17.12 -0.139483
17.13 -0.136988
17.14 -0.13454
17.15 -0.132141
17.16 -0.129789
17.17 -0.127486
17.18 -0.125232
17.19 -0.123026
17.2 -0.120869
17.21 -0.118762
17.22 -0.116703
17.23 -0.114694
17.24 -0.112735
17.25 -0.110825
17.26 -0.108964
17.27 -0.107155
17.28 -0.105396
17.29 -0.103688
17.3 -0.102033
17.31 -0.10043
17.32 -0.0988804
17.33 -0.0973849
17.34 -0.095944
17.35 -0.0945587
17.36 -0.0932301
17.37 -0.0919597
17.38 -0.0907492
17.39 -0.0896009
17.4 -0.0885176
17.41 -0.0875023
17.42 -0.0865586
17.43 -0.0856903
17.44 -0.0849011
17.45 -0.0841941
17.46 -0.0835721
17.47 -0.0830375
17.48 -0.0825917
17.49 -0.0822363
17.5 -0.0819724
17.51 -0.0818011
17.52 -0.0817237
17.53 -0.0817415
17.54 -0.0818557
17.55 -0.0820674
17.56 -0.0823775
17.57 -0.0827862
17.58 -0.0832938
17.59 -0.0838998
17.6 -0.0846033
17.61 -0.085403
17.62 -0.0862968
17.63 -0.0872821
17.64 -0.0883558
17.65 -0.0895145
17.66 -0.090754
17.67 -0.0920701
17.68 -0.0934581
17.69 -0.0949132
17.7 -0.0964305
17.71 -0.0980051
17.72 -0.0996324
17.73 -0.101308
17.74 -0.103029
17.75 -0.104789
17.76 -0.106586
17.77 -0.108415
17.78 -0.110271
17.79 -0.112148
17.8 -0.11404
17.81 -0.115941
17.82 -0.117845
17.83 -0.119746
17.84 -0.121638
17.85 -0.123514
17.86 -0.125369
17.87 -0.127197
17.88 -0.128993
17.89 -0.130751
17.9 -0.132467
17.91 -0.134137
17.92 -0.135757
17.93 -0.137326
17.94 -0.138842
17.95 -0.140305
17.96 -0.141715
17.97 -0.143072
17.98 -0.144376
17.99 -0.145626
18 -0.146824
18.01 -0.14797
18.02 -0.149063
18.03 -0.150105
18.04 -0.151095
18.05 -0.152034
18.06 -0.152921
18.07 -0.153757
18.08 -0.154543
18.09 -0.155277
18.1 -0.155961
18.11 -0.156594
18.12 -0.157177
18.13 -0.157709
18.14 -0.158192
18.15 -0.158625
18.16 -0.159008
18.17 -0.15934
18.18 -0.15962
18.19 -0.15985
18.2 -0.160026
18.21 -0.160148
18.22 -0.160216
18.23 -0.160228
18.24 -0.160184
18.25 -0.160081
18.26 -0.159921
18.27 -0.159703
18.28 -0.159426
18.29 -0.15909
18.3 -0.158694
18.31 -0.158239
18.32 -0.157724
18.33 -0.157149
18.34 -0.156514
18.35 -0.155818
18.36 -0.155063
18.37 -0.154249
18.38 -0.153376
18.39 -0.152445
18.4 -0.151458
18.41 -0.150414
18.42 -0.149315
18.43 -0.148161
18.44 -0.146953
18.45 -0.145691
18.46 -0.144374
18.47 -0.143003
18.48 -0.141578
18.49 -0.140098
18.5 -0.138564
18.51 -0.136976
18.52 -0.135333
18.53 -0.133638
18.54 -0.13189
18.55 -0.130092
18.56 -0.128244
18.57 -0.126349
18.58 -0.12441
18.59 -0.122427
18.6 -0.120403
18.61 -0.11834
18.62 -0.116241
18.63 -0.114108
18.64 -0.111943
18.65 -0.109747
18.66 -0.107525
18.67 -0.105278
18.68 -0.103008
18.69 -0.100718
18.7 -0.0984065
18.71 -0.0960779
18.72 -0.0937352
18.73 -0.0913827
18.74 -0.0890249
18.75 -0.0866666
18.76 -0.0843121
18.77 -0.081966
18.78 -0.0796325
18.79 -0.077316
18.8 -0.0750211
18.81 -0.0727521
18.82 -0.0705135
18.83 -0.0683099
18.84 -0.0661461
18.85 -0.0640267
18.86 -0.0619565
18.87 -0.0599402
18.88 -0.0579827
18.89 -0.0560884
18.9 -0.0542616
18.91 -0.0525062
18.92 -0.0508254
18.93 -0.0492218
18.94 -0.0476974
18.95 -0.0462538
18.96 -0.0448924
18.97 -0.043615
18.98 -0.0424229
18.99 -0.0413181
19 -0.0403027
19.01 -0.0393792
19.02 -0.0385504
19.03 -0.0378194
19.04 -0.0371893
19.05 -0.0366632
19.06 -0.0362437
19.07 -0.0359332
19.08 -0.0357338
19.09 -0.0356472
19.1 -0.0356746
19.11 -0.0358174
19.12 -0.0360769
19.13 -0.0364544
19.14 -0.0369514
19.15 -0.0375692
19.16 -0.0383087
19.17 -0.0391703
19.18 -0.0401536
19.19 -0.0412572
19.2 -0.0424788
19.21 -0.0438152
19.22 -0.0452622
19.23 -0.0468151
19.24 -0.048469
19.25 -0.0502188
19.26 -0.0520598
19.27 -0.0539881
19.28 -0.0559999
19.29 -0.0580922
19.3 -0.0602611
19.31 -0.0625029
19.32 -0.0648133
19.33 -0.0671874
19.34 -0.0696201
19.35 -0.0721055
19.36 -0.0746373
19.37 -0.0772089
19.38 -0.0798134
19.39 -0.0824442
19.4 -0.0850945
19.41 -0.0877577
19.42 -0.090427
19.43 -0.093097
19.44 -0.0957645
19.45 -0.0984266
19.46 -0.10108
19.47 -0.103723
19.48 -0.106351
19.49 -0.108961
19.5 -0.111552
19.51 -0.11412
19.52 -0.116663
19.53 -0.119179
19.54 -0.121665
19.55 -0.124121
19.56 -0.126545
19.57 -0.128937
19.58 -0.131296
19.59 -0.133623
19.6 -0.135916
19.61 -0.138177
19.62 -0.140404
19.63 -0.142599
19.64 -0.144762
19.65 -0.146893
19.66 -0.148992
19.67 -0.15106
19.68 -0.153098
19.69 -0.155105
19.7 -0.157083
19.71 -0.159032
19.72 -0.160954
19.73 -0.162849
19.74 -0.164719
19.75 -0.166564
19.76 -0.168384
19.77 -0.170181
19.78 -0.171954
19.79 -0.173702
19.8 -0.175428
19.81 -0.177129
19.82 -0.178806
19.83 -0.18046
19.84 -0.182091
19.85 -0.1837
19.86 -0.185286
19.87 -0.186851
19.88 -0.188395
19.89 -0.189921
19.9 -0.191428
19.91 -0.192917
19.92 -0.194389
19.93 -0.195844
19.94 -0.197282
19.95 -0.198704
19.96 -0.20011
19.97 -0.2015
19.98 -0.202875
19.99 -0.204237
20 -0.205586
20.01 -0.206924
20.02 -0.208251
20.03 -0.209569
20.04 -0.210879
20.05 -0.212181
20.06 -0.213474
20.07 -0.214759
20.08 -0.216033
20.09 -0.217295
20.1 -0.218544
20.11 -0.219776
20.12 -0.220989
20.13 -0.22218
20.14 -0.223348
20.15 -0.22449
20.16 -0.225602
20.17 -0.226684
20.18 -0.227734
20.19 -0.228748
20.2 -0.229727
20.21 -0.230668
20.22 -0.231571
20.23 -0.232435
20.24 -0.233259
20.25 -0.234042
20.26 -0.234783
20.27 -0.235482
20.28 -0.236138
20.29 -0.23675
20.3 -0.23732
20.31 -0.237846
20.32 -0.23833
20.33 -0.238771
20.34 -0.23917
20.35 -0.239528
20.36 -0.239846
20.37 -0.240122
20.38 -0.240358
20.39 -0.240553
20.4 -0.240706
20.41 -0.240816
20.42 -0.24088
20.43 -0.240899
20.44 -0.240868
20.45 -0.240787
20.46 -0.240654
20.47 -0.240467
20.48 -0.240224
20.49 -0.239924
20.5 -0.239566
20.51 -0.239147
20.52 -0.238667
20.53 -0.238123
20.54 -0.237515
20.55 -0.236841
20.56 -0.236101
20.57 -0.235292
20.58 -0.234415
20.59 -0.233471
20.6 -0.232458
20.61 -0.23138
20.62 -0.230236
20.63 -0.229031
20.64 -0.227764
20.65 -0.22644
20.66 -0.225059
20.67 -0.223625
20.68 -0.22214
20.69 -0.220606
20.7 -0.219026
20.71 -0.217401
20.72 -0.215734
20.73 -0.214028
20.74 -0.212283
20.75 -0.210504
20.76 -0.208691
20.77 -0.206848
20.78 -0.204976
20.79 -0.203078
20.8 -0.201155
20.81 -0.199209
20.82 -0.197241
20.83 -0.195251
20.84 -0.19324
20.85 -0.191208
20.86 -0.189157
20.87 -0.187087
20.88 -0.184998
20.89 -0.182891
20.9 -0.180764
20.91 -0.178617
20.92 -0.176449
20.93 -0.17426
20.94 -0.17205
20.95 -0.169818
20.96 -0.167564
20.97 -0.165289
20.98 -0.162992
20.99 -0.160674
21 -0.158336
21.01 -0.155981
21.02 -0.153609
21.03 -0.151223
21.04 -0.148827
21.05 -0.146421
21.06 -0.14401
21.07 -0.141595
21.08 -0.139178
21.09 -0.136763
21.1 -0.134352
21.11 -0.131947
21.12 -0.12955
21.13 -0.127163
21.14 -0.124786
21.15 -0.122422
21.16 -0.12007
21.17 -0.117732
21.18 -0.115409
21.19 -0.113102
21.2 -0.11081
21.21 -0.108537
21.22 -0.106281
21.23 -0.104044
21.24 -0.101827
21.25 -0.09963
21.26 -0.0974542
21.27 -0.0952996
21.28 -0.0931664
21.29 -0.0910545
21.3 -0.0889635
21.31 -0.0868931
21.32 -0.084843
21.33 -0.082813
21.34 -0.080803
21.35 -0.0788131
21.36 -0.0768438
21.37 -0.0748957
21.38 -0.0729695
21.39 -0.0710663
21.4 -0.0691875
21.41 -0.0673347
21.42 -0.0655095
21.43 -0.0637137
21.44 -0.0619491
21.45 -0.0602174
21.46 -0.0585201
21.47 -0.0568585
21.48 -0.055234
21.49 -0.0536476
21.5 -0.0521005
21.51 -0.0505941
21.52 -0.0491295
21.53 -0.0477079
21.54 -0.0463302
21.55 -0.0449976
21.56 -0.0437112
21.57 -0.042472
21.58 -0.0412815
21.59 -0.040141
21.6 -0.0390522
21.61 -0.0380167
21.62 -0.0370363
21.63 -0.0361124
21.64 -0.0352462
21.65 -0.0344385
21.66 -0.0336899
21.67 -0.0330005
21.68 -0.0323706
21.69 -0.0317999
21.7 -0.0312884
21.71 -0.030836
21.72 -0.0304426
21.73 -0.0301081
21.74 -0.0298323
21.75 -0.0296147
21.76 -0.0294547
21.77 -0.0293513
21.78 -0.0293034
21.79 -0.0293097
21.8 -0.0293689
21.81 -0.0294799
21.82 -0.0296415
21.83 -0.0298528
21.84 -0.0301132
21.85 -0.0304224
21.86 -0.03078
21.87 -0.031186
21.88 -0.0316404
21.89 -0.0321434
21.9 -0.032695
21.91 -0.0332952
21.92 -0.0339439
21.93 -0.0346406
21.94 -0.0353847
21.95 -0.0361753
21.96 -0.0370114
21.97 -0.0378921
21.98 -0.0388168
21.99 -0.039785
22 -0.0407968
22.01 -0.0418522
22.02 -0.042952
22.03 -0.0440966
22.04 -0.0452866
22.05 -0.0465221
22.06 -0.0478023
22.07 -0.049126
22.08 -0.0504911
22.09 -0.0518954
22.1 -0.0533361
22.11 -0.0548104
22.12 -0.0563154
22.13 -0.0578478
22.14 -0.0594046
22.15 -0.0609827
22.16 -0.0625793
22.17 -0.0641916
22.18 -0.065817
22.19 -0.0674529
22.2 -0.0690969
22.21 -0.0707464
22.22 -0.0723985
22.23 -0.0740502
22.24 -0.0756984
22.25 -0.0773398
22.26 -0.0789711
22.27 -0.080589
22.28 -0.0821905
22.29 -0.0837723
22.3 -0.0853327
22.31 -0.0868714
22.32 -0.0883888
22.33 -0.0898853
22.34 -0.0913618
22.35 -0.0928189
22.36 -0.0942577
22.37 -0.0956791
22.38 -0.0970839
22.39 -0.0984729
22.4 -0.0998465
22.41 -0.101205
22.42 -0.102549
22.43 -0.103878
22.44 -0.105192
22.45 -0.106492
22.46 -0.107775
22.47 -0.109043
22.48 -0.110293
22.49 -0.111526
22.5 -0.112738
22.51 -0.11393
22.52 -0.115098
22.53 -0.11624
22.54 -0.117356
22.55 -0.118441
22.56 -0.119494
22.57 -0.120513
22.58 -0.121494
22.59 -0.122436
22.6 -0.123336
22.61 -0.124192
22.62 -0.125002
22.63 -0.125762
22.64 -0.12647
22.65 -0.127126
22.66 -0.127727
22.67 -0.128273
22.68 -0.128761
22.69 -0.129192
22.7 -0.129564
22.71 -0.129877
22.72 -0.13013
22.73 -0.130322
22.74 -0.130453
22.75 -0.13052
22.76 -0.130522
22.77 -0.13046
22.78 -0.130332
22.79 -0.130138
22.8 -0.129877
22.81 -0.129549
22.82 -0.129154
22.83 -0.128693
22.84 -0.128164
22.85 -0.127568
22.86 -0.126907
22.87 -0.12618
22.88 -0.125388
22.89 -0.124532
22.9 -0.123613
22.91 -0.122634
22.92 -0.121595
22.93 -0.120499
22.94 -0.119348
22.95 -0.118144
22.96 -0.116891
22.97 -0.115592
22.98 -0.11425
22.99 -0.112867
23 -0.111446
23.01 -0.109989
23.02 -0.108499
23.03 -0.106977
23.04 -0.105424
23.05 -0.103841
23.06 -0.102231
23.07 -0.100595
23.08 -0.098934
23.09 -0.0972506
23.1 -0.0955473
23.11 -0.0938267
23.12 -0.0920913
23.13 -0.0903439
23.14 -0.0885871
23.15 -0.0868234
23.16 -0.0850555
23.17 -0.0832858
23.18 -0.081517
23.19 -0.0797513
23.2 -0.077991
23.21 -0.0762384
23.22 -0.0744949
23.23 -0.0727606
23.24 -0.0710353
23.25 -0.0693187
23.26 -0.0676109
23.27 -0.0659118
23.28 -0.0642212
23.29 -0.0625389
23.3 -0.0608645
23.31 -0.0591976
23.32 -0.0575376
23.33 -0.055884
23.34 -0.0542365
23.35 -0.0525947
23.36 -0.0509582
23.37 -0.0493271
23.38 -0.0477014
23.39 -0.0460813
23.4 -0.0444673
23.41 -0.0428601
23.42 -0.0412607
23.43 -0.0396703
23.44 -0.0380902
23.45 -0.036522
23.46 -0.0349672
23.47 -0.0334274
23.48 -0.0319039
23.49 -0.0303977
23.5 -0.0289096
23.51 -0.0274402
23.52 -0.0259899
23.53 -0.0245594
23.54 -0.0231489
23.55 -0.0217589
23.56 -0.0203897
23.57 -0.0190416
23.58 -0.0177146
23.59 -0.0164089
23.6 -0.0151243
23.61 -0.0138609
23.62 -0.0126184
23.63 -0.0113968
23.64 -0.0101955
23.65 -0.00901435
23.66 -0.00785272
23.67 -0.00671023
23.68 -0.00558658
23.69 -0.0044816
23.7 -0.00339528
23.71 -0.00232776
23.72 -0.00127936
23.73 -0.000250561
23.74 0.000757952
23.75 0.00174528
23.76 0.00271023
23.77 0.00365127
23.78 0.00456648
23.79 0.00545357
23.8 0.00631004
23.81 0.00713327
23.82 0.00792071
23.83 0.00866986
23.84 0.00937829
23.85 0.0100436
23.86 0.0106635
23.87 0.0112357
23.88 0.011758
23.89 0.0122281
23.9 0.0126437
23.91 0.0130024
23.92 0.0133015
23.93 0.0135384
23.94 0.0137102
23.95 0.0138146
23.96 0.0138492
23.97 0.0138118
23.98 0.0137008
23.99 0.0135152
24 0.0132547
24.01 0.0129193
24.02 0.0125097
24.03 0.0120269
24.04 0.0114727
24.05 0.0108493
24.06 0.0101599
24.07 0.00940816
24.08 0.00859823
24.09 0.00773435
24.1 0.00682074
24.11 0.00586154
24.12 0.00486066
24.13 0.00382161
24.14 0.00274742
24.15 0.00164063
24.16 0.000503251
24.17 -0.000663064
24.18 -0.00185679
24.19 -0.00307643
24.2 -0.00432055
24.21 -0.0055878
24.22 -0.00687688
24.23 -0.00818661
24.24 -0.00951588
24.25 -0.0108636
24.26 -0.0122288
24.27 -0.0136106
24.28 -0.0150082
24.29 -0.0164212
24.3 -0.0178492
24.31 -0.0192921
24.32 -0.0207499
24.33 -0.0222222
24.34 -0.0237082
24.35 -0.0252068
24.36 -0.0267159
24.37 -0.0282333
24.38 -0.0297567
24.39 -0.0312833
24.4 -0.0328102
24.41 -0.0343346
24.42 -0.0358538
24.43 -0.0373652
24.44 -0.0388663
24.45 -0.0403548
24.46 -0.0418293
24.47 -0.0432892
24.48 -0.0447345
24.49 -0.0461648
24.5 -0.0475795
24.51 -0.0489783
24.52 -0.0503606
24.53 -0.0517261
24.54 -0.0530744
24.55 -0.0544054
24.56 -0.0557189
24.57 -0.057015
24.58 -0.058294
24.59 -0.0595562
24.6 -0.0608021
24.61 -0.0620321
24.62 -0.0632467
24.63 -0.0644462
24.64 -0.0656312
24.65 -0.0668019
24.66 -0.0679582
24.67 -0.0690999
24.68 -0.0702266
24.69 -0.0713376
24.7 -0.0724322
24.71 -0.0735092
24.72 -0.0745675
24.73 -0.0756061
24.74 -0.0766239
24.75 -0.0776197
24.76 -0.0785921
24.77 -0.0795398
24.78 -0.0804617
24.79 -0.0813566
24.8 -0.0822236
24.81 -0.083062
24.82 -0.0838711
24.83 -0.0846507
24.84 -0.0854004
24.85 -0.0861203
24.86 -0.0868103
24.87 -0.0874706
24.88 -0.0881015
24.89 -0.0887033
24.9 -0.0892767
24.91 -0.0898227
24.92 -0.0903424
24.93 -0.0908368
24.94 -0.0913074
24.95 -0.0917555
24.96 -0.0921824
24.97 -0.0925896
24.98 -0.0929785
24.99 -0.0933504
25 -0.0937063
