0.01 3.17732e-09
0.02 1.53123e-08
0.03 3.78399e-08
0.04 6.84415e-08
0.05 1.04843e-07
0.06 1.44837e-07
0.07 1.86298e-07
0.08 2.27178e-07
0.09 2.65492e-07
0.1 2.99316e-07
0.11 3.26806e-07
0.12 3.46202e-07
0.13 3.55787e-07
0.14 3.53834e-07
0.15 3.38588e-07
0.16 3.0833e-07
0.17 2.61418e-07
0.18 1.96306e-07
0.19 1.1155e-07
0.2 5.82348e-09
0.21 -1.22075e-07
0.22 -2.73216e-07
0.23 -4.48547e-07
0.24 -6.48908e-07
0.25 -8.75063e-07
0.26 -1.12776e-06
0.27 -1.40779e-06
0.28 -1.7158e-06
0.29 -2.05208e-06
0.3 -2.41648e-06
0.31 -2.80829e-06
0.32 -3.22626e-06
0.33 -3.66836e-06
0.34 -4.13172e-06
0.35 -4.61286e-06
0.36 -5.10796e-06
0.37 -5.61294e-06
0.38 -6.12409e-06
0.39 -6.63881e-06
0.4 -7.1562e-06
0.41 -7.67742e-06
0.42 -8.20522e-06
0.43 -8.74331e-06
0.44 -9.29648e-06
0.45 -9.8704e-06
0.46 -1.04712e-05
0.47 -1.11051e-05
0.48 -1.17775e-05
0.49 -1.24933e-05
0.5 -1.32563e-05
0.51 -1.40697e-05
0.52 -1.49361e-05
0.53 -1.58576e-05
0.54 -1.68354e-05
0.55 -1.78707e-05
0.56 -1.89639e-05
0.57 -2.01151e-05
0.58 -2.13241e-05
0.59 -2.25909e-05
0.6 -2.39152e-05
0.61 -2.52965e-05
0.62 -2.67341e-05
0.63 -2.82272e-05
0.64 -2.97748e-05
0.65 -3.13761e-05
0.66 -3.30303e-05
0.67 -3.47367e-05
0.68 -3.64952e-05
0.69 -3.83056e-05
0.7 -4.0168e-05
0.71 -4.20818e-05
0.72 -4.4046e-05
0.73 -4.60581e-05
0.74 -4.81134e-05
0.75 -5.02045e-05
0.76 -5.23211e-05
0.77 -5.44502e-05
0.78 -5.65774e-05
0.79 -5.8689e-05
0.8 -6.07736e-05
0.81 -6.28227e-05
0.82 -6.48303e-05
0.83 -6.67923e-05
0.84 -6.87061e-05
0.85 -7.0573e-05
0.86 -7.23967e-05
0.87 -7.41802e-05
0.88 -7.59211e-05
0.89 -7.7612e-05
0.9 -7.92416e-05
0.91 -8.07975e-05
0.92 -8.22668e-05
0.93 -8.36384e-05
0.94 -8.49053e-05
0.95 -8.60666e-05
0.96 -8.71276e-05
0.97 -8.80989e-05
0.98 -8.89921e-05
0.99 -8.98142e-05
1 -9.05659e-05
1.01 -9.1242e-05
1.02 -9.18319e-05
1.03 -9.232e-05
1.04 -9.26884e-05
1.05 -9.29192e-05
1.06 -9.29979e-05
1.07 -9.29148e-05
1.08 -9.26636e-05
1.09 -9.22389e-05
1.1 -9.16351e-05
1.11 -9.08478e-05
1.12 -8.98728e-05
1.13 -8.87043e-05
1.14 -8.73354e-05
1.15 -8.57593e-05
1.16 -8.39715e-05
1.17 -8.19722e-05
1.18 -7.97685e-05
1.19 -7.73727e-05
1.2 -7.47991e-05
1.21 -7.20651e-05
1.22 -6.9193e-05
1.23 -6.62067e-05
1.24 -6.31266e-05
1.25 -5.99616e-05
1.26 -5.67043e-05
1.27 -5.33361e-05
1.28 -4.98365e-05
1.29 -4.6186e-05
1.3 -4.23669e-05
1.31 -3.83682e-05
1.32 -3.4188e-05
1.33 -2.98309e-05
1.34 -2.53028e-05
1.35 -2.06071e-05
1.36 -1.57447e-05
1.37 -1.07139e-05
1.38 -5.51108e-06
1.39 -1.32012e-07
1.4 5.42624e-06
1.41 1.11621e-05
1.42 1.70659e-05
1.43 2.31151e-05
1.44 2.92712e-05
1.45 3.54771e-05
1.46 4.1659e-05
1.47 4.77328e-05
1.48 5.36107e-05
1.49 5.92031e-05
1.5 6.44213e-05
1.51 6.91827e-05
1.52 7.34128e-05
1.53 7.70527e-05
1.54 8.00665e-05
1.55 8.24498e-05
1.56 8.42314e-05
1.57 8.54645e-05
1.58 8.62177e-05
1.59 8.6569e-05
1.6 8.65926e-05
1.61 8.63529e-05
1.62 8.59068e-05
1.63 8.53034e-05
1.64 8.45837e-05
1.65 8.37814e-05
1.66 8.29202e-05
1.67 8.20126e-05
1.68 8.10615e-05
1.69 8.0066e-05
1.7 7.90255e-05
1.71 7.79394e-05
1.72 7.68075e-05
1.73 7.56329e-05
1.74 7.44248e-05
1.75 7.32028e-05
1.76 7.19922e-05
1.77 7.08165e-05
1.78 6.97023e-05
1.79 6.86841e-05
1.8 6.78023e-05
1.81 6.70982e-05
1.82 6.66135e-05
1.83 6.63891e-05
1.84 6.64542e-05
1.85 6.68209e-05
1.86 6.74892e-05
1.87 6.84559e-05
1.88 6.97212e-05
1.89 7.12891e-05
1.9 7.31675e-05
1.91 7.53685e-05
1.92 7.79079e-05
1.93 8.08034e-05
1.94 8.40614e-05
1.95 8.76605e-05
1.96 9.15511e-05
1.97 9.56601e-05
1.98 9.98959e-05
1.99 0.000104159
2 0.000108365
2.01 0.000112459
2.02 0.000116419
2.03 0.000120258
2.04 0.000124011
2.05 0.000127736
2.06 0.000131495
2.07 0.000135349
2.08 0.00013934
2.09 0.000143482
2.1 0.000147756
2.11 0.000152113
2.12 0.000156475
2.13 0.000160726
2.14 0.000164728
2.15 0.000168328
2.16 0.000171366
2.17 0.000173678
2.18 0.000175101
2.19 0.000175464
2.2 0.000174582
2.21 0.000172261
2.22 0.000168311
2.23 0.000162549
2.24 0.00015481
2.25 0.000144938
2.26 0.00013279
2.27 0.000118268
2.28 0.00010132
2.29 8.19281e-05
2.3 6.01084e-05
2.31 3.59075e-05
2.32 9.41147e-06
2.33 -1.92433e-05
2.34 -4.98643e-05
2.35 -8.22083e-05
2.36 -0.00011599
2.37 -0.000150895
2.38 -0.000186586
2.39 -0.000222705
2.4 -0.000258891
2.41 -0.000294818
2.42 -0.00033022
2.43 -0.000364868
2.44 -0.000398554
2.45 -0.000431088
2.46 -0.000462296
2.47 -0.000492031
2.48 -0.00052018
2.49 -0.000546646
2.5 -0.00057133
2.51 -0.000594118
2.52 -0.000614885
2.53 -0.000633501
2.54 -0.000649841
2.55 -0.000663778
2.56 -0.000675189
2.57 -0.000683984
2.58 -0.000690125
2.59 -0.000693631
2.6 -0.000694575
2.61 -0.000693063
2.62 -0.000689218
2.63 -0.000683158
2.64 -0.000674985
2.65 -0.000664783
2.66 -0.00065262
2.67 -0.000638551
2.68 -0.000622628
2.69 -0.000604913
2.7 -0.000585488
2.71 -0.000564437
2.72 -0.000541848
2.73 -0.000517812
2.74 -0.000492403
2.75 -0.000465673
2.76 -0.000437668
2.77 -0.000408433
2.78 -0.000377983
2.79 -0.000346299
2.8 -0.000313324
2.81 -0.000278976
2.82 -0.000243174
2.83 -0.000205871
2.84 -0.000167062
2.85 -0.000126779
2.86 -8.50914e-05
2.87 -4.21107e-05
2.88 1.99474e-06
2.89 4.70078e-05
2.9 9.2687e-05
2.91 0.000138775
2.92 0.000184998
2.93 0.000231072
2.94 0.000276721
2.95 0.000321674
2.96 0.000365683
2.97 0.000408546
2.98 0.00045012
2.99 0.00049031
3 0.000529058
3.01 0.000566329
3.02 0.000602091
3.03 0.0006363
3.04 0.00066889
3.05 0.000699765
3.06 0.000728795
3.07 0.000755809
3.08 0.000780601
3.09 0.000802946
3.1 0.00082263
3.11 0.000839482
3.12 0.000853391
3.13 0.000864318
3.14 0.000872288
3.15 0.000877357
3.16 0.000879602
3.17 0.000879128
3.18 0.000876058
3.19 0.000870523
3.2 0.000862635
3.21 0.0008525
3.22 0.000840255
3.23 0.000826081
3.24 0.000810199
3.25 0.000792864
3.26 0.000774352
3.27 0.000754976
3.28 0.000735102
3.29 0.000715113
3.3 0.000695377
3.31 0.000676267
3.32 0.000658157
3.33 0.000641378
3.34 0.000626171
3.35 0.000612658
3.36 0.000600834
3.37 0.000590568
3.38 0.000581625
3.39 0.000573666
3.4 0.00056626
3.41 0.000558906
3.42 0.00055106
3.43 0.000542179
3.44 0.000531734
3.45 0.000519223
3.46 0.000504178
3.47 0.000486211
3.48 0.000465058
3.49 0.000440601
3.5 0.00041286
3.51 0.000381977
3.52 0.000348209
3.53 0.000311911
3.54 0.000273498
3.55 0.0002334
3.56 0.000191998
3.57 0.000149617
3.58 0.000106567
3.59 6.3159e-05
3.6 1.96595e-05
3.61 -2.37261e-05
3.62 -6.68465e-05
3.63 -0.000109602
3.64 -0.000151952
3.65 -0.000193908
3.66 -0.00023554
3.67 -0.000276985
3.68 -0.00031845
3.69 -0.000360187
3.7 -0.000402445
3.71 -0.000445449
3.72 -0.000489424
3.73 -0.000534569
3.74 -0.000581027
3.75 -0.000628903
3.76 -0.000678271
3.77 -0.000729165
3.78 -0.000781578
3.79 -0.000835469
3.8 -0.000890757
3.81 -0.000947294
3.82 -0.00100488
3.83 -0.00106329
3.84 -0.00112226
3.85 -0.00118153
3.86 -0.00124085
3.87 -0.00130007
3.88 -0.00135911
3.89 -0.00141805
3.9 -0.00147703
3.91 -0.00153636
3.92 -0.00159642
3.93 -0.00165768
3.94 -0.00172066
3.95 -0.00178586
3.96 -0.00185379
3.97 -0.00192487
3.98 -0.00199942
3.99 -0.00207762
4 -0.00215948
4.01 -0.00224487
4.02 -0.00233351
4.03 -0.00242501
4.04 -0.00251886
4.05 -0.00261444
4.06 -0.00271099
4.07 -0.00280765
4.08 -0.00290341
4.09 -0.00299713
4.1 -0.00308762
4.11 -0.00317362
4.12 -0.003254
4.13 -0.00332775
4.14 -0.00339409
4.15 -0.00345249
4.16 -0.00350274
4.17 -0.00354497
4.18 -0.00357959
4.19 -0.00360722
4.2 -0.00362869
4.21 -0.00364497
4.22 -0.00365709
4.23 -0.00366603
4.24 -0.00367266
4.25 -0.00367775
4.26 -0.00368201
4.27 -0.00368606
4.28 -0.00369042
4.29 -0.00369544
4.3 -0.00370133
4.31 -0.00370816
4.32 -0.00371589
4.33 -0.00372436
4.34 -0.0037333
4.35 -0.00374227
4.36 -0.0037507
4.37 -0.00375791
4.38 -0.0037631
4.39 -0.00376544
4.4 -0.00376405
4.41 -0.00375799
4.42 -0.00374634
4.43 -0.00372815
4.44 -0.00370253
4.45 -0.00366865
4.46 -0.00362586
4.47 -0.0035737
4.48 -0.0035119
4.49 -0.00344037
4.5 -0.00335907
4.51 -0.00326803
4.52 -0.00316734
4.53 -0.00305726
4.54 -0.00293813
4.55 -0.00281043
4.56 -0.00267469
4.57 -0.00253155
4.58 -0.00238171
4.59 -0.00222595
4.6 -0.00206507
4.61 -0.0018999
4.62 -0.0017312
4.63 -0.00155971
4.64 -0.00138609
4.65 -0.00121095
4.66 -0.00103478
4.67 -0.000857982
4.68 -0.000680762
4.69 -0.000503218
4.7 -0.000325373
4.71 -0.000147246
4.72 3.11212e-05
4.73 0.000209678
4.74 0.000388347
4.75 0.000566962
4.76 0.000745264
4.77 0.000922945
4.78 0.00109967
4.79 0.00127508
4.8 0.00144884
4.81 0.00162052
4.82 0.00178967
4.83 0.00195583
4.84 0.00211856
4.85 0.00227737
4.86 0.00243174
4.87 0.00258119
4.88 0.00272532
4.89 0.00286375
4.9 0.00299611
4.91 0.00312213
4.92 0.00324157
4.93 0.00335425
4.94 0.00346005
4.95 0.00355882
4.96 0.0036505
4.97 0.00373505
4.98 0.00381251
4.99 0.00388299
5 0.00394663
5.01 0.00400363
5.02 0.00405409
5.03 0.00409804
5.04 0.00413539
5.05 0.00416593
5.06 0.00418936
5.07 0.00420519
5.08 0.00421287
5.09 0.0042118
5.1 0.00420135
5.11 0.00418084
5.12 0.00414962
5.13 0.00410715
5.14 0.00405296
5.15 0.00398675
5.16 0.0039084
5.17 0.00381805
5.18 0.00371604
5.19 0.00360287
5.2 0.00347919
5.21 0.0033458
5.22 0.00320359
5.23 0.00305347
5.24 0.00289633
5.25 0.00273306
5.26 0.00256458
5.27 0.00239191
5.28 0.00221608
5.29 0.00203817
5.3 0.00185917
5.31 0.00168009
5.32 0.00150181
5.33 0.0013251
5.34 0.00115046
5.35 0.000978219
5.36 0.000808467
5.37 0.000641009
5.38 0.000475395
5.39 0.000311033
5.4 0.000147275
5.41 -1.65392e-05
5.42 -0.000181049
5.43 -0.000346802
5.44 -0.000514196
5.45 -0.000683462
5.46 -0.000854669
5.47 -0.00102777
5.48 -0.00120265
5.49 -0.00137914
5.5 -0.00155701
5.51 -0.00173591
5.52 -0.00191542
5.53 -0.00209515
5.54 -0.00227467
5.55 -0.0024535
5.56 -0.00263116
5.57 -0.00280719
5.58 -0.00298122
5.59 -0.00315298
5.6 -0.00332219
5.61 -0.0034886
5.62 -0.00365188
5.63 -0.00381172
5.64 -0.00396776
5.65 -0.00411964
5.66 -0.00426703
5.67 -0.00440954
5.68 -0.00454678
5.69 -0.00467825
5.7 -0.00480343
5.71 -0.00492169
5.72 -0.00503234
5.73 -0.00513463
5.74 -0.00522784
5.75 -0.00531119
5.76 -0.00538397
5.77 -0.00544552
5.78 -0.0054953
5.79 -0.00553295
5.8 -0.00555828
5.81 -0.00557134
5.82 -0.0055724
5.83 -0.00556199
5.84 -0.00554086
5.85 -0.00550996
5.86 -0.00547034
5.87 -0.00542316
5.88 -0.0053696
5.89 -0.0053109
5.9 -0.00524824
5.91 -0.00518273
5.92 -0.00511534
5.93 -0.00504694
5.94 -0.00497822
5.95 -0.00490973
5.96 -0.00484175
5.97 -0.00477429
5.98 -0.00470704
5.99 -0.00463947
6 -0.00457085
6.01 -0.00450026
6.02 -0.00442673
6.03 -0.00434928
6.04 -0.00426688
6.05 -0.00417852
6.06 -0.00408325
6.07 -0.00398024
6.08 -0.00386889
6.09 -0.00374876
6.1 -0.00361956
6.11 -0.00348115
6.12 -0.00333352
6.13 -0.0031768
6.14 -0.00301121
6.15 -0.00283698
6.16 -0.00265429
6.17 -0.00246324
6.18 -0.00226371
6.19 -0.00205541
6.2 -0.00183793
6.21 -0.00161083
6.22 -0.0013736
6.23 -0.00112566
6.24 -0.000866469
6.25 -0.000595525
6.26 -0.000312356
6.27 -1.65172e-05
6.28 0.000292407
6.29 0.000614846
6.3 0.000951251
6.31 0.00130209
6.32 0.0016679
6.33 0.00204922
6.34 0.00244664
6.35 0.00286074
6.36 0.00329203
6.37 0.00374081
6.38 0.00420705
6.39 0.00469041
6.4 0.00519029
6.41 0.00570588
6.42 0.00623631
6.43 0.00678071
6.44 0.00733828
6.45 0.0079084
6.46 0.00849072
6.47 0.00908506
6.48 0.00969128
6.49 0.0103092
6.5 0.0109384
6.51 0.0115781
6.52 0.0122272
6.53 0.0128839
6.54 0.0135463
6.55 0.0142118
6.56 0.0148776
6.57 0.0155404
6.58 0.0161967
6.59 0.0168432
6.6 0.0174767
6.61 0.018094
6.62 0.0186927
6.63 0.0192706
6.64 0.0198257
6.65 0.0203566
6.66 0.0208617
6.67 0.0213396
6.68 0.0217887
6.69 0.0222076
6.7 0.022595
6.71 0.0229493
6.72 0.0232694
6.73 0.0235539
6.74 0.0238017
6.75 0.0240118
6.76 0.0241836
6.77 0.0243163
6.78 0.0244098
6.79 0.0244637
6.8 0.0244782
6.81 0.0244534
6.82 0.0243896
6.83 0.0242868
6.84 0.0241454
6.85 0.0239652
6.86 0.0237463
6.87 0.0234885
6.88 0.0231917
6.89 0.0228556
6.9 0.0224802
6.91 0.0220658
6.92 0.0216126
6.93 0.0211215
6.94 0.0205937
6.95 0.0200307
6.96 0.0194341
6.97 0.0188059
6.98 0.0181477
6.99 0.0174612
7 0.0167476
7.01 0.0160078
7.02 0.0152424
7.03 0.014452
7.04 0.0136371
7.05 0.0127982
7.06 0.0119364
7.07 0.011053
7.08 0.0101498
7.09 0.00922878
7.1 0.0082925
7.11 0.00734353
7.12 0.00638457
7.13 0.00541815
7.14 0.00444642
7.15 0.00347111
7.16 0.00249353
7.17 0.00151462
7.18 0.000535035
7.19 -0.000444715
7.2 -0.00142419
7.21 -0.0024029
7.22 -0.00338018
7.23 -0.00435506
7.24 -0.00532628
7.25 -0.00629226
7.26 -0.00725118
7.27 -0.0082011
7.28 -0.00914013
7.29 -0.0100665
7.3 -0.0109789
7.31 -0.011876
7.32 -0.012757
7.33 -0.0136215
7.34 -0.0144691
7.35 -0.0152995
7.36 -0.0161123
7.37 -0.0169068
7.38 -0.0176821
7.39 -0.0184369
7.4 -0.0191695
7.41 -0.0198783
7.42 -0.0205613
7.43 -0.0212167
7.44 -0.0218429
7.45 -0.0224388
7.46 -0.0230034
7.47 -0.0235363
7.48 -0.0240375
7.49 -0.0245074
7.5 -0.0249467
7.51 -0.0253566
7.52 -0.0257385
7.53 -0.0260937
7.54 -0.026424
7.55 -0.0267306
7.56 -0.0270149
7.57 -0.0272785
7.58 -0.0275226
7.59 -0.0277488
7.6 -0.0279586
7.61 -0.0281533
7.62 -0.0283343
7.63 -0.0285024
7.64 -0.0286581
7.65 -0.0288014
7.66 -0.0289317
7.67 -0.0290482
7.68 -0.0291491
7.69 -0.0292324
7.7 -0.0292953
7.71 -0.0293349
7.72 -0.0293481
7.73 -0.0293324
7.74 -0.0292853
7.75 -0.0292052
7.76 -0.029091
7.77 -0.0289417
7.78 -0.0287571
7.79 -0.0285371
7.8 -0.0282818
7.81 -0.027992
7.82 -0.0276685
7.83 -0.0273122
7.84 -0.0269247
7.85 -0.0265073
7.86 -0.0260618
7.87 -0.0255899
7.88 -0.0250934
7.89 -0.0245739
7.9 -0.0240331
7.91 -0.0234722
7.92 -0.0228925
7.93 -0.0222949
7.94 -0.0216799
7.95 -0.0210481
7.96 -0.0203996
7.97 -0.0197346
7.98 -0.0190529
7.99 -0.0183543
8 -0.0176387
8.01 -0.0169058
8.02 -0.0161558
8.03 -0.0153888
8.04 -0.0146052
8.05 -0.0138058
8.06 -0.0129917
8.07 -0.012164
8.08 -0.0113242
8.09 -0.0104741
8.1 -0.00961493
8.11 -0.0087482
8.12 -0.00787484
8.13 -0.00699548
8.14 -0.00611041
8.15 -0.00521962
8.16 -0.00432283
8.17 -0.00341957
8.18 -0.00250924
8.19 -0.00159124
8.2 -0.000665026
8.21 0.000269849
8.22 0.00121362
8.23 0.00216633
8.24 0.00312789
8.25 0.00409802
8.26 0.00507621
8.27 0.00606171
8.28 0.00705354
8.29 0.00805043
8.3 0.00905077
8.31 0.0100525
8.32 0.0110531
8.33 0.0120494
8.34 0.0130378
8.35 0.0140144
8.36 0.0149749
8.37 0.0159152
8.38 0.0168315
8.39 0.0177203
8.4 0.0185789
8.41 0.0194049
8.42 0.0201968
8.43 0.0209535
8.44 0.0216742
8.45 0.0223588
8.46 0.0230074
8.47 0.0236207
8.48 0.0241997
8.49 0.0247457
8.5 0.02526
8.51 0.0257441
8.52 0.0261995
8.53 0.0266272
8.54 0.0270279
8.55 0.0274021
8.56 0.0277496
8.57 0.0280702
8.58 0.0283634
8.59 0.0286287
8.6 0.0288655
8.61 0.0290732
8.62 0.0292516
8.63 0.0294005
8.64 0.0295202
8.65 0.0296111
8.66 0.0296744
8.67 0.029711
8.68 0.0297225
8.69 0.0297103
8.7 0.0296759
8.71 0.0296209
8.72 0.0295466
8.73 0.0294543
8.74 0.0293452
8.75 0.02922
8.76 0.0290793
8.77 0.0289235
8.78 0.0287523
8.79 0.0285655
8.8 0.0283623
8.81 0.0281418
8.82 0.0279028
8.83 0.0276441
8.84 0.0273646
8.85 0.0270633
8.86 0.0267394
8.87 0.0263923
8.88 0.0260217
8.89 0.0256272
8.9 0.0252091
8.91 0.0247678
8.92 0.0243038
8.93 0.0238182
8.94 0.0233116
8.95 0.0227852
8.96 0.0222396
8.97 0.0216758
8.98 0.0210943
8.99 0.0204959
9 0.0198809
9.01 0.0192494
9.02 0.0186014
9.03 0.0179365
9.04 0.017254
9.05 0.0165534
9.06 0.0158339
9.07 0.0150953
9.08 0.0143371
9.09 0.0135594
9.1 0.0127622
9.11 0.0119456
9.12 0.01111
9.13 0.0102554
9.14 0.00938223
9.15 0.00849074
9.16 0.00758143
9.17 0.00665506
9.18 0.00571275
9.19 0.00475609
9.2 0.00378712
9.21 0.00280841
9.22 0.00182309
9.23 0.000834774
9.24 -0.000152625
9.25 -0.00113511
9.26 -0.00210887
9.27 -0.00307043
9.28 -0.00401678
9.29 -0.00494549
9.3 -0.00585463
9.31 -0.00674253
9.32 -0.00760773
9.33 -0.00844887
9.34 -0.00926472
9.35 -0.0100541
9.36 -0.0108161
9.37 -0.0115495
9.38 -0.0122536
9.39 -0.0129275
9.4 -0.0135705
9.41 -0.0141823
9.42 -0.0147627
9.43 -0.0153119
9.44 -0.0158308
9.45 -0.0163206
9.46 -0.0167828
9.47 -0.0172193
9.48 -0.0176321
9.49 -0.0180228
9.5 -0.0183931
9.51 -0.0187442
9.52 -0.0190768
9.53 -0.0193914
9.54 -0.0196882
9.55 -0.0199674
9.56 -0.020229
9.57 -0.0204734
9.58 -0.020701
9.59 -0.0209125
9.6 -0.021109
9.61 -0.0212916
9.62 -0.0214613
9.63 -0.0216193
9.64 -0.0217661
9.65 -0.0219023
9.66 -0.0220278
9.67 -0.0221424
9.68 -0.0222455
9.69 -0.0223362
9.7 -0.0224135
9.71 -0.0224764
9.72 -0.0225238
9.73 -0.0225549
9.74 -0.022569
9.75 -0.0225659
9.76 -0.0225454
9.77 -0.0225078
9.78 -0.0224535
9.79 -0.0223832
9.8 -0.0222978
9.81 -0.0221985
9.82 -0.0220866
9.83 -0.0219635
9.84 -0.0218309
9.85 -0.0216906
9.86 -0.0215442
9.87 -0.0213935
9.88 -0.0212399
9.89 -0.0210849
9.9 -0.0209295
9.91 -0.0207748
9.92 -0.0206214
9.93 -0.0204694
9.94 -0.0203189
9.95 -0.0201695
9.96 -0.0200209
9.97 -0.0198724
9.98 -0.0197237
9.99 -0.0195744
10 -0.0194246
10.01 -0.0192744
10.02 -0.0191243
10.03 -0.0189749
10.04 -0.0188271
10.05 -0.0186815
10.06 -0.0185389
10.07 -0.0183996
10.08 -0.018264
10.09 -0.0181319
10.1 -0.0180034
10.11 -0.0178781
10.12 -0.0177556
10.13 -0.0176359
10.14 -0.0175188
10.15 -0.0174044
10.16 -0.017293
10.17 -0.0171848
10.18 -0.0170801
10.19 -0.0169789
10.2 -0.0168812
10.21 -0.0167867
10.22 -0.0166951
10.23 -0.0166059
10.24 -0.0165188
10.25 -0.0164331
10.26 -0.0163484
10.27 -0.0162644
10.28 -0.0161808
10.29 -0.0160974
10.3 -0.0160139
10.31 -0.0159302
10.32 -0.0158461
10.33 -0.0157611
10.34 -0.0156749
10.35 -0.015587
10.36 -0.0154971
10.37 -0.0154049
10.38 -0.01531
10.39 -0.0152118
10.4 -0.0151102
10.41 -0.0150045
10.42 -0.0148941
10.43 -0.0147782
10.44 -0.0146556
10.45 -0.0145253
10.46 -0.0143856
10.47 -0.0142353
10.48 -0.0140728
10.49 -0.013897
10.5 -0.0137069
10.51 -0.013502
10.52 -0.0132821
10.53 -0.0130472
10.54 -0.0127977
10.55 -0.012534
10.56 -0.0122568
10.57 -0.0119667
10.58 -0.0116643
10.59 -0.0113505
10.6 -0.0110259
10.61 -0.0106913
10.62 -0.0103476
10.63 -0.0099956
10.64 -0.00963641
10.65 -0.00927115
10.66 -0.00890107
10.67 -0.0085275
10.68 -0.00815176
10.69 -0.0077751
10.7 -0.00739861
10.71 -0.00702317
10.72 -0.00664948
10.73 -0.00627815
10.74 -0.00590962
10.75 -0.00554426
10.76 -0.0051824
10.77 -0.00482424
10.78 -0.00446991
10.79 -0.00411941
10.8 -0.00377266
10.81 -0.00342956
10.82 -0.00308994
10.83 -0.00275355
10.84 -0.00242011
10.85 -0.00208933
10.86 -0.00176099
10.87 -0.00143497
10.88 -0.00111127
10.89 -0.000789923
10.9 -0.000471041
10.91 -0.000154765
10.92 0.000158823
10.93 0.000469791
10.94 0.000778428
10.95 0.00108527
10.96 0.00139108
10.97 0.00169681
10.98 0.00200354
10.99 0.00231239
11 0.0026244
11.01 0.00294049
11.02 0.00326145
11.03 0.00358791
11.04 0.00392024
11.05 0.00425864
11.06 0.0046032
11.07 0.00495391
11.08 0.00531065
11.09 0.00567319
11.1 0.00604128
11.11 0.00641466
11.12 0.00679316
11.13 0.00717666
11.14 0.0075651
11.15 0.00795838
11.16 0.00835644
11.17 0.00875938
11.18 0.00916745
11.19 0.00958114
11.2 0.0100012
11.21 0.0104283
11.22 0.0108637
11.23 0.0113084
11.24 0.0117633
11.25 0.0122291
11.26 0.012706
11.27 0.0131936
11.28 0.0136912
11.29 0.0141979
11.3 0.0147123
11.31 0.0152333
11.32 0.0157597
11.33 0.0162901
11.34 0.0168237
11.35 0.0173598
11.36 0.017898
11.37 0.0184384
11.38 0.018981
11.39 0.019526
11.4 0.0200735
11.41 0.0206236
11.42 0.0211759
11.43 0.0217301
11.44 0.0222854
11.45 0.0228407
11.46 0.0233951
11.47 0.0239476
11.48 0.0244972
11.49 0.0250433
11.5 0.0255856
11.51 0.0261243
11.52 0.0266599
11.53 0.0271929
11.54 0.0277243
11.55 0.0282547
11.56 0.0287849
11.57 0.0293153
11.58 0.0298461
11.59 0.030377
11.6 0.0309079
11.61 0.0314385
11.62 0.0319689
11.63 0.0324995
11.64 0.033031
11.65 0.0335637
11.66 0.034098
11.67 0.0346344
11.68 0.0351733
11.69 0.0357149
11.7 0.0362593
11.71 0.0368065
11.72 0.037356
11.73 0.0379071
11.74 0.0384589
11.75 0.03901
11.76 0.0395588
11.77 0.0401029
11.78 0.0406398
11.79 0.0411663
11.8 0.041679
11.81 0.0421746
11.82 0.04265
11.83 0.0431026
11.84 0.0435299
11.85 0.0439298
11.86 0.0443005
11.87 0.0446404
11.88 0.0449478
11.89 0.0452213
11.9 0.0454593
11.91 0.0456606
11.92 0.0458238
11.93 0.045948
11.94 0.0460321
11.95 0.046075
11.96 0.0460759
11.97 0.0460339
11.98 0.0459484
11.99 0.0458188
12 0.0456452
12.01 0.0454277
12.02 0.0451665
12.03 0.0448625
12.04 0.0445166
12.05 0.0441302
12.06 0.0437049
12.07 0.0432423
12.08 0.042744
12.09 0.0422114
12.1 0.0416458
12.11 0.0410482
12.12 0.0404193
12.13 0.0397596
12.14 0.0390691
12.15 0.0383478
12.16 0.0375952
12.17 0.0368107
12.18 0.0359939
12.19 0.0351442
12.2 0.0342611
12.21 0.0333441
12.22 0.032393
12.23 0.0314078
12.24 0.0303884
12.25 0.0293348
12.26 0.0282474
12.27 0.0271268
12.28 0.0259736
12.29 0.0247887
12.3 0.0235732
12.31 0.0223284
12.32 0.0210558
12.33 0.0197573
12.34 0.0184349
12.35 0.017091
12.36 0.0157282
12.37 0.0143492
12.38 0.0129572
12.39 0.0115553
12.4 0.010147
12.41 0.00873576
12.42 0.00732505
12.43 0.00591813
12.44 0.0045182
12.45 0.00312843
12.46 0.00175188
12.47 0.000391645
12.48 -0.000949
12.49 -0.00226639
12.5 -0.00355645
12.51 -0.00481466
12.52 -0.00603612
12.53 -0.00721568
12.54 -0.00834812
12.55 -0.00942839
12.56 -0.0104517
12.57 -0.0114137
12.58 -0.0123103
12.59 -0.0131378
12.6 -0.0138926
12.61 -0.0145711
12.62 -0.0151702
12.63 -0.0156871
12.64 -0.0161194
12.65 -0.0164652
12.66 -0.016723
12.67 -0.0168922
12.68 -0.0169721
12.69 -0.0169627
12.7 -0.0168648
12.71 -0.016679
12.72 -0.0164069
12.73 -0.0160499
12.74 -0.0156098
12.75 -0.0150886
12.76 -0.0144881
12.77 -0.0138104
12.78 -0.0130573
12.79 -0.012231
12.8 -0.0113334
12.81 -0.0103667
12.82 -0.00933315
12.83 -0.00823526
12.84 -0.00707568
12.85 -0.00585711
12.86 -0.00458224
12.87 -0.00325371
12.88 -0.00187401
12.89 -0.0004454
12.9 0.00103007
12.91 0.00255046
12.92 0.00411385
12.93 0.00571824
12.94 0.00736152
12.95 0.00904144
12.96 0.0107556
12.97 0.0125013
12.98 0.014276
12.99 0.0160769
13 0.0179012
13.01 0.0197462
13.02 0.0216092
13.03 0.0234878
13.04 0.0253798
13.05 0.0272829
13.06 0.0291949
13.07 0.0311134
13.08 0.0330357
13.09 0.034959
13.1 0.0368802
13.11 0.0387958
13.12 0.0407023
13.13 0.0425961
13.14 0.0444737
13.15 0.0463316
13.16 0.0481676
13.17 0.0499812
13.18 0.0517722
13.19 0.0535405
13.2 0.055286
13.21 0.0570086
13.22 0.0587082
13.23 0.0603847
13.24 0.062038
13.25 0.063668
13.26 0.0652743
13.27 0.0668566
13.28 0.0684143
13.29 0.069947
13.3 0.0714539
13.31 0.0729342
13.32 0.0743867
13.33 0.0758103
13.34 0.0772036
13.35 0.078565
13.36 0.0798933
13.37 0.0811871
13.38 0.0824453
13.39 0.0836668
13.4 0.084851
13.41 0.0859971
13.42 0.0871048
13.43 0.0881739
13.44 0.0892047
13.45 0.0901973
13.46 0.0911524
13.47 0.0920708
13.48 0.0929535
13.49 0.0938015
13.5 0.0946162
13.51 0.0953987
13.52 0.0961505
13.53 0.096873
13.54 0.0975678
13.55 0.0982364
13.56 0.0988806
13.57 0.0995021
13.58 0.100103
13.59 0.100683
13.6 0.101246
13.61 0.101791
13.62 0.10232
13.63 0.102833
13.64 0.103331
13.65 0.103816
13.66 0.104288
13.67 0.104748
13.68 0.105196
13.69 0.105635
13.7 0.106063
13.71 0.106481
13.72 0.10689
13.73 0.10729
13.74 0.10768
13.75 0.108059
13.76 0.108427
13.77 0.108783
13.78 0.109125
13.79 0.109451
13.8 0.109759
13.81 0.110045
13.82 0.110307
13.83 0.11054
13.84 0.110742
13.85 0.110911
13.86 0.111043
13.87 0.111138
13.88 0.111196
13.89 0.111214
13.9 0.111191
13.91 0.111128
13.92 0.111022
13.93 0.110873
13.94 0.110679
13.95 0.110441
13.96 0.110156
13.97 0.109825
13.98 0.109447
13.99 0.109021
14 0.108546
14.01 0.108023
14.02 0.10745
14.03 0.106827
14.04 0.106154
14.05 0.10543
14.06 0.104656
14.07 0.10383
14.08 0.102954
14.09 0.102026
14.1 0.101045
14.11 0.100012
14.12 0.0989237
14.13 0.0977803
14.14 0.0965798
14.15 0.0953202
14.16 0.0939995
14.17 0.0926156
14.18 0.0911664
14.19 0.0896499
14.2 0.0880643
14.21 0.0864079
14.22 0.0846792
14.23 0.0828766
14.24 0.0809984
14.25 0.0790432
14.26 0.0770093
14.27 0.0748953
14.28 0.0726997
14.29 0.0704216
14.3 0.06806
14.31 0.0656148
14.32 0.063086
14.33 0.0604743
14.34 0.0577808
14.35 0.0550069
14.36 0.0521538
14.37 0.0492228
14.38 0.046215
14.39 0.0431296
14.4 0.0399632
14.41 0.0367122
14.42 0.0333738
14.43 0.0299455
14.44 0.0264248
14.45 0.0228099
14.46 0.0190995
14.47 0.0152926
14.48 0.0113888
14.49 0.00738776
14.5 0.00328925
14.51 -0.000906872
14.52 -0.00520084
14.53 -0.00959304
14.54 -0.014084
14.55 -0.0186742
14.56 -0.0233644
14.57 -0.0281552
14.58 -0.0330473
14.59 -0.0380415
14.6 -0.0431382
14.61 -0.0483377
14.62 -0.0536399
14.63 -0.0590438
14.64 -0.064548
14.65 -0.0701501
14.66 -0.0758467
14.67 -0.0816339
14.68 -0.0875075
14.69 -0.0934633
14.7 -0.0994973
14.71 -0.105606
14.72 -0.111786
14.73 -0.118032
14.74 -0.12434
14.75 -0.130702
14.76 -0.137112
14.77 -0.143563
14.78 -0.150048
14.79 -0.15656
14.8 -0.163092
14.81 -0.169638
14.82 -0.176191
14.83 -0.182743
14.84 -0.189288
14.85 -0.19582
14.86 -0.202332
14.87 -0.208818
14.88 -0.21527
14.89 -0.221684
14.9 -0.22805
14.91 -0.234364
14.92 -0.240618
14.93 -0.246805
14.94 -0.252918
14.95 -0.25895
14.96 -0.264894
14.97 -0.270743
14.98 -0.276492
14.99 -0.282135
15 -0.287669
15.01 -0.293091
15.02 -0.298401
15.03 -0.303599
15.04 -0.308686
15.05 -0.313666
15.06 -0.31854
15.07 -0.323313
15.08 -0.32799
15.09 -0.332575
15.1 -0.337072
15.11 -0.341486
15.12 -0.345822
15.13 -0.350083
15.14 -0.354276
15.15 -0.358404
15.16 -0.362472
15.17 -0.366484
15.18 -0.370443
15.19 -0.374352
15.2 -0.378214
15.21 -0.382031
15.22 -0.385806
15.23 -0.389541
15.24 -0.39324
15.25 -0.396906
15.26 -0.400542
15.27 -0.404153
15.28 -0.407744
15.29 -0.411319
15.3 -0.414882
15.31 -0.418437
15.32 -0.421988
15.33 -0.425536
15.34 -0.429085
15.35 -0.432635
15.36 -0.436191
15.37 -0.439753
15.38 -0.443326
15.39 -0.44691
15.4 -0.450509
15.41 -0.454125
15.42 -0.457759
15.43 -0.461412
15.44 -0.465085
15.45 -0.468778
15.46 -0.472491
15.47 -0.476223
15.48 -0.479973
15.49 -0.483737
15.5 -0.487513
15.51 -0.491296
15.52 -0.495082
15.53 -0.498865
15.54 -0.502639
15.55 -0.5064
15.56 -0.510142
15.57 -0.513858
15.58 -0.517545
15.59 -0.521197
15.6 -0.524808
15.61 -0.528373
15.62 -0.531886
15.63 -0.535343
15.64 -0.538737
15.65 -0.542064
15.66 -0.545317
15.67 -0.548492
15.68 -0.551583
15.69 -0.554585
15.7 -0.557492
15.71 -0.5603
15.72 -0.563003
15.73 -0.565595
15.74 -0.568072
15.75 -0.570429
15.76 -0.572659
15.77 -0.574757
15.78 -0.576719
15.79 -0.578538
15.8 -0.58021
15.81 -0.58173
15.82 -0.583094
15.83 -0.584296
15.84 -0.585333
15.85 -0.586202
15.86 -0.5869
15.87 -0.587424
15.88 -0.58777
15.89 -0.587938
15.9 -0.587923
15.91 -0.587725
15.92 -0.587341
15.93 -0.586771
15.94 -0.586013
15.95 -0.585066
15.96 -0.58393
15.97 -0.582605
15.98 -0.581092
15.99 -0.579393
16 -0.57751
16.01 -0.575446
16.02 -0.573205
16.03 -0.570793
16.04 -0.568215
16.05 -0.56548
16.06 -0.562594
16.07 -0.559568
16.08 -0.55641
16.09 -0.55313
16.1 -0.549735
16.11 -0.546236
16.12 -0.542642
16.13 -0.538962
16.14 -0.535206
16.15 -0.531383
16.16 -0.527504
16.17 -0.523578
16.18 -0.519613
16.19 -0.515617
16.2 -0.511592
16.21 -0.507544
16.22 -0.503478
16.23 -0.4994
16.24 -0.495311
16.25 -0.491217
16.26 -0.487118
16.27 -0.483017
16.28 -0.478914
16.29 -0.474811
16.3 -0.470707
16.31 -0.466602
16.32 -0.462498
16.33 -0.458394
16.34 -0.454291
16.35 -0.450187
16.36 -0.446083
16.37 -0.441978
16.38 -0.437872
16.39 -0.433765
16.4 -0.429656
16.41 -0.425544
16.42 -0.42143
16.43 -0.417312
16.44 -0.41319
16.45 -0.409064
16.46 -0.404933
16.47 -0.400798
16.48 -0.396657
16.49 -0.392512
16.5 -0.38836
16.51 -0.384203
16.52 -0.38004
16.53 -0.375871
16.54 -0.371696
16.55 -0.367514
16.56 -0.363325
16.57 -0.35913
16.58 -0.354928
16.59 -0.35072
16.6 -0.346506
16.61 -0.342286
16.62 -0.338063
16.63 -0.333836
16.64 -0.329608
16.65 -0.325381
16.66 -0.321156
16.67 -0.316937
16.68 -0.312727
16.69 -0.308529
16.7 -0.304346
16.71 -0.300184
16.72 -0.296044
16.73 -0.29193
16.74 -0.287845
16.75 -0.28379
16.76 -0.279766
16.77 -0.275776
16.78 -0.27182
16.79 -0.267899
16.8 -0.264014
16.81 -0.260165
16.82 -0.256352
16.83 -0.252576
16.84 -0.248837
16.85 -0.245134
16.86 -0.241468
16.87 -0.237839
16.88 -0.234247
16.89 -0.230692
16.9 -0.227176
16.91 -0.2237
16.92 -0.220263
16.93 -0.216867
16.94 -0.213513
16.95 -0.210201
16.96 -0.206933
16.97 -0.203708
16.98 -0.200527
16.99 -0.197391
17 -0.1943
17.01 -0.191253
17.02 -0.188252
17.03 -0.185296
17.04 -0.182385
17.05 -0.17952
17.06 -0.176702
17.07 -0.17393
17.08 -0.171206
17.09 -0.168528
17.1 -0.165897
17.11 -0.163314
17.12 -0.160778
17.13 -0.158291
17.14 -0.155852
17.15 -0.153461
17.16 -0.151119
17.17 -0.148826
17.18 -0.146582
17.19 -0.144387
17.2 -0.142242
17.21 -0.140147
17.22 -0.138102
17.23 -0.136106
17.24 -0.134161
17.25 -0.132266
17.26 -0.130422
17.27 -0.128628
17.28 -0.126886
17.29 -0.125196
17.3 -0.123559
17.31 -0.121975
17.32 -0.120445
17.33 -0.11897
17.34 -0.11755
17.35 -0.116186
17.36 -0.11488
17.37 -0.113633
17.38 -0.112446
17.39 -0.111323
17.4 -0.110264
17.41 -0.109275
17.42 -0.108358
17.43 -0.107518
17.44 -0.106757
17.45 -0.106079
17.46 -0.105487
17.47 -0.104983
17.48 -0.104569
17.49 -0.104246
17.5 -0.104015
17.51 -0.103878
17.52 -0.103836
17.53 -0.103889
17.54 -0.104041
17.55 -0.10429
17.56 -0.104639
17.57 -0.105087
17.58 -0.105635
17.59 -0.106282
17.6 -0.107028
17.61 -0.107872
17.62 -0.10881
17.63 -0.109841
17.64 -0.110962
17.65 -0.11217
17.66 -0.11346
17.67 -0.114828
17.68 -0.11627
17.69 -0.117781
17.7 -0.119356
17.71 -0.120991
17.72 -0.122682
17.73 -0.124423
17.74 -0.126212
17.75 -0.128044
17.76 -0.129916
17.77 -0.131823
17.78 -0.13376
17.79 -0.135721
17.8 -0.137702
17.81 -0.139697
17.82 -0.141698
17.83 -0.1437
17.84 -0.145698
17.85 -0.147684
17.86 -0.149654
17.87 -0.151602
17.88 -0.153523
17.89 -0.15541
17.9 -0.157261
17.91 -0.159071
17.92 -0.160836
17.93 -0.162555
17.94 -0.164223
17.95 -0.16584
17.96 -0.167401
17.97 -0.168908
17.98 -0.170359
17.99 -0.171755
18 -0.173098
18.01 -0.174386
18.02 -0.175621
18.03 -0.176802
18.04 -0.177931
18.05 -0.179006
18.06 -0.180029
18.07 -0.180999
18.08 -0.181916
18.09 -0.18278
18.1 -0.183593
18.11 -0.184353
18.12 -0.185061
18.13 -0.185718
18.14 -0.186323
18.15 -0.186877
18.16 -0.187378
18.17 -0.187828
18.18 -0.188224
18.19 -0.188568
18.2 -0.188856
18.21 -0.18909
18.22 -0.189267
18.23 -0.189386
18.24 -0.189447
18.25 -0.189449
18.26 -0.189391
18.27 -0.189273
18.28 -0.189094
18.29 -0.188853
18.3 -0.18855
18.31 -0.188186
18.32 -0.187758
18.33 -0.187267
18.34 -0.186713
18.35 -0.186095
18.36 -0.185414
18.37 -0.184669
18.38 -0.183862
18.39 -0.182993
18.4 -0.182063
18.41 -0.181072
18.42 -0.180021
18.43 -0.178909
18.44 -0.177738
18.45 -0.176507
18.46 -0.175217
18.47 -0.173866
18.48 -0.172454
18.49 -0.170982
18.5 -0.169449
18.51 -0.167854
18.52 -0.166198
18.53 -0.164482
18.54 -0.162707
18.55 -0.160873
18.56 -0.158982
18.57 -0.157035
18.58 -0.155036
18.59 -0.152984
18.6 -0.150883
18.61 -0.148735
18.62 -0.146541
18.63 -0.144304
18.64 -0.142025
18.65 -0.139707
18.66 -0.137351
18.67 -0.134962
18.68 -0.132541
18.69 -0.130093
18.7 -0.127623
18.71 -0.125136
18.72 -0.122637
18.73 -0.120129
18.74 -0.117618
18.75 -0.115107
18.76 -0.1126
18.77 -0.110104
18.78 -0.10762
18.79 -0.105155
18.8 -0.102713
18.81 -0.100297
18.82 -0.0979126
18.83 -0.0955643
18.84 -0.0932568
18.85 -0.0909947
18.86 -0.0887829
18.87 -0.086626
18.88 -0.0845288
18.89 -0.082496
18.9 -0.0805317
18.91 -0.0786398
18.92 -0.0768236
18.93 -0.0750857
18.94 -0.073428
18.95 -0.0718523
18.96 -0.0703599
18.97 -0.0689526
18.98 -0.0676318
18.99 -0.0663994
19 -0.0652575
19.01 -0.0642088
19.02 -0.0632559
19.03 -0.0624021
19.04 -0.0616504
19.05 -0.0610038
19.06 -0.0604652
19.07 -0.0600369
19.08 -0.059721
19.09 -0.0595191
19.1 -0.0594327
19.11 -0.0594631
19.12 -0.0596117
19.13 -0.0598802
19.14 -0.0602701
19.15 -0.0607829
19.16 -0.0614199
19.17 -0.0621817
19.18 -0.0630682
19.19 -0.0640782
19.2 -0.0652097
19.21 -0.0664598
19.22 -0.0678246
19.23 -0.0692999
19.24 -0.0708808
19.25 -0.0725628
19.26 -0.0743414
19.27 -0.0762131
19.28 -0.0781745
19.29 -0.0802228
19.3 -0.0823547
19.31 -0.0845667
19.32 -0.0868547
19.33 -0.0892145
19.34 -0.0916411
19.35 -0.094129
19.36 -0.0966723
19.37 -0.0992647
19.38 -0.1019
19.39 -0.104571
19.4 -0.107272
19.41 -0.109996
19.42 -0.112737
19.43 -0.115489
19.44 -0.118245
19.45 -0.120999
19.46 -0.123744
19.47 -0.126475
19.48 -0.129191
19.49 -0.131888
19.5 -0.134563
19.51 -0.137215
19.52 -0.139842
19.53 -0.142439
19.54 -0.145007
19.55 -0.147542
19.56 -0.150045
19.57 -0.152515
19.58 -0.154951
19.59 -0.157353
19.6 -0.159721
19.61 -0.162055
19.62 -0.164355
19.63 -0.166621
19.64 -0.168854
19.65 -0.171055
19.66 -0.173222
19.67 -0.175357
19.68 -0.17746
19.69 -0.179532
19.7 -0.181574
19.71 -0.183586
19.72 -0.18557
19.73 -0.187526
19.74 -0.189455
19.75 -0.191358
19.76 -0.193236
19.77 -0.195089
19.78 -0.196917
19.79 -0.198721
19.8 -0.200499
19.81 -0.202252
19.82 -0.203981
19.83 -0.205685
19.84 -0.207365
19.85 -0.209021
19.86 -0.210654
19.87 -0.212264
19.88 -0.213854
19.89 -0.215423
19.9 -0.216972
19.91 -0.218503
19.92 -0.220015
19.93 -0.22151
19.94 -0.222987
19.95 -0.224446
19.96 -0.225888
19.97 -0.227313
19.98 -0.228723
19.99 -0.230118
20 -0.231499
20.01 -0.232868
20.02 -0.234225
20.03 -0.235572
20.04 -0.23691
20.05 -0.238239
20.06 -0.239558
20.07 -0.240868
20.08 -0.242166
20.09 -0.243451
20.1 -0.244722
20.11 -0.245975
20.12 -0.247208
20.13 -0.248418
20.14 -0.249604
20.15 -0.250763
20.16 -0.251891
20.17 -0.252988
20.18 -0.254052
20.19 -0.255079
20.2 -0.256069
20.21 -0.257022
20.22 -0.257935
20.23 -0.258808
20.24 -0.25964
20.25 -0.260429
20.26 -0.261177
20.27 -0.26188
20.28 -0.26254
20.29 -0.263155
20.3 -0.263726
20.31 -0.264253
20.32 -0.264736
20.33 -0.265176
20.34 -0.265573
20.35 -0.265927
20.36 -0.26624
20.37 -0.266511
20.38 -0.26674
20.39 -0.266927
20.4 -0.267071
20.41 -0.26717
20.42 -0.267224
20.43 -0.26723
20.44 -0.267186
20.45 -0.26709
20.46 -0.266942
20.47 -0.266738
20.48 -0.266477
20.49 -0.266158
20.5 -0.26578
20.51 -0.26534
20.52 -0.264837
20.53 -0.264269
20.54 -0.263636
20.55 -0.262935
20.56 -0.262166
20.57 -0.261328
20.58 -0.26042
20.59 -0.259442
20.6 -0.258394
20.61 -0.257278
20.62 -0.256096
20.63 -0.254848
20.64 -0.253538
20.65 -0.252167
20.66 -0.250737
20.67 -0.249251
20.68 -0.247711
20.69 -0.246119
20.7 -0.244478
20.71 -0.242788
20.72 -0.241053
20.73 -0.239275
20.74 -0.237454
20.75 -0.235595
20.76 -0.233698
20.77 -0.231766
20.78 -0.229801
20.79 -0.227805
20.8 -0.22578
20.81 -0.223727
20.82 -0.221646
20.83 -0.219538
20.84 -0.217404
20.85 -0.215244
20.86 -0.213058
20.87 -0.210847
20.88 -0.208613
20.89 -0.206358
20.9 -0.204082
20.91 -0.201788
20.92 -0.199474
20.93 -0.197141
20.94 -0.194787
20.95 -0.192413
20.96 -0.190018
20.97 -0.187603
20.98 -0.185167
20.99 -0.182712
21 -0.180238
21.01 -0.177747
21.02 -0.175242
21.03 -0.172723
21.04 -0.170195
21.05 -0.167659
21.06 -0.165118
21.07 -0.162574
21.08 -0.160031
21.09 -0.157489
21.1 -0.154953
21.11 -0.152424
21.12 -0.149904
21.13 -0.147394
21.14 -0.144897
21.15 -0.142412
21.16 -0.139942
21.17 -0.137486
21.18 -0.135047
21.19 -0.132623
21.2 -0.130218
21.21 -0.12783
21.22 -0.125462
21.23 -0.123113
21.24 -0.120786
21.25 -0.11848
21.26 -0.116195
21.27 -0.113933
21.28 -0.111694
21.29 -0.109477
21.3 -0.107281
21.31 -0.105108
21.32 -0.102955
21.33 -0.100824
21.34 -0.0987139
21.35 -0.0966249
21.36 -0.0945575
21.37 -0.0925122
21.38 -0.0904899
21.39 -0.0884917
21.4 -0.0865189
21.41 -0.084573
21.42 -0.0826558
21.43 -0.080769
21.44 -0.0789145
21.45 -0.0770938
21.46 -0.0753086
21.47 -0.0735601
21.48 -0.0718497
21.49 -0.0701785
21.5 -0.0685477
21.51 -0.0669585
21.52 -0.0654122
21.53 -0.0639098
21.54 -0.0624526
21.55 -0.0610414
21.56 -0.0596775
21.57 -0.0583619
21.58 -0.057096
21.59 -0.0558812
21.6 -0.0547192
21.61 -0.0536116
21.62 -0.0525602
21.63 -0.0515664
21.64 -0.0506313
21.65 -0.0497559
21.66 -0.0489407
21.67 -0.0481859
21.68 -0.0474917
21.69 -0.0468579
21.7 -0.0462843
21.71 -0.0457711
21.72 -0.045318
21.73 -0.0449251
21.74 -0.044592
21.75 -0.0443183
21.76 -0.0441034
21.77 -0.0439463
21.78 -0.0438459
21.79 -0.043801
21.8 -0.0438102
21.81 -0.0438726
21.82 -0.0439869
21.83 -0.0441524
21.84 -0.0443687
21.85 -0.0446354
21.86 -0.0449523
21.87 -0.0453194
21.88 -0.045737
21.89 -0.0462052
21.9 -0.0467243
21.91 -0.0472944
21.92 -0.0479154
21.93 -0.0485871
21.94 -0.0493089
21.95 -0.05008
21.96 -0.0508997
21.97 -0.0517671
21.98 -0.0526819
21.99 -0.0536436
22 -0.0546524
22.01 -0.0557087
22.02 -0.0568132
22.03 -0.0579666
22.04 -0.0591696
22.05 -0.0604224
22.06 -0.0617245
22.07 -0.0630747
22.08 -0.0644711
22.09 -0.0659117
22.1 -0.0673938
22.11 -0.0689149
22.12 -0.070472
22.13 -0.0720622
22.14 -0.0736824
22.15 -0.0753298
22.16 -0.0770016
22.17 -0.0786953
22.18 -0.0804083
22.19 -0.0821382
22.2 -0.0838826
22.21 -0.085639
22.22 -0.0874047
22.23 -0.0891767
22.24 -0.0909519
22.25 -0.0927273
22.26 -0.0944995
22.27 -0.0962652
22.28 -0.0980215
22.29 -0.0997651
22.3 -0.101494
22.31 -0.103204
22.32 -0.104896
22.33 -0.106566
22.34 -0.108215
22.35 -0.109842
22.36 -0.11145
22.37 -0.113039
22.38 -0.11461
22.39 -0.116163
22.4 -0.117699
22.41 -0.119219
22.42 -0.120723
22.43 -0.12221
22.44 -0.123681
22.45 -0.125135
22.46 -0.126573
22.47 -0.127992
22.48 -0.129393
22.49 -0.130774
22.5 -0.132134
22.51 -0.133472
22.52 -0.134784
22.53 -0.13607
22.54 -0.137326
22.55 -0.138551
22.56 -0.139743
22.57 -0.140898
22.58 -0.142015
22.59 -0.143091
22.6 -0.144124
22.61 -0.14511
22.62 -0.146048
22.63 -0.146936
22.64 -0.147771
22.65 -0.148551
22.66 -0.149276
22.67 -0.149942
22.68 -0.15055
22.69 -0.151099
22.7 -0.151588
22.71 -0.152016
22.72 -0.152383
22.73 -0.152687
22.74 -0.152927
22.75 -0.153103
22.76 -0.153213
22.77 -0.153256
22.78 -0.153231
22.79 -0.153139
22.8 -0.152977
22.81 -0.152747
22.82 -0.152447
22.83 -0.152078
22.84 -0.151639
22.85 -0.15113
22.86 -0.150552
22.87 -0.149905
22.88 -0.14919
22.89 -0.148407
22.9 -0.147557
22.91 -0.146642
22.92 -0.145664
22.93 -0.144624
22.94 -0.143523
22.95 -0.142366
22.96 -0.141154
22.97 -0.139889
22.98 -0.138576
22.99 -0.137216
23 -0.135812
23.01 -0.134366
23.02 -0.13288
23.03 -0.131354
23.04 -0.129792
23.05 -0.128192
23.06 -0.126558
23.07 -0.124889
23.08 -0.123188
23.09 -0.121457
23.1 -0.119697
23.11 -0.117912
23.12 -0.116104
23.13 -0.114275
23.14 -0.112428
23.15 -0.110565
23.16 -0.108689
23.17 -0.106803
23.18 -0.104908
23.19 -0.103007
23.2 -0.101102
23.21 -0.0991952
23.22 -0.0972892
23.23 -0.0953859
23.24 -0.0934876
23.25 -0.0915965
23.26 -0.0897147
23.27 -0.0878436
23.28 -0.0859826
23.29 -0.0841312
23.3 -0.082289
23.31 -0.0804554
23.32 -0.0786301
23.33 -0.0768124
23.34 -0.075002
23.35 -0.0731985
23.36 -0.0714017
23.37 -0.0696115
23.38 -0.0678278
23.39 -0.066051
23.4 -0.0642815
23.41 -0.0625201
23.42 -0.0607677
23.43 -0.0590254
23.44 -0.0572947
23.45 -0.0555771
23.46 -0.0538742
23.47 -0.0521874
23.48 -0.0505181
23.49 -0.0488673
23.5 -0.0472358
23.51 -0.0456242
23.52 -0.044033
23.53 -0.0424626
23.54 -0.0409135
23.55 -0.0393862
23.56 -0.0378808
23.57 -0.0363976
23.58 -0.0349369
23.59 -0.0334985
23.6 -0.0320825
23.61 -0.0306888
23.62 -0.0293174
23.63 -0.0279679
23.64 -0.02664
23.65 -0.0253334
23.66 -0.0240475
23.67 -0.022782
23.68 -0.0215365
23.69 -0.0203109
23.7 -0.0191051
23.71 -0.0179193
23.72 -0.0167538
23.73 -0.0156091
23.74 -0.0144859
23.75 -0.0133851
23.76 -0.0123078
23.77 -0.0112556
23.78 -0.0102305
23.79 -0.00923466
23.8 -0.00827066
23.81 -0.00734109
23.82 -0.00644851
23.83 -0.00559543
23.84 -0.00478427
23.85 -0.00401744
23.86 -0.00329725
23.87 -0.00262599
23.88 -0.00200588
23.89 -0.00143918
23.9 -0.000928192
23.91 -0.000475408
23.92 -8.34704e-05
23.93 0.000244916
23.94 0.000507089
23.95 0.000700484
23.96 0.000822723
23.97 0.000871714
23.98 0.000845763
23.99 0.000743708
24 0.000565009
24.01 0.000309682
24.02 -2.18149e-05
24.03 -0.000428569
24.04 -0.000909085
24.05 -0.00146118
24.06 -0.00208196
24.07 -0.00276788
24.08 -0.00351504
24.09 -0.00431937
24.1 -0.00517685
24.11 -0.00608353
24.12 -0.00703572
24.13 -0.00803011
24.14 -0.00906386
24.15 -0.0101346
24.16 -0.0112406
24.17 -0.0123803
24.18 -0.0135525
24.19 -0.0147558
24.2 -0.0159889
24.21 -0.0172507
24.22 -0.0185401
24.23 -0.0198561
24.24 -0.0211977
24.25 -0.022564
24.26 -0.0239542
24.27 -0.0253676
24.28 -0.0268035
24.29 -0.0282616
24.3 -0.0297417
24.31 -0.0312438
24.32 -0.032768
24.33 -0.034314
24.34 -0.0358813
24.35 -0.0374686
24.36 -0.039074
24.37 -0.0406956
24.38 -0.0423308
24.39 -0.0439771
24.4 -0.0456316
24.41 -0.0472915
24.42 -0.0489542
24.43 -0.050617
24.44 -0.0522775
24.45 -0.0539335
24.46 -0.0555828
24.47 -0.057223
24.48 -0.0588518
24.49 -0.060467
24.5 -0.062066
24.51 -0.0636473
24.52 -0.0652102
24.53 -0.0667547
24.54 -0.0682803
24.55 -0.069787
24.56 -0.0712746
24.57 -0.0727431
24.58 -0.0741929
24.59 -0.0756243
24.6 -0.0770377
24.61 -0.0784337
24.62 -0.0798126
24.63 -0.0811749
24.64 -0.082521
24.65 -0.0838511
24.66 -0.0851653
24.67 -0.0864632
24.68 -0.0877446
24.69 -0.0890087
24.7 -0.0902547
24.71 -0.0914815
24.72 -0.0926882
24.73 -0.0938735
24.74 -0.0950363
24.75 -0.0961755
24.76 -0.0972898
24.77 -0.0983779
24.78 -0.0994384
24.79 -0.10047
24.8 -0.101473
24.81 -0.102445
24.82 -0.103387
24.83 -0.104297
24.84 -0.105176
24.85 -0.106023
24.86 -0.106839
24.87 -0.107624
24.88 -0.108378
24.89 -0.1091
24.9 -0.109793
24.91 -0.110457
24.92 -0.111093
24.93 -0.111703
24.94 -0.112286
24.95 -0.112846
24.96 -0.113383
24.97 -0.113898
24.98 -0.114394
24.99 -0.114871
25 -0.11533
