0.01 3.17771e-09
0.02 1.53152e-08
0.03 3.78506e-08
0.04 6.84699e-08
0.05 1.04904e-07
0.06 1.44951e-07
0.07 1.86489e-07
0.08 2.27477e-07
0.09 2.65934e-07
0.1 2.99939e-07
0.11 3.27652e-07
0.12 3.47314e-07
0.13 3.57209e-07
0.14 3.55607e-07
0.15 3.40752e-07
0.16 3.10918e-07
0.17 2.64457e-07
0.18 1.99813e-07
0.19 1.1553e-07
0.2 1.0266e-08
0.21 -1.17198e-07
0.22 -2.67952e-07
0.23 -4.42969e-07
0.24 -6.43112e-07
0.25 -8.69178e-07
0.26 -1.12195e-06
0.27 -1.40224e-06
0.28 -1.71075e-06
0.29 -2.04782e-06
0.3 -2.41333e-06
0.31 -2.80661e-06
0.32 -3.22648e-06
0.33 -3.67095e-06
0.34 -4.13721e-06
0.35 -4.62184e-06
0.36 -5.12108e-06
0.37 -5.63089e-06
0.38 -6.14763e-06
0.39 -6.66875e-06
0.4 -7.19342e-06
0.41 -7.72284e-06
0.42 -8.25981e-06
0.43 -8.8081e-06
0.44 -9.37256e-06
0.45 -9.95891e-06
0.46 -1.05734e-05
0.47 -1.12221e-05
0.48 -1.19108e-05
0.49 -1.26442e-05
0.5 -1.34263e-05
0.51 -1.42603e-05
0.52 -1.5149e-05
0.53 -1.60945e-05
0.54 -1.70982e-05
0.55 -1.81612e-05
0.56 -1.92841e-05
0.57 -2.04671e-05
0.58 -2.17103e-05
0.59 -2.30135e-05
0.6 -2.43768e-05
0.61 -2.57996e-05
0.62 -2.72814e-05
0.63 -2.88216e-05
0.64 -3.04193e-05
0.65 -3.20739e-05
0.66 -3.37845e-05
0.67 -3.55509e-05
0.68 -3.73729e-05
0.69 -3.92505e-05
0.7 -4.11839e-05
0.71 -4.31728e-05
0.72 -4.52163e-05
0.73 -4.7312e-05
0.74 -4.94552e-05
0.75 -5.1639e-05
0.76 -5.3853e-05
0.77 -5.60845e-05
0.78 -5.83191e-05
0.79 -6.05432e-05
0.8 -6.27457e-05
0.81 -6.49181e-05
0.82 -6.70546e-05
0.83 -6.91509e-05
0.84 -7.12047e-05
0.85 -7.32174e-05
0.86 -7.51927e-05
0.87 -7.71335e-05
0.88 -7.90376e-05
0.89 -8.08974e-05
0.9 -8.27019e-05
0.91 -8.44385e-05
0.92 -8.60942e-05
0.93 -8.76579e-05
0.94 -8.91226e-05
0.95 -9.04873e-05
0.96 -9.1757e-05
0.97 -9.29423e-05
0.98 -9.40548e-05
0.99 -9.51011e-05
1 -9.60818e-05
1.01 -9.69917e-05
1.02 -9.78197e-05
1.03 -9.85501e-05
1.04 -9.91648e-05
1.05 -9.96457e-05
1.06 -9.99779e-05
1.07 -0.000100151
1.08 -0.00010016
1.09 -9.99968e-05
1.1 -9.96568e-05
1.11 -9.91351e-05
1.12 -9.8427e-05
1.13 -9.75261e-05
1.14 -9.64251e-05
1.15 -9.51167e-05
1.16 -9.35959e-05
1.17 -9.18623e-05
1.18 -8.99225e-05
1.19 -8.77882e-05
1.2 -8.54729e-05
1.21 -8.29937e-05
1.22 -8.03719e-05
1.23 -7.76311e-05
1.24 -7.47909e-05
1.25 -7.18596e-05
1.26 -6.88291e-05
1.27 -6.56801e-05
1.28 -6.23915e-05
1.29 -5.89432e-05
1.3 -5.53168e-05
1.31 -5.15006e-05
1.32 -4.7492e-05
1.33 -4.32949e-05
1.34 -3.89144e-05
1.35 -3.43533e-05
1.36 -2.96117e-05
1.37 -2.46872e-05
1.38 -1.95756e-05
1.39 -1.42717e-05
1.4 -8.77197e-06
1.41 -3.07717e-06
1.42 2.80359e-06
1.43 8.84872e-06
1.44 1.50203e-05
1.45 2.1262e-05
1.46 2.75007e-05
1.47 3.36527e-05
1.48 3.96311e-05
1.49 4.53465e-05
1.5 5.07109e-05
1.51 5.56419e-05
1.52 6.00653e-05
1.53 6.39222e-05
1.54 6.71769e-05
1.55 6.98247e-05
1.56 7.18945e-05
1.57 7.34389e-05
1.58 7.45265e-05
1.59 7.52346e-05
1.6 7.5637e-05
1.61 7.57975e-05
1.62 7.57727e-05
1.63 7.56108e-05
1.64 7.53521e-05
1.65 7.50298e-05
1.66 7.46669e-05
1.67 7.42752e-05
1.68 7.38566e-05
1.69 7.34098e-05
1.7 7.29333e-05
1.71 7.24254e-05
1.72 7.18856e-05
1.73 7.13157e-05
1.74 7.07243e-05
1.75 7.013e-05
1.76 6.95573e-05
1.77 6.90288e-05
1.78 6.85702e-05
1.79 6.82153e-05
1.8 6.80034e-05
1.81 6.79751e-05
1.82 6.81713e-05
1.83 6.86321e-05
1.84 6.93859e-05
1.85 7.04443e-05
1.86 7.18063e-05
1.87 7.34684e-05
1.88 7.54301e-05
1.89 7.76947e-05
1.9 8.02698e-05
1.91 8.3167e-05
1.92 8.64015e-05
1.93 8.99909e-05
1.94 9.39411e-05
1.95 9.82304e-05
1.96 0.000102809
1.97 0.000107604
1.98 0.000112522
1.99 0.000117466
2 0.000122349
2.01 0.000127116
2.02 0.000131748
2.03 0.000136253
2.04 0.000140669
2.05 0.000145052
2.06 0.000149465
2.07 0.000153969
2.08 0.000158605
2.09 0.000163386
2.1 0.000168294
2.11 0.000173281
2.12 0.000178266
2.13 0.000183135
2.14 0.000187749
2.15 0.000191956
2.16 0.000195593
2.17 0.000198499
2.18 0.000200509
2.19 0.000201451
2.2 0.000201139
2.21 0.000199379
2.22 0.000195979
2.23 0.000190756
2.24 0.000183541
2.25 0.000174178
2.26 0.000162522
2.27 0.000148472
2.28 0.000131972
2.29 0.000113003
2.3 9.15778e-05
2.31 6.77386e-05
2.32 4.1568e-05
2.33 1.31985e-05
2.34 -1.71813e-05
2.35 -4.93327e-05
2.36 -8.29749e-05
2.37 -0.000117797
2.38 -0.000153468
2.39 -0.000189632
2.4 -0.000225933
2.41 -0.000262051
2.42 -0.000297721
2.43 -0.00033272
2.44 -0.000366843
2.45 -0.000399902
2.46 -0.000431726
2.47 -0.000462173
2.48 -0.000491131
2.49 -0.000518504
2.5 -0.000544195
2.51 -0.000568093
2.52 -0.000590072
2.53 -0.000610003
2.54 -0.000627763
2.55 -0.000643221
2.56 -0.000656257
2.57 -0.000666778
2.58 -0.000674744
2.59 -0.000680173
2.6 -0.000683134
2.61 -0.000683733
2.62 -0.000682087
2.63 -0.000678312
2.64 -0.000672505
2.65 -0.000664747
2.66 -0.0006551
2.67 -0.000643615
2.68 -0.000630339
2.69 -0.000615329
2.7 -0.000598659
2.71 -0.00058041
2.72 -0.000560662
2.73 -0.000539501
2.74 -0.000516993
2.75 -0.000493184
2.76 -0.000468114
2.77 -0.00044182
2.78 -0.000414311
2.79 -0.000385559
2.8 -0.000355502
2.81 -0.000324047
2.82 -0.000291109
2.83 -0.000256632
2.84 -0.000220602
2.85 -0.000183044
2.86 -0.00014402
2.87 -0.000103632
2.88 -6.20415e-05
2.89 -1.94562e-05
2.9 2.38899e-05
2.91 6.77476e-05
2.92 0.000111851
2.93 0.000155924
2.94 0.000199697
2.95 0.000242908
2.96 0.000285315
2.97 0.000326721
2.98 0.000366992
2.99 0.000406038
3 0.000443805
3.01 0.000480264
3.02 0.000515389
3.03 0.000549139
3.04 0.000581451
3.05 0.000612234
3.06 0.000641361
3.07 0.000668663
3.08 0.000693936
3.09 0.000716956
3.1 0.00073751
3.11 0.000755429
3.12 0.0007706
3.13 0.000782984
3.14 0.000792605
3.15 0.000799515
3.16 0.000803791
3.17 0.000805532
3.18 0.000804861
3.19 0.000801903
3.2 0.000796765
3.21 0.000789548
3.22 0.000780386
3.23 0.000769451
3.24 0.00075696
3.25 0.00074316
3.26 0.000728321
3.27 0.00071275
3.28 0.000696804
3.29 0.000680861
3.3 0.00066528
3.31 0.000650427
3.32 0.00063667
3.33 0.000624331
3.34 0.000613645
3.35 0.000604729
3.36 0.000597567
3.37 0.000592026
3.38 0.000587862
3.39 0.00058473
3.4 0.000582194
3.41 0.000579745
3.42 0.000576833
3.43 0.000572909
3.44 0.000567437
3.45 0.000559908
3.46 0.000549846
3.47 0.000536856
3.48 0.000520665
3.49 0.000501146
3.5 0.000478311
3.51 0.000452292
3.52 0.000423338
3.53 0.000391791
3.54 0.00035806
3.55 0.000322562
3.56 0.00028567
3.57 0.000247697
3.58 0.000208945
3.59 0.000169714
3.6 0.000130261
3.61 9.07828e-05
3.62 5.1421e-05
3.63 1.22661e-05
3.64 -2.66492e-05
3.65 -6.53458e-05
3.66 -0.0001039
3.67 -0.000142459
3.68 -0.000181236
3.69 -0.000220492
3.7 -0.000260482
3.71 -0.000301438
3.72 -0.000343593
3.73 -0.000387151
3.74 -0.000432265
3.75 -0.000479044
3.76 -0.00052757
3.77 -0.000577882
3.78 -0.000629981
3.79 -0.000683832
3.8 -0.00073936
3.81 -0.000796422
3.82 -0.000854825
3.83 -0.000914346
3.84 -0.000974736
3.85 -0.00103573
3.86 -0.00109709
3.87 -0.00115865
3.88 -0.00122037
3.89 -0.00128229
3.9 -0.0013446
3.91 -0.00140757
3.92 -0.00147161
3.93 -0.00153719
3.94 -0.00160481
3.95 -0.001675
3.96 -0.00174825
3.97 -0.00182499
3.98 -0.00190556
3.99 -0.00199011
4 -0.00207867
4.01 -0.00217111
4.02 -0.00226716
4.03 -0.00236642
4.04 -0.0024684
4.05 -0.00257245
4.06 -0.00267785
4.07 -0.00278371
4.08 -0.00288903
4.09 -0.00299269
4.1 -0.00309347
4.11 -0.00319013
4.12 -0.00328151
4.13 -0.00336662
4.14 -0.00344468
4.15 -0.00351513
4.16 -0.00357777
4.17 -0.00363271
4.18 -0.00368034
4.19 -0.00372128
4.2 -0.00375635
4.21 -0.00378651
4.22 -0.00381275
4.23 -0.00383606
4.24 -0.00385729
4.25 -0.00387718
4.26 -0.00389644
4.27 -0.00391567
4.28 -0.00393536
4.29 -0.00395585
4.3 -0.00397734
4.31 -0.00399989
4.32 -0.00402342
4.33 -0.00404778
4.34 -0.00407265
4.35 -0.00409761
4.36 -0.00412206
4.37 -0.00414529
4.38 -0.0041665
4.39 -0.00418484
4.4 -0.00419939
4.41 -0.00420924
4.42 -0.0042134
4.43 -0.00421092
4.44 -0.0042009
4.45 -0.00418249
4.46 -0.004155
4.47 -0.00411794
4.48 -0.00407105
4.49 -0.00401419
4.5 -0.0039473
4.51 -0.00387037
4.52 -0.0037835
4.53 -0.00368688
4.54 -0.00358085
4.55 -0.00346583
4.56 -0.00334235
4.57 -0.00321101
4.58 -0.00307248
4.59 -0.0029275
4.6 -0.00277685
4.61 -0.00262132
4.62 -0.00246167
4.63 -0.00229857
4.64 -0.00213267
4.65 -0.00196454
4.66 -0.00179467
4.67 -0.00162341
4.68 -0.00145095
4.69 -0.00127736
4.7 -0.00110264
4.71 -0.000926795
4.72 -0.000749833
4.73 -0.000571787
4.74 -0.000392716
4.75 -0.000212767
4.76 -3.21808e-05
4.77 0.000148752
4.78 0.000329706
4.79 0.000510349
4.8 0.000690342
4.81 0.000869282
4.82 0.00104671
4.83 0.0012222
4.84 0.0013953
4.85 0.00156553
4.86 0.00173236
4.87 0.00189533
4.88 0.00205403
4.89 0.00220808
4.9 0.00235712
4.91 0.00250084
4.92 0.00263902
4.93 0.00277146
4.94 0.00289802
4.95 0.00301857
4.96 0.00313299
4.97 0.00324124
4.98 0.00334334
4.99 0.00343938
5 0.00352948
5.01 0.00361381
5.02 0.00369244
5.03 0.00376538
5.04 0.00383251
5.05 0.00389358
5.06 0.00394825
5.07 0.00399601
5.08 0.00403628
5.09 0.00406841
5.1 0.00409172
5.11 0.0041055
5.12 0.00410906
5.13 0.00410181
5.14 0.00408323
5.15 0.00405297
5.16 0.00401087
5.17 0.003957
5.18 0.00389167
5.19 0.0038153
5.2 0.00372849
5.21 0.00363199
5.22 0.00352663
5.23 0.00341326
5.24 0.00329271
5.25 0.0031658
5.26 0.0030334
5.27 0.00289646
5.28 0.00275598
5.29 0.00261293
5.3 0.00246829
5.31 0.00232298
5.32 0.00217784
5.33 0.00203357
5.34 0.00189063
5.35 0.00174928
5.36 0.00160958
5.37 0.00147126
5.38 0.00133383
5.39 0.00119665
5.4 0.00105903
5.41 0.000920263
5.42 0.00077966
5.43 0.000636634
5.44 0.000490745
5.45 0.000341721
5.46 0.000189453
5.47 3.39531e-05
5.48 -0.000124702
5.49 -0.000286388
5.5 -0.000450893
5.51 -0.000617903
5.52 -0.000787044
5.53 -0.000957934
5.54 -0.00113017
5.55 -0.00130332
5.56 -0.00147691
5.57 -0.0016505
5.58 -0.00182375
5.59 -0.00199638
5.6 -0.00216817
5.61 -0.00233883
5.62 -0.00250808
5.63 -0.0026756
5.64 -0.00284104
5.65 -0.00300405
5.66 -0.00316428
5.67 -0.00332135
5.68 -0.00347486
5.69 -0.00362433
5.7 -0.00376919
5.71 -0.00390882
5.72 -0.0040425
5.73 -0.00416948
5.74 -0.004289
5.75 -0.00440028
5.76 -0.00450256
5.77 -0.00459515
5.78 -0.0046775
5.79 -0.00474919
5.8 -0.00481
5.81 -0.00485993
5.82 -0.00489921
5.83 -0.00492833
5.84 -0.00494798
5.85 -0.00495905
5.86 -0.00496255
5.87 -0.00495957
5.88 -0.00495124
5.89 -0.00493874
5.9 -0.00492318
5.91 -0.00490561
5.92 -0.00488695
5.93 -0.00486798
5.94 -0.00484934
5.95 -0.00483151
5.96 -0.00481472
5.97 -0.00479889
5.98 -0.00478367
5.99 -0.00476844
6 -0.00475241
6.01 -0.00473459
6.02 -0.00471396
6.03 -0.00468946
6.04 -0.00465998
6.05 -0.00462446
6.06 -0.00458187
6.07 -0.00453132
6.08 -0.00447212
6.09 -0.00440377
6.1 -0.00432592
6.11 -0.00423834
6.12 -0.00414095
6.13 -0.00403381
6.14 -0.00391707
6.15 -0.00379088
6.16 -0.00365536
6.17 -0.00351052
6.18 -0.00335618
6.19 -0.00319197
6.2 -0.00301741
6.21 -0.002832
6.22 -0.00263513
6.23 -0.00242618
6.24 -0.00220451
6.25 -0.00196957
6.26 -0.00172081
6.27 -0.00145772
6.28 -0.0011798
6.29 -0.000886566
6.3 -0.000577493
6.31 -0.000252041
6.32 9.03796e-05
6.33 0.000450398
6.34 0.000828657
6.35 0.0012258
6.36 0.00164241
6.37 0.00207885
6.38 0.00253516
6.39 0.00301105
6.4 0.003506
6.41 0.00401926
6.42 0.00455001
6.43 0.00509744
6.44 0.00566082
6.45 0.00623959
6.46 0.00683343
6.47 0.00744223
6.48 0.0080659
6.49 0.00870431
6.5 0.00935709
6.51 0.0100235
6.52 0.0107024
6.53 0.0113922
6.54 0.0120909
6.55 0.0127961
6.56 0.0135048
6.57 0.0142138
6.58 0.0149197
6.59 0.0156192
6.6 0.016309
6.61 0.0169861
6.62 0.0176479
6.63 0.0182922
6.64 0.0189172
6.65 0.0195212
6.66 0.0201028
6.67 0.0206604
6.68 0.0211924
6.69 0.0216975
6.7 0.0221741
6.71 0.0226207
6.72 0.023036
6.73 0.0234187
6.74 0.0237674
6.75 0.0240813
6.76 0.0243593
6.77 0.0246008
6.78 0.0248054
6.79 0.0249727
6.8 0.0251028
6.81 0.0251955
6.82 0.025251
6.83 0.0252694
6.84 0.0252505
6.85 0.0251942
6.86 0.0251005
6.87 0.0249689
6.88 0.0247991
6.89 0.0245907
6.9 0.0243435
6.91 0.0240574
6.92 0.0237327
6.93 0.02337
6.94 0.0229702
6.95 0.0225347
6.96 0.0220648
6.97 0.0215623
6.98 0.0210287
6.99 0.0204652
7 0.0198731
7.01 0.0192529
7.02 0.0186051
7.03 0.0179299
7.04 0.0172277
7.05 0.0164988
7.06 0.015744
7.07 0.0149644
7.08 0.0141615
7.09 0.0133373
7.1 0.012494
7.11 0.011634
7.12 0.0107598
7.13 0.00987362
7.14 0.00897753
7.15 0.00807305
7.16 0.00716129
7.17 0.00624302
7.18 0.00531872
7.19 0.00438874
7.2 0.00345337
7.21 0.00251292
7.22 0.00156795
7.23 0.000619256
7.24 -0.000332006
7.25 -0.00128439
7.26 -0.00223618
7.27 -0.00318555
7.28 -0.00413071
7.29 -0.00507
7.3 -0.00600204
7.31 -0.00692574
7.32 -0.00784036
7.33 -0.00874544
7.34 -0.00964067
7.35 -0.0105258
7.36 -0.0114003
7.37 -0.0122637
7.38 -0.0131149
7.39 -0.0139528
7.4 -0.0147755
7.41 -0.0155814
7.42 -0.0163685
7.43 -0.0171349
7.44 -0.017879
7.45 -0.0185994
7.46 -0.0192953
7.47 -0.0199662
7.48 -0.0206117
7.49 -0.0212323
7.5 -0.0218286
7.51 -0.0224015
7.52 -0.0229522
7.53 -0.0234822
7.54 -0.0239927
7.55 -0.0244849
7.56 -0.0249602
7.57 -0.0254197
7.58 -0.0258646
7.59 -0.0262961
7.6 -0.0267156
7.61 -0.0271243
7.62 -0.0275232
7.63 -0.027913
7.64 -0.0282938
7.65 -0.0286655
7.66 -0.0290273
7.67 -0.0293779
7.68 -0.0297155
7.69 -0.0300377
7.7 -0.0303415
7.71 -0.0306237
7.72 -0.0308811
7.73 -0.0311106
7.74 -0.0313097
7.75 -0.0314764
7.76 -0.0316092
7.77 -0.0317071
7.78 -0.0317694
7.79 -0.0317957
7.8 -0.0317859
7.81 -0.0317405
7.82 -0.0316597
7.83 -0.0315446
7.84 -0.031396
7.85 -0.0312153
7.86 -0.0310037
7.87 -0.0307627
7.88 -0.0304938
7.89 -0.0301983
7.9 -0.0298775
7.91 -0.0295325
7.92 -0.0291642
7.93 -0.0287731
7.94 -0.0283596
7.95 -0.0279239
7.96 -0.0274659
7.97 -0.0269854
7.98 -0.0264821
7.99 -0.0259554
8 -0.0254049
8.01 -0.0248303
8.02 -0.0242313
8.03 -0.0236079
8.04 -0.0229603
8.05 -0.022289
8.06 -0.0215947
8.07 -0.0208786
8.08 -0.020142
8.09 -0.0193862
8.1 -0.0186125
8.11 -0.0178222
8.12 -0.0170161
8.13 -0.0161946
8.14 -0.0153578
8.15 -0.0145057
8.16 -0.0136377
8.17 -0.0127535
8.18 -0.0118521
8.19 -0.0109331
8.2 -0.00999558
8.21 -0.00903922
8.22 -0.00806367
8.23 -0.00706883
8.24 -0.00605476
8.25 -0.0050217
8.26 -0.00397014
8.27 -0.00290083
8.28 -0.00181474
8.29 -0.000713169
8.3 0.000402267
8.31 0.00152949
8.32 0.00266587
8.33 0.00380823
8.34 0.00495289
8.35 0.00609579
8.36 0.00723268
8.37 0.00835931
8.38 0.00947168
8.39 0.0105662
8.4 0.01164
8.41 0.0126906
8.42 0.0137162
8.43 0.0147156
8.44 0.0156877
8.45 0.0166322
8.46 0.0175491
8.47 0.0184387
8.48 0.0193018
8.49 0.0201394
8.5 0.0209526
8.51 0.0217426
8.52 0.0225105
8.53 0.023257
8.54 0.0239826
8.55 0.0246873
8.56 0.0253707
8.57 0.0260321
8.58 0.0266709
8.59 0.027286
8.6 0.0278766
8.61 0.0284417
8.62 0.0289805
8.63 0.0294927
8.64 0.029978
8.65 0.0304367
8.66 0.0308691
8.67 0.0312762
8.68 0.0316589
8.69 0.0320182
8.7 0.0323554
8.71 0.0326714
8.72 0.0329673
8.73 0.0332439
8.74 0.0335019
8.75 0.0337418
8.76 0.0339638
8.77 0.0341675
8.78 0.0343527
8.79 0.0345184
8.8 0.0346636
8.81 0.0347869
8.82 0.0348869
8.83 0.0349619
8.84 0.0350103
8.85 0.0350309
8.86 0.0350225
8.87 0.034984
8.88 0.0349148
8.89 0.0348143
8.9 0.0346822
8.91 0.0345187
8.92 0.0343241
8.93 0.0340988
8.94 0.0338434
8.95 0.0335586
8.96 0.0332449
8.97 0.0329028
8.98 0.0325327
8.99 0.032135
9 0.0317098
9.01 0.0312569
9.02 0.0307761
9.03 0.0302667
9.04 0.0297279
9.05 0.0291589
9.06 0.0285588
9.07 0.027927
9.08 0.0272631
9.09 0.0265669
9.1 0.0258383
9.11 0.0250774
9.12 0.0242841
9.13 0.0234586
9.14 0.0226011
9.15 0.0217118
9.16 0.0207912
9.17 0.0198399
9.18 0.018859
9.19 0.01785
9.2 0.0168151
9.21 0.0157567
9.22 0.014678
9.23 0.0135826
9.24 0.0124745
9.25 0.0113578
9.26 0.0102362
9.27 0.00911342
9.28 0.00799252
9.29 0.00687606
9.3 0.00576612
9.31 0.00466448
9.32 0.00357281
9.33 0.00249263
9.34 0.00142539
9.35 0.000372435
9.36 -0.000664931
9.37 -0.00168548
9.38 -0.00268805
9.39 -0.00367154
9.4 -0.00463497
9.41 -0.00557763
9.42 -0.00649907
9.43 -0.00739925
9.44 -0.00827854
9.45 -0.00913781
9.46 -0.0099783
9.47 -0.0108014
9.48 -0.0116088
9.49 -0.0124016
9.5 -0.0131812
9.51 -0.0139481
9.52 -0.0147029
9.53 -0.0154455
9.54 -0.0161757
9.55 -0.0168932
9.56 -0.0175975
9.57 -0.0182886
9.58 -0.0189664
9.59 -0.0196312
9.6 -0.0202835
9.61 -0.0209239
9.62 -0.0215531
9.63 -0.0221715
9.64 -0.0227795
9.65 -0.0233768
9.66 -0.0239632
9.67 -0.0245378
9.68 -0.0250995
9.69 -0.025647
9.7 -0.0261788
9.71 -0.0266933
9.72 -0.0271891
9.73 -0.0276648
9.74 -0.0281193
9.75 -0.0285519
9.76 -0.0289619
9.77 -0.0293492
9.78 -0.0297137
9.79 -0.0300557
9.8 -0.0303757
9.81 -0.0306744
9.82 -0.0309526
9.83 -0.0312114
9.84 -0.0314521
9.85 -0.031676
9.86 -0.0318844
9.87 -0.0320787
9.88 -0.03226
9.89 -0.0324293
9.9 -0.0325875
9.91 -0.0327351
9.92 -0.0328724
9.93 -0.0329994
9.94 -0.0331159
9.95 -0.0332212
9.96 -0.0333145
9.97 -0.0333952
9.98 -0.0334626
9.99 -0.0335161
10 -0.0335557
10.01 -0.0335812
10.02 -0.0335929
10.03 -0.0335914
10.04 -0.0335774
10.05 -0.0335514
10.06 -0.033514
10.07 -0.0334656
10.08 -0.0334063
10.09 -0.0333361
10.1 -0.0332548
10.11 -0.0331622
10.12 -0.0330579
10.13 -0.0329417
10.14 -0.0328136
10.15 -0.0326737
10.16 -0.0325224
10.17 -0.0323599
10.18 -0.0321866
10.19 -0.0320027
10.2 -0.0318083
10.21 -0.0316032
10.22 -0.0313873
10.23 -0.0311602
10.24 -0.0309218
10.25 -0.0306716
10.26 -0.0304095
10.27 -0.0301354
10.28 -0.0298491
10.29 -0.0295508
10.3 -0.0292404
10.31 -0.0289181
10.32 -0.0285839
10.33 -0.0282378
10.34 -0.0278796
10.35 -0.0275093
10.36 -0.0271269
10.37 -0.0267322
10.38 -0.0263254
10.39 -0.0259063
10.4 -0.025475
10.41 -0.0250312
10.42 -0.0245748
10.43 -0.0241052
10.44 -0.0236219
10.45 -0.0231239
10.46 -0.0226103
10.47 -0.0220799
10.48 -0.0215319
10.49 -0.0209654
10.5 -0.0203799
10.51 -0.0197753
10.52 -0.0191518
10.53 -0.0185098
10.54 -0.0178502
10.55 -0.0171738
10.56 -0.0164817
10.57 -0.0157749
10.58 -0.0150545
10.59 -0.0143217
10.6 -0.0135777
10.61 -0.0128236
10.62 -0.0120606
10.63 -0.0112902
10.64 -0.0105137
10.65 -0.00973267
10.66 -0.00894879
10.67 -0.00816376
10.68 -0.00737932
10.69 -0.0065971
10.7 -0.00581857
10.71 -0.00504499
10.72 -0.00427745
10.73 -0.00351691
10.74 -0.00276419
10.75 -0.00202001
10.76 -0.00128505
10.77 -0.00055986
10.78 0.000155102
10.79 0.000859507
10.8 0.0015531
10.81 0.00223569
10.82 0.00290712
10.83 0.00356736
10.84 0.0042164
10.85 0.00485425
10.86 0.00548088
10.87 0.00609613
10.88 0.00669977
10.89 0.00729153
10.9 0.00787107
10.91 0.00843804
10.92 0.00899215
10.93 0.00953328
10.94 0.0100615
10.95 0.0105773
10.96 0.0110812
10.97 0.011574
10.98 0.0120566
10.99 0.0125302
11 0.0129955
11.01 0.0134535
11.02 0.0139049
11.03 0.0143501
11.04 0.0147896
11.05 0.0152235
11.06 0.0156519
11.07 0.0160747
11.08 0.0164918
11.09 0.0169031
11.1 0.0173083
11.11 0.0177072
11.12 0.0180996
11.13 0.0184856
11.14 0.0188652
11.15 0.0192383
11.16 0.019605
11.17 0.0199655
11.18 0.0203202
11.19 0.0206697
11.2 0.021015
11.21 0.021357
11.22 0.0216969
11.23 0.022036
11.24 0.0223755
11.25 0.0227163
11.26 0.0230587
11.27 0.0234026
11.28 0.0237476
11.29 0.024093
11.3 0.0244377
11.31 0.0247809
11.32 0.0251216
11.33 0.0254589
11.34 0.0257921
11.35 0.0261208
11.36 0.026445
11.37 0.0267651
11.38 0.0270815
11.39 0.0273946
11.4 0.027705
11.41 0.0280129
11.42 0.0283186
11.43 0.0286218
11.44 0.0289223
11.45 0.0292193
11.46 0.0295122
11.47 0.0298004
11.48 0.0300832
11.49 0.0303605
11.5 0.0306324
11.51 0.0308993
11.52 0.031162
11.53 0.0314217
11.54 0.0316795
11.55 0.0319364
11.56 0.0321937
11.57 0.032452
11.58 0.0327119
11.59 0.0329736
11.6 0.0332371
11.61 0.0335027
11.62 0.0337704
11.63 0.0340404
11.64 0.0343128
11.65 0.0345879
11.66 0.0348656
11.67 0.0351462
11.68 0.0354296
11.69 0.0357159
11.7 0.0360049
11.71 0.0362961
11.72 0.0365889
11.73 0.0368823
11.74 0.0371753
11.75 0.0374666
11.76 0.0377545
11.77 0.0380369
11.78 0.0383109
11.79 0.0385735
11.8 0.0388213
11.81 0.039051
11.82 0.0392596
11.83 0.0394444
11.84 0.0396028
11.85 0.0397329
11.86 0.0398328
11.87 0.0399009
11.88 0.0399355
11.89 0.0399352
11.9 0.0398985
11.91 0.0398241
11.92 0.0397108
11.93 0.0395578
11.94 0.039364
11.95 0.0391287
11.96 0.0388513
11.97 0.0385312
11.98 0.038168
11.99 0.0377617
12 0.0373122
12.01 0.0368201
12.02 0.036286
12.03 0.0357107
12.04 0.0350957
12.05 0.0344424
12.06 0.0337528
12.07 0.0330285
12.08 0.0322715
12.09 0.0314834
12.1 0.0306657
12.11 0.0298194
12.12 0.0289455
12.13 0.0280447
12.14 0.0271172
12.15 0.0261631
12.16 0.025182
12.17 0.0241735
12.18 0.0231373
12.19 0.0220729
12.2 0.0209799
12.21 0.0198581
12.22 0.0187071
12.23 0.017527
12.24 0.0163179
12.25 0.0150799
12.26 0.0138133
12.27 0.0125188
12.28 0.011197
12.29 0.00984885
12.3 0.00847548
12.31 0.00707812
12.32 0.0056583
12.33 0.00421784
12.34 0.00275882
12.35 0.00128355
12.36 -0.000205457
12.37 -0.00170547
12.38 -0.00321347
12.39 -0.00472627
12.4 -0.00624054
12.41 -0.00775287
12.42 -0.00925989
12.43 -0.0107584
12.44 -0.0122453
12.45 -0.0137176
12.46 -0.0151721
12.47 -0.0166061
12.48 -0.0180162
12.49 -0.0193989
12.5 -0.0207503
12.51 -0.0220659
12.52 -0.023341
12.53 -0.0245704
12.54 -0.025749
12.55 -0.026872
12.56 -0.0279346
12.57 -0.0289324
12.58 -0.0298616
12.59 -0.0307185
12.6 -0.0314995
12.61 -0.0322012
12.62 -0.0328205
12.63 -0.0333546
12.64 -0.0338013
12.65 -0.0341592
12.66 -0.0344269
12.67 -0.0346036
12.68 -0.0346889
12.69 -0.0346828
12.7 -0.0345857
12.71 -0.0343987
12.72 -0.0341229
12.73 -0.0337599
12.74 -0.0333115
12.75 -0.0327795
12.76 -0.0321657
12.77 -0.0314721
12.78 -0.0307006
12.79 -0.0298531
12.8 -0.0289315
12.81 -0.0279379
12.82 -0.0268744
12.83 -0.0257436
12.84 -0.0245479
12.85 -0.0232899
12.86 -0.0219722
12.87 -0.0205974
12.88 -0.0191677
12.89 -0.0176855
12.9 -0.0161525
12.91 -0.0145706
12.92 -0.0129416
12.93 -0.0112675
12.94 -0.00955009
12.95 -0.00779164
12.96 -0.00599444
12.97 -0.00416095
12.98 -0.00229372
12.99 -0.00039541
13 0.0015313
13.01 0.00348374
13.02 0.00545943
13.03 0.00745604
13.04 0.00947139
13.05 0.0115034
13.06 0.0135497
13.07 0.0156082
13.08 0.0176762
13.09 0.019751
13.1 0.0218294
13.11 0.0239081
13.12 0.0259836
13.13 0.0280523
13.14 0.0301107
13.15 0.0321555
13.16 0.0341834
13.17 0.0361916
13.18 0.0381776
13.19 0.0401389
13.2 0.0420744
13.21 0.0439843
13.22 0.0458691
13.23 0.0477288
13.24 0.049563
13.25 0.0513718
13.26 0.0531548
13.27 0.0549117
13.28 0.0566419
13.29 0.0583449
13.3 0.06002
13.31 0.0616663
13.32 0.0632828
13.33 0.0648683
13.34 0.0664213
13.35 0.0679404
13.36 0.0694242
13.37 0.0708715
13.38 0.072281
13.39 0.0736517
13.4 0.074983
13.41 0.0762741
13.42 0.0775247
13.43 0.0787346
13.44 0.079904
13.45 0.0810332
13.46 0.0821228
13.47 0.0831736
13.48 0.0841865
13.49 0.0851627
13.5 0.0861034
13.51 0.0870099
13.52 0.0878835
13.53 0.0887257
13.54 0.089538
13.55 0.0903221
13.56 0.0910798
13.57 0.0918126
13.58 0.0925223
13.59 0.0932103
13.6 0.0938777
13.61 0.0945257
13.62 0.0951552
13.63 0.0957671
13.64 0.0963623
13.65 0.0969417
13.66 0.0975062
13.67 0.0980566
13.68 0.0985937
13.69 0.0991183
13.7 0.0996309
13.71 0.100132
13.72 0.100621
13.73 0.101099
13.74 0.101565
13.75 0.102018
13.76 0.102458
13.77 0.102884
13.78 0.103294
13.79 0.103686
13.8 0.104058
13.81 0.104406
13.82 0.104728
13.83 0.10502
13.84 0.105278
13.85 0.1055
13.86 0.105685
13.87 0.10583
13.88 0.105935
13.89 0.106
13.9 0.106021
13.91 0.106
13.92 0.105934
13.93 0.105822
13.94 0.105664
13.95 0.105459
13.96 0.105206
13.97 0.104903
13.98 0.104551
13.99 0.104148
14 0.103695
14.01 0.103189
14.02 0.102632
14.03 0.102021
14.04 0.101357
14.05 0.10064
14.06 0.0998689
14.07 0.0990435
14.08 0.0981636
14.09 0.0972285
14.1 0.0962375
14.11 0.0951896
14.12 0.0940838
14.13 0.0929185
14.14 0.091692
14.15 0.0904023
14.16 0.0890473
14.17 0.0876246
14.18 0.0861321
14.19 0.0845676
14.2 0.0829293
14.21 0.0812153
14.22 0.0794239
14.23 0.0775533
14.24 0.0756019
14.25 0.0735679
14.26 0.0714495
14.27 0.0692452
14.28 0.0669534
14.29 0.0645729
14.3 0.0621026
14.31 0.0595422
14.32 0.0568915
14.33 0.0541512
14.34 0.0513221
14.35 0.0484052
14.36 0.0454019
14.37 0.0423131
14.38 0.0391398
14.39 0.0358828
14.4 0.0325429
14.41 0.02912
14.42 0.0256119
14.43 0.022016
14.44 0.0183299
14.45 0.0145516
14.46 0.0106798
14.47 0.00671362
14.48 0.00265243
14.49 -0.00150407
14.5 -0.00575608
14.51 -0.0101038
14.52 -0.0145475
14.53 -0.0190876
14.54 -0.0237246
14.55 -0.0284591
14.56 -0.0332918
14.57 -0.0382234
14.58 -0.0432547
14.59 -0.0483863
14.6 -0.0536188
14.61 -0.0589525
14.62 -0.0643872
14.63 -0.0699222
14.64 -0.0755559
14.65 -0.081286
14.66 -0.0871092
14.67 -0.0930215
14.68 -0.0990188
14.69 -0.105097
14.7 -0.111252
14.71 -0.11748
14.72 -0.123778
14.73 -0.130142
14.74 -0.136565
14.75 -0.143042
14.76 -0.149565
14.77 -0.156128
14.78 -0.162724
14.79 -0.169346
14.8 -0.175986
14.81 -0.18264
14.82 -0.189298
14.83 -0.195956
14.84 -0.202605
14.85 -0.20924
14.86 -0.215854
14.87 -0.22244
14.88 -0.228992
14.89 -0.235504
14.9 -0.241968
14.91 -0.248379
14.92 -0.254728
14.93 -0.261009
14.94 -0.267215
14.95 -0.273339
14.96 -0.279374
14.97 -0.285313
14.98 -0.291151
14.99 -0.296882
15 -0.302503
15.01 -0.30801
15.02 -0.313404
15.03 -0.318685
15.04 -0.323855
15.05 -0.328915
15.06 -0.333869
15.07 -0.338721
15.08 -0.343475
15.09 -0.348135
15.1 -0.352707
15.11 -0.357195
15.12 -0.361603
15.13 -0.365936
15.14 -0.370198
15.15 -0.374395
15.16 -0.37853
15.17 -0.382608
15.18 -0.386632
15.19 -0.390604
15.2 -0.394529
15.21 -0.398407
15.22 -0.402241
15.23 -0.406035
15.24 -0.409792
15.25 -0.413513
15.26 -0.417205
15.27 -0.420869
15.28 -0.424512
15.29 -0.428138
15.3 -0.431751
15.31 -0.435355
15.32 -0.438953
15.33 -0.442547
15.34 -0.446141
15.35 -0.449735
15.36 -0.453333
15.37 -0.456937
15.38 -0.46055
15.39 -0.464174
15.4 -0.467811
15.41 -0.471463
15.42 -0.475133
15.43 -0.47882
15.44 -0.482527
15.45 -0.486252
15.46 -0.489997
15.47 -0.493759
15.48 -0.497537
15.49 -0.50133
15.5 -0.505133
15.51 -0.508942
15.52 -0.512753
15.53 -0.51656
15.54 -0.520357
15.55 -0.52414
15.56 -0.527902
15.57 -0.531639
15.58 -0.535345
15.59 -0.539015
15.6 -0.542642
15.61 -0.546223
15.62 -0.549752
15.63 -0.553222
15.64 -0.55663
15.65 -0.559969
15.66 -0.563233
15.67 -0.566418
15.68 -0.569518
15.69 -0.572528
15.7 -0.575442
15.71 -0.578256
15.72 -0.580963
15.73 -0.58356
15.74 -0.58604
15.75 -0.588398
15.76 -0.590628
15.77 -0.592726
15.78 -0.594686
15.79 -0.596502
15.8 -0.59817
15.81 -0.599685
15.82 -0.601041
15.83 -0.602236
15.84 -0.603264
15.85 -0.604123
15.86 -0.604809
15.87 -0.605319
15.88 -0.605651
15.89 -0.605802
15.9 -0.60577
15.91 -0.605553
15.92 -0.605149
15.93 -0.604557
15.94 -0.603775
15.95 -0.602803
15.96 -0.60164
15.97 -0.600286
15.98 -0.598742
15.99 -0.597009
16 -0.59509
16.01 -0.592987
16.02 -0.590704
16.03 -0.588247
16.04 -0.585621
16.05 -0.582833
16.06 -0.579891
16.07 -0.576804
16.08 -0.573581
16.09 -0.570229
16.1 -0.566759
16.11 -0.563178
16.12 -0.559496
16.13 -0.555722
16.14 -0.551864
16.15 -0.547933
16.16 -0.543938
16.17 -0.539888
16.18 -0.535794
16.19 -0.531666
16.2 -0.527511
16.21 -0.523336
16.22 -0.519146
16.23 -0.514944
16.24 -0.510735
16.25 -0.506522
16.26 -0.502307
16.27 -0.498092
16.28 -0.493877
16.29 -0.489663
16.3 -0.485451
16.31 -0.481241
16.32 -0.477033
16.33 -0.472828
16.34 -0.468624
16.35 -0.464423
16.36 -0.460223
16.37 -0.456024
16.38 -0.451827
16.39 -0.44763
16.4 -0.443433
16.41 -0.439236
16.42 -0.435038
16.43 -0.430838
16.44 -0.426636
16.45 -0.422432
16.46 -0.418226
16.47 -0.414016
16.48 -0.409804
16.49 -0.405587
16.5 -0.401368
16.51 -0.397144
16.52 -0.392916
16.53 -0.388684
16.54 -0.384448
16.55 -0.380206
16.56 -0.37596
16.57 -0.371709
16.58 -0.367453
16.59 -0.363193
16.6 -0.358928
16.61 -0.35466
16.62 -0.35039
16.63 -0.346118
16.64 -0.341846
16.65 -0.337577
16.66 -0.333312
16.67 -0.329055
16.68 -0.324807
16.69 -0.320574
16.7 -0.316358
16.71 -0.312164
16.72 -0.307994
16.73 -0.303851
16.74 -0.299739
16.75 -0.295658
16.76 -0.291611
16.77 -0.287599
16.78 -0.283622
16.79 -0.279683
16.8 -0.27578
16.81 -0.271915
16.82 -0.268088
16.83 -0.2643
16.84 -0.260549
16.85 -0.256837
16.86 -0.253163
16.87 -0.249528
16.88 -0.245931
16.89 -0.242373
16.9 -0.238856
16.91 -0.235379
16.92 -0.231944
16.93 -0.228551
16.94 -0.225202
16.95 -0.221897
16.96 -0.218636
16.97 -0.215421
16.98 -0.212251
16.99 -0.209127
17 -0.20605
17.01 -0.203019
17.02 -0.200035
17.03 -0.197097
17.04 -0.194207
17.05 -0.191364
17.06 -0.188569
17.07 -0.185823
17.08 -0.183124
17.09 -0.180474
17.1 -0.177873
17.11 -0.175321
17.12 -0.172818
17.13 -0.170365
17.14 -0.167962
17.15 -0.165608
17.16 -0.163305
17.17 -0.161052
17.18 -0.15885
17.19 -0.156699
17.2 -0.1546
17.21 -0.152551
17.22 -0.150554
17.23 -0.148608
17.24 -0.146714
17.25 -0.144872
17.26 -0.143082
17.27 -0.141344
17.28 -0.13966
17.29 -0.138029
17.3 -0.136452
17.31 -0.134931
17.32 -0.133465
17.33 -0.132055
17.34 -0.130702
17.35 -0.129407
17.36 -0.128171
17.37 -0.126995
17.38 -0.125882
17.39 -0.124833
17.4 -0.123851
17.41 -0.12294
17.42 -0.122103
17.43 -0.121343
17.44 -0.120665
17.45 -0.120072
17.46 -0.119566
17.47 -0.11915
17.48 -0.118825
17.49 -0.118593
17.5 -0.118455
17.51 -0.118412
17.52 -0.118466
17.53 -0.118618
17.54 -0.118868
17.55 -0.119218
17.56 -0.119669
17.57 -0.120221
17.58 -0.120874
17.59 -0.121627
17.6 -0.122481
17.61 -0.123433
17.62 -0.124481
17.63 -0.125623
17.64 -0.126857
17.65 -0.128178
17.66 -0.129583
17.67 -0.131068
17.68 -0.132628
17.69 -0.134258
17.7 -0.135955
17.71 -0.137713
17.72 -0.139527
17.73 -0.141395
17.74 -0.143312
17.75 -0.145274
17.76 -0.147278
17.77 -0.149319
17.78 -0.151392
17.79 -0.153493
17.8 -0.155615
17.81 -0.157753
17.82 -0.1599
17.83 -0.162052
17.84 -0.164201
17.85 -0.166342
17.86 -0.16847
17.87 -0.170578
17.88 -0.172662
17.89 -0.174716
17.9 -0.176736
17.91 -0.178718
17.92 -0.180659
17.93 -0.182556
17.94 -0.184407
17.95 -0.186208
17.96 -0.187958
17.97 -0.189655
17.98 -0.191296
17.99 -0.192881
18 -0.194409
18.01 -0.195879
18.02 -0.197294
18.03 -0.198653
18.04 -0.199956
18.05 -0.201204
18.06 -0.202397
18.07 -0.203534
18.08 -0.204616
18.09 -0.205644
18.1 -0.206616
18.11 -0.207534
18.12 -0.208398
18.13 -0.209207
18.14 -0.209963
18.15 -0.210664
18.16 -0.211312
18.17 -0.211904
18.18 -0.212441
18.19 -0.212922
18.2 -0.213347
18.21 -0.213713
18.22 -0.214021
18.23 -0.214268
18.24 -0.214455
18.25 -0.21458
18.26 -0.214643
18.27 -0.214643
18.28 -0.214579
18.29 -0.214451
18.3 -0.214258
18.31 -0.213999
18.32 -0.213674
18.33 -0.213283
18.34 -0.212824
18.35 -0.212298
18.36 -0.211705
18.37 -0.211044
18.38 -0.210317
18.39 -0.209522
18.4 -0.208662
18.41 -0.207736
18.42 -0.206744
18.43 -0.205688
18.44 -0.204566
18.45 -0.203378
18.46 -0.202125
18.47 -0.200805
18.48 -0.199419
18.49 -0.197965
18.5 -0.196443
18.51 -0.194853
18.52 -0.193196
18.53 -0.19147
18.54 -0.189678
18.55 -0.187819
18.56 -0.185896
18.57 -0.18391
18.58 -0.181861
18.59 -0.179753
18.6 -0.177587
18.61 -0.175364
18.62 -0.173088
18.63 -0.170758
18.64 -0.168378
18.65 -0.165949
18.66 -0.163474
18.67 -0.160955
18.68 -0.158394
18.69 -0.155797
18.7 -0.153167
18.71 -0.150511
18.72 -0.147833
18.73 -0.145142
18.74 -0.142445
18.75 -0.13975
18.76 -0.137062
18.77 -0.134386
18.78 -0.131726
18.79 -0.129086
18.8 -0.126471
18.81 -0.123884
18.82 -0.121331
18.83 -0.118816
18.84 -0.116344
18.85 -0.113919
18.86 -0.111547
18.87 -0.109231
18.88 -0.106978
18.89 -0.10479
18.9 -0.102674
18.91 -0.100631
18.92 -0.0986668
18.93 -0.0967826
18.94 -0.0949808
18.95 -0.093263
18.96 -0.0916307
18.97 -0.0900854
18.98 -0.0886288
18.99 -0.0872628
19 -0.0859894
19.01 -0.0848113
19.02 -0.0837312
19.03 -0.0827522
19.04 -0.0818776
19.05 -0.0811103
19.06 -0.0804532
19.07 -0.0799086
19.08 -0.0794785
19.09 -0.0791648
19.1 -0.0789687
19.11 -0.0788917
19.12 -0.0789353
19.13 -0.0791012
19.14 -0.0793912
19.15 -0.079807
19.16 -0.0803499
19.17 -0.0810207
19.18 -0.0818197
19.19 -0.0827457
19.2 -0.0837971
19.21 -0.0849711
19.22 -0.0862642
19.23 -0.0876723
19.24 -0.0891909
19.25 -0.0908156
19.26 -0.0925424
19.27 -0.0943678
19.28 -0.0962889
19.29 -0.0983031
19.3 -0.100407
19.31 -0.102599
19.32 -0.104873
19.33 -0.107226
19.34 -0.109654
19.35 -0.112152
19.36 -0.114712
19.37 -0.117331
19.38 -0.120001
19.39 -0.122716
19.4 -0.12547
19.41 -0.128257
19.42 -0.131071
19.43 -0.133905
19.44 -0.136754
19.45 -0.139611
19.46 -0.14247
19.47 -0.145325
19.48 -0.14817
19.49 -0.150998
19.5 -0.153804
19.51 -0.156584
19.52 -0.159335
19.53 -0.162056
19.54 -0.164745
19.55 -0.167399
19.56 -0.170019
19.57 -0.172604
19.58 -0.175153
19.59 -0.177666
19.6 -0.180143
19.61 -0.182584
19.62 -0.184989
19.63 -0.187359
19.64 -0.189693
19.65 -0.191992
19.66 -0.194256
19.67 -0.196486
19.68 -0.198683
19.69 -0.200846
19.7 -0.202977
19.71 -0.205076
19.72 -0.207145
19.73 -0.209184
19.74 -0.211194
19.75 -0.213177
19.76 -0.215132
19.77 -0.217061
19.78 -0.218962
19.79 -0.220837
19.8 -0.222684
19.81 -0.224505
19.82 -0.2263
19.83 -0.228067
19.84 -0.229809
19.85 -0.231525
19.86 -0.233215
19.87 -0.234882
19.88 -0.236526
19.89 -0.238147
19.9 -0.239746
19.91 -0.241325
19.92 -0.242884
19.93 -0.244423
19.94 -0.245942
19.95 -0.247442
19.96 -0.248923
19.97 -0.250385
19.98 -0.25183
19.99 -0.253258
20 -0.25467
20.01 -0.256068
20.02 -0.257453
20.03 -0.258826
20.04 -0.260188
20.05 -0.261539
20.06 -0.262878
20.07 -0.264206
20.08 -0.265521
20.09 -0.266821
20.1 -0.268104
20.11 -0.269368
20.12 -0.270611
20.13 -0.271829
20.14 -0.27302
20.15 -0.274182
20.16 -0.275313
20.17 -0.276411
20.18 -0.277472
20.19 -0.278496
20.2 -0.279482
20.21 -0.280427
20.22 -0.281332
20.23 -0.282194
20.24 -0.283014
20.25 -0.28379
20.26 -0.284521
20.27 -0.285207
20.28 -0.285847
20.29 -0.286441
20.3 -0.286989
20.31 -0.287491
20.32 -0.287948
20.33 -0.288359
20.34 -0.288726
20.35 -0.289048
20.36 -0.289327
20.37 -0.289562
20.38 -0.289754
20.39 -0.289902
20.4 -0.290005
20.41 -0.290062
20.42 -0.29007
20.43 -0.29003
20.44 -0.289938
20.45 -0.289792
20.46 -0.289592
20.47 -0.289335
20.48 -0.289019
20.49 -0.288644
20.5 -0.288207
20.51 -0.287708
20.52 -0.287143
20.53 -0.286513
20.54 -0.285815
20.55 -0.285049
20.56 -0.284212
20.57 -0.283305
20.58 -0.282325
20.59 -0.281274
20.6 -0.280152
20.61 -0.27896
20.62 -0.277699
20.63 -0.276372
20.64 -0.274979
20.65 -0.273524
20.66 -0.272007
20.67 -0.270433
20.68 -0.268801
20.69 -0.267116
20.7 -0.265378
20.71 -0.263589
20.72 -0.261753
20.73 -0.259869
20.74 -0.257942
20.75 -0.255971
20.76 -0.253961
20.77 -0.251912
20.78 -0.249826
20.79 -0.247706
20.8 -0.245553
20.81 -0.243368
20.82 -0.241152
20.83 -0.238905
20.84 -0.236628
20.85 -0.23432
20.86 -0.231982
20.87 -0.229616
20.88 -0.227221
20.89 -0.224801
20.9 -0.222355
20.91 -0.219888
20.92 -0.2174
20.93 -0.214894
20.94 -0.212371
20.95 -0.20983
20.96 -0.207271
20.97 -0.204693
20.98 -0.202097
20.99 -0.199484
21 -0.196854
21.01 -0.19421
21.02 -0.191553
21.03 -0.188885
21.04 -0.186209
21.05 -0.183528
21.06 -0.180844
21.07 -0.178159
21.08 -0.175477
21.09 -0.172799
21.1 -0.170128
21.11 -0.167466
21.12 -0.164815
21.13 -0.162177
21.14 -0.159553
21.15 -0.156944
21.16 -0.154351
21.17 -0.151775
21.18 -0.149217
21.19 -0.146677
21.2 -0.144157
21.21 -0.141657
21.22 -0.139179
21.23 -0.136722
21.24 -0.134288
21.25 -0.131877
21.26 -0.12949
21.27 -0.127128
21.28 -0.124789
21.29 -0.122476
21.3 -0.120186
21.31 -0.117919
21.32 -0.115676
21.33 -0.113456
21.34 -0.111259
21.35 -0.109085
21.36 -0.106935
21.37 -0.104808
21.38 -0.102707
21.39 -0.100631
21.4 -0.0985831
21.41 -0.0965639
21.42 -0.0945751
21.43 -0.0926188
21.44 -0.0906965
21.45 -0.0888101
21.46 -0.086961
21.47 -0.0851506
21.48 -0.08338
21.49 -0.0816506
21.5 -0.0799635
21.51 -0.07832
21.52 -0.0767212
21.53 -0.0751683
21.54 -0.0736623
21.55 -0.0722044
21.56 -0.0707956
21.57 -0.069437
21.58 -0.06813
21.59 -0.0668761
21.6 -0.0656768
21.61 -0.0645339
21.62 -0.0634491
21.63 -0.0624237
21.64 -0.0614591
21.65 -0.060556
21.66 -0.0597151
21.67 -0.0589365
21.68 -0.0582204
21.69 -0.0575666
21.7 -0.0569751
21.71 -0.0564458
21.72 -0.0559787
21.73 -0.0555737
21.74 -0.0552304
21.75 -0.0549485
21.76 -0.0547274
21.77 -0.054566
21.78 -0.0544634
21.79 -0.0544182
21.8 -0.0544291
21.81 -0.0544951
21.82 -0.0546151
21.83 -0.0547884
21.84 -0.0550144
21.85 -0.0552928
21.86 -0.0556235
21.87 -0.0560066
21.88 -0.0564421
21.89 -0.0569305
21.9 -0.057472
21.91 -0.0580667
21.92 -0.0587146
21.93 -0.0594155
21.94 -0.0601689
21.95 -0.060974
21.96 -0.0618303
21.97 -0.0627369
21.98 -0.0636933
21.99 -0.0646995
22 -0.0657555
22.01 -0.0668619
22.02 -0.0680193
22.03 -0.0692288
22.04 -0.0704908
22.05 -0.0718058
22.06 -0.0731734
22.07 -0.0745924
22.08 -0.0760611
22.09 -0.0775774
22.1 -0.0791389
22.11 -0.0807431
22.12 -0.0823871
22.13 -0.0840681
22.14 -0.0857831
22.15 -0.0875294
22.16 -0.0893043
22.17 -0.0911052
22.18 -0.0929298
22.19 -0.0947758
22.2 -0.0966407
22.21 -0.0985222
22.22 -0.100418
22.23 -0.102324
22.24 -0.104239
22.25 -0.106158
22.26 -0.108079
22.27 -0.109999
22.28 -0.111914
22.29 -0.113821
22.3 -0.115718
22.31 -0.117603
22.32 -0.119473
22.33 -0.121327
22.34 -0.123163
22.35 -0.124982
22.36 -0.12678
22.37 -0.128558
22.38 -0.130315
22.39 -0.132052
22.4 -0.13377
22.41 -0.135469
22.42 -0.137149
22.43 -0.13881
22.44 -0.140453
22.45 -0.142076
22.46 -0.143681
22.47 -0.145265
22.48 -0.146828
22.49 -0.148369
22.5 -0.149887
22.51 -0.15138
22.52 -0.152845
22.53 -0.154281
22.54 -0.155686
22.55 -0.157057
22.56 -0.158392
22.57 -0.159688
22.58 -0.160944
22.59 -0.162156
22.6 -0.163323
22.61 -0.164441
22.62 -0.165509
22.63 -0.166524
22.64 -0.167484
22.65 -0.168387
22.66 -0.169231
22.67 -0.170015
22.68 -0.170739
22.69 -0.171401
22.7 -0.172
22.71 -0.172537
22.72 -0.173009
22.73 -0.173417
22.74 -0.173759
22.75 -0.174033
22.76 -0.174239
22.77 -0.174376
22.78 -0.174444
22.79 -0.17444
22.8 -0.174366
22.81 -0.174219
22.82 -0.174001
22.83 -0.17371
22.84 -0.173346
22.85 -0.172909
22.86 -0.1724
22.87 -0.171818
22.88 -0.171165
22.89 -0.170439
22.9 -0.169644
22.91 -0.168779
22.92 -0.167846
22.93 -0.166846
22.94 -0.165782
22.95 -0.164656
22.96 -0.163471
22.97 -0.162228
22.98 -0.160931
22.99 -0.159581
23 -0.158182
23.01 -0.156736
23.02 -0.155242
23.03 -0.153704
23.04 -0.152122
23.05 -0.150497
23.06 -0.14883
23.07 -0.147122
23.08 -0.145374
23.09 -0.14359
23.1 -0.14177
23.11 -0.139917
23.12 -0.138033
23.13 -0.136121
23.14 -0.134183
23.15 -0.132222
23.16 -0.13024
23.17 -0.128239
23.18 -0.126221
23.19 -0.124189
23.2 -0.122145
23.21 -0.120091
23.22 -0.118029
23.23 -0.115962
23.24 -0.113891
23.25 -0.111819
23.26 -0.109747
23.27 -0.107679
23.28 -0.105616
23.29 -0.10356
23.3 -0.101513
23.31 -0.0994775
23.32 -0.0974529
23.33 -0.0954389
23.34 -0.0934344
23.35 -0.091439
23.36 -0.0894526
23.37 -0.0874749
23.38 -0.0855061
23.39 -0.0835464
23.4 -0.0815961
23.41 -0.0796562
23.42 -0.0777275
23.43 -0.0758111
23.44 -0.0739085
23.45 -0.0720212
23.46 -0.0701507
23.47 -0.0682986
23.48 -0.0664661
23.49 -0.0646543
23.5 -0.0628639
23.51 -0.0610956
23.52 -0.0593499
23.53 -0.0576272
23.54 -0.0559279
23.55 -0.0542525
23.56 -0.0526012
23.57 -0.0509743
23.58 -0.0493718
23.59 -0.047794
23.6 -0.0462406
23.61 -0.0447117
23.62 -0.0432071
23.63 -0.0417267
23.64 -0.04027
23.65 -0.0388366
23.66 -0.0374261
23.67 -0.036038
23.68 -0.0346721
23.69 -0.0333281
23.7 -0.0320061
23.71 -0.0307062
23.72 -0.0294287
23.73 -0.0281741
23.74 -0.026943
23.75 -0.0257364
23.76 -0.0245554
23.77 -0.0234017
23.78 -0.022277
23.79 -0.0211837
23.8 -0.0201243
23.81 -0.0191014
23.82 -0.0181176
23.83 -0.0171753
23.84 -0.016277
23.85 -0.0154251
23.86 -0.014622
23.87 -0.0138698
23.88 -0.0131709
23.89 -0.0125275
23.9 -0.0119418
23.91 -0.0114165
23.92 -0.0109541
23.93 -0.0105573
23.94 -0.0102289
23.95 -0.00997129
23.96 -0.009787
23.97 -0.00967807
23.98 -0.00964622
23.99 -0.00969264
24 -0.00981797
24.01 -0.0100223
24.02 -0.0103052
24.03 -0.0106659
24.04 -0.011103
24.05 -0.0116144
24.06 -0.0121974
24.07 -0.0128485
24.08 -0.0135639
24.09 -0.0143398
24.1 -0.0151721
24.11 -0.0160572
24.12 -0.0169915
24.13 -0.0179716
24.14 -0.0189951
24.15 -0.0200596
24.16 -0.0211635
24.17 -0.0223055
24.18 -0.0234843
24.19 -0.0246988
24.2 -0.0259478
24.21 -0.0272304
24.22 -0.0285455
24.23 -0.0298922
24.24 -0.0312698
24.25 -0.0326773
24.26 -0.0341142
24.27 -0.0355797
24.28 -0.0370734
24.29 -0.038595
24.3 -0.0401445
24.31 -0.0417219
24.32 -0.0433273
24.33 -0.0449608
24.34 -0.0466216
24.35 -0.0483086
24.36 -0.0500202
24.37 -0.0517543
24.38 -0.0535084
24.39 -0.0552802
24.4 -0.0570667
24.41 -0.0588653
24.42 -0.0606732
24.43 -0.0624879
24.44 -0.064307
24.45 -0.0661283
24.46 -0.0679494
24.47 -0.0697683
24.48 -0.0715825
24.49 -0.0733896
24.5 -0.0751872
24.51 -0.0769729
24.52 -0.0787442
24.53 -0.0804989
24.54 -0.0822346
24.55 -0.0839494
24.56 -0.085642
24.57 -0.0873127
24.58 -0.0889622
24.59 -0.0905907
24.6 -0.0921988
24.61 -0.093787
24.62 -0.0953555
24.63 -0.096905
24.64 -0.0984357
24.65 -0.099948
24.66 -0.101442
24.67 -0.102917
24.68 -0.104373
24.69 -0.10581
24.7 -0.107226
24.71 -0.10862
24.72 -0.109991
24.73 -0.111339
24.74 -0.112662
24.75 -0.113959
24.76 -0.115228
24.77 -0.116469
24.78 -0.11768
24.79 -0.11886
24.8 -0.120008
24.81 -0.121123
24.82 -0.122205
24.83 -0.123254
24.84 -0.124268
24.85 -0.125249
24.86 -0.126196
24.87 -0.127109
24.88 -0.127989
24.89 -0.128836
24.9 -0.12965
24.91 -0.130433
24.92 -0.131185
24.93 -0.131909
24.94 -0.132604
24.95 -0.133273
24.96 -0.133917
24.97 -0.134537
24.98 -0.135135
24.99 -0.135711
25 -0.136268
