0.01 3.06025e-09
0.02 1.43798e-08
0.03 3.40617e-08
0.04 5.78145e-08
0.05 8.11349e-08
0.06 9.97587e-08
0.07 1.10073e-07
0.08 1.09432e-07
0.09 9.63609e-08
0.1 7.06578e-08
0.11 3.33917e-08
0.12 -1.32382e-08
0.13 -6.61824e-08
0.14 -1.21914e-07
0.15 -1.76793e-07
0.16 -2.27357e-07
0.17 -2.70606e-07
0.18 -3.04259e-07
0.19 -3.2694e-07
0.2 -3.38274e-07
0.21 -3.38877e-07
0.22 -3.30274e-07
0.23 -3.14724e-07
0.24 -2.95008e-07
0.25 -2.74178e-07
0.26 -2.55317e-07
0.27 -2.41294e-07
0.28 -2.34341e-07
0.29 -2.35649e-07
0.3 -2.4517e-07
0.31 -2.61601e-07
0.32 -2.82514e-07
0.33 -3.04422e-07
0.34 -3.2304e-07
0.35 -3.33976e-07
0.36 -3.33357e-07
0.37 -3.18297e-07
0.38 -2.87702e-07
0.39 -2.4306e-07
0.4 -1.88789e-07
0.41 -1.32057e-07
0.42 -8.15818e-08
0.43 -4.61846e-08
0.44 -3.40388e-08
0.45 -5.17696e-08
0.46 -1.03438e-07
0.47 -1.89827e-07
0.48 -3.07904e-07
0.49 -4.51018e-07
0.5 -6.09525e-07
0.51 -7.72004e-07
0.52 -9.26708e-07
0.53 -1.06222e-06
0.54 -1.16879e-06
0.55 -1.2396e-06
0.56 -1.27088e-06
0.57 -1.26234e-06
0.58 -1.21748e-06
0.59 -1.14315e-06
0.6 -1.04869e-06
0.61 -9.44944e-07
0.62 -8.43184e-07
0.63 -7.54076e-07
0.64 -6.86739e-07
0.65 -6.48029e-07
0.66 -6.4206e-07
0.67 -6.69984e-07
0.68 -7.30016e-07
0.69 -8.17642e-07
0.7 -9.25965e-07
0.71 -1.04611e-06
0.72 -1.16763e-06
0.73 -1.27897e-06
0.74 -1.3679e-06
0.75 -1.42214e-06
0.76 -1.43022e-06
0.77 -1.3828e-06
0.78 -1.27468e-06
0.79 -1.10724e-06
0.8 -8.89681e-07
0.81 -6.38301e-07
0.82 -3.74473e-07
0.83 -1.21683e-07
0.84 9.65142e-08
0.85 2.57306e-07
0.86 3.41429e-07
0.87 3.3857e-07
0.88 2.51724e-07
0.89 9.71432e-08
0.9 -9.96332e-08
0.91 -3.08277e-07
0.92 -4.97799e-07
0.93 -6.41461e-07
0.94 -7.21795e-07
0.95 -7.33161e-07
0.96 -6.82631e-07
0.97 -5.88167e-07
0.98 -4.71972e-07
0.99 -3.53254e-07
1 -2.44694e-07
1.01 -1.52097e-07
1.02 -7.3886e-08
1.03 -2.46325e-09
1.04 7.25362e-08
1.05 1.61066e-07
1.06 2.6857e-07
1.07 3.94039e-07
1.08 5.31651e-07
1.09 6.74136e-07
1.1 8.14304e-07
1.11 9.44389e-07
1.12 1.05794e-06
1.13 1.15212e-06
1.14 1.22728e-06
1.15 1.28556e-06
1.16 1.32884e-06
1.17 1.35615e-06
1.18 1.36154e-06
1.19 1.33656e-06
1.2 1.27428e-06
1.21 1.1685e-06
1.22 1.0129e-06
1.23 8.04417e-07
1.24 5.48734e-07
1.25 2.66928e-07
1.26 -2.39475e-09
1.27 -2.11987e-07
1.28 -3.19755e-07
1.29 -2.95263e-07
1.3 -1.22967e-07
1.31 1.91993e-07
1.32 6.22517e-07
1.33 1.12532e-06
1.34 1.65064e-06
1.35 2.15045e-06
1.36 2.58338e-06
1.37 2.9182e-06
1.38 3.13606e-06
1.39 3.23062e-06
1.4 3.20633e-06
1.41 3.07471e-06
1.42 2.84936e-06
1.43 2.54043e-06
1.44 2.15013e-06
1.45 1.67059e-06
1.46 1.08626e-06
1.47 3.81887e-07
1.48 -4.49757e-07
1.49 -1.40617e-06
1.5 -2.47259e-06
1.51 -3.61924e-06
1.52 -4.80258e-06
1.53 -5.96301e-06
1.54 -7.02318e-06
1.55 -7.88855e-06
1.56 -8.45437e-06
1.57 -8.62477e-06
1.58 -8.32973e-06
1.59 -7.53709e-06
1.6 -6.2664e-06
1.61 -4.59177e-06
1.62 -2.63049e-06
1.63 -5.31275e-07
1.64 1.54075e-06
1.65 3.42109e-06
1.66 4.9589e-06
1.67 6.02937e-06
1.68 6.54658e-06
1.69 6.47619e-06
1.7 5.84065e-06
1.71 4.71529e-06
1.72 3.22024e-06
1.73 1.50976e-06
1.74 -2.39866e-07
1.75 -1.84414e-06
1.76 -3.13254e-06
1.77 -3.97091e-06
1.78 -4.26906e-06
1.79 -3.98282e-06
1.8 -3.11899e-06
1.81 -1.73785e-06
1.82 5.41131e-08
1.83 2.11387e-06
1.84 4.26667e-06
1.85 6.31834e-06
1.86 8.07858e-06
1.87 9.38802e-06
1.88 1.01383e-05
1.89 1.02815e-05
1.9 9.83288e-06
1.91 8.86765e-06
1.92 7.51195e-06
1.93 5.92736e-06
1.94 4.28175e-06
1.95 2.71759e-06
1.96 1.33827e-06
1.97 2.04376e-07
1.98 -6.66745e-07
1.99 -1.29035e-06
2 -1.69221e-06
2.01 -1.88845e-06
2.02 -1.88194e-06
2.03 -1.66549e-06
2.04 -1.22543e-06
2.05 -5.52476e-07
2.06 3.47703e-07
2.07 1.44595e-06
2.08 2.67792e-06
2.09 3.94013e-06
2.1 5.09904e-06
2.11 6.00712e-06
2.12 6.51507e-06
2.13 6.48121e-06
2.14 5.79536e-06
2.15 4.40001e-06
2.16 2.29699e-06
2.17 -4.48199e-07
2.18 -3.71297e-06
2.19 -7.33799e-06
2.2 -1.11502e-05
2.21 -1.49738e-05
2.22 -1.86373e-05
2.23 -2.19824e-05
2.24 -2.48746e-05
2.25 -2.72195e-05
2.26 -2.89658e-05
2.27 -3.00838e-05
2.28 -3.05614e-05
2.29 -3.04167e-05
2.3 -2.96987e-05
2.31 -2.84811e-05
2.32 -2.68483e-05
2.33 -2.48749e-05
2.34 -2.26137e-05
2.35 -2.00962e-05
2.36 -1.73381e-05
2.37 -1.43489e-05
2.38 -1.11403e-05
2.39 -7.72241e-06
2.4 -4.12054e-06
2.41 -4.13128e-07
2.42 3.26204e-06
2.43 6.73769e-06
2.44 9.85149e-06
2.45 1.2467e-05
2.46 1.44843e-05
2.47 1.58386e-05
2.48 1.65009e-05
2.49 1.64957e-05
2.5 1.59134e-05
2.51 1.49119e-05
2.52 1.37015e-05
2.53 1.25096e-05
2.54 1.15544e-05
2.55 1.10307e-05
2.56 1.10848e-05
2.57 1.17764e-05
2.58 1.30559e-05
2.59 1.47671e-05
2.6 1.66696e-05
2.61 1.84815e-05
2.62 1.99261e-05
2.63 2.0776e-05
2.64 2.08848e-05
2.65 2.01999e-05
2.66 1.87637e-05
2.67 1.67034e-05
2.68 1.42063e-05
2.69 1.14858e-05
2.7 8.75665e-06
2.71 6.22496e-06
2.72 4.06961e-06
2.73 2.42836e-06
2.74 1.40312e-06
2.75 1.05634e-06
2.76 1.39195e-06
2.77 2.35234e-06
2.78 3.84909e-06
2.79 5.78458e-06
2.8 8.05643e-06
2.81 1.05622e-05
2.82 1.3179e-05
2.83 1.5747e-05
2.84 1.80792e-05
2.85 1.99797e-05
2.86 2.12667e-05
2.87 2.17831e-05
2.88 2.13957e-05
2.89 2.00148e-05
2.9 1.76246e-05
2.91 1.429e-05
2.92 1.01476e-05
2.93 5.39666e-06
2.94 2.91792e-07
2.95 -4.8786e-06
2.96 -9.81205e-06
2.97 -1.41941e-05
2.98 -1.77161e-05
2.99 -2.01168e-05
3 -2.12172e-05
3.01 -2.09446e-05
3.02 -1.93577e-05
3.03 -1.66534e-05
3.04 -1.31509e-05
3.05 -9.26509e-06
3.06 -5.47155e-06
3.07 -2.26385e-06
3.08 -1.02736e-07
3.09 6.42576e-07
3.1 -2.42656e-07
3.11 -2.77611e-06
3.12 -6.76507e-06
3.13 -1.18169e-05
3.14 -1.73946e-05
3.15 -2.29002e-05
3.16 -2.77417e-05
3.17 -3.13871e-05
3.18 -3.34165e-05
3.19 -3.35732e-05
3.2 -3.18061e-05
3.21 -2.82555e-05
3.22 -2.31984e-05
3.23 -1.70089e-05
3.24 -1.01181e-05
3.25 -2.97917e-06
3.26 3.96326e-06
3.27 1.03329e-05
3.28 1.58696e-05
3.29 2.04172e-05
3.3 2.3905e-05
3.31 2.637e-05
3.32 2.79507e-05
3.33 2.88242e-05
3.34 2.91455e-05
3.35 2.9007e-05
3.36 2.84188e-05
3.37 2.73177e-05
3.38 2.55892e-05
3.39 2.30844e-05
3.4 1.96438e-05
3.41 1.51313e-05
3.42 9.47606e-06
3.43 2.71409e-06
3.44 -5.00132e-06
3.45 -1.34121e-05
3.46 -2.21708e-05
3.47 -3.08364e-05
3.48 -3.88741e-05
3.49 -4.56899e-05
3.5 -5.06948e-05
3.51 -5.3375e-05
3.52 -5.33457e-05
3.53 -5.03999e-05
3.54 -4.45542e-05
3.55 -3.60899e-05
3.56 -2.5575e-05
3.57 -1.38091e-05
3.58 -1.69859e-06
3.59 9.84203e-06
3.6 1.9941e-05
3.61 2.78301e-05
3.62 3.2923e-05
3.63 3.48671e-05
3.64 3.35639e-05
3.65 2.9175e-05
3.66 2.20959e-05
3.67 1.28989e-05
3.68 2.27294e-06
3.69 -9.02221e-06
3.7 -2.01835e-05
3.71 -3.04252e-05
3.72 -3.90724e-05
3.73 -4.55992e-05
3.74 -4.96457e-05
3.75 -5.10625e-05
3.76 -4.99264e-05
3.77 -4.65181e-05
3.78 -4.12874e-05
3.79 -3.48131e-05
3.8 -2.7736e-05
3.81 -2.06737e-05
3.82 -1.41723e-05
3.83 -8.68388e-06
3.84 -4.52451e-06
3.85 -1.85768e-06
3.86 -7.30869e-07
3.87 -1.11733e-06
3.88 -2.94482e-06
3.89 -6.11757e-06
3.9 -1.05251e-05
3.91 -1.60542e-05
3.92 -2.25979e-05
3.93 -3.00342e-05
3.94 -3.81938e-05
3.95 -4.6853e-05
3.96 -5.57358e-05
3.97 -6.45022e-05
3.98 -7.27265e-05
3.99 -7.99048e-05
4 -8.55055e-05
4.01 -8.90248e-05
4.02 -9.00434e-05
4.03 -8.82782e-05
4.04 -8.36033e-05
4.05 -7.60599e-05
4.06 -6.58524e-05
4.07 -5.33087e-05
4.08 -3.88311e-05
4.09 -2.28728e-05
4.1 -5.92776e-06
4.11 1.14611e-05
4.12 2.86574e-05
4.13 4.49149e-05
4.14 5.9413e-05
4.15 7.1285e-05
4.16 7.96434e-05
4.17 8.36494e-05
4.18 8.26421e-05
4.19 7.62471e-05
4.2 6.44255e-05
4.21 4.75247e-05
4.22 2.6312e-05
4.23 1.98106e-06
4.24 -2.39013e-05
4.25 -4.95752e-05
4.26 -7.32974e-05
4.27 -9.34783e-05
4.28 -0.000108799
4.29 -0.000118313
4.3 -0.000121502
4.31 -0.000118331
4.32 -0.000109258
4.33 -9.51866e-05
4.34 -7.7347e-05
4.35 -5.71453e-05
4.36 -3.60309e-05
4.37 -1.5374e-05
4.38 3.6324e-06
4.39 2.00441e-05
4.4 3.32379e-05
4.41 4.2962e-05
4.42 4.93324e-05
4.43 5.2777e-05
4.44 5.39632e-05
4.45 5.36904e-05
4.46 5.27374e-05
4.47 5.17379e-05
4.48 5.11272e-05
4.49 5.11562e-05
4.5 5.19475e-05
4.51 5.35137e-05
4.52 5.57172e-05
4.53 5.82498e-05
4.54 6.06776e-05
4.55 6.24997e-05
4.56 6.32113e-05
4.57 6.23582e-05
4.58 5.95786e-05
4.59 5.4653e-05
4.6 4.75328e-05
4.61 3.83755e-05
4.62 2.75739e-05
4.63 1.5717e-05
4.64 3.52568e-06
4.65 -8.20172e-06
4.66 -1.86483e-05
4.67 -2.70167e-05
4.68 -3.25781e-05
4.69 -3.47719e-05
4.7 -3.33049e-05
4.71 -2.82346e-05
4.72 -1.99826e-05
4.73 -9.26657e-06
4.74 2.95769e-06
4.75 1.55342e-05
4.76 2.72187e-05
4.77 3.6842e-05
4.78 4.34323e-05
4.79 4.63259e-05
4.8 4.52213e-05
4.81 4.01436e-05
4.82 3.14424e-05
4.83 1.98102e-05
4.84 6.19435e-06
4.85 -8.34848e-06
4.86 -2.27391e-05
4.87 -3.59078e-05
4.88 -4.68738e-05
4.89 -5.48792e-05
4.9 -5.94532e-05
4.91 -6.04144e-05
4.92 -5.78731e-05
4.93 -5.22229e-05
4.94 -4.4121e-05
4.95 -3.4427e-05
4.96 -2.40981e-05
4.97 -1.40787e-05
4.98 -5.19852e-06
4.99 1.90346e-06
5 6.81988e-06
5.01 9.36814e-06
5.02 9.53943e-06
5.03 7.44751e-06
5.04 3.30092e-06
5.05 -2.61697e-06
5.06 -9.9899e-06
5.07 -1.85182e-05
5.08 -2.79025e-05
5.09 -3.78198e-05
5.1 -4.79628e-05
5.11 -5.80574e-05
5.12 -6.78175e-05
5.13 -7.69351e-05
5.14 -8.50943e-05
5.15 -9.19539e-05
5.16 -9.71248e-05
5.17 -0.000100171
5.18 -0.000100684
5.19 -9.83689e-05
5.2 -9.30744e-05
5.21 -8.48037e-05
5.22 -7.37615e-05
5.23 -6.0397e-05
5.24 -4.53938e-05
5.25 -2.95815e-05
5.26 -1.37998e-05
5.27 1.20775e-06
5.28 1.48385e-05
5.29 2.66373e-05
5.3 3.63072e-05
5.31 4.37294e-05
5.32 4.89296e-05
5.33 5.19886e-05
5.34 5.29851e-05
5.35 5.19966e-05
5.36 4.90697e-05
5.37 4.41623e-05
5.38 3.71787e-05
5.39 2.80856e-05
5.4 1.69982e-05
5.41 4.20124e-06
5.42 -9.84691e-06
5.43 -2.44972e-05
5.44 -3.89244e-05
5.45 -5.21906e-05
5.46 -6.33431e-05
5.47 -7.15473e-05
5.48 -7.62138e-05
5.49 -7.70627e-05
5.5 -7.41059e-05
5.51 -6.76177e-05
5.52 -5.81438e-05
5.53 -4.6488e-05
5.54 -3.36254e-05
5.55 -2.05735e-05
5.56 -8.30461e-06
5.57 2.27644e-06
5.58 1.03638e-05
5.59 1.53433e-05
5.6 1.68932e-05
5.61 1.50459e-05
5.62 1.0188e-05
5.63 3.00138e-06
5.64 -5.59723e-06
5.65 -1.45716e-05
5.66 -2.28911e-05
5.67 -2.95902e-05
5.68 -3.38359e-05
5.69 -3.49856e-05
5.7 -3.2634e-05
5.71 -2.66417e-05
5.72 -1.71296e-05
5.73 -4.50005e-06
5.74 1.05757e-05
5.75 2.72401e-05
5.76 4.45051e-05
5.77 6.12942e-05
5.78 7.65085e-05
5.79 8.90914e-05
5.8 9.80947e-05
5.81 0.000102749
5.82 0.000102506
5.83 9.70661e-05
5.84 8.64182e-05
5.85 7.08909e-05
5.86 5.11555e-05
5.87 2.81804e-05
5.88 3.16441e-06
5.89 -2.25467e-05
5.9 -4.75557e-05
5.91 -7.04888e-05
5.92 -9.00883e-05
5.93 -0.00010533
5.94 -0.0001155
5.95 -0.000120221
5.96 -0.000119414
5.97 -0.000113239
5.98 -0.00010208
5.99 -8.65564e-05
6 -6.74751e-05
6.01 -4.58003e-05
6.02 -2.26435e-05
6.03 8.0787e-07
6.04 2.34038e-05
6.05 4.4117e-05
6.06 6.20831e-05
6.07 7.66003e-05
6.08 8.71387e-05
6.09 9.33896e-05
6.1 9.5333e-05
6.11 9.3246e-05
6.12 8.76459e-05
6.13 7.92424e-05
6.14 6.89222e-05
6.15 5.77291e-05
6.16 4.6802e-05
6.17 3.73309e-05
6.18 3.05234e-05
6.19 2.74919e-05
6.2 2.90715e-05
6.21 3.56917e-05
6.22 4.73636e-05
6.23 6.36865e-05
6.24 8.38277e-05
6.25 0.000106582
6.26 0.000130525
6.27 0.000154149
6.28 0.000176014
6.29 0.000194916
6.3 0.00021001
6.31 0.000220875
6.32 0.000227569
6.33 0.000230604
6.34 0.000230854
6.35 0.000229456
6.36 0.000227628
6.37 0.000226412
6.38 0.000226463
6.39 0.000228007
6.4 0.000230897
6.41 0.000234691
6.42 0.000238805
6.43 0.000242677
6.44 0.000245866
6.45 0.000248193
6.46 0.000249823
6.47 0.000251178
6.48 0.000252751
6.49 0.000254944
6.5 0.000257906
6.51 0.000261362
6.52 0.00026459
6.53 0.000266527
6.54 0.000265865
6.55 0.000261134
6.56 0.000250874
6.57 0.000233897
6.58 0.000209492
6.59 0.00017764
6.6 0.000139173
6.61 9.57888e-05
6.62 4.99229e-05
6.63 4.52246e-06
6.64 -3.72799e-05
6.65 -7.2587e-05
6.66 -9.91465e-05
6.67 -0.000115622
6.68 -0.000121703
6.69 -0.000118095
6.7 -0.000106423
6.71 -8.90237e-05
6.72 -6.8675e-05
6.73 -4.83296e-05
6.74 -3.08047e-05
6.75 -1.84494e-05
6.76 -1.28961e-05
6.77 -1.49346e-05
6.78 -2.44623e-05
6.79 -4.05098e-05
6.8 -6.13804e-05
6.81 -8.49031e-05
6.82 -0.000108735
6.83 -0.000130639
6.84 -0.000148716
6.85 -0.000161604
6.86 -0.000168612
6.87 -0.000169765
6.88 -0.000165753
6.89 -0.00015776
6.9 -0.000147247
6.91 -0.000135705
6.92 -0.000124439
6.93 -0.000114414
6.94 -0.000106135
6.95 -9.96378e-05
6.96 -9.45931e-05
6.97 -9.04746e-05
6.98 -8.67929e-05
6.99 -8.32714e-05
7 -7.99178e-05
7.01 -7.70713e-05
7.02 -7.53322e-05
7.03 -7.53459e-05
7.04 -7.75864e-05
7.05 -8.21856e-05
7.06 -8.87835e-05
7.07 -9.64797e-05
7.08 -0.000103928
7.09 -0.000109507
7.1 -0.000111547
7.11 -0.000108586
7.12 -9.96215e-05
7.13 -8.44088e-05
7.14 -6.36533e-05
7.15 -3.89847e-05
7.16 -1.27603e-05
7.17 1.22383e-05
7.18 3.31662e-05
7.19 4.7496e-05
7.2 5.33442e-05
7.21 4.97361e-05
7.22 3.68029e-05
7.23 1.58362e-05
7.24 -1.08404e-05
7.25 -4.01346e-05
7.26 -6.8547e-05
7.27 -9.26426e-05
7.28 -0.000109525
7.29 -0.000117211
7.3 -0.000114876
7.31 -0.000102954
7.32 -8.30939e-05
7.33 -5.7913e-05
7.34 -3.05834e-05
7.35 -4.39196e-06
7.36 1.76951e-05
7.37 3.34341e-05
7.38 4.15765e-05
7.39 4.19792e-05
7.4 3.55487e-05
7.41 2.40446e-05
7.42 9.78208e-06
7.43 -4.76768e-06
7.44 -1.73878e-05
7.45 -2.63949e-05
7.46 -3.08187e-05
7.47 -3.05096e-05
7.48 -2.61258e-05
7.49 -1.90482e-05
7.5 -1.1225e-05
7.51 -4.91832e-06
7.52 -2.38904e-06
7.53 -5.55884e-06
7.54 -1.57248e-05
7.55 -3.33921e-05
7.56 -5.82753e-05
7.57 -8.94124e-05
7.58 -0.000125279
7.59 -0.000163946
7.6 -0.000203294
7.61 -0.000241165
7.62 -0.000275398
7.63 -0.000303873
7.64 -0.000324631
7.65 -0.00033608
7.66 -0.000337101
7.67 -0.000327032
7.68 -0.000305701
7.69 -0.000273461
7.7 -0.000231186
7.71 -0.000180311
7.72 -0.000123
7.73 -6.22057e-05
7.74 -1.50414e-06
7.75 5.51667e-05
7.76 0.0001039
7.77 0.000141293
7.78 0.000164826
7.79 0.000173088
7.8 0.000165868
7.81 0.000144173
7.82 0.000110152
7.83 6.68527e-05
7.84 1.79002e-05
7.85 -3.28048e-05
7.86 -8.13986e-05
7.87 -0.0001244
7.88 -0.000158967
7.89 -0.000183045
7.9 -0.00019547
7.91 -0.000196035
7.92 -0.00018544
7.93 -0.000165158
7.94 -0.00013727
7.95 -0.00010428
7.96 -6.89e-05
7.97 -3.38018e-05
7.98 -1.38188e-06
7.99 2.64193e-05
8 4.81789e-05
8.01 6.30114e-05
8.02 7.06086e-05
8.03 7.12203e-05
8.04 6.55484e-05
8.05 5.46065e-05
8.06 3.95907e-05
8.07 2.17975e-05
8.08 2.58392e-06
8.09 -1.66629e-05
8.1 -3.45488e-05
8.11 -4.96645e-05
8.12 -6.05743e-05
8.13 -6.59178e-05
8.14 -6.45869e-05
8.15 -5.58483e-05
8.16 -3.94242e-05
8.17 -1.55718e-05
8.18 1.48692e-05
8.19 5.04794e-05
8.2 8.93582e-05
8.21 0.000129255
8.22 0.000167706
8.23 0.000202287
8.24 0.000230888
8.25 0.000251866
8.26 0.000264135
8.27 0.000267244
8.28 0.000261409
8.29 0.000247415
8.3 0.000226472
8.31 0.000199994
8.32 0.000169357
8.33 0.00013575
8.34 0.00010013
8.35 6.32429e-05
8.36 2.57141e-05
8.37 -1.17838e-05
8.38 -4.83918e-05
8.39 -8.29772e-05
8.4 -0.000114091
8.41 -0.000140089
8.42 -0.000159372
8.43 -0.000170602
8.44 -0.00017285
8.45 -0.000165674
8.46 -0.000149143
8.47 -0.000123843
8.48 -9.08653e-05
8.49 -5.17932e-05
8.5 -8.64424e-06
8.51 3.62639e-05
8.52 8.04095e-05
8.53 0.00012115
8.54 0.000155855
8.55 0.000182104
8.56 0.000197976
8.57 0.000202318
8.58 0.000194919
8.59 0.000176554
8.6 0.000148962
8.61 0.00011472
8.62 7.70792e-05
8.63 3.97373e-05
8.64 6.52174e-06
8.65 -1.89532e-05
8.66 -3.36168e-05
8.67 -3.52738e-05
8.68 -2.28635e-05
8.69 3.37859e-06
8.7 4.18957e-05
8.71 9.00004e-05
8.72 0.000144105
8.73 0.000199962
8.74 0.000253071
8.75 0.000299121
8.76 0.000334328
8.77 0.000355697
8.78 0.000361285
8.79 0.000350415
8.8 0.000323698
8.81 0.000282946
8.82 0.00023102
8.83 0.000171656
8.84 0.00010924
8.85 4.84537e-05
8.86 -6.15395e-06
8.87 -5.06189e-05
8.88 -8.19266e-05
8.89 -9.81928e-05
8.9 -9.87486e-05
8.91 -8.4183e-05
8.92 -5.62964e-05
8.93 -1.79499e-05
8.94 2.71417e-05
8.95 7.46958e-05
8.96 0.000120255
8.97 0.000159611
8.98 0.000189192
8.99 0.000206328
9 0.000209395
9.01 0.000197893
9.02 0.000172455
9.03 0.000134733
9.04 8.7262e-05
9.05 3.33372e-05
9.06 -2.31906e-05
9.07 -7.82112e-05
9.08 -0.000127719
9.09 -0.000168198
9.1 -0.000196979
9.11 -0.000212542
9.12 -0.000214656
9.13 -0.000204344
9.14 -0.000183757
9.15 -0.000155926
9.16 -0.000124352
9.17 -9.2545e-05
9.18 -6.35768e-05
9.19 -3.97494e-05
9.2 -2.23681e-05
9.21 -1.15814e-05
9.22 -6.38133e-06
9.23 -4.79689e-06
9.24 -4.25673e-06
9.25 -2.08718e-06
9.26 3.99473e-06
9.27 1.55247e-05
9.28 3.30548e-05
9.29 5.60367e-05
9.3 8.29592e-05
9.31 0.000111732
9.32 0.000140036
9.33 0.000165559
9.34 0.000186244
9.35 0.000200504
9.36 0.00020737
9.37 0.000206552
9.38 0.000198465
9.39 0.000184165
9.4 0.00016515
9.41 0.000143116
9.42 0.000119736
9.43 9.64307e-05
9.44 7.41534e-05
9.45 5.3294e-05
9.46 3.37625e-05
9.47 1.51627e-05
9.48 -3.03306e-06
9.49 -2.12493e-05
9.5 -3.96196e-05
9.51 -5.79127e-05
9.52 -7.55259e-05
9.53 -9.15724e-05
9.54 -0.000105086
9.55 -0.000115265
9.56 -0.000121642
9.57 -0.000124219
9.58 -0.000123559
9.59 -0.000120766
9.6 -0.000117317
9.61 -0.00011481
9.62 -0.000114694
9.63 -0.000118018
9.64 -0.000125213
9.65 -0.000135995
9.66 -0.000149409
9.67 -0.000163953
9.68 -0.00017774
9.69 -0.000188732
9.7 -0.000195043
9.71 -0.000195239
9.72 -0.000188568
9.73 -0.000175047
9.74 -0.000155523
9.75 -0.000131649
9.76 -0.000105713
9.77 -8.03702e-05
9.78 -5.83426e-05
9.79 -4.21562e-05
9.8 -3.39153e-05
9.81 -3.51083e-05
9.82 -4.64499e-05
9.83 -6.78093e-05
9.84 -9.82387e-05
9.85 -0.000136061
9.86 -0.000178968
9.87 -0.000224151
9.88 -0.000268521
9.89 -0.000309014
9.9 -0.000342869
9.91 -0.000367772
9.92 -0.000382015
9.93 -0.000384667
9.94 -0.000375643
9.95 -0.000355691
9.96 -0.000326382
9.97 -0.00029009
9.98 -0.000249884
9.99 -0.000209294
10 -0.000171978
10.01 -0.000141369
10.02 -0.000120395
10.03 -0.00011122
10.04 -0.000114963
10.05 -0.000131466
10.06 -0.000159221
10.07 -0.000195513
10.08 -0.000236703
10.09 -0.000278622
10.1 -0.000317
10.11 -0.000347891
10.12 -0.000368156
10.13 -0.000375867
10.14 -0.000370492
10.15 -0.000352886
10.16 -0.000325168
10.17 -0.000290421
10.18 -0.000252259
10.19 -0.000214396
10.2 -0.000180236
10.21 -0.000152564
10.22 -0.00013337
10.23 -0.000123721
10.24 -0.000123682
10.25 -0.000132381
10.26 -0.000148205
10.27 -0.000169
10.28 -0.00019228
10.29 -0.000215442
10.3 -0.000236011
10.31 -0.000251839
10.32 -0.000261217
10.33 -0.000263
10.34 -0.00025676
10.35 -0.000242858
10.36 -0.000222376
10.37 -0.000196979
10.38 -0.000168748
10.39 -0.00013996
10.4 -0.000112829
10.41 -8.92703e-05
10.42 -7.06469e-05
10.43 -5.76224e-05
10.44 -5.01032e-05
10.45 -4.72607e-05
10.46 -4.76755e-05
10.47 -4.96022e-05
10.48 -5.12569e-05
10.49 -5.10857e-05
10.5 -4.80259e-05
10.51 -4.16436e-05
10.52 -3.21357e-05
10.53 -2.02727e-05
10.54 -7.25398e-06
10.55 5.51858e-06
10.56 1.66467e-05
10.57 2.48776e-05
10.58 2.92224e-05
10.59 2.90779e-05
10.6 2.42972e-05
10.61 1.51545e-05
10.62 2.26822e-06
10.63 -1.34734e-05
10.64 -3.10353e-05
10.65 -4.93593e-05
10.66 -6.74394e-05
10.67 -8.43894e-05
10.68 -9.94688e-05
10.69 -0.000112062
10.7 -0.000121648
10.71 -0.00012781
10.72 -0.000130324
10.73 -0.000129195
10.74 -0.000124653
10.75 -0.000117165
10.76 -0.000107418
10.77 -9.62057e-05
10.78 -8.43363e-05
10.79 -7.25552e-05
10.8 -6.1514e-05
10.81 -5.174e-05
10.82 -4.35677e-05
10.83 -3.71005e-05
10.84 -3.22455e-05
10.85 -2.87607e-05
10.86 -2.63355e-05
10.87 -2.46833e-05
10.88 -2.35531e-05
10.89 -2.27107e-05
10.9 -2.19603e-05
10.91 -2.11397e-05
10.92 -2.00483e-05
10.93 -1.8374e-05
10.94 -1.56577e-05
10.95 -1.1319e-05
10.96 -4.73153e-06
10.97 4.68333e-06
10.98 1.73464e-05
10.99 3.33969e-05
11 5.25821e-05
11.01 7.42529e-05
11.02 9.74253e-05
11.03 0.000120837
11.04 0.000143037
11.05 0.000162555
11.06 0.000178115
11.07 0.000188777
11.08 0.00019399
11.09 0.000193654
11.1 0.000188159
11.11 0.000178391
11.12 0.000165683
11.13 0.000151692
11.14 0.000138179
11.15 0.000126787
11.16 0.000118963
11.17 0.0001159
11.18 0.000118495
11.19 0.000127295
11.2 0.000142443
11.21 0.000163654
11.22 0.00019024
11.23 0.000221108
11.24 0.000254687
11.25 0.000288886
11.26 0.000321179
11.27 0.000348846
11.28 0.000369308
11.29 0.000380484
11.3 0.000381096
11.31 0.000370833
11.32 0.000350415
11.33 0.000321579
11.34 0.000286987
11.35 0.000250071
11.36 0.000214743
11.37 0.000184933
11.38 0.000164069
11.39 0.000154641
11.4 0.000157942
11.41 0.000173935
11.42 0.00020117
11.43 0.000236902
11.44 0.000277418
11.45 0.000318467
11.46 0.000355775
11.47 0.000385565
11.48 0.000405015
11.49 0.000412625
11.5 0.000408418
11.51 0.000393896
11.52 0.000371792
11.53 0.000345692
11.54 0.000319573
11.55 0.000297316
11.56 0.000282186
11.57 0.000276424
11.58 0.000281032
11.59 0.000295767
11.6 0.000319322
11.61 0.000349592
11.62 0.000383914
11.63 0.000419324
11.64 0.000452872
11.65 0.000483201
11.66 0.000511248
11.67 0.000538104
11.68 0.000564168
11.69 0.000589731
11.7 0.000614908
11.71 0.000639589
11.72 0.000663393
11.73 0.000685665
11.74 0.000705467
11.75 0.00072156
11.76 0.000732353
11.77 0.000735833
11.78 0.000729546
11.79 0.000711282
11.8 0.000680024
11.81 0.000636053
11.82 0.000580924
11.83 0.000517497
11.84 0.000449645
11.85 0.000381874
11.86 0.000318789
11.87 0.000264518
11.88 0.000222289
11.89 0.000194172
11.9 0.000180919
11.91 0.000181939
11.92 0.000195405
11.93 0.000218452
11.94 0.00024747
11.95 0.000278459
11.96 0.000307403
11.97 0.000330652
11.98 0.00034533
11.99 0.000349672
12 0.000343158
12.01 0.000326485
12.02 0.000301493
12.03 0.000271036
12.04 0.000238689
12.05 0.000208321
12.06 0.000183646
12.07 0.000167789
12.08 0.000162887
12.09 0.000169764
12.1 0.000187833
12.11 0.000215215
12.12 0.000248955
12.13 0.000285264
12.14 0.000319859
12.15 0.000348431
12.16 0.00036711
12.17 0.000372919
12.18 0.000364144
12.19 0.000340495
12.2 0.000303061
12.21 0.00025424
12.22 0.000197577
12.23 0.000137371
12.24 7.81553e-05
12.25 2.42966e-05
12.26 -2.03092e-05
12.27 -5.25892e-05
12.28 -7.05994e-05
12.29 -7.3656e-05
12.3 -6.237e-05
12.31 -3.85518e-05
12.32 -4.92699e-06
12.33 3.52067e-05
12.34 7.82838e-05
12.35 0.000120756
12.36 0.000159417
12.37 0.000191752
12.38 0.000216171
12.39 0.000232059
12.4 0.000239762
12.41 0.000240496
12.42 0.000236053
12.43 0.000228519
12.44 0.000220147
12.45 0.000213184
12.46 0.000209618
12.47 0.000211081
12.48 0.000218912
12.49 0.000234191
12.5 0.000257716
12.51 0.000289937
12.52 0.000330877
12.53 0.000380049
12.54 0.000436327
12.55 0.000497861
12.56 0.000562153
12.57 0.000626241
12.58 0.000687013
12.59 0.000741611
12.6 0.000789029
12.61 0.000831166
12.62 0.000870895
12.63 0.000910576
12.64 0.000952176
12.65 0.000997363
12.66 0.00104751
12.67 0.00110356
12.68 0.00116605
12.69 0.00123499
12.7 0.00130994
12.71 0.00139012
12.72 0.00147455
12.73 0.00156207
12.74 0.0016515
12.75 0.0017416
12.76 0.00183125
12.77 0.00191944
12.78 0.00200525
12.79 0.00208787
12.8 0.00216656
12.81 0.0022406
12.82 0.00230917
12.83 0.00237137
12.84 0.00242629
12.85 0.00247302
12.86 0.00251079
12.87 0.00253897
12.88 0.00255713
12.89 0.00256517
12.9 0.00256325
12.91 0.00255203
12.92 0.00253296
12.93 0.0025082
12.94 0.00248025
12.95 0.00245174
12.96 0.00242513
12.97 0.00240254
12.98 0.00238557
12.99 0.00237517
13 0.00237164
13.01 0.00237466
13.02 0.00238348
13.03 0.002397
13.04 0.00241387
13.05 0.0024325
13.06 0.00245116
13.07 0.00246802
13.08 0.00248129
13.09 0.00248932
13.1 0.00249076
13.11 0.00248464
13.12 0.00247054
13.13 0.00244878
13.14 0.00242042
13.15 0.00238724
13.16 0.00235161
13.17 0.00231632
13.18 0.00228425
13.19 0.00225805
13.2 0.0022399
13.21 0.00223115
13.22 0.00223223
13.23 0.00224259
13.24 0.0022608
13.25 0.00228464
13.26 0.00231137
13.27 0.00233793
13.28 0.00236131
13.29 0.00237874
13.3 0.002388
13.31 0.00238758
13.32 0.00237673
13.33 0.00235549
13.34 0.00232479
13.35 0.00228634
13.36 0.00224259
13.37 0.0021965
13.38 0.00215132
13.39 0.00211026
13.4 0.00207618
13.41 0.00205143
13.42 0.00203758
13.43 0.00203537
13.44 0.00204465
13.45 0.0020644
13.46 0.00209288
13.47 0.00212778
13.48 0.00216643
13.49 0.00220601
13.5 0.00224379
13.51 0.0022774
13.52 0.00230499
13.53 0.0023254
13.54 0.00233832
13.55 0.00234424
13.56 0.0023444
13.57 0.00234054
13.58 0.00233464
13.59 0.00232862
13.6 0.00232415
13.61 0.00232257
13.62 0.0023248
13.63 0.00233137
13.64 0.00234235
13.65 0.00235734
13.66 0.00237558
13.67 0.00239605
13.68 0.0024175
13.69 0.00243849
13.7 0.0024575
13.71 0.00247306
13.72 0.00248393
13.73 0.00248919
13.74 0.00248822
13.75 0.00248075
13.76 0.00246687
13.77 0.00244688
13.78 0.0024213
13.79 0.00239077
13.8 0.00235594
13.81 0.0023174
13.82 0.00227559
13.83 0.00223113
13.84 0.00218512
13.85 0.00213939
13.86 0.00209641
13.87 0.00205882
13.88 0.00202887
13.89 0.00200802
13.9 0.00199675
13.91 0.00199466
13.92 0.00200052
13.93 0.00201236
13.94 0.00202765
13.95 0.00204363
13.96 0.00205753
13.97 0.00206693
13.98 0.00206994
13.99 0.00206531
14 0.00205249
14.01 0.00203168
14.02 0.00200378
14.03 0.00197039
14.04 0.00193361
14.05 0.00189587
14.06 0.00185959
14.07 0.00182688
14.08 0.0017993
14.09 0.00177768
14.1 0.00176203
14.11 0.00175152
14.12 0.00174455
14.13 0.00173895
14.14 0.00173214
14.15 0.00172141
14.16 0.00170422
14.17 0.00167777
14.18 0.00163848
14.19 0.00158273
14.2 0.00150727
14.21 0.00140896
14.22 0.00128478
14.23 0.0011318
14.24 0.000947107
14.25 0.000727792
14.26 0.000470965
14.27 0.000173832
14.28 -0.000166211
14.29 -0.000551506
14.3 -0.000984046
14.31 -0.00146539
14.32 -0.00199663
14.33 -0.00257836
14.34 -0.00321081
14.35 -0.00389404
14.36 -0.00462806
14.37 -0.00541305
14.38 -0.00624937
14.39 -0.00713751
14.4 -0.00807797
14.41 -0.00907124
14.42 -0.0101177
14.43 -0.0112177
14.44 -0.0123711
14.45 -0.0135774
14.46 -0.0148354
14.47 -0.0161436
14.48 -0.0175001
14.49 -0.0189027
14.5 -0.0203491
14.51 -0.0218373
14.52 -0.023365
14.53 -0.0249303
14.54 -0.0265314
14.55 -0.0281667
14.56 -0.0298345
14.57 -0.0315332
14.58 -0.0332614
14.59 -0.0350175
14.6 -0.0367999
14.61 -0.0386067
14.62 -0.0404356
14.63 -0.0422839
14.64 -0.0441479
14.65 -0.0460235
14.66 -0.0479056
14.67 -0.0497886
14.68 -0.051667
14.69 -0.0535352
14.7 -0.0553884
14.71 -0.0572219
14.72 -0.0590312
14.73 -0.0608113
14.74 -0.0625564
14.75 -0.0642599
14.76 -0.0659147
14.77 -0.0675142
14.78 -0.0690518
14.79 -0.0705216
14.8 -0.0719176
14.81 -0.0732341
14.82 -0.0744657
14.83 -0.0756072
14.84 -0.0766537
14.85 -0.0776008
14.86 -0.0784443
14.87 -0.0791801
14.88 -0.0798044
14.89 -0.0803136
14.9 -0.080704
14.91 -0.0809721
14.92 -0.0811145
14.93 -0.0811279
14.94 -0.0810093
14.95 -0.0807645
14.96 -0.0804163
14.97 -0.0799973
14.98 -0.0795256
14.99 -0.0789947
15 -0.0783963
15.01 -0.0777305
15.02 -0.0769991
15.03 -0.076205
15.04 -0.0753521
15.05 -0.0744449
15.06 -0.0734887
15.07 -0.0724895
15.08 -0.0714539
15.09 -0.070388
15.1 -0.0692981
15.11 -0.0681902
15.12 -0.06707
15.13 -0.0659436
15.14 -0.0648165
15.15 -0.0636943
15.16 -0.062582
15.17 -0.0614843
15.18 -0.0604049
15.19 -0.059347
15.2 -0.0583135
15.21 -0.0573069
15.22 -0.0563297
15.23 -0.0553847
15.24 -0.0544746
15.25 -0.0536026
15.26 -0.0527716
15.27 -0.0519855
15.28 -0.0512481
15.29 -0.0505632
15.3 -0.0499341
15.31 -0.0493634
15.32 -0.0488529
15.33 -0.048404
15.34 -0.0480172
15.35 -0.0476933
15.36 -0.047433
15.37 -0.0472371
15.38 -0.0471064
15.39 -0.0470417
15.4 -0.0470432
15.41 -0.0471094
15.42 -0.0472337
15.43 -0.0474036
15.44 -0.0476024
15.45 -0.0478107
15.46 -0.0480081
15.47 -0.0481825
15.48 -0.0483334
15.49 -0.0484621
15.5 -0.0485658
15.51 -0.0486411
15.52 -0.048684
15.53 -0.0486902
15.54 -0.0486555
15.55 -0.0485786
15.56 -0.0484636
15.57 -0.0483183
15.58 -0.048152
15.59 -0.0479761
15.6 -0.0478021
15.61 -0.0476367
15.62 -0.0474768
15.63 -0.0473161
15.64 -0.0471494
15.65 -0.0469713
15.66 -0.0467769
15.67 -0.0465612
15.68 -0.0463196
15.69 -0.0460477
15.7 -0.0457412
15.71 -0.0453962
15.72 -0.0450086
15.73 -0.0445747
15.74 -0.0440907
15.75 -0.043553
15.76 -0.0429581
15.77 -0.0423026
15.78 -0.0415833
15.79 -0.0407972
15.8 -0.0399417
15.81 -0.0390145
15.82 -0.0380137
15.83 -0.0369378
15.84 -0.0357859
15.85 -0.0345575
15.86 -0.0332525
15.87 -0.0318712
15.88 -0.0304139
15.89 -0.0288813
15.9 -0.0272744
15.91 -0.0255946
15.92 -0.0238432
15.93 -0.0220216
15.94 -0.0201312
15.95 -0.0181736
15.96 -0.0161507
15.97 -0.0140648
15.98 -0.0119185
15.99 -0.00971474
16 -0.00745715
16.01 -0.00514977
16.02 -0.00279729
16.03 -0.000405213
16.04 0.00202018
16.05 0.00447187
16.06 0.0069423
16.07 0.00942379
16.08 0.0119088
16.09 0.0143902
16.1 0.0168611
16.11 0.0193147
16.12 0.0217447
16.13 0.0241448
16.14 0.0265088
16.15 0.0288307
16.16 0.0311046
16.17 0.0333247
16.18 0.0354852
16.19 0.0375808
16.2 0.0396061
16.21 0.0415562
16.22 0.043427
16.23 0.0452146
16.24 0.0469161
16.25 0.0485297
16.26 0.0500544
16.27 0.05149
16.28 0.052837
16.29 0.0540961
16.3 0.0552684
16.31 0.0563552
16.32 0.0573579
16.33 0.0582782
16.34 0.0591177
16.35 0.0598786
16.36 0.0605626
16.37 0.061172
16.38 0.0617087
16.39 0.0621749
16.4 0.0625729
16.41 0.0629051
16.42 0.0631739
16.43 0.0633814
16.44 0.0635297
16.45 0.0636209
16.46 0.0636572
16.47 0.0636404
16.48 0.0635747
16.49 0.0634683
16.5 0.0633333
16.51 0.0631836
16.52 0.0630341
16.53 0.0628992
16.54 0.0627915
16.55 0.0627187
16.56 0.0626821
16.57 0.0626803
16.58 0.0627122
16.59 0.0627743
16.6 0.0628587
16.61 0.0629555
16.62 0.0630541
16.63 0.0631441
16.64 0.0632156
16.65 0.0632607
16.66 0.0632736
16.67 0.0632515
16.68 0.0631946
16.69 0.0631061
16.7 0.0629918
16.71 0.0628596
16.72 0.0627194
16.73 0.0625818
16.74 0.0624521
16.75 0.0623268
16.76 0.0622019
16.77 0.0620762
16.78 0.0619487
16.79 0.0618186
16.8 0.0616856
16.81 0.0615493
16.82 0.0614096
16.83 0.0612665
16.84 0.0611201
16.85 0.0609705
16.86 0.0608178
16.87 0.060662
16.88 0.0605031
16.89 0.0603406
16.9 0.0601741
16.91 0.060003
16.92 0.0598266
16.93 0.0596443
16.94 0.0594556
16.95 0.0592599
16.96 0.0590571
16.97 0.0588468
16.98 0.0586289
16.99 0.0584035
17 0.0581705
17.01 0.0579302
17.02 0.0576827
17.03 0.0574281
17.04 0.0571665
17.05 0.056898
17.06 0.0566224
17.07 0.05634
17.08 0.0560509
17.09 0.0557552
17.1 0.0554531
17.11 0.0551446
17.12 0.0548299
17.13 0.054509
17.14 0.054182
17.15 0.0538493
17.16 0.0535108
17.17 0.0531668
17.18 0.0528173
17.19 0.0524625
17.2 0.0521026
17.21 0.0517378
17.22 0.0513684
17.23 0.0509945
17.24 0.0506165
17.25 0.0502345
17.26 0.0498484
17.27 0.0494584
17.28 0.0490642
17.29 0.0486656
17.3 0.0482623
17.31 0.0478541
17.32 0.0474407
17.33 0.047022
17.34 0.0465974
17.35 0.0461667
17.36 0.0457291
17.37 0.0452837
17.38 0.0448291
17.39 0.0443636
17.4 0.0438851
17.41 0.0433913
17.42 0.0428792
17.43 0.042346
17.44 0.0417891
17.45 0.0412062
17.46 0.0405956
17.47 0.0399564
17.48 0.039288
17.49 0.0385903
17.5 0.0378636
17.51 0.0371077
17.52 0.036323
17.53 0.0355093
17.54 0.0346668
17.55 0.0337956
17.56 0.0328959
17.57 0.0319685
17.58 0.0310139
17.59 0.0300334
17.6 0.0290284
17.61 0.0280007
17.62 0.0269525
17.63 0.0258866
17.64 0.0248059
17.65 0.0237137
17.66 0.0226134
17.67 0.0215086
17.68 0.0204032
17.69 0.0193008
17.7 0.0182051
17.71 0.0171195
17.72 0.0160468
17.73 0.0149896
17.74 0.0139498
17.75 0.0129295
17.76 0.0119307
17.77 0.0109557
17.78 0.0100069
17.79 0.00908738
17.8 0.00820034
17.81 0.00734908
17.82 0.00653683
17.83 0.00576668
17.84 0.00504153
17.85 0.00436415
17.86 0.00373711
17.87 0.00316275
17.88 0.00264305
17.89 0.00217952
17.9 0.00177313
17.91 0.00142424
17.92 0.00113265
17.93 0.000897759
17.94 0.000718789
17.95 0.000594771
17.96 0.000524528
17.97 0.00050669
17.98 0.00053974
17.99 0.000619344
18 0.000735688
18.01 0.000875749
18.02 0.00102541
18.03 0.00117004
18.04 0.001296
18.05 0.0013919
18.06 0.00145179
18.07 0.00147605
18.08 0.0014666
18.09 0.00142572
18.1 0.00135844
18.11 0.00127211
18.12 0.00117543
18.13 0.00107786
18.14 0.000988769
18.15 0.000916559
18.16 0.000867939
18.17 0.000847355
18.18 0.000856624
18.19 0.000894819
18.2 0.000958465
18.21 0.00104193
18.22 0.0011379
18.23 0.00123803
18.24 0.00133377
18.25 0.00141713
18.26 0.00148141
18.27 0.00152303
18.28 0.00154223
18.29 0.00154074
18.3 0.00152065
18.31 0.00148546
18.32 0.00144009
18.33 0.00139025
18.34 0.00134182
18.35 0.00130034
18.36 0.00127036
18.37 0.00125506
18.38 0.00125602
18.39 0.00127324
18.4 0.00130522
18.41 0.00134923
18.42 0.0014016
18.43 0.0014582
18.44 0.00151487
18.45 0.0015678
18.46 0.0016156
18.47 0.0016604
18.48 0.00170503
18.49 0.00175171
18.5 0.00180254
18.51 0.00185943
18.52 0.00192401
18.53 0.00199763
18.54 0.00208138
18.55 0.00217608
18.56 0.0022823
18.57 0.00240037
18.58 0.0025305
18.59 0.00267289
18.6 0.00282769
18.61 0.00299511
18.62 0.00317536
18.63 0.00336864
18.64 0.00357517
18.65 0.00379507
18.66 0.00402834
18.67 0.00427465
18.68 0.00453323
18.69 0.00480263
18.7 0.00508061
18.71 0.00536417
18.72 0.0056495
18.73 0.0059322
18.74 0.00620761
18.75 0.00647116
18.76 0.00671859
18.77 0.00694581
18.78 0.00714891
18.79 0.00732411
18.8 0.00746771
18.81 0.00757609
18.82 0.00764574
18.83 0.00767317
18.84 0.00765497
18.85 0.0075898
18.86 0.00748097
18.87 0.00733579
18.88 0.00716441
18.89 0.00697931
18.9 0.00679415
18.91 0.00661788
18.92 0.00645015
18.93 0.00628743
18.94 0.00612752
18.95 0.00596861
18.96 0.00580908
18.97 0.00564731
18.98 0.00548164
18.99 0.0053103
19 0.00513119
19.01 0.00494196
19.02 0.00474
19.03 0.00452256
19.04 0.00428687
19.05 0.00403039
19.06 0.00375095
19.07 0.00344682
19.08 0.00311667
19.09 0.00275958
19.1 0.00237495
19.11 0.00196228
19.12 0.00152095
19.13 0.00105012
19.14 0.000548836
19.15 1.61562e-05
19.16 -0.000548657
19.17 -0.0011459
19.18 -0.00177518
19.19 -0.00243531
19.2 -0.00312428
19.21 -0.00383939
19.22 -0.00457734
19.23 -0.00533447
19.24 -0.00610692
19.25 -0.00689107
19.26 -0.00768392
19.27 -0.00848326
19.28 -0.00928754
19.29 -0.0100955
19.3 -0.010906
19.31 -0.0117172
19.32 -0.0125276
19.33 -0.013335
19.34 -0.0141369
19.35 -0.0149305
19.36 -0.0157127
19.37 -0.0164799
19.38 -0.0172288
19.39 -0.0179563
19.4 -0.0186592
19.41 -0.0193349
19.42 -0.0199804
19.43 -0.0205929
19.44 -0.0211701
19.45 -0.0217093
19.46 -0.0222082
19.47 -0.0226646
19.48 -0.0230764
19.49 -0.0234418
19.5 -0.0237589
19.51 -0.0240265
19.52 -0.0242434
19.53 -0.0244087
19.54 -0.0245219
19.55 -0.0245829
19.56 -0.0245922
19.57 -0.0245507
19.58 -0.0244628
19.59 -0.0243388
19.6 -0.0241923
19.61 -0.024038
19.62 -0.0238907
19.63 -0.0237643
19.64 -0.0236704
19.65 -0.0236141
19.66 -0.0235935
19.67 -0.0236063
19.68 -0.0236505
19.69 -0.0237211
19.7 -0.023811
19.71 -0.0239118
19.72 -0.0240145
19.73 -0.0241101
19.74 -0.0241907
19.75 -0.0242498
19.76 -0.0242827
19.77 -0.0242875
19.78 -0.0242646
19.79 -0.0242168
19.8 -0.0241496
19.81 -0.0240697
19.82 -0.0239852
19.83 -0.0239044
19.84 -0.023835
19.85 -0.0237838
19.86 -0.0237556
19.87 -0.0237531
19.88 -0.0237767
19.89 -0.0238242
19.9 -0.023891
19.91 -0.023971
19.92 -0.0240566
19.93 -0.0241398
19.94 -0.0242129
19.95 -0.0242696
19.96 -0.0243052
19.97 -0.0243175
19.98 -0.0243067
19.99 -0.0242754
20 -0.0242282
20.01 -0.0241713
20.02 -0.0241116
20.03 -0.0240558
20.04 -0.0240098
20.05 -0.0239781
20.06 -0.0239628
20.07 -0.0239642
20.08 -0.0239807
20.09 -0.0240084
20.1 -0.0240425
20.11 -0.0240771
20.12 -0.0241063
20.13 -0.0241252
20.14 -0.0241298
20.15 -0.0241178
20.16 -0.0240885
20.17 -0.0240429
20.18 -0.0239839
20.19 -0.0239157
20.2 -0.0238434
20.21 -0.0237728
20.22 -0.0237096
20.23 -0.0236586
20.24 -0.023623
20.25 -0.0236049
20.26 -0.0236045
20.27 -0.0236205
20.28 -0.0236502
20.29 -0.0236901
20.3 -0.0237359
20.31 -0.023783
20.32 -0.0238272
20.33 -0.0238645
20.34 -0.0238921
20.35 -0.0239079
20.36 -0.0239112
20.37 -0.0239021
20.38 -0.0238815
20.39 -0.0238512
20.4 -0.0238134
20.41 -0.0237704
20.42 -0.023725
20.43 -0.0236795
20.44 -0.0236363
20.45 -0.0235974
20.46 -0.0235642
20.47 -0.0235366
20.48 -0.0235117
20.49 -0.0234866
20.5 -0.0234591
20.51 -0.0234272
20.52 -0.0233889
20.53 -0.023342
20.54 -0.0232846
20.55 -0.0232148
20.56 -0.0231307
20.57 -0.0230308
20.58 -0.0229138
20.59 -0.0227791
20.6 -0.0226264
20.61 -0.0224561
20.62 -0.0222688
20.63 -0.0220654
20.64 -0.0218469
20.65 -0.0216143
20.66 -0.0213684
20.67 -0.0211103
20.68 -0.0208409
20.69 -0.0205608
20.7 -0.0202708
20.71 -0.0199712
20.72 -0.0196624
20.73 -0.0193449
20.74 -0.019019
20.75 -0.018685
20.76 -0.0183433
20.77 -0.0179942
20.78 -0.0176379
20.79 -0.0172744
20.8 -0.0169034
20.81 -0.0165241
20.82 -0.0161354
20.83 -0.015736
20.84 -0.0153242
20.85 -0.0148985
20.86 -0.0144577
20.87 -0.0140009
20.88 -0.0135274
20.89 -0.0130371
20.9 -0.0125301
20.91 -0.0120067
20.92 -0.0114674
20.93 -0.0109126
20.94 -0.0103429
20.95 -0.00975883
20.96 -0.00916114
20.97 -0.00855082
20.98 -0.00792914
20.99 -0.00729767
21 -0.0066583
21.01 -0.00601331
21.02 -0.00536533
21.03 -0.00471726
21.04 -0.0040722
21.05 -0.00343317
21.06 -0.00280304
21.07 -0.00218454
21.08 -0.0015803
21.09 -0.000992869
21.1 -0.000424711
21.11 0.000121998
21.12 0.000645472
21.13 0.00114434
21.14 0.00161759
21.15 0.00206451
21.16 0.00248451
21.17 0.00287713
21.18 0.00324197
21.19 0.00357869
21.2 0.00388694
21.21 0.00416643
21.22 0.00441694
21.23 0.00463824
21.24 0.00483022
21.25 0.00499286
21.26 0.00512635
21.27 0.0052311
21.28 0.00530775
21.29 0.00535715
21.3 0.00538032
21.31 0.00537835
21.32 0.00535297
21.33 0.0053075
21.34 0.00524688
21.35 0.00517714
21.36 0.00510478
21.37 0.00503614
21.38 0.00497674
21.39 0.00493086
21.4 0.0049011
21.41 0.00488823
21.42 0.00489123
21.43 0.00490758
21.44 0.00493353
21.45 0.00496462
21.46 0.00499618
21.47 0.00502381
21.48 0.00504371
21.49 0.00505297
21.5 0.00504976
21.51 0.00503345
21.52 0.0050047
21.53 0.00496541
21.54 0.00491844
21.55 0.00486733
21.56 0.00481588
21.57 0.00476774
21.58 0.00472596
21.59 0.00469274
21.6 0.00466923
21.61 0.00465558
21.62 0.00465103
21.63 0.00465416
21.64 0.00466308
21.65 0.00467575
21.66 0.00469015
21.67 0.00470442
21.68 0.00471698
21.69 0.00472658
21.7 0.00473228
21.71 0.00473353
21.72 0.00473018
21.73 0.00472262
21.74 0.00471172
21.75 0.00469884
21.76 0.00468571
21.77 0.00467427
21.78 0.00466644
21.79 0.00466387
21.8 0.00466767
21.81 0.00467822
21.82 0.00469503
21.83 0.00471677
21.84 0.00474136
21.85 0.00476626
21.86 0.00478877
21.87 0.00480626
21.88 0.00481649
21.89 0.00481782
21.9 0.00480945
21.91 0.00479158
21.92 0.00476541
21.93 0.00473304
21.94 0.00469728
21.95 0.00466136
21.96 0.00462842
21.97 0.00460106
21.98 0.00458106
21.99 0.00456913
22 0.00456477
22.01 0.00456643
22.02 0.00457173
22.03 0.00457787
22.04 0.00458211
22.05 0.00458234
22.06 0.00457744
22.07 0.00456754
22.08 0.00455374
22.09 0.00453779
22.1 0.00452181
22.11 0.00450758
22.12 0.00449608
22.13 0.00448807
22.14 0.00448435
22.15 0.00448561
22.16 0.00449216
22.17 0.00450365
22.18 0.00451915
22.19 0.00453732
22.2 0.0045566
22.21 0.00457547
22.22 0.00459267
22.23 0.00460732
22.24 0.004619
22.25 0.00462766
22.26 0.00463363
22.27 0.00463745
22.28 0.00463984
22.29 0.00464145
22.3 0.00464276
22.31 0.00464391
22.32 0.00464469
22.33 0.00464463
22.34 0.00464314
22.35 0.00463965
22.36 0.00463371
22.37 0.0046251
22.38 0.00461398
22.39 0.00460083
22.4 0.00458646
22.41 0.00457193
22.42 0.0045585
22.43 0.00454742
22.44 0.0045398
22.45 0.00453651
22.46 0.00453816
22.47 0.00454513
22.48 0.00455756
22.49 0.00457526
22.5 0.00459777
22.51 0.00462446
22.52 0.00465459
22.53 0.0046873
22.54 0.00472166
22.55 0.00475662
22.56 0.00479115
22.57 0.00482439
22.58 0.00485569
22.59 0.00488463
22.6 0.00491102
22.61 0.00493492
22.62 0.00495662
22.63 0.00497649
22.64 0.00499488
22.65 0.00501209
22.66 0.00502827
22.67 0.00504337
22.68 0.00505708
22.69 0.00506901
22.7 0.00507895
22.71 0.00508699
22.72 0.0050935
22.73 0.00509907
22.74 0.00510441
22.75 0.00511026
22.76 0.00511726
22.77 0.00512584
22.78 0.00513614
22.79 0.005148
22.8 0.00516111
22.81 0.00517502
22.82 0.0051892
22.83 0.00520305
22.84 0.00521599
22.85 0.00522749
22.86 0.00523708
22.87 0.00524447
22.88 0.00524944
22.89 0.00525192
22.9 0.00525192
22.91 0.00524947
22.92 0.00524465
22.93 0.00523756
22.94 0.00522836
22.95 0.00521721
22.96 0.00520426
22.97 0.00518969
22.98 0.00517381
22.99 0.00515725
23 0.0051411
23.01 0.00512676
23.02 0.00511575
23.03 0.00510947
23.04 0.00510905
23.05 0.0051152
23.06 0.005128
23.07 0.00514681
23.08 0.00517016
23.09 0.00519587
23.1 0.00522136
23.11 0.00524404
23.12 0.00526163
23.13 0.00527237
23.14 0.00527525
23.15 0.0052701
23.16 0.00525751
23.17 0.00523875
23.18 0.00521574
23.19 0.00519081
23.2 0.00516649
23.21 0.00514523
23.22 0.00512909
23.23 0.00511953
23.24 0.00511735
23.25 0.00512264
23.26 0.00513472
23.27 0.00515227
23.28 0.0051736
23.29 0.00519684
23.3 0.00522007
23.31 0.0052415
23.32 0.00525966
23.33 0.00527339
23.34 0.00528192
23.35 0.00528494
23.36 0.00528259
23.37 0.00527533
23.38 0.00526394
23.39 0.00524942
23.4 0.00523278
23.41 0.00521495
23.42 0.00519671
23.43 0.00517868
23.44 0.00516125
23.45 0.00514456
23.46 0.00512859
23.47 0.00511335
23.48 0.00509899
23.49 0.00508584
23.5 0.00507431
23.51 0.0050648
23.52 0.00505763
23.53 0.00505288
23.54 0.00505047
23.55 0.00505015
23.56 0.00505152
23.57 0.00505412
23.58 0.00505747
23.59 0.00506115
23.6 0.00506475
23.61 0.00506793
23.62 0.00507047
23.63 0.0050723
23.64 0.00507354
23.65 0.00507443
23.66 0.00507529
23.67 0.00507639
23.68 0.00507786
23.69 0.00507965
23.7 0.00508155
23.71 0.00508317
23.72 0.00508404
23.73 0.00508354
23.74 0.00508108
23.75 0.005076
23.76 0.00506767
23.77 0.00505542
23.78 0.00503861
23.79 0.00501671
23.8 0.00498943
23.81 0.00495691
23.82 0.00491983
23.83 0.00487933
23.84 0.00483688
23.85 0.00479412
23.86 0.00475276
23.87 0.00471433
23.88 0.00468008
23.89 0.00465081
23.9 0.00462673
23.91 0.00460741
23.92 0.00459181
23.93 0.00457847
23.94 0.00456583
23.95 0.00455238
23.96 0.0045369
23.97 0.00451866
23.98 0.00449761
23.99 0.00447442
24 0.00444963
24.01 0.00442293
24.02 0.00439405
24.03 0.00436333
24.04 0.00433157
24.05 0.00430017
24.06 0.0042711
24.07 0.00424681
24.08 0.00423001
24.09 0.00422335
24.1 0.00422936
24.11 0.00424968
24.12 0.00428414
24.13 0.00433082
24.14 0.00438637
24.15 0.00444614
24.16 0.0045047
24.17 0.00455652
24.18 0.00459675
24.19 0.00462166
24.2 0.00462906
24.21 0.00461837
24.22 0.00459063
24.23 0.00454836
24.24 0.0044953
24.25 0.00443601
24.26 0.00437545
24.27 0.00431838
24.28 0.00426894
24.29 0.00423021
24.3 0.00420393
24.31 0.00418957
24.32 0.00418458
24.33 0.00418652
24.34 0.00419363
24.35 0.00420433
24.36 0.00421722
24.37 0.00423115
24.38 0.00424512
24.39 0.00425838
24.4 0.00427041
24.41 0.00428083
24.42 0.00428938
24.43 0.00429584
24.44 0.00430002
24.45 0.00430185
24.46 0.00430145
24.47 0.00429918
24.48 0.00429565
24.49 0.00429165
24.5 0.00428804
24.51 0.00428563
24.52 0.00428511
24.53 0.00428692
24.54 0.00429113
24.55 0.00429752
24.56 0.00430557
24.57 0.00431445
24.58 0.00432309
24.59 0.00433033
24.6 0.00433513
24.61 0.00433675
24.62 0.00433477
24.63 0.00432909
24.64 0.00432
24.65 0.00430826
24.66 0.00429511
24.67 0.00428209
24.68 0.00427089
24.69 0.00426318
24.7 0.00426046
24.71 0.00426385
24.72 0.00427396
24.73 0.00429073
24.74 0.00431351
24.75 0.00434115
24.76 0.0043722
24.77 0.00440495
24.78 0.00443753
24.79 0.00446793
24.8 0.0044943
24.81 0.00451511
24.82 0.00452921
24.83 0.00453591
24.84 0.00453508
24.85 0.00452718
24.86 0.00451326
24.87 0.00449479
24.88 0.00447352
24.89 0.00445121
24.9 0.00442948
24.91 0.00440958
24.92 0.00439241
24.93 0.00437844
24.94 0.00436771
24.95 0.00435991
24.96 0.00435445
24.97 0.00435051
24.98 0.00434713
24.99 0.00434343
25 0.00433871
