0.01 3.11701e-09
0.02 1.48386e-08
0.03 3.59375e-08
0.04 6.31036e-08
0.05 9.2879e-08
0.06 1.21829e-07
0.07 1.46701e-07
0.08 1.64558e-07
0.09 1.72875e-07
0.1 1.69641e-07
0.11 1.53447e-07
0.12 1.23538e-07
0.13 7.97925e-08
0.14 2.26547e-08
0.15 -4.69091e-08
0.16 -1.27408e-07
0.17 -2.16858e-07
0.18 -3.12864e-07
0.19 -4.12725e-07
0.2 -5.13544e-07
0.21 -6.12347e-07
0.22 -7.06211e-07
0.23 -7.92397e-07
0.24 -8.68474e-07
0.25 -9.3246e-07
0.26 -9.82947e-07
0.27 -1.0192e-06
0.28 -1.04103e-06
0.29 -1.04855e-06
0.3 -1.04206e-06
0.31 -1.02198e-06
0.32 -9.88763e-07
0.33 -9.42721e-07
0.34 -8.83877e-07
0.35 -8.12244e-07
0.36 -7.28036e-07
0.37 -6.31772e-07
0.38 -5.24819e-07
0.39 -4.10073e-07
0.4 -2.92373e-07
0.41 -1.78598e-07
0.42 -7.68732e-08
0.43 4.3789e-09
0.44 5.67203e-08
0.45 7.22067e-08
0.46 4.41597e-08
0.47 -3.21563e-08
0.48 -1.58802e-07
0.49 -3.34915e-07
0.5 -5.56694e-07
0.51 -8.17834e-07
0.52 -1.11017e-06
0.53 -1.42359e-06
0.54 -1.74678e-06
0.55 -2.06811e-06
0.56 -2.37573e-06
0.57 -2.65822e-06
0.58 -2.90548e-06
0.59 -3.10915e-06
0.6 -3.26277e-06
0.61 -3.3621e-06
0.62 -3.40515e-06
0.63 -3.39231e-06
0.64 -3.32635e-06
0.65 -3.21234e-06
0.66 -3.05748e-06
0.67 -2.87088e-06
0.68 -2.66312e-06
0.69 -2.44574e-06
0.7 -2.23056e-06
0.71 -2.02885e-06
0.72 -1.85033e-06
0.73 -1.7022e-06
0.74 -1.58818e-06
0.75 -1.50787e-06
0.76 -1.45652e-06
0.77 -1.42559e-06
0.78 -1.4044e-06
0.79 -1.38275e-06
0.8 -1.35295e-06
0.81 -1.31049e-06
0.82 -1.25389e-06
0.83 -1.18391e-06
0.84 -1.10374e-06
0.85 -1.02024e-06
0.86 -9.42934e-07
0.87 -8.79732e-07
0.88 -8.32966e-07
0.89 -7.98727e-07
0.9 -7.69235e-07
0.91 -7.3508e-07
0.92 -6.86787e-07
0.93 -6.17207e-07
0.94 -5.24447e-07
0.95 -4.13032e-07
0.96 -2.94312e-07
0.97 -1.85043e-07
0.98 -1.01861e-07
0.99 -5.54703e-08
1 -4.84763e-08
1.01 -7.6108e-08
1.02 -1.26405e-07
1.03 -1.81891e-07
1.04 -2.22826e-07
1.05 -2.30256e-07
1.06 -1.90033e-07
1.07 -9.49199e-08
1.08 5.66213e-08
1.09 2.63189e-07
1.1 5.2138e-07
1.11 8.24609e-07
1.12 1.16462e-06
1.13 1.53363e-06
1.14 1.92406e-06
1.15 2.32756e-06
1.16 2.73357e-06
1.17 3.12732e-06
1.18 3.48824e-06
1.19 3.79276e-06
1.2 4.01855e-06
1.21 4.14402e-06
1.22 4.14788e-06
1.23 4.01275e-06
1.24 3.73131e-06
1.25 3.31395e-06
1.26 2.79266e-06
1.27 2.21447e-06
1.28 1.62981e-06
1.29 1.08765e-06
1.3 6.32669e-07
1.31 2.98575e-07
1.32 1.04454e-07
1.33 5.68414e-08
1.34 1.5489e-07
1.35 3.93955e-07
1.36 7.66225e-07
1.37 1.26097e-06
1.38 1.86455e-06
1.39 2.55982e-06
1.4 3.32492e-06
1.41 4.13129e-06
1.42 4.94127e-06
1.43 5.70572e-06
1.44 6.36255e-06
1.45 6.83752e-06
1.46 7.04907e-06
1.47 6.91828e-06
1.48 6.37867e-06
1.49 5.38009e-06
1.5 3.8936e-06
1.51 1.91695e-06
1.52 -5.23831e-07
1.53 -3.36918e-06
1.54 -6.52125e-06
1.55 -9.84145e-06
1.56 -1.31547e-05
1.57 -1.62666e-05
1.58 -1.89807e-05
1.59 -2.11129e-05
1.6 -2.25118e-05
1.61 -2.30702e-05
1.62 -2.27266e-05
1.63 -2.14674e-05
1.64 -1.93266e-05
1.65 -1.63824e-05
1.66 -1.27555e-05
1.67 -8.60479e-06
1.68 -4.11763e-06
1.69 5.04308e-07
1.7 5.05779e-06
1.71 9.34659e-06
1.72 1.31905e-05
1.73 1.64349e-05
1.74 1.89604e-05
1.75 2.0691e-05
1.76 2.15917e-05
1.77 2.16627e-05
1.78 2.09428e-05
1.79 1.95118e-05
1.8 1.74845e-05
1.81 1.50001e-05
1.82 1.22154e-05
1.83 9.29628e-06
1.84 6.4002e-06
1.85 3.66413e-06
1.86 1.20359e-06
1.87 -8.82635e-07
1.88 -2.5103e-06
1.89 -3.61245e-06
1.9 -4.14183e-06
1.91 -4.07236e-06
1.92 -3.4e-06
1.93 -2.14441e-06
1.94 -3.60632e-07
1.95 1.84812e-06
1.96 4.33498e-06
1.97 6.92153e-06
1.98 9.41034e-06
1.99 1.16049e-05
2 1.33381e-05
2.01 1.44965e-05
2.02 1.50266e-05
2.03 1.49327e-05
2.04 1.4273e-05
2.05 1.31462e-05
2.06 1.16767e-05
2.07 9.99893e-06
2.08 8.23585e-06
2.09 6.48268e-06
2.1 4.80137e-06
2.11 3.22121e-06
2.12 1.73593e-06
2.13 2.99839e-07
2.14 -1.15857e-06
2.15 -2.72109e-06
2.16 -4.47328e-06
2.17 -6.49426e-06
2.18 -8.85186e-06
2.19 -1.16071e-05
2.2 -1.48185e-05
2.21 -1.85341e-05
2.22 -2.27787e-05
2.23 -2.75475e-05
2.24 -3.2801e-05
2.25 -3.84732e-05
2.26 -4.44693e-05
2.27 -5.06454e-05
2.28 -5.68089e-05
2.29 -6.27402e-05
2.3 -6.82061e-05
2.31 -7.29697e-05
2.32 -7.67935e-05
2.33 -7.94381e-05
2.34 -8.06668e-05
2.35 -8.02606e-05
2.36 -7.80353e-05
2.37 -7.38595e-05
2.38 -6.76686e-05
2.39 -5.94631e-05
2.4 -4.9326e-05
2.41 -3.74583e-05
2.42 -2.41841e-05
2.43 -9.91846e-06
2.44 4.86995e-06
2.45 1.96862e-05
2.46 3.40289e-05
2.47 4.74025e-05
2.48 5.93334e-05
2.49 6.94066e-05
2.5 7.72985e-05
2.51 8.28018e-05
2.52 8.58337e-05
2.53 8.64229e-05
2.54 8.47018e-05
2.55 8.0905e-05
2.56 7.535e-05
2.57 6.83951e-05
2.58 6.04036e-05
2.59 5.17225e-05
2.6 4.26726e-05
2.61 3.35526e-05
2.62 2.46461e-05
2.63 1.62279e-05
2.64 8.56417e-06
2.65 1.90265e-06
2.66 -3.53835e-06
2.67 -7.58273e-06
2.68 -1.01128e-05
2.69 -1.10885e-05
2.7 -1.05506e-05
2.71 -8.60733e-06
2.72 -5.42735e-06
2.73 -1.22894e-06
2.74 3.74776e-06
2.75 9.25656e-06
2.76 1.50413e-05
2.77 2.08428e-05
2.78 2.64333e-05
2.79 3.16388e-05
2.8 3.634e-05
2.81 4.04708e-05
2.82 4.39896e-05
2.83 4.68514e-05
2.84 4.90028e-05
2.85 5.03847e-05
2.86 5.09385e-05
2.87 5.06031e-05
2.88 4.93016e-05
2.89 4.69531e-05
2.9 4.34997e-05
2.91 3.89167e-05
2.92 3.32118e-05
2.93 2.64309e-05
2.94 1.86688e-05
2.95 1.00686e-05
2.96 8.23274e-07
2.97 -8.80602e-06
2.98 -1.849e-05
2.99 -2.78594e-05
3 -3.65335e-05
3.01 -4.41463e-05
3.02 -5.03839e-05
3.03 -5.50134e-05
3.04 -5.78984e-05
3.05 -5.90104e-05
3.06 -5.84352e-05
3.07 -5.6371e-05
3.08 -5.31144e-05
3.09 -4.90291e-05
3.1 -4.44979e-05
3.11 -3.98781e-05
3.12 -3.54691e-05
3.13 -3.14864e-05
3.14 -2.80659e-05
3.15 -2.52891e-05
3.16 -2.31889e-05
3.17 -2.17471e-05
3.18 -2.08998e-05
3.19 -2.05563e-05
3.2 -2.06263e-05
3.21 -2.10114e-05
3.22 -2.15729e-05
3.23 -2.2129e-05
3.24 -2.24622e-05
3.25 -2.2337e-05
3.26 -2.15234e-05
3.27 -1.97893e-05
3.28 -1.68948e-05
3.29 -1.2638e-05
3.3 -6.89251e-06
3.31 4.06522e-07
3.32 9.26146e-06
3.33 1.95663e-05
3.34 3.10689e-05
3.35 4.33593e-05
3.36 5.58761e-05
3.37 6.79421e-05
3.38 7.88098e-05
3.39 8.76988e-05
3.4 9.38397e-05
3.41 9.65252e-05
3.42 9.51699e-05
3.43 8.93698e-05
3.44 7.89338e-05
3.45 6.38933e-05
3.46 4.45083e-05
3.47 2.12926e-05
3.48 -4.96801e-06
3.49 -3.32357e-05
3.5 -6.22763e-05
3.51 -9.07317e-05
3.52 -0.000117187
3.53 -0.000140251
3.54 -0.000158644
3.55 -0.000171305
3.56 -0.000177488
3.57 -0.000176796
3.58 -0.000169148
3.59 -0.000154764
3.6 -0.000134191
3.61 -0.000108291
3.62 -7.81881e-05
3.63 -4.52139e-05
3.64 -1.08528e-05
3.65 2.33299e-05
3.66 5.57537e-05
3.67 8.48786e-05
3.68 0.000109269
3.69 0.000127678
3.7 0.000139144
3.71 0.000143043
3.72 0.000139088
3.73 0.000127359
3.74 0.000108321
3.75 8.27788e-05
3.76 5.18282e-05
3.77 1.68116e-05
3.78 -2.07428e-05
3.79 -5.91981e-05
3.8 -9.68734e-05
3.81 -0.000132093
3.82 -0.00016327
3.83 -0.000188998
3.84 -0.000208105
3.85 -0.000219713
3.86 -0.000223314
3.87 -0.000218828
3.88 -0.000206625
3.89 -0.000187509
3.9 -0.000162679
3.91 -0.000133667
3.92 -0.000102264
3.93 -7.04078e-05
3.94 -4.00484e-05
3.95 -1.30419e-05
3.96 8.94961e-06
3.97 2.45658e-05
3.98 3.28569e-05
3.99 3.33523e-05
4 2.60705e-05
4.01 1.15042e-05
4.02 -9.42056e-06
4.03 -3.5408e-05
4.04 -6.4854e-05
4.05 -9.59237e-05
4.06 -0.000126641
4.07 -0.000154959
4.08 -0.000178837
4.09 -0.000196344
4.1 -0.000205775
4.11 -0.000205775
4.12 -0.000195492
4.13 -0.000174683
4.14 -0.000143751
4.15 -0.000103768
4.16 -5.64745e-05
4.17 -4.20604e-06
4.18 5.02709e-05
4.19 0.000103939
4.2 0.000153686
4.21 0.000196501
4.22 0.00022968
4.23 0.00025103
4.24 0.000259024
4.25 0.000252837
4.26 0.000232328
4.27 0.000198057
4.28 0.00015128
4.29 9.38969e-05
4.3 2.83752e-05
4.31 -4.23813e-05
4.32 -0.000115192
4.33 -0.00018675
4.34 -0.000253746
4.35 -0.000312992
4.36 -0.000361552
4.37 -0.000396888
4.38 -0.000416986
4.39 -0.000420473
4.4 -0.000406667
4.41 -0.000375597
4.42 -0.000328
4.43 -0.00026531
4.44 -0.000189608
4.45 -0.00010355
4.46 -1.03231e-05
4.47 8.64544e-05
4.48 0.000182899
4.49 0.000275085
4.5 0.000359287
4.51 0.000432167
4.52 0.000490861
4.53 0.000533059
4.54 0.000557099
4.55 0.000562043
4.56 0.000547713
4.57 0.000514691
4.58 0.00046428
4.59 0.000398451
4.6 0.000319754
4.61 0.000231237
4.62 0.000136358
4.63 3.88248e-05
4.64 -5.75623e-05
4.65 -0.000149063
4.66 -0.000232134
4.67 -0.00030354
4.68 -0.000360455
4.69 -0.000400613
4.7 -0.000422442
4.71 -0.000425184
4.72 -0.000408943
4.73 -0.00037464
4.74 -0.000323981
4.75 -0.000259428
4.76 -0.000184078
4.77 -0.000101478
4.78 -1.54468e-05
4.79 7.01175e-05
4.8 0.000151409
4.81 0.00022482
4.82 0.000287104
4.83 0.000335565
4.84 0.000368159
4.85 0.000383509
4.86 0.000380977
4.87 0.00036074
4.88 0.000323795
4.89 0.000271852
4.9 0.000207246
4.91 0.000132859
4.92 5.19916e-05
4.93 -3.17974e-05
4.94 -0.000114878
4.95 -0.000193714
4.96 -0.000264996
4.97 -0.000325763
4.98 -0.000373506
4.99 -0.000406271
5 -0.000422741
5.01 -0.000422321
5.02 -0.000405211
5.03 -0.000372428
5.04 -0.000325761
5.05 -0.000267674
5.06 -0.0002012
5.07 -0.000129818
5.08 -5.72478e-05
5.09 1.27654e-05
5.1 7.66055e-05
5.11 0.00013095
5.12 0.000172977
5.13 0.000200515
5.14 0.000212139
5.15 0.000207266
5.16 0.000186216
5.17 0.00015022
5.18 0.00010132
5.19 4.22066e-05
5.2 -2.39058e-05
5.21 -9.34349e-05
5.22 -0.000162643
5.23 -0.000227869
5.24 -0.000285728
5.25 -0.000333231
5.26 -0.000367853
5.27 -0.000387604
5.28 -0.000391129
5.29 -0.000377797
5.3 -0.000347747
5.31 -0.000301863
5.32 -0.000241766
5.33 -0.000169811
5.34 -8.90236e-05
5.35 -2.9406e-06
5.36 8.45229e-05
5.37 0.000169197
5.38 0.000246871
5.39 0.000313579
5.4 0.000365856
5.41 0.00040091
5.42 0.000416766
5.43 0.000412403
5.44 0.000387828
5.45 0.00034408
5.46 0.000283154
5.47 0.000207858
5.48 0.000121617
5.49 2.83019e-05
5.5 -6.79109e-05
5.51 -0.000162707
5.52 -0.000251865
5.53 -0.000331484
5.54 -0.000398138
5.55 -0.000448989
5.56 -0.000481899
5.57 -0.000495585
5.58 -0.000489701
5.59 -0.000464824
5.6 -0.000422353
5.61 -0.000364395
5.62 -0.000293646
5.63 -0.000213275
5.64 -0.000126762
5.65 -3.77668e-05
5.66 5.00082e-05
5.67 0.000133019
5.68 0.000208048
5.69 0.000272359
5.7 0.000323804
5.71 0.000360917
5.72 0.000382965
5.73 0.000389927
5.74 0.000382446
5.75 0.000361799
5.76 0.000329794
5.77 0.000288629
5.78 0.000240748
5.79 0.00018869
5.8 0.000134947
5.81 8.18349e-05
5.82 3.13819e-05
5.83 -1.47814e-05
5.84 -5.54559e-05
5.85 -8.98622e-05
5.86 -0.000117618
5.87 -0.000138717
5.88 -0.000153489
5.89 -0.000162539
5.9 -0.000166677
5.91 -0.000166822
5.92 -0.000163921
5.93 -0.000158909
5.94 -0.000152656
5.95 -0.000145898
5.96 -0.000139145
5.97 -0.0001326
5.98 -0.000126171
5.99 -0.000119529
6 -0.000112154
6.01 -0.000103404
6.02 -9.26423e-05
6.03 -7.92986e-05
6.04 -6.2895e-05
6.05 -4.30882e-05
6.06 -1.97352e-05
6.07 7.02497e-06
6.08 3.673e-05
6.09 6.86256e-05
6.1 0.000101749
6.11 0.000134989
6.12 0.000167118
6.13 0.000196853
6.14 0.000222971
6.15 0.000244431
6.16 0.000260458
6.17 0.000270641
6.18 0.000275021
6.19 0.000274087
6.2 0.000268662
6.21 0.000259802
6.22 0.000248764
6.23 0.000236942
6.24 0.000225732
6.25 0.00021644
6.26 0.000210251
6.27 0.000208184
6.28 0.000211048
6.29 0.000219454
6.3 0.000233798
6.31 0.000254256
6.32 0.000280804
6.33 0.000313217
6.34 0.000351053
6.35 0.000393673
6.36 0.000440202
6.37 0.000489435
6.38 0.000539771
6.39 0.000589298
6.4 0.000635953
6.41 0.00067766
6.42 0.00071253
6.43 0.00073904
6.44 0.000756142
6.45 0.000763397
6.46 0.000761063
6.47 0.000750004
6.48 0.000731495
6.49 0.000707055
6.5 0.000678237
6.51 0.000646397
6.52 0.000612579
6.53 0.000577498
6.54 0.000541503
6.55 0.000504514
6.56 0.000466073
6.57 0.000425488
6.58 0.000381976
6.59 0.000334858
6.6 0.000283773
6.61 0.000228806
6.62 0.000170533
6.63 0.000110019
6.64 4.87261e-05
6.65 -1.16745e-05
6.66 -6.95251e-05
6.67 -0.00012333
6.68 -0.000171826
6.69 -0.000214027
6.7 -0.000249258
6.71 -0.000277152
6.72 -0.000297636
6.73 -0.00031093
6.74 -0.000317517
6.75 -0.000318036
6.76 -0.000313217
6.77 -0.000303854
6.78 -0.000290768
6.79 -0.000274761
6.8 -0.000256603
6.81 -0.000237072
6.82 -0.000217003
6.83 -0.000197301
6.84 -0.00017893
6.85 -0.000162892
6.86 -0.000150209
6.87 -0.00014188
6.88 -0.000138807
6.89 -0.000141673
6.9 -0.000150828
6.91 -0.000166174
6.92 -0.000187108
6.93 -0.000212518
6.94 -0.000240806
6.95 -0.000269989
6.96 -0.000297886
6.97 -0.000322347
6.98 -0.000341523
6.99 -0.000354076
7 -0.000359274
7.01 -0.000357073
7.02 -0.00034807
7.03 -0.000333315
7.04 -0.000314097
7.05 -0.000291753
7.06 -0.000267456
7.07 -0.000242072
7.08 -0.000216119
7.09 -0.000189784
7.1 -0.000162988
7.11 -0.000135488
7.12 -0.00010702
7.13 -7.75263e-05
7.14 -4.73502e-05
7.15 -1.72859e-05
7.16 1.14807e-05
7.17 3.74896e-05
7.18 5.91605e-05
7.19 7.49741e-05
7.2 8.3635e-05
7.21 8.42293e-05
7.22 7.63908e-05
7.23 6.04084e-05
7.24 3.72289e-05
7.25 8.39201e-06
7.26 -2.4095e-05
7.27 -5.79814e-05
7.28 -9.10282e-05
7.29 -0.000121224
7.3 -0.00014695
7.31 -0.0001671
7.32 -0.000181158
7.33 -0.000189146
7.34 -0.00019148
7.35 -0.000188817
7.36 -0.0001819
7.37 -0.000171389
7.38 -0.000157757
7.39 -0.000141245
7.4 -0.000121897
7.41 -9.9642e-05
7.42 -7.44041e-05
7.43 -4.62745e-05
7.44 -1.56771e-05
7.45 1.65778e-05
7.46 4.93003e-05
7.47 8.09415e-05
7.48 0.00010967
7.49 0.000133454
7.5 0.000150155
7.51 0.000157677
7.52 0.000154145
7.53 0.000138108
7.54 0.000108708
7.55 6.57702e-05
7.56 9.76868e-06
7.57 -5.82702e-05
7.58 -0.000136826
7.59 -0.000223955
7.6 -0.000317405
7.61 -0.000414656
7.62 -0.000512869
7.63 -0.000608841
7.64 -0.000699076
7.65 -0.000779964
7.66 -0.000847903
7.67 -0.000899344
7.68 -0.000930927
7.69 -0.000939656
7.7 -0.000923063
7.71 -0.000879448
7.72 -0.000808263
7.73 -0.000710402
7.74 -0.000588275
7.75 -0.000445773
7.76 -0.00028806
7.77 -0.000121223
7.78 4.80835e-05
7.79 0.00021295
7.8 0.000366501
7.81 0.000502225
7.82 0.000614308
7.83 0.000697858
7.84 0.000749096
7.85 0.000765552
7.86 0.000746217
7.87 0.000691568
7.88 0.000603589
7.89 0.000485755
7.9 0.000342917
7.91 0.000181093
7.92 7.21681e-06
7.93 -0.000171129
7.94 -0.000346056
7.95 -0.000509745
7.96 -0.000654813
7.97 -0.000774643
7.98 -0.000863664
7.99 -0.000917612
8 -0.000933792
8.01 -0.000911271
8.02 -0.000850903
8.03 -0.00075529
8.04 -0.000628701
8.05 -0.000476918
8.06 -0.000306976
8.07 -0.000126801
8.08 5.52373e-05
8.09 0.000230796
8.1 0.000392027
8.11 0.000532051
8.12 0.000645375
8.13 0.000728141
8.14 0.000778206
8.15 0.000795169
8.16 0.000780338
8.17 0.000736561
8.18 0.000667991
8.19 0.000579778
8.2 0.000477778
8.21 0.000368218
8.22 0.000257336
8.23 0.000151122
8.24 5.51133e-05
8.25 -2.58679e-05
8.26 -8.79668e-05
8.27 -0.000128445
8.28 -0.00014577
8.29 -0.00013971
8.3 -0.000111377
8.31 -6.32411e-05
8.32 8.98032e-07
8.33 7.60801e-05
8.34 0.000156486
8.35 0.000235811
8.36 0.000307707
8.37 0.000366275
8.38 0.000406528
8.39 0.000424756
8.4 0.000418824
8.41 0.000388257
8.42 0.000334147
8.43 0.000259008
8.44 0.000166605
8.45 6.17688e-05
8.46 -4.98278e-05
8.47 -0.000161968
8.48 -0.000268221
8.49 -0.000362335
8.5 -0.000438609
8.51 -0.0004922
8.52 -0.000519446
8.53 -0.000518168
8.54 -0.000487851
8.55 -0.000429692
8.56 -0.000346439
8.57 -0.000242141
8.58 -0.000121861
8.59 8.62426e-06
8.6 0.000143159
8.61 0.00027556
8.62 0.000399982
8.63 0.00051127
8.64 0.000605214
8.65 0.000678735
8.66 0.000729996
8.67 0.000758407
8.68 0.000764534
8.69 0.000749964
8.7 0.000717123
8.71 0.000669157
8.72 0.000609725
8.73 0.0005427
8.74 0.000471984
8.75 0.000401345
8.76 0.000334195
8.77 0.000273361
8.78 0.000220989
8.79 0.000178518
8.8 0.000146635
8.81 0.000125268
8.82 0.000113665
8.83 0.000110568
8.84 0.000114438
8.85 0.000123609
8.86 0.00013639
8.87 0.000151108
8.88 0.000166178
8.89 0.000180244
8.9 0.000192294
8.91 0.000201683
8.92 0.0002081
8.93 0.000211521
8.94 0.000212103
8.95 0.000210082
8.96 0.000205729
8.97 0.000199333
8.98 0.000191184
8.99 0.000181507
9 0.000170367
9.01 0.000157627
9.02 0.000142952
9.03 0.000125808
9.04 0.000105542
9.05 8.15564e-05
9.06 5.34719e-05
9.07 2.12227e-05
9.08 -1.49111e-05
9.09 -5.43305e-05
9.1 -9.61907e-05
9.11 -0.000139517
9.12 -0.00018328
9.13 -0.000226425
9.14 -0.000267924
9.15 -0.000306809
9.16 -0.000342119
9.17 -0.000372821
9.18 -0.000397738
9.19 -0.000415551
9.2 -0.000424827
9.21 -0.000424013
9.22 -0.000411484
9.23 -0.000385681
9.24 -0.000345322
9.25 -0.000289696
9.26 -0.00021892
9.27 -0.000134072
9.28 -3.72393e-05
9.29 6.84926e-05
9.3 0.00017925
9.31 0.000290768
9.32 0.000398715
9.33 0.000498896
9.34 0.000587451
9.35 0.000661052
9.36 0.000717036
9.37 0.000753501
9.38 0.000769389
9.39 0.00076451
9.4 0.000739452
9.41 0.00069545
9.42 0.000634266
9.43 0.000558023
9.44 0.000469029
9.45 0.000369641
9.46 0.000262277
9.47 0.000149462
9.48 3.38464e-05
9.49 -8.17258e-05
9.5 -0.000194189
9.51 -0.000300321
9.52 -0.000396847
9.53 -0.000480594
9.54 -0.000548748
9.55 -0.00059911
9.56 -0.00063029
9.57 -0.000641844
9.58 -0.000634381
9.59 -0.000609574
9.6 -0.000570013
9.61 -0.000518973
9.62 -0.000460145
9.63 -0.000397346
9.64 -0.000334218
9.65 -0.000274005
9.66 -0.000219414
9.67 -0.000172519
9.68 -0.000134695
9.69 -0.000106613
9.7 -8.8335e-05
9.71 -7.9451e-05
9.72 -7.92122e-05
9.73 -8.66163e-05
9.74 -0.000100532
9.75 -0.00011984
9.76 -0.000143493
9.77 -0.00017052
9.78 -0.000200032
9.79 -0.000231258
9.8 -0.000263582
9.81 -0.000296555
9.82 -0.000329883
9.83 -0.000363402
9.84 -0.000397075
9.85 -0.000430963
9.86 -0.000465138
9.87 -0.000499568
9.88 -0.000534059
9.89 -0.000568269
9.9 -0.000601716
9.91 -0.00063369
9.92 -0.00066324
9.93 -0.000689244
9.94 -0.000710474
9.95 -0.000725647
9.96 -0.00073357
9.97 -0.000733351
9.98 -0.000724569
9.99 -0.000707369
10 -0.000682454
10.01 -0.000651043
10.02 -0.000614849
10.03 -0.000575999
10.04 -0.000536833
10.05 -0.000499634
10.06 -0.000466414
10.07 -0.000438778
10.08 -0.000417863
10.09 -0.000404313
10.1 -0.000398281
10.11 -0.000399454
10.12 -0.00040719
10.13 -0.000420692
10.14 -0.000439076
10.15 -0.000461402
10.16 -0.000486713
10.17 -0.000514011
10.18 -0.00054219
10.19 -0.000570013
10.2 -0.000596109
10.21 -0.000619044
10.22 -0.000637449
10.23 -0.000650122
10.24 -0.00065606
10.25 -0.000654553
10.26 -0.000645283
10.27 -0.000628363
10.28 -0.000604305
10.29 -0.000573964
10.3 -0.000538485
10.31 -0.000499216
10.32 -0.000457565
10.33 -0.000414911
10.34 -0.000372609
10.35 -0.000331986
10.36 -0.000294276
10.37 -0.000260551
10.38 -0.000231696
10.39 -0.000208351
10.4 -0.000190863
10.41 -0.000179244
10.42 -0.000173093
10.43 -0.000171591
10.44 -0.000173526
10.45 -0.000177342
10.46 -0.000181261
10.47 -0.000183475
10.48 -0.00018234
10.49 -0.000176541
10.5 -0.000165268
10.51 -0.000148291
10.52 -0.000125938
10.53 -9.90495e-05
10.54 -6.8875e-05
10.55 -3.69127e-05
10.56 -4.76946e-06
10.57 2.59193e-05
10.58 5.35645e-05
10.59 7.67273e-05
10.6 9.42031e-05
10.61 0.000105033
10.62 0.0001085
10.63 0.000104151
10.64 9.1779e-05
10.65 7.14037e-05
10.66 4.32954e-05
10.67 7.98291e-06
10.68 -3.37185e-05
10.69 -8.0659e-05
10.7 -0.000131326
10.71 -0.000183876
10.72 -0.000236275
10.73 -0.000286413
10.74 -0.000332195
10.75 -0.000371677
10.76 -0.000403177
10.77 -0.000425305
10.78 -0.000436996
10.79 -0.000437554
10.8 -0.000426713
10.81 -0.000404664
10.82 -0.000372019
10.83 -0.000329763
10.84 -0.00027924
10.85 -0.000222122
10.86 -0.000160389
10.87 -9.62901e-05
10.88 -3.22368e-05
10.89 2.93533e-05
10.9 8.61579e-05
10.91 0.00013607
10.92 0.000177374
10.93 0.000208904
10.94 0.000230154
10.95 0.000241307
10.96 0.0002432
10.97 0.000237234
10.98 0.000225254
10.99 0.000209361
11 0.000191717
11.01 0.000174405
11.02 0.000159328
11.03 0.000148088
11.04 0.000141881
11.05 0.00014148
11.06 0.000147287
11.07 0.00015935
11.08 0.000177342
11.09 0.0002006
11.1 0.000228214
11.11 0.000259121
11.12 0.000292208
11.13 0.000326381
11.14 0.000360548
11.15 0.00039363
11.16 0.000424662
11.17 0.000452925
11.18 0.000478026
11.19 0.000499932
11.2 0.000518957
11.21 0.000535711
11.22 0.000551054
11.23 0.00056598
11.24 0.00058137
11.25 0.000597749
11.26 0.000615148
11.27 0.000633088
11.28 0.000650692
11.29 0.000666848
11.3 0.000680382
11.31 0.000690185
11.32 0.000695321
11.33 0.000695149
11.34 0.000689449
11.35 0.000678557
11.36 0.000663395
11.37 0.000645337
11.38 0.000626
11.39 0.000607035
11.4 0.000590009
11.41 0.000576283
11.42 0.00056684
11.43 0.000562179
11.44 0.000562332
11.45 0.000566929
11.46 0.000575309
11.47 0.000586676
11.48 0.000600256
11.49 0.000615454
11.5 0.000631977
11.51 0.000649849
11.52 0.000669338
11.53 0.000690857
11.54 0.000714848
11.55 0.000741656
11.56 0.000771367
11.57 0.000803686
11.58 0.000837924
11.59 0.000873086
11.6 0.000908048
11.61 0.000941717
11.62 0.000973091
11.63 0.00100129
11.64 0.00102563
11.65 0.00104557
11.66 0.00106078
11.67 0.00107111
11.68 0.00107661
11.69 0.00107741
11.7 0.00107372
11.71 0.00106569
11.72 0.00105337
11.73 0.00103673
11.74 0.00101562
11.75 0.000989741
11.76 0.000958624
11.77 0.000921558
11.78 0.000877594
11.79 0.00082567
11.8 0.000764859
11.81 0.000694672
11.82 0.000615259
11.83 0.000527461
11.84 0.000432784
11.85 0.00033333
11.86 0.000231613
11.87 0.000130302
11.88 3.20527e-05
11.89 -6.05785e-05
11.9 -0.000145247
11.91 -0.000219905
11.92 -0.000282875
11.93 -0.000332925
11.94 -0.000369329
11.95 -0.000391888
11.96 -0.000400952
11.97 -0.000397395
11.98 -0.000382485
11.99 -0.000357738
12 -0.000324847
12.01 -0.000285644
12.02 -0.000241992
12.03 -0.000195621
12.04 -0.000148047
12.05 -0.000100581
12.06 -5.43498e-05
12.07 -1.03388e-05
12.08 3.05217e-05
12.09 6.72458e-05
12.1 9.87685e-05
12.11 0.00012402
12.12 0.000141968
12.13 0.000151584
12.14 0.000151856
12.15 0.000141861
12.16 0.000120875
12.17 8.84909e-05
12.18 4.4754e-05
12.19 -9.81741e-06
12.2 -7.42893e-05
12.21 -0.00014729
12.22 -0.000226966
12.23 -0.000311096
12.24 -0.000397285
12.25 -0.000483034
12.26 -0.000565739
12.27 -0.000642807
12.28 -0.000711804
12.29 -0.000770538
12.3 -0.000817153
12.31 -0.00085021
12.32 -0.000868655
12.33 -0.000871805
12.34 -0.000859392
12.35 -0.000831628
12.36 -0.000789202
12.37 -0.000733179
12.38 -0.000664933
12.39 -0.000586157
12.4 -0.000498823
12.41 -0.000405128
12.42 -0.000307542
12.43 -0.000208801
12.44 -0.000111697
12.45 -1.89118e-05
12.46 6.70536e-05
12.47 0.000144069
12.48 0.000210671
12.49 0.000266265
12.5 0.000311208
12.51 0.000346773
12.52 0.000375029
12.53 0.000398642
12.54 0.000420548
12.55 0.000443616
12.56 0.000470392
12.57 0.000502933
12.58 0.000542738
12.59 0.000590807
12.6 0.000647698
12.61 0.000713527
12.62 0.000787882
12.63 0.000869708
12.64 0.000957331
12.65 0.00104863
12.66 0.00114111
12.67 0.00123348
12.68 0.00132654
12.69 0.00142108
12.7 0.00151685
12.71 0.00161325
12.72 0.00170949
12.73 0.00180459
12.74 0.0018975
12.75 0.00198715
12.76 0.00207253
12.77 0.00215277
12.78 0.00222704
12.79 0.00229465
12.8 0.00235493
12.81 0.00240723
12.82 0.00245081
12.83 0.00248482
12.84 0.00250838
12.85 0.00252064
12.86 0.00252081
12.87 0.00250828
12.88 0.00248302
12.89 0.00244613
12.9 0.00239942
12.91 0.00234511
12.92 0.00228577
12.93 0.00222411
12.94 0.00216281
12.95 0.00210437
12.96 0.00205099
12.97 0.00200449
12.98 0.00196629
12.99 0.00193739
13 0.00191831
13.01 0.00190924
13.02 0.00191007
13.03 0.00192049
13.04 0.00193991
13.05 0.00196745
13.06 0.00200184
13.07 0.00204141
13.08 0.00208409
13.09 0.0021275
13.1 0.00216897
13.11 0.00220572
13.12 0.00223503
13.13 0.00225449
13.14 0.00226223
13.15 0.00225701
13.16 0.00223839
13.17 0.00220676
13.18 0.00216328
13.19 0.00210978
13.2 0.0020486
13.21 0.00198241
13.22 0.00191404
13.23 0.00184631
13.24 0.00178195
13.25 0.0017234
13.26 0.00167272
13.27 0.00163151
13.28 0.00160081
13.29 0.00158108
13.3 0.00157219
13.31 0.00157339
13.32 0.00158332
13.33 0.00160006
13.34 0.00162131
13.35 0.00164456
13.36 0.00166731
13.37 0.00168721
13.38 0.00170226
13.39 0.00171084
13.4 0.0017118
13.41 0.00170454
13.42 0.00168906
13.43 0.00166593
13.44 0.00163631
13.45 0.0016018
13.46 0.00156444
13.47 0.00152658
13.48 0.00149068
13.49 0.00145922
13.5 0.00143456
13.51 0.00141879
13.52 0.00141362
13.53 0.00142037
13.54 0.00143994
13.55 0.00147275
13.56 0.00151872
13.57 0.00157723
13.58 0.00164704
13.59 0.00172623
13.6 0.00181232
13.61 0.00190246
13.62 0.00199356
13.63 0.00208256
13.64 0.00216654
13.65 0.00224278
13.66 0.00230894
13.67 0.00236323
13.68 0.00240432
13.69 0.00243138
13.7 0.00244397
13.71 0.00244214
13.72 0.0024264
13.73 0.00239766
13.74 0.00235716
13.75 0.0023063
13.76 0.00224663
13.77 0.0021797
13.78 0.00210691
13.79 0.00202953
13.8 0.00194853
13.81 0.00186457
13.82 0.00177792
13.83 0.00168886
13.84 0.001598
13.85 0.00150665
13.86 0.00141684
13.87 0.00133102
13.88 0.00125164
13.89 0.00118078
13.9 0.00112006
13.91 0.0010707
13.92 0.0010334
13.93 0.00100831
13.94 0.000995039
13.95 0.00099265
13.96 0.00099979
13.97 0.00101477
13.98 0.00103562
13.99 0.00106015
14 0.001086
14.01 0.00111072
14.02 0.00113196
14.03 0.00114757
14.04 0.00115576
14.05 0.00115513
14.06 0.0011447
14.07 0.00112378
14.08 0.00109204
14.09 0.00104939
14.1 0.000996013
14.11 0.000932218
14.12 0.00085849
14.13 0.000775418
14.14 0.000683631
14.15 0.000583795
14.16 0.000476629
14.17 0.000362976
14.18 0.000243937
14.19 0.000118523
14.2 -1.77261e-05
14.21 -0.000169398
14.22 -0.000339948
14.23 -0.000532794
14.24 -0.000751357
14.25 -0.000999098
14.26 -0.0012795
14.27 -0.001596
14.28 -0.00195186
14.29 -0.00235014
14.3 -0.00279357
14.31 -0.00328448
14.32 -0.00382476
14.33 -0.00441581
14.34 -0.00505872
14.35 -0.00575435
14.36 -0.00650359
14.37 -0.00730747
14.38 -0.00816723
14.39 -0.00908422
14.4 -0.0100599
14.41 -0.0110956
14.42 -0.0121926
14.43 -0.0133523
14.44 -0.0145753
14.45 -0.0158622
14.46 -0.0172128
14.47 -0.0186263
14.48 -0.0201018
14.49 -0.0216381
14.5 -0.0232337
14.51 -0.0248873
14.52 -0.0265976
14.53 -0.0283635
14.54 -0.0301839
14.55 -0.0320578
14.56 -0.0339845
14.57 -0.035963
14.58 -0.0379925
14.59 -0.0400721
14.6 -0.0422009
14.61 -0.0443775
14.62 -0.0466003
14.63 -0.048867
14.64 -0.0511746
14.65 -0.0535192
14.66 -0.0558961
14.67 -0.0583003
14.68 -0.0607261
14.69 -0.0631684
14.7 -0.0656223
14.71 -0.0680832
14.72 -0.0705465
14.73 -0.0730071
14.74 -0.075459
14.75 -0.0778952
14.76 -0.0803083
14.77 -0.0826912
14.78 -0.0850367
14.79 -0.0873381
14.8 -0.0895887
14.81 -0.0917818
14.82 -0.0939112
14.83 -0.0959705
14.84 -0.0979539
14.85 -0.0998554
14.86 -0.10167
14.87 -0.103391
14.88 -0.105015
14.89 -0.106535
14.9 -0.107947
14.91 -0.109245
14.92 -0.110424
14.93 -0.111479
14.94 -0.112405
14.95 -0.113198
14.96 -0.113852
14.97 -0.114363
14.98 -0.114728
14.99 -0.114945
15 -0.115012
15.01 -0.114929
15.02 -0.114703
15.03 -0.114347
15.04 -0.113881
15.05 -0.113329
15.06 -0.11272
15.07 -0.112075
15.08 -0.111406
15.09 -0.110714
15.1 -0.110006
15.11 -0.109286
15.12 -0.108559
15.13 -0.10783
15.14 -0.107103
15.15 -0.106384
15.16 -0.105676
15.17 -0.104984
15.18 -0.104311
15.19 -0.103659
15.2 -0.10303
15.21 -0.102428
15.22 -0.101853
15.23 -0.101309
15.24 -0.100797
15.25 -0.100321
15.26 -0.0998833
15.27 -0.0994877
15.28 -0.099138
15.29 -0.0988381
15.3 -0.0985912
15.31 -0.0984001
15.32 -0.0982669
15.33 -0.0981931
15.34 -0.0981796
15.35 -0.0982274
15.36 -0.098336
15.37 -0.0985014
15.38 -0.0987174
15.39 -0.0989763
15.4 -0.0992685
15.41 -0.0995828
15.42 -0.0999068
15.43 -0.100228
15.44 -0.100533
15.45 -0.100814
15.46 -0.101072
15.47 -0.101308
15.48 -0.101522
15.49 -0.101711
15.5 -0.101872
15.51 -0.102003
15.52 -0.102098
15.53 -0.102153
15.54 -0.102164
15.55 -0.102126
15.56 -0.102037
15.57 -0.101895
15.58 -0.101704
15.59 -0.101467
15.6 -0.10119
15.61 -0.100881
15.62 -0.100548
15.63 -0.1002
15.64 -0.0998471
15.65 -0.0994941
15.66 -0.0991362
15.67 -0.0987666
15.68 -0.09838
15.69 -0.0979716
15.7 -0.0975365
15.71 -0.09707
15.72 -0.0965675
15.73 -0.0960244
15.74 -0.0954362
15.75 -0.0947984
15.76 -0.0941064
15.77 -0.0933561
15.78 -0.0925433
15.79 -0.0916638
15.8 -0.090714
15.81 -0.0896904
15.82 -0.0885899
15.83 -0.0874099
15.84 -0.0861482
15.85 -0.0848031
15.86 -0.0833733
15.87 -0.0818576
15.88 -0.0802552
15.89 -0.0785655
15.9 -0.0767881
15.91 -0.0749232
15.92 -0.0729708
15.93 -0.0709311
15.94 -0.0688042
15.95 -0.0665904
15.96 -0.0642904
15.97 -0.0619053
15.98 -0.0594365
15.99 -0.0568859
16 -0.0542558
16.01 -0.0515493
16.02 -0.0487701
16.03 -0.0459228
16.04 -0.0430126
16.05 -0.0400458
16.06 -0.0370293
16.07 -0.0339702
16.08 -0.0308753
16.09 -0.0277516
16.1 -0.0246056
16.11 -0.0214437
16.12 -0.0182722
16.13 -0.0150974
16.14 -0.0119255
16.15 -0.00876268
16.16 -0.00561517
16.17 -0.00248909
16.18 0.000609452
16.19 0.0036744
16.2 0.00669986
16.21 0.00968025
16.22 0.0126104
16.23 0.0154858
16.24 0.0183025
16.25 0.0210576
16.26 0.023749
16.27 0.0263755
16.28 0.0289363
16.29 0.0314311
16.3 0.0338597
16.31 0.0362221
16.32 0.0385184
16.33 0.0407492
16.34 0.0429149
16.35 0.0450162
16.36 0.0470537
16.37 0.0490284
16.38 0.0509408
16.39 0.052792
16.4 0.0545831
16.41 0.056315
16.42 0.057989
16.43 0.059606
16.44 0.0611669
16.45 0.0626726
16.46 0.064124
16.47 0.0655219
16.48 0.0668672
16.49 0.0681606
16.5 0.069403
16.51 0.0705952
16.52 0.0717378
16.53 0.0728318
16.54 0.0738778
16.55 0.0748769
16.56 0.0758296
16.57 0.0767367
16.58 0.0775986
16.59 0.0784158
16.6 0.0791884
16.61 0.0799164
16.62 0.0805997
16.63 0.0812376
16.64 0.0818293
16.65 0.0823736
16.66 0.0828688
16.67 0.0833134
16.68 0.0837049
16.69 0.0840411
16.7 0.0843191
16.71 0.0845364
16.72 0.0846908
16.73 0.0847805
16.74 0.0848043
16.75 0.0847618
16.76 0.0846543
16.77 0.0844869
16.78 0.0842673
16.79 0.0840051
16.8 0.0837117
16.81 0.0834
16.82 0.0830834
16.83 0.0827752
16.84 0.0824884
16.85 0.0822305
16.86 0.0820012
16.87 0.0817981
16.88 0.0816205
16.89 0.0814673
16.9 0.0813374
16.91 0.0812295
16.92 0.0811421
16.93 0.0810739
16.94 0.0810235
16.95 0.08099
16.96 0.080972
16.97 0.0809688
16.98 0.0809794
16.99 0.0810027
17 0.081037
17.01 0.0810802
17.02 0.0811298
17.03 0.0811834
17.04 0.0812381
17.05 0.0812911
17.06 0.0813398
17.07 0.0813816
17.08 0.0814147
17.09 0.0814375
17.1 0.0814488
17.11 0.081448
17.12 0.081435
17.13 0.0814101
17.14 0.0813743
17.15 0.0813292
17.16 0.0812763
17.17 0.0812179
17.18 0.081156
17.19 0.0810932
17.2 0.0810317
17.21 0.080974
17.22 0.0809222
17.23 0.0808771
17.24 0.0808379
17.25 0.0808036
17.26 0.0807738
17.27 0.0807477
17.28 0.0807247
17.29 0.080704
17.3 0.0806847
17.31 0.080666
17.32 0.0806471
17.33 0.0806272
17.34 0.0806055
17.35 0.0805809
17.36 0.0805522
17.37 0.0805179
17.38 0.0804761
17.39 0.0804245
17.4 0.0803605
17.41 0.0802811
17.42 0.0801827
17.43 0.0800619
17.44 0.0799154
17.45 0.0797401
17.46 0.0795338
17.47 0.0792947
17.48 0.0790215
17.49 0.0787135
17.5 0.0783699
17.51 0.0779903
17.52 0.0775739
17.53 0.0771201
17.54 0.0766282
17.55 0.0760976
17.56 0.0755279
17.57 0.074919
17.58 0.074271
17.59 0.0735842
17.6 0.0728595
17.61 0.0720981
17.62 0.0713017
17.63 0.0704723
17.64 0.0696123
17.65 0.0687246
17.66 0.0678121
17.67 0.0668781
17.68 0.0659259
17.69 0.0649591
17.7 0.0639811
17.71 0.0629949
17.72 0.0620034
17.73 0.061009
17.74 0.0600137
17.75 0.0590194
17.76 0.0580282
17.77 0.0570424
17.78 0.0560647
17.79 0.0550982
17.8 0.0541463
17.81 0.0532126
17.82 0.0523007
17.83 0.0514141
17.84 0.050556
17.85 0.0497298
17.86 0.0489385
17.87 0.048185
17.88 0.047472
17.89 0.0468017
17.9 0.0461757
17.91 0.0455951
17.92 0.0450605
17.93 0.0445721
17.94 0.0441298
17.95 0.0437335
17.96 0.0433828
17.97 0.0430771
17.98 0.0428158
17.99 0.0425979
18 0.0424227
18.01 0.0422891
18.02 0.0421964
18.03 0.0421434
18.04 0.0421294
18.05 0.0421536
18.06 0.0422142
18.07 0.0423079
18.08 0.0424297
18.09 0.0425738
18.1 0.0427336
18.11 0.0429018
18.12 0.043071
18.13 0.0432339
18.14 0.0433836
18.15 0.0435143
18.16 0.043621
18.17 0.0437003
18.18 0.04375
18.19 0.0437696
18.2 0.0437597
18.21 0.0437226
18.22 0.0436617
18.23 0.0435812
18.24 0.0434862
18.25 0.0433819
18.26 0.0432739
18.27 0.0431678
18.28 0.0430689
18.29 0.0429822
18.3 0.0429122
18.31 0.0428625
18.32 0.042836
18.33 0.0428344
18.34 0.0428583
18.35 0.0429072
18.36 0.0429794
18.37 0.0430718
18.38 0.0431808
18.39 0.043302
18.4 0.0434304
18.41 0.0435612
18.42 0.0436896
18.43 0.0438112
18.44 0.0439224
18.45 0.0440201
18.46 0.0441024
18.47 0.0441679
18.48 0.0442164
18.49 0.0442485
18.5 0.0442652
18.51 0.0442682
18.52 0.0442596
18.53 0.0442416
18.54 0.0442165
18.55 0.044187
18.56 0.0441551
18.57 0.0441233
18.58 0.0440935
18.59 0.0440677
18.6 0.0440476
18.61 0.0440346
18.62 0.0440299
18.63 0.0440343
18.64 0.0440483
18.65 0.0440717
18.66 0.0441041
18.67 0.0441441
18.68 0.0441897
18.69 0.0442381
18.7 0.0442855
18.71 0.0443273
18.72 0.0443592
18.73 0.0443772
18.74 0.0443771
18.75 0.0443552
18.76 0.0443084
18.77 0.0442349
18.78 0.0441341
18.79 0.0440067
18.8 0.0438543
18.81 0.0436794
18.82 0.0434857
18.83 0.0432771
18.84 0.0430584
18.85 0.0428343
18.86 0.0426098
18.87 0.0423897
18.88 0.0421785
18.89 0.0419782
18.9 0.041786
18.91 0.0415977
18.92 0.0414098
18.93 0.0412195
18.94 0.0410247
18.95 0.0408238
18.96 0.0406152
18.97 0.0403973
18.98 0.0401685
18.99 0.0399272
19 0.0396711
19.01 0.039398
19.02 0.0391052
19.03 0.0387899
19.04 0.0384491
19.05 0.0380803
19.06 0.037681
19.07 0.0372495
19.08 0.036784
19.09 0.0362835
19.1 0.0357471
19.11 0.0351741
19.12 0.0345635
19.13 0.0339143
19.14 0.0332252
19.15 0.0324949
19.16 0.0317224
19.17 0.0309071
19.18 0.0300489
19.19 0.0291487
19.2 0.0282082
19.21 0.0272298
19.22 0.0262165
19.23 0.0251717
19.24 0.0240991
19.25 0.0230021
19.26 0.0218836
19.27 0.0207457
19.28 0.0195899
19.29 0.0184172
19.3 0.0172291
19.31 0.016027
19.32 0.0148127
19.33 0.0135882
19.34 0.0123563
19.35 0.0111196
19.36 0.0098817
19.37 0.00864604
19.38 0.00741628
19.39 0.00619585
19.4 0.00498805
19.41 0.00379613
19.42 0.00262329
19.43 0.00147269
19.44 0.000347377
19.45 -0.000749665
19.46 -0.00181552
19.47 -0.00284741
19.48 -0.00384259
19.49 -0.00479847
19.5 -0.00571266
19.51 -0.00658309
19.52 -0.00740787
19.53 -0.00818533
19.54 -0.00891411
19.55 -0.00959331
19.56 -0.0102226
19.57 -0.0108021
19.58 -0.0113322
19.59 -0.0118133
19.6 -0.012246
19.61 -0.0126311
19.62 -0.0129695
19.63 -0.0132622
19.64 -0.0135101
19.65 -0.0137142
19.66 -0.0138757
19.67 -0.0139956
19.68 -0.0140752
19.69 -0.0141159
19.7 -0.014119
19.71 -0.0140862
19.72 -0.0140201
19.73 -0.0139255
19.74 -0.0138082
19.75 -0.0136745
19.76 -0.0135309
19.77 -0.013384
19.78 -0.0132401
19.79 -0.0131055
19.8 -0.0129855
19.81 -0.0128851
19.82 -0.0128082
19.83 -0.0127577
19.84 -0.0127354
19.85 -0.0127423
19.86 -0.0127781
19.87 -0.0128412
19.88 -0.0129294
19.89 -0.0130392
19.9 -0.0131662
19.91 -0.0133053
19.92 -0.0134506
19.93 -0.0135962
19.94 -0.0137359
19.95 -0.0138642
19.96 -0.0139759
19.97 -0.0140672
19.98 -0.0141352
19.99 -0.0141791
20 -0.0141999
20.01 -0.0141996
20.02 -0.01418
20.03 -0.0141435
20.04 -0.0140926
20.05 -0.0140302
20.06 -0.0139589
20.07 -0.0138812
20.08 -0.0137994
20.09 -0.0137155
20.1 -0.0136311
20.11 -0.0135472
20.12 -0.0134651
20.13 -0.0133855
20.14 -0.0133096
20.15 -0.013238
20.16 -0.0131714
20.17 -0.0131103
20.18 -0.0130551
20.19 -0.0130061
20.2 -0.012964
20.21 -0.012929
20.22 -0.0129014
20.23 -0.0128814
20.24 -0.0128685
20.25 -0.012862
20.26 -0.0128613
20.27 -0.0128653
20.28 -0.0128733
20.29 -0.0128843
20.3 -0.0128977
20.31 -0.0129128
20.32 -0.0129292
20.33 -0.0129463
20.34 -0.0129638
20.35 -0.0129814
20.36 -0.0129985
20.37 -0.0130146
20.38 -0.0130286
20.39 -0.0130395
20.4 -0.0130459
20.41 -0.0130461
20.42 -0.0130386
20.43 -0.0130219
20.44 -0.012995
20.45 -0.012957
20.46 -0.0129078
20.47 -0.0128478
20.48 -0.0127777
20.49 -0.0126986
20.5 -0.0126119
20.51 -0.0125194
20.52 -0.012423
20.53 -0.0123245
20.54 -0.0122259
20.55 -0.0121292
20.56 -0.0120363
20.57 -0.011949
20.58 -0.0118675
20.59 -0.0117898
20.6 -0.0117141
20.61 -0.0116402
20.62 -0.0115679
20.63 -0.0114974
20.64 -0.011429
20.65 -0.0113629
20.66 -0.0112994
20.67 -0.011239
20.68 -0.0111816
20.69 -0.0111275
20.7 -0.0110765
20.71 -0.0110286
20.72 -0.0109835
20.73 -0.0109409
20.74 -0.0109006
20.75 -0.0108623
20.76 -0.0108258
20.77 -0.0107909
20.78 -0.010757
20.79 -0.0107237
20.8 -0.01069
20.81 -0.0106545
20.82 -0.0106158
20.83 -0.0105716
20.84 -0.0105199
20.85 -0.0104585
20.86 -0.0103855
20.87 -0.0102994
20.88 -0.010199
20.89 -0.0100833
20.9 -0.00995198
20.91 -0.00980464
20.92 -0.00964113
20.93 -0.00946132
20.94 -0.0092651
20.95 -0.00905247
20.96 -0.00882359
20.97 -0.00857888
20.98 -0.00831905
20.99 -0.00804516
21 -0.00775861
21.01 -0.00746118
21.02 -0.00715508
21.03 -0.00684282
21.04 -0.00652713
21.05 -0.00621072
21.06 -0.0058962
21.07 -0.00558606
21.08 -0.00528275
21.09 -0.00498869
21.1 -0.00470622
21.11 -0.00443746
21.12 -0.00418418
21.13 -0.00394776
21.14 -0.00372923
21.15 -0.00352939
21.16 -0.00334889
21.17 -0.0031883
21.18 -0.00304816
21.19 -0.00292896
21.2 -0.0028312
21.21 -0.00275535
21.22 -0.00270185
21.23 -0.00267113
21.24 -0.00266354
21.25 -0.00267935
21.26 -0.00271804
21.27 -0.00277769
21.28 -0.00285526
21.29 -0.00294701
21.3 -0.00304849
21.31 -0.00315482
21.32 -0.00326106
21.33 -0.0033625
21.34 -0.00345488
21.35 -0.00353462
21.36 -0.00359895
21.37 -0.00364604
21.38 -0.0036751
21.39 -0.00368637
21.4 -0.00368109
21.41 -0.00366142
21.42 -0.00363025
21.43 -0.00359098
21.44 -0.00354725
21.45 -0.0035028
21.46 -0.00346114
21.47 -0.00342541
21.48 -0.00339835
21.49 -0.00338222
21.5 -0.0033788
21.51 -0.00338929
21.52 -0.00341427
21.53 -0.00345361
21.54 -0.00350651
21.55 -0.0035716
21.56 -0.00364703
21.57 -0.00373062
21.58 -0.00382004
21.59 -0.00391294
21.6 -0.00400703
21.61 -0.00410009
21.62 -0.0041899
21.63 -0.00427429
21.64 -0.00435113
21.65 -0.00441832
21.66 -0.00447388
21.67 -0.00451612
21.68 -0.00454374
21.69 -0.00455596
21.7 -0.00455268
21.71 -0.00453451
21.72 -0.00450268
21.73 -0.00445893
21.74 -0.00440534
21.75 -0.00434418
21.76 -0.00427779
21.77 -0.00420842
21.78 -0.00413821
21.79 -0.00406917
21.8 -0.00400317
21.81 -0.00394205
21.82 -0.0038876
21.83 -0.00384157
21.84 -0.00380562
21.85 -0.00378121
21.86 -0.0037695
21.87 -0.00377129
21.88 -0.00378698
21.89 -0.00381652
21.9 -0.00385932
21.91 -0.00391416
21.92 -0.00397925
21.93 -0.00405223
21.94 -0.00413024
21.95 -0.00421012
21.96 -0.00428867
21.97 -0.00436298
21.98 -0.00443061
21.99 -0.00448979
22 -0.00453954
22.01 -0.00457969
22.02 -0.0046108
22.03 -0.00463396
22.04 -0.00465048
22.05 -0.0046616
22.06 -0.00466819
22.07 -0.00467058
22.08 -0.00466872
22.09 -0.00466245
22.1 -0.00465158
22.11 -0.00463594
22.12 -0.00461542
22.13 -0.00459006
22.14 -0.00456014
22.15 -0.00452621
22.16 -0.00448919
22.17 -0.00445025
22.18 -0.00441075
22.19 -0.00437216
22.2 -0.00433585
22.21 -0.00430299
22.22 -0.00427439
22.23 -0.00425048
22.24 -0.00423129
22.25 -0.00421655
22.26 -0.00420574
22.27 -0.00419816
22.28 -0.00419307
22.29 -0.00418978
22.3 -0.00418776
22.31 -0.00418682
22.32 -0.0041871
22.33 -0.00418896
22.34 -0.00419291
22.35 -0.00419953
22.36 -0.00420934
22.37 -0.0042227
22.38 -0.00423974
22.39 -0.0042603
22.4 -0.00428395
22.41 -0.00430993
22.42 -0.00433723
22.43 -0.00436462
22.44 -0.0043908
22.45 -0.00441442
22.46 -0.00443407
22.47 -0.00444829
22.48 -0.00445561
22.49 -0.00445468
22.5 -0.0044443
22.51 -0.00442343
22.52 -0.00439122
22.53 -0.00434715
22.54 -0.00429108
22.55 -0.00422334
22.56 -0.00414474
22.57 -0.00405643
22.58 -0.00395989
22.59 -0.0038569
22.6 -0.00374948
22.61 -0.00363981
22.62 -0.0035301
22.63 -0.00342268
22.64 -0.00331988
22.65 -0.003224
22.66 -0.00313721
22.67 -0.00306159
22.68 -0.00299904
22.69 -0.0029511
22.7 -0.00291863
22.71 -0.00290174
22.72 -0.00289972
22.73 -0.00291118
22.74 -0.00293411
22.75 -0.00296604
22.76 -0.00300417
22.77 -0.00304559
22.78 -0.00308744
22.79 -0.00312701
22.8 -0.00316179
22.81 -0.00318953
22.82 -0.00320836
22.83 -0.00321687
22.84 -0.00321418
22.85 -0.00319996
22.86 -0.00317445
22.87 -0.00313843
22.88 -0.00309321
22.89 -0.00304061
22.9 -0.00298286
22.91 -0.00292258
22.92 -0.00286266
22.93 -0.00280609
22.94 -0.00275583
22.95 -0.00271469
22.96 -0.00268525
22.97 -0.00266964
22.98 -0.0026694
22.99 -0.00268515
23 -0.00271641
23.01 -0.00276163
23.02 -0.00281837
23.03 -0.00288348
23.04 -0.00295331
23.05 -0.00302392
23.06 -0.00309135
23.07 -0.00315201
23.08 -0.00320291
23.09 -0.0032419
23.1 -0.00326761
23.11 -0.00327939
23.12 -0.00327726
23.13 -0.00326182
23.14 -0.00323421
23.15 -0.00319601
23.16 -0.00314924
23.17 -0.00309619
23.18 -0.00303935
23.19 -0.00298122
23.2 -0.00292419
23.21 -0.00287053
23.22 -0.00282235
23.23 -0.00278152
23.24 -0.00274954
23.25 -0.00272749
23.26 -0.00271608
23.27 -0.00271554
23.28 -0.00272553
23.29 -0.00274513
23.3 -0.00277296
23.31 -0.00280722
23.32 -0.00284581
23.33 -0.0028865
23.34 -0.0029271
23.35 -0.0029655
23.36 -0.00299985
23.37 -0.00302868
23.38 -0.00305091
23.39 -0.00306595
23.4 -0.00307375
23.41 -0.00307488
23.42 -0.00307035
23.43 -0.00306165
23.44 -0.00305057
23.45 -0.00303915
23.46 -0.0030295
23.47 -0.00302351
23.48 -0.00302265
23.49 -0.0030279
23.5 -0.00303971
23.51 -0.00305808
23.52 -0.00308265
23.53 -0.00311275
23.54 -0.00314745
23.55 -0.00318559
23.56 -0.00322582
23.57 -0.00326666
23.58 -0.00330655
23.59 -0.00334387
23.6 -0.00337712
23.61 -0.00340496
23.62 -0.00342623
23.63 -0.00344001
23.64 -0.00344557
23.65 -0.0034425
23.66 -0.00343071
23.67 -0.00341053
23.68 -0.00338274
23.69 -0.0033486
23.7 -0.00330974
23.71 -0.00326811
23.72 -0.00322592
23.73 -0.00318553
23.74 -0.00314937
23.75 -0.00311983
23.76 -0.00309929
23.77 -0.00309002
23.78 -0.00309415
23.79 -0.00311352
23.8 -0.00314958
23.81 -0.00320307
23.82 -0.00327395
23.83 -0.0033614
23.84 -0.00346383
23.85 -0.00357902
23.86 -0.00370419
23.87 -0.00383612
23.88 -0.00397138
23.89 -0.00410645
23.9 -0.00423799
23.91 -0.00436303
23.92 -0.00447913
23.93 -0.00458434
23.94 -0.0046772
23.95 -0.0047567
23.96 -0.00482226
23.97 -0.00487366
23.98 -0.00491162
23.99 -0.00493792
24 -0.00495407
24.01 -0.00496072
24.02 -0.00495821
24.03 -0.00494662
24.04 -0.00492594
24.05 -0.00489596
24.06 -0.00485621
24.07 -0.00480612
24.08 -0.00474524
24.09 -0.00467353
24.1 -0.0045915
24.11 -0.00450021
24.12 -0.00440141
24.13 -0.00429752
24.14 -0.00419167
24.15 -0.00408751
24.16 -0.00398911
24.17 -0.00390058
24.18 -0.0038257
24.19 -0.00376762
24.2 -0.00372882
24.21 -0.00371099
24.22 -0.00371497
24.23 -0.00374079
24.24 -0.00378762
24.25 -0.00385383
24.26 -0.00393704
24.27 -0.00403439
24.28 -0.00414258
24.29 -0.00425815
24.3 -0.00437764
24.31 -0.00449771
24.32 -0.00461508
24.33 -0.00472646
24.34 -0.00482848
24.35 -0.00491769
24.36 -0.00499074
24.37 -0.00504561
24.38 -0.00508213
24.39 -0.00510039
24.4 -0.00510004
24.41 -0.00508091
24.42 -0.00504353
24.43 -0.00498935
24.44 -0.00492065
24.45 -0.00484043
24.46 -0.00475214
24.47 -0.00465948
24.48 -0.00456618
24.49 -0.00447582
24.5 -0.00439175
24.51 -0.00431698
24.52 -0.004254
24.53 -0.00420484
24.54 -0.00417098
24.55 -0.00415332
24.56 -0.00415215
24.57 -0.00416717
24.58 -0.00419761
24.59 -0.00424223
24.6 -0.00429919
24.61 -0.00436618
24.62 -0.00444048
24.63 -0.00451915
24.64 -0.0045991
24.65 -0.00467706
24.66 -0.00474969
24.67 -0.00481372
24.68 -0.00486611
24.69 -0.00490418
24.7 -0.0049257
24.71 -0.00492904
24.72 -0.0049133
24.73 -0.00487843
24.74 -0.00482515
24.75 -0.00475491
24.76 -0.00466975
24.77 -0.00457223
24.78 -0.00446552
24.79 -0.00435327
24.8 -0.00423943
24.81 -0.00412807
24.82 -0.00402325
24.83 -0.00392888
24.84 -0.0038485
24.85 -0.00378513
24.86 -0.00374105
24.87 -0.0037178
24.88 -0.00371609
24.89 -0.00373588
24.9 -0.00377645
24.91 -0.00383641
24.92 -0.00391376
24.93 -0.00400591
24.94 -0.00410981
24.95 -0.004222
24.96 -0.00433877
24.97 -0.0044563
24.98 -0.00457083
24.99 -0.00467873
25 -0.00477655
