0.01 3.1398e-09
0.02 1.50213e-08
0.03 3.66831e-08
0.04 6.52187e-08
0.05 9.76446e-08
0.06 1.30993e-07
0.07 1.62398e-07
0.08 1.89159e-07
0.09 2.0878e-07
0.1 2.19031e-07
0.11 2.1801e-07
0.12 2.04189e-07
0.13 1.76402e-07
0.14 1.33811e-07
0.15 7.59064e-08
0.16 2.57075e-09
0.17 -8.58816e-08
0.18 -1.88707e-07
0.19 -3.04748e-07
0.2 -4.32456e-07
0.21 -5.69931e-07
0.22 -7.14963e-07
0.23 -8.65105e-07
0.24 -1.01775e-06
0.25 -1.17022e-06
0.26 -1.31991e-06
0.27 -1.4644e-06
0.28 -1.60133e-06
0.29 -1.72823e-06
0.3 -1.84252e-06
0.31 -1.94146e-06
0.32 -2.02219e-06
0.33 -2.08163e-06
0.34 -2.11643e-06
0.35 -2.12333e-06
0.36 -2.09944e-06
0.37 -2.04246e-06
0.38 -1.95123e-06
0.39 -1.82657e-06
0.4 -1.6718e-06
0.41 -1.49291e-06
0.42 -1.29799e-06
0.43 -1.09634e-06
0.44 -8.98399e-07
0.45 -7.15251e-07
0.46 -5.57945e-07
0.47 -4.3679e-07
0.48 -3.60548e-07
0.49 -3.36029e-07
0.5 -3.67839e-07
0.51 -4.58516e-07
0.52 -6.08829e-07
0.53 -8.17301e-07
0.54 -1.08054e-06
0.55 -1.39379e-06
0.56 -1.75056e-06
0.57 -2.14301e-06
0.58 -2.56258e-06
0.59 -3.00017e-06
0.6 -3.44628e-06
0.61 -3.89124e-06
0.62 -4.32542e-06
0.63 -4.73951e-06
0.64 -5.12485e-06
0.65 -5.47363e-06
0.66 -5.77929e-06
0.67 -6.03668e-06
0.68 -6.2422e-06
0.69 -6.39387e-06
0.7 -6.49115e-06
0.71 -6.53457e-06
0.72 -6.52528e-06
0.73 -6.46432e-06
0.74 -6.35195e-06
0.75 -6.18706e-06
0.76 -5.96691e-06
0.77 -5.68751e-06
0.78 -5.34487e-06
0.79 -4.93733e-06
0.8 -4.46714e-06
0.81 -3.94069e-06
0.82 -3.36806e-06
0.83 -2.76195e-06
0.84 -2.13753e-06
0.85 -1.51352e-06
0.86 -9.10974e-07
0.87 -3.49004e-07
0.88 1.59447e-07
0.89 6.08457e-07
0.9 9.97079e-07
0.91 1.32745e-06
0.92 1.60355e-06
0.93 1.82909e-06
0.94 2.00471e-06
0.95 2.12685e-06
0.96 2.18714e-06
0.97 2.17348e-06
0.98 2.07512e-06
0.99 1.88804e-06
1 1.61679e-06
1.01 1.27357e-06
1.02 8.7798e-07
1.03 4.55422e-07
1.04 3.39718e-08
1.05 -3.58512e-07
1.06 -6.98303e-07
1.07 -9.67938e-07
1.08 -1.15514e-06
1.09 -1.25033e-06
1.1 -1.24597e-06
1.11 -1.13811e-06
1.12 -9.2523e-07
1.13 -6.06529e-07
1.14 -1.82467e-07
1.15 3.43931e-07
1.16 9.65352e-07
1.17 1.66794e-06
1.18 2.42942e-06
1.19 3.22151e-06
1.2 4.014e-06
1.21 4.77399e-06
1.22 5.46539e-06
1.23 6.0526e-06
1.24 6.50685e-06
1.25 6.81441e-06
1.26 6.98146e-06
1.27 7.02874e-06
1.28 6.98161e-06
1.29 6.86656e-06
1.3 6.70988e-06
1.31 6.5321e-06
1.32 6.34514e-06
1.33 6.15477e-06
1.34 5.96578e-06
1.35 5.78534e-06
1.36 5.62307e-06
1.37 5.4907e-06
1.38 5.40117e-06
1.39 5.36709e-06
1.4 5.39837e-06
1.41 5.49902e-06
1.42 5.66331e-06
1.43 5.87186e-06
1.44 6.0885e-06
1.45 6.25925e-06
1.46 6.3153e-06
1.47 6.18126e-06
1.48 5.78365e-06
1.49 5.05392e-06
1.5 3.93317e-06
1.51 2.37804e-06
1.52 3.63718e-07
1.53 -2.10885e-06
1.54 -5.00529e-06
1.55 -8.25162e-06
1.56 -1.17341e-05
1.57 -1.53119e-05
1.58 -1.88289e-05
1.59 -2.21242e-05
1.6 -2.50488e-05
1.61 -2.74746e-05
1.62 -2.92953e-05
1.63 -3.04287e-05
1.64 -3.08187e-05
1.65 -3.04352e-05
1.66 -2.92773e-05
1.67 -2.73742e-05
1.68 -2.4782e-05
1.69 -2.15767e-05
1.7 -1.78476e-05
1.71 -1.36959e-05
1.72 -9.23036e-06
1.73 -4.56336e-06
1.74 1.9619e-07
1.75 4.9488e-06
1.76 9.60227e-06
1.77 1.40669e-05
1.78 1.82619e-05
1.79 2.21224e-05
1.8 2.55986e-05
1.81 2.8652e-05
1.82 3.12561e-05
1.83 3.33948e-05
1.84 3.50528e-05
1.85 3.62105e-05
1.86 3.68486e-05
1.87 3.69585e-05
1.88 3.6548e-05
1.89 3.56418e-05
1.9 3.42802e-05
1.91 3.25187e-05
1.92 3.04259e-05
1.93 2.80793e-05
1.94 2.55511e-05
1.95 2.28897e-05
1.96 2.01182e-05
1.97 1.72395e-05
1.98 1.42402e-05
1.99 1.1103e-05
2 7.82672e-06
2.01 4.44462e-06
2.02 1.02489e-06
2.03 -2.33439e-06
2.04 -5.51079e-06
2.05 -8.37059e-06
2.06 -1.07822e-05
2.07 -1.26291e-05
2.08 -1.38282e-05
2.09 -1.43424e-05
2.1 -1.4183e-05
2.11 -1.34061e-05
2.12 -1.21128e-05
2.13 -1.04507e-05
2.14 -8.59935e-06
2.15 -6.75251e-06
2.16 -5.111e-06
2.17 -3.87101e-06
2.18 -3.21779e-06
2.19 -3.32856e-06
2.2 -4.37514e-06
2.21 -6.51424e-06
2.22 -9.87313e-06
2.23 -1.45407e-05
2.24 -2.05607e-05
2.25 -2.79362e-05
2.26 -3.66255e-05
2.27 -4.65177e-05
2.28 -5.74306e-05
2.29 -6.91278e-05
2.3 -8.13295e-05
2.31 -9.37191e-05
2.32 -0.000105945
2.33 -0.000117616
2.34 -0.000128309
2.35 -0.000137583
2.36 -0.000144996
2.37 -0.000150131
2.38 -0.000152613
2.39 -0.000152112
2.4 -0.000148376
2.41 -0.000141267
2.42 -0.00013079
2.43 -0.000117066
2.44 -0.000100314
2.45 -8.08364e-05
2.46 -5.90128e-05
2.47 -3.52993e-05
2.48 -1.02206e-05
2.49 1.566e-05
2.5 4.17719e-05
2.51 6.75637e-05
2.52 9.25179e-05
2.53 0.000116149
2.54 0.000138012
2.55 0.000157716
2.56 0.000174926
2.57 0.000189349
2.58 0.000200711
2.59 0.000208767
2.6 0.000213305
2.61 0.000214171
2.62 0.00021129
2.63 0.000204686
2.64 0.000194492
2.65 0.000180946
2.66 0.00016438
2.67 0.000145213
2.68 0.000123922
2.69 0.000101023
2.7 7.70445e-05
2.71 5.25333e-05
2.72 2.80371e-05
2.73 4.09489e-06
2.74 -1.87585e-05
2.75 -4.00006e-05
2.76 -5.9148e-05
2.77 -7.57727e-05
2.78 -8.94871e-05
2.79 -9.99405e-05
2.8 -0.000106832
2.81 -0.000109923
2.82 -0.000109071
2.83 -0.000104265
2.84 -9.56261e-05
2.85 -8.34051e-05
2.86 -6.79699e-05
2.87 -4.98007e-05
2.88 -2.94922e-05
2.89 -7.72962e-06
2.9 1.47536e-05
2.91 3.72021e-05
2.92 5.88564e-05
2.93 7.8978e-05
2.94 9.68811e-05
2.95 0.000111953
2.96 0.000123674
2.97 0.000131663
2.98 0.00013569
2.99 0.000135669
3 0.000131649
3.01 0.000123798
3.02 0.000112374
3.03 9.77045e-05
3.04 8.01664e-05
3.05 6.01712e-05
3.06 3.81455e-05
3.07 1.45167e-05
3.08 -1.0294e-05
3.09 -3.58656e-05
3.1 -6.17556e-05
3.11 -8.7484e-05
3.12 -0.000112527
3.13 -0.000136317
3.14 -0.000158267
3.15 -0.000177818
3.16 -0.000194458
3.17 -0.000207731
3.18 -0.000217254
3.19 -0.000222736
3.2 -0.000224013
3.21 -0.00022103
3.22 -0.00021381
3.23 -0.000202438
3.24 -0.000187061
3.25 -0.000167887
3.26 -0.000145195
3.27 -0.000119309
3.28 -9.05716e-05
3.29 -5.93746e-05
3.3 -2.61753e-05
3.31 8.53201e-06
3.32 4.42297e-05
3.33 8.03422e-05
3.34 0.000116206
3.35 0.000151062
3.36 0.00018406
3.37 0.000214289
3.38 0.000240817
3.39 0.000262715
3.4 0.00027909
3.41 0.000289126
3.42 0.000292132
3.43 0.000287595
3.44 0.000275206
3.45 0.000254873
3.46 0.000226731
3.47 0.000191174
3.48 0.00014889
3.49 0.000100859
3.5 4.8318e-05
3.51 -7.28907e-06
3.52 -6.43555e-05
3.53 -0.000121171
3.54 -0.000175997
3.55 -0.00022716
3.56 -0.000273149
3.57 -0.000312659
3.58 -0.000344576
3.59 -0.000367988
3.6 -0.000382247
3.61 -0.000386998
3.62 -0.000382174
3.63 -0.000367994
3.64 -0.000344957
3.65 -0.000313823
3.66 -0.000275591
3.67 -0.000231487
3.68 -0.000182929
3.69 -0.000131467
3.7 -7.86937e-05
3.71 -2.61899e-05
3.72 2.44951e-05
3.73 7.19036e-05
3.74 0.000114732
3.75 0.000151847
3.76 0.000182297
3.77 0.000205346
3.78 0.00022049
3.79 0.000227453
3.8 0.000226204
3.81 0.000216975
3.82 0.000200241
3.83 0.000176676
3.84 0.000147138
3.85 0.000112635
3.86 7.42469e-05
3.87 3.30583e-05
3.88 -9.89579e-06
3.89 -5.36672e-05
3.9 -9.74154e-05
3.91 -0.000140427
3.92 -0.00018213
3.93 -0.000222074
3.94 -0.000259891
3.95 -0.000295281
3.96 -0.000327996
3.97 -0.000357803
3.98 -0.000384436
3.99 -0.000407562
4 -0.000426794
4.01 -0.000441703
4.02 -0.000451842
4.03 -0.000456768
4.04 -0.000456056
4.05 -0.000449307
4.06 -0.000436165
4.07 -0.000416311
4.08 -0.000389449
4.09 -0.00035534
4.1 -0.000313831
4.11 -0.000264926
4.12 -0.000208875
4.13 -0.000146251
4.14 -7.79689e-05
4.15 -5.3094e-06
4.16 7.00549e-05
4.17 0.000146092
4.18 0.000220519
4.19 0.000290912
4.2 0.000354791
4.21 0.000409741
4.22 0.000453547
4.23 0.000484343
4.24 0.000500724
4.25 0.000501753
4.26 0.000486939
4.27 0.000456269
4.28 0.000410235
4.29 0.000349827
4.3 0.00027652
4.31 0.000192221
4.32 9.91875e-05
4.33 -4.37297e-08
4.34 -0.000102699
4.35 -0.000205817
4.36 -0.00030633
4.37 -0.000401154
4.38 -0.000487297
4.39 -0.000561969
4.4 -0.000622651
4.41 -0.000667159
4.42 -0.000693702
4.43 -0.000700957
4.44 -0.000688116
4.45 -0.000654939
4.46 -0.000601819
4.47 -0.000529823
4.48 -0.000440646
4.49 -0.000336515
4.5 -0.000220047
4.51 -9.41522e-05
4.52 3.79938e-05
4.53 0.000172997
4.54 0.000307341
4.55 0.000437484
4.56 0.000559966
4.57 0.000671495
4.58 0.000769022
4.59 0.000849838
4.6 0.000911638
4.61 0.000952614
4.62 0.000971539
4.63 0.000967798
4.64 0.000941384
4.65 0.000892915
4.66 0.000823622
4.67 0.000735354
4.68 0.000630552
4.69 0.000512143
4.7 0.000383409
4.71 0.000247841
4.72 0.000109015
4.73 -2.94735e-05
4.74 -0.000164122
4.75 -0.000291664
4.76 -0.000409146
4.77 -0.000513956
4.78 -0.000603865
4.79 -0.000677048
4.8 -0.000732127
4.81 -0.000768247
4.82 -0.000785081
4.83 -0.000782768
4.84 -0.000761912
4.85 -0.000723609
4.86 -0.000669399
4.87 -0.000601145
4.88 -0.000520965
4.89 -0.000431214
4.9 -0.00033443
4.91 -0.000233229
4.92 -0.000130238
4.93 -2.80366e-05
4.94 7.0871e-05
4.95 0.000164112
4.96 0.000249516
4.97 0.000325183
4.98 0.000389537
4.99 0.00044136
5 0.000479803
5.01 0.000504362
5.02 0.000514821
5.03 0.000511202
5.04 0.000493752
5.05 0.000462933
5.06 0.000419397
5.07 0.000363943
5.08 0.000297548
5.09 0.000221389
5.1 0.000136801
5.11 4.5263e-05
5.12 -5.15791e-05
5.13 -0.00015191
5.14 -0.000253778
5.15 -0.000355094
5.16 -0.00045363
5.17 -0.000547035
5.18 -0.000632927
5.19 -0.000709003
5.2 -0.000773093
5.21 -0.000823221
5.22 -0.000857695
5.23 -0.000875219
5.24 -0.000874958
5.25 -0.000856535
5.26 -0.000819976
5.27 -0.000765679
5.28 -0.000694423
5.29 -0.000607386
5.3 -0.000506143
5.31 -0.000392626
5.32 -0.000269108
5.33 -0.000138228
5.34 -2.97307e-06
5.35 0.00013341
5.36 0.000267476
5.37 0.00039561
5.38 0.000514149
5.39 0.000619579
5.4 0.000708706
5.41 0.000778764
5.42 0.000827516
5.43 0.000853365
5.44 0.00085544
5.45 0.000833623
5.46 0.000788538
5.47 0.000721478
5.48 0.000634313
5.49 0.000529417
5.5 0.000409643
5.51 0.000278257
5.52 0.00013882
5.53 -4.96303e-06
5.54 -0.000149323
5.55 -0.000290493
5.56 -0.00042481
5.57 -0.000548869
5.58 -0.00065966
5.59 -0.000754612
5.6 -0.000831603
5.61 -0.000888959
5.62 -0.000925478
5.63 -0.00094046
5.64 -0.000933704
5.65 -0.000905531
5.66 -0.000856784
5.67 -0.000788767
5.68 -0.000703182
5.69 -0.000602061
5.7 -0.000487704
5.71 -0.00036262
5.72 -0.000229446
5.73 -9.09261e-05
5.74 5.01236e-05
5.75 0.000190895
5.76 0.000328625
5.77 0.000460603
5.78 0.000584199
5.79 0.000696884
5.8 0.000796254
5.81 0.000880074
5.82 0.000946303
5.83 0.000993115
5.84 0.00101897
5.85 0.00102271
5.86 0.00100361
5.87 0.000961424
5.88 0.000896435
5.89 0.000809461
5.9 0.000701867
5.91 0.000575587
5.92 0.000433107
5.93 0.00027739
5.94 0.000111816
5.95 -5.98804e-05
5.96 -0.000233636
5.97 -0.000405105
5.98 -0.000569777
5.99 -0.000723147
6 -0.000860837
6.01 -0.000978764
6.02 -0.00107331
6.03 -0.00114147
6.04 -0.00118086
6.05 -0.00118986
6.06 -0.00116766
6.07 -0.00111432
6.08 -0.00103088
6.09 -0.00091923
6.1 -0.000782081
6.11 -0.000622824
6.12 -0.000445471
6.13 -0.000254545
6.14 -5.48971e-05
6.15 0.000148487
6.16 0.000350652
6.17 0.000546864
6.18 0.000732803
6.19 0.000904664
6.2 0.00105916
6.21 0.00119355
6.22 0.00130567
6.23 0.00139402
6.24 0.00145771
6.25 0.00149641
6.26 0.0015104
6.27 0.00150053
6.28 0.00146824
6.29 0.00141548
6.3 0.00134476
6.31 0.00125897
6.32 0.00116144
6.33 0.00105576
6.34 0.000945705
6.35 0.000835133
6.36 0.0007278
6.37 0.000627147
6.38 0.000536093
6.39 0.000456979
6.4 0.000391593
6.41 0.000341181
6.42 0.000306537
6.43 0.000288093
6.44 0.000285965
6.45 0.000300055
6.46 0.00033014
6.47 0.00037581
6.48 0.00043634
6.49 0.000510601
6.5 0.000596958
6.51 0.000693153
6.52 0.000796303
6.53 0.000903007
6.54 0.00100942
6.55 0.00111131
6.56 0.00120417
6.57 0.0012835
6.58 0.00134499
6.59 0.00138479
6.6 0.0013998
6.61 0.00138782
6.62 0.00134769
6.63 0.00127931
6.64 0.00118358
6.65 0.00106227
6.66 0.000917816
6.67 0.000753136
6.68 0.000571581
6.69 0.000376837
6.7 0.000172832
6.71 -3.63388e-05
6.72 -0.000246485
6.73 -0.000453435
6.74 -0.000653114
6.75 -0.000841567
6.76 -0.00101501
6.77 -0.00116995
6.78 -0.00130322
6.79 -0.00141207
6.8 -0.00149427
6.81 -0.00154818
6.82 -0.00157289
6.83 -0.00156829
6.84 -0.00153507
6.85 -0.00147472
6.86 -0.00138952
6.87 -0.00128244
6.88 -0.00115708
6.89 -0.00101743
6.9 -0.000867713
6.91 -0.000712147
6.92 -0.000554797
6.93 -0.00039942
6.94 -0.000249348
6.95 -0.000107436
6.96 2.39062e-05
6.97 0.000142631
6.98 0.000246919
6.99 0.000335086
7 0.000405565
7.01 0.000456889
7.02 0.000487751
7.03 0.00049719
7.04 0.000484766
7.05 0.000450698
7.06 0.000395999
7.07 0.000322538
7.08 0.000232992
7.09 0.000130737
7.1 1.96834e-05
7.11 -9.5918e-05
7.12 -0.000211712
7.13 -0.000323569
7.14 -0.000427877
7.15 -0.000521695
7.16 -0.0006028
7.17 -0.000669668
7.18 -0.000721416
7.19 -0.000757701
7.2 -0.000778623
7.21 -0.000784603
7.22 -0.000776237
7.23 -0.000754174
7.24 -0.000719068
7.25 -0.000671576
7.26 -0.000612388
7.27 -0.000542339
7.28 -0.00046254
7.29 -0.000374471
7.3 -0.000280019
7.31 -0.000181489
7.32 -8.15761e-05
7.33 1.6761e-05
7.34 0.000110515
7.35 0.00019683
7.36 0.000273191
7.37 0.000337615
7.38 0.000388774
7.39 0.000426038
7.4 0.000449446
7.41 0.000459611
7.42 0.000457588
7.43 0.000444677
7.44 0.000422211
7.45 0.000391444
7.46 0.000353482
7.47 0.000309226
7.48 0.000259353
7.49 0.000204298
7.5 0.000144255
7.51 7.92253e-05
7.52 9.1167e-06
7.53 -6.61291e-05
7.54 -0.000146417
7.55 -0.000231441
7.56 -0.000320717
7.57 -0.000413665
7.58 -0.000509628
7.59 -0.000607881
7.6 -0.000707675
7.61 -0.000808193
7.62 -0.000908404
7.63 -0.00100691
7.64 -0.00110194
7.65 -0.00119137
7.66 -0.00127279
7.67 -0.00134344
7.68 -0.00140027
7.69 -0.00144005
7.7 -0.0014595
7.71 -0.00145549
7.72 -0.00142551
7.73 -0.00136792
7.74 -0.00128221
7.75 -0.00116903
7.76 -0.00103017
7.77 -0.00086841
7.78 -0.000687334
7.79 -0.000491234
7.8 -0.000285001
7.81 -7.3958e-05
7.82 0.000136329
7.83 0.000340189
7.84 0.000531979
7.85 0.00070628
7.86 0.000858098
7.87 0.000982994
7.88 0.00107725
7.89 0.00113805
7.9 0.00116361
7.91 0.00115322
7.92 0.00110728
7.93 0.00102733
7.94 0.000915978
7.95 0.000776797
7.96 0.000614197
7.97 0.00043327
7.98 0.000239653
7.99 3.93356e-05
8 -0.000161602
8.01 -0.000357239
8.02 -0.000541983
8.03 -0.000710737
8.04 -0.000859079
8.05 -0.000983421
8.06 -0.00108111
8.07 -0.00115044
8.08 -0.0011906
8.09 -0.00120153
8.1 -0.00118389
8.11 -0.00113878
8.12 -0.00106765
8.13 -0.000972166
8.14 -0.000854238
8.15 -0.000715996
8.16 -0.000559753
8.17 -0.000388017
8.18 -0.000203517
8.19 -9.2285e-06
8.2 0.000191645
8.21 0.000395689
8.22 0.000599278
8.23 0.000798676
8.24 0.000990174
8.25 0.00117015
8.26 0.00133509
8.27 0.00148169
8.28 0.00160689
8.29 0.00170794
8.3 0.00178238
8.31 0.00182802
8.32 0.00184285
8.33 0.00182504
8.34 0.00177315
8.35 0.00168638
8.36 0.0015645
8.37 0.00140803
8.38 0.00121854
8.39 0.000998793
8.4 0.000752781
8.41 0.000485663
8.42 0.000203535
8.43 -8.67994e-05
8.44 -0.000378041
8.45 -0.000662577
8.46 -0.000932665
8.47 -0.00118066
8.48 -0.00139926
8.49 -0.00158177
8.5 -0.0017224
8.51 -0.00181641
8.52 -0.00186041
8.53 -0.0018527
8.54 -0.00179351
8.55 -0.00168462
8.56 -0.00152918
8.57 -0.00133165
8.58 -0.00109765
8.59 -0.000833707
8.6 -0.000547066
8.61 -0.000245376
8.62 6.35844e-05
8.63 0.00037221
8.64 0.000673299
8.65 0.000960244
8.66 0.00122719
8.67 0.00146912
8.68 0.00168186
8.69 0.00186208
8.7 0.00200851
8.71 0.00212258
8.72 0.00220643
8.73 0.0022616
8.74 0.0022894
8.75 0.00229091
8.76 0.00226694
8.77 0.00221833
8.78 0.00214646
8.79 0.00205294
8.8 0.00193944
8.81 0.0018078
8.82 0.00166004
8.83 0.00149843
8.84 0.00132562
8.85 0.00114461
8.86 0.000958742
8.87 0.000771555
8.88 0.000586703
8.89 0.000407941
8.9 0.000239095
8.91 8.39469e-05
8.92 -5.3901e-05
8.93 -0.000171171
8.94 -0.000265083
8.95 -0.00033351
8.96 -0.000375051
8.97 -0.000389056
8.98 -0.000375637
8.99 -0.000335709
9 -0.000271038
9.01 -0.00018423
9.02 -7.86636e-05
9.03 4.15902e-05
9.04 0.000171927
9.05 0.000307476
9.06 0.000443362
9.07 0.000574908
9.08 0.00069778
9.09 0.000808083
9.1 0.000902407
9.11 0.000977824
9.12 0.00103192
9.13 0.00106288
9.14 0.00106948
9.15 0.00105116
9.16 0.00100808
9.17 0.000941269
9.18 0.000852669
9.19 0.000745144
9.2 0.000622423
9.21 0.000489068
9.22 0.000350368
9.23 0.000212136
9.24 8.04095e-05
9.25 -3.89446e-05
9.26 -0.000140609
9.27 -0.000220096
9.28 -0.000273957
9.29 -0.000299949
9.3 -0.000297016
9.31 -0.00026508
9.32 -0.000204888
9.33 -0.000117974
9.34 -6.58148e-06
9.35 0.000126438
9.36 0.000277704
9.37 0.000443398
9.38 0.000619372
9.39 0.000801254
9.4 0.000984481
9.41 0.00116432
9.42 0.00133592
9.43 0.00149437
9.44 0.00163475
9.45 0.00175216
9.46 0.00184204
9.47 0.00190036
9.48 0.00192386
9.49 0.00191032
9.5 0.00185873
9.51 0.00176938
9.52 0.00164387
9.53 0.00148503
9.54 0.00129672
9.55 0.00108356
9.56 0.000850714
9.57 0.000603654
9.58 0.000347899
9.59 8.88386e-05
9.6 -0.000168352
9.61 -0.000418725
9.62 -0.000657566
9.63 -0.000880382
9.64 -0.00108287
9.65 -0.00126095
9.66 -0.00141084
9.67 -0.00153011
9.68 -0.00161823
9.69 -0.00167508
9.7 -0.00170019
9.71 -0.00169304
9.72 -0.00165346
9.73 -0.00158212
9.74 -0.00148064
9.75 -0.00135155
9.76 -0.00119832
9.77 -0.00102518
9.78 -0.000836999
9.79 -0.000639143
9.8 -0.000437337
9.81 -0.000237526
9.82 -4.56806e-05
9.83 0.000132369
9.84 0.000291088
9.85 0.000425391
9.86 0.000530847
9.87 0.000603883
9.88 0.000641927
9.89 0.000643445
9.9 0.000607978
9.91 0.000536245
9.92 0.000430161
9.93 0.000292738
9.94 0.000127994
9.95 -5.91682e-05
9.96 -0.000263177
9.97 -0.000478101
9.98 -0.000697942
9.99 -0.00091686
10 -0.00112933
10.01 -0.00133029
10.02 -0.00151524
10.03 -0.00168041
10.04 -0.00182272
10.05 -0.0019411
10.06 -0.00203698
10.07 -0.00211169
10.08 -0.00216562
10.09 -0.00219895
10.1 -0.00221172
10.11 -0.00220382
10.12 -0.00217534
10.13 -0.00212701
10.14 -0.00206018
10.15 -0.0019767
10.16 -0.00187895
10.17 -0.00176969
10.18 -0.00165184
10.19 -0.00152841
10.2 -0.00140231
10.21 -0.00127628
10.22 -0.00115295
10.23 -0.00103476
10.24 -0.000923931
10.25 -0.000822448
10.26 -0.000732095
10.27 -0.000654451
10.28 -0.000590834
10.29 -0.000542249
10.3 -0.000509355
10.31 -0.000492427
10.32 -0.000491272
10.33 -0.00050521
10.34 -0.000533167
10.35 -0.000573762
10.36 -0.000625329
10.37 -0.000685955
10.38 -0.000753537
10.39 -0.000825819
10.4 -0.000900427
10.41 -0.000974881
10.42 -0.00104659
10.43 -0.00111287
10.44 -0.00117101
10.45 -0.0012183
10.46 -0.00125218
10.47 -0.00127037
10.48 -0.00127108
10.49 -0.00125313
10.5 -0.00121608
10.51 -0.00116028
10.52 -0.00108687
10.53 -0.000997681
10.54 -0.000895121
10.55 -0.00078203
10.56 -0.000661524
10.57 -0.000536902
10.58 -0.000411565
10.59 -0.000288888
10.6 -0.00017212
10.61 -6.43392e-05
10.62 3.1582e-05
10.63 0.000113034
10.64 0.0001777
10.65 0.000223586
10.66 0.000249092
10.67 0.000253071
10.68 0.000234903
10.69 0.000194597
10.7 0.00013286
10.71 5.11158e-05
10.72 -4.86002e-05
10.73 -0.000163722
10.74 -0.00029122
10.75 -0.000427735
10.76 -0.000569687
10.77 -0.000713336
10.78 -0.000854851
10.79 -0.000990411
10.8 -0.00111633
10.81 -0.0012292
10.82 -0.00132588
10.83 -0.00140365
10.84 -0.00146024
10.85 -0.00149391
10.86 -0.0015036
10.87 -0.00148894
10.88 -0.00145027
10.89 -0.00138857
10.9 -0.00130543
10.91 -0.00120295
10.92 -0.00108366
10.93 -0.000950267
10.94 -0.000805595
10.95 -0.000652444
10.96 -0.000493556
10.97 -0.000331583
10.98 -0.000169078
10.99 -8.52622e-06
11 0.000147603
11.01 0.000296877
11.02 0.000436947
11.03 0.000565554
11.04 0.000680544
11.05 0.000779943
11.06 0.000862084
11.07 0.000925661
11.08 0.000969736
11.09 0.000993774
11.1 0.000997696
11.11 0.000981933
11.12 0.000947458
11.13 0.000895773
11.14 0.000828805
11.15 0.000748808
11.16 0.000658369
11.17 0.000560426
11.18 0.000458248
11.19 0.000355374
11.2 0.000255516
11.21 0.000162434
11.22 7.98339e-05
11.23 1.11981e-05
11.24 -4.04952e-05
11.25 -7.3045e-05
11.26 -8.5198e-05
11.27 -7.66814e-05
11.28 -4.81199e-05
11.29 -8.84657e-07
11.3 6.30736e-05
11.31 0.000141353
11.32 0.00023123
11.33 0.000329819
11.34 0.000434247
11.35 0.000541862
11.36 0.000650343
11.37 0.000757681
11.38 0.000862066
11.39 0.000961806
11.4 0.00105531
11.41 0.00114108
11.42 0.0012176
11.43 0.00128335
11.44 0.00133682
11.45 0.00137662
11.46 0.00140164
11.47 0.00141113
11.48 0.00140486
11.49 0.00138328
11.5 0.00134754
11.51 0.0012995
11.52 0.00124158
11.53 0.00117664
11.54 0.00110779
11.55 0.0010382
11.56 0.00097088
11.57 0.00090848
11.58 0.0008532
11.59 0.000806794
11.6 0.000770662
11.61 0.000745929
11.62 0.000733443
11.63 0.000733743
11.64 0.000747078
11.65 0.000773373
11.66 0.000812204
11.67 0.000862849
11.68 0.000924283
11.69 0.000995134
11.7 0.00107366
11.71 0.00115773
11.72 0.00124484
11.73 0.00133217
11.74 0.00141661
11.75 0.00149487
11.76 0.00156409
11.77 0.00162222
11.78 0.00166694
11.79 0.00169534
11.8 0.00170429
11.81 0.00169076
11.82 0.00165233
11.83 0.00158762
11.84 0.00149623
11.85 0.0013787
11.86 0.0012364
11.87 0.00107144
11.88 0.000886466
11.89 0.000684691
11.9 0.000469751
11.91 0.000245645
11.92 1.66365e-05
11.93 -0.00021287
11.94 -0.000438447
11.95 -0.000655761
11.96 -0.000860694
11.97 -0.00104944
11.98 -0.00121853
11.99 -0.0013648
12 -0.00148546
12.01 -0.00157824
12.02 -0.00164137
12.03 -0.00167352
12.04 -0.00167386
12.05 -0.00164212
12.06 -0.00157864
12.07 -0.00148448
12.08 -0.00136148
12.09 -0.00121239
12.1 -0.00104078
12.11 -0.000851027
12.12 -0.000648088
12.13 -0.00043752
12.14 -0.000225342
12.15 -1.78518e-05
12.16 0.0001786
12.17 0.000357861
12.18 0.000514244
12.19 0.000642693
12.2 0.000738873
12.21 0.00079933
12.22 0.000821681
12.23 0.000804624
12.24 0.000747867
12.25 0.000652153
12.26 0.000519335
12.27 0.000352317
12.28 0.000154929
12.29 -6.81656e-05
12.3 -0.000311601
12.31 -0.000569454
12.32 -0.000835317
12.33 -0.0011024
12.34 -0.00136374
12.35 -0.00161243
12.36 -0.00184177
12.37 -0.00204543
12.38 -0.00221907
12.39 -0.00236137
12.4 -0.00247163
12.41 -0.00254858
12.42 -0.00259101
12.43 -0.00259788
12.44 -0.00256827
12.45 -0.00250186
12.46 -0.00239959
12.47 -0.00226327
12.48 -0.00209507
12.49 -0.00189751
12.5 -0.0016733
12.51 -0.00142532
12.52 -0.00115653
12.53 -0.000870042
12.54 -0.00056922
12.55 -0.000257803
12.56 6.00579e-05
12.57 0.000379831
12.58 0.000696744
12.59 0.00100601
12.6 0.00130303
12.61 0.00158665
12.62 0.00186066
12.63 0.00212892
12.64 0.00239346
12.65 0.00265605
12.66 0.00291821
12.67 0.00318104
12.68 0.00344522
12.69 0.00371096
12.7 0.00397799
12.71 0.00424569
12.72 0.00451325
12.73 0.00477965
12.74 0.00504383
12.75 0.00530466
12.76 0.00556111
12.77 0.00581224
12.78 0.00605718
12.79 0.00629517
12.8 0.00652549
12.81 0.00674743
12.82 0.00696017
12.83 0.00716279
12.84 0.00735434
12.85 0.00753387
12.86 0.00770052
12.87 0.00785358
12.88 0.00799251
12.89 0.00811712
12.9 0.00822745
12.91 0.00832372
12.92 0.00840619
12.93 0.00847514
12.94 0.00853072
12.95 0.00857301
12.96 0.00860196
12.97 0.00861738
12.98 0.00861906
12.99 0.00860671
13 0.00858027
13.01 0.00854023
13.02 0.00848757
13.03 0.00842367
13.04 0.00835034
13.05 0.00826964
13.06 0.00818372
13.07 0.0080947
13.08 0.00800454
13.09 0.00791495
13.1 0.00782731
13.11 0.00774268
13.12 0.00766183
13.13 0.00758534
13.14 0.00751376
13.15 0.00744761
13.16 0.00738748
13.17 0.00733404
13.18 0.00728802
13.19 0.00725014
13.2 0.00722104
13.21 0.00720118
13.22 0.00719077
13.23 0.00718977
13.24 0.00719788
13.25 0.0072145
13.26 0.00723877
13.27 0.00726956
13.28 0.00730548
13.29 0.00734493
13.3 0.00738612
13.31 0.00742713
13.32 0.00746584
13.33 0.00750002
13.34 0.00752747
13.35 0.0075461
13.36 0.00755412
13.37 0.00755011
13.38 0.00753314
13.39 0.00750273
13.4 0.00745893
13.41 0.00740228
13.42 0.00733388
13.43 0.00725531
13.44 0.00716864
13.45 0.00707631
13.46 0.00698112
13.47 0.0068861
13.48 0.00679442
13.49 0.00670923
13.5 0.0066336
13.51 0.00657041
13.52 0.00652224
13.53 0.00649135
13.54 0.00647965
13.55 0.00648867
13.56 0.0065195
13.57 0.00657268
13.58 0.00664809
13.59 0.00674489
13.6 0.00686152
13.61 0.0069958
13.62 0.0071451
13.63 0.00730641
13.64 0.00747648
13.65 0.00765183
13.66 0.00782891
13.67 0.0080042
13.68 0.00817426
13.69 0.00833568
13.7 0.00848511
13.71 0.0086194
13.72 0.00873636
13.73 0.00883537
13.74 0.00891641
13.75 0.00897917
13.76 0.00902305
13.77 0.00904713
13.78 0.00905007
13.79 0.00903018
13.8 0.00898576
13.81 0.00891544
13.82 0.00881807
13.83 0.00869289
13.84 0.00854009
13.85 0.00836117
13.86 0.00815898
13.87 0.00793742
13.88 0.007701
13.89 0.0074545
13.9 0.00720284
13.91 0.006951
13.92 0.00670394
13.93 0.00646639
13.94 0.00624273
13.95 0.00603693
13.96 0.00585248
13.97 0.00569233
13.98 0.00555884
13.99 0.00545366
14 0.00537766
14.01 0.00533062
14.02 0.00531115
14.03 0.00531748
14.04 0.00534773
14.05 0.00539954
14.06 0.00547008
14.07 0.00555602
14.08 0.00565354
14.09 0.00575843
14.1 0.00586611
14.11 0.00597173
14.12 0.00607024
14.13 0.00615655
14.14 0.00622562
14.15 0.00627254
14.16 0.00629275
14.17 0.00628224
14.18 0.00623779
14.19 0.00615715
14.2 0.00603899
14.21 0.00588296
14.22 0.00568961
14.23 0.00546035
14.24 0.00519738
14.25 0.00490105
14.26 0.00456798
14.27 0.00419388
14.28 0.00377532
14.29 0.00330907
14.3 0.00279218
14.31 0.0022221
14.32 0.00159671
14.33 0.00091434
14.34 0.000173674
14.35 -0.000626443
14.36 -0.00148717
14.37 -0.00240983
14.38 -0.00339595
14.39 -0.0044472
14.4 -0.00556532
14.41 -0.00675203
14.42 -0.00800902
14.43 -0.00933781
14.44 -0.0107396
14.45 -0.0122153
14.46 -0.0137649
14.47 -0.0153882
14.48 -0.0170847
14.49 -0.0188533
14.5 -0.0206931
14.51 -0.0226031
14.52 -0.0245825
14.53 -0.0266302
14.54 -0.0287458
14.55 -0.0309286
14.56 -0.033178
14.57 -0.0354936
14.58 -0.0378748
14.59 -0.0403211
14.6 -0.0428319
14.61 -0.0454062
14.62 -0.0480427
14.63 -0.0507392
14.64 -0.0534932
14.65 -0.056301
14.66 -0.0591583
14.67 -0.0620601
14.68 -0.065001
14.69 -0.0679761
14.7 -0.0709806
14.71 -0.07401
14.72 -0.0770597
14.73 -0.0801248
14.74 -0.0831991
14.75 -0.0862758
14.76 -0.0893473
14.77 -0.0924063
14.78 -0.0954456
14.79 -0.0984582
14.8 -0.101437
14.81 -0.104376
14.82 -0.107267
14.83 -0.110104
14.84 -0.112881
14.85 -0.115591
14.86 -0.118229
14.87 -0.120788
14.88 -0.123263
14.89 -0.125648
14.9 -0.127936
14.91 -0.130122
14.92 -0.132201
14.93 -0.134165
14.94 -0.136009
14.95 -0.137728
14.96 -0.139316
14.97 -0.140767
14.98 -0.142078
14.99 -0.143245
15 -0.144265
15.01 -0.145139
15.02 -0.145867
15.03 -0.146451
15.04 -0.146895
15.05 -0.147203
15.06 -0.14738
15.07 -0.14743
15.08 -0.147362
15.09 -0.147181
15.1 -0.146899
15.11 -0.146528
15.12 -0.146084
15.13 -0.145583
15.14 -0.145042
15.15 -0.144479
15.16 -0.143913
15.17 -0.143361
15.18 -0.142834
15.19 -0.142333
15.2 -0.141858
15.21 -0.14141
15.22 -0.140993
15.23 -0.140607
15.24 -0.140257
15.25 -0.139943
15.26 -0.139671
15.27 -0.139442
15.28 -0.139261
15.29 -0.139132
15.3 -0.139059
15.31 -0.139044
15.32 -0.13909
15.33 -0.139196
15.34 -0.139363
15.35 -0.139586
15.36 -0.139862
15.37 -0.140185
15.38 -0.140551
15.39 -0.140951
15.4 -0.141377
15.41 -0.141822
15.42 -0.142276
15.43 -0.142728
15.44 -0.143172
15.45 -0.143604
15.46 -0.144026
15.47 -0.144436
15.48 -0.144833
15.49 -0.145215
15.5 -0.145579
15.51 -0.14592
15.52 -0.146234
15.53 -0.146517
15.54 -0.146763
15.55 -0.146968
15.56 -0.147126
15.57 -0.147233
15.58 -0.147285
15.59 -0.147276
15.6 -0.147203
15.61 -0.147064
15.62 -0.146857
15.63 -0.146583
15.64 -0.146244
15.65 -0.145844
15.66 -0.145387
15.67 -0.144882
15.68 -0.144334
15.69 -0.143752
15.7 -0.143146
15.71 -0.142519
15.72 -0.141863
15.73 -0.141171
15.74 -0.140439
15.75 -0.13966
15.76 -0.138831
15.77 -0.137946
15.78 -0.137
15.79 -0.13599
15.8 -0.134911
15.81 -0.133759
15.82 -0.132531
15.83 -0.131223
15.84 -0.129831
15.85 -0.128355
15.86 -0.126792
15.87 -0.125141
15.88 -0.123399
15.89 -0.121565
15.9 -0.11964
15.91 -0.117621
15.92 -0.115508
15.93 -0.113301
15.94 -0.110999
15.95 -0.108602
15.96 -0.10611
15.97 -0.103523
15.98 -0.100842
15.99 -0.0980679
16 -0.0952027
16.01 -0.0922487
16.02 -0.089209
16.03 -0.0860873
16.04 -0.0828885
16.05 -0.0796183
16.06 -0.076283
16.07 -0.0728891
16.08 -0.0694432
16.09 -0.0659516
16.1 -0.0624205
16.11 -0.0588562
16.12 -0.0552644
16.13 -0.0516513
16.14 -0.0480229
16.15 -0.0443851
16.16 -0.040744
16.17 -0.0371058
16.18 -0.0334763
16.19 -0.0298617
16.2 -0.026268
16.21 -0.0227006
16.22 -0.0191651
16.23 -0.0156659
16.24 -0.0122073
16.25 -0.00879237
16.26 -0.00542339
16.27 -0.0021019
16.28 0.00117111
16.29 0.00439493
16.3 0.00756907
16.31 0.0106932
16.32 0.0137673
16.33 0.0167913
16.34 0.0197655
16.35 0.02269
16.36 0.0255654
16.37 0.0283919
16.38 0.0311699
16.39 0.0339001
16.4 0.036583
16.41 0.0392195
16.42 0.0418101
16.43 0.0443556
16.44 0.0468563
16.45 0.0493129
16.46 0.0517256
16.47 0.0540951
16.48 0.0564217
16.49 0.0587059
16.5 0.060948
16.51 0.0631485
16.52 0.0653075
16.53 0.0674255
16.54 0.069503
16.55 0.0715404
16.56 0.0735379
16.57 0.0754959
16.58 0.0774143
16.59 0.0792932
16.6 0.0811324
16.61 0.0829315
16.62 0.0846897
16.63 0.0864061
16.64 0.0880794
16.65 0.0897079
16.66 0.0912897
16.67 0.0928225
16.68 0.0943036
16.69 0.09573
16.7 0.0970986
16.71 0.0984062
16.72 0.09965
16.73 0.100828
16.74 0.101938
16.75 0.102979
16.76 0.103951
16.77 0.104852
16.78 0.105683
16.79 0.106443
16.8 0.107133
16.81 0.107753
16.82 0.108304
16.83 0.108787
16.84 0.109202
16.85 0.109549
16.86 0.109831
16.87 0.110047
16.88 0.110199
16.89 0.110286
16.9 0.110309
16.91 0.110268
16.92 0.110163
16.93 0.109999
16.94 0.109778
16.95 0.109506
16.96 0.109191
16.97 0.108839
16.98 0.10846
16.99 0.108062
17 0.107655
17.01 0.107248
17.02 0.106853
17.03 0.106476
17.04 0.106125
17.05 0.105798
17.06 0.105493
17.07 0.105211
17.08 0.104949
17.09 0.104709
17.1 0.104488
17.11 0.104287
17.12 0.104105
17.13 0.103941
17.14 0.103794
17.15 0.103664
17.16 0.103551
17.17 0.103453
17.18 0.10337
17.19 0.103302
17.2 0.103248
17.21 0.103208
17.22 0.10318
17.23 0.103165
17.24 0.103163
17.25 0.103171
17.26 0.103191
17.27 0.10322
17.28 0.103257
17.29 0.103301
17.3 0.103348
17.31 0.103398
17.32 0.103448
17.33 0.103496
17.34 0.103541
17.35 0.103579
17.36 0.10361
17.37 0.10363
17.38 0.103637
17.39 0.103629
17.4 0.103604
17.41 0.103559
17.42 0.103492
17.43 0.1034
17.44 0.103283
17.45 0.10314
17.46 0.102971
17.47 0.102774
17.48 0.102549
17.49 0.102292
17.5 0.102005
17.51 0.101685
17.52 0.101332
17.53 0.100945
17.54 0.100523
17.55 0.100064
17.56 0.0995683
17.57 0.0990352
17.58 0.0984644
17.59 0.0978559
17.6 0.0972101
17.61 0.0965278
17.62 0.0958105
17.63 0.0950598
17.64 0.0942778
17.65 0.093467
17.66 0.09263
17.67 0.0917699
17.68 0.0908897
17.69 0.0899926
17.7 0.0890819
17.71 0.0881604
17.72 0.0872308
17.73 0.0862952
17.74 0.0853556
17.75 0.0844136
17.76 0.0834712
17.77 0.0825306
17.78 0.0815945
17.79 0.0806657
17.8 0.0797477
17.81 0.078844
17.82 0.0779581
17.83 0.0770936
17.84 0.0762537
17.85 0.0754419
17.86 0.0746612
17.87 0.0739146
17.88 0.073205
17.89 0.0725346
17.9 0.0719053
17.91 0.0713183
17.92 0.0707743
17.93 0.0702737
17.94 0.0698167
17.95 0.0694034
17.96 0.0690335
17.97 0.0687067
17.98 0.0684224
17.99 0.0681802
18 0.0679792
18.01 0.0678188
18.02 0.0676983
18.03 0.067617
18.04 0.0675742
18.05 0.0675692
18.06 0.0676016
18.07 0.0676703
18.08 0.0677729
18.09 0.0679063
18.1 0.0680666
18.11 0.0682496
18.12 0.0684503
18.13 0.0686636
18.14 0.0688841
18.15 0.0691066
18.16 0.0693261
18.17 0.0695378
18.18 0.0697374
18.19 0.069921
18.2 0.0700856
18.21 0.0702287
18.22 0.0703482
18.23 0.0704429
18.24 0.0705119
18.25 0.070555
18.26 0.0705722
18.27 0.0705646
18.28 0.0705334
18.29 0.0704808
18.3 0.0704094
18.31 0.070322
18.32 0.0702224
18.33 0.0701141
18.34 0.0700011
18.35 0.069887
18.36 0.0697757
18.37 0.0696704
18.38 0.0695743
18.39 0.06949
18.4 0.0694201
18.41 0.0693669
18.42 0.0693323
18.43 0.0693179
18.44 0.0693252
18.45 0.0693552
18.46 0.0694088
18.47 0.0694863
18.48 0.0695876
18.49 0.0697121
18.5 0.0698588
18.51 0.0700257
18.52 0.0702104
18.53 0.0704097
18.54 0.07062
18.55 0.0708373
18.56 0.0710571
18.57 0.0712748
18.58 0.0714875
18.59 0.0716949
18.6 0.0718981
18.61 0.0720977
18.62 0.0722945
18.63 0.0724894
18.64 0.0726831
18.65 0.0728763
18.66 0.0730696
18.67 0.0732633
18.68 0.0734572
18.69 0.0736504
18.7 0.0738413
18.71 0.0740273
18.72 0.074205
18.73 0.0743706
18.74 0.0745195
18.75 0.0746475
18.76 0.0747505
18.77 0.0748244
18.78 0.0748653
18.79 0.0748694
18.8 0.0748328
18.81 0.0747523
18.82 0.0746264
18.83 0.0744544
18.84 0.0742365
18.85 0.0739739
18.86 0.0736688
18.87 0.0733245
18.88 0.0729451
18.89 0.0725357
18.9 0.0721022
18.91 0.0716517
18.92 0.0711919
18.93 0.0707285
18.94 0.070262
18.95 0.0697907
18.96 0.0693129
18.97 0.0688272
18.98 0.0683319
18.99 0.0678251
19 0.0673047
19.01 0.0667683
19.02 0.066213
19.03 0.0656361
19.04 0.0650343
19.05 0.0644051
19.06 0.0637457
19.07 0.0630542
19.08 0.0623287
19.09 0.061568
19.1 0.060771
19.11 0.0599367
19.12 0.0590639
19.13 0.0581513
19.14 0.0571975
19.15 0.0562009
19.16 0.0551602
19.17 0.0540744
19.18 0.0529433
19.19 0.0517676
19.2 0.0505485
19.21 0.0492883
19.22 0.0479896
19.23 0.0466558
19.24 0.04529
19.25 0.0438957
19.26 0.0424756
19.27 0.0410314
19.28 0.0395646
19.29 0.0380761
19.3 0.0365671
19.31 0.0350389
19.32 0.0334931
19.33 0.0319319
19.34 0.0303575
19.35 0.0287728
19.36 0.0271811
19.37 0.0255859
19.38 0.0239907
19.39 0.022399
19.4 0.0208141
19.41 0.0192393
19.42 0.0176779
19.43 0.0161329
19.44 0.0146077
19.45 0.0131053
19.46 0.0116286
19.47 0.0101808
19.48 0.00876461
19.49 0.00738288
19.5 0.00603819
19.51 0.00473287
19.52 0.00346902
19.53 0.00224856
19.54 0.00107316
19.55 -5.60315e-05
19.56 -0.00113839
19.57 -0.00217372
19.58 -0.00316208
19.59 -0.00410363
19.6 -0.00499868
19.61 -0.00584767
19.62 -0.00665119
19.63 -0.00740988
19.64 -0.00812442
19.65 -0.00879551
19.66 -0.00942394
19.67 -0.0100105
19.68 -0.0105563
19.69 -0.0110621
19.7 -0.0115292
19.71 -0.011959
19.72 -0.0123527
19.73 -0.0127116
19.74 -0.0130372
19.75 -0.0133305
19.76 -0.0135925
19.77 -0.0138239
19.78 -0.014025
19.79 -0.0141962
19.8 -0.014338
19.81 -0.0144507
19.82 -0.0145348
19.83 -0.0145909
19.84 -0.0146195
19.85 -0.0146216
19.86 -0.0145982
19.87 -0.0145509
19.88 -0.0144822
19.89 -0.0143952
19.9 -0.0142929
19.91 -0.0141788
19.92 -0.0140564
19.93 -0.013929
19.94 -0.0138
19.95 -0.0136727
19.96 -0.0135506
19.97 -0.013437
19.98 -0.0133353
19.99 -0.0132486
20 -0.0131799
20.01 -0.0131318
20.02 -0.0131063
20.03 -0.0131049
20.04 -0.0131279
20.05 -0.0131746
20.06 -0.0132433
20.07 -0.0133313
20.08 -0.0134349
20.09 -0.0135497
20.1 -0.0136706
20.11 -0.0137922
20.12 -0.0139089
20.13 -0.0140154
20.14 -0.0141068
20.15 -0.0141788
20.16 -0.0142274
20.17 -0.0142496
20.18 -0.0142432
20.19 -0.0142068
20.2 -0.0141404
20.21 -0.0140446
20.22 -0.0139213
20.23 -0.0137729
20.24 -0.0136022
20.25 -0.0134128
20.26 -0.0132085
20.27 -0.0129937
20.28 -0.0127733
20.29 -0.0125523
20.3 -0.0123358
20.31 -0.012129
20.32 -0.0119371
20.33 -0.0117647
20.34 -0.0116161
20.35 -0.011495
20.36 -0.0114042
20.37 -0.0113454
20.38 -0.0113194
20.39 -0.0113257
20.4 -0.0113627
20.41 -0.0114275
20.42 -0.0115164
20.43 -0.011625
20.44 -0.0117482
20.45 -0.0118808
20.46 -0.0120172
20.47 -0.0121522
20.48 -0.0122803
20.49 -0.0123966
20.5 -0.0124961
20.51 -0.0125745
20.52 -0.0126279
20.53 -0.0126532
20.54 -0.0126479
20.55 -0.0126103
20.56 -0.0125396
20.57 -0.0124358
20.58 -0.0123002
20.59 -0.0121352
20.6 -0.0119445
20.61 -0.0117326
20.62 -0.011505
20.63 -0.0112677
20.64 -0.0110269
20.65 -0.0107887
20.66 -0.0105569
20.67 -0.0103311
20.68 -0.0101106
20.69 -0.00989536
20.7 -0.00968549
20.71 -0.0094808
20.72 -0.00928107
20.73 -0.00908602
20.74 -0.00889542
20.75 -0.00870902
20.76 -0.00852662
20.77 -0.00834793
20.78 -0.00817255
20.79 -0.00799986
20.8 -0.00782895
20.81 -0.00765854
20.82 -0.00748692
20.83 -0.00731202
20.84 -0.00713163
20.85 -0.00694358
20.86 -0.00674593
20.87 -0.00653704
20.88 -0.00631558
20.89 -0.00608059
20.9 -0.0058315
20.91 -0.00556791
20.92 -0.00528954
20.93 -0.00499613
20.94 -0.00468749
20.95 -0.00436348
20.96 -0.00402415
20.97 -0.00366982
20.98 -0.00330108
20.99 -0.00291888
21 -0.00252451
21.01 -0.00211966
21.02 -0.00170645
21.03 -0.00128732
21.04 -0.000864926
21.05 -0.00044194
21.06 -2.09333e-05
21.07 0.000395613
21.08 0.000805264
21.09 0.00120559
21.1 0.00159422
21.11 0.00196899
21.12 0.00232811
21.13 0.00267012
21.14 0.00299393
21.15 0.00329866
21.16 0.00358359
21.17 0.00384804
21.18 0.00409141
21.19 0.00431309
21.2 0.0045125
21.21 0.00468905
21.22 0.00484219
21.23 0.00497138
21.24 0.00507614
21.25 0.00515609
21.26 0.00521103
21.27 0.00524097
21.28 0.00524615
21.29 0.005227
21.3 0.0051845
21.31 0.00512049
21.32 0.00503726
21.33 0.00493727
21.34 0.00482322
21.35 0.0046979
21.36 0.00456414
21.37 0.0044247
21.38 0.00428217
21.39 0.00413895
21.4 0.00399717
21.41 0.00385863
21.42 0.0037249
21.43 0.00359734
21.44 0.00347712
21.45 0.0033653
21.46 0.00326287
21.47 0.00317074
21.48 0.00308966
21.49 0.00302015
21.5 0.00296242
21.51 0.00291634
21.52 0.00288153
21.53 0.00285743
21.54 0.00284326
21.55 0.00283802
21.56 0.00284049
21.57 0.00284922
21.58 0.00286247
21.59 0.0028782
21.6 0.00289423
21.61 0.0029083
21.62 0.00291832
21.63 0.00292249
21.64 0.00291939
21.65 0.00290817
21.66 0.00288851
21.67 0.00286057
21.68 0.0028249
21.69 0.00278239
21.7 0.00273406
21.71 0.00268104
21.72 0.00262452
21.73 0.00256587
21.74 0.00250657
21.75 0.00244831
21.76 0.00239295
21.77 0.0023425
21.78 0.00229901
21.79 0.00226447
21.8 0.00224065
21.81 0.00222891
21.82 0.00223009
21.83 0.00224441
21.84 0.00227147
21.85 0.00231029
21.86 0.00235938
21.87 0.00241683
21.88 0.00248037
21.89 0.00254742
21.9 0.00261535
21.91 0.00268157
21.92 0.00274369
21.93 0.00279962
21.94 0.00284764
21.95 0.00288643
21.96 0.00291489
21.97 0.00293207
21.98 0.00293706
21.99 0.0029289
22 0.00290661
22.01 0.00286916
22.02 0.0028156
22.03 0.00274523
22.04 0.00265785
22.05 0.00255403
22.06 0.0024353
22.07 0.00230428
22.08 0.00216435
22.09 0.0020194
22.1 0.00187358
22.11 0.0017312
22.12 0.00159654
22.13 0.00147373
22.14 0.00136518
22.15 0.00127101
22.16 0.00119102
22.17 0.00112549
22.18 0.00107456
22.19 0.00103828
22.2 0.00101668
22.21 0.00100989
22.22 0.00101821
22.23 0.00104195
22.24 0.00108113
22.25 0.00113553
22.26 0.00120465
22.27 0.00128766
22.28 0.00138335
22.29 0.00149006
22.3 0.00160565
22.31 0.00172742
22.32 0.00185221
22.33 0.00197651
22.34 0.00209668
22.35 0.00220909
22.36 0.00231023
22.37 0.00239697
22.38 0.00246664
22.39 0.00251716
22.4 0.00254707
22.41 0.00255563
22.42 0.00254282
22.43 0.0025093
22.44 0.00245634
22.45 0.00238578
22.46 0.00230006
22.47 0.0022022
22.48 0.00209575
22.49 0.00198463
22.5 0.00187301
22.51 0.00176533
22.52 0.00166611
22.53 0.00157979
22.54 0.00151058
22.55 0.0014622
22.56 0.0014379
22.57 0.00144033
22.58 0.00147158
22.59 0.00153297
22.6 0.00162511
22.61 0.00174782
22.62 0.00190018
22.63 0.00208046
22.64 0.00228608
22.65 0.00251368
22.66 0.00275919
22.67 0.00301784
22.68 0.00328426
22.69 0.00355273
22.7 0.00381758
22.71 0.00407341
22.72 0.00431525
22.73 0.00453863
22.74 0.00473963
22.75 0.0049164
22.76 0.0050701
22.77 0.00520258
22.78 0.00531516
22.79 0.00540904
22.8 0.00548536
22.81 0.00554524
22.82 0.00558976
22.83 0.00561993
22.84 0.00563671
22.85 0.005641
22.86 0.00563359
22.87 0.00561539
22.88 0.0055875
22.89 0.00555111
22.9 0.00550742
22.91 0.00545755
22.92 0.0054026
22.93 0.00534353
22.94 0.00528124
22.95 0.0052165
22.96 0.00514995
22.97 0.00508208
22.98 0.00501344
22.99 0.00494475
23 0.00487717
23.01 0.00481221
23.02 0.00475163
23.03 0.00469731
23.04 0.00465116
23.05 0.00461505
23.06 0.00459058
23.07 0.00457896
23.08 0.00458079
23.09 0.004596
23.1 0.00462393
23.11 0.00466353
23.12 0.00471342
23.13 0.00477198
23.14 0.00483747
23.15 0.00490803
23.16 0.00498171
23.17 0.00505655
23.18 0.00513063
23.19 0.00520219
23.2 0.00526965
23.21 0.00533159
23.22 0.00538672
23.23 0.00543389
23.24 0.00547218
23.25 0.0055009
23.26 0.00551954
23.27 0.00552785
23.28 0.00552592
23.29 0.00551423
23.3 0.00549357
23.31 0.00546502
23.32 0.00542989
23.33 0.00538963
23.34 0.0053457
23.35 0.00529959
23.36 0.00525271
23.37 0.0052063
23.38 0.00516142
23.39 0.00511892
23.4 0.00507933
23.41 0.00504284
23.42 0.00500931
23.43 0.00497836
23.44 0.00494936
23.45 0.00492145
23.46 0.00489367
23.47 0.00486517
23.48 0.00483535
23.49 0.00480392
23.5 0.00477084
23.51 0.00473631
23.52 0.00470062
23.53 0.00466414
23.54 0.0046273
23.55 0.00459056
23.56 0.00455446
23.57 0.00451956
23.58 0.00448651
23.59 0.00445599
23.6 0.00442866
23.61 0.00440514
23.62 0.004386
23.63 0.0043718
23.64 0.00436308
23.65 0.00436033
23.66 0.00436393
23.67 0.00437403
23.68 0.00439056
23.69 0.0044131
23.7 0.00444098
23.71 0.00447325
23.72 0.00450869
23.73 0.00454585
23.74 0.00458306
23.75 0.00461847
23.76 0.00465002
23.77 0.00467539
23.78 0.0046921
23.79 0.00469755
23.8 0.00468919
23.81 0.00466477
23.82 0.0046225
23.83 0.0045611
23.84 0.00447981
23.85 0.00437845
23.86 0.00425733
23.87 0.00411732
23.88 0.00395974
23.89 0.00378631
23.9 0.00359904
23.91 0.00340005
23.92 0.00319157
23.93 0.00297593
23.94 0.00275565
23.95 0.0025334
23.96 0.00231205
23.97 0.00209464
23.98 0.00188448
23.99 0.00168339
24 0.00149052
24.01 0.0013048
24.02 0.00112602
24.03 0.000954383
24.04 0.000790536
24.05 0.000635736
24.06 0.000491849
24.07 0.000361264
24.08 0.000246643
24.09 0.000150675
24.1 7.59404e-05
24.11 2.48213e-05
24.12 -6.32712e-07
24.13 1.1679e-06
24.14 3.10879e-05
24.15 8.88725e-05
24.16 0.000173051
24.17 0.000281163
24.18 0.000410037
24.19 0.000555979
24.2 0.000714857
24.21 0.000882186
24.22 0.00105324
24.23 0.00122315
24.24 0.00138707
24.25 0.0015403
24.26 0.00167838
24.27 0.00179715
24.28 0.0018928
24.29 0.00196198
24.3 0.00200173
24.31 0.00200966
24.32 0.00198417
24.33 0.00192468
24.34 0.00183187
24.35 0.00170777
24.36 0.00155566
24.37 0.00137981
24.38 0.00118523
24.39 0.000977545
24.4 0.00076273
24.41 0.000546883
24.42 0.000335958
24.43 0.000135557
24.44 -4.92257e-05
24.45 -0.000215166
24.46 -0.000361764
24.47 -0.000489314
24.48 -0.000597731
24.49 -0.000686851
24.5 -0.000756477
24.51 -0.000806402
24.52 -0.000836406
24.53 -0.000846337
24.54 -0.000836163
24.55 -0.0008062
24.56 -0.000757393
24.57 -0.000691283
24.58 -0.00060996
24.59 -0.000516002
24.6 -0.000412292
24.61 -0.000301873
24.62 -0.000187908
24.63 -7.36293e-05
24.64 3.78015e-05
24.65 0.000143511
24.66 0.000241065
24.67 0.000328477
24.68 0.000404232
24.69 0.000467356
24.7 0.000517407
24.71 0.000554411
24.72 0.000578803
24.73 0.000591329
24.74 0.000593028
24.75 0.000585263
24.76 0.000569707
24.77 0.000548251
24.78 0.00052281
24.79 0.000495185
24.8 0.000467069
24.81 0.000440023
24.82 0.000415363
24.83 0.000394109
24.84 0.000377015
24.85 0.000364602
24.86 0.000357168
24.87 0.000354794
24.88 0.000357313
24.89 0.000364252
24.9 0.000374808
24.91 0.000387874
24.92 0.000402123
24.93 0.000416086
24.94 0.000428213
24.95 0.00043698
24.96 0.00044095
24.97 0.000438791
24.98 0.000429336
24.99 0.000411712
25 0.00038539
