0.01 3.15159e-09
0.02 1.51147e-08
0.03 3.70614e-08
0.04 6.62881e-08
0.05 1.00057e-07
0.06 1.35656e-07
0.07 1.7046e-07
0.08 2.01959e-07
0.09 2.27779e-07
0.1 2.45716e-07
0.11 2.53784e-07
0.12 2.50246e-07
0.13 2.33593e-07
0.14 2.02513e-07
0.15 1.55889e-07
0.16 9.28734e-08
0.17 1.29386e-08
0.18 -8.4104e-08
0.19 -1.98098e-07
0.2 -3.28536e-07
0.21 -4.74567e-07
0.22 -6.35007e-07
0.23 -8.08371e-07
0.24 -9.92916e-07
0.25 -1.1867e-06
0.26 -1.3877e-06
0.27 -1.59384e-06
0.28 -1.80293e-06
0.29 -2.01241e-06
0.3 -2.21935e-06
0.31 -2.4204e-06
0.32 -2.61179e-06
0.33 -2.78925e-06
0.34 -2.94793e-06
0.35 -3.0828e-06
0.36 -3.18886e-06
0.37 -3.26143e-06
0.38 -3.29675e-06
0.39 -3.29279e-06
0.4 -3.24984e-06
0.41 -3.17086e-06
0.42 -3.06087e-06
0.43 -2.92633e-06
0.44 -2.77508e-06
0.45 -2.61605e-06
0.46 -2.45866e-06
0.47 -2.31227e-06
0.48 -2.18542e-06
0.49 -2.08553e-06
0.5 -2.01864e-06
0.51 -1.9896e-06
0.52 -2.00229e-06
0.53 -2.0591e-06
0.54 -2.1612e-06
0.55 -2.30893e-06
0.56 -2.50133e-06
0.57 -2.73635e-06
0.58 -3.01133e-06
0.59 -3.32303e-06
0.6 -3.66754e-06
0.61 -4.04038e-06
0.62 -4.43658e-06
0.63 -4.85073e-06
0.64 -5.27723e-06
0.65 -5.71041e-06
0.66 -6.14477e-06
0.67 -6.57512e-06
0.68 -6.99672e-06
0.69 -7.40532e-06
0.7 -7.797e-06
0.71 -8.16793e-06
0.72 -8.51393e-06
0.73 -8.82991e-06
0.74 -9.10927e-06
0.75 -9.34344e-06
0.76 -9.52173e-06
0.77 -9.63179e-06
0.78 -9.66103e-06
0.79 -9.59897e-06
0.8 -9.43899e-06
0.81 -9.17877e-06
0.82 -8.82004e-06
0.83 -8.36765e-06
0.84 -7.82974e-06
0.85 -7.21903e-06
0.86 -6.5519e-06
0.87 -5.84425e-06
0.88 -5.10756e-06
0.89 -4.34806e-06
0.9 -3.56881e-06
0.91 -2.77154e-06
0.92 -1.95778e-06
0.93 -1.13084e-06
0.94 -2.98423e-07
0.95 5.26314e-07
0.96 1.32433e-06
0.97 2.07184e-06
0.98 2.74552e-06
0.99 3.32801e-06
1 3.80994e-06
1.01 4.18936e-06
1.02 4.47178e-06
1.03 4.66901e-06
1.04 4.79647e-06
1.05 4.87072e-06
1.06 4.90593e-06
1.07 4.91211e-06
1.08 4.89633e-06
1.09 4.86544e-06
1.1 4.82679e-06
1.11 4.78671e-06
1.12 4.75158e-06
1.13 4.72955e-06
1.14 4.72976e-06
1.15 4.76089e-06
1.16 4.82919e-06
1.17 4.93585e-06
1.18 5.07481e-06
1.19 5.23462e-06
1.2 5.40201e-06
1.21 5.56062e-06
1.22 5.68991e-06
1.23 5.76831e-06
1.24 5.77905e-06
1.25 5.71809e-06
1.26 5.59867e-06
1.27 5.44613e-06
1.28 5.28798e-06
1.29 5.15077e-06
1.3 5.05887e-06
1.31 5.02931e-06
1.32 5.06907e-06
1.33 5.17774e-06
1.34 5.35287e-06
1.35 5.5935e-06
1.36 5.90044e-06
1.37 6.27616e-06
1.38 6.72415e-06
1.39 7.24764e-06
1.4 7.84748e-06
1.41 8.51917e-06
1.42 9.24909e-06
1.43 1.00107e-05
1.44 1.0761e-05
1.45 1.14399e-05
1.46 1.19719e-05
1.47 1.22744e-05
1.48 1.22657e-05
1.49 1.1867e-05
1.5 1.10074e-05
1.51 9.62908e-06
1.52 7.69035e-06
1.53 5.17312e-06
1.54 2.09094e-06
1.55 -1.50408e-06
1.56 -5.51998e-06
1.57 -9.83597e-06
1.58 -1.43131e-05
1.59 -1.8803e-05
1.6 -2.31624e-05
1.61 -2.72623e-05
1.62 -3.09864e-05
1.63 -3.42337e-05
1.64 -3.69201e-05
1.65 -3.89784e-05
1.66 -4.03619e-05
1.67 -4.10463e-05
1.68 -4.1028e-05
1.69 -4.0318e-05
1.7 -3.89382e-05
1.71 -3.69204e-05
1.72 -3.43057e-05
1.73 -3.1141e-05
1.74 -2.74749e-05
1.75 -2.33531e-05
1.76 -1.88223e-05
1.77 -1.39362e-05
1.78 -8.7508e-06
1.79 -3.31759e-06
1.8 2.31452e-06
1.81 8.09529e-06
1.82 1.39739e-05
1.83 1.98977e-05
1.84 2.58032e-05
1.85 3.16115e-05
1.86 3.72344e-05
1.87 4.25851e-05
1.88 4.75856e-05
1.89 5.21686e-05
1.9 5.62787e-05
1.91 5.98725e-05
1.92 6.29199e-05
1.93 6.5402e-05
1.94 6.72977e-05
1.95 6.8569e-05
1.96 6.91598e-05
1.97 6.90028e-05
1.98 6.80245e-05
1.99 6.61577e-05
2 6.33629e-05
2.01 5.96463e-05
2.02 5.50618e-05
2.03 4.97062e-05
2.04 4.37145e-05
2.05 3.72479e-05
2.06 3.04804e-05
2.07 2.35866e-05
2.08 1.67229e-05
2.09 1.00144e-05
2.1 3.5505e-06
2.11 -2.61256e-06
2.12 -8.45509e-06
2.13 -1.39985e-05
2.14 -1.92934e-05
2.15 -2.44067e-05
2.16 -2.94171e-05
2.17 -3.44078e-05
2.18 -3.94628e-05
2.19 -4.46733e-05
2.2 -5.0143e-05
2.21 -5.59807e-05
2.22 -6.22874e-05
2.23 -6.9149e-05
2.24 -7.66295e-05
2.25 -8.47755e-05
2.26 -9.36108e-05
2.27 -0.00010311
2.28 -0.000113194
2.29 -0.000123742
2.3 -0.000134602
2.31 -0.000145587
2.32 -0.000156477
2.33 -0.000167007
2.34 -0.000176868
2.35 -0.000185716
2.36 -0.000193189
2.37 -0.000198919
2.38 -0.000202551
2.39 -0.000203745
2.4 -0.000202198
2.41 -0.000197692
2.42 -0.000190109
2.43 -0.000179422
2.44 -0.000165669
2.45 -0.000148952
2.46 -0.000129431
2.47 -0.000107334
2.48 -8.29581e-05
2.49 -5.66431e-05
2.5 -2.8753e-05
2.51 3.44551e-07
2.52 3.02853e-05
2.53 6.07002e-05
2.54 9.12168e-05
2.55 0.000121471
2.56 0.000151107
2.57 0.000179754
2.58 0.000207012
2.59 0.000232454
2.6 0.00025564
2.61 0.000276135
2.62 0.000293543
2.63 0.000307525
2.64 0.000317819
2.65 0.000324243
2.66 0.000326698
2.67 0.000325161
2.68 0.000319678
2.69 0.000310347
2.7 0.000297309
2.71 0.00028076
2.72 0.000260945
2.73 0.000238157
2.74 0.000212751
2.75 0.00018514
2.76 0.000155773
2.77 0.000125126
2.78 9.37162e-05
2.79 6.21069e-05
2.8 3.08917e-05
2.81 6.80492e-07
2.82 -2.79413e-05
2.83 -5.44517e-05
2.84 -7.84057e-05
2.85 -9.94419e-05
2.86 -0.000117283
2.87 -0.000131744
2.88 -0.000142753
2.89 -0.000150339
2.9 -0.000154607
2.91 -0.00015573
2.92 -0.000153945
2.93 -0.000149539
2.94 -0.000142836
2.95 -0.000134181
2.96 -0.00012393
2.97 -0.000112413
2.98 -9.99199e-05
2.99 -8.67056e-05
3 -7.30012e-05
3.01 -5.90193e-05
3.02 -4.49729e-05
3.03 -3.10894e-05
3.04 -1.76134e-05
3.05 -4.8109e-06
3.06 7.02821e-06
3.07 1.75903e-05
3.08 2.65468e-05
3.09 3.3576e-05
3.1 3.83997e-05
3.11 4.08145e-05
3.12 4.07123e-05
3.13 3.80955e-05
3.14 3.30625e-05
3.15 2.57768e-05
3.16 1.64542e-05
3.17 5.36131e-06
3.18 -7.19287e-06
3.19 -2.08777e-05
3.2 -3.53696e-05
3.21 -5.0344e-05
3.22 -6.54437e-05
3.23 -8.02756e-05
3.24 -9.44152e-05
3.25 -0.000107422
3.26 -0.000118859
3.27 -0.000128282
3.28 -0.000135234
3.29 -0.000139281
3.3 -0.000140056
3.31 -0.000137241
3.32 -0.000130574
3.33 -0.000119897
3.34 -0.000105204
3.35 -8.66662e-05
3.36 -6.46373e-05
3.37 -3.96423e-05
3.38 -1.23499e-05
3.39 1.64427e-05
3.4 4.58338e-05
3.41 7.4851e-05
3.42 0.000102499
3.43 0.00012781
3.44 0.000149882
3.45 0.000167891
3.46 0.000181122
3.47 0.000189015
3.48 0.00019122
3.49 0.000187618
3.5 0.000178318
3.51 0.000163632
3.52 0.000144064
3.53 0.000120279
3.54 9.30648e-05
3.55 6.32599e-05
3.56 3.16859e-05
3.57 -8.73839e-07
3.58 -3.36432e-05
3.59 -6.58553e-05
3.6 -9.68015e-05
3.61 -0.000125863
3.62 -0.000152511
3.63 -0.000176312
3.64 -0.000196938
3.65 -0.000214168
3.66 -0.000227893
3.67 -0.000238128
3.68 -0.00024501
3.69 -0.000248774
3.7 -0.000249698
3.71 -0.000248079
3.72 -0.000244251
3.73 -0.000238555
3.74 -0.000231305
3.75 -0.000222797
3.76 -0.000213315
3.77 -0.00020312
3.78 -0.000192438
3.79 -0.000181471
3.8 -0.000170384
3.81 -0.000159275
3.82 -0.000148193
3.83 -0.000137157
3.84 -0.000126162
3.85 -0.000115181
3.86 -0.00010422
3.87 -9.3362e-05
3.88 -8.27846e-05
3.89 -7.27746e-05
3.9 -6.37195e-05
3.91 -5.61013e-05
3.92 -5.04864e-05
3.93 -4.74824e-05
3.94 -4.7684e-05
3.95 -5.16375e-05
3.96 -5.98115e-05
3.97 -7.25504e-05
3.98 -9.00128e-05
3.99 -0.000112135
4 -0.000138633
4.01 -0.00016902
4.02 -0.000202618
4.03 -0.000238592
4.04 -0.000275963
4.05 -0.000313623
4.06 -0.000350365
4.07 -0.000384883
4.08 -0.000415782
4.09 -0.000441616
4.1 -0.000460948
4.11 -0.000472429
4.12 -0.00047492
4.13 -0.000467589
4.14 -0.000449959
4.15 -0.000421963
4.16 -0.000384005
4.17 -0.000336958
4.18 -0.000282095
4.19 -0.000221011
4.2 -0.00015557
4.21 -8.78159e-05
4.22 -1.9855e-05
4.23 4.62704e-05
4.24 0.000108689
4.25 0.000165707
4.26 0.000215794
4.27 0.000257633
4.28 0.000290169
4.29 0.00031264
4.3 0.000324603
4.31 0.000325924
4.32 0.000316749
4.33 0.000297493
4.34 0.000268846
4.35 0.000231782
4.36 0.000187543
4.37 0.000137587
4.38 8.35426e-05
4.39 2.71385e-05
4.4 -2.98336e-05
4.41 -8.55465e-05
4.42 -0.000138183
4.43 -0.000186001
4.44 -0.000227378
4.45 -0.000260881
4.46 -0.000285352
4.47 -0.000299984
4.48 -0.00030432
4.49 -0.000298211
4.5 -0.000281733
4.51 -0.000255158
4.52 -0.000218992
4.53 -0.000174002
4.54 -0.00012119
4.55 -6.17609e-05
4.56 2.91346e-06
4.57 7.13239e-05
4.58 0.00014185
4.59 0.000212806
4.6 0.000282479
4.61 0.000349194
4.62 0.000411392
4.63 0.000467657
4.64 0.000516734
4.65 0.000557566
4.66 0.000589328
4.67 0.000611476
4.68 0.000623782
4.69 0.000626296
4.7 0.000619294
4.71 0.000603201
4.72 0.000578556
4.73 0.000546015
4.74 0.000506325
4.75 0.000460246
4.76 0.000408537
4.77 0.000351984
4.78 0.000291407
4.79 0.000227671
4.8 0.000161666
4.81 9.42476e-05
4.82 2.62268e-05
4.83 -4.15751e-05
4.84 -0.000108353
4.85 -0.000173379
4.86 -0.000235998
4.87 -0.000295559
4.88 -0.000351409
4.89 -0.000402942
4.9 -0.000449612
4.91 -0.000490904
4.92 -0.000526333
4.93 -0.000555468
4.94 -0.000577959
4.95 -0.000593555
4.96 -0.000602087
4.97 -0.000603453
4.98 -0.000597606
4.99 -0.000584553
5 -0.00056437
5.01 -0.000537235
5.02 -0.000503494
5.03 -0.000463695
5.04 -0.000418597
5.05 -0.000369147
5.06 -0.00031648
5.07 -0.000261916
5.08 -0.000206893
5.09 -0.000152886
5.1 -0.000101398
5.11 -5.39163e-05
5.12 -1.18239e-05
5.13 2.36624e-05
5.14 5.15245e-05
5.15 7.10058e-05
5.16 8.16772e-05
5.17 8.34777e-05
5.18 7.66789e-05
5.19 6.18255e-05
5.2 3.97208e-05
5.21 1.14068e-05
5.22 -2.19069e-05
5.23 -5.89351e-05
5.24 -9.83786e-05
5.25 -0.000138929
5.26 -0.000179233
5.27 -0.000217888
5.28 -0.00025349
5.29 -0.0002847
5.3 -0.000310295
5.31 -0.000329187
5.32 -0.000340485
5.33 -0.000343583
5.34 -0.000338221
5.35 -0.000324476
5.36 -0.000302777
5.37 -0.000273951
5.38 -0.000239179
5.39 -0.000199857
5.4 -0.000157494
5.41 -0.00011364
5.42 -6.98312e-05
5.43 -2.74949e-05
5.44 1.21254e-05
5.45 4.80076e-05
5.46 7.93583e-05
5.47 0.00010558
5.48 0.000126223
5.49 0.000140977
5.5 0.000149707
5.51 0.000152478
5.52 0.000149502
5.53 0.000141087
5.54 0.000127634
5.55 0.000109664
5.56 8.77928e-05
5.57 6.26532e-05
5.58 3.48302e-05
5.59 4.87228e-06
5.6 -2.66672e-05
5.61 -5.91976e-05
5.62 -9.20859e-05
5.63 -0.00012468
5.64 -0.000156303
5.65 -0.000186292
5.66 -0.000214023
5.67 -0.000238891
5.68 -0.000260287
5.69 -0.000277598
5.7 -0.000290203
5.71 -0.00029748
5.72 -0.000298808
5.73 -0.000293616
5.74 -0.000281426
5.75 -0.000261851
5.76 -0.000234628
5.77 -0.000199682
5.78 -0.00015716
5.79 -0.000107473
5.8 -5.13156e-05
5.81 1.03302e-05
5.82 7.61881e-05
5.83 0.00014469
5.84 0.000214028
5.85 0.000282245
5.86 0.000347311
5.87 0.000407187
5.88 0.000459889
5.89 0.000503562
5.9 0.000536542
5.91 0.000557438
5.92 0.000565195
5.93 0.000559097
5.94 0.000538793
5.95 0.000504333
5.96 0.000456218
5.97 0.000395458
5.98 0.000323533
5.99 0.000242314
6 0.000154009
6.01 6.1067e-05
6.02 -3.39478e-05
6.03 -0.000128439
6.04 -0.000219819
6.05 -0.000305577
6.06 -0.000383366
6.07 -0.000451123
6.08 -0.000507148
6.09 -0.000550123
6.1 -0.000579082
6.11 -0.000593405
6.12 -0.000592848
6.13 -0.000577529
6.14 -0.000547866
6.15 -0.000504495
6.16 -0.000448212
6.17 -0.00037989
6.18 -0.000300385
6.19 -0.000210514
6.2 -0.00011113
6.21 -3.16452e-06
6.22 0.000112403
6.23 0.000234555
6.24 0.000362183
6.25 0.00049407
6.26 0.000628937
6.27 0.000765464
6.28 0.000902309
6.29 0.00103817
6.3 0.00117183
6.31 0.00130213
6.32 0.00142809
6.33 0.00154882
6.34 0.0016636
6.35 0.00177181
6.36 0.00187291
6.37 0.00196628
6.38 0.00205115
6.39 0.00212656
6.4 0.0021915
6.41 0.00224496
6.42 0.00228604
6.43 0.00231408
6.44 0.00232872
6.45 0.00233001
6.46 0.00231847
6.47 0.00229501
6.48 0.00226076
6.49 0.00221699
6.5 0.00216487
6.51 0.00210536
6.52 0.00203908
6.53 0.00196638
6.54 0.00188726
6.55 0.0018014
6.56 0.00170811
6.57 0.00160655
6.58 0.00149582
6.59 0.00137513
6.6 0.00124399
6.61 0.00110237
6.62 0.000950738
6.63 0.00079006
6.64 0.000621766
6.65 0.000447594
6.66 0.000269411
6.67 8.91055e-05
6.68 -9.14532e-05
6.69 -0.000270437
6.7 -0.000446088
6.71 -0.000616717
6.72 -0.000780702
6.73 -0.000936524
6.74 -0.00108276
6.75 -0.00121804
6.76 -0.00134103
6.77 -0.00145042
6.78 -0.00154502
6.79 -0.00162369
6.8 -0.00168543
6.81 -0.00172943
6.82 -0.00175519
6.83 -0.00176258
6.84 -0.00175182
6.85 -0.00172356
6.86 -0.00167885
6.87 -0.00161911
6.88 -0.0015461
6.89 -0.00146181
6.9 -0.00136828
6.91 -0.00126753
6.92 -0.0011614
6.93 -0.00105152
6.94 -0.000939233
6.95 -0.00082561
6.96 -0.000711522
6.97 -0.00059777
6.98 -0.00048525
6.99 -0.000375073
7 -0.000268604
7.01 -0.000167485
7.02 -7.35878e-05
7.03 1.1181e-05
7.04 8.50657e-05
7.05 0.000146623
7.06 0.000194892
7.07 0.000229504
7.08 0.000250688
7.09 0.000259231
7.1 0.000256387
7.11 0.000243761
7.12 0.000223147
7.13 0.000196282
7.14 0.000164618
7.15 0.000129232
7.16 9.08262e-05
7.17 4.9785e-05
7.18 6.257e-06
7.19 -3.97315e-05
7.2 -8.81757e-05
7.21 -0.000138984
7.22 -0.000191845
7.23 -0.000246129
7.24 -0.000300875
7.25 -0.000354822
7.26 -0.000406476
7.27 -0.000454267
7.28 -0.000496735
7.29 -0.000532665
7.3 -0.000561191
7.31 -0.000581868
7.32 -0.000594704
7.33 -0.000600105
7.34 -0.000598721
7.35 -0.000591305
7.36 -0.00057858
7.37 -0.000561091
7.38 -0.000539116
7.39 -0.000512643
7.4 -0.00048141
7.41 -0.000444992
7.42 -0.00040292
7.43 -0.000354857
7.44 -0.000300777
7.45 -0.000241037
7.46 -0.000176412
7.47 -0.000108107
7.48 -3.77372e-05
7.49 3.27056e-05
7.5 0.000100888
7.51 0.00016423
7.52 0.000220042
7.53 0.000265697
7.54 0.000298784
7.55 0.000317211
7.56 0.000319208
7.57 0.000303283
7.58 0.00026824
7.59 0.000213203
7.6 0.000137596
7.61 4.12149e-05
7.62 -7.56044e-05
7.63 -0.000211828
7.64 -0.00036567
7.65 -0.000534659
7.66 -0.000715637
7.67 -0.000904723
7.68 -0.00109735
7.69 -0.0012884
7.7 -0.00147231
7.71 -0.00164334
7.72 -0.00179595
7.73 -0.00192524
7.74 -0.00202711
7.75 -0.00209844
7.76 -0.0021371
7.77 -0.00214188
7.78 -0.00211244
7.79 -0.00204923
7.8 -0.00195355
7.81 -0.00182745
7.82 -0.00167364
7.83 -0.00149543
7.84 -0.0012967
7.85 -0.00108175
7.86 -0.000855171
7.87 -0.000621749
7.88 -0.000386316
7.89 -0.000153576
7.9 7.20384e-05
7.91 0.000286451
7.92 0.000486042
7.93 0.000667742
7.94 0.000829073
7.95 0.000968147
7.96 0.00108366
7.97 0.00117487
7.98 0.00124162
7.99 0.00128424
8 0.00130348
8.01 0.00130036
8.02 0.00127611
8.03 0.00123216
8.04 0.00117001
8.05 0.00109113
8.06 0.000996983
8.07 0.000888962
8.08 0.000768501
8.09 0.000637147
8.1 0.000496643
8.11 0.000349044
8.12 0.000196834
8.13 4.29169e-05
8.14 -0.000109489
8.15 -0.000256928
8.16 -0.000395787
8.17 -0.000522422
8.18 -0.000633309
8.19 -0.000725196
8.2 -0.000795198
8.21 -0.000840912
8.22 -0.000860533
8.23 -0.000852864
8.24 -0.00081728
8.25 -0.000753767
8.26 -0.000662972
8.27 -0.000546189
8.28 -0.000405328
8.29 -0.000242927
8.3 -6.21694e-05
8.31 0.000133085
8.32 0.000338263
8.33 0.000548136
8.34 0.000756974
8.35 0.000958751
8.36 0.0011474
8.37 0.00131715
8.38 0.00146279
8.39 0.00157998
8.4 0.0016654
8.41 0.00171688
8.42 0.00173331
8.43 0.00171456
8.44 0.00166147
8.45 0.00157583
8.46 0.00146028
8.47 0.00131833
8.48 0.00115412
8.49 0.000972346
8.5 0.000777984
8.51 0.000576188
8.52 0.000372049
8.53 0.000170357
8.54 -2.46032e-05
8.55 -0.000209155
8.56 -0.000380223
8.57 -0.000535257
8.58 -0.000672188
8.59 -0.000789388
8.6 -0.000885616
8.61 -0.000959956
8.62 -0.00101172
8.63 -0.00104037
8.64 -0.00104542
8.65 -0.00102649
8.66 -0.000983262
8.67 -0.000915547
8.68 -0.000823374
8.69 -0.00070708
8.7 -0.000567393
8.71 -0.000405409
8.72 -0.000222635
8.73 -2.10892e-05
8.74 0.000196721
8.75 0.000427854
8.76 0.000668913
8.77 0.000916022
8.78 0.0011649
8.79 0.001411
8.8 0.00164955
8.81 0.0018757
8.82 0.00208457
8.83 0.00227156
8.84 0.0024325
8.85 0.00256382
8.86 0.00266264
8.87 0.00272675
8.88 0.00275467
8.89 0.00274569
8.9 0.00269998
8.91 0.00261855
8.92 0.00250315
8.93 0.00235619
8.94 0.00218061
8.95 0.00197972
8.96 0.00175711
8.97 0.00151658
8.98 0.00126208
8.99 0.000997608
9 0.000727032
9.01 0.000454007
9.02 0.000181905
9.03 -8.62494e-05
9.04 -0.00034777
9.05 -0.000600199
9.06 -0.000841206
9.07 -0.00106854
9.08 -0.00128001
9.09 -0.00147357
9.1 -0.00164733
9.11 -0.0017997
9.12 -0.00192945
9.13 -0.00203566
9.14 -0.00211779
9.15 -0.00217564
9.16 -0.00220928
9.17 -0.0022189
9.18 -0.00220469
9.19 -0.00216679
9.2 -0.00210528
9.21 -0.00202006
9.22 -0.00191088
9.23 -0.00177736
9.24 -0.00161923
9.25 -0.00143646
9.26 -0.00122963
9.27 -0.000999955
9.28 -0.000749453
9.29 -0.000480963
9.3 -0.000198048
9.31 9.5292e-05
9.32 0.000394821
9.33 0.00069615
9.34 0.000994834
9.35 0.00128647
9.36 0.0015668
9.37 0.0018317
9.38 0.00207734
9.39 0.00230019
9.4 0.00249701
9.41 0.00266479
9.42 0.00280073
9.43 0.00290225
9.44 0.00296689
9.45 0.00299237
9.46 0.00297668
9.47 0.0029183
9.48 0.00281636
9.49 0.00267077
9.5 0.00248245
9.51 0.0022533
9.52 0.00198626
9.53 0.00168517
9.54 0.00135465
9.55 0.000999817
9.56 0.000626105
9.57 0.000239086
9.58 -0.000155739
9.59 -0.000553071
9.6 -0.000947853
9.61 -0.00133523
9.62 -0.00171052
9.63 -0.00206915
9.64 -0.00240659
9.65 -0.00271837
9.66 -0.0030001
9.67 -0.00324762
9.68 -0.00345698
9.69 -0.00362462
9.7 -0.00374799
9.71 -0.00382604
9.72 -0.00385842
9.73 -0.00384485
9.74 -0.00378551
9.75 -0.00368157
9.76 -0.00353515
9.77 -0.00334919
9.78 -0.00312745
9.79 -0.00287439
9.8 -0.00259512
9.81 -0.0022953
9.82 -0.00198103
9.83 -0.00165869
9.84 -0.00133483
9.85 -0.00101607
9.86 -0.000708875
9.87 -0.000419359
9.88 -0.000153131
9.89 8.47827e-05
9.9 0.000290024
9.91 0.00045907
9.92 0.000589337
9.93 0.000679168
9.94 0.00072785
9.95 0.000735609
9.96 0.000703504
9.97 0.000633242
9.98 0.000526998
9.99 0.000387295
10 0.000216944
10.01 1.89963e-05
10.02 -0.000203344
10.03 -0.000446777
10.04 -0.000707859
10.05 -0.000982891
10.06 -0.00126786
10.07 -0.00155845
10.08 -0.00185012
10.09 -0.00213817
10.1 -0.00241787
10.11 -0.00268452
10.12 -0.00293367
10.13 -0.00316131
10.14 -0.00336397
10.15 -0.00353873
10.16 -0.00368329
10.17 -0.00379592
10.18 -0.00387536
10.19 -0.00392102
10.2 -0.00393296
10.21 -0.00391129
10.22 -0.00385629
10.23 -0.00376881
10.24 -0.00365011
10.25 -0.00350185
10.26 -0.00332616
10.27 -0.00312568
10.28 -0.00290348
10.29 -0.00266298
10.3 -0.00240788
10.31 -0.00214205
10.32 -0.00186942
10.33 -0.00159389
10.34 -0.00131928
10.35 -0.0010494
10.36 -0.000787916
10.37 -0.000538326
10.38 -0.000303891
10.39 -8.75851e-05
10.4 0.000107984
10.41 0.000280646
10.42 0.000428772
10.43 0.000551336
10.44 0.000647933
10.45 0.000718794
10.46 0.000764725
10.47 0.000786973
10.48 0.000787089
10.49 0.000766792
10.5 0.000727821
10.51 0.000671853
10.52 0.0006005
10.53 0.000515299
10.54 0.000417753
10.55 0.000309403
10.56 0.000191878
10.57 6.68754e-05
10.58 -6.38629e-05
10.59 -0.000198539
10.6 -0.000335304
10.61 -0.000472323
10.62 -0.000607843
10.63 -0.000740225
10.64 -0.000867999
10.65 -0.000989908
10.66 -0.0011049
10.67 -0.0012121
10.68 -0.0013108
10.69 -0.00140033
10.7 -0.00148004
10.71 -0.0015492
10.72 -0.00160714
10.73 -0.00165323
10.74 -0.00168689
10.75 -0.00170771
10.76 -0.00171539
10.77 -0.00170977
10.78 -0.00169079
10.79 -0.00165852
10.8 -0.00161313
10.81 -0.00155499
10.82 -0.0014846
10.83 -0.00140257
10.84 -0.00130964
10.85 -0.00120674
10.86 -0.00109498
10.87 -0.000975716
10.88 -0.00085051
10.89 -0.000721058
10.9 -0.000589161
10.91 -0.000456675
10.92 -0.000325389
10.93 -0.000196903
10.94 -7.2537e-05
10.95 4.67123e-05
10.96 0.000160164
10.97 0.000267425
10.98 0.000368339
10.99 0.000462887
11 0.000551084
11.01 0.000632935
11.02 0.000708418
11.03 0.000777445
11.04 0.000839817
11.05 0.000895258
11.06 0.0009435
11.07 0.000984303
11.08 0.00101745
11.09 0.00104274
11.1 0.00106009
11.11 0.00106954
11.12 0.00107132
11.13 0.00106587
11.14 0.00105377
11.15 0.00103568
11.16 0.00101241
11.17 0.000984961
11.18 0.000954578
11.19 0.000922769
11.2 0.00089125
11.21 0.000861894
11.22 0.000836683
11.23 0.000817602
11.24 0.000806401
11.25 0.00080437
11.26 0.000812185
11.27 0.000829896
11.28 0.000857006
11.29 0.000892608
11.3 0.000935524
11.31 0.000984404
11.32 0.00103781
11.33 0.00109433
11.34 0.00115271
11.35 0.00121198
11.36 0.00127156
11.37 0.00133115
11.38 0.00139062
11.39 0.00144984
11.4 0.00150866
11.41 0.00156683
11.42 0.00162393
11.43 0.00167925
11.44 0.0017319
11.45 0.00178079
11.46 0.00182485
11.47 0.00186308
11.48 0.00189474
11.49 0.00191943
11.5 0.00193726
11.51 0.0019488
11.52 0.00195503
11.53 0.00195722
11.54 0.0019568
11.55 0.00195524
11.56 0.00195392
11.57 0.00195388
11.58 0.00195587
11.59 0.00196037
11.6 0.00196768
11.61 0.00197805
11.62 0.00199171
11.63 0.00200884
11.64 0.00202957
11.65 0.002054
11.66 0.0020821
11.67 0.00211382
11.68 0.00214901
11.69 0.00218736
11.7 0.00222837
11.71 0.00227125
11.72 0.00231495
11.73 0.0023581
11.74 0.00239907
11.75 0.00243595
11.76 0.0024665
11.77 0.00248815
11.78 0.00249798
11.79 0.00249286
11.8 0.00246969
11.81 0.00242575
11.82 0.00235888
11.83 0.00226764
11.84 0.00215129
11.85 0.00200982
11.86 0.00184389
11.87 0.00165463
11.88 0.00144359
11.89 0.00121271
11.9 0.000964313
11.91 0.000701066
11.92 0.000425928
11.93 0.0001421
11.94 -0.000147044
11.95 -0.000438015
11.96 -0.000727288
11.97 -0.00101136
11.98 -0.00128672
11.99 -0.00154982
12 -0.00179714
12.01 -0.00202527
12.02 -0.00223092
12.03 -0.00241092
12.04 -0.00256224
12.05 -0.0026821
12.06 -0.00276812
12.07 -0.00281837
12.08 -0.00283158
12.09 -0.00280732
12.1 -0.00274598
12.11 -0.0026488
12.12 -0.00251784
12.13 -0.00235596
12.14 -0.00216687
12.15 -0.00195497
12.16 -0.00172524
12.17 -0.00148303
12.18 -0.00123389
12.19 -0.000983417
12.2 -0.00073718
12.21 -0.000500598
12.22 -0.000278722
12.23 -7.61886e-05
12.24 0.000102753
12.25 0.000254343
12.26 0.000375466
12.27 0.000463705
12.28 0.000517321
12.29 0.000535293
12.3 0.000517323
12.31 0.000463823
12.32 0.000375979
12.33 0.000255787
12.34 0.000105979
12.35 -7.00894e-05
12.36 -0.00026851
12.37 -0.000484835
12.38 -0.000714135
12.39 -0.000951159
12.4 -0.00119046
12.41 -0.00142652
12.42 -0.001654
12.43 -0.00186788
12.44 -0.0020635
12.45 -0.00223657
12.46 -0.00238325
12.47 -0.00250014
12.48 -0.00258409
12.49 -0.00263214
12.5 -0.00264143
12.51 -0.00260929
12.52 -0.00253328
12.53 -0.00241137
12.54 -0.00224214
12.55 -0.00202501
12.56 -0.00176037
12.57 -0.00144962
12.58 -0.00109515
12.59 -0.000700154
12.6 -0.000268485
12.61 0.000195422
12.62 0.000686542
12.63 0.0011992
12.64 0.00172712
12.65 0.00226365
12.66 0.00280182
12.67 0.00333438
12.68 0.00385597
12.69 0.00436519
12.7 0.00486206
12.71 0.00534616
12.72 0.00581679
12.73 0.00627313
12.74 0.00671424
12.75 0.00713916
12.76 0.00754699
12.77 0.00793694
12.78 0.00830829
12.79 0.0086604
12.8 0.00899269
12.81 0.00930458
12.82 0.00959538
12.83 0.0098643
12.84 0.0101105
12.85 0.0103331
12.86 0.0105315
12.87 0.010705
12.88 0.0108531
12.89 0.0109758
12.9 0.0110733
12.91 0.0111458
12.92 0.0111938
12.93 0.0112176
12.94 0.0112174
12.95 0.0111936
12.96 0.0111465
12.97 0.0110768
12.98 0.0109855
12.99 0.0108738
13 0.010743
13.01 0.0105952
13.02 0.0104324
13.03 0.0102574
13.04 0.0100731
13.05 0.00988263
13.06 0.00968913
13.07 0.0094956
13.08 0.00930481
13.09 0.00911921
13.1 0.00894085
13.11 0.00877137
13.12 0.00861206
13.13 0.00846396
13.14 0.00832799
13.15 0.00820498
13.16 0.00809574
13.17 0.00800112
13.18 0.00792195
13.19 0.00785897
13.2 0.00781282
13.21 0.0077839
13.22 0.00777232
13.23 0.00777788
13.24 0.00780012
13.25 0.00783822
13.26 0.00789105
13.27 0.00795719
13.28 0.0080349
13.29 0.00812216
13.3 0.00821672
13.31 0.00831612
13.32 0.0084176
13.33 0.00851823
13.34 0.008615
13.35 0.00870493
13.36 0.00878519
13.37 0.00885328
13.38 0.00890706
13.39 0.00894477
13.4 0.0089651
13.41 0.00896724
13.42 0.00895088
13.43 0.00891626
13.44 0.00886413
13.45 0.00879574
13.46 0.00871283
13.47 0.00861755
13.48 0.00851239
13.49 0.00840011
13.5 0.00828365
13.51 0.00816607
13.52 0.00805046
13.53 0.00793994
13.54 0.0078376
13.55 0.00774649
13.56 0.00766952
13.57 0.00760935
13.58 0.00756826
13.59 0.00754797
13.6 0.00754969
13.61 0.00757409
13.62 0.0076214
13.63 0.00769148
13.64 0.00778379
13.65 0.00789743
13.66 0.00803114
13.67 0.00818342
13.68 0.00835244
13.69 0.00853601
13.7 0.00873152
13.71 0.00893608
13.72 0.00914649
13.73 0.00935937
13.74 0.00957105
13.75 0.00977769
13.76 0.00997526
13.77 0.0101596
13.78 0.0103263
13.79 0.0104709
13.8 0.0105892
13.81 0.0106765
13.82 0.0107285
13.83 0.0107413
13.84 0.0107118
13.85 0.0106384
13.86 0.0105209
13.87 0.0103602
13.88 0.0101583
13.89 0.00991756
13.9 0.009641
13.91 0.00933218
13.92 0.00899515
13.93 0.00863431
13.94 0.00825434
13.95 0.00786017
13.96 0.00745687
13.97 0.00704967
13.98 0.0066438
13.99 0.00624441
14 0.0058564
14.01 0.00548438
14.02 0.00513263
14.03 0.00480508
14.04 0.0045053
14.05 0.00423642
14.06 0.00400104
14.07 0.0038011
14.08 0.00363642
14.09 0.00350425
14.1 0.00340154
14.11 0.00332573
14.12 0.00327397
14.13 0.00324315
14.14 0.00322983
14.15 0.00323031
14.16 0.00324057
14.17 0.00325637
14.18 0.00327344
14.19 0.00328761
14.2 0.00329485
14.21 0.00329129
14.22 0.00327329
14.23 0.00323741
14.24 0.00318048
14.25 0.00309905
14.26 0.00298907
14.27 0.00284646
14.28 0.00266748
14.29 0.00244858
14.3 0.00218649
14.31 0.00187831
14.32 0.00152158
14.33 0.00111426
14.34 0.000654676
14.35 0.000141306
14.36 -0.000427384
14.37 -0.00105309
14.38 -0.00173774
14.39 -0.00248338
14.4 -0.00329215
14.41 -0.00416619
14.42 -0.00510758
14.43 -0.00611827
14.44 -0.00719993
14.45 -0.00835374
14.46 -0.00958034
14.47 -0.0108799
14.48 -0.0122521
14.49 -0.0136967
14.5 -0.015213
14.51 -0.0168004
14.52 -0.0184584
14.53 -0.0201867
14.54 -0.0219851
14.55 -0.0238532
14.56 -0.0257911
14.57 -0.0277985
14.58 -0.0298755
14.59 -0.0320219
14.6 -0.0342375
14.61 -0.0365216
14.62 -0.0388735
14.63 -0.0412914
14.64 -0.043773
14.65 -0.0463151
14.66 -0.0489138
14.67 -0.0515643
14.68 -0.0542618
14.69 -0.0570015
14.7 -0.0597789
14.71 -0.0625898
14.72 -0.0654301
14.73 -0.0682948
14.74 -0.0711781
14.75 -0.0740733
14.76 -0.0769732
14.77 -0.0798704
14.78 -0.082758
14.79 -0.085629
14.8 -0.0884765
14.81 -0.0912937
14.82 -0.0940739
14.83 -0.0968104
14.84 -0.0994968
14.85 -0.102127
14.86 -0.104694
14.87 -0.107193
14.88 -0.109617
14.89 -0.11196
14.9 -0.114217
14.91 -0.116381
14.92 -0.118445
14.93 -0.120404
14.94 -0.122252
14.95 -0.123982
14.96 -0.125589
14.97 -0.127067
14.98 -0.128411
14.99 -0.129618
15 -0.130684
15.01 -0.131609
15.02 -0.132394
15.03 -0.133039
15.04 -0.133549
15.05 -0.133926
15.06 -0.134176
15.07 -0.134302
15.08 -0.134311
15.09 -0.134209
15.1 -0.134002
15.11 -0.133699
15.12 -0.133312
15.13 -0.132851
15.14 -0.132329
15.15 -0.13176
15.16 -0.131156
15.17 -0.130533
15.18 -0.129902
15.19 -0.129278
15.2 -0.128671
15.21 -0.128093
15.22 -0.127556
15.23 -0.12707
15.24 -0.126643
15.25 -0.12628
15.26 -0.125983
15.27 -0.125756
15.28 -0.125602
15.29 -0.125526
15.3 -0.12553
15.31 -0.125616
15.32 -0.125787
15.33 -0.12604
15.34 -0.126373
15.35 -0.126781
15.36 -0.127261
15.37 -0.127805
15.38 -0.128408
15.39 -0.129061
15.4 -0.129757
15.41 -0.130485
15.42 -0.131237
15.43 -0.132
15.44 -0.132764
15.45 -0.13352
15.46 -0.134266
15.47 -0.134999
15.48 -0.135719
15.49 -0.136424
15.5 -0.13711
15.51 -0.137773
15.52 -0.138409
15.53 -0.139013
15.54 -0.13958
15.55 -0.140104
15.56 -0.14058
15.57 -0.141005
15.58 -0.141372
15.59 -0.141678
15.6 -0.141917
15.61 -0.142085
15.62 -0.142178
15.63 -0.14219
15.64 -0.142117
15.65 -0.141956
15.66 -0.141705
15.67 -0.141363
15.68 -0.140932
15.69 -0.140414
15.7 -0.139812
15.71 -0.139132
15.72 -0.138379
15.73 -0.137561
15.74 -0.136687
15.75 -0.135763
15.76 -0.134801
15.77 -0.133804
15.78 -0.132771
15.79 -0.131696
15.8 -0.130573
15.81 -0.129399
15.82 -0.128169
15.83 -0.126879
15.84 -0.125526
15.85 -0.124106
15.86 -0.122618
15.87 -0.121059
15.88 -0.119427
15.89 -0.117719
15.9 -0.115934
15.91 -0.114071
15.92 -0.112128
15.93 -0.110105
15.94 -0.108
15.95 -0.105811
15.96 -0.103539
15.97 -0.101183
15.98 -0.0987427
15.99 -0.0962188
16 -0.0936125
16.01 -0.0909253
16.02 -0.0881596
16.03 -0.0853186
16.04 -0.0824065
16.05 -0.0794284
16.06 -0.0763898
16.07 -0.0732969
16.08 -0.0701554
16.09 -0.0669714
16.1 -0.0637504
16.11 -0.060498
16.12 -0.0572198
16.13 -0.0539213
16.14 -0.050608
16.15 -0.0472857
16.16 -0.0439598
16.17 -0.0406362
16.18 -0.0373204
16.19 -0.0340183
16.2 -0.0307355
16.21 -0.0274774
16.22 -0.0242489
16.23 -0.0210546
16.24 -0.0178983
16.25 -0.014783
16.26 -0.0117108
16.27 -0.00868313
16.28 -0.00570074
16.29 -0.00276423
16.3 0.000126046
16.31 0.00296992
16.32 0.00576739
16.33 0.00851861
16.34 0.0112239
16.35 0.0138835
16.36 0.0164981
16.37 0.019068
16.38 0.0215937
16.39 0.024076
16.4 0.0265154
16.41 0.0289128
16.42 0.0312691
16.43 0.0335847
16.44 0.0358604
16.45 0.0380966
16.46 0.0402939
16.47 0.0424528
16.48 0.0445738
16.49 0.0466572
16.5 0.0487037
16.51 0.0507134
16.52 0.0526868
16.53 0.0546244
16.54 0.0565265
16.55 0.0583936
16.56 0.060226
16.57 0.0620241
16.58 0.0637878
16.59 0.0655172
16.6 0.067212
16.61 0.0688719
16.62 0.0704962
16.63 0.0720838
16.64 0.0736334
16.65 0.0751433
16.66 0.0766115
16.67 0.0780357
16.68 0.0794132
16.69 0.0807409
16.7 0.0820154
16.71 0.0832337
16.72 0.0843927
16.73 0.08549
16.74 0.0865239
16.75 0.0874929
16.76 0.0883962
16.77 0.0892331
16.78 0.090003
16.79 0.0907059
16.8 0.0913416
16.81 0.0919107
16.82 0.0924133
16.83 0.09285
16.84 0.0932213
16.85 0.0935279
16.86 0.0937705
16.87 0.0939495
16.88 0.0940653
16.89 0.0941182
16.9 0.0941082
16.91 0.0940354
16.92 0.0939009
16.93 0.0937065
16.94 0.0934552
16.95 0.0931508
16.96 0.0927979
16.97 0.092402
16.98 0.0919693
16.99 0.0915065
17 0.0910209
17.01 0.0905201
17.02 0.0900116
17.03 0.0895034
17.04 0.0890028
17.05 0.0885172
17.06 0.0880535
17.07 0.0876183
17.08 0.0872177
17.09 0.0868572
17.1 0.0865402
17.11 0.086267
17.12 0.0860365
17.13 0.0858479
17.14 0.0857002
17.15 0.0855927
17.16 0.0855245
17.17 0.0854947
17.18 0.0855025
17.19 0.0855469
17.2 0.0856263
17.21 0.0857387
17.22 0.0858818
17.23 0.0860526
17.24 0.0862479
17.25 0.0864639
17.26 0.0866965
17.27 0.0869415
17.28 0.0871941
17.29 0.0874495
17.3 0.087703
17.31 0.0879497
17.32 0.0881852
17.33 0.088405
17.34 0.0886051
17.35 0.0887814
17.36 0.0889303
17.37 0.0890481
17.38 0.0891313
17.39 0.0891767
17.4 0.0891811
17.41 0.0891416
17.42 0.0890557
17.43 0.0889212
17.44 0.088737
17.45 0.0885031
17.46 0.0882207
17.47 0.0878923
17.48 0.0875217
17.49 0.0871135
17.5 0.0866731
17.51 0.0862062
17.52 0.085719
17.53 0.0852176
17.54 0.0847055
17.55 0.0841809
17.56 0.0836417
17.57 0.0830868
17.58 0.0825157
17.59 0.0819279
17.6 0.0813233
17.61 0.0807025
17.62 0.0800662
17.63 0.0794159
17.64 0.078753
17.65 0.0780798
17.66 0.0773985
17.67 0.0767116
17.68 0.0760218
17.69 0.0753321
17.7 0.0746451
17.71 0.0739635
17.72 0.0732896
17.73 0.0726251
17.74 0.0719716
17.75 0.0713306
17.76 0.0707036
17.77 0.0700925
17.78 0.0694997
17.79 0.0689278
17.8 0.0683799
17.81 0.0678594
17.82 0.0673694
17.83 0.0669133
17.84 0.0664941
17.85 0.066115
17.86 0.065779
17.87 0.0654888
17.88 0.065247
17.89 0.0650558
17.9 0.0649169
17.91 0.0648313
17.92 0.0647997
17.93 0.0648223
17.94 0.0648988
17.95 0.0650279
17.96 0.065207
17.97 0.0654332
17.98 0.0657023
17.99 0.0660096
18 0.0663497
18.01 0.0667168
18.02 0.0671047
18.03 0.0675069
18.04 0.0679169
18.05 0.0683282
18.06 0.0687344
18.07 0.0691293
18.08 0.069507
18.09 0.0698618
18.1 0.0701885
18.11 0.0704821
18.12 0.0707386
18.13 0.0709542
18.14 0.0711263
18.15 0.0712528
18.16 0.0713328
18.17 0.0713662
18.18 0.0713536
18.19 0.0712969
18.2 0.0711985
18.21 0.0710615
18.22 0.07089
18.23 0.0706882
18.24 0.0704607
18.25 0.0702123
18.26 0.0699482
18.27 0.0696734
18.28 0.0693933
18.29 0.0691132
18.3 0.0688385
18.31 0.0685745
18.32 0.0683261
18.33 0.0680983
18.34 0.0678954
18.35 0.0677213
18.36 0.0675792
18.37 0.0674716
18.38 0.0674004
18.39 0.0673668
18.4 0.0673715
18.41 0.0674148
18.42 0.0674964
18.43 0.0676156
18.44 0.0677715
18.45 0.0679629
18.46 0.0681881
18.47 0.0684452
18.48 0.0687321
18.49 0.0690461
18.5 0.0693843
18.51 0.0697431
18.52 0.0701186
18.53 0.0705063
18.54 0.0709014
18.55 0.071299
18.56 0.0716938
18.57 0.0720805
18.58 0.0724554
18.59 0.0728182
18.6 0.0731699
18.61 0.0735114
18.62 0.0738435
18.63 0.074167
18.64 0.0744829
18.65 0.0747918
18.66 0.0750945
18.67 0.0753913
18.68 0.0756821
18.69 0.0759662
18.7 0.0762418
18.71 0.0765066
18.72 0.0767572
18.73 0.0769898
18.74 0.0771999
18.75 0.0773833
18.76 0.0775358
18.77 0.0776534
18.78 0.0777322
18.79 0.0777683
18.8 0.0777578
18.81 0.077697
18.82 0.077583
18.83 0.0774137
18.84 0.0771877
18.85 0.0769044
18.86 0.0765641
18.87 0.0761679
18.88 0.0757179
18.89 0.0752171
18.9 0.0746694
18.91 0.0740801
18.92 0.0734554
18.93 0.0728026
18.94 0.0721301
18.95 0.0714467
18.96 0.0707616
18.97 0.0700836
18.98 0.0694171
18.99 0.0687589
19 0.068105
19.01 0.0674524
19.02 0.0667983
19.03 0.0661392
19.04 0.065472
19.05 0.0647934
19.06 0.0641006
19.07 0.0633911
19.08 0.0626629
19.09 0.0619142
19.1 0.0611436
19.11 0.0603498
19.12 0.0595313
19.13 0.0586863
19.14 0.057813
19.15 0.0569094
19.16 0.0559738
19.17 0.0550049
19.18 0.0540022
19.19 0.0529656
19.2 0.0518963
19.21 0.050796
19.22 0.049667
19.23 0.0485122
19.24 0.0473345
19.25 0.0461369
19.26 0.0449218
19.27 0.0436907
19.28 0.0424445
19.29 0.041184
19.3 0.0399099
19.31 0.0386234
19.32 0.0373256
19.33 0.0360184
19.34 0.0347038
19.35 0.0333843
19.36 0.032063
19.37 0.0307432
19.38 0.029428
19.39 0.0281208
19.4 0.0268246
19.41 0.0255425
19.42 0.0242775
19.43 0.0230326
19.44 0.0218109
19.45 0.0206153
19.46 0.0194486
19.47 0.0183137
19.48 0.0172134
19.49 0.0161502
19.5 0.0151269
19.51 0.0141454
19.52 0.013208
19.53 0.0123164
19.54 0.0114723
19.55 0.0106768
19.56 0.00993048
19.57 0.00923346
19.58 0.00858569
19.59 0.00798698
19.6 0.00743701
19.61 0.00693531
19.62 0.00648129
19.63 0.00607429
19.64 0.00571361
19.65 0.00539856
19.66 0.00512834
19.67 0.00490209
19.68 0.00471889
19.69 0.00457771
19.7 0.00447735
19.71 0.00441654
19.72 0.00439392
19.73 0.00440814
19.74 0.00445759
19.75 0.00454029
19.76 0.00465403
19.77 0.00479643
19.78 0.00496486
19.79 0.0051564
19.8 0.00536781
19.81 0.00559557
19.82 0.0058359
19.83 0.00608476
19.84 0.00633789
19.85 0.00659085
19.86 0.00683907
19.87 0.00707798
19.88 0.00730307
19.89 0.00751016
19.9 0.00769543
19.91 0.00785559
19.92 0.00798798
19.93 0.00809057
19.94 0.00816197
19.95 0.00820122
19.96 0.00820778
19.97 0.00818148
19.98 0.00812246
19.99 0.00803113
20 0.00790825
20.01 0.00775491
20.02 0.00757267
20.03 0.00736362
20.04 0.00713063
20.05 0.00687742
20.06 0.00660843
20.07 0.00632879
20.08 0.00604418
20.09 0.00576077
20.1 0.00548508
20.11 0.00522381
20.12 0.00498343
20.13 0.00476999
20.14 0.00458892
20.15 0.00444511
20.16 0.00434274
20.17 0.00428477
20.18 0.00427273
20.19 0.00430773
20.2 0.00439029
20.21 0.00451967
20.22 0.00469418
20.23 0.00491155
20.24 0.00516892
20.25 0.00546285
20.26 0.00578925
20.27 0.00614343
20.28 0.0065201
20.29 0.00691352
20.3 0.00731753
20.31 0.00772569
20.32 0.00813138
20.33 0.008528
20.34 0.00890907
20.35 0.00926844
20.36 0.00960048
20.37 0.00990025
20.38 0.0101637
20.39 0.0103878
20.4 0.0105706
20.41 0.010711
20.42 0.0108092
20.43 0.0108661
20.44 0.0108834
20.45 0.0108634
20.46 0.0108089
20.47 0.0107233
20.48 0.0106103
20.49 0.0104742
20.5 0.0103195
20.51 0.0101512
20.52 0.00997417
20.53 0.00979373
20.54 0.009615
20.55 0.00944307
20.56 0.00928279
20.57 0.00913866
20.58 0.00901454
20.59 0.0089135
20.6 0.00883769
20.61 0.0087884
20.62 0.00876608
20.63 0.00877057
20.64 0.00880123
20.65 0.00885696
20.66 0.00893623
20.67 0.00903721
20.68 0.00915783
20.69 0.00929582
20.7 0.00944879
20.71 0.00961428
20.72 0.00978974
20.73 0.00997254
20.74 0.01016
20.75 0.0103492
20.76 0.0105375
20.77 0.0107222
20.78 0.0109009
20.79 0.0110713
20.8 0.0112319
20.81 0.0113816
20.82 0.0115199
20.83 0.0116475
20.84 0.0117663
20.85 0.011879
20.86 0.0119875
20.87 0.0120939
20.88 0.0121997
20.89 0.012306
20.9 0.0124138
20.91 0.0125236
20.92 0.012636
20.93 0.0127514
20.94 0.0128704
20.95 0.0129933
20.96 0.0131203
20.97 0.0132514
20.98 0.0133862
20.99 0.0135239
21 0.0136637
21.01 0.0138039
21.02 0.0139428
21.03 0.014078
21.04 0.0142072
21.05 0.0143279
21.06 0.0144377
21.07 0.0145344
21.08 0.0146155
21.09 0.0146791
21.1 0.0147226
21.11 0.0147443
21.12 0.0147424
21.13 0.0147158
21.14 0.0146638
21.15 0.0145865
21.16 0.0144846
21.17 0.0143589
21.18 0.014211
21.19 0.0140425
21.2 0.0138554
21.21 0.0136521
21.22 0.013435
21.23 0.0132068
21.24 0.0129704
21.25 0.012729
21.26 0.0124856
21.27 0.0122439
21.28 0.0120075
21.29 0.0117799
21.3 0.011565
21.31 0.0113661
21.32 0.0111865
21.33 0.011029
21.34 0.0108956
21.35 0.0107881
21.36 0.0107073
21.37 0.0106535
21.38 0.0106264
21.39 0.0106249
21.4 0.0106474
21.41 0.0106916
21.42 0.0107548
21.43 0.0108338
21.44 0.0109256
21.45 0.0110266
21.46 0.0111335
21.47 0.0112433
21.48 0.0113528
21.49 0.011459
21.5 0.011559
21.51 0.01165
21.52 0.0117292
21.53 0.0117944
21.54 0.0118436
21.55 0.0118749
21.56 0.011887
21.57 0.0118784
21.58 0.0118483
21.59 0.0117957
21.6 0.0117199
21.61 0.0116206
21.62 0.0114978
21.63 0.011352
21.64 0.0111845
21.65 0.0109971
21.66 0.0107922
21.67 0.0105728
21.68 0.0103423
21.69 0.0101042
21.7 0.00986241
21.71 0.00962046
21.72 0.00938202
21.73 0.00915068
21.74 0.00893002
21.75 0.00872358
21.76 0.00853487
21.77 0.00836732
21.78 0.00822421
21.79 0.00810851
21.8 0.00802275
21.81 0.00796886
21.82 0.00794802
21.83 0.0079606
21.84 0.00800614
21.85 0.00808339
21.86 0.00819039
21.87 0.00832454
21.88 0.00848264
21.89 0.008661
21.9 0.00885563
21.91 0.00906235
21.92 0.00927698
21.93 0.00949541
21.94 0.00971372
21.95 0.00992824
21.96 0.0101354
21.97 0.0103315
21.98 0.0105131
21.99 0.0106764
22 0.0108178
22.01 0.0109334
22.02 0.0110197
22.03 0.0110736
22.04 0.0110922
22.05 0.011074
22.06 0.0110185
22.07 0.0109264
22.08 0.0107997
22.09 0.0106411
22.1 0.0104541
22.11 0.0102427
22.12 0.0100113
22.13 0.00976488
22.14 0.00950827
22.15 0.00924647
22.16 0.00898428
22.17 0.00872629
22.18 0.00847683
22.19 0.00823995
22.2 0.00801945
22.21 0.00781892
22.22 0.00764179
22.23 0.00749125
22.24 0.00736968
22.25 0.00727814
22.26 0.00721726
22.27 0.00718774
22.28 0.00719023
22.29 0.00722506
22.3 0.0072919
22.31 0.00738956
22.32 0.00751601
22.33 0.0076685
22.34 0.0078437
22.35 0.00803779
22.36 0.00824664
22.37 0.00846593
22.38 0.00869132
22.39 0.00891857
22.4 0.00914357
22.41 0.00936249
22.42 0.00957185
22.43 0.00976851
22.44 0.00994969
22.45 0.010113
22.46 0.0102566
22.47 0.0103791
22.48 0.0104799
22.49 0.0105589
22.5 0.0106165
22.51 0.0106538
22.52 0.0106725
22.53 0.0106746
22.54 0.0106626
22.55 0.0106393
22.56 0.0106074
22.57 0.0105702
22.58 0.0105307
22.59 0.0104922
22.6 0.0104579
22.61 0.0104307
22.62 0.0104136
22.63 0.0104091
22.64 0.0104194
22.65 0.0104462
22.66 0.0104908
22.67 0.0105535
22.68 0.0106345
22.69 0.0107331
22.7 0.0108484
22.71 0.0109794
22.72 0.0111249
22.73 0.0112838
22.74 0.0114546
22.75 0.0116358
22.76 0.0118256
22.77 0.0120222
22.78 0.0122234
22.79 0.0124269
22.8 0.0126304
22.81 0.0128315
22.82 0.0130281
22.83 0.0132178
22.84 0.0133985
22.85 0.0135682
22.86 0.013725
22.87 0.0138671
22.88 0.013993
22.89 0.0141012
22.9 0.0141904
22.91 0.0142594
22.92 0.0143072
22.93 0.0143329
22.94 0.0143356
22.95 0.0143149
22.96 0.0142703
22.97 0.0142018
22.98 0.0141096
22.99 0.0139943
23 0.0138577
23.01 0.013702
23.02 0.01353
23.03 0.0133452
23.04 0.0131513
23.05 0.0129523
23.06 0.0127522
23.07 0.012555
23.08 0.0123643
23.09 0.0121831
23.1 0.0120142
23.11 0.0118597
23.12 0.0117216
23.13 0.0116018
23.14 0.0115017
23.15 0.0114223
23.16 0.0113646
23.17 0.0113291
23.18 0.0113159
23.19 0.0113251
23.2 0.0113563
23.21 0.0114088
23.22 0.0114819
23.23 0.0115741
23.24 0.0116838
23.25 0.0118094
23.26 0.0119485
23.27 0.012099
23.28 0.0122584
23.29 0.0124245
23.3 0.0125949
23.31 0.0127674
23.32 0.0129396
23.33 0.0131095
23.34 0.0132748
23.35 0.0134334
23.36 0.013583
23.37 0.0137215
23.38 0.013847
23.39 0.0139573
23.4 0.0140504
23.41 0.0141244
23.42 0.0141774
23.43 0.0142076
23.44 0.0142136
23.45 0.0141939
23.46 0.0141476
23.47 0.0140742
23.48 0.0139739
23.49 0.0138475
23.5 0.0136965
23.51 0.013523
23.52 0.0133293
23.53 0.0131182
23.54 0.0128928
23.55 0.0126563
23.56 0.0124122
23.57 0.0121642
23.58 0.0119158
23.59 0.011671
23.6 0.0114335
23.61 0.0112069
23.62 0.0109946
23.63 0.0108001
23.64 0.0106262
23.65 0.010476
23.66 0.0103518
23.67 0.0102556
23.68 0.0101888
23.69 0.0101523
23.7 0.0101461
23.71 0.0101698
23.72 0.0102222
23.73 0.0103018
23.74 0.010406
23.75 0.0105322
23.76 0.0106767
23.77 0.0108354
23.78 0.0110039
23.79 0.0111769
23.8 0.011349
23.81 0.0115151
23.82 0.0116698
23.83 0.0118083
23.84 0.0119261
23.85 0.0120191
23.86 0.0120837
23.87 0.0121169
23.88 0.0121161
23.89 0.0120794
23.9 0.0120053
23.91 0.0118928
23.92 0.0117413
23.93 0.0115508
23.94 0.0113219
23.95 0.0110559
23.96 0.0107548
23.97 0.0104214
23.98 0.0100594
23.99 0.00967343
24 0.00926881
24.01 0.00885164
24.02 0.00842849
24.03 0.0080063
24.04 0.00759237
24.05 0.00719441
24.06 0.00682041
24.07 0.00647567
24.08 0.00616133
24.09 0.00587854
24.1 0.0056298
24.11 0.00541744
24.12 0.00524343
24.13 0.00510931
24.14 0.00501609
24.15 0.0049642
24.16 0.00495351
24.17 0.00498351
24.18 0.00505312
24.19 0.00516041
24.2 0.00530281
24.21 0.00547722
24.22 0.00568
24.23 0.00590697
24.24 0.00615356
24.25 0.00641485
24.26 0.00668569
24.27 0.00696067
24.28 0.00723424
24.29 0.00750072
24.3 0.00775437
24.31 0.00798949
24.32 0.00820072
24.33 0.00838335
24.34 0.00853356
24.35 0.00864868
24.36 0.0087271
24.37 0.0087682
24.38 0.00877216
24.39 0.00873998
24.4 0.00867335
24.41 0.00857449
24.42 0.00844603
24.43 0.0082909
24.44 0.00811225
24.45 0.00791341
24.46 0.00769797
24.47 0.00746977
24.48 0.00723288
24.49 0.00699155
24.5 0.00675009
24.51 0.00651275
24.52 0.00628372
24.53 0.00606692
24.54 0.00586593
24.55 0.00568394
24.56 0.00552371
24.57 0.00538748
24.58 0.00527685
24.59 0.00519288
24.6 0.00513615
24.61 0.00510683
24.62 0.00510467
24.63 0.00512896
24.64 0.0051786
24.65 0.00525231
24.66 0.00534868
24.67 0.00546619
24.68 0.00560318
24.69 0.00575798
24.7 0.00592883
24.71 0.00611392
24.72 0.00631131
24.73 0.00651891
24.74 0.00673452
24.75 0.0069559
24.76 0.00718086
24.77 0.00740725
24.78 0.00763281
24.79 0.00785515
24.8 0.00807182
24.81 0.00828038
24.82 0.00847836
24.83 0.00866324
24.84 0.00883258
24.85 0.00898412
24.86 0.00911576
24.87 0.00922567
24.88 0.00931226
24.89 0.00937413
24.9 0.00941004
24.91 0.00941898
24.92 0.00940015
24.93 0.00935309
24.94 0.00927766
24.95 0.00917414
24.96 0.00904322
24.97 0.00888596
24.98 0.00870383
24.99 0.00849877
25 0.00827318
