0.01 3.15863e-09
0.02 1.517e-08
0.03 3.72834e-08
0.04 6.69118e-08
0.05 1.01459e-07
0.06 1.38368e-07
0.07 1.75159e-07
0.08 2.09454e-07
0.09 2.3898e-07
0.1 2.61588e-07
0.11 2.75299e-07
0.12 2.78314e-07
0.13 2.69004e-07
0.14 2.45857e-07
0.15 2.07481e-07
0.16 1.5268e-07
0.17 8.04986e-08
0.18 -9.74798e-09
0.19 -1.18467e-07
0.2 -2.45774e-07
0.21 -3.91486e-07
0.22 -5.55121e-07
0.23 -7.35917e-07
0.24 -9.3286e-07
0.25 -1.14473e-06
0.26 -1.37017e-06
0.27 -1.60777e-06
0.28 -1.8559e-06
0.29 -2.11251e-06
0.3 -2.37507e-06
0.31 -2.64049e-06
0.32 -2.90518e-06
0.33 -3.16486e-06
0.34 -3.4145e-06
0.35 -3.64868e-06
0.36 -3.86185e-06
0.37 -4.0485e-06
0.38 -4.20383e-06
0.39 -4.32453e-06
0.4 -4.4094e-06
0.41 -4.45967e-06
0.42 -4.47852e-06
0.43 -4.47042e-06
0.44 -4.4412e-06
0.45 -4.39775e-06
0.46 -4.34755e-06
0.47 -4.29816e-06
0.48 -4.2565e-06
0.49 -4.22863e-06
0.5 -4.21956e-06
0.51 -4.2334e-06
0.52 -4.27367e-06
0.53 -4.34278e-06
0.54 -4.44228e-06
0.55 -4.57327e-06
0.56 -4.73593e-06
0.57 -4.92968e-06
0.58 -5.15364e-06
0.59 -5.4066e-06
0.6 -5.68695e-06
0.61 -5.99266e-06
0.62 -6.32135e-06
0.63 -6.67029e-06
0.64 -7.03657e-06
0.65 -7.41718e-06
0.66 -7.80918e-06
0.67 -8.20982e-06
0.68 -8.61658e-06
0.69 -9.02721e-06
0.7 -9.43951e-06
0.71 -9.85107e-06
0.72 -1.02588e-05
0.73 -1.06583e-05
0.74 -1.10432e-05
0.75 -1.14049e-05
0.76 -1.1732e-05
0.77 -1.20112e-05
0.78 -1.2228e-05
0.79 -1.23697e-05
0.8 -1.24269e-05
0.81 -1.23937e-05
0.82 -1.22678e-05
0.83 -1.20496e-05
0.84 -1.17423e-05
0.85 -1.13535e-05
0.86 -1.08941e-05
0.87 -1.03747e-05
0.88 -9.80141e-06
0.89 -9.17543e-06
0.9 -8.495e-06
0.91 -7.75734e-06
0.92 -6.95991e-06
0.93 -6.10236e-06
0.94 -5.18925e-06
0.95 -4.23116e-06
0.96 -3.24525e-06
0.97 -2.25419e-06
0.98 -1.28112e-06
0.99 -3.44214e-07
1 5.45333e-07
1.01 1.38265e-06
1.02 2.16938e-06
1.03 2.91252e-06
1.04 3.62194e-06
1.05 4.30798e-06
1.06 4.97815e-06
1.07 5.63538e-06
1.08 6.2795e-06
1.09 6.90999e-06
1.1 7.52681e-06
1.11 8.12902e-06
1.12 8.716e-06
1.13 9.28919e-06
1.14 9.85147e-06
1.15 1.04058e-05
1.16 1.09534e-05
1.17 1.14911e-05
1.18 1.20093e-05
1.19 1.24935e-05
1.2 1.29284e-05
1.21 1.3296e-05
1.22 1.35748e-05
1.23 1.37429e-05
1.24 1.37832e-05
1.25 1.36919e-05
1.26 1.34828e-05
1.27 1.31823e-05
1.28 1.28193e-05
1.29 1.24224e-05
1.3 1.20189e-05
1.31 1.16294e-05
1.32 1.12654e-05
1.33 1.09315e-05
1.34 1.06313e-05
1.35 1.03702e-05
1.36 1.01561e-05
1.37 9.99887e-06
1.38 9.90997e-06
1.39 9.90079e-06
1.4 9.98058e-06
1.41 1.01534e-05
1.42 1.04141e-05
1.43 1.07446e-05
1.44 1.11098e-05
1.45 1.14567e-05
1.46 1.17157e-05
1.47 1.18089e-05
1.48 1.16567e-05
1.49 1.11805e-05
1.5 1.03066e-05
1.51 8.97149e-06
1.52 7.12467e-06
1.53 4.73604e-06
1.54 1.80414e-06
1.55 -1.63657e-06
1.56 -5.51394e-06
1.57 -9.72834e-06
1.58 -1.41625e-05
1.59 -1.86894e-05
1.6 -2.31857e-05
1.61 -2.75402e-05
1.62 -3.16513e-05
1.63 -3.54294e-05
1.64 -3.87975e-05
1.65 -4.16909e-05
1.66 -4.40607e-05
1.67 -4.58753e-05
1.68 -4.71193e-05
1.69 -4.77871e-05
1.7 -4.78795e-05
1.71 -4.74035e-05
1.72 -4.63717e-05
1.73 -4.47997e-05
1.74 -4.27026e-05
1.75 -4.00907e-05
1.76 -3.69742e-05
1.77 -3.33703e-05
1.78 -2.92981e-05
1.79 -2.47736e-05
1.8 -1.98115e-05
1.81 -1.443e-05
1.82 -8.65039e-06
1.83 -2.4992e-06
1.84 3.98248e-06
1.85 1.0734e-05
1.86 1.76804e-05
1.87 2.47428e-05
1.88 3.18456e-05
1.89 3.89176e-05
1.9 4.58931e-05
1.91 5.27124e-05
1.92 5.93226e-05
1.93 6.56757e-05
1.94 7.17163e-05
1.95 7.73659e-05
1.96 8.25232e-05
1.97 8.70706e-05
1.98 9.08793e-05
1.99 9.38228e-05
2 9.5798e-05
2.01 9.67445e-05
2.02 9.66469e-05
2.03 9.55315e-05
2.04 9.34627e-05
2.05 9.05328e-05
2.06 8.68498e-05
2.07 8.25267e-05
2.08 7.76645e-05
2.09 7.23397e-05
2.1 6.66017e-05
2.11 6.04752e-05
2.12 5.39579e-05
2.13 4.70158e-05
2.14 3.9595e-05
2.15 3.16342e-05
2.16 2.3069e-05
2.17 1.38382e-05
2.18 3.8871e-06
2.19 -6.84007e-06
2.2 -1.8406e-05
2.21 -3.0874e-05
2.22 -4.42965e-05
2.23 -5.87082e-05
2.24 -7.41206e-05
2.25 -9.05273e-05
2.26 -0.000107899
2.27 -0.000126159
2.28 -0.000145176
2.29 -0.00016478
2.3 -0.000184771
2.31 -0.000204913
2.32 -0.00022494
2.33 -0.000244537
2.34 -0.000263347
2.35 -0.000280976
2.36 -0.000297006
2.37 -0.000311011
2.38 -0.000322573
2.39 -0.00033128
2.4 -0.000336751
2.41 -0.000338685
2.42 -0.000336872
2.43 -0.000331185
2.44 -0.000321559
2.45 -0.000307988
2.46 -0.000290522
2.47 -0.00026928
2.48 -0.00024445
2.49 -0.000216272
2.5 -0.000185013
2.51 -0.00015096
2.52 -0.000114404
2.53 -7.56612e-05
2.54 -3.50652e-05
2.55 7.03738e-06
2.56 5.02861e-05
2.57 9.42835e-05
2.58 0.00013858
2.59 0.000182671
2.6 0.000226015
2.61 0.000268047
2.62 0.000308213
2.63 0.000345991
2.64 0.000380908
2.65 0.000412547
2.66 0.000440551
2.67 0.000464619
2.68 0.000484502
2.69 0.000499991
2.7 0.000510909
2.71 0.000517133
2.72 0.000518584
2.73 0.00051524
2.74 0.000507148
2.75 0.000494429
2.76 0.000477259
2.77 0.000455867
2.78 0.000430552
2.79 0.000401691
2.8 0.000369735
2.81 0.000335188
2.82 0.000298581
2.83 0.000260428
2.84 0.000221216
2.85 0.000181402
2.86 0.000141411
2.87 0.000101624
2.88 6.236e-05
2.89 2.38835e-05
2.9 -1.35783e-05
2.91 -4.98266e-05
2.92 -8.46948e-05
2.93 -0.000118043
2.94 -0.000149745
2.95 -0.000179687
2.96 -0.000207758
2.97 -0.000233821
2.98 -0.000257709
2.99 -0.000279232
3 -0.000298196
3.01 -0.000314414
3.02 -0.000327728
3.03 -0.000338031
3.04 -0.000345271
3.05 -0.000349463
3.06 -0.000350691
3.07 -0.000349113
3.08 -0.000344955
3.09 -0.000338492
3.1 -0.000330009
3.11 -0.000319777
3.12 -0.000308026
3.13 -0.000294929
3.14 -0.000280617
3.15 -0.000265203
3.16 -0.000248793
3.17 -0.000231479
3.18 -0.000213345
3.19 -0.000194481
3.2 -0.000175004
3.21 -0.000155043
3.22 -0.000134705
3.23 -0.000114056
3.24 -9.31308e-05
3.25 -7.19291e-05
3.26 -5.04372e-05
3.27 -2.86066e-05
3.28 -6.34097e-06
3.29 1.64678e-05
3.3 3.99075e-05
3.31 6.40632e-05
3.32 8.90171e-05
3.33 0.000114799
3.34 0.000141344
3.35 0.000168465
3.36 0.000195843
3.37 0.000223041
3.38 0.000249522
3.39 0.000274665
3.4 0.000297774
3.41 0.000318113
3.42 0.000334942
3.43 0.000347561
3.44 0.000355338
3.45 0.000357721
3.46 0.000354253
3.47 0.000344619
3.48 0.000328695
3.49 0.000306564
3.5 0.000278511
3.51 0.000244999
3.52 0.000206657
3.53 0.000164253
3.54 0.000118652
3.55 7.07562e-05
3.56 2.1435e-05
3.57 -2.84922e-05
3.58 -7.82204e-05
3.59 -0.000126958
3.6 -0.000173973
3.61 -0.00021862
3.62 -0.00026034
3.63 -0.000298662
3.64 -0.000333214
3.65 -0.00036372
3.66 -0.00039001
3.67 -0.000412026
3.68 -0.00042983
3.69 -0.000443571
3.7 -0.000453442
3.71 -0.000459651
3.72 -0.000462448
3.73 -0.000462091
3.74 -0.000458819
3.75 -0.000452862
3.76 -0.00044445
3.77 -0.000433797
3.78 -0.000421103
3.79 -0.000406555
3.8 -0.00039032
3.81 -0.000372518
3.82 -0.000353231
3.83 -0.000332533
3.84 -0.000310482
3.85 -0.000287137
3.86 -0.000262598
3.87 -0.000237056
3.88 -0.000210809
3.89 -0.000184275
3.9 -0.000157984
3.91 -0.000132574
3.92 -0.000108776
3.93 -8.738e-05
3.94 -6.91748e-05
3.95 -5.4916e-05
3.96 -4.52961e-05
3.97 -4.08974e-05
3.98 -4.21288e-05
3.99 -4.91869e-05
4 -6.20557e-05
4.01 -8.05143e-05
4.02 -0.000104151
4.03 -0.000132383
4.04 -0.000164468
4.05 -0.00019951
4.06 -0.000236479
4.07 -0.00027421
4.08 -0.000311399
4.09 -0.000346636
4.1 -0.000378459
4.11 -0.000405429
4.12 -0.000426242
4.13 -0.000439829
4.14 -0.000445401
4.15 -0.00044251
4.16 -0.000431112
4.17 -0.000411576
4.18 -0.000384624
4.19 -0.000351268
4.2 -0.000312771
4.21 -0.000270575
4.22 -0.000226197
4.23 -0.000181122
4.24 -0.000136711
4.25 -9.42059e-05
4.26 -5.47572e-05
4.27 -1.93837e-05
4.28 1.10673e-05
4.29 3.59454e-05
4.3 5.48202e-05
4.31 6.74711e-05
4.32 7.38607e-05
4.33 7.4124e-05
4.34 6.85861e-05
4.35 5.77801e-05
4.36 4.24341e-05
4.37 2.34438e-05
4.38 1.83055e-06
4.39 -2.13081e-05
4.4 -4.48217e-05
4.41 -6.7519e-05
4.42 -8.81978e-05
4.43 -0.000105693
4.44 -0.000118913
4.45 -0.000126886
4.46 -0.00012885
4.47 -0.000124306
4.48 -0.00011302
4.49 -9.49749e-05
4.5 -7.02872e-05
4.51 -3.91802e-05
4.52 -2.02391e-06
4.53 4.06325e-05
4.54 8.80778e-05
4.55 0.000139464
4.56 0.000193829
4.57 0.000250117
4.58 0.00030719
4.59 0.000363859
4.6 0.000418915
4.61 0.00047117
4.62 0.000519531
4.63 0.000563012
4.64 0.00060074
4.65 0.000631985
4.66 0.000656182
4.67 0.000672983
4.68 0.000682278
4.69 0.000684167
4.7 0.000678899
4.71 0.000666802
4.72 0.000648255
4.73 0.000623691
4.74 0.000593581
4.75 0.000558359
4.76 0.000518422
4.77 0.000474161
4.78 0.000425978
4.79 0.000374303
4.8 0.000319593
4.81 0.000262267
4.82 0.000202715
4.83 0.000141359
4.84 7.86321e-05
4.85 1.49269e-05
4.86 -4.93925e-05
4.87 -0.00011392
4.88 -0.000178191
4.89 -0.000241731
4.9 -0.000304062
4.91 -0.000364673
4.92 -0.000423017
4.93 -0.000478531
4.94 -0.000530669
4.95 -0.000578916
4.96 -0.000622777
4.97 -0.000661765
4.98 -0.000695389
4.99 -0.000723167
5 -0.000744636
5.01 -0.000759404
5.02 -0.000767214
5.03 -0.000767992
5.04 -0.000761864
5.05 -0.000749145
5.06 -0.00073035
5.07 -0.000706205
5.08 -0.00067759
5.09 -0.000645476
5.1 -0.000610918
5.11 -0.000575035
5.12 -0.000538923
5.13 -0.000503604
5.14 -0.000470001
5.15 -0.000438879
5.16 -0.00041078
5.17 -0.000385982
5.18 -0.000364531
5.19 -0.000346292
5.2 -0.00033096
5.21 -0.000318063
5.22 -0.000307024
5.23 -0.000297242
5.24 -0.000288133
5.25 -0.000279126
5.26 -0.00026961
5.27 -0.000258919
5.28 -0.000246358
5.29 -0.000231259
5.3 -0.000213023
5.31 -0.000191122
5.32 -0.00016515
5.33 -0.000134908
5.34 -0.000100456
5.35 -6.2098e-05
5.36 -2.04034e-05
5.37 2.37492e-05
5.38 6.92131e-05
5.39 0.000114697
5.4 0.000158869
5.41 0.000200407
5.42 0.000238055
5.43 0.000270699
5.44 0.000297433
5.45 0.000317591
5.46 0.000330742
5.47 0.000336652
5.48 0.000335227
5.49 0.000326503
5.5 0.000310674
5.51 0.00028811
5.52 0.000259309
5.53 0.00022484
5.54 0.00018534
5.55 0.000141538
5.56 9.42354e-05
5.57 4.42261e-05
5.58 -7.76597e-06
5.59 -6.10743e-05
5.6 -0.000115047
5.61 -0.000169011
5.62 -0.000222267
5.63 -0.000274109
5.64 -0.000323819
5.65 -0.000370692
5.66 -0.000414077
5.67 -0.000453333
5.68 -0.000487824
5.69 -0.000516899
5.7 -0.000539896
5.71 -0.000556145
5.72 -0.000564963
5.73 -0.000565706
5.74 -0.000557809
5.75 -0.000540781
5.76 -0.000514239
5.77 -0.000477974
5.78 -0.000431986
5.79 -0.000376527
5.8 -0.000312126
5.81 -0.000239603
5.82 -0.000160074
5.83 -7.49652e-05
5.84 1.40342e-05
5.85 0.00010505
5.86 0.000196091
5.87 0.000285103
5.88 0.000370025
5.89 0.000448852
5.9 0.000519692
5.91 0.000580849
5.92 0.000630876
5.93 0.000668585
5.94 0.000693075
5.95 0.000703769
5.96 0.000700481
5.97 0.000683481
5.98 0.00065347
5.99 0.000611519
6 0.000559032
6.01 0.000497672
6.02 0.000429257
6.03 0.00035569
6.04 0.000278946
6.05 0.000201016
6.06 0.000123839
6.07 4.91961e-05
6.08 -2.1361e-05
6.09 -8.65173e-05
6.1 -0.000145162
6.11 -0.000196384
6.12 -0.000239498
6.13 -0.000274044
6.14 -0.000299731
6.15 -0.000316365
6.16 -0.000323805
6.17 -0.000321901
6.18 -0.000310405
6.19 -0.000288978
6.2 -0.000257272
6.21 -0.000214999
6.22 -0.00016191
6.23 -9.78097e-05
6.24 -2.26255e-05
6.25 6.35569e-05
6.26 0.000160524
6.27 0.000267935
6.28 0.000385329
6.29 0.00051217
6.3 0.000647864
6.31 0.000791768
6.32 0.000943224
6.33 0.00110156
6.34 0.00126606
6.35 0.001436
6.36 0.00161052
6.37 0.00178858
6.38 0.00196876
6.39 0.00214937
6.4 0.00232848
6.41 0.00250403
6.42 0.00267394
6.43 0.00283626
6.44 0.00298921
6.45 0.00313133
6.46 0.00326157
6.47 0.00337919
6.48 0.0034837
6.49 0.00357465
6.5 0.00365159
6.51 0.00371386
6.52 0.00376055
6.53 0.00379051
6.54 0.00380239
6.55 0.0037946
6.56 0.00376532
6.57 0.00371269
6.58 0.00363492
6.59 0.00353048
6.6 0.00339828
6.61 0.00323785
6.62 0.00304932
6.63 0.00283351
6.64 0.00259185
6.65 0.00232627
6.66 0.00203895
6.67 0.00173231
6.68 0.0014089
6.69 0.00107142
6.7 0.000722655
6.71 0.000365511
6.72 2.97063e-06
6.73 -0.000361929
6.74 -0.00072611
6.75 -0.00108641
6.76 -0.0014396
6.77 -0.00178237
6.78 -0.00211145
6.79 -0.00242356
6.8 -0.00271551
6.81 -0.00298428
6.82 -0.00322715
6.83 -0.0034418
6.84 -0.00362629
6.85 -0.00377918
6.86 -0.00389952
6.87 -0.00398688
6.88 -0.00404127
6.89 -0.00406314
6.9 -0.00405316
6.91 -0.00401223
6.92 -0.00394128
6.93 -0.0038413
6.94 -0.00371326
6.95 -0.00355813
6.96 -0.00337695
6.97 -0.00317098
6.98 -0.00294182
6.99 -0.0026916
7 -0.0024229
7.01 -0.00213888
7.02 -0.00184315
7.03 -0.00153956
7.04 -0.00123206
7.05 -0.000924444
7.06 -0.000620223
7.07 -0.000322447
7.08 -3.36883e-05
7.09 0.000243959
7.1 0.000508824
7.11 0.000759578
7.12 0.000995119
7.13 0.00121436
7.14 0.00141604
7.15 0.00159868
7.16 0.00176058
7.17 0.00189995
7.18 0.00201498
7.19 0.00210398
7.2 0.0021655
7.21 0.00219848
7.22 0.00220232
7.23 0.00217708
7.24 0.00212341
7.25 0.00204261
7.26 0.00193649
7.27 0.00180726
7.28 0.00165734
7.29 0.00148919
7.3 0.0013052
7.31 0.00110765
7.32 0.000898589
7.33 0.000679894
7.34 0.000453408
7.35 0.000221023
7.36 -1.52016e-05
7.37 -0.000252938
7.38 -0.000489529
7.39 -0.000722
7.4 -0.000947131
7.41 -0.00116158
7.42 -0.00136201
7.43 -0.00154532
7.44 -0.00170884
7.45 -0.00185045
7.46 -0.00196858
7.47 -0.00206234
7.48 -0.00213146
7.49 -0.00217631
7.5 -0.0021979
7.51 -0.00219777
7.52 -0.00217792
7.53 -0.00214061
7.54 -0.00208827
7.55 -0.00202335
7.56 -0.00194836
7.57 -0.00186589
7.58 -0.00177858
7.59 -0.00168911
7.6 -0.00160015
7.61 -0.00151431
7.62 -0.00143393
7.63 -0.00136087
7.64 -0.00129644
7.65 -0.0012414
7.66 -0.00119593
7.67 -0.00115951
7.68 -0.00113094
7.69 -0.00110837
7.7 -0.00108939
7.71 -0.0010712
7.72 -0.00105097
7.73 -0.00102617
7.74 -0.000994767
7.75 -0.000955278
7.76 -0.000906832
7.77 -0.000849036
7.78 -0.000781909
7.79 -0.000705862
7.8 -0.0006217
7.81 -0.000530573
7.82 -0.000433903
7.83 -0.000333367
7.84 -0.000230887
7.85 -0.000128542
7.86 -2.84757e-05
7.87 6.71488e-05
7.88 0.000156233
7.89 0.000236878
7.9 0.000307461
7.91 0.00036668
7.92 0.0004136
7.93 0.000447706
7.94 0.000468897
7.95 0.000477461
7.96 0.000474027
7.97 0.000459536
7.98 0.000435216
7.99 0.000402522
8 0.000363006
8.01 0.000318197
8.02 0.000269555
8.03 0.000218427
8.04 0.000165961
8.05 0.000113036
8.06 6.02318e-05
8.07 7.86307e-06
8.08 -4.39335e-05
8.09 -9.50941e-05
8.1 -0.000145515
8.11 -0.000194911
8.12 -0.000242665
8.13 -0.00028781
8.14 -0.000329086
8.15 -0.000364989
8.16 -0.000393813
8.17 -0.000413733
8.18 -0.000422926
8.19 -0.000419683
8.2 -0.000402481
8.21 -0.000370067
8.22 -0.000321556
8.23 -0.000256426
8.24 -0.000174471
8.25 -7.58384e-05
8.26 3.89209e-05
8.27 0.000168856
8.28 0.000312635
8.29 0.000468514
8.3 0.000634292
8.31 0.000807256
8.32 0.000984105
8.33 0.00116097
8.34 0.00133354
8.35 0.00149719
8.36 0.00164723
8.37 0.00177918
8.38 0.00188899
8.39 0.00197332
8.4 0.00202968
8.41 0.00205652
8.42 0.00205311
8.43 0.0020195
8.44 0.00195649
8.45 0.00186558
8.46 0.00174897
8.47 0.00160951
8.48 0.00145058
8.49 0.00127593
8.5 0.00108958
8.51 0.000895616
8.52 0.00069809
8.53 0.000500757
8.54 0.000306928
8.55 0.000119389
8.56 -5.95638e-05
8.57 -0.000228029
8.58 -0.000384438
8.59 -0.000527502
8.6 -0.00065615
8.61 -0.000769461
8.62 -0.000866566
8.63 -0.000946552
8.64 -0.00100842
8.65 -0.00105109
8.66 -0.00107336
8.67 -0.00107406
8.68 -0.00105204
8.69 -0.00100638
8.7 -0.000936435
8.71 -0.000841826
8.72 -0.000722537
8.73 -0.000579021
8.74 -0.000412214
8.75 -0.000223506
8.76 -1.47938e-05
8.77 0.00021146
8.78 0.000452269
8.79 0.000704218
8.8 0.000963504
8.81 0.00122599
8.82 0.00148731
8.83 0.00174306
8.84 0.001989
8.85 0.00222117
8.86 0.002436
8.87 0.00263026
8.88 0.00280112
8.89 0.00294625
8.9 0.00306392
8.91 0.00315296
8.92 0.00321273
8.93 0.00324308
8.94 0.00324422
8.95 0.00321667
8.96 0.00316115
8.97 0.0030786
8.98 0.00297018
8.99 0.00283717
9 0.0026809
9.01 0.00250264
9.02 0.00230365
9.03 0.00208507
9.04 0.00184803
9.05 0.00159375
9.06 0.00132368
9.07 0.00103953
9.08 0.000743338
9.09 0.000437409
9.1 0.000124243
9.11 -0.000193563
9.12 -0.000513376
9.13 -0.000832539
9.14 -0.00114841
9.15 -0.00145838
9.16 -0.0017598
9.17 -0.0020499
9.18 -0.00232567
9.19 -0.00258392
9.2 -0.00282116
9.21 -0.00303371
9.22 -0.00321761
9.23 -0.00336878
9.24 -0.00348323
9.25 -0.00355732
9.26 -0.00358803
9.27 -0.00357319
9.28 -0.00351155
9.29 -0.00340294
9.3 -0.00324816
9.31 -0.00304879
9.32 -0.00280696
9.33 -0.00252538
9.34 -0.00220724
9.35 -0.00185614
9.36 -0.00147606
9.37 -0.00107127
9.38 -0.000646338
9.39 -0.000206021
9.4 0.000244682
9.41 0.000700503
9.42 0.00115591
9.43 0.00160507
9.44 0.00204189
9.45 0.00245998
9.46 0.0028529
9.47 0.00321437
9.48 0.00353843
9.49 0.00381974
9.5 0.00405376
9.51 0.00423688
9.52 0.00436646
9.53 0.00444087
9.54 0.00445933
9.55 0.00442182
9.56 0.00432892
9.57 0.00418169
9.58 0.0039816
9.59 0.00373039
9.6 0.00343015
9.61 0.00308336
9.62 0.00269299
9.63 0.0022626
9.64 0.00179642
9.65 0.00129934
9.66 0.000776928
9.67 0.000235275
9.68 -0.000319035
9.69 -0.000879065
9.7 -0.0014377
9.71 -0.00198788
9.72 -0.00252275
9.73 -0.0030358
9.74 -0.00352101
9.75 -0.00397301
9.76 -0.00438711
9.77 -0.00475932
9.78 -0.0050864
9.79 -0.00536728
9.8 -0.00560377
9.81 -0.00579803
9.82 -0.00595162
9.83 -0.00606625
9.84 -0.00614373
9.85 -0.00618598
9.86 -0.00619492
9.87 -0.00617237
9.88 -0.00612015
9.89 -0.00604037
9.9 -0.00593524
9.91 -0.00580688
9.92 -0.00565733
9.93 -0.00548853
9.94 -0.00530233
9.95 -0.00510047
9.96 -0.00488462
9.97 -0.00465658
9.98 -0.00441835
9.99 -0.0041722
10 -0.00392069
10.01 -0.00366661
10.02 -0.00341297
10.03 -0.00316301
10.04 -0.00292004
10.05 -0.00268723
10.06 -0.00246747
10.07 -0.00226328
10.08 -0.00207679
10.09 -0.00190971
10.1 -0.0017634
10.11 -0.00163879
10.12 -0.00153657
10.13 -0.00145728
10.14 -0.00140136
10.15 -0.00136913
10.16 -0.00136077
10.17 -0.00137627
10.18 -0.00141534
10.19 -0.00147728
10.2 -0.00156101
10.21 -0.00166503
10.22 -0.00178755
10.23 -0.00192652
10.24 -0.00207969
10.25 -0.00224463
10.26 -0.00241889
10.27 -0.00260003
10.28 -0.00278562
10.29 -0.00297327
10.3 -0.00316064
10.31 -0.00334539
10.32 -0.00352518
10.33 -0.00369765
10.34 -0.00386049
10.35 -0.00401154
10.36 -0.0041488
10.37 -0.00427043
10.38 -0.00437476
10.39 -0.00446035
10.4 -0.00452591
10.41 -0.0045703
10.42 -0.00459247
10.43 -0.00459143
10.44 -0.00456623
10.45 -0.00451598
10.46 -0.00443988
10.47 -0.00433738
10.48 -0.00420825
10.49 -0.00405274
10.5 -0.00387163
10.51 -0.00366632
10.52 -0.00343877
10.53 -0.00319146
10.54 -0.00292729
10.55 -0.00264944
10.56 -0.00236127
10.57 -0.00206628
10.58 -0.00176807
10.59 -0.00147021
10.6 -0.00117627
10.61 -0.000889718
10.62 -0.000613993
10.63 -0.000352445
10.64 -0.000108333
10.65 0.000115184
10.66 0.000315108
10.67 0.000488662
10.68 0.000633371
10.69 0.000747179
10.7 0.000828548
10.71 0.000876517
10.72 0.000890647
10.73 0.000870995
10.74 0.000818116
10.75 0.000732996
10.76 0.000617015
10.77 0.000471959
10.78 0.000300018
10.79 0.000103756
10.8 -0.000113961
10.81 -0.000350029
10.82 -0.000601115
10.83 -0.000863689
10.84 -0.0011341
10.85 -0.00140865
10.86 -0.00168368
10.87 -0.00195571
10.88 -0.0022214
10.89 -0.0024776
10.9 -0.00272133
10.91 -0.00294985
10.92 -0.00316053
10.93 -0.00335083
10.94 -0.00351824
10.95 -0.00366026
10.96 -0.00377451
10.97 -0.00385871
10.98 -0.00391081
10.99 -0.00392911
11 -0.00391232
11.01 -0.0038597
11.02 -0.003771
11.03 -0.00364655
11.04 -0.00348728
11.05 -0.00329466
11.06 -0.00307062
11.07 -0.00281749
11.08 -0.00253802
11.09 -0.00223527
11.1 -0.00191259
11.11 -0.00157347
11.12 -0.0012215
11.13 -0.000860257
11.14 -0.000493363
11.15 -0.000124478
11.16 0.000242804
11.17 0.000605084
11.18 0.000959244
11.19 0.00130251
11.2 0.00163247
11.21 0.00194705
11.22 0.00224455
11.23 0.00252355
11.24 0.00278274
11.25 0.00302072
11.26 0.00323589
11.27 0.00342643
11.28 0.00359043
11.29 0.0037268
11.3 0.0038357
11.31 0.00391723
11.32 0.00397106
11.33 0.00399695
11.34 0.00399485
11.35 0.00396511
11.36 0.00390871
11.37 0.00382717
11.38 0.00372245
11.39 0.00359673
11.4 0.00345237
11.41 0.0032918
11.42 0.00311741
11.43 0.00293142
11.44 0.00273592
11.45 0.00253285
11.46 0.00232412
11.47 0.0021117
11.48 0.00189772
11.49 0.00168455
11.5 0.0014749
11.51 0.00127179
11.52 0.00107843
11.53 0.00089813
11.54 0.000734139
11.55 0.000589517
11.56 0.00046695
11.57 0.000368596
11.58 0.000296034
11.59 0.00025031
11.6 0.000232051
11.61 0.000241581
11.62 0.00027893
11.63 0.000343831
11.64 0.000435749
11.65 0.000553858
11.66 0.000697019
11.67 0.000863833
11.68 0.00105263
11.69 0.00126143
11.7 0.00148787
11.71 0.00172921
11.72 0.00198229
11.73 0.00224357
11.74 0.00250915
11.75 0.0027748
11.76 0.00303592
11.77 0.00328753
11.78 0.00352429
11.79 0.00374065
11.8 0.00393111
11.81 0.00409053
11.82 0.00421499
11.83 0.00430212
11.84 0.00435007
11.85 0.00435711
11.86 0.00432177
11.87 0.00424304
11.88 0.00412061
11.89 0.00395473
11.9 0.00374614
11.91 0.00349609
11.92 0.00320639
11.93 0.00287937
11.94 0.00251778
11.95 0.00212484
11.96 0.00170408
11.97 0.00125937
11.98 0.000794943
11.99 0.000315393
12 -0.000174336
12.01 -0.000669068
12.02 -0.00116342
12.03 -0.00165177
12.04 -0.00212834
12.05 -0.0025873
12.06 -0.00302292
12.07 -0.0034297
12.08 -0.0038026
12.09 -0.0041372
12.1 -0.00442983
12.11 -0.00467755
12.12 -0.00487822
12.13 -0.00503056
12.14 -0.00513418
12.15 -0.00518959
12.16 -0.00519807
12.17 -0.00516156
12.18 -0.00508254
12.19 -0.0049639
12.2 -0.00480902
12.21 -0.00462158
12.22 -0.00440542
12.23 -0.00416456
12.24 -0.00390319
12.25 -0.00362563
12.26 -0.00333617
12.27 -0.00303897
12.28 -0.00273812
12.29 -0.00243754
12.3 -0.00214097
12.31 -0.00185191
12.32 -0.00157352
12.33 -0.00130851
12.34 -0.00105918
12.35 -0.000827436
12.36 -0.000614781
12.37 -0.000422261
12.38 -0.000250433
12.39 -9.94422e-05
12.4 3.09317e-05
12.41 0.00014124
12.42 0.000232194
12.43 0.000304562
12.44 0.000359241
12.45 0.000397295
12.46 0.000419896
12.47 0.000428398
12.48 0.000424539
12.49 0.00041057
12.5 0.000389297
12.51 0.000364054
12.52 0.000338607
12.53 0.000317013
12.54 0.000303373
12.55 0.000301579
12.56 0.000315136
12.57 0.000347061
12.58 0.000399873
12.59 0.000475677
12.6 0.000576237
12.61 0.000702981
12.62 0.000856888
12.63 0.00103835
12.64 0.00124712
12.65 0.00148242
12.66 0.00174297
12.67 0.00202682
12.68 0.00233142
12.69 0.0026535
12.7 0.00298922
12.71 0.00333425
12.72 0.00368398
12.73 0.00403364
12.74 0.00437838
12.75 0.00471438
12.76 0.00503985
12.77 0.00535397
12.78 0.00565595
12.79 0.00594507
12.8 0.00622066
12.81 0.00648205
12.82 0.00672847
12.83 0.00695905
12.84 0.00717284
12.85 0.00736892
12.86 0.00754647
12.87 0.00770475
12.88 0.00784327
12.89 0.00796182
12.9 0.00806044
12.91 0.00813936
12.92 0.00819885
12.93 0.00823917
12.94 0.00826049
12.95 0.00826288
12.96 0.00824629
12.97 0.00821068
12.98 0.00815624
12.99 0.00808332
13 0.00799238
13.01 0.00788414
13.02 0.00775969
13.03 0.00762046
13.04 0.00746818
13.05 0.00730479
13.06 0.00713224
13.07 0.00695246
13.08 0.00676723
13.09 0.00657811
13.1 0.00638641
13.11 0.00619318
13.12 0.00599928
13.13 0.00580553
13.14 0.00561275
13.15 0.00542188
13.16 0.00523404
13.17 0.00505055
13.18 0.00487288
13.19 0.00470261
13.2 0.00454137
13.21 0.00439069
13.22 0.00425199
13.23 0.0041265
13.24 0.00401526
13.25 0.00391909
13.26 0.00383853
13.27 0.00377388
13.28 0.00372514
13.29 0.00369201
13.3 0.00367393
13.31 0.00367003
13.32 0.00367907
13.33 0.0036995
13.34 0.00372952
13.35 0.00376717
13.36 0.00381048
13.37 0.00385753
13.38 0.00390653
13.39 0.00395586
13.4 0.00400403
13.41 0.00404983
13.42 0.00409229
13.43 0.00413071
13.44 0.00416472
13.45 0.00419421
13.46 0.00421936
13.47 0.00424063
13.48 0.00425868
13.49 0.00427433
13.5 0.00428855
13.51 0.00430237
13.52 0.00431691
13.53 0.00433332
13.54 0.00435284
13.55 0.00437679
13.56 0.00440648
13.57 0.00444318
13.58 0.00448794
13.59 0.00454154
13.6 0.00460444
13.61 0.00467684
13.62 0.00475875
13.63 0.00485005
13.64 0.00495051
13.65 0.00505975
13.66 0.00517728
13.67 0.00530258
13.68 0.00543499
13.69 0.00557365
13.7 0.00571743
13.71 0.00586502
13.72 0.0060149
13.73 0.00616539
13.74 0.00631454
13.75 0.00646019
13.76 0.00659992
13.77 0.00673105
13.78 0.00685062
13.79 0.00695543
13.8 0.00704204
13.81 0.00710672
13.82 0.0071456
13.83 0.00715494
13.84 0.00713167
13.85 0.0070737
13.86 0.0069801
13.87 0.00685087
13.88 0.00668661
13.89 0.00648825
13.9 0.00625705
13.91 0.00599467
13.92 0.00570308
13.93 0.00538454
13.94 0.00504156
13.95 0.00467684
13.96 0.00429333
13.97 0.00389419
13.98 0.00348275
13.99 0.00306242
14 0.00263661
14.01 0.0022087
14.02 0.00178201
14.03 0.00135987
14.04 0.00094556
14.05 0.000542294
14.06 0.000153126
14.07 -0.000219189
14.08 -0.000572259
14.09 -0.000904119
14.1 -0.0012133
14.11 -0.00149889
14.12 -0.0017616
14.13 -0.0020044
14.14 -0.00223102
14.15 -0.0024451
14.16 -0.00265055
14.17 -0.0028514
14.18 -0.00305167
14.19 -0.00325524
14.2 -0.00346592
14.21 -0.00368747
14.22 -0.00392361
14.23 -0.00417806
14.24 -0.00445461
14.25 -0.00475708
14.26 -0.00508942
14.27 -0.0054555
14.28 -0.00585914
14.29 -0.00630392
14.3 -0.00679318
14.31 -0.00732989
14.32 -0.00791658
14.33 -0.00855537
14.34 -0.00924801
14.35 -0.00999613
14.36 -0.0108013
14.37 -0.0116655
14.38 -0.0125905
14.39 -0.0135787
14.4 -0.0146321
14.41 -0.0157532
14.42 -0.0169441
14.43 -0.0182069
14.44 -0.0195434
14.45 -0.020955
14.46 -0.0224424
14.47 -0.0240058
14.48 -0.0256454
14.49 -0.0273607
14.5 -0.0291514
14.51 -0.0310171
14.52 -0.0329573
14.53 -0.0349719
14.54 -0.0370608
14.55 -0.0392239
14.56 -0.0414612
14.57 -0.0437729
14.58 -0.0461591
14.59 -0.0486197
14.6 -0.0511546
14.61 -0.0537636
14.62 -0.0564457
14.63 -0.0591996
14.64 -0.0620231
14.65 -0.0649131
14.66 -0.0678657
14.67 -0.0708765
14.68 -0.0739406
14.69 -0.0770535
14.7 -0.0802106
14.71 -0.0834081
14.72 -0.0866416
14.73 -0.0899065
14.74 -0.093197
14.75 -0.0965063
14.76 -0.0998274
14.77 -0.103153
14.78 -0.106476
14.79 -0.109789
14.8 -0.113086
14.81 -0.11636
14.82 -0.119603
14.83 -0.12281
14.84 -0.125973
14.85 -0.129087
14.86 -0.132144
14.87 -0.13514
14.88 -0.138067
14.89 -0.140919
14.9 -0.143691
14.91 -0.146375
14.92 -0.148965
14.93 -0.151456
14.94 -0.15384
14.95 -0.156112
14.96 -0.158264
14.97 -0.160292
14.98 -0.16219
14.99 -0.163954
15 -0.165581
15.01 -0.167069
15.02 -0.16842
15.03 -0.169634
15.04 -0.170714
15.05 -0.171663
15.06 -0.172485
15.07 -0.173185
15.08 -0.173769
15.09 -0.174241
15.1 -0.174608
15.11 -0.174874
15.12 -0.175044
15.13 -0.175125
15.14 -0.175121
15.15 -0.175038
15.16 -0.174882
15.17 -0.17466
15.18 -0.174376
15.19 -0.174039
15.2 -0.173655
15.21 -0.173231
15.22 -0.172773
15.23 -0.172291
15.24 -0.171792
15.25 -0.171286
15.26 -0.170781
15.27 -0.170288
15.28 -0.169815
15.29 -0.169373
15.3 -0.16897
15.31 -0.168614
15.32 -0.168312
15.33 -0.168069
15.34 -0.167889
15.35 -0.167775
15.36 -0.167731
15.37 -0.167759
15.38 -0.16786
15.39 -0.168036
15.4 -0.168285
15.41 -0.168607
15.42 -0.168999
15.43 -0.169457
15.44 -0.169976
15.45 -0.170551
15.46 -0.171174
15.47 -0.171837
15.48 -0.172531
15.49 -0.173246
15.5 -0.173971
15.51 -0.174693
15.52 -0.175401
15.53 -0.176083
15.54 -0.176734
15.55 -0.17735
15.56 -0.177926
15.57 -0.178456
15.58 -0.178936
15.59 -0.17936
15.6 -0.179724
15.61 -0.180023
15.62 -0.180253
15.63 -0.180407
15.64 -0.180482
15.65 -0.180473
15.66 -0.180375
15.67 -0.180185
15.68 -0.1799
15.69 -0.179518
15.7 -0.17904
15.71 -0.178466
15.72 -0.177798
15.73 -0.177038
15.74 -0.176191
15.75 -0.17526
15.76 -0.174251
15.77 -0.17317
15.78 -0.172024
15.79 -0.170819
15.8 -0.169562
15.81 -0.168249
15.82 -0.166878
15.83 -0.165443
15.84 -0.163941
15.85 -0.16237
15.86 -0.160726
15.87 -0.159007
15.88 -0.15721
15.89 -0.155333
15.9 -0.153375
15.91 -0.151334
15.92 -0.149209
15.93 -0.146998
15.94 -0.144699
15.95 -0.142312
15.96 -0.139835
15.97 -0.137269
15.98 -0.134612
15.99 -0.131865
16 -0.12903
16.01 -0.126107
16.02 -0.123098
16.03 -0.120007
16.04 -0.116838
16.05 -0.113595
16.06 -0.110284
16.07 -0.106911
16.08 -0.103482
16.09 -0.100001
16.1 -0.096476
16.11 -0.092911
16.12 -0.0893118
16.13 -0.0856838
16.14 -0.0820325
16.15 -0.0783635
16.16 -0.0746823
16.17 -0.0709947
16.18 -0.0673063
16.19 -0.0636229
16.2 -0.05995
16.21 -0.0562931
16.22 -0.0526573
16.23 -0.049047
16.24 -0.0454662
16.25 -0.041918
16.26 -0.0384044
16.27 -0.034927
16.28 -0.0314867
16.29 -0.0280841
16.3 -0.0247197
16.31 -0.0213938
16.32 -0.0181064
16.33 -0.0148574
16.34 -0.0116468
16.35 -0.00847416
16.36 -0.00533919
16.37 -0.0022415
16.38 0.000819298
16.39 0.00384373
16.4 0.00683241
16.41 0.00978607
16.42 0.0127053
16.43 0.0155908
16.44 0.0184429
16.45 0.0212621
16.46 0.0240488
16.47 0.0268033
16.48 0.0295262
16.49 0.0322176
16.5 0.034878
16.51 0.0375077
16.52 0.0401067
16.53 0.0426756
16.54 0.0452146
16.55 0.047724
16.56 0.0502042
16.57 0.0526551
16.58 0.0550769
16.59 0.0574693
16.6 0.0598321
16.61 0.0621647
16.62 0.0644663
16.63 0.0667358
16.64 0.0689717
16.65 0.0711722
16.66 0.0733353
16.67 0.0754583
16.68 0.0775384
16.69 0.0795725
16.7 0.081557
16.71 0.0834886
16.72 0.0853642
16.73 0.0871812
16.74 0.0889376
16.75 0.0906318
16.76 0.0922627
16.77 0.0938294
16.78 0.0953313
16.79 0.0967679
16.8 0.0981391
16.81 0.099445
16.82 0.100686
16.83 0.101862
16.84 0.102973
16.85 0.10402
16.86 0.105004
16.87 0.105924
16.88 0.106781
16.89 0.107575
16.9 0.108306
16.91 0.108973
16.92 0.109575
16.93 0.110114
16.94 0.110587
16.95 0.110996
16.96 0.11134
16.97 0.111618
16.98 0.111832
16.99 0.11198
17 0.112065
17.01 0.112085
17.02 0.112041
17.03 0.111934
17.04 0.111766
17.05 0.111538
17.06 0.111253
17.07 0.110915
17.08 0.110527
17.09 0.110095
17.1 0.109621
17.11 0.109113
17.12 0.108575
17.13 0.108013
17.14 0.107432
17.15 0.106841
17.16 0.106243
17.17 0.105646
17.18 0.105056
17.19 0.104478
17.2 0.103919
17.21 0.103384
17.22 0.102879
17.23 0.102407
17.24 0.101974
17.25 0.101578
17.26 0.101219
17.27 0.100896
17.28 0.100608
17.29 0.100354
17.3 0.100133
17.31 0.099944
17.32 0.0997853
17.33 0.0996561
17.34 0.0995551
17.35 0.0994811
17.36 0.0994325
17.37 0.0994073
17.38 0.0994033
17.39 0.0994178
17.4 0.0994478
17.41 0.0994891
17.42 0.0995376
17.43 0.0995884
17.44 0.0996374
17.45 0.0996803
17.46 0.0997137
17.47 0.099735
17.48 0.0997419
17.49 0.0997329
17.5 0.0997067
17.51 0.0996624
17.52 0.099599
17.53 0.0995158
17.54 0.0994123
17.55 0.0992881
17.56 0.0991428
17.57 0.0989751
17.58 0.0987839
17.59 0.0985688
17.6 0.0983298
17.61 0.0980672
17.62 0.097782
17.63 0.0974753
17.64 0.0971488
17.65 0.0968047
17.66 0.096445
17.67 0.0960725
17.68 0.0956897
17.69 0.0952996
17.7 0.094905
17.71 0.0945084
17.72 0.0941122
17.73 0.0937182
17.74 0.093328
17.75 0.092943
17.76 0.092565
17.77 0.0921958
17.78 0.0918378
17.79 0.0914938
17.8 0.0911669
17.81 0.0908605
17.82 0.0905779
17.83 0.0903225
17.84 0.0900975
17.85 0.0899061
17.86 0.0897515
17.87 0.0896364
17.88 0.0895638
17.89 0.0895357
17.9 0.0895541
17.91 0.0896201
17.92 0.0897334
17.93 0.0898934
17.94 0.0900985
17.95 0.0903467
17.96 0.0906351
17.97 0.0909604
17.98 0.0913189
17.99 0.0917062
18 0.0921177
18.01 0.0925487
18.02 0.0929941
18.03 0.0934487
18.04 0.0939075
18.05 0.0943654
18.06 0.0948175
18.07 0.0952591
18.08 0.0956856
18.09 0.0960924
18.1 0.0964753
18.11 0.0968305
18.12 0.0971541
18.13 0.0974431
18.14 0.0976947
18.15 0.0979068
18.16 0.0980778
18.17 0.0982069
18.18 0.0982939
18.19 0.0983391
18.2 0.0983435
18.21 0.0983087
18.22 0.0982368
18.23 0.0981301
18.24 0.0979912
18.25 0.0978229
18.26 0.0976283
18.27 0.0974105
18.28 0.0971732
18.29 0.09692
18.3 0.0966547
18.31 0.0963814
18.32 0.0961044
18.33 0.0958277
18.34 0.0955554
18.35 0.0952915
18.36 0.0950396
18.37 0.094803
18.38 0.0945847
18.39 0.0943876
18.4 0.0942141
18.41 0.0940668
18.42 0.0939477
18.43 0.0938592
18.44 0.0938031
18.45 0.0937813
18.46 0.0937957
18.47 0.0938477
18.48 0.0939386
18.49 0.0940693
18.5 0.0942401
18.51 0.0944509
18.52 0.0947008
18.53 0.0949884
18.54 0.0953117
18.55 0.0956679
18.56 0.0960539
18.57 0.0964659
18.58 0.0968999
18.59 0.0973517
18.6 0.0978167
18.61 0.0982907
18.62 0.098769
18.63 0.0992472
18.64 0.0997225
18.65 0.100195
18.66 0.100665
18.67 0.101132
18.68 0.101598
18.69 0.102061
18.7 0.102519
18.71 0.10297
18.72 0.10341
18.73 0.103836
18.74 0.104243
18.75 0.104626
18.76 0.104982
18.77 0.105306
18.78 0.105594
18.79 0.105842
18.8 0.106047
18.81 0.106203
18.82 0.106307
18.83 0.106355
18.84 0.106343
18.85 0.106266
18.86 0.106122
18.87 0.105908
18.88 0.105621
18.89 0.105262
18.9 0.10483
18.91 0.104326
18.92 0.103754
18.93 0.103118
18.94 0.102423
18.95 0.101674
18.96 0.10088
18.97 0.100048
18.98 0.0991846
18.99 0.0982979
19 0.0973952
19.01 0.0964839
19.02 0.0955677
19.03 0.0946444
19.04 0.0937102
19.05 0.0927619
19.06 0.0917965
19.07 0.0908118
19.08 0.0898055
19.09 0.0887759
19.1 0.0877216
19.11 0.0866412
19.12 0.0855333
19.13 0.0843959
19.14 0.0832273
19.15 0.0820254
19.16 0.0807885
19.17 0.0795152
19.18 0.0782049
19.19 0.0768577
19.2 0.0754745
19.21 0.0740569
19.22 0.0726074
19.23 0.0711286
19.24 0.0696237
19.25 0.0680953
19.26 0.066546
19.27 0.0649771
19.28 0.0633898
19.29 0.0617846
19.3 0.0601622
19.31 0.0585239
19.32 0.0568708
19.33 0.0552046
19.34 0.0535275
19.35 0.0518421
19.36 0.0501512
19.37 0.0484581
19.38 0.0467663
19.39 0.0450789
19.4 0.0433991
19.41 0.0417298
19.42 0.0400744
19.43 0.0384358
19.44 0.0368171
19.45 0.0352213
19.46 0.0336513
19.47 0.0321101
19.48 0.0306005
19.49 0.0291253
19.5 0.0276871
19.51 0.0262882
19.52 0.0249308
19.53 0.0236169
19.54 0.0223482
19.55 0.021126
19.56 0.0199509
19.57 0.0188233
19.58 0.0177432
19.59 0.0167105
19.6 0.0157252
19.61 0.0147868
19.62 0.0138949
19.63 0.013049
19.64 0.0122485
19.65 0.0114928
19.66 0.0107814
19.67 0.0101134
19.68 0.0094881
19.69 0.00890457
19.7 0.00836177
19.71 0.00785852
19.72 0.00739363
19.73 0.00696583
19.74 0.00657391
19.75 0.00621682
19.76 0.00589376
19.77 0.00560422
19.78 0.00534783
19.79 0.00512429
19.8 0.00493335
19.81 0.00477471
19.82 0.00464804
19.83 0.00455288
19.84 0.00448865
19.85 0.00445462
19.86 0.00444985
19.87 0.00447327
19.88 0.00452351
19.89 0.00459882
19.9 0.00469727
19.91 0.00481689
19.92 0.00495565
19.93 0.00511158
19.94 0.00528262
19.95 0.00546652
19.96 0.00566084
19.97 0.00586286
19.98 0.00606962
19.99 0.00627793
20 0.00648439
20.01 0.00668559
20.02 0.00687815
20.03 0.00705895
20.04 0.00722542
20.05 0.00737567
20.06 0.00750847
20.07 0.00762328
20.08 0.00772022
20.09 0.00780009
20.1 0.0078643
20.11 0.00791481
20.12 0.00795379
20.13 0.00798347
20.14 0.0080061
20.15 0.00802393
20.16 0.00803924
20.17 0.00805419
20.18 0.0080707
20.19 0.00809043
20.2 0.00811472
20.21 0.00814453
20.22 0.00818053
20.23 0.00822328
20.24 0.00827334
20.25 0.00833116
20.26 0.00839698
20.27 0.00847082
20.28 0.00855241
20.29 0.00864119
20.3 0.00873633
20.31 0.00883671
20.32 0.00894103
20.33 0.00904781
20.34 0.00915545
20.35 0.00926242
20.36 0.00936725
20.37 0.00946874
20.38 0.00956607
20.39 0.00965884
20.4 0.00974712
20.41 0.00983138
20.42 0.00991247
20.43 0.00999148
20.44 0.0100697
20.45 0.0101483
20.46 0.0102286
20.47 0.0103117
20.48 0.0103987
20.49 0.0104907
20.5 0.0105889
20.51 0.0106943
20.52 0.0108081
20.53 0.0109311
20.54 0.0110643
20.55 0.0112085
20.56 0.0113641
20.57 0.0115315
20.58 0.0117106
20.59 0.0119007
20.6 0.0121005
20.61 0.0123082
20.62 0.0125213
20.63 0.0127374
20.64 0.0129537
20.65 0.0131678
20.66 0.0133769
20.67 0.0135785
20.68 0.0137702
20.69 0.01395
20.7 0.014116
20.71 0.0142671
20.72 0.0144034
20.73 0.0145255
20.74 0.0146336
20.75 0.0147282
20.76 0.0148094
20.77 0.0148778
20.78 0.0149339
20.79 0.0149783
20.8 0.0150122
20.81 0.0150369
20.82 0.0150542
20.83 0.0150664
20.84 0.0150758
20.85 0.0150848
20.86 0.0150955
20.87 0.0151096
20.88 0.0151288
20.89 0.0151542
20.9 0.0151865
20.91 0.0152264
20.92 0.0152744
20.93 0.0153309
20.94 0.0153963
20.95 0.015471
20.96 0.0155551
20.97 0.0156486
20.98 0.015751
20.99 0.0158616
21 0.0159794
21.01 0.0161029
21.02 0.01623
21.03 0.0163586
21.04 0.0164861
21.05 0.01661
21.06 0.0167279
21.07 0.0168374
21.08 0.0169361
21.09 0.0170218
21.1 0.0170922
21.11 0.0171451
21.12 0.0171787
21.13 0.0171917
21.14 0.017183
21.15 0.0171519
21.16 0.0170979
21.17 0.0170211
21.18 0.0169217
21.19 0.0168
21.2 0.0166568
21.21 0.0164929
21.22 0.0163096
21.23 0.0161081
21.24 0.01589
21.25 0.0156571
21.26 0.0154115
21.27 0.0151557
21.28 0.0148924
21.29 0.0146246
21.3 0.0143554
21.31 0.0140882
21.32 0.0138262
21.33 0.0135722
21.34 0.0133289
21.35 0.0130987
21.36 0.0128836
21.37 0.0126851
21.38 0.0125042
21.39 0.0123418
21.4 0.0121978
21.41 0.0120722
21.42 0.0119643
21.43 0.0118733
21.44 0.0117981
21.45 0.0117376
21.46 0.0116907
21.47 0.0116564
21.48 0.0116336
21.49 0.011621
21.5 0.0116174
21.51 0.0116214
21.52 0.0116316
21.53 0.0116465
21.54 0.0116647
21.55 0.0116848
21.56 0.0117053
21.57 0.0117247
21.58 0.0117414
21.59 0.0117535
21.6 0.0117593
21.61 0.0117568
21.62 0.0117444
21.63 0.0117207
21.64 0.0116845
21.65 0.0116355
21.66 0.0115736
21.67 0.011499
21.68 0.0114126
21.69 0.0113152
21.7 0.0112079
21.71 0.0110919
21.72 0.0109683
21.73 0.0108385
21.74 0.0107039
21.75 0.0105664
21.76 0.0104279
21.77 0.0102907
21.78 0.0101571
21.79 0.0100296
21.8 0.00991058
21.81 0.00980223
21.82 0.00970634
21.83 0.0096243
21.84 0.00955698
21.85 0.00950485
21.86 0.00946796
21.87 0.00944599
21.88 0.00943826
21.89 0.00944379
21.9 0.0094614
21.91 0.00948987
21.92 0.00952796
21.93 0.00957451
21.94 0.00962846
21.95 0.00968887
21.96 0.00975474
21.97 0.00982485
21.98 0.00989772
21.99 0.00997152
22 0.010044
22.01 0.0101127
22.02 0.0101746
22.03 0.010227
22.04 0.0102672
22.05 0.0102931
22.06 0.0103032
22.07 0.0102971
22.08 0.0102751
22.09 0.0102379
22.1 0.0101865
22.11 0.0101226
22.12 0.0100477
22.13 0.00996382
22.14 0.00987281
22.15 0.00977658
22.16 0.00967688
22.17 0.00957532
22.18 0.00947336
22.19 0.00937238
22.2 0.00927372
22.21 0.00917879
22.22 0.0090891
22.23 0.00900632
22.24 0.00893218
22.25 0.00886841
22.26 0.00881667
22.27 0.00877848
22.28 0.00875515
22.29 0.00874765
22.3 0.00875652
22.31 0.00878176
22.32 0.0088228
22.33 0.00887863
22.34 0.00894784
22.35 0.00902877
22.36 0.00911952
22.37 0.00921815
22.38 0.00932272
22.39 0.00943137
22.4 0.00954235
22.41 0.0096541
22.42 0.00976524
22.43 0.0098746
22.44 0.00998114
22.45 0.010084
22.46 0.0101825
22.47 0.0102763
22.48 0.0103655
22.49 0.0104504
22.5 0.0105314
22.51 0.0106095
22.52 0.0106858
22.53 0.0107616
22.54 0.0108385
22.55 0.010918
22.56 0.0110015
22.57 0.0110905
22.58 0.0111867
22.59 0.0112914
22.6 0.0114059
22.61 0.0115315
22.62 0.0116693
22.63 0.0118201
22.64 0.0119844
22.65 0.0121622
22.66 0.0123534
22.67 0.0125571
22.68 0.0127723
22.69 0.0129972
22.7 0.0132303
22.71 0.01347
22.72 0.0137147
22.73 0.0139628
22.74 0.0142129
22.75 0.0144635
22.76 0.0147131
22.77 0.0149603
22.78 0.0152033
22.79 0.0154405
22.8 0.0156702
22.81 0.0158909
22.82 0.016101
22.83 0.0162993
22.84 0.0164844
22.85 0.0166551
22.86 0.0168104
22.87 0.0169492
22.88 0.0170707
22.89 0.017174
22.9 0.0172584
22.91 0.0173235
22.92 0.0173694
22.93 0.017396
22.94 0.0174029
22.95 0.0173895
22.96 0.0173551
22.97 0.0172993
22.98 0.0172217
22.99 0.0171225
23 0.0170025
23.01 0.016863
23.02 0.0167059
23.03 0.0165338
23.04 0.0163492
23.05 0.0161553
23.06 0.015955
23.07 0.0157514
23.08 0.0155474
23.09 0.0153452
23.1 0.0151471
23.11 0.0149549
23.12 0.0147705
23.13 0.0145954
23.14 0.0144314
23.15 0.01428
23.16 0.0141425
23.17 0.0140201
23.18 0.0139139
23.19 0.013825
23.2 0.0137543
23.21 0.0137024
23.22 0.01367
23.23 0.0136572
23.24 0.0136641
23.25 0.0136905
23.26 0.013736
23.27 0.0137999
23.28 0.0138814
23.29 0.0139798
23.3 0.0140942
23.31 0.0142235
23.32 0.0143669
23.33 0.0145229
23.34 0.0146903
23.35 0.0148674
23.36 0.0150524
23.37 0.0152434
23.38 0.0154382
23.39 0.0156343
23.4 0.0158292
23.41 0.01602
23.42 0.0162037
23.43 0.0163772
23.44 0.0165374
23.45 0.0166811
23.46 0.0168053
23.47 0.0169074
23.48 0.0169851
23.49 0.0170368
23.5 0.0170614
23.51 0.0170582
23.52 0.017027
23.53 0.0169679
23.54 0.0168814
23.55 0.0167682
23.56 0.0166296
23.57 0.0164669
23.58 0.016282
23.59 0.0160771
23.6 0.0158545
23.61 0.0156169
23.62 0.015367
23.63 0.0151079
23.64 0.0148427
23.65 0.0145748
23.66 0.0143075
23.67 0.0140441
23.68 0.0137876
23.69 0.0135409
23.7 0.0133065
23.71 0.0130866
23.72 0.0128832
23.73 0.0126977
23.74 0.0125311
23.75 0.0123843
23.76 0.0122573
23.77 0.0121496
23.78 0.0120604
23.79 0.0119879
23.8 0.0119303
23.81 0.0118853
23.82 0.0118507
23.83 0.011824
23.84 0.011803
23.85 0.0117853
23.86 0.0117686
23.87 0.0117506
23.88 0.0117293
23.89 0.0117024
23.9 0.0116679
23.91 0.0116235
23.92 0.011567
23.93 0.0114962
23.94 0.0114092
23.95 0.0113044
23.96 0.0111804
23.97 0.0110365
23.98 0.0108726
23.99 0.010689
24 0.0104873
24.01 0.0102691
24.02 0.0100371
24.03 0.00979396
24.04 0.00954334
24.05 0.00928933
24.06 0.00903669
24.07 0.00879069
24.08 0.00855677
24.09 0.00834025
24.1 0.00814617
24.11 0.00797909
24.12 0.00784295
24.13 0.00774091
24.14 0.00767492
24.15 0.00764566
24.16 0.00765303
24.17 0.00769652
24.18 0.00777508
24.19 0.00788723
24.2 0.00803109
24.21 0.00820435
24.22 0.00840428
24.23 0.00862779
24.24 0.00887146
24.25 0.00913161
24.26 0.00940436
24.27 0.00968555
24.28 0.00997082
24.29 0.0102556
24.3 0.0105352
24.31 0.0108046
24.32 0.0110592
24.33 0.0112945
24.34 0.011507
24.35 0.0116938
24.36 0.0118529
24.37 0.011983
24.38 0.0120834
24.39 0.0121539
24.4 0.0121947
24.41 0.0122064
24.42 0.01219
24.43 0.0121465
24.44 0.012077
24.45 0.0119827
24.46 0.0118653
24.47 0.0117264
24.48 0.0115682
24.49 0.011393
24.5 0.0112034
24.51 0.011002
24.52 0.0107918
24.53 0.0105755
24.54 0.0103559
24.55 0.0101357
24.56 0.00991745
24.57 0.00970344
24.58 0.00949578
24.59 0.0092963
24.6 0.00910668
24.61 0.0089285
24.62 0.00876321
24.63 0.00861208
24.64 0.00847622
24.65 0.00835673
24.66 0.00825481
24.67 0.00817164
24.68 0.00810838
24.69 0.00806622
24.7 0.00804629
24.71 0.00804963
24.72 0.0080771
24.73 0.0081293
24.74 0.00820657
24.75 0.00830906
24.76 0.00843674
24.77 0.00858935
24.78 0.00876629
24.79 0.0089665
24.8 0.00918856
24.81 0.00943069
24.82 0.00969074
24.83 0.00996615
24.84 0.010254
24.85 0.0105514
24.86 0.0108548
24.87 0.011161
24.88 0.0114664
24.89 0.0117675
24.9 0.0120603
24.91 0.012341
24.92 0.0126057
24.93 0.0128506
24.94 0.0130719
24.95 0.0132663
24.96 0.0134307
24.97 0.0135622
24.98 0.0136584
24.99 0.0137174
25 0.013738
