0.01 3.16326e-09
0.02 1.52059e-08
0.03 3.74267e-08
0.04 6.7312e-08
0.05 1.02356e-07
0.06 1.40096e-07
0.07 1.78153e-07
0.08 2.14237e-07
0.09 2.46145e-07
0.1 2.71783e-07
0.11 2.89191e-07
0.12 2.9656e-07
0.13 2.92209e-07
0.14 2.74535e-07
0.15 2.42008e-07
0.16 1.93245e-07
0.17 1.27059e-07
0.18 4.24794e-08
0.19 -6.12306e-08
0.2 -1.84562e-07
0.21 -3.2775e-07
0.22 -4.9077e-07
0.23 -6.73344e-07
0.24 -8.7497e-07
0.25 -1.09495e-06
0.26 -1.33248e-06
0.27 -1.58667e-06
0.28 -1.85643e-06
0.29 -2.14022e-06
0.3 -2.43599e-06
0.31 -2.7411e-06
0.32 -3.05234e-06
0.33 -3.36576e-06
0.34 -3.67658e-06
0.35 -3.97951e-06
0.36 -4.26903e-06
0.37 -4.53954e-06
0.38 -4.78598e-06
0.39 -5.00465e-06
0.4 -5.1938e-06
0.41 -5.35396e-06
0.42 -5.48748e-06
0.43 -5.5979e-06
0.44 -5.68997e-06
0.45 -5.76952e-06
0.46 -5.84289e-06
0.47 -5.91648e-06
0.48 -5.99611e-06
0.49 -6.0868e-06
0.5 -6.19255e-06
0.51 -6.31662e-06
0.52 -6.46175e-06
0.53 -6.62973e-06
0.54 -6.82161e-06
0.55 -7.03815e-06
0.56 -7.27933e-06
0.57 -7.54451e-06
0.58 -7.83292e-06
0.59 -8.14357e-06
0.6 -8.47524e-06
0.61 -8.82638e-06
0.62 -9.19523e-06
0.63 -9.57975e-06
0.64 -9.97783e-06
0.65 -1.03873e-05
0.66 -1.08062e-05
0.67 -1.12326e-05
0.68 -1.16651e-05
0.69 -1.21023e-05
0.7 -1.25431e-05
0.71 -1.29859e-05
0.72 -1.34286e-05
0.73 -1.38676e-05
0.74 -1.42974e-05
0.75 -1.471e-05
0.76 -1.50945e-05
0.77 -1.5438e-05
0.78 -1.57262e-05
0.79 -1.59462e-05
0.8 -1.60882e-05
0.81 -1.61456e-05
0.82 -1.61151e-05
0.83 -1.59958e-05
0.84 -1.57893e-05
0.85 -1.55013e-05
0.86 -1.51409e-05
0.87 -1.47162e-05
0.88 -1.42312e-05
0.89 -1.36847e-05
0.9 -1.30724e-05
0.91 -1.23891e-05
0.92 -1.16297e-05
0.93 -1.07914e-05
0.94 -9.876e-06
0.95 -8.89174e-06
0.96 -7.85336e-06
0.97 -6.78131e-06
0.98 -5.69681e-06
0.99 -4.61642e-06
1 -3.55015e-06
1.01 -2.50208e-06
1.02 -1.47021e-06
1.03 -4.47606e-07
1.04 5.7515e-07
1.05 1.60762e-06
1.06 2.65619e-06
1.07 3.7224e-06
1.08 4.80441e-06
1.09 5.89978e-06
1.1 7.00631e-06
1.11 8.1207e-06
1.12 9.23972e-06
1.13 1.03621e-05
1.14 1.14877e-05
1.15 1.26166e-05
1.16 1.37468e-05
1.17 1.4872e-05
1.18 1.59793e-05
1.19 1.70511e-05
1.2 1.80686e-05
1.21 1.90105e-05
1.22 1.98515e-05
1.23 2.0566e-05
1.24 2.1133e-05
1.25 2.15446e-05
1.26 2.18104e-05
1.27 2.19523e-05
1.28 2.19952e-05
1.29 2.19636e-05
1.3 2.1881e-05
1.31 2.17649e-05
1.32 2.16236e-05
1.33 2.14597e-05
1.34 2.12748e-05
1.35 2.10732e-05
1.36 2.0862e-05
1.37 2.06511e-05
1.38 2.04525e-05
1.39 2.02788e-05
1.4 2.01412e-05
1.41 2.00464e-05
1.42 1.99924e-05
1.43 1.99648e-05
1.44 1.99331e-05
1.45 1.98484e-05
1.46 1.96462e-05
1.47 1.92527e-05
1.48 1.85925e-05
1.49 1.75904e-05
1.5 1.61749e-05
1.51 1.42839e-05
1.52 1.18668e-05
1.53 8.89207e-06
1.54 5.35539e-06
1.55 1.28696e-06
1.56 -3.2464e-06
1.57 -8.1513e-06
1.58 -1.33171e-05
1.59 -1.86236e-05
1.6 -2.39538e-05
1.61 -2.9202e-05
1.62 -3.42713e-05
1.63 -3.90753e-05
1.64 -4.35383e-05
1.65 -4.75953e-05
1.66 -5.11951e-05
1.67 -5.43018e-05
1.68 -5.68934e-05
1.69 -5.89557e-05
1.7 -6.0479e-05
1.71 -6.1458e-05
1.72 -6.18913e-05
1.73 -6.17788e-05
1.74 -6.11186e-05
1.75 -5.99029e-05
1.76 -5.8123e-05
1.77 -5.57759e-05
1.78 -5.28604e-05
1.79 -4.93716e-05
1.8 -4.53033e-05
1.81 -4.06528e-05
1.82 -3.5421e-05
1.83 -2.96143e-05
1.84 -2.32546e-05
1.85 -1.63844e-05
1.86 -9.06189e-06
1.87 -1.35106e-06
1.88 6.68532e-06
1.89 1.49865e-05
1.9 2.34947e-05
1.91 3.21551e-05
1.92 4.09166e-05
1.93 4.97303e-05
1.94 5.85359e-05
1.95 6.72471e-05
1.96 7.57511e-05
1.97 8.39147e-05
1.98 9.159e-05
1.99 9.86271e-05
2 0.000104895
2.01 0.000110302
2.02 0.000114795
2.03 0.000118362
2.04 0.000121025
2.05 0.00012283
2.06 0.000123836
2.07 0.00012411
2.08 0.000123702
2.09 0.000122639
2.1 0.000120923
2.11 0.000118532
2.12 0.000115417
2.13 0.0001115
2.14 0.000106687
2.15 0.000100876
2.16 9.3965e-05
2.17 8.58599e-05
2.18 7.6473e-05
2.19 6.57192e-05
2.2 5.35092e-05
2.21 3.97555e-05
2.22 2.43842e-05
2.23 7.3419e-06
2.24 -1.1399e-05
2.25 -3.18452e-05
2.26 -5.39777e-05
2.27 -7.77261e-05
2.28 -0.000102964
2.29 -0.00012952
2.3 -0.000157189
2.31 -0.000185725
2.32 -0.000214847
2.33 -0.000244218
2.34 -0.000273453
2.35 -0.00030212
2.36 -0.000329756
2.37 -0.000355882
2.38 -0.000380012
2.39 -0.000401662
2.4 -0.000420363
2.41 -0.000435716
2.42 -0.000447401
2.43 -0.000455173
2.44 -0.000458837
2.45 -0.000458247
2.46 -0.000453309
2.47 -0.000443988
2.48 -0.000430316
2.49 -0.000412372
2.5 -0.000390267
2.51 -0.000364126
2.52 -0.000334088
2.53 -0.000300319
2.54 -0.000263013
2.55 -0.000222385
2.56 -0.000178677
2.57 -0.00013218
2.58 -8.32566e-05
2.59 -3.23363e-05
2.6 2.00881e-05
2.61 7.34844e-05
2.62 0.000127305
2.63 0.000181012
2.64 0.000234088
2.65 0.000286048
2.66 0.000336438
2.67 0.000384835
2.68 0.000430842
2.69 0.000474074
2.7 0.000514158
2.71 0.000550747
2.72 0.000583521
2.73 0.000612195
2.74 0.000636537
2.75 0.000656373
2.76 0.000671576
2.77 0.00068206
2.78 0.000687807
2.79 0.000688874
2.8 0.000685392
2.81 0.000677558
2.82 0.000665599
2.83 0.000649742
2.84 0.000630206
2.85 0.000607198
2.86 0.00058092
2.87 0.000551556
2.88 0.000519255
2.89 0.000484146
2.9 0.00044635
2.91 0.000405996
2.92 0.000363214
2.93 0.000318143
2.94 0.000270942
2.95 0.000221795
2.96 0.000170915
2.97 0.000118576
2.98 6.51139e-05
2.99 1.09195e-05
3 -4.35824e-05
3.01 -9.79451e-05
3.02 -0.000151726
3.03 -0.000204506
3.04 -0.000255902
3.05 -0.000305575
3.06 -0.000353241
3.07 -0.000398679
3.08 -0.000441724
3.09 -0.000482255
3.1 -0.000520164
3.11 -0.000555325
3.12 -0.000587584
3.13 -0.000616738
3.14 -0.000642555
3.15 -0.000664804
3.16 -0.000683264
3.17 -0.000697725
3.18 -0.000707992
3.19 -0.000713906
3.2 -0.00071536
3.21 -0.000712295
3.22 -0.000704659
3.23 -0.000692396
3.24 -0.00067545
3.25 -0.000653769
3.26 -0.000627321
3.27 -0.000596073
3.28 -0.000559982
3.29 -0.000519024
3.3 -0.000473227
3.31 -0.000422655
3.32 -0.000367402
3.33 -0.000307642
3.34 -0.000243669
3.35 -0.000175924
3.36 -0.000104999
3.37 -3.16282e-05
3.38 4.33375e-05
3.39 0.000118941
3.4 0.000194135
3.41 0.000267817
3.42 0.000338859
3.43 0.000406163
3.44 0.000468686
3.45 0.000525449
3.46 0.000575563
3.47 0.000618271
3.48 0.000653005
3.49 0.000679401
3.5 0.000697303
3.51 0.000706738
3.52 0.000707916
3.53 0.000701201
3.54 0.00068708
3.55 0.000666105
3.56 0.000638831
3.57 0.000605799
3.58 0.000567582
3.59 0.000524785
3.6 0.000478004
3.61 0.0004278
3.62 0.000374704
3.63 0.000319215
3.64 0.000261789
3.65 0.00020284
3.66 0.000142737
3.67 8.17828e-05
3.68 2.02187e-05
3.69 -4.17587e-05
3.7 -0.000103948
3.71 -0.000166128
3.72 -0.000228078
3.73 -0.00028956
3.74 -0.000350286
3.75 -0.000409944
3.76 -0.0004682
3.77 -0.000524701
3.78 -0.000579069
3.79 -0.000630917
3.8 -0.00067984
3.81 -0.0007254
3.82 -0.000767133
3.83 -0.000804587
3.84 -0.00083732
3.85 -0.000864916
3.86 -0.000887033
3.87 -0.000903452
3.88 -0.000914105
3.89 -0.000919082
3.9 -0.000918632
3.91 -0.000913163
3.92 -0.000903227
3.93 -0.000889494
3.94 -0.000872687
3.95 -0.000853561
3.96 -0.000832868
3.97 -0.000811316
3.98 -0.000789499
3.99 -0.000767865
4 -0.000746705
4.01 -0.000726165
4.02 -0.00070625
4.03 -0.000686842
4.04 -0.000667704
4.05 -0.000648478
4.06 -0.000628702
4.07 -0.000607794
4.08 -0.000585044
4.09 -0.000559639
4.1 -0.000530705
4.11 -0.000497375
4.12 -0.000458893
4.13 -0.000414705
4.14 -0.000364498
4.15 -0.000308257
4.16 -0.000246321
4.17 -0.000179394
4.18 -0.000108483
4.19 -3.48317e-05
4.2 4.01089e-05
4.21 0.000114758
4.22 0.000187499
4.23 0.000256785
4.24 0.000321229
4.25 0.000379591
4.26 0.000430748
4.27 0.000473734
4.28 0.000507771
4.29 0.000532297
4.3 0.000546981
4.31 0.000551717
4.32 0.00054659
4.33 0.00053187
4.34 0.000508024
4.35 0.000475738
4.36 0.000435902
4.37 0.000389585
4.38 0.000337993
4.39 0.000282424
4.4 0.000224241
4.41 0.000164867
4.42 0.000105751
4.43 4.83292e-05
4.44 -6.01964e-06
4.45 -5.6015e-05
4.46 -0.000100563
4.47 -0.000138815
4.48 -0.000170171
4.49 -0.00019423
4.5 -0.000210714
4.51 -0.000219444
4.52 -0.000220385
4.53 -0.000213681
4.54 -0.000199644
4.55 -0.000178734
4.56 -0.000151543
4.57 -0.000118777
4.58 -8.12565e-05
4.59 -3.98826e-05
4.6 4.37847e-06
4.61 5.05429e-05
4.62 9.76686e-05
4.63 0.000144868
4.64 0.000191312
4.65 0.000236256
4.66 0.000279061
4.67 0.000319244
4.68 0.000356504
4.69 0.000390691
4.7 0.000421752
4.71 0.000449664
4.72 0.000474406
4.73 0.000495976
4.74 0.000514367
4.75 0.000529513
4.76 0.000541278
4.77 0.00054951
4.78 0.000554047
4.79 0.000554752
4.8 0.00055151
4.81 0.000544175
4.82 0.000532583
4.83 0.000516612
4.84 0.000496178
4.85 0.000471178
4.86 0.000441514
4.87 0.000407165
4.88 0.000368207
4.89 0.000324772
4.9 0.000277039
4.91 0.000225276
4.92 0.000169838
4.93 0.000111153
4.94 4.96907e-05
4.95 -1.40488e-05
4.96 -7.95245e-05
4.97 -0.00014614
4.98 -0.000213237
4.99 -0.0002801
5 -0.000345975
5.01 -0.000410119
5.02 -0.000471866
5.03 -0.000530685
5.04 -0.000586189
5.05 -0.000638143
5.06 -0.000686471
5.07 -0.000731277
5.08 -0.000772796
5.09 -0.000811339
5.1 -0.000847295
5.11 -0.000881118
5.12 -0.000913248
5.13 -0.000944072
5.14 -0.000973903
5.15 -0.00100293
5.16 -0.00103115
5.17 -0.00105835
5.18 -0.00108414
5.19 -0.00110799
5.2 -0.00112925
5.21 -0.00114717
5.22 -0.00116093
5.23 -0.00116977
5.24 -0.00117298
5.25 -0.00116991
5.26 -0.00115995
5.27 -0.00114245
5.28 -0.0011168
5.29 -0.00108245
5.3 -0.00103896
5.31 -0.000986006
5.32 -0.000923408
5.33 -0.000851229
5.34 -0.000769818
5.35 -0.000679796
5.36 -0.000582072
5.37 -0.000477886
5.38 -0.000368773
5.39 -0.000256433
5.4 -0.000142634
5.41 -2.91549e-05
5.42 8.22651e-05
5.43 0.000190007
5.44 0.000292637
5.45 0.000388943
5.46 0.00047793
5.47 0.000558786
5.48 0.000630832
5.49 0.000693513
5.5 0.000746435
5.51 0.000789385
5.52 0.000822292
5.53 0.000845172
5.54 0.000858136
5.55 0.000861415
5.56 0.00085535
5.57 0.000840316
5.58 0.000816665
5.59 0.000784745
5.6 0.000744942
5.61 0.000697724
5.62 0.000643649
5.63 0.000583343
5.64 0.000517516
5.65 0.000446928
5.66 0.00037236
5.67 0.000294647
5.68 0.000214693
5.69 0.000133484
5.7 5.20834e-05
5.71 -2.83718e-05
5.72 -0.00010667
5.73 -0.000181575
5.74 -0.000251879
5.75 -0.000316389
5.76 -0.000373979
5.77 -0.000423651
5.78 -0.000464582
5.79 -0.000496171
5.8 -0.000518079
5.81 -0.00053024
5.82 -0.000532888
5.83 -0.000526576
5.84 -0.00051214
5.85 -0.000490635
5.86 -0.000463277
5.87 -0.000431403
5.88 -0.000396424
5.89 -0.000359772
5.9 -0.000322855
5.91 -0.000286981
5.92 -0.000253312
5.93 -0.000222856
5.94 -0.00019645
5.95 -0.000174717
5.96 -0.000158003
5.97 -0.000146307
5.98 -0.000139304
5.99 -0.000136399
6 -0.000136754
6.01 -0.000139351
6.02 -0.000143091
6.03 -0.000146846
6.04 -0.000149466
6.05 -0.000149811
6.06 -0.000146821
6.07 -0.000139599
6.08 -0.000127472
6.09 -0.000109991
6.1 -8.68851e-05
6.11 -5.80471e-05
6.12 -2.35546e-05
6.13 1.63408e-05
6.14 6.12764e-05
6.15 0.000110855
6.16 0.00016469
6.17 0.00022248
6.18 0.000284092
6.19 0.000349565
6.2 0.000419022
6.21 0.000492617
6.22 0.00057054
6.23 0.000653017
6.24 0.000740233
6.25 0.000832296
6.26 0.000929265
6.27 0.00103115
6.28 0.0011379
6.29 0.00124948
6.3 0.00136582
6.31 0.00148689
6.32 0.00161266
6.33 0.00174314
6.34 0.00187833
6.35 0.00201823
6.36 0.00216273
6.37 0.00231153
6.38 0.00246397
6.39 0.00261908
6.4 0.00277564
6.41 0.00293225
6.42 0.00308745
6.43 0.00323985
6.44 0.00338817
6.45 0.00353136
6.46 0.0036687
6.47 0.00379971
6.48 0.00392403
6.49 0.00404131
6.5 0.00415106
6.51 0.00425249
6.52 0.00434447
6.53 0.00442557
6.54 0.00449404
6.55 0.00454776
6.56 0.00458434
6.57 0.00460124
6.58 0.00459588
6.59 0.00456586
6.6 0.00450915
6.61 0.00442421
6.62 0.00431009
6.63 0.00416644
6.64 0.00399345
6.65 0.0037918
6.66 0.00356241
6.67 0.00330643
6.68 0.00302515
6.69 0.00272006
6.7 0.00239278
6.71 0.00204512
6.72 0.00167905
6.73 0.0012967
6.74 0.000900363
6.75 0.000492534
6.76 7.59455e-05
6.77 -0.000346475
6.78 -0.000771623
6.79 -0.00119624
6.8 -0.00161695
6.81 -0.00203038
6.82 -0.00243325
6.83 -0.00282246
6.84 -0.00319515
6.85 -0.00354872
6.86 -0.0038809
6.87 -0.00418975
6.88 -0.00447365
6.89 -0.00473123
6.9 -0.00496125
6.91 -0.00516255
6.92 -0.00533397
6.93 -0.00547429
6.94 -0.00558225
6.95 -0.00565656
6.96 -0.00569599
6.97 -0.00569955
6.98 -0.00566665
6.99 -0.00559724
7 -0.00549188
7.01 -0.00535175
7.02 -0.00517865
7.03 -0.00497478
7.04 -0.0047426
7.05 -0.00448464
7.06 -0.00420335
7.07 -0.00390097
7.08 -0.0035795
7.09 -0.00324074
7.1 -0.00288631
7.11 -0.00251778
7.12 -0.00213672
7.13 -0.00174499
7.14 -0.00134486
7.15 -0.000939077
7.16 -0.000530842
7.17 -0.000123699
7.18 0.000278577
7.19 0.00067212
7.2 0.00105311
7.21 0.00141791
7.22 0.00176324
7.23 0.00208627
7.24 0.00238472
7.25 0.00265681
7.26 0.00290127
7.27 0.00311719
7.28 0.00330384
7.29 0.00346062
7.3 0.00358693
7.31 0.00368212
7.32 0.00374546
7.33 0.00377623
7.34 0.00377383
7.35 0.00373791
7.36 0.00366854
7.37 0.00356629
7.38 0.00343232
7.39 0.00326839
7.4 0.00307684
7.41 0.0028604
7.42 0.00262214
7.43 0.00236524
7.44 0.00209277
7.45 0.00180761
7.46 0.00151239
7.47 0.00120943
7.48 0.000900721
7.49 0.000587914
7.5 0.000272314
7.51 -4.50744e-05
7.52 -0.000363462
7.53 -0.000682147
7.54 -0.00100041
7.55 -0.00131743
7.56 -0.00163237
7.57 -0.00194438
7.58 -0.00225268
7.59 -0.0025565
7.6 -0.00285513
7.61 -0.00314787
7.62 -0.00343388
7.63 -0.00371197
7.64 -0.00398058
7.65 -0.00423779
7.66 -0.00448131
7.67 -0.00470842
7.68 -0.00491592
7.69 -0.00510026
7.7 -0.00525756
7.71 -0.00538383
7.72 -0.00547533
7.73 -0.00552885
7.74 -0.00554193
7.75 -0.00551295
7.76 -0.00544113
7.77 -0.00532641
7.78 -0.00516938
7.79 -0.00497125
7.8 -0.00473387
7.81 -0.00445964
7.82 -0.00415144
7.83 -0.0038126
7.84 -0.00344691
7.85 -0.00305847
7.86 -0.00265163
7.87 -0.00223091
7.88 -0.0018009
7.89 -0.00136614
7.9 -0.000930979
7.91 -0.000499541
7.92 -7.56563e-05
7.93 0.000337214
7.94 0.000736003
7.95 0.00111803
7.96 0.00148097
7.97 0.00182288
7.98 0.00214216
7.99 0.00243754
8 0.002708
8.01 0.00295261
8.02 0.00317056
8.03 0.00336113
8.04 0.00352361
8.05 0.00365723
8.06 0.00376119
8.07 0.00383466
8.08 0.00387689
8.09 0.00388733
8.1 0.00386573
8.11 0.00381229
8.12 0.00372783
8.13 0.00361375
8.14 0.00347202
8.15 0.00330514
8.16 0.00311602
8.17 0.00290798
8.18 0.00268453
8.19 0.00244935
8.2 0.0022061
8.21 0.00195838
8.22 0.00170962
8.23 0.00146304
8.24 0.00122168
8.25 0.000988351
8.26 0.000765539
8.27 0.000555401
8.28 0.000359749
8.29 0.00017998
8.3 1.70149e-05
8.31 -0.000128801
8.32 -0.0002578
8.33 -0.000371003
8.34 -0.000470047
8.35 -0.000557047
8.36 -0.000634425
8.37 -0.000704653
8.38 -0.00077002
8.39 -0.000832437
8.4 -0.000893262
8.41 -0.000953265
8.42 -0.00101271
8.43 -0.00107142
8.44 -0.00112883
8.45 -0.00118397
8.46 -0.00123549
8.47 -0.00128171
8.48 -0.00132067
8.49 -0.0013503
8.5 -0.00136849
8.51 -0.00137326
8.52 -0.00136281
8.53 -0.00133581
8.54 -0.00129145
8.55 -0.00122951
8.56 -0.00115034
8.57 -0.00105468
8.58 -0.000943583
8.59 -0.00081838
8.6 -0.000680541
8.61 -0.000531612
8.62 -0.000373088
8.63 -0.000206299
8.64 -3.23501e-05
8.65 0.000147911
8.66 0.000333901
8.67 0.000525251
8.68 0.00072172
8.69 0.000923102
8.7 0.00112914
8.71 0.00133952
8.72 0.00155383
8.73 0.00177142
8.74 0.0019914
8.75 0.00221266
8.76 0.00243379
8.77 0.00265305
8.78 0.00286835
8.79 0.00307736
8.8 0.00327751
8.81 0.00346604
8.82 0.00364007
8.83 0.00379675
8.84 0.00393347
8.85 0.00404793
8.86 0.00413821
8.87 0.00420273
8.88 0.00424029
8.89 0.0042501
8.9 0.00423191
8.91 0.00418593
8.92 0.00411283
8.93 0.00401362
8.94 0.00388957
8.95 0.00374211
8.96 0.00357276
8.97 0.00338312
8.98 0.00317486
8.99 0.00294966
9 0.00270908
9.01 0.00245454
9.02 0.00218725
9.03 0.00190826
9.04 0.00161844
9.05 0.00131865
9.06 0.00100987
9.07 0.000693285
9.08 0.000370285
9.09 4.24643e-05
9.1 -0.000288437
9.11 -0.00062063
9.12 -0.000952318
9.13 -0.0012817
9.14 -0.00160697
9.15 -0.00192637
9.16 -0.00223805
9.17 -0.00254001
9.18 -0.00282996
9.19 -0.00310531
9.2 -0.00336317
9.21 -0.00360027
9.22 -0.00381301
9.23 -0.00399753
9.24 -0.00414991
9.25 -0.00426643
9.26 -0.00434385
9.27 -0.0043796
9.28 -0.00437188
9.29 -0.00431981
9.3 -0.00422335
9.31 -0.00408304
9.32 -0.00389994
9.33 -0.00367551
9.34 -0.00341163
9.35 -0.00311053
9.36 -0.00277475
9.37 -0.00240714
9.38 -0.00201084
9.39 -0.00158918
9.4 -0.00114582
9.41 -0.000684766
9.42 -0.000210386
9.43 0.000272535
9.44 0.000758759
9.45 0.00124262
9.46 0.00171816
9.47 0.00217937
9.48 0.00262035
9.49 0.00303553
9.5 0.0034199
9.51 0.00376909
9.52 0.00407944
9.53 0.00434804
9.54 0.00457257
9.55 0.00475122
9.56 0.00488256
9.57 0.00496544
9.58 0.00499892
9.59 0.00498219
9.6 0.00491466
9.61 0.00479601
9.62 0.00462639
9.63 0.00440644
9.64 0.0041375
9.65 0.00382163
9.66 0.0034616
9.67 0.00306083
9.68 0.00262338
9.69 0.00215387
9.7 0.00165729
9.71 0.00113887
9.72 0.000603903
9.73 5.76715e-05
9.74 -0.000494687
9.75 -0.0010483
9.76 -0.00159863
9.77 -0.00214141
9.78 -0.00267274
9.79 -0.003189
9.8 -0.00368697
9.81 -0.0041638
9.82 -0.00461703
9.83 -0.00504451
9.84 -0.0054445
9.85 -0.00581556
9.86 -0.00615654
9.87 -0.00646644
9.88 -0.00674436
9.89 -0.00698952
9.9 -0.00720125
9.91 -0.00737888
9.92 -0.00752167
9.93 -0.00762891
9.94 -0.00769985
9.95 -0.00773379
9.96 -0.00773009
9.97 -0.00768843
9.98 -0.00760886
9.99 -0.00749194
10 -0.00733874
10.01 -0.00715079
10.02 -0.00693014
10.03 -0.00667933
10.04 -0.00640127
10.05 -0.00609902
10.06 -0.00577568
10.07 -0.0054343
10.08 -0.00507783
10.09 -0.00470914
10.1 -0.00433102
10.11 -0.00394614
10.12 -0.0035572
10.13 -0.00316701
10.14 -0.00277852
10.15 -0.00239477
10.16 -0.00201887
10.17 -0.00165393
10.18 -0.00130286
10.19 -0.000968347
10.2 -0.000652735
10.21 -0.000358027
10.22 -8.59415e-05
10.23 0.00016206
10.24 0.00038479
10.25 0.000581293
10.26 0.000750774
10.27 0.000892568
10.28 0.00100616
10.29 0.00109123
10.3 0.00114764
10.31 0.00117547
10.32 0.00117513
10.33 0.00114732
10.34 0.00109302
10.35 0.0010134
10.36 0.000909797
10.37 0.000783749
10.38 0.000636957
10.39 0.000471286
10.4 0.000288781
10.41 9.16826e-05
10.42 -0.000117512
10.43 -0.000336034
10.44 -0.000560851
10.45 -0.000788687
10.46 -0.00101609
10.47 -0.00123958
10.48 -0.0014558
10.49 -0.00166163
10.5 -0.00185434
10.51 -0.00203167
10.52 -0.0021918
10.53 -0.00233339
10.54 -0.00245545
10.55 -0.00255733
10.56 -0.0026386
10.57 -0.00269903
10.58 -0.00273863
10.59 -0.0027576
10.6 -0.00275628
10.61 -0.00273517
10.62 -0.00269503
10.63 -0.00263681
10.64 -0.00256169
10.65 -0.00247112
10.66 -0.00236673
10.67 -0.00225034
10.68 -0.00212384
10.69 -0.00198913
10.7 -0.00184796
10.71 -0.00170195
10.72 -0.00155258
10.73 -0.0014012
10.74 -0.00124906
10.75 -0.00109731
10.76 -0.000947058
10.77 -0.000799275
10.78 -0.000654817
10.79 -0.000514397
10.8 -0.000378623
10.81 -0.000248026
10.82 -0.000123032
10.83 -3.94818e-06
10.84 0.000109003
10.85 0.000215648
10.86 0.000315808
10.87 0.000409242
10.88 0.000495658
10.89 0.000574764
10.9 0.000646268
10.91 0.000709903
10.92 0.000765521
10.93 0.000813186
10.94 0.000853245
10.95 0.000886342
10.96 0.000913399
10.97 0.000935567
10.98 0.00095416
10.99 0.000970546
11 0.000986034
11.01 0.00100181
11.02 0.00101894
11.03 0.00103829
11.04 0.00106048
11.05 0.00108593
11.06 0.00111491
11.07 0.00114761
11.08 0.00118403
11.09 0.0012241
11.1 0.00126767
11.11 0.00131455
11.12 0.00136465
11.13 0.0014179
11.14 0.00147426
11.15 0.00153363
11.16 0.00159597
11.17 0.00166131
11.18 0.00172989
11.19 0.00180213
11.2 0.00187861
11.21 0.00196009
11.22 0.00204741
11.23 0.00214147
11.24 0.002243
11.25 0.00235234
11.26 0.00246929
11.27 0.00259316
11.28 0.00272278
11.29 0.00285671
11.3 0.00299332
11.31 0.00313089
11.32 0.00326773
11.33 0.0034022
11.34 0.00353293
11.35 0.00365887
11.36 0.00377941
11.37 0.00389428
11.38 0.00400341
11.39 0.00410677
11.4 0.00420436
11.41 0.00429614
11.42 0.00438189
11.43 0.00446115
11.44 0.00453329
11.45 0.00459752
11.46 0.00465301
11.47 0.00469904
11.48 0.0047351
11.49 0.00476101
11.5 0.00477707
11.51 0.004784
11.52 0.00478291
11.53 0.00477518
11.54 0.00476236
11.55 0.00474604
11.56 0.0047277
11.57 0.00470857
11.58 0.00468956
11.59 0.00467135
11.6 0.00465449
11.61 0.00463951
11.62 0.00462694
11.63 0.00461728
11.64 0.00461105
11.65 0.00460872
11.66 0.00461069
11.67 0.00461734
11.68 0.00462895
11.69 0.00464568
11.7 0.00466748
11.71 0.00469403
11.72 0.00472471
11.73 0.00475855
11.74 0.0047943
11.75 0.00483034
11.76 0.00486467
11.77 0.00489485
11.78 0.00491797
11.79 0.00493077
11.8 0.00492987
11.81 0.00491207
11.82 0.00487456
11.83 0.00481501
11.84 0.00473164
11.85 0.00462317
11.86 0.00448883
11.87 0.00432814
11.88 0.00414091
11.89 0.00392726
11.9 0.0036876
11.91 0.00342262
11.92 0.00313333
11.93 0.00282101
11.94 0.00248719
11.95 0.00213364
11.96 0.00176231
11.97 0.00137533
11.98 0.000975062
11.99 0.000564187
12 0.00014565
12.01 -0.00027739
12.02 -0.000701554
12.03 -0.0011232
12.04 -0.00153843
12.05 -0.00194322
12.06 -0.00233349
12.07 -0.00270526
12.08 -0.00305479
12.09 -0.00337877
12.1 -0.0036744
12.11 -0.00393938
12.12 -0.00417195
12.13 -0.00437094
12.14 -0.00453585
12.15 -0.00466677
12.16 -0.00476435
12.17 -0.00482965
12.18 -0.00486405
12.19 -0.00486917
12.2 -0.00484687
12.21 -0.00479921
12.22 -0.00472827
12.23 -0.00463618
12.24 -0.00452521
12.25 -0.00439765
12.26 -0.00425578
12.27 -0.00410177
12.28 -0.00393772
12.29 -0.00376566
12.3 -0.00358749
12.31 -0.00340502
12.32 -0.00321983
12.33 -0.00303324
12.34 -0.0028463
12.35 -0.00265985
12.36 -0.00247457
12.37 -0.00229084
12.38 -0.0021088
12.39 -0.00192837
12.4 -0.00174933
12.41 -0.00157136
12.42 -0.00139415
12.43 -0.00121757
12.44 -0.00104151
12.45 -0.000865926
12.46 -0.000690786
12.47 -0.00051605
12.48 -0.000341429
12.49 -0.000166234
12.5 1.06793e-05
12.51 0.00019091
12.52 0.000376442
12.53 0.000569526
12.54 0.000772462
12.55 0.000987367
12.56 0.00121603
12.57 0.00145983
12.58 0.00171973
12.59 0.00199642
12.6 0.00229036
12.61 0.00260183
12.62 0.00293081
12.63 0.00327687
12.64 0.0036391
12.65 0.00401624
12.66 0.00440667
12.67 0.00480834
12.68 0.00521867
12.69 0.0056346
12.7 0.00605256
12.71 0.00646867
12.72 0.00687886
12.73 0.00727896
12.74 0.00766483
12.75 0.00803241
12.76 0.0083779
12.77 0.00869779
12.78 0.00898885
12.79 0.00924821
12.8 0.0094733
12.81 0.00966186
12.82 0.00981181
12.83 0.00992128
12.84 0.00998868
12.85 0.0100128
12.86 0.00999277
12.87 0.00992832
12.88 0.00981966
12.89 0.00966764
12.9 0.00947373
12.91 0.00923986
12.92 0.00896836
12.93 0.00866179
12.94 0.00832289
12.95 0.00795455
12.96 0.00755971
12.97 0.0071414
12.98 0.00670275
12.99 0.00624695
13 0.00577729
13.01 0.00529719
13.02 0.0048103
13.03 0.00432051
13.04 0.00383183
13.05 0.00334829
13.06 0.00287379
13.07 0.00241199
13.08 0.00196623
13.09 0.00153943
13.1 0.00113403
13.11 0.00075204
13.12 0.000395042
13.13 6.43616e-05
13.14 -0.000238862
13.15 -0.000513602
13.16 -0.000758853
13.17 -0.000973609
13.18 -0.0011569
13.19 -0.00130784
13.2 -0.00142564
13.21 -0.00150979
13.22 -0.00156003
13.23 -0.00157642
13.24 -0.00155931
13.25 -0.00150938
13.26 -0.00142767
13.27 -0.00131554
13.28 -0.0011747
13.29 -0.00100718
13.3 -0.00081533
13.31 -0.000601823
13.32 -0.000369686
13.33 -0.000122271
13.34 0.000136845
13.35 0.000403959
13.36 0.000675364
13.37 0.000947463
13.38 0.00121684
13.39 0.00148027
13.4 0.00173477
13.41 0.00197768
13.42 0.00220664
13.43 0.0024197
13.44 0.00261528
13.45 0.00279219
13.46 0.00294964
13.47 0.00308723
13.48 0.00320489
13.49 0.00330284
13.5 0.00338157
13.51 0.00344183
13.52 0.00348454
13.53 0.00351085
13.54 0.00352212
13.55 0.00351997
13.56 0.00350616
13.57 0.00348254
13.58 0.00345094
13.59 0.00341302
13.6 0.00337027
13.61 0.00332407
13.62 0.00327571
13.63 0.00322647
13.64 0.00317763
13.65 0.00313036
13.66 0.00308584
13.67 0.00304523
13.68 0.00300961
13.69 0.00297987
13.7 0.00295666
13.71 0.00294039
13.72 0.00293128
13.73 0.00292928
13.74 0.00293407
13.75 0.00294498
13.76 0.002961
13.77 0.00298074
13.78 0.00300237
13.79 0.00302368
13.8 0.00304204
13.81 0.00305437
13.82 0.00305722
13.83 0.00304705
13.84 0.00302078
13.85 0.00297608
13.86 0.00291155
13.87 0.00282649
13.88 0.00272058
13.89 0.00259365
13.9 0.00244564
13.91 0.00227671
13.92 0.00208721
13.93 0.00187762
13.94 0.00164854
13.95 0.00140071
13.96 0.00113503
13.97 0.000852569
13.98 0.000554572
13.99 0.000242364
14 -8.26863e-05
14.01 -0.00041918
14.02 -0.000765665
14.03 -0.0011206
14.04 -0.00148233
14.05 -0.0018491
14.06 -0.00221916
14.07 -0.00259085
14.08 -0.00296268
14.09 -0.00333332
14.1 -0.00370177
14.11 -0.0040673
14.12 -0.00442953
14.13 -0.0047884
14.14 -0.00514426
14.15 -0.00549778
14.16 -0.00584994
14.17 -0.00620192
14.18 -0.00655485
14.19 -0.00690981
14.2 -0.00726781
14.21 -0.0076298
14.22 -0.0079967
14.23 -0.00836943
14.24 -0.00874893
14.25 -0.00913622
14.26 -0.00953234
14.27 -0.00993828
14.28 -0.0103549
14.29 -0.0107838
14.3 -0.0112283
14.31 -0.0116919
14.32 -0.0121776
14.33 -0.0126876
14.34 -0.0132242
14.35 -0.0137894
14.36 -0.0143851
14.37 -0.0150135
14.38 -0.015677
14.39 -0.0163781
14.4 -0.0171194
14.41 -0.0179036
14.42 -0.0187334
14.43 -0.019611
14.44 -0.0205389
14.45 -0.0215186
14.46 -0.0225513
14.47 -0.0236378
14.48 -0.0247784
14.49 -0.0259732
14.5 -0.0272222
14.51 -0.0285253
14.52 -0.0298827
14.53 -0.0312944
14.54 -0.0327608
14.55 -0.0342822
14.56 -0.0358591
14.57 -0.0374919
14.58 -0.0391811
14.59 -0.0409272
14.6 -0.0427304
14.61 -0.0445908
14.62 -0.0465079
14.63 -0.0484808
14.64 -0.0505076
14.65 -0.0525857
14.66 -0.0547115
14.67 -0.056881
14.68 -0.0590897
14.69 -0.0613334
14.7 -0.063608
14.71 -0.0659097
14.72 -0.0682348
14.73 -0.0705789
14.74 -0.0729365
14.75 -0.0753011
14.76 -0.077666
14.77 -0.0800242
14.78 -0.0823688
14.79 -0.0846933
14.8 -0.0869909
14.81 -0.0892551
14.82 -0.0914792
14.83 -0.0936568
14.84 -0.0957815
14.85 -0.0978472
14.86 -0.0998477
14.87 -0.101777
14.88 -0.103629
14.89 -0.105398
14.9 -0.107077
14.91 -0.108661
14.92 -0.110143
14.93 -0.111516
14.94 -0.112775
14.95 -0.113913
14.96 -0.114925
14.97 -0.115803
14.98 -0.116544
14.99 -0.117143
15 -0.117596
15.01 -0.117904
15.02 -0.118065
15.03 -0.118083
15.04 -0.117958
15.05 -0.117695
15.06 -0.117301
15.07 -0.116783
15.08 -0.116151
15.09 -0.115415
15.1 -0.114587
15.11 -0.113677
15.12 -0.112699
15.13 -0.111665
15.14 -0.110589
15.15 -0.109483
15.16 -0.108361
15.17 -0.107236
15.18 -0.106121
15.19 -0.105026
15.2 -0.103964
15.21 -0.102944
15.22 -0.101976
15.23 -0.101071
15.24 -0.100239
15.25 -0.0994878
15.26 -0.0988271
15.27 -0.0982654
15.28 -0.0978108
15.29 -0.0974707
15.3 -0.0972503
15.31 -0.0971527
15.32 -0.0971796
15.33 -0.0973323
15.34 -0.0976105
15.35 -0.098013
15.36 -0.0985379
15.37 -0.0991824
15.38 -0.0999431
15.39 -0.100815
15.4 -0.101793
15.41 -0.102871
15.42 -0.10404
15.43 -0.105291
15.44 -0.106615
15.45 -0.108001
15.46 -0.109436
15.47 -0.110908
15.48 -0.112404
15.49 -0.113908
15.5 -0.115407
15.51 -0.116883
15.52 -0.11832
15.53 -0.119706
15.54 -0.121035
15.55 -0.122304
15.56 -0.123508
15.57 -0.124642
15.58 -0.125701
15.59 -0.126681
15.6 -0.127575
15.61 -0.128381
15.62 -0.129092
15.63 -0.129705
15.64 -0.130215
15.65 -0.130616
15.66 -0.130904
15.67 -0.131074
15.68 -0.131123
15.69 -0.131045
15.7 -0.130836
15.71 -0.130495
15.72 -0.13002
15.73 -0.129409
15.74 -0.128665
15.75 -0.127787
15.76 -0.126779
15.77 -0.125644
15.78 -0.124387
15.79 -0.123012
15.8 -0.121527
15.81 -0.119939
15.82 -0.118256
15.83 -0.116489
15.84 -0.114647
15.85 -0.112742
15.86 -0.110787
15.87 -0.10879
15.88 -0.106752
15.89 -0.104673
15.9 -0.102549
15.91 -0.100378
15.92 -0.0981584
15.93 -0.0958885
15.94 -0.0935663
15.95 -0.0911898
15.96 -0.0887577
15.97 -0.086269
15.98 -0.083723
15.99 -0.0811194
16 -0.0784586
16.01 -0.0757415
16.02 -0.0729699
16.03 -0.0701461
16.04 -0.0672737
16.05 -0.064357
16.06 -0.0614011
16.07 -0.0584113
16.08 -0.055393
16.09 -0.0523513
16.1 -0.0492914
16.11 -0.0462184
16.12 -0.0431371
16.13 -0.0400528
16.14 -0.0369703
16.15 -0.0338949
16.16 -0.0308318
16.17 -0.0277863
16.18 -0.0247636
16.19 -0.0217692
16.2 -0.0188082
16.21 -0.0158857
16.22 -0.0130066
16.23 -0.0101749
16.24 -0.00739426
16.25 -0.00466742
16.26 -0.00199625
16.27 0.000618126
16.28 0.00317507
16.29 0.00567423
16.3 0.00811545
16.31 0.0104988
16.32 0.0128244
16.33 0.0150926
16.34 0.0173039
16.35 0.0194589
16.36 0.0215582
16.37 0.0236024
16.38 0.0255923
16.39 0.0275285
16.4 0.0294121
16.41 0.0312441
16.42 0.0330252
16.43 0.0347564
16.44 0.0364384
16.45 0.0380719
16.46 0.0396576
16.47 0.0411961
16.48 0.0426881
16.49 0.0441343
16.5 0.0455351
16.51 0.0468911
16.52 0.0482028
16.53 0.0494709
16.54 0.0506958
16.55 0.0518782
16.56 0.0530186
16.57 0.0541173
16.58 0.0551746
16.59 0.0561906
16.6 0.0571652
16.61 0.0580981
16.62 0.0589888
16.63 0.0598363
16.64 0.0606394
16.65 0.0613966
16.66 0.0621059
16.67 0.0627651
16.68 0.0633714
16.69 0.063922
16.7 0.0644135
16.71 0.0648427
16.72 0.0652067
16.73 0.0655031
16.74 0.06573
16.75 0.0658861
16.76 0.0659704
16.77 0.0659821
16.78 0.0659208
16.79 0.0657865
16.8 0.0655805
16.81 0.0653047
16.82 0.0649615
16.83 0.0645541
16.84 0.064086
16.85 0.0635615
16.86 0.0629852
16.87 0.0623617
16.88 0.0616963
16.89 0.0609941
16.9 0.0602601
16.91 0.0594997
16.92 0.0587183
16.93 0.0579212
16.94 0.0571141
16.95 0.0563028
16.96 0.0554929
16.97 0.0546904
16.98 0.053901
16.99 0.0531304
17 0.0523843
17.01 0.0516681
17.02 0.050987
17.03 0.0503458
17.04 0.0497489
17.05 0.0492002
17.06 0.0487031
17.07 0.0482608
17.08 0.047876
17.09 0.047551
17.1 0.0472875
17.11 0.0470865
17.12 0.0469488
17.13 0.0468745
17.14 0.0468632
17.15 0.0469142
17.16 0.0470261
17.17 0.0471971
17.18 0.0474249
17.19 0.0477068
17.2 0.0480398
17.21 0.0484204
17.22 0.0488449
17.23 0.0493094
17.24 0.0498093
17.25 0.0503401
17.26 0.0508967
17.27 0.051474
17.28 0.0520664
17.29 0.0526684
17.3 0.0532743
17.31 0.0538783
17.32 0.0544748
17.33 0.0550584
17.34 0.0556235
17.35 0.0561648
17.36 0.0566768
17.37 0.057154
17.38 0.057591
17.39 0.0579821
17.4 0.0583217
17.41 0.0586042
17.42 0.0588242
17.43 0.0589762
17.44 0.059056
17.45 0.0590599
17.46 0.0589856
17.47 0.0588318
17.48 0.0585986
17.49 0.0582867
17.5 0.0578979
17.51 0.0574345
17.52 0.0568993
17.53 0.0562957
17.54 0.0556273
17.55 0.0548985
17.56 0.0541144
17.57 0.0532803
17.58 0.0524025
17.59 0.0514878
17.6 0.0505433
17.61 0.0495772
17.62 0.0485978
17.63 0.0476142
17.64 0.0466357
17.65 0.0456717
17.66 0.044732
17.67 0.043823
17.68 0.0429457
17.69 0.0421014
17.7 0.0412923
17.71 0.0405208
17.72 0.0397889
17.73 0.039098
17.74 0.0384494
17.75 0.0378442
17.76 0.0372838
17.77 0.0367698
17.78 0.0363042
17.79 0.0358895
17.8 0.0355285
17.81 0.0352243
17.82 0.0349799
17.83 0.0347984
17.84 0.0346826
17.85 0.0346356
17.86 0.0346602
17.87 0.0347587
17.88 0.0349328
17.89 0.035183
17.9 0.035509
17.91 0.0359093
17.92 0.0363811
17.93 0.0369211
17.94 0.0375249
17.95 0.0381879
17.96 0.0389045
17.97 0.0396689
17.98 0.0404744
17.99 0.0413144
18 0.0421816
18.01 0.0430689
18.02 0.0439687
18.03 0.0448737
18.04 0.0457764
18.05 0.0466697
18.06 0.0475466
18.07 0.0484002
18.08 0.0492241
18.09 0.050012
18.1 0.0507578
18.11 0.0514559
18.12 0.0521011
18.13 0.0526886
18.14 0.0532143
18.15 0.0536749
18.16 0.0540675
18.17 0.0543902
18.18 0.0546418
18.19 0.0548218
18.2 0.0549304
18.21 0.0549686
18.22 0.054938
18.23 0.0548406
18.24 0.054679
18.25 0.0544558
18.26 0.0541745
18.27 0.0538385
18.28 0.053452
18.29 0.0530194
18.3 0.0525455
18.31 0.0520356
18.32 0.0514951
18.33 0.0509298
18.34 0.0503456
18.35 0.0497481
18.36 0.0491433
18.37 0.0485368
18.38 0.0479339
18.39 0.0473401
18.4 0.0467607
18.41 0.0462009
18.42 0.0456661
18.43 0.0451613
18.44 0.0446918
18.45 0.0442626
18.46 0.0438786
18.47 0.0435445
18.48 0.0432649
18.49 0.0430437
18.5 0.0428844
18.51 0.0427898
18.52 0.042762
18.53 0.0428024
18.54 0.0429113
18.55 0.0430886
18.56 0.0433333
18.57 0.0436435
18.58 0.044017
18.59 0.0444508
18.6 0.0449416
18.61 0.0454858
18.62 0.0460792
18.63 0.0467176
18.64 0.0473961
18.65 0.0481097
18.66 0.0488531
18.67 0.0496203
18.68 0.0504048
18.69 0.0511994
18.7 0.051996
18.71 0.0527857
18.72 0.0535588
18.73 0.0543052
18.74 0.0550147
18.75 0.0556773
18.76 0.056286
18.77 0.0568377
18.78 0.0573296
18.79 0.0577577
18.8 0.0581182
18.81 0.0584071
18.82 0.0586206
18.83 0.0587546
18.84 0.058805
18.85 0.0587678
18.86 0.0586391
18.87 0.0584161
18.88 0.0580965
18.89 0.057679
18.9 0.0571634
18.91 0.0565506
18.92 0.055843
18.93 0.0550442
18.94 0.0541592
18.95 0.053194
18.96 0.0521552
18.97 0.05105
18.98 0.0498859
18.99 0.0486707
19 0.0474122
19.01 0.0461179
19.02 0.0447955
19.03 0.0434524
19.04 0.042096
19.05 0.040734
19.06 0.0393743
19.07 0.0380248
19.08 0.0366908
19.09 0.0353717
19.1 0.0340652
19.11 0.0327694
19.12 0.0314825
19.13 0.0302023
19.14 0.0289265
19.15 0.0276527
19.16 0.0263789
19.17 0.0251032
19.18 0.0238246
19.19 0.0225428
19.2 0.0212582
19.21 0.0199723
19.22 0.0186869
19.23 0.0174045
19.24 0.0161275
19.25 0.0148585
19.26 0.0135995
19.27 0.0123517
19.28 0.0111155
19.29 0.00989132
19.3 0.00867955
19.31 0.00748085
19.32 0.00629619
19.33 0.00512687
19.34 0.00397463
19.35 0.00284167
19.36 0.00173063
19.37 0.000644438
19.38 -0.000413901
19.39 -0.00144149
19.4 -0.00243556
19.41 -0.00339332
19.42 -0.00431198
19.43 -0.00518876
19.44 -0.00602093
19.45 -0.00680579
19.46 -0.00754066
19.47 -0.00822292
19.48 -0.00885
19.49 -0.0094194
19.5 -0.00992878
19.51 -0.0103761
19.52 -0.0107594
19.53 -0.0110769
19.54 -0.0113273
19.55 -0.0115095
19.56 -0.0116231
19.57 -0.0116679
19.58 -0.0116441
19.59 -0.0115524
19.6 -0.0113938
19.61 -0.0111702
19.62 -0.0108841
19.63 -0.0105385
19.64 -0.0101368
19.65 -0.00968284
19.66 -0.00918111
19.67 -0.00863634
19.68 -0.0080537
19.69 -0.00743871
19.7 -0.00679725
19.71 -0.00613551
19.72 -0.00545981
19.73 -0.00477658
19.74 -0.00409224
19.75 -0.003413
19.76 -0.00274472
19.77 -0.00209285
19.78 -0.0014625
19.79 -0.00085851
19.8 -0.000285429
19.81 0.000252473
19.82 0.000751175
19.83 0.00120691
19.84 0.00161614
19.85 0.00197559
19.86 0.0022822
19.87 0.00253322
19.88 0.00272627
19.89 0.00285946
19.9 0.00293146
19.91 0.00294158
19.92 0.00288979
19.93 0.00277679
19.94 0.00260383
19.95 0.00237263
19.96 0.00208522
19.97 0.00174393
19.98 0.00135128
19.99 0.000909967
20 0.000422857
20.01 -0.000106941
20.02 -0.00067605
20.03 -0.00128067
20.04 -0.00191639
20.05 -0.00257806
20.06 -0.00325991
20.07 -0.00395559
20.08 -0.00465821
20.09 -0.00536043
20.1 -0.00605451
20.11 -0.00673248
20.12 -0.00738647
20.13 -0.00800892
20.14 -0.00859266
20.15 -0.00913092
20.16 -0.00961737
20.17 -0.0100463
20.18 -0.0104127
20.19 -0.0107123
20.2 -0.0109417
20.21 -0.0110985
20.22 -0.0111809
20.23 -0.0111881
20.24 -0.0111194
20.25 -0.0109751
20.26 -0.0107559
20.27 -0.0104637
20.28 -0.0101006
20.29 -0.00966981
20.3 -0.00917522
20.31 -0.00862133
20.32 -0.00801328
20.33 -0.00735673
20.34 -0.00665775
20.35 -0.00592269
20.36 -0.00515805
20.37 -0.00437031
20.38 -0.00356574
20.39 -0.00275029
20.4 -0.00192957
20.41 -0.0011088
20.42 -0.00029284
20.43 0.000513782
20.44 0.00130679
20.45 0.00208209
20.46 0.00283566
20.47 0.00356369
20.48 0.00426266
20.49 0.00492935
20.5 0.00556093
20.51 0.00615485
20.52 0.00670895
20.53 0.00722147
20.54 0.00769099
20.55 0.00811646
20.56 0.00849712
20.57 0.00883247
20.58 0.00912262
20.59 0.00936868
20.6 0.00957189
20.61 0.00973303
20.62 0.00985248
20.63 0.00993044
20.64 0.00996701
20.65 0.00996228
20.66 0.00991637
20.67 0.00982971
20.68 0.00970315
20.69 0.00953793
20.7 0.0093357
20.71 0.00909851
20.72 0.00882878
20.73 0.00852919
20.74 0.00820263
20.75 0.00785217
20.76 0.00748101
20.77 0.00709259
20.78 0.00669054
20.79 0.00627883
20.8 0.00586175
20.81 0.00544397
20.82 0.0050306
20.83 0.00462703
20.84 0.00423873
20.85 0.00387096
20.86 0.00352859
20.87 0.00321598
20.88 0.00293693
20.89 0.00269458
20.9 0.00249138
20.91 0.00232928
20.92 0.00220981
20.93 0.00213407
20.94 0.00210281
20.95 0.00211631
20.96 0.00217434
20.97 0.00227604
20.98 0.00241994
20.99 0.00260388
21 0.00282503
21.01 0.00307989
21.02 0.00336426
21.03 0.00367338
21.04 0.0040021
21.05 0.00434509
21.06 0.00469701
21.07 0.00505256
21.08 0.00540645
21.09 0.00575342
21.1 0.00608834
21.11 0.00640638
21.12 0.00670322
21.13 0.00697506
21.14 0.00721867
21.15 0.00743127
21.16 0.00761049
21.17 0.00775427
21.18 0.00786092
21.19 0.00792905
21.2 0.00795757
21.21 0.00794573
21.22 0.00789311
21.23 0.00779964
21.24 0.0076656
21.25 0.0074917
21.26 0.00727911
21.27 0.00702951
21.28 0.00674508
21.29 0.00642847
21.3 0.00608271
21.31 0.00571117
21.32 0.00531732
21.33 0.00490467
21.34 0.0044767
21.35 0.00403675
21.36 0.00358806
21.37 0.00313367
21.38 0.00267638
21.39 0.00221874
21.4 0.00176303
21.41 0.00131128
21.42 0.000865261
21.43 0.000426681
21.44 -2.86041e-06
21.45 -0.000421783
21.46 -0.000828441
21.47 -0.00122113
21.48 -0.00159817
21.49 -0.00195799
21.5 -0.00229916
21.51 -0.00262048
21.52 -0.00292088
21.53 -0.0031994
21.54 -0.00345521
21.55 -0.00368765
21.56 -0.0038963
21.57 -0.00408098
21.58 -0.00424188
21.59 -0.00437955
21.6 -0.0044949
21.61 -0.00458907
21.62 -0.00466328
21.63 -0.00471876
21.64 -0.00475663
21.65 -0.00477782
21.66 -0.00478302
21.67 -0.00477278
21.68 -0.00474758
21.69 -0.00470786
21.7 -0.00465418
21.71 -0.00458724
21.72 -0.00450785
21.73 -0.00441684
21.74 -0.00431501
21.75 -0.00420304
21.76 -0.00408145
21.77 -0.00395058
21.78 -0.00381067
21.79 -0.00366185
21.8 -0.00350434
21.81 -0.00333851
21.82 -0.00316502
21.83 -0.00298487
21.84 -0.00279941
21.85 -0.00261031
21.86 -0.00241946
21.87 -0.00222897
21.88 -0.00204112
21.89 -0.00185833
21.9 -0.00168298
21.91 -0.00151732
21.92 -0.0013634
21.93 -0.00122301
21.94 -0.0010976
21.95 -0.000988334
21.96 -0.000896216
21.97 -0.000822271
21.98 -0.000767605
21.99 -0.000733494
22 -0.00072144
22.01 -0.000733143
22.02 -0.000770411
22.03 -0.000834987
22.04 -0.000928295
22.05 -0.00105117
22.06 -0.00120362
22.07 -0.00138467
22.08 -0.00159261
22.09 -0.00182519
22.1 -0.00207977
22.11 -0.00235338
22.12 -0.00264276
22.13 -0.0029445
22.14 -0.00325515
22.15 -0.00357133
22.16 -0.00388979
22.17 -0.00420749
22.18 -0.00452153
22.19 -0.0048292
22.2 -0.00512781
22.21 -0.00541471
22.22 -0.00568718
22.23 -0.00594242
22.24 -0.00617764
22.25 -0.00639012
22.26 -0.00657728
22.27 -0.00673677
22.28 -0.00686653
22.29 -0.00696491
22.3 -0.00703077
22.31 -0.00706362
22.32 -0.0070636
22.33 -0.00703142
22.34 -0.00696826
22.35 -0.00687569
22.36 -0.00675559
22.37 -0.00661003
22.38 -0.00644119
22.39 -0.00625129
22.4 -0.00604256
22.41 -0.00581717
22.42 -0.00557722
22.43 -0.00532475
22.44 -0.00506175
22.45 -0.00479017
22.46 -0.0045118
22.47 -0.00422824
22.48 -0.0039408
22.49 -0.00365063
22.5 -0.00335864
22.51 -0.00306549
22.52 -0.00277155
22.53 -0.00247699
22.54 -0.00218188
22.55 -0.00188624
22.56 -0.00159004
22.57 -0.00129319
22.58 -0.000995526
22.59 -0.000696855
22.6 -0.000397014
22.61 -9.58357e-05
22.62 0.000206813
22.63 0.00051094
22.64 0.000816357
22.65 0.00112266
22.66 0.00142922
22.67 0.00173506
22.68 0.00203887
22.69 0.00233915
22.7 0.00263441
22.71 0.00292333
22.72 0.00320478
22.73 0.00347777
22.74 0.00374144
22.75 0.00399504
22.76 0.00423789
22.77 0.00446931
22.78 0.00468856
22.79 0.00489493
22.8 0.00508775
22.81 0.00526645
22.82 0.00543058
22.83 0.00557974
22.84 0.00571361
22.85 0.00583194
22.86 0.00593454
22.87 0.00602128
22.88 0.00609206
22.89 0.00614679
22.9 0.00618534
22.91 0.00620751
22.92 0.00621303
22.93 0.00620157
22.94 0.00617276
22.95 0.00612618
22.96 0.00606138
22.97 0.00597789
22.98 0.00587538
22.99 0.00575391
23 0.00561409
23.01 0.00545708
23.02 0.00528452
23.03 0.00509839
23.04 0.00490102
23.05 0.00469494
23.06 0.00448278
23.07 0.00426709
23.08 0.00405016
23.09 0.00383389
23.1 0.00361994
23.11 0.00340983
23.12 0.00320498
23.13 0.00300672
23.14 0.00281639
23.15 0.00263529
23.16 0.00246464
23.17 0.00230558
23.18 0.0021592
23.19 0.00202661
23.2 0.00190884
23.21 0.00180688
23.22 0.00172154
23.23 0.00165343
23.24 0.00160304
23.25 0.00157074
23.26 0.00155667
23.27 0.0015608
23.28 0.0015831
23.29 0.00162348
23.3 0.00168183
23.31 0.00175795
23.32 0.00185159
23.33 0.00196231
23.34 0.00208951
23.35 0.00223237
23.36 0.00238987
23.37 0.0025607
23.38 0.00274332
23.39 0.00293594
23.4 0.00313645
23.41 0.00334245
23.42 0.00355126
23.43 0.00376001
23.44 0.00396569
23.45 0.00416512
23.46 0.00435514
23.47 0.00453277
23.48 0.00469538
23.49 0.00484076
23.5 0.00496709
23.51 0.00507285
23.52 0.00515683
23.53 0.00521802
23.54 0.00525565
23.55 0.00526921
23.56 0.00525843
23.57 0.00522332
23.58 0.00516418
23.59 0.00508161
23.6 0.00497643
23.61 0.00484968
23.62 0.00470265
23.63 0.00453684
23.64 0.00435404
23.65 0.0041562
23.66 0.00394545
23.67 0.00372396
23.68 0.00349385
23.69 0.00325713
23.7 0.00301574
23.71 0.00277143
23.72 0.00252584
23.73 0.00228039
23.74 0.00203631
23.75 0.00179459
23.76 0.00155589
23.77 0.0013205
23.78 0.00108827
23.79 0.000858705
23.8 0.000631006
23.81 0.00040429
23.82 0.000177708
23.83 -4.95303e-05
23.84 -0.000278159
23.85 -0.000508846
23.86 -0.000742187
23.87 -0.000978706
23.88 -0.00121887
23.89 -0.00146313
23.9 -0.00171198
23.91 -0.00196604
23.92 -0.00222606
23.93 -0.0024928
23.94 -0.00276693
23.95 -0.00304898
23.96 -0.00333922
23.97 -0.00363758
23.98 -0.00394353
23.99 -0.00425602
24 -0.00457342
24.01 -0.00489362
24.02 -0.00521415
24.03 -0.00553219
24.04 -0.0058445
24.05 -0.00614728
24.06 -0.00643622
24.07 -0.00670661
24.08 -0.00695361
24.09 -0.00717254
24.1 -0.00735904
24.11 -0.0075092
24.12 -0.00761975
24.13 -0.00768817
24.14 -0.00771279
24.15 -0.00769289
24.16 -0.00762864
24.17 -0.00752096
24.18 -0.00737126
24.19 -0.00718135
24.2 -0.00695345
24.21 -0.00669012
24.22 -0.00639432
24.23 -0.00606936
24.24 -0.00571884
24.25 -0.0053466
24.26 -0.00495672
24.27 -0.00455353
24.28 -0.00414157
24.29 -0.00372565
24.3 -0.00331081
24.31 -0.00290226
24.32 -0.00250513
24.33 -0.00212422
24.34 -0.00176374
24.35 -0.00142715
24.36 -0.00111715
24.37 -0.000835858
24.38 -0.000584895
24.39 -0.000365401
24.4 -0.000178123
24.41 -2.35098e-05
24.42 9.81848e-05
24.43 0.000186829
24.44 0.000242392
24.45 0.000264988
24.46 0.000254953
24.47 0.000212923
24.48 0.000139873
24.49 3.70993e-05
24.5 -9.3834e-05
24.51 -0.000251132
24.52 -0.000432787
24.53 -0.00063667
24.54 -0.000860609
24.55 -0.00110239
24.56 -0.00135976
24.57 -0.00163053
24.58 -0.00191261
24.59 -0.00220403
24.6 -0.00250277
24.61 -0.00280674
24.62 -0.00311383
24.63 -0.00342197
24.64 -0.00372907
24.65 -0.00403287
24.66 -0.00433094
24.67 -0.00462066
24.68 -0.00489934
24.69 -0.00516415
24.7 -0.00541219
24.71 -0.00564057
24.72 -0.00584651
24.73 -0.00602739
24.74 -0.00618083
24.75 -0.0063046
24.76 -0.00639662
24.77 -0.00645503
24.78 -0.00647837
24.79 -0.00646562
24.8 -0.00641622
24.81 -0.00633
24.82 -0.00620732
24.83 -0.00604902
24.84 -0.00585639
24.85 -0.0056311
24.86 -0.00537519
24.87 -0.00509099
24.88 -0.00478119
24.89 -0.00444883
24.9 -0.00409734
24.91 -0.00373051
24.92 -0.00335238
24.93 -0.00296719
24.94 -0.00257933
24.95 -0.00219317
24.96 -0.00181309
24.97 -0.00144338
24.98 -0.00108825
24.99 -0.000751625
25 -0.000437132
