0.01 3.16651e-09
0.02 1.5231e-08
0.03 3.75256e-08
0.04 6.75866e-08
0.05 1.02968e-07
0.06 1.41274e-07
0.07 1.80191e-07
0.08 2.17489e-07
0.09 2.51022e-07
0.1 2.78732e-07
0.11 2.98684e-07
0.12 3.09072e-07
0.13 3.08193e-07
0.14 2.94395e-07
0.15 2.66074e-07
0.16 2.21737e-07
0.17 1.60058e-07
0.18 7.98938e-08
0.19 -1.96989e-08
0.2 -1.39451e-07
0.21 -2.79869e-07
0.22 -4.4123e-07
0.23 -6.23585e-07
0.24 -8.26788e-07
0.25 -1.05052e-06
0.26 -1.29436e-06
0.27 -1.55783e-06
0.28 -1.84025e-06
0.29 -2.1405e-06
0.3 -2.45695e-06
0.31 -2.78737e-06
0.32 -3.12894e-06
0.33 -3.47805e-06
0.34 -3.83027e-06
0.35 -4.18057e-06
0.36 -4.52366e-06
0.37 -4.85408e-06
0.38 -5.16684e-06
0.39 -5.4582e-06
0.4 -5.7263e-06
0.41 -5.97147e-06
0.42 -6.19576e-06
0.43 -6.40231e-06
0.44 -6.59546e-06
0.45 -6.78051e-06
0.46 -6.96327e-06
0.47 -7.14957e-06
0.48 -7.34468e-06
0.49 -7.55303e-06
0.5 -7.77808e-06
0.51 -8.02255e-06
0.52 -8.2887e-06
0.53 -8.57787e-06
0.54 -8.8907e-06
0.55 -9.2276e-06
0.56 -9.58825e-06
0.57 -9.97177e-06
0.58 -1.03772e-05
0.59 -1.08034e-05
0.6 -1.12491e-05
0.61 -1.17126e-05
0.62 -1.21922e-05
0.63 -1.2686e-05
0.64 -1.31918e-05
0.65 -1.37077e-05
0.66 -1.42317e-05
0.67 -1.47623e-05
0.68 -1.5298e-05
0.69 -1.58377e-05
0.7 -1.63805e-05
0.71 -1.6925e-05
0.72 -1.74694e-05
0.73 -1.80101e-05
0.74 -1.8542e-05
0.75 -1.90572e-05
0.76 -1.95449e-05
0.77 -1.99921e-05
0.78 -2.03846e-05
0.79 -2.07094e-05
0.8 -2.09562e-05
0.81 -2.1118e-05
0.82 -2.11909e-05
0.83 -2.11732e-05
0.84 -2.10656e-05
0.85 -2.08726e-05
0.86 -2.06022e-05
0.87 -2.02613e-05
0.88 -1.98526e-05
0.89 -1.93734e-05
0.9 -1.8818e-05
0.91 -1.81797e-05
0.92 -1.74518e-05
0.93 -1.66299e-05
0.94 -1.57144e-05
0.95 -1.47115e-05
0.96 -1.36346e-05
0.97 -1.25023e-05
0.98 -1.13345e-05
0.99 -1.01464e-05
1 -8.94678e-06
1.01 -7.73879e-06
1.02 -6.51967e-06
1.03 -5.28192e-06
1.04 -4.01574e-06
1.05 -2.71135e-06
1.06 -1.36231e-06
1.07 3.28689e-08
1.08 1.47211e-06
1.09 2.9526e-06
1.1 4.47164e-06
1.11 6.02526e-06
1.12 7.60944e-06
1.13 9.22191e-06
1.14 1.08616e-05
1.15 1.25271e-05
1.16 1.42153e-05
1.17 1.59184e-05
1.18 1.76217e-05
1.19 1.93061e-05
1.2 2.09507e-05
1.21 2.2532e-05
1.22 2.40226e-05
1.23 2.5394e-05
1.24 2.66225e-05
1.25 2.7697e-05
1.26 2.86234e-05
1.27 2.94202e-05
1.28 3.01082e-05
1.29 3.07083e-05
1.3 3.12399e-05
1.31 3.17168e-05
1.32 3.21435e-05
1.33 3.25191e-05
1.34 3.28417e-05
1.35 3.31124e-05
1.36 3.33353e-05
1.37 3.35175e-05
1.38 3.36686e-05
1.39 3.3799e-05
1.4 3.39181e-05
1.41 3.40312e-05
1.42 3.41352e-05
1.43 3.42152e-05
1.44 3.42402e-05
1.45 3.41615e-05
1.46 3.39143e-05
1.47 3.34252e-05
1.48 3.26187e-05
1.49 3.14191e-05
1.5 2.97543e-05
1.51 2.7561e-05
1.52 2.47867e-05
1.53 2.13973e-05
1.54 1.73853e-05
1.55 1.27769e-05
1.56 7.63483e-06
1.57 2.04764e-06
1.58 -3.87879e-06
1.59 -1.00287e-05
1.6 -1.62894e-05
1.61 -2.25588e-05
1.62 -2.87425e-05
1.63 -3.47559e-05
1.64 -4.05237e-05
1.65 -4.59802e-05
1.66 -5.10719e-05
1.67 -5.57592e-05
1.68 -6.00151e-05
1.69 -6.38187e-05
1.7 -6.71524e-05
1.71 -7.00014e-05
1.72 -7.23536e-05
1.73 -7.4197e-05
1.74 -7.55166e-05
1.75 -7.62904e-05
1.76 -7.64944e-05
1.77 -7.61096e-05
1.78 -7.51179e-05
1.79 -7.34968e-05
1.8 -7.12218e-05
1.81 -6.82716e-05
1.82 -6.46278e-05
1.83 -6.02777e-05
1.84 -5.52236e-05
1.85 -4.94888e-05
1.86 -4.31123e-05
1.87 -3.61397e-05
1.88 -2.8616e-05
1.89 -2.0585e-05
1.9 -1.20891e-05
1.91 -3.16885e-06
1.92 6.13746e-06
1.93 1.57916e-05
1.94 2.57426e-05
1.95 3.59111e-05
1.96 4.6189e-05
1.97 5.64455e-05
1.98 6.65321e-05
1.99 7.62952e-05
2 8.55972e-05
2.01 9.43356e-05
2.02 0.000102445
2.03 0.000109896
2.04 0.000116688
2.05 0.000122847
2.06 0.000128405
2.07 0.0001334
2.08 0.000137851
2.09 0.000141755
2.1 0.000145078
2.11 0.000147762
2.12 0.000149723
2.13 0.000150844
2.14 0.000150992
2.15 0.000150026
2.16 0.000147803
2.17 0.000144186
2.18 0.000139045
2.19 0.000132252
2.2 0.000123673
2.21 0.000113178
2.22 0.000100646
2.23 8.59803e-05
2.24 6.9108e-05
2.25 4.99779e-05
2.26 2.85649e-05
2.27 4.89616e-06
2.28 -2.09431e-05
2.29 -4.88228e-05
2.3 -7.85732e-05
2.31 -0.000109985
2.32 -0.000142805
2.33 -0.000176724
2.34 -0.000211376
2.35 -0.000246345
2.36 -0.000281174
2.37 -0.000315383
2.38 -0.000348478
2.39 -0.000379953
2.4 -0.000409312
2.41 -0.000436114
2.42 -0.000459988
2.43 -0.000480626
2.44 -0.000497758
2.45 -0.000511154
2.46 -0.000520623
2.47 -0.000526025
2.48 -0.000527277
2.49 -0.000524334
2.5 -0.000517176
2.51 -0.000505791
2.52 -0.000490175
2.53 -0.000470348
2.54 -0.000446355
2.55 -0.000418259
2.56 -0.000386154
2.57 -0.00035018
2.58 -0.000310553
2.59 -0.000267563
2.6 -0.000221565
2.61 -0.000172966
2.62 -0.000122194
2.63 -6.96841e-05
2.64 -1.58575e-05
2.65 3.88782e-05
2.66 9.41319e-05
2.67 0.000149528
2.68 0.000204696
2.69 0.000259264
2.7 0.000312848
2.71 0.000365073
2.72 0.000415572
2.73 0.00046399
2.74 0.000510009
2.75 0.000553346
2.76 0.00059375
2.77 0.000630989
2.78 0.000664881
2.79 0.000695309
2.8 0.000722209
2.81 0.000745573
2.82 0.00076541
2.83 0.000781721
2.84 0.000794491
2.85 0.000803687
2.86 0.000809268
2.87 0.00081117
2.88 0.0008093
2.89 0.000803539
2.9 0.000793771
2.91 0.000779888
2.92 0.000761791
2.93 0.000739399
2.94 0.000712661
2.95 0.000681561
2.96 0.000646127
2.97 0.00060646
2.98 0.000562741
2.99 0.000515222
3 0.00046421
3.01 0.000410052
3.02 0.000353114
3.03 0.00029376
3.04 0.000232343
3.05 0.000169196
3.06 0.00010462
3.07 3.8882e-05
3.08 -2.77858e-05
3.09 -9.51699e-05
3.1 -0.000163045
3.11 -0.000231146
3.12 -0.000299155
3.13 -0.000366685
3.14 -0.000433301
3.15 -0.000498545
3.16 -0.000561954
3.17 -0.000623056
3.18 -0.000681382
3.19 -0.000736477
3.2 -0.000787934
3.21 -0.000835376
3.22 -0.000878427
3.23 -0.000916699
3.24 -0.000949799
3.25 -0.000977335
3.26 -0.000998932
3.27 -0.00101422
3.28 -0.00102281
3.29 -0.00102436
3.3 -0.00101856
3.31 -0.00100515
3.32 -0.000983941
3.33 -0.000954794
3.34 -0.000917733
3.35 -0.000872935
3.36 -0.000820755
3.37 -0.000761706
3.38 -0.000696447
3.39 -0.000625772
3.4 -0.000550589
3.41 -0.000471905
3.42 -0.000390778
3.43 -0.000308279
3.44 -0.000225465
3.45 -0.000143366
3.46 -6.29675e-05
3.47 1.48352e-05
3.48 8.92913e-05
3.49 0.000159815
3.5 0.000225984
3.51 0.000287522
3.52 0.000344296
3.53 0.000396297
3.54 0.000443606
3.55 0.000486342
3.56 0.000524605
3.57 0.000558463
3.58 0.000587999
3.59 0.000613319
3.6 0.000634513
3.61 0.000651636
3.62 0.000664712
3.63 0.000673741
3.64 0.000678688
3.65 0.000679495
3.66 0.00067607
3.67 0.00066828
3.68 0.000655951
3.69 0.000638893
3.7 0.000616949
3.71 0.000590012
3.72 0.00055801
3.73 0.000520923
3.74 0.000478816
3.75 0.000431822
3.76 0.000380131
3.77 0.000323998
3.78 0.000263741
3.79 0.000199734
3.8 0.000132411
3.81 6.22848e-05
3.82 -1.00649e-05
3.83 -8.4024e-05
3.84 -0.000158946
3.85 -0.000234166
3.86 -0.000309055
3.87 -0.000383064
3.88 -0.000455759
3.89 -0.000526828
3.9 -0.000596086
3.91 -0.000663478
3.92 -0.000729072
3.93 -0.000793027
3.94 -0.000855546
3.95 -0.000916849
3.96 -0.000977149
3.97 -0.00103661
3.98 -0.00109529
3.99 -0.00115311
4 -0.00120984
4.01 -0.00126512
4.02 -0.00131846
4.03 -0.00136929
4.04 -0.00141692
4.05 -0.00146058
4.06 -0.00149941
4.07 -0.00153247
4.08 -0.0015587
4.09 -0.001577
4.1 -0.0015862
4.11 -0.0015852
4.12 -0.001573
4.13 -0.00154888
4.14 -0.00151234
4.15 -0.00146324
4.16 -0.00140182
4.17 -0.0013287
4.18 -0.00124485
4.19 -0.00115152
4.2 -0.00105018
4.21 -0.000942486
4.22 -0.000830179
4.23 -0.000714962
4.24 -0.00059843
4.25 -0.000482077
4.26 -0.000367323
4.27 -0.000255484
4.28 -0.000147729
4.29 -4.5059e-05
4.3 5.17188e-05
4.31 0.000141979
4.32 0.000225253
4.33 0.000301225
4.34 0.000369752
4.35 0.000430884
4.36 0.000484861
4.37 0.000532091
4.38 0.000573117
4.39 0.000608572
4.4 0.000639167
4.41 0.000665687
4.42 0.000688966
4.43 0.00070985
4.44 0.000729168
4.45 0.000747687
4.46 0.000766031
4.47 0.000784631
4.48 0.000803722
4.49 0.000823394
4.5 0.000843672
4.51 0.000864542
4.52 0.000885906
4.53 0.000907547
4.54 0.000929139
4.55 0.000950268
4.56 0.000970444
4.57 0.000989117
4.58 0.00100568
4.59 0.00101948
4.6 0.00102986
4.61 0.00103617
4.62 0.00103786
4.63 0.00103445
4.64 0.00102554
4.65 0.00101086
4.66 0.00099024
4.67 0.000963702
4.68 0.00093145
4.69 0.000893849
4.7 0.000851363
4.71 0.000804492
4.72 0.00075373
4.73 0.000699586
4.74 0.00064256
4.75 0.000583073
4.76 0.000521469
4.77 0.000458051
4.78 0.000393097
4.79 0.000326883
4.8 0.000259681
4.81 0.000191705
4.82 0.000123116
4.83 5.40885e-05
4.84 -1.52025e-05
4.85 -8.46357e-05
4.86 -0.000154124
4.87 -0.00022354
4.88 -0.000292701
4.89 -0.000361405
4.9 -0.000429442
4.91 -0.000496554
4.92 -0.000562432
4.93 -0.000626728
4.94 -0.000689091
4.95 -0.000749169
4.96 -0.000806601
4.97 -0.000860999
4.98 -0.000911937
4.99 -0.000958956
5 -0.00100158
5.01 -0.00103935
5.02 -0.00107191
5.03 -0.00109904
5.04 -0.00112067
5.05 -0.0011369
5.06 -0.00114798
5.07 -0.00115433
5.08 -0.00115652
5.09 -0.00115518
5.1 -0.00115102
5.11 -0.00114481
5.12 -0.00113729
5.13 -0.00112915
5.14 -0.00112099
5.15 -0.00111328
5.16 -0.00110629
5.17 -0.00110007
5.18 -0.00109446
5.19 -0.00108914
5.2 -0.00108369
5.21 -0.00107752
5.22 -0.00106999
5.23 -0.00106044
5.24 -0.00104828
5.25 -0.00103293
5.26 -0.00101381
5.27 -0.00099028
5.28 -0.000961695
5.29 -0.000927446
5.3 -0.000886994
5.31 -0.000839876
5.32 -0.000785749
5.33 -0.000724474
5.34 -0.000656168
5.35 -0.000581192
5.36 -0.000500169
5.37 -0.000414034
5.38 -0.000323999
5.39 -0.000231431
5.4 -0.000137757
5.41 -4.44158e-05
5.42 4.71862e-05
5.43 0.000135755
5.44 0.000220167
5.45 0.000299499
5.46 0.000373023
5.47 0.000440169
5.48 0.000500472
5.49 0.000553556
5.5 0.000599176
5.51 0.000637237
5.52 0.000667745
5.53 0.000690765
5.54 0.000706417
5.55 0.00071491
5.56 0.000716529
5.57 0.000711561
5.58 0.00070024
5.59 0.000682766
5.6 0.000659353
5.61 0.000630269
5.62 0.000595849
5.63 0.000556482
5.64 0.000512617
5.65 0.000464743
5.66 0.000413359
5.67 0.00035901
5.68 0.000302307
5.69 0.000243943
5.7 0.00018469
5.71 0.000125405
5.72 6.70272e-05
5.73 1.05359e-05
5.74 -4.30948e-05
5.75 -9.28891e-05
5.76 -0.000137909
5.77 -0.000177315
5.78 -0.000210414
5.79 -0.000236701
5.8 -0.000255896
5.81 -0.000267961
5.82 -0.000273123
5.83 -0.000271894
5.84 -0.000265036
5.85 -0.000253505
5.86 -0.000238389
5.87 -0.000220877
5.88 -0.000202209
5.89 -0.000183638
5.9 -0.000166374
5.91 -0.000151526
5.92 -0.000140051
5.93 -0.000132753
5.94 -0.000130265
5.95 -0.000133014
5.96 -0.000141154
5.97 -0.000154506
5.98 -0.000172571
5.99 -0.000194592
6 -0.000219578
6.01 -0.000246364
6.02 -0.000273715
6.03 -0.000300367
6.04 -0.000325042
6.05 -0.000346474
6.06 -0.000363478
6.07 -0.000375033
6.08 -0.000380341
6.09 -0.000378828
6.1 -0.000370097
6.11 -0.000353916
6.12 -0.000330237
6.13 -0.00029919
6.14 -0.000261017
6.15 -0.000216001
6.16 -0.00016442
6.17 -0.000106474
6.18 -4.22022e-05
6.19 2.85167e-05
6.2 0.000105883
6.21 0.000190115
6.22 0.000281459
6.23 0.00038019
6.24 0.000486529
6.25 0.000600614
6.26 0.000722527
6.27 0.000852285
6.28 0.000989849
6.29 0.00113516
6.3 0.00128816
6.31 0.00144877
6.32 0.00161694
6.33 0.00179263
6.34 0.00197581
6.35 0.0021664
6.36 0.00236424
6.37 0.00256895
6.38 0.0027798
6.39 0.00299573
6.4 0.00321541
6.41 0.00343734
6.42 0.00365994
6.43 0.00388166
6.44 0.00410107
6.45 0.00431695
6.46 0.00452837
6.47 0.00473465
6.48 0.0049352
6.49 0.0051294
6.5 0.0053165
6.51 0.00549545
6.52 0.00566481
6.53 0.00582283
6.54 0.00596743
6.55 0.00609615
6.56 0.00620624
6.57 0.00629474
6.58 0.00635868
6.59 0.0063952
6.6 0.0064018
6.61 0.00637645
6.62 0.00631765
6.63 0.0062245
6.64 0.00609665
6.65 0.00593414
6.66 0.00573732
6.67 0.00550671
6.68 0.00524301
6.69 0.0049471
6.7 0.00462001
6.71 0.00426297
6.72 0.00387743
6.73 0.00346501
6.74 0.00302752
6.75 0.00256705
6.76 0.00208596
6.77 0.00158689
6.78 0.0010727
6.79 0.000546503
6.8 1.15935e-05
6.81 -0.00052863
6.82 -0.00107078
6.83 -0.00161155
6.84 -0.00214775
6.85 -0.00267639
6.86 -0.00319465
6.87 -0.00369998
6.88 -0.00419002
6.89 -0.00466256
6.9 -0.00511542
6.91 -0.00554643
6.92 -0.00595328
6.93 -0.00633359
6.94 -0.00668479
6.95 -0.00700424
6.96 -0.0072893
6.97 -0.0075375
6.98 -0.00774673
6.99 -0.00791536
7 -0.00804236
7.01 -0.00812729
7.02 -0.00817032
7.03 -0.00817204
7.04 -0.00813331
7.05 -0.00805512
7.06 -0.00793839
7.07 -0.00778394
7.08 -0.00759239
7.09 -0.00736426
7.1 -0.00709999
7.11 -0.00680007
7.12 -0.00646512
7.13 -0.00609616
7.14 -0.00569476
7.15 -0.00526311
7.16 -0.00480399
7.17 -0.00432068
7.18 -0.00381688
7.19 -0.0032965
7.2 -0.00276364
7.21 -0.00222235
7.22 -0.00167653
7.23 -0.00112979
7.24 -0.000585406
7.25 -4.62853e-05
7.26 0.000484965
7.27 0.00100594
7.28 0.00151429
7.29 0.00200762
7.3 0.00248341
7.31 0.00293895
7.32 0.00337139
7.33 0.00377774
7.34 0.00415506
7.35 0.00450062
7.36 0.00481201
7.37 0.0050873
7.38 0.00532514
7.39 0.00552479
7.4 0.00568604
7.41 0.00580919
7.42 0.00589489
7.43 0.00594396
7.44 0.00595727
7.45 0.00593556
7.46 0.00587947
7.47 0.00578949
7.48 0.00566592
7.49 0.00550891
7.5 0.00531846
7.51 0.00509444
7.52 0.00483673
7.53 0.0045453
7.54 0.00422038
7.55 0.00386248
7.56 0.00347238
7.57 0.00305106
7.58 0.00259967
7.59 0.00211954
7.6 0.00161216
7.61 0.00107918
7.62 0.000522664
7.63 -5.48592e-05
7.64 -0.000650267
7.65 -0.00125992
7.66 -0.00187963
7.67 -0.00250462
7.68 -0.0031295
7.69 -0.00374835
7.7 -0.00435482
7.71 -0.00494231
7.72 -0.00550434
7.73 -0.00603489
7.74 -0.00652857
7.75 -0.00698077
7.76 -0.00738763
7.77 -0.00774601
7.78 -0.00805337
7.79 -0.00830781
7.8 -0.00850807
7.81 -0.00865348
7.82 -0.00874395
7.83 -0.00877993
7.84 -0.00876239
7.85 -0.00869283
7.86 -0.00857309
7.87 -0.00840542
7.88 -0.00819232
7.89 -0.00793645
7.9 -0.00764055
7.91 -0.0073074
7.92 -0.00693973
7.93 -0.00654021
7.94 -0.00611139
7.95 -0.00565575
7.96 -0.0051757
7.97 -0.0046736
7.98 -0.00415174
7.99 -0.00361239
8 -0.00305788
8.01 -0.00249071
8.02 -0.00191351
8.03 -0.00132915
8.04 -0.000740693
8.05 -0.000151481
8.06 0.00043486
8.07 0.0010145
8.08 0.0015835
8.09 0.00213795
8.1 0.00267414
8.11 0.00318864
8.12 0.00367857
8.13 0.00414158
8.14 0.00457583
8.15 0.00497998
8.16 0.00535316
8.17 0.00569492
8.18 0.00600511
8.19 0.00628379
8.2 0.0065312
8.21 0.00674764
8.22 0.00693343
8.23 0.0070889
8.24 0.00721441
8.25 0.00731034
8.26 0.00737705
8.27 0.00741481
8.28 0.00742386
8.29 0.00740434
8.3 0.00735619
8.31 0.00727914
8.32 0.00717254
8.33 0.00703536
8.34 0.00686628
8.35 0.00666381
8.36 0.00642642
8.37 0.00615285
8.38 0.00584226
8.39 0.00549445
8.4 0.00511001
8.41 0.00469036
8.42 0.00423759
8.43 0.00375444
8.44 0.00324423
8.45 0.00271082
8.46 0.00215859
8.47 0.00159238
8.48 0.0010174
8.49 0.000439084
8.5 -0.000137051
8.51 -0.000705524
8.52 -0.00126105
8.53 -0.00179876
8.54 -0.00231431
8.55 -0.002804
8.56 -0.00326471
8.57 -0.00369379
8.58 -0.00408901
8.59 -0.0044485
8.6 -0.00477069
8.61 -0.00505421
8.62 -0.00529783
8.63 -0.00550035
8.64 -0.00566054
8.65 -0.00577714
8.66 -0.00584886
8.67 -0.00587443
8.68 -0.00585273
8.69 -0.00578283
8.7 -0.00566415
8.71 -0.0054964
8.72 -0.00527971
8.73 -0.00501466
8.74 -0.00470239
8.75 -0.00434452
8.76 -0.0039432
8.77 -0.00350124
8.78 -0.00302198
8.79 -0.00250933
8.8 -0.00196762
8.81 -0.00140166
8.82 -0.000816585
8.83 -0.000217709
8.84 0.000389662
8.85 0.00100036
8.86 0.00160939
8.87 0.00221198
8.88 0.00280355
8.89 0.00337985
8.9 0.00393701
8.91 0.00447161
8.92 0.00498057
8.93 0.00546117
8.94 0.00591092
8.95 0.00632753
8.96 0.00670881
8.97 0.00705276
8.98 0.00735754
8.99 0.00762142
9 0.00784272
9.01 0.00801974
9.02 0.00815083
9.03 0.00823431
9.04 0.00826858
9.05 0.00825226
9.06 0.00818434
9.07 0.00806425
9.08 0.00789194
9.09 0.00766781
9.1 0.00739272
9.11 0.00706787
9.12 0.00669476
9.13 0.00627521
9.14 0.00581134
9.15 0.00530554
9.16 0.00476058
9.17 0.0041797
9.18 0.00356668
9.19 0.00292591
9.2 0.00226237
9.21 0.00158166
9.22 0.000889977
9.23 0.000194036
9.24 -0.000499161
9.25 -0.0011826
9.26 -0.00184953
9.27 -0.00249368
9.28 -0.00310941
9.29 -0.00369183
9.3 -0.00423674
9.31 -0.00474051
9.32 -0.00519989
9.33 -0.00561201
9.34 -0.00597445
9.35 -0.00628513
9.36 -0.00654234
9.37 -0.00674479
9.38 -0.00689154
9.39 -0.00698208
9.4 -0.00701632
9.41 -0.00699475
9.42 -0.00691847
9.43 -0.00678925
9.44 -0.00660958
9.45 -0.00638272
9.46 -0.00611251
9.47 -0.00580325
9.48 -0.00545948
9.49 -0.00508578
9.5 -0.00468662
9.51 -0.00426621
9.52 -0.00382846
9.53 -0.00337699
9.54 -0.00291519
9.55 -0.0024464
9.56 -0.00197397
9.57 -0.00150132
9.58 -0.00103208
9.59 -0.000570073
9.6 -0.000119267
9.61 0.000316369
9.62 0.000732995
9.63 0.00112705
9.64 0.00149543
9.65 0.00183552
9.66 0.00214529
9.67 0.00242323
9.68 0.00266836
9.69 0.00288022
9.7 0.00305873
9.71 0.00320406
9.72 0.00331654
9.73 0.00339658
9.74 0.00344461
9.75 0.00346097
9.76 0.00344593
9.77 0.00339969
9.78 0.00332243
9.79 0.0032143
9.8 0.00307544
9.81 0.00290597
9.82 0.00270601
9.83 0.00247573
9.84 0.00221535
9.85 0.00192518
9.86 0.00160565
9.87 0.00125752
9.88 0.000881808
9.89 0.000479893
9.9 5.34447e-05
9.91 -0.000395452
9.92 -0.000864264
9.93 -0.00135006
9.94 -0.00184954
9.95 -0.00235906
9.96 -0.00287473
9.97 -0.00339263
9.98 -0.00390897
9.99 -0.00442016
10 -0.00492291
10.01 -0.00541419
10.02 -0.0058913
10.03 -0.00635191
10.04 -0.00679396
10.05 -0.00721547
10.06 -0.00761449
10.07 -0.00798901
10.08 -0.00833698
10.09 -0.00865636
10.1 -0.00894514
10.11 -0.00920135
10.12 -0.00942323
10.13 -0.00960935
10.14 -0.00975866
10.15 -0.00987047
10.16 -0.00994448
10.17 -0.00998069
10.18 -0.00997927
10.19 -0.00994051
10.2 -0.00986477
10.21 -0.00975244
10.22 -0.00960403
10.23 -0.00942024
10.24 -0.00920187
10.25 -0.00894994
10.26 -0.00866571
10.27 -0.00835071
10.28 -0.00800676
10.29 -0.00763586
10.3 -0.00724019
10.31 -0.0068221
10.32 -0.00638396
10.33 -0.00592815
10.34 -0.00545711
10.35 -0.00497335
10.36 -0.00447945
10.37 -0.00397803
10.38 -0.00347173
10.39 -0.00296319
10.4 -0.002455
10.41 -0.00194964
10.42 -0.0014494
10.43 -0.000956323
10.44 -0.000472176
10.45 1.56366e-06
10.46 0.000463673
10.47 0.00091307
10.48 0.00134871
10.49 0.00176948
10.5 0.00217408
10.51 0.00256101
10.52 0.00292854
10.53 0.00327482
10.54 0.00359788
10.55 0.00389579
10.56 0.0041667
10.57 0.00440892
10.58 0.00462088
10.59 0.00480119
10.6 0.0049487
10.61 0.00506241
10.62 0.0051415
10.63 0.0051853
10.64 0.00519325
10.65 0.00516489
10.66 0.0050999
10.67 0.00499812
10.68 0.00485959
10.69 0.00468467
10.7 0.00447409
10.71 0.00422901
10.72 0.00395093
10.73 0.00364169
10.74 0.00330341
10.75 0.00293845
10.76 0.0025494
10.77 0.00213901
10.78 0.0017103
10.79 0.00126644
10.8 0.000810767
10.81 0.00034667
10.82 -0.000122359
10.83 -0.00059276
10.84 -0.00106096
10.85 -0.00152342
10.86 -0.00197673
10.87 -0.00241769
10.88 -0.00284328
10.89 -0.00325068
10.9 -0.00363725
10.91 -0.00400054
10.92 -0.00433823
10.93 -0.00464799
10.94 -0.00492749
10.95 -0.00517435
10.96 -0.00538619
10.97 -0.00556066
10.98 -0.00569553
10.99 -0.00578881
11 -0.00583883
11.01 -0.0058443
11.02 -0.00580435
11.03 -0.00571857
11.04 -0.00558704
11.05 -0.0054103
11.06 -0.00518928
11.07 -0.00492525
11.08 -0.00461984
11.09 -0.00427501
11.1 -0.00389298
11.11 -0.00347618
11.12 -0.00302715
11.13 -0.00254851
11.14 -0.00204303
11.15 -0.00151363
11.16 -0.000963293
11.17 -0.000394989
11.18 0.000188435
11.19 0.000784277
11.2 0.00138999
11.21 0.00200318
11.22 0.00262157
11.23 0.00324299
11.24 0.00386513
11.25 0.00448539
11.26 0.00510074
11.27 0.00570774
11.28 0.00630263
11.29 0.00688149
11.3 0.00744038
11.31 0.00797543
11.32 0.00848295
11.33 0.0089595
11.34 0.00940208
11.35 0.0098082
11.36 0.010176
11.37 0.0105042
11.38 0.0107919
11.39 0.0110384
11.4 0.0112433
11.41 0.0114064
11.42 0.0115274
11.43 0.0116061
11.44 0.0116424
11.45 0.011636
11.46 0.0115869
11.47 0.0114955
11.48 0.0113623
11.49 0.0111885
11.5 0.010976
11.51 0.0107271
11.52 0.0104447
11.53 0.0101321
11.54 0.00979282
11.55 0.00943071
11.56 0.00904943
11.57 0.00865253
11.58 0.00824334
11.59 0.00782497
11.6 0.00740049
11.61 0.00697295
11.62 0.00654542
11.63 0.00612096
11.64 0.00570261
11.65 0.00529333
11.66 0.004896
11.67 0.00451336
11.68 0.00414806
11.69 0.00380249
11.7 0.00347873
11.71 0.00317852
11.72 0.00290313
11.73 0.00265338
11.74 0.00242965
11.75 0.00223178
11.76 0.00205909
11.77 0.00191024
11.78 0.00178326
11.79 0.00167561
11.8 0.00158444
11.81 0.00150683
11.82 0.00144006
11.83 0.00138165
11.84 0.0013294
11.85 0.00128147
11.86 0.00123622
11.87 0.00119214
11.88 0.00114777
11.89 0.00110177
11.9 0.00105288
11.91 0.000999989
11.92 0.000942098
11.93 0.000878352
11.94 0.000808012
11.95 0.000730458
11.96 0.00064517
11.97 0.000551732
11.98 0.00044991
11.99 0.00033974
12 0.000221529
12.01 9.58062e-05
12.02 -3.66469e-05
12.03 -0.000174726
12.04 -0.000317001
12.05 -0.000461797
12.06 -0.000607283
12.07 -0.00075157
12.08 -0.000892854
12.09 -0.00102958
12.1 -0.0011605
12.11 -0.00128469
12.12 -0.0014015
12.13 -0.00151071
12.14 -0.00161247
12.15 -0.00170734
12.16 -0.00179619
12.17 -0.00188006
12.18 -0.00196009
12.19 -0.00203744
12.2 -0.0021133
12.21 -0.00218886
12.22 -0.00226512
12.23 -0.00234298
12.24 -0.00242327
12.25 -0.00250675
12.26 -0.00259397
12.27 -0.00268526
12.28 -0.00278082
12.29 -0.00288064
12.3 -0.00298453
12.31 -0.00309215
12.32 -0.00320289
12.33 -0.00331586
12.34 -0.0034299
12.35 -0.00354364
12.36 -0.00365556
12.37 -0.00376391
12.38 -0.00386673
12.39 -0.00396191
12.4 -0.00404728
12.41 -0.00412063
12.42 -0.0041799
12.43 -0.00422327
12.44 -0.00424911
12.45 -0.00425592
12.46 -0.00424239
12.47 -0.00420731
12.48 -0.00414938
12.49 -0.00406705
12.5 -0.00395847
12.51 -0.00382145
12.52 -0.00365362
12.53 -0.00345246
12.54 -0.00321553
12.55 -0.00294075
12.56 -0.00262647
12.57 -0.00227159
12.58 -0.00187555
12.59 -0.0014382
12.6 -0.000959705
12.61 -0.000440535
12.62 0.000118442
12.63 0.000715838
12.64 0.00134971
12.65 0.00201767
12.66 0.0027169
12.67 0.00344403
12.68 0.00419515
12.69 0.00496574
12.7 0.00575075
12.71 0.00654472
12.72 0.00734196
12.73 0.00813662
12.74 0.00892279
12.75 0.00969465
12.76 0.0104465
12.77 0.011173
12.78 0.011869
12.79 0.0125296
12.8 0.0131503
12.81 0.0137269
12.82 0.0142551
12.83 0.0147313
12.84 0.0151517
12.85 0.0155131
12.86 0.0158129
12.87 0.0160487
12.88 0.0162189
12.89 0.0163226
12.9 0.0163595
12.91 0.01633
12.92 0.0162348
12.93 0.0160751
12.94 0.0158523
12.95 0.0155682
12.96 0.0152247
12.97 0.0148241
12.98 0.0143687
12.99 0.0138614
13 0.0133052
13.01 0.0127033
13.02 0.0120595
13.03 0.0113781
13.04 0.0106636
13.05 0.00992067
13.06 0.00915428
13.07 0.00836923
13.08 0.00757021
13.09 0.00676175
13.1 0.00594807
13.11 0.00513316
13.12 0.00432075
13.13 0.00351451
13.14 0.00271805
13.15 0.00193503
13.16 0.00116921
13.17 0.000424448
13.18 -0.000295324
13.19 -0.00098617
13.2 -0.00164423
13.21 -0.00226586
13.22 -0.00284763
13.23 -0.00338645
13.24 -0.00387953
13.25 -0.00432445
13.26 -0.0047192
13.27 -0.00506217
13.28 -0.0053522
13.29 -0.00558859
13.3 -0.00577106
13.31 -0.00589985
13.32 -0.0059757
13.33 -0.00599989
13.34 -0.00597414
13.35 -0.00590053
13.36 -0.00578137
13.37 -0.00561915
13.38 -0.00541643
13.39 -0.00517585
13.4 -0.00490013
13.41 -0.00459193
13.42 -0.00425392
13.43 -0.00388863
13.44 -0.00349856
13.45 -0.00308605
13.46 -0.00265336
13.47 -0.00220261
13.48 -0.00173585
13.49 -0.00125509
13.5 -0.000762276
13.51 -0.000259332
13.52 0.000251824
13.53 0.000769321
13.54 0.00129138
13.55 0.00181632
13.56 0.00234253
13.57 0.00286842
13.58 0.0033923
13.59 0.00391233
13.6 0.00442647
13.61 0.0049326
13.62 0.00542858
13.63 0.00591232
13.64 0.00638182
13.65 0.00683511
13.66 0.00727033
13.67 0.00768579
13.68 0.00807988
13.69 0.00845102
13.7 0.00879756
13.71 0.00911785
13.72 0.00941028
13.73 0.00967323
13.74 0.00990502
13.75 0.0101039
13.76 0.0102681
13.77 0.0103956
13.78 0.0104842
13.79 0.0105318
13.8 0.0105359
13.81 0.0104938
13.82 0.0104027
13.83 0.0102601
13.84 0.0100638
13.85 0.00981277
13.86 0.00950715
13.87 0.00914779
13.88 0.00873614
13.89 0.00827391
13.9 0.00776309
13.91 0.00720596
13.92 0.00660512
13.93 0.00596338
13.94 0.00528373
13.95 0.00456936
13.96 0.00382369
13.97 0.00305031
13.98 0.00225301
13.99 0.00143568
14 0.00060222
14.01 -0.00024344
14.02 -0.00109737
14.03 -0.00195558
14.04 -0.00281403
14.05 -0.00366868
14.06 -0.00451552
14.07 -0.00535077
14.08 -0.00617087
14.09 -0.00697259
14.1 -0.00775309
14.11 -0.00850996
14.12 -0.00924126
14.13 -0.00994552
14.14 -0.0106218
14.15 -0.0112697
14.16 -0.0118893
14.17 -0.0124809
14.18 -0.0130451
14.19 -0.0135826
14.2 -0.0140941
14.21 -0.0145806
14.22 -0.0150432
14.23 -0.015483
14.24 -0.0159016
14.25 -0.0163006
14.26 -0.016682
14.27 -0.0170478
14.28 -0.0174002
14.29 -0.0177417
14.3 -0.0180759
14.31 -0.0184067
14.32 -0.0187371
14.33 -0.0190698
14.34 -0.019407
14.35 -0.0197511
14.36 -0.0201042
14.37 -0.0204687
14.38 -0.0208473
14.39 -0.0212427
14.4 -0.0216578
14.41 -0.0220955
14.42 -0.0225585
14.43 -0.0230497
14.44 -0.0235715
14.45 -0.0241258
14.46 -0.024714
14.47 -0.0253372
14.48 -0.025996
14.49 -0.0266906
14.5 -0.0274214
14.51 -0.0281885
14.52 -0.0289923
14.53 -0.0298332
14.54 -0.0307117
14.55 -0.0316285
14.56 -0.0325843
14.57 -0.0335798
14.58 -0.0346157
14.59 -0.0356927
14.6 -0.0368114
14.61 -0.0379721
14.62 -0.0391746
14.63 -0.0404181
14.64 -0.0417011
14.65 -0.0430213
14.66 -0.0443753
14.67 -0.0457593
14.68 -0.047169
14.69 -0.0486006
14.7 -0.05005
14.71 -0.051514
14.72 -0.0529888
14.73 -0.0544702
14.74 -0.0559531
14.75 -0.0574312
14.76 -0.0588978
14.77 -0.0603462
14.78 -0.0617698
14.79 -0.0631621
14.8 -0.0645166
14.81 -0.0658267
14.82 -0.0670862
14.83 -0.0682885
14.84 -0.0694276
14.85 -0.0704973
14.86 -0.0714917
14.87 -0.0724047
14.88 -0.0732306
14.89 -0.0739633
14.9 -0.0745967
14.91 -0.0751247
14.92 -0.075541
14.93 -0.0758395
14.94 -0.0760139
14.95 -0.0760578
14.96 -0.0759653
14.97 -0.0757311
14.98 -0.0753516
14.99 -0.0748251
15 -0.0741517
15.01 -0.0733343
15.02 -0.072378
15.03 -0.07129
15.04 -0.0700791
15.05 -0.0687556
15.06 -0.0673313
15.07 -0.0658194
15.08 -0.064234
15.09 -0.0625896
15.1 -0.060901
15.11 -0.0591831
15.12 -0.057451
15.13 -0.0557198
15.14 -0.0540047
15.15 -0.0523204
15.16 -0.0506813
15.17 -0.0491008
15.18 -0.0475914
15.19 -0.0461647
15.2 -0.0448311
15.21 -0.0436004
15.22 -0.0424819
15.23 -0.0414842
15.24 -0.0406154
15.25 -0.0398806
15.26 -0.0392812
15.27 -0.0388189
15.28 -0.0384974
15.29 -0.0383201
15.3 -0.0382902
15.31 -0.0384104
15.32 -0.038682
15.33 -0.0391047
15.34 -0.0396766
15.35 -0.0403953
15.36 -0.0412577
15.37 -0.0422599
15.38 -0.0433973
15.39 -0.0446645
15.4 -0.046055
15.41 -0.0475615
15.42 -0.0491755
15.43 -0.0508875
15.44 -0.052687
15.45 -0.0545626
15.46 -0.0565019
15.47 -0.0584918
15.48 -0.0605183
15.49 -0.0625664
15.5 -0.06462
15.51 -0.0666626
15.52 -0.0686766
15.53 -0.0706446
15.54 -0.0725495
15.55 -0.0743749
15.56 -0.0761096
15.57 -0.0777506
15.58 -0.0792954
15.59 -0.0807393
15.6 -0.0820775
15.61 -0.0833053
15.62 -0.084418
15.63 -0.085411
15.64 -0.0862796
15.65 -0.087019
15.66 -0.0876247
15.67 -0.0880919
15.68 -0.0884161
15.69 -0.0885929
15.7 -0.0886179
15.71 -0.0884869
15.72 -0.0881962
15.73 -0.0877434
15.74 -0.0871273
15.75 -0.086347
15.76 -0.0854029
15.77 -0.0842964
15.78 -0.0830296
15.79 -0.0816059
15.8 -0.0800298
15.81 -0.0783068
15.82 -0.0764435
15.83 -0.0744476
15.84 -0.0723282
15.85 -0.0700952
15.86 -0.0677595
15.87 -0.0653328
15.88 -0.0628273
15.89 -0.0602559
15.9 -0.057632
15.91 -0.0549696
15.92 -0.0522802
15.93 -0.0495685
15.94 -0.0468336
15.95 -0.0440736
15.96 -0.0412867
15.97 -0.0384714
15.98 -0.035627
15.99 -0.0327527
16 -0.0298487
16.01 -0.0269156
16.02 -0.0239546
16.03 -0.0209681
16.04 -0.0179592
16.05 -0.0149318
16.06 -0.0118909
16.07 -0.00884133
16.08 -0.00578827
16.09 -0.00273663
16.1 0.000308747
16.11 0.00334308
16.12 0.00636165
16.13 0.00935968
16.14 0.0123323
16.15 0.0152747
16.16 0.0181819
16.17 0.0210488
16.18 0.0238703
16.19 0.0266413
16.2 0.0293567
16.21 0.0320117
16.22 0.0346018
16.23 0.0371229
16.24 0.0395716
16.25 0.0419454
16.26 0.0442426
16.27 0.0464623
16.28 0.0486039
16.29 0.0506673
16.3 0.0526525
16.31 0.0545597
16.32 0.0563892
16.33 0.0581417
16.34 0.0598176
16.35 0.0614177
16.36 0.0629429
16.37 0.064394
16.38 0.0657717
16.39 0.0670771
16.4 0.0683111
16.41 0.0694751
16.42 0.0705699
16.43 0.0715967
16.44 0.0725564
16.45 0.0734497
16.46 0.0742776
16.47 0.0750409
16.48 0.0757403
16.49 0.0763767
16.5 0.0769507
16.51 0.0774632
16.52 0.0779146
16.53 0.0783059
16.54 0.0786377
16.55 0.0789108
16.56 0.0791257
16.57 0.0792832
16.58 0.0793834
16.59 0.0794268
16.6 0.0794134
16.61 0.0793432
16.62 0.0792162
16.63 0.0790324
16.64 0.0787919
16.65 0.0784947
16.66 0.0781407
16.67 0.07773
16.68 0.0772625
16.69 0.076738
16.7 0.0761566
16.71 0.0755185
16.72 0.0748246
16.73 0.0740767
16.74 0.0732773
16.75 0.0724298
16.76 0.0715382
16.77 0.070607
16.78 0.0696409
16.79 0.0686452
16.8 0.0676257
16.81 0.0665883
16.82 0.0655391
16.83 0.0644844
16.84 0.0634306
16.85 0.0623839
16.86 0.0613506
16.87 0.0603367
16.88 0.059348
16.89 0.0583896
16.9 0.0574665
16.91 0.0565832
16.92 0.0557438
16.93 0.054952
16.94 0.0542116
16.95 0.0535258
16.96 0.0528976
16.97 0.0523298
16.98 0.0518248
16.99 0.0513849
17 0.0510117
17.01 0.0507067
17.02 0.0504711
17.03 0.0503053
17.04 0.0502094
17.05 0.050183
17.06 0.0502253
17.07 0.050335
17.08 0.0505107
17.09 0.0507504
17.1 0.0510517
17.11 0.051412
17.12 0.0518281
17.13 0.0522966
17.14 0.052814
17.15 0.0533762
17.16 0.0539792
17.17 0.0546186
17.18 0.0552897
17.19 0.0559878
17.2 0.0567082
17.21 0.0574459
17.22 0.058196
17.23 0.0589535
17.24 0.0597135
17.25 0.0604709
17.26 0.0612207
17.27 0.0619577
17.28 0.062677
17.29 0.0633733
17.3 0.064042
17.31 0.0646782
17.32 0.0652776
17.33 0.0658359
17.34 0.0663491
17.35 0.0668134
17.36 0.0672249
17.37 0.06758
17.38 0.0678749
17.39 0.0681058
17.4 0.0682689
17.41 0.0683603
17.42 0.0683763
17.43 0.0683134
17.44 0.0681686
17.45 0.06794
17.46 0.0676266
17.47 0.0672285
17.48 0.0667467
17.49 0.0661832
17.5 0.0655407
17.51 0.064822
17.52 0.0640308
17.53 0.0631708
17.54 0.0622461
17.55 0.0612614
17.56 0.0602216
17.57 0.0591325
17.58 0.0580001
17.59 0.0568309
17.6 0.0556322
17.61 0.0544117
17.62 0.0531775
17.63 0.0519383
17.64 0.0507033
17.65 0.0494817
17.66 0.0482829
17.67 0.0471165
17.68 0.045992
17.69 0.0449186
17.7 0.0439051
17.71 0.0429571
17.72 0.0420749
17.73 0.0412585
17.74 0.040509
17.75 0.0398274
17.76 0.0392149
17.77 0.038673
17.78 0.0382035
17.79 0.0378087
17.8 0.0374914
17.81 0.0372545
17.82 0.0371008
17.83 0.0370334
17.84 0.0370551
17.85 0.0371683
17.86 0.0373752
17.87 0.037677
17.88 0.0380741
17.89 0.0385662
17.9 0.0391518
17.91 0.0398282
17.92 0.0405919
17.93 0.0414384
17.94 0.0423627
17.95 0.0433589
17.96 0.044421
17.97 0.045542
17.98 0.0467147
17.99 0.0479315
18 0.0491845
18.01 0.0504656
18.02 0.0517666
18.03 0.0530793
18.04 0.0543955
18.05 0.0557069
18.06 0.0570058
18.07 0.0582842
18.08 0.0595347
18.09 0.0607498
18.1 0.0619223
18.11 0.0630452
18.12 0.0641121
18.13 0.0651167
18.14 0.0660535
18.15 0.0669175
18.16 0.0677043
18.17 0.0684103
18.18 0.0690325
18.19 0.0695686
18.2 0.0700171
18.21 0.0703771
18.22 0.0706484
18.23 0.0708311
18.24 0.0709259
18.25 0.070934
18.26 0.0708568
18.27 0.0706963
18.28 0.0704551
18.29 0.0701361
18.3 0.0697429
18.31 0.0692796
18.32 0.0687506
18.33 0.0681608
18.34 0.0675154
18.35 0.0668197
18.36 0.0660794
18.37 0.0653
18.38 0.0644871
18.39 0.0636467
18.4 0.0627848
18.41 0.0619075
18.42 0.0610213
18.43 0.0601328
18.44 0.0592489
18.45 0.0583765
18.46 0.0575229
18.47 0.0566951
18.48 0.0559003
18.49 0.0551453
18.5 0.0544367
18.51 0.0537805
18.52 0.0531824
18.53 0.0526471
18.54 0.052179
18.55 0.0517815
18.56 0.0514577
18.57 0.0512096
18.58 0.051039
18.59 0.0509469
18.6 0.0509341
18.61 0.0510007
18.62 0.0511464
18.63 0.0513706
18.64 0.0516721
18.65 0.052049
18.66 0.0524993
18.67 0.0530198
18.68 0.0536067
18.69 0.054255
18.7 0.0549587
18.71 0.0557104
18.72 0.0565018
18.73 0.0573236
18.74 0.0581661
18.75 0.0590193
18.76 0.0598734
18.77 0.0607189
18.78 0.0615463
18.79 0.0623462
18.8 0.0631096
18.81 0.0638275
18.82 0.0644913
18.83 0.0650927
18.84 0.0656239
18.85 0.0660771
18.86 0.0664455
18.87 0.0667224
18.88 0.066902
18.89 0.0669792
18.9 0.06695
18.91 0.0668112
18.92 0.0665612
18.93 0.0661994
18.94 0.0657267
18.95 0.065145
18.96 0.064457
18.97 0.0636659
18.98 0.0627754
18.99 0.0617897
19 0.0607132
19.01 0.0595504
19.02 0.0583058
19.03 0.0569845
19.04 0.0555917
19.05 0.054133
19.06 0.0526148
19.07 0.0510442
19.08 0.0494289
19.09 0.0477769
19.1 0.046097
19.11 0.0443978
19.12 0.0426882
19.13 0.0409764
19.14 0.0392707
19.15 0.037579
19.16 0.0359094
19.17 0.0342659
19.18 0.0326462
19.19 0.0310483
19.2 0.0294724
19.21 0.0279196
19.22 0.0263917
19.23 0.0248908
19.24 0.0234193
19.25 0.0219796
19.26 0.0205733
19.27 0.0192015
19.28 0.0178646
19.29 0.0165627
19.3 0.0152959
19.31 0.0140649
19.32 0.0128703
19.33 0.0117133
19.34 0.0105954
19.35 0.00951877
19.36 0.00848574
19.37 0.0074991
19.38 0.00656171
19.39 0.00567628
19.4 0.00484545
19.41 0.00407183
19.42 0.00335808
19.43 0.00270682
19.44 0.00212063
19.45 0.00160209
19.46 0.00115373
19.47 0.000778044
19.48 0.000477469
19.49 0.000254394
19.5 0.000111021
19.51 4.93127e-05
19.52 7.10471e-05
19.53 0.000177651
19.54 0.000369801
19.55 0.000647206
19.56 0.00100856
19.57 0.00145165
19.58 0.00197355
19.59 0.00257076
19.6 0.00323924
19.61 0.00397437
19.62 0.00477106
19.63 0.00562379
19.64 0.00652675
19.65 0.00747381
19.66 0.00845854
19.67 0.00947427
19.68 0.0105141
19.69 0.011571
19.7 0.0126376
19.71 0.0137065
19.72 0.0147702
19.73 0.0158215
19.74 0.016853
19.75 0.0178578
19.76 0.0188296
19.77 0.0197625
19.78 0.0206509
19.79 0.0214897
19.8 0.0222744
19.81 0.0230005
19.82 0.023664
19.83 0.0242612
19.84 0.0247886
19.85 0.0252433
19.86 0.0256222
19.87 0.025923
19.88 0.0261435
19.89 0.0262821
19.9 0.0263378
19.91 0.0263103
19.92 0.0261999
19.93 0.0260077
19.94 0.0257352
19.95 0.0253845
19.96 0.0249582
19.97 0.0244588
19.98 0.0238894
19.99 0.0232531
20 0.0225533
20.01 0.0217934
20.02 0.0209774
20.03 0.0201096
20.04 0.0191951
20.05 0.0182395
20.06 0.0172493
20.07 0.0162316
20.08 0.015194
20.09 0.0141447
20.1 0.0130923
20.11 0.0120458
20.12 0.0110142
20.13 0.0100062
20.14 0.00903033
20.15 0.00809473
20.16 0.00720726
20.17 0.00637529
20.18 0.00560557
20.19 0.00490422
20.2 0.00427658
20.21 0.0037272
20.22 0.0032599
20.23 0.00287793
20.24 0.00258405
20.25 0.00238044
20.26 0.00226863
20.27 0.00224939
20.28 0.00232273
20.29 0.00248789
20.3 0.00274335
20.31 0.00308683
20.32 0.00351536
20.33 0.00402535
20.34 0.00461263
20.35 0.00527263
20.36 0.00600044
20.37 0.00679096
20.38 0.0076391
20.39 0.00853985
20.4 0.00948827
20.41 0.0104796
20.42 0.0115091
20.43 0.0125721
20.44 0.013664
20.45 0.01478
20.46 0.015915
20.47 0.017064
20.48 0.0182219
20.49 0.0193836
20.5 0.0205442
20.51 0.0216989
20.52 0.0228427
20.53 0.0239711
20.54 0.0250797
20.55 0.0261641
20.56 0.02722
20.57 0.0282434
20.58 0.0292301
20.59 0.0301757
20.6 0.0310756
20.61 0.031925
20.62 0.0327191
20.63 0.0334533
20.64 0.0341234
20.65 0.0347254
20.66 0.0352568
20.67 0.0357171
20.68 0.0361067
20.69 0.0364261
20.7 0.0366757
20.71 0.0368563
20.72 0.0369685
20.73 0.037013
20.74 0.0369908
20.75 0.0369026
20.76 0.0367497
20.77 0.0365339
20.78 0.0362574
20.79 0.0359229
20.8 0.035534
20.81 0.0350946
20.82 0.0346097
20.83 0.0340846
20.84 0.0335253
20.85 0.0329378
20.86 0.0323279
20.87 0.0317015
20.88 0.031064
20.89 0.0304208
20.9 0.0297765
20.91 0.0291359
20.92 0.0285035
20.93 0.0278835
20.94 0.0272802
20.95 0.0266977
20.96 0.0261396
20.97 0.0256092
20.98 0.0251091
20.99 0.0246417
21 0.0242086
21.01 0.0238106
21.02 0.0234482
21.03 0.023121
21.04 0.0228283
21.05 0.0225692
21.06 0.0223424
21.07 0.0221468
21.08 0.0219808
21.09 0.0218428
21.1 0.021731
21.11 0.0216437
21.12 0.0215792
21.13 0.0215362
21.14 0.0215134
21.15 0.0215098
21.16 0.0215243
21.17 0.0215557
21.18 0.0216029
21.19 0.0216646
21.2 0.0217394
21.21 0.0218258
21.22 0.0219225
21.23 0.0220277
21.24 0.0221401
21.25 0.022258
21.26 0.0223803
21.27 0.0225056
21.28 0.0226332
21.29 0.0227621
21.3 0.022892
21.31 0.0230222
21.32 0.0231523
21.33 0.0232816
21.34 0.0234094
21.35 0.0235346
21.36 0.0236561
21.37 0.0237725
21.38 0.0238824
21.39 0.0239839
21.4 0.0240751
21.41 0.0241539
21.42 0.0242181
21.43 0.0242656
21.44 0.0242945
21.45 0.0243028
21.46 0.0242892
21.47 0.0242523
21.48 0.0241914
21.49 0.0241055
21.5 0.0239942
21.51 0.023857
21.52 0.0236936
21.53 0.0235039
21.54 0.023288
21.55 0.0230465
21.56 0.0227796
21.57 0.0224879
21.58 0.0221721
21.59 0.0218325
21.6 0.0214696
21.61 0.021084
21.62 0.0206765
21.63 0.0202479
21.64 0.0197999
21.65 0.0193341
21.66 0.0188529
21.67 0.0183588
21.68 0.0178548
21.69 0.0173439
21.7 0.0168292
21.71 0.0163138
21.72 0.0158006
21.73 0.0152926
21.74 0.0147931
21.75 0.0143052
21.76 0.0138323
21.77 0.0133779
21.78 0.0129456
21.79 0.0125388
21.8 0.012161
21.81 0.0118152
21.82 0.011504
21.83 0.0112294
21.84 0.0109932
21.85 0.0107962
21.86 0.0106391
21.87 0.0105218
21.88 0.0104442
21.89 0.0104053
21.9 0.0104041
21.91 0.0104396
21.92 0.0105103
21.93 0.0106148
21.94 0.0107519
21.95 0.0109201
21.96 0.0111179
21.97 0.0113433
21.98 0.0115942
21.99 0.0118678
22 0.0121608
22.01 0.0124694
22.02 0.0127896
22.03 0.0131169
22.04 0.0134472
22.05 0.0137765
22.06 0.0141016
22.07 0.0144201
22.08 0.0147299
22.09 0.0150297
22.1 0.0153182
22.11 0.0155945
22.12 0.0158578
22.13 0.0161077
22.14 0.0163436
22.15 0.0165651
22.16 0.0167714
22.17 0.016962
22.18 0.0171361
22.19 0.0172931
22.2 0.0174324
22.21 0.0175536
22.22 0.0176567
22.23 0.0177419
22.24 0.0178098
22.25 0.017861
22.26 0.0178965
22.27 0.0179172
22.28 0.0179242
22.29 0.0179184
22.3 0.0179006
22.31 0.0178712
22.32 0.0178305
22.33 0.0177782
22.34 0.0177143
22.35 0.0176383
22.36 0.0175501
22.37 0.0174492
22.38 0.0173358
22.39 0.0172098
22.4 0.0170717
22.41 0.0169221
22.42 0.0167618
22.43 0.0165919
22.44 0.0164136
22.45 0.0162285
22.46 0.016038
22.47 0.0158442
22.48 0.0156492
22.49 0.0154555
22.5 0.0152656
22.51 0.0150824
22.52 0.0149089
22.53 0.0147484
22.54 0.014604
22.55 0.0144788
22.56 0.0143758
22.57 0.014298
22.58 0.0142482
22.59 0.014229
22.6 0.014243
22.61 0.0142923
22.62 0.0143789
22.63 0.0145045
22.64 0.0146702
22.65 0.0148768
22.66 0.0151244
22.67 0.0154128
22.68 0.0157411
22.69 0.0161077
22.7 0.016511
22.71 0.0169492
22.72 0.0174206
22.73 0.0179232
22.74 0.0184548
22.75 0.0190133
22.76 0.0195964
22.77 0.0202013
22.78 0.0208253
22.79 0.0214652
22.8 0.022118
22.81 0.0227804
22.82 0.023449
22.83 0.0241205
22.84 0.0247916
22.85 0.0254587
22.86 0.0261185
22.87 0.0267675
22.88 0.0274022
22.89 0.0280193
22.9 0.0286152
22.91 0.0291864
22.92 0.0297293
22.93 0.0302404
22.94 0.0307163
22.95 0.0311534
22.96 0.0315484
22.97 0.0318981
22.98 0.0321994
22.99 0.03245
23 0.0326483
23.01 0.0327932
23.02 0.0328846
23.03 0.0329228
23.04 0.0329085
23.05 0.0328434
23.06 0.0327289
23.07 0.032567
23.08 0.0323596
23.09 0.0321085
23.1 0.0318155
23.11 0.0314825
23.12 0.0311117
23.13 0.0307053
23.14 0.0302661
23.15 0.0297967
23.16 0.0293001
23.17 0.0287794
23.18 0.028238
23.19 0.0276794
23.2 0.0271073
23.21 0.0265254
23.22 0.0259375
23.23 0.0253473
23.24 0.0247587
23.25 0.0241752
23.26 0.0236005
23.27 0.0230381
23.28 0.0224915
23.29 0.0219642
23.3 0.0214596
23.31 0.020981
23.32 0.0205318
23.33 0.0201149
23.34 0.0197331
23.35 0.0193887
23.36 0.0190839
23.37 0.0188203
23.38 0.0185991
23.39 0.0184212
23.4 0.0182868
23.41 0.0181957
23.42 0.0181471
23.43 0.0181398
23.44 0.0181722
23.45 0.0182422
23.46 0.0183475
23.47 0.0184856
23.48 0.0186541
23.49 0.0188507
23.5 0.019073
23.51 0.019319
23.52 0.0195863
23.53 0.0198727
23.54 0.0201756
23.55 0.0204928
23.56 0.0208217
23.57 0.02116
23.58 0.0215054
23.59 0.0218555
23.6 0.0222081
23.61 0.0225611
23.62 0.0229123
23.63 0.0232599
23.64 0.0236018
23.65 0.0239365
23.66 0.0242623
23.67 0.0245778
23.68 0.0248812
23.69 0.0251709
23.7 0.0254453
23.71 0.0257025
23.72 0.0259407
23.73 0.0261581
23.74 0.0263528
23.75 0.0265228
23.76 0.026666
23.77 0.0267802
23.78 0.0268628
23.79 0.0269113
23.8 0.0269229
23.81 0.0268954
23.82 0.0268264
23.83 0.0267141
23.84 0.026557
23.85 0.0263538
23.86 0.0261038
23.87 0.0258063
23.88 0.0254613
23.89 0.0250687
23.9 0.0246289
23.91 0.0241423
23.92 0.0236094
23.93 0.0230309
23.94 0.0224079
23.95 0.0217417
23.96 0.0210343
23.97 0.0202878
23.98 0.0195053
23.99 0.0186903
24 0.0178472
24.01 0.016981
24.02 0.0160969
24.03 0.0152009
24.04 0.0142991
24.05 0.0133986
24.06 0.0125068
24.07 0.0116317
24.08 0.0107813
24.09 0.00996359
24.1 0.00918617
24.11 0.0084562
24.12 0.0077802
24.13 0.00716389
24.14 0.00661205
24.15 0.00612851
24.16 0.00571608
24.17 0.00537673
24.18 0.00511179
24.19 0.00492208
24.2 0.00480785
24.21 0.00476879
24.22 0.00480402
24.23 0.0049121
24.24 0.00509106
24.25 0.00533842
24.26 0.00565125
24.27 0.00602605
24.28 0.00645883
24.29 0.00694508
24.3 0.00747969
24.31 0.00805711
24.32 0.00867156
24.33 0.00931725
24.34 0.00998865
24.35 0.0106807
24.36 0.0113888
24.37 0.0121085
24.38 0.0128358
24.39 0.0135667
24.4 0.0142975
24.41 0.0150244
24.42 0.0157436
24.43 0.0164515
24.44 0.0171441
24.45 0.0178175
24.46 0.018468
24.47 0.019092
24.48 0.0196864
24.49 0.020248
24.5 0.0207742
24.51 0.0212625
24.52 0.0217108
24.53 0.0221171
24.54 0.0224794
24.55 0.0227963
24.56 0.0230663
24.57 0.023288
24.58 0.0234603
24.59 0.0235822
24.6 0.0236528
24.61 0.0236719
24.62 0.0236392
24.63 0.023555
24.64 0.0234198
24.65 0.0232347
24.66 0.0230012
24.67 0.0227214
24.68 0.0223978
24.69 0.0220335
24.7 0.0216319
24.71 0.0211968
24.72 0.0207323
24.73 0.0202427
24.74 0.0197322
24.75 0.0192055
24.76 0.0186672
24.77 0.0181222
24.78 0.0175751
24.79 0.0170304
24.8 0.0164926
24.81 0.0159656
24.82 0.0154534
24.83 0.0149593
24.84 0.0144867
24.85 0.0140383
24.86 0.0136169
24.87 0.0132247
24.88 0.0128639
24.89 0.012536
24.9 0.0122422
24.91 0.0119833
24.92 0.0117595
24.93 0.011571
24.94 0.0114172
24.95 0.0112978
24.96 0.0112117
24.97 0.011158
24.98 0.0111354
24.99 0.0111426
25 0.0111782
