0.01 3.17218e-09
0.02 1.52741e-08
0.03 3.76941e-08
0.04 6.80493e-08
0.05 1.03991e-07
0.06 1.4323e-07
0.07 1.83559e-07
0.08 2.22853e-07
0.09 2.59056e-07
0.1 2.90182e-07
0.11 3.14346e-07
0.12 3.29761e-07
0.13 3.3471e-07
0.14 3.27487e-07
0.15 3.06394e-07
0.16 2.69793e-07
0.17 2.16167e-07
0.18 1.44126e-07
0.19 5.2427e-08
0.2 -6.0017e-08
0.21 -1.94123e-07
0.22 -3.50633e-07
0.23 -5.3012e-07
0.24 -7.33005e-07
0.25 -9.59591e-07
0.26 -1.21012e-06
0.27 -1.48482e-06
0.28 -1.78374e-06
0.29 -2.10656e-06
0.3 -2.45242e-06
0.31 -2.8199e-06
0.32 -3.20702e-06
0.33 -3.61097e-06
0.34 -4.02809e-06
0.35 -4.45414e-06
0.36 -4.88448e-06
0.37 -5.31429e-06
0.38 -5.73911e-06
0.39 -6.15562e-06
0.4 -6.56227e-06
0.41 -6.9596e-06
0.42 -7.34973e-06
0.43 -7.73582e-06
0.44 -8.12211e-06
0.45 -8.51373e-06
0.46 -8.91627e-06
0.47 -9.33531e-06
0.48 -9.77584e-06
0.49 -1.0242e-05
0.5 -1.0737e-05
0.51 -1.12633e-05
0.52 -1.1823e-05
0.53 -1.24171e-05
0.54 -1.30461e-05
0.55 -1.37104e-05
0.56 -1.44094e-05
0.57 -1.51423e-05
0.58 -1.5908e-05
0.59 -1.67054e-05
0.6 -1.75332e-05
0.61 -1.83899e-05
0.62 -1.92736e-05
0.63 -2.01824e-05
0.64 -2.11144e-05
0.65 -2.20676e-05
0.66 -2.30401e-05
0.67 -2.40302e-05
0.68 -2.50366e-05
0.69 -2.60581e-05
0.7 -2.70938e-05
0.71 -2.81421e-05
0.72 -2.92011e-05
0.73 -3.02672e-05
0.74 -3.13348e-05
0.75 -3.23959e-05
0.76 -3.34393e-05
0.77 -3.44514e-05
0.78 -3.54173e-05
0.79 -3.63231e-05
0.8 -3.71574e-05
0.81 -3.79117e-05
0.82 -3.85805e-05
0.83 -3.916e-05
0.84 -3.96489e-05
0.85 -4.00493e-05
0.86 -4.03664e-05
0.87 -4.06044e-05
0.88 -4.07629e-05
0.89 -4.08361e-05
0.9 -4.08152e-05
0.91 -4.06901e-05
0.92 -4.04504e-05
0.93 -4.00879e-05
0.94 -3.9599e-05
0.95 -3.89863e-05
0.96 -3.82586e-05
0.97 -3.74306e-05
0.98 -3.65181e-05
0.99 -3.55322e-05
1 -3.44779e-05
1.01 -3.33548e-05
1.02 -3.21566e-05
1.03 -3.08725e-05
1.04 -2.94897e-05
1.05 -2.79954e-05
1.06 -2.63804e-05
1.07 -2.46403e-05
1.08 -2.27748e-05
1.09 -2.07843e-05
1.1 -1.86691e-05
1.11 -1.64313e-05
1.12 -1.4073e-05
1.13 -1.15949e-05
1.14 -8.99671e-06
1.15 -6.27848e-06
1.16 -3.44262e-06
1.17 -4.96236e-07
1.18 2.54648e-06
1.19 5.66618e-06
1.2 8.8417e-06
1.21 1.20486e-05
1.22 1.52581e-05
1.23 1.84397e-05
1.24 2.15668e-05
1.25 2.4625e-05
1.26 2.7616e-05
1.27 3.05535e-05
1.28 3.34531e-05
1.29 3.63297e-05
1.3 3.91968e-05
1.31 4.20613e-05
1.32 4.49214e-05
1.33 4.77687e-05
1.34 5.05943e-05
1.35 5.33917e-05
1.36 5.61573e-05
1.37 5.88906e-05
1.38 6.1593e-05
1.39 6.42673e-05
1.4 6.69149e-05
1.41 6.95331e-05
1.42 7.21115e-05
1.43 7.46273e-05
1.44 7.7042e-05
1.45 7.92992e-05
1.46 8.13265e-05
1.47 8.30419e-05
1.48 8.43612e-05
1.49 8.51991e-05
1.5 8.54731e-05
1.51 8.5108e-05
1.52 8.40385e-05
1.53 8.22163e-05
1.54 7.96185e-05
1.55 7.62547e-05
1.56 7.21699e-05
1.57 6.74345e-05
1.58 6.2136e-05
1.59 5.63715e-05
1.6 5.02357e-05
1.61 4.38138e-05
1.62 3.71841e-05
1.63 3.0417e-05
1.64 2.35747e-05
1.65 1.67124e-05
1.66 9.87511e-06
1.67 3.09591e-06
1.68 -3.60185e-06
1.69 -1.01989e-05
1.7 -1.66765e-05
1.71 -2.30163e-05
1.72 -2.91999e-05
1.73 -3.52069e-05
1.74 -4.10109e-05
1.75 -4.65762e-05
1.76 -5.18626e-05
1.77 -5.68322e-05
1.78 -6.14455e-05
1.79 -6.56562e-05
1.8 -6.94134e-05
1.81 -7.2667e-05
1.82 -7.53678e-05
1.83 -7.74691e-05
1.84 -7.89379e-05
1.85 -7.97596e-05
1.86 -7.99339e-05
1.87 -7.94651e-05
1.88 -7.83561e-05
1.89 -7.66076e-05
1.9 -7.4218e-05
1.91 -7.11833e-05
1.92 -6.74975e-05
1.93 -6.31542e-05
1.94 -5.81603e-05
1.95 -5.25519e-05
1.96 -4.63946e-05
1.97 -3.97787e-05
1.98 -3.28142e-05
1.99 -2.56189e-05
2 -1.82978e-05
2.01 -1.09248e-05
2.02 -3.53987e-06
2.03 3.84729e-06
2.04 1.12547e-05
2.05 1.8718e-05
2.06 2.62803e-05
2.07 3.39819e-05
2.08 4.18442e-05
2.09 4.98591e-05
2.1 5.79862e-05
2.11 6.61561e-05
2.12 7.42689e-05
2.13 8.21891e-05
2.14 8.97574e-05
2.15 9.68038e-05
2.16 0.000103151
2.17 0.000108621
2.18 0.000113038
2.19 0.000116222
2.2 0.000117981
2.21 0.000118119
2.22 0.000116446
2.23 0.000112786
2.24 0.000106984
2.25 9.88977e-05
2.26 8.84065e-05
2.27 7.54359e-05
2.28 5.99644e-05
2.29 4.20109e-05
2.3 2.16307e-05
2.31 -1.08384e-06
2.32 -2.59977e-05
2.33 -5.29213e-05
2.34 -8.16056e-05
2.35 -0.000111749
2.36 -0.000143005
2.37 -0.000174997
2.38 -0.000207329
2.39 -0.000239581
2.4 -0.000271332
2.41 -0.000302203
2.42 -0.000331874
2.43 -0.000360069
2.44 -0.000386536
2.45 -0.000411047
2.46 -0.000433394
2.47 -0.000453405
2.48 -0.000470945
2.49 -0.000485903
2.5 -0.000498173
2.51 -0.000507642
2.52 -0.000514188
2.53 -0.000517697
2.54 -0.000518064
2.55 -0.000515192
2.56 -0.000508994
2.57 -0.000499424
2.58 -0.000486496
2.59 -0.000470289
2.6 -0.000450942
2.61 -0.000428633
2.62 -0.000403565
2.63 -0.00037594
2.64 -0.000345948
2.65 -0.000313768
2.66 -0.000279565
2.67 -0.000243495
2.68 -0.000205713
2.69 -0.00016639
2.7 -0.000125714
2.71 -8.38816e-05
2.72 -4.10912e-05
2.73 2.45496e-06
2.74 4.65712e-05
2.75 9.10942e-05
2.76 0.000135868
2.77 0.00018074
2.78 0.000225587
2.79 0.000270326
2.8 0.000314909
2.81 0.00035932
2.82 0.000403543
2.83 0.00044753
2.84 0.000491196
2.85 0.00053442
2.86 0.000577049
2.87 0.000618892
2.88 0.000659707
2.89 0.000699206
2.9 0.000737087
2.91 0.000773036
2.92 0.00080673
2.93 0.000837848
2.94 0.00086608
2.95 0.000891137
2.96 0.000912758
2.97 0.000930742
2.98 0.000944956
2.99 0.000955328
3 0.000961829
3.01 0.000964469
3.02 0.00096327
3.03 0.000958252
3.04 0.000949421
3.05 0.000936767
3.06 0.000920256
3.07 0.00089982
3.08 0.000875369
3.09 0.000846801
3.1 0.000814039
3.11 0.000777057
3.12 0.000735899
3.13 0.000690691
3.14 0.00064163
3.15 0.000588951
3.16 0.000532923
3.17 0.000473841
3.18 0.000412029
3.19 0.000347822
3.2 0.000281537
3.21 0.00021349
3.22 0.000144031
3.23 7.35504e-05
3.24 2.4795e-06
3.25 -6.8717e-05
3.26 -0.000139558
3.27 -0.000209529
3.28 -0.000278069
3.29 -0.000344606
3.3 -0.000408593
3.31 -0.000469487
3.32 -0.000526755
3.33 -0.00057992
3.34 -0.000628608
3.35 -0.000672576
3.36 -0.000711726
3.37 -0.000746094
3.38 -0.00077584
3.39 -0.000801238
3.4 -0.000822664
3.41 -0.000840582
3.42 -0.000855502
3.43 -0.00086795
3.44 -0.000878438
3.45 -0.000887464
3.46 -0.000895498
3.47 -0.000902932
3.48 -0.000910042
3.49 -0.00091696
3.5 -0.000923687
3.51 -0.000930106
3.52 -0.000935988
3.53 -0.000941016
3.54 -0.000944814
3.55 -0.000947003
3.56 -0.00094726
3.57 -0.000945324
3.58 -0.00094096
3.59 -0.000933939
3.6 -0.000924089
3.61 -0.000911304
3.62 -0.000895544
3.63 -0.000876829
3.64 -0.000855248
3.65 -0.000830948
3.66 -0.000804142
3.67 -0.000775119
3.68 -0.000744242
3.69 -0.000711924
3.7 -0.000678577
3.71 -0.000644596
3.72 -0.000610372
3.73 -0.000576273
3.74 -0.000542613
3.75 -0.000509663
3.76 -0.000477663
3.77 -0.000446811
3.78 -0.00041726
3.79 -0.000389129
3.8 -0.000362489
3.81 -0.000337343
3.82 -0.000313637
3.83 -0.000291286
3.84 -0.000270175
3.85 -0.000250169
3.86 -0.000231158
3.87 -0.00021311
3.88 -0.000196087
3.89 -0.000180264
3.9 -0.000165927
3.91 -0.000153467
3.92 -0.000143383
3.93 -0.000136243
3.94 -0.000132636
3.95 -0.000133147
3.96 -0.000138333
3.97 -0.000148678
3.98 -0.000164536
3.99 -0.000186094
4 -0.00021337
4.01 -0.000246224
4.02 -0.000284363
4.03 -0.000327361
4.04 -0.00037466
4.05 -0.000425573
4.06 -0.000479294
4.07 -0.000534886
4.08 -0.000591268
4.09 -0.000647237
4.1 -0.00070151
4.11 -0.000752787
4.12 -0.000799853
4.13 -0.000841668
4.14 -0.000877407
4.15 -0.000906516
4.16 -0.000928774
4.17 -0.000944304
4.18 -0.000953522
4.19 -0.000957077
4.2 -0.000955828
4.21 -0.000950779
4.22 -0.000942993
4.23 -0.000933495
4.24 -0.000923191
4.25 -0.000912889
4.26 -0.000903334
4.27 -0.000895176
4.28 -0.000888941
4.29 -0.00088501
4.3 -0.000883601
4.31 -0.000884782
4.32 -0.000888499
4.33 -0.000894586
4.34 -0.000902744
4.35 -0.00091252
4.36 -0.000923314
4.37 -0.000934402
4.38 -0.000944966
4.39 -0.000954135
4.4 -0.000961001
4.41 -0.00096462
4.42 -0.000964029
4.43 -0.00095829
4.44 -0.000946512
4.45 -0.000927893
4.46 -0.000901798
4.47 -0.000867812
4.48 -0.000825738
4.49 -0.000775548
4.5 -0.000717302
4.51 -0.000651119
4.52 -0.000577223
4.53 -0.000495983
4.54 -0.000407895
4.55 -0.000313567
4.56 -0.000213704
4.57 -0.000109099
4.58 -6.2614e-07
4.59 0.000110778
4.6 0.000224134
4.61 0.000338456
4.62 0.000452809
4.63 0.000566319
4.64 0.00067817
4.65 0.000787626
4.66 0.000894053
4.67 0.000996961
4.68 0.00109603
4.69 0.00119109
4.7 0.00128204
4.71 0.00136882
4.72 0.00145133
4.73 0.0015295
4.74 0.00160324
4.75 0.00167239
4.76 0.0017367
4.77 0.00179591
4.78 0.00184973
4.79 0.00189787
4.8 0.00194006
4.81 0.00197601
4.82 0.00200536
4.83 0.0020278
4.84 0.00204306
4.85 0.0020508
4.86 0.00205072
4.87 0.00204255
4.88 0.00202613
4.89 0.00200133
4.9 0.00196808
4.91 0.00192638
4.92 0.0018763
4.93 0.00181803
4.94 0.00175176
4.95 0.00167774
4.96 0.00159626
4.97 0.00150769
4.98 0.00141247
4.99 0.00131113
5 0.00120424
5.01 0.00109242
5.02 0.000976214
5.03 0.000856098
5.04 0.00073242
5.05 0.000605423
5.06 0.00047523
5.07 0.000341823
5.08 0.000205088
5.09 6.48752e-05
5.1 -7.90143e-05
5.11 -0.000226812
5.12 -0.000378709
5.13 -0.000534819
5.14 -0.00069516
5.15 -0.000859604
5.16 -0.00102782
5.17 -0.00119926
5.18 -0.00137313
5.19 -0.00154854
5.2 -0.00172443
5.21 -0.00189962
5.22 -0.00207284
5.23 -0.00224284
5.24 -0.0024084
5.25 -0.00256834
5.26 -0.00272147
5.27 -0.00286655
5.28 -0.00300232
5.29 -0.00312758
5.3 -0.00324117
5.31 -0.00334203
5.32 -0.00342923
5.33 -0.00350203
5.34 -0.00355996
5.35 -0.00360281
5.36 -0.00363063
5.37 -0.0036438
5.38 -0.00364302
5.39 -0.00362915
5.4 -0.00360315
5.41 -0.00356604
5.42 -0.00351882
5.43 -0.00346247
5.44 -0.00339782
5.45 -0.00332557
5.46 -0.00324628
5.47 -0.00316041
5.48 -0.00306837
5.49 -0.00297057
5.5 -0.00286733
5.51 -0.00275889
5.52 -0.00264545
5.53 -0.00252721
5.54 -0.00240439
5.55 -0.00227716
5.56 -0.00214568
5.57 -0.00201015
5.58 -0.00187089
5.59 -0.00172829
5.6 -0.00158277
5.61 -0.00143474
5.62 -0.0012846
5.63 -0.0011327
5.64 -0.000979369
5.65 -0.00082494
5.66 -0.000669744
5.67 -0.000514084
5.68 -0.000358216
5.69 -0.000202322
5.7 -4.65037e-05
5.71 0.000109217
5.72 0.000264913
5.73 0.000420707
5.74 0.000576734
5.75 0.000733158
5.76 0.000890131
5.77 0.00104774
5.78 0.00120597
5.79 0.00136465
5.8 0.00152343
5.81 0.00168178
5.82 0.00183893
5.83 0.00199389
5.84 0.00214547
5.85 0.00229232
5.86 0.002433
5.87 0.00256603
5.88 0.0026899
5.89 0.00280312
5.9 0.00290429
5.91 0.00299214
5.92 0.00306557
5.93 0.00312366
5.94 0.00316569
5.95 0.00319116
5.96 0.00319987
5.97 0.00319198
5.98 0.00316798
5.99 0.00312865
6 0.00307504
6.01 0.00300839
6.02 0.00293005
6.03 0.00284144
6.04 0.00274402
6.05 0.00263929
6.06 0.00252871
6.07 0.00241364
6.08 0.00229524
6.09 0.0021745
6.1 0.0020523
6.11 0.00192938
6.12 0.00180635
6.13 0.00168368
6.14 0.00156179
6.15 0.00144105
6.16 0.00132193
6.17 0.00120495
6.18 0.00109086
6.19 0.000980572
6.2 0.000875114
6.21 0.000775545
6.22 0.000682974
6.23 0.000598554
6.24 0.0005234
6.25 0.000458555
6.26 0.000405013
6.27 0.000363714
6.28 0.000335541
6.29 0.00032136
6.3 0.000322026
6.31 0.000338381
6.32 0.000371279
6.33 0.000421578
6.34 0.000490106
6.35 0.00057765
6.36 0.000684892
6.37 0.000812259
6.38 0.0009598
6.39 0.0011272
6.4 0.00131385
6.41 0.00151889
6.42 0.00174136
6.43 0.00198027
6.44 0.00223465
6.45 0.00250371
6.46 0.00278685
6.47 0.00308366
6.48 0.00339372
6.49 0.00371652
6.5 0.00405135
6.51 0.00439707
6.52 0.00475209
6.53 0.00511443
6.54 0.00548166
6.55 0.00585089
6.56 0.00621879
6.57 0.00658177
6.58 0.00693605
6.59 0.00727789
6.6 0.00760374
6.61 0.00791041
6.62 0.0081951
6.63 0.00845548
6.64 0.00868966
6.65 0.00889601
6.66 0.00907309
6.67 0.00921954
6.68 0.00933408
6.69 0.0094155
6.7 0.00946272
6.71 0.00947474
6.72 0.00945074
6.73 0.00939004
6.74 0.00929212
6.75 0.00915671
6.76 0.00898383
6.77 0.00877376
6.78 0.00852707
6.79 0.00824461
6.8 0.00792746
6.81 0.00757691
6.82 0.00719433
6.83 0.00678109
6.84 0.00633859
6.85 0.0058682
6.86 0.0053712
6.87 0.00484885
6.88 0.00430233
6.89 0.00373289
6.9 0.0031419
6.91 0.00253098
6.92 0.00190203
6.93 0.00125732
6.94 0.000599436
6.95 -6.86746e-05
6.96 -0.00074386
6.97 -0.00142289
6.98 -0.00210265
6.99 -0.00278029
7 -0.00345329
7.01 -0.00411951
7.02 -0.00477719
7.03 -0.00542476
7.04 -0.00606073
7.05 -0.00668353
7.06 -0.00729135
7.07 -0.00788209
7.08 -0.00845331
7.09 -0.00900232
7.1 -0.00952622
7.11 -0.010022
7.12 -0.0104868
7.13 -0.0109178
7.14 -0.011313
7.15 -0.0116707
7.16 -0.0119899
7.17 -0.01227
7.18 -0.0125109
7.19 -0.0127127
7.2 -0.0128756
7.21 -0.0130001
7.22 -0.0130866
7.23 -0.0131351
7.24 -0.0131457
7.25 -0.0131181
7.26 -0.013052
7.27 -0.0129469
7.28 -0.0128028
7.29 -0.0126196
7.3 -0.0123978
7.31 -0.0121383
7.32 -0.0118423
7.33 -0.0115116
7.34 -0.0111479
7.35 -0.0107535
7.36 -0.0103302
7.37 -0.00987983
7.38 -0.00940404
7.39 -0.00890407
7.4 -0.00838094
7.41 -0.00783551
7.42 -0.00726856
7.43 -0.006681
7.44 -0.00607399
7.45 -0.00544904
7.46 -0.00480807
7.47 -0.00415337
7.48 -0.00348767
7.49 -0.00281406
7.5 -0.00213601
7.51 -0.00145731
7.52 -0.000781936
7.53 -0.000113927
7.54 0.000542753
7.55 0.00118429
7.56 0.00180701
7.57 0.00240732
7.58 0.00298172
7.59 0.00352682
7.6 0.0040393
7.61 0.00451605
7.62 0.00495428
7.63 0.00535172
7.64 0.00570673
7.65 0.00601825
7.66 0.00628583
7.67 0.00650977
7.68 0.00669111
7.69 0.00683157
7.7 0.00693355
7.71 0.00699992
7.72 0.00703368
7.73 0.0070377
7.74 0.0070145
7.75 0.00696621
7.76 0.00689452
7.77 0.00680082
7.78 0.00668623
7.79 0.00655168
7.8 0.00639783
7.81 0.00622513
7.82 0.00603391
7.83 0.0058243
7.84 0.00559632
7.85 0.00534985
7.86 0.00508477
7.87 0.00480094
7.88 0.00449828
7.89 0.00417688
7.9 0.00383706
7.91 0.00347938
7.92 0.0031047
7.93 0.00271419
7.94 0.00230937
7.95 0.001892
7.96 0.00146412
7.97 0.00102795
7.98 0.000585917
7.99 0.000140589
8 -0.000305457
8.01 -0.000749732
8.02 -0.00118988
8.03 -0.00162372
8.04 -0.0020493
8.05 -0.00246499
8.06 -0.0028695
8.07 -0.00326183
8.08 -0.00364121
8.09 -0.00400698
8.1 -0.00435847
8.11 -0.00469488
8.12 -0.00501511
8.13 -0.00531774
8.14 -0.0056011
8.15 -0.00586326
8.16 -0.00610213
8.17 -0.00631546
8.18 -0.006501
8.19 -0.00665658
8.2 -0.00678017
8.21 -0.00686996
8.22 -0.00692444
8.23 -0.00694242
8.24 -0.00692295
8.25 -0.0068654
8.26 -0.00676945
8.27 -0.00663518
8.28 -0.00646301
8.29 -0.00625373
8.3 -0.00600863
8.31 -0.00572952
8.32 -0.00541884
8.33 -0.0050797
8.34 -0.00471576
8.35 -0.00433115
8.36 -0.00393025
8.37 -0.00351747
8.38 -0.00309702
8.39 -0.00267269
8.4 -0.00224774
8.41 -0.00182479
8.42 -0.00140594
8.43 -0.000992835
8.44 -0.000586669
8.45 -0.000188208
8.46 0.00020223
8.47 0.000584728
8.48 0.000959721
8.49 0.00132787
8.5 0.00168997
8.51 0.00204684
8.52 0.0023992
8.53 0.00274752
8.54 0.00309186
8.55 0.00343183
8.56 0.00376669
8.57 0.00409541
8.58 0.0044168
8.59 0.00472957
8.6 0.00503242
8.61 0.00532407
8.62 0.00560344
8.63 0.00586972
8.64 0.00612242
8.65 0.0063614
8.66 0.00658688
8.67 0.00679939
8.68 0.00699965
8.69 0.0071885
8.7 0.00736677
8.71 0.00753535
8.72 0.00769505
8.73 0.00784651
8.74 0.00799016
8.75 0.00812625
8.76 0.00825477
8.77 0.00837535
8.78 0.00848731
8.79 0.00858969
8.8 0.00868125
8.81 0.00876051
8.82 0.00882581
8.83 0.00887543
8.84 0.00890778
8.85 0.00892146
8.86 0.00891533
8.87 0.00888845
8.88 0.0088401
8.89 0.00876984
8.9 0.00867759
8.91 0.00856361
8.92 0.00842843
8.93 0.00827279
8.94 0.00809757
8.95 0.00790367
8.96 0.00769193
8.97 0.00746322
8.98 0.00721835
8.99 0.00695803
9 0.00668282
9.01 0.00639303
9.02 0.00608877
9.03 0.00576987
9.04 0.005436
9.05 0.00508676
9.06 0.00472186
9.07 0.0043412
9.08 0.0039449
9.09 0.00353328
9.1 0.00310684
9.11 0.00266615
9.12 0.00221186
9.13 0.00174467
9.14 0.00126535
9.15 0.00077472
9.16 0.000273786
9.17 -0.000236185
9.18 -0.000753533
9.19 -0.00127616
9.2 -0.00180151
9.21 -0.00232651
9.22 -0.00284755
9.23 -0.00336057
9.24 -0.00386126
9.25 -0.00434526
9.26 -0.00480846
9.27 -0.00524717
9.28 -0.00565821
9.29 -0.00603907
9.3 -0.00638782
9.31 -0.0067029
9.32 -0.00698299
9.33 -0.00722702
9.34 -0.0074341
9.35 -0.00760353
9.36 -0.00773478
9.37 -0.0078275
9.38 -0.0078815
9.39 -0.00789675
9.4 -0.00787346
9.41 -0.0078122
9.42 -0.0077139
9.43 -0.00757997
9.44 -0.00741234
9.45 -0.0072135
9.46 -0.00698638
9.47 -0.00673417
9.48 -0.00646018
9.49 -0.00616763
9.5 -0.00585952
9.51 -0.0055385
9.52 -0.00520687
9.53 -0.00486656
9.54 -0.00451924
9.55 -0.00416651
9.56 -0.00380995
9.57 -0.00345127
9.58 -0.00309234
9.59 -0.00273532
9.6 -0.00238255
9.61 -0.00203645
9.62 -0.00169939
9.63 -0.00137356
9.64 -0.00106084
9.65 -0.000762712
9.66 -0.000480239
9.67 -0.000214096
9.68 3.54364e-05
9.69 0.000268421
9.7 0.000485156
9.71 0.000686042
9.72 0.000871468
9.73 0.00104177
9.74 0.00119715
9.75 0.00133759
9.76 0.00146281
9.77 0.00157237
9.78 0.00166564
9.79 0.00174187
9.8 0.00180013
9.81 0.00183934
9.82 0.00185835
9.83 0.0018559
9.84 0.00183069
9.85 0.0017814
9.86 0.00170677
9.87 0.0016057
9.88 0.00147739
9.89 0.00132122
9.9 0.00113687
9.91 0.000924385
9.92 0.000684207
9.93 0.000417175
9.94 0.0001245
9.95 -0.000192242
9.96 -0.000531211
9.97 -0.000890462
9.98 -0.00126811
9.99 -0.0016624
10 -0.00207174
10.01 -0.00249472
10.02 -0.00293011
10.03 -0.00337691
10.04 -0.00383423
10.05 -0.00430113
10.06 -0.00477651
10.07 -0.00525902
10.08 -0.00574713
10.09 -0.0062391
10.1 -0.00673303
10.11 -0.00722688
10.12 -0.00771858
10.13 -0.00820622
10.14 -0.00868804
10.15 -0.00916247
10.16 -0.00962808
10.17 -0.0100836
10.18 -0.0105276
10.19 -0.0109588
10.2 -0.0113757
10.21 -0.0117766
10.22 -0.0121598
10.23 -0.0125238
10.24 -0.0128668
10.25 -0.0131872
10.26 -0.0134837
10.27 -0.0137548
10.28 -0.0139995
10.29 -0.0142168
10.3 -0.0144059
10.31 -0.0145661
10.32 -0.0146965
10.33 -0.0147965
10.34 -0.0148655
10.35 -0.0149029
10.36 -0.0149082
10.37 -0.0148812
10.38 -0.0148215
10.39 -0.0147292
10.4 -0.0146041
10.41 -0.0144462
10.42 -0.0142554
10.43 -0.0140315
10.44 -0.0137742
10.45 -0.0134831
10.46 -0.0131578
10.47 -0.0127979
10.48 -0.012403
10.49 -0.0119733
10.5 -0.0115092
10.51 -0.0110114
10.52 -0.0104813
10.53 -0.00992063
10.54 -0.0093313
10.55 -0.00871554
10.56 -0.00807573
10.57 -0.00741431
10.58 -0.00673389
10.59 -0.00603709
10.6 -0.00532658
10.61 -0.00460509
10.62 -0.0038754
10.63 -0.00314041
10.64 -0.0024031
10.65 -0.00166657
10.66 -0.000933979
10.67 -0.000208552
10.68 0.000506535
10.69 0.00120823
10.7 0.00189371
10.71 0.00256041
10.72 0.00320602
10.73 0.00382842
10.74 0.0044257
10.75 0.00499612
10.76 0.00553812
10.77 0.00605029
10.78 0.00653145
10.79 0.00698063
10.8 0.00739702
10.81 0.00777998
10.82 0.00812903
10.83 0.00844387
10.84 0.00872435
10.85 0.00897044
10.86 0.00918215
10.87 0.00935949
10.88 0.00950248
10.89 0.00961119
10.9 0.00968573
10.91 0.0097263
10.92 0.00973324
10.93 0.00970718
10.94 0.00964903
10.95 0.00956007
10.96 0.0094419
10.97 0.00929638
10.98 0.00912559
10.99 0.00893172
11 0.00871695
11.01 0.00848342
11.02 0.00823317
11.03 0.00796814
11.04 0.00769008
11.05 0.00740057
11.06 0.00710116
11.07 0.00679328
11.08 0.00647833
11.09 0.00615759
11.1 0.00583235
11.11 0.0055039
11.12 0.00517362
11.13 0.00484296
11.14 0.00451342
11.15 0.00418644
11.16 0.00386352
11.17 0.00354627
11.18 0.00323647
11.19 0.00293607
11.2 0.00264721
11.21 0.00237216
11.22 0.00211328
11.23 0.00187299
11.24 0.0016535
11.25 0.00145662
11.26 0.00128363
11.27 0.00113525
11.28 0.00101172
11.29 0.000912937
11.3 0.000838564
11.31 0.000788109
11.32 0.000760998
11.33 0.000756661
11.34 0.000774641
11.35 0.00081473
11.36 0.000877025
11.37 0.000961844
11.38 0.00106958
11.39 0.00120056
11.4 0.001355
11.41 0.00153294
11.42 0.00173415
11.43 0.00195802
11.44 0.00220362
11.45 0.00246976
11.46 0.00275508
11.47 0.00305818
11.48 0.00337774
11.49 0.00371267
11.5 0.00406219
11.51 0.00442585
11.52 0.00480347
11.53 0.00519506
11.54 0.00560069
11.55 0.00602041
11.56 0.0064541
11.57 0.00690133
11.58 0.00736132
11.59 0.00783305
11.6 0.00831532
11.61 0.00880691
11.62 0.0093066
11.63 0.00981315
11.64 0.0103253
11.65 0.0108419
11.66 0.0113616
11.67 0.0118831
11.68 0.0124051
11.69 0.0129262
11.7 0.0134448
11.71 0.0139592
11.72 0.0144674
11.73 0.014967
11.74 0.0154555
11.75 0.0159301
11.76 0.0163877
11.77 0.0168245
11.78 0.0172366
11.79 0.0176197
11.8 0.0179693
11.81 0.0182811
11.82 0.0185512
11.83 0.0187761
11.84 0.018953
11.85 0.0190793
11.86 0.0191531
11.87 0.0191726
11.88 0.0191364
11.89 0.0190432
11.9 0.0188922
11.91 0.0186827
11.92 0.0184144
11.93 0.0180872
11.94 0.0177014
11.95 0.0172574
11.96 0.016756
11.97 0.0161981
11.98 0.015585
11.99 0.0149183
12 0.0142001
12.01 0.0134327
12.02 0.0126189
12.03 0.0117618
12.04 0.010865
12.05 0.00993235
12.06 0.00896809
12.07 0.00797649
12.08 0.00696187
12.09 0.00592837
12.1 0.00487989
12.11 0.0038201
12.12 0.00275244
12.13 0.00168002
12.14 0.000605547
12.15 -0.000468583
12.16 -0.00154027
12.17 -0.00260761
12.18 -0.00366876
12.19 -0.00472192
12.2 -0.00576539
12.21 -0.00679744
12.22 -0.00781629
12.23 -0.00882003
12.24 -0.00980685
12.25 -0.0107749
12.26 -0.0117222
12.27 -0.0126467
12.28 -0.0135463
12.29 -0.0144189
12.3 -0.0152622
12.31 -0.016074
12.32 -0.0168519
12.33 -0.0175933
12.34 -0.0182957
12.35 -0.0189563
12.36 -0.0195724
12.37 -0.020141
12.38 -0.0206595
12.39 -0.0211247
12.4 -0.0215339
12.41 -0.0218842
12.42 -0.0221732
12.43 -0.0223987
12.44 -0.0225588
12.45 -0.022652
12.46 -0.0226768
12.47 -0.0226321
12.48 -0.0225169
12.49 -0.0223296
12.5 -0.0220689
12.51 -0.021733
12.52 -0.0213199
12.53 -0.0208275
12.54 -0.0202541
12.55 -0.019598
12.56 -0.0188584
12.57 -0.0180347
12.58 -0.0171269
12.59 -0.0161357
12.6 -0.0150619
12.61 -0.0139067
12.62 -0.0126716
12.63 -0.0113587
12.64 -0.00997079
12.65 -0.00851093
12.66 -0.00698277
12.67 -0.00539048
12.68 -0.00373885
12.69 -0.00203329
12.7 -0.00027984
12.71 0.00151501
12.72 0.00334443
12.73 0.00520134
12.74 0.0070785
12.75 0.00896862
12.76 0.0108644
12.77 0.0127588
12.78 0.0146447
12.79 0.0165152
12.8 0.0183636
12.81 0.0201832
12.82 0.0219674
12.83 0.0237095
12.84 0.025403
12.85 0.0270417
12.86 0.0286195
12.87 0.0301308
12.88 0.0315703
12.89 0.0329334
12.9 0.0342158
12.91 0.035414
12.92 0.0365247
12.93 0.0375459
12.94 0.0384783
12.95 0.0393227
12.96 0.0400792
12.97 0.0407481
12.98 0.0413293
12.99 0.0418228
13 0.0422287
13.01 0.0425468
13.02 0.0427774
13.03 0.042921
13.04 0.0429781
13.05 0.0429493
13.06 0.0428353
13.07 0.0426369
13.08 0.042355
13.09 0.0419905
13.1 0.0415442
13.11 0.0410171
13.12 0.04041
13.13 0.039724
13.14 0.0389606
13.15 0.0381214
13.16 0.0372088
13.17 0.0362254
13.18 0.0351743
13.19 0.0340591
13.2 0.0328835
13.21 0.0316516
13.22 0.0303677
13.23 0.029036
13.24 0.0276609
13.25 0.026247
13.26 0.0247987
13.27 0.0233205
13.28 0.0218167
13.29 0.0202919
13.3 0.0187502
13.31 0.017196
13.32 0.0156331
13.33 0.0140654
13.34 0.0124965
13.35 0.0109301
13.36 0.0093696
13.37 0.00781878
13.38 0.00628134
13.39 0.00476112
13.4 0.00326204
13.41 0.00178812
13.42 0.000343519
13.43 -0.00106749
13.44 -0.00244053
13.45 -0.00377113
13.46 -0.00505474
13.47 -0.00628678
13.48 -0.00746267
13.49 -0.00857793
13.5 -0.00962815
13.51 -0.0106091
13.52 -0.0115168
13.53 -0.0123472
13.54 -0.0130968
13.55 -0.013762
13.56 -0.0143394
13.57 -0.0148261
13.58 -0.0152194
13.59 -0.0155172
13.6 -0.015718
13.61 -0.0158207
13.62 -0.0158246
13.63 -0.0157294
13.64 -0.015535
13.65 -0.0152419
13.66 -0.0148509
13.67 -0.0143628
13.68 -0.013779
13.69 -0.0131014
13.7 -0.0123321
13.71 -0.011474
13.72 -0.0105302
13.73 -0.00950421
13.74 -0.00840022
13.75 -0.00722281
13.76 -0.00597707
13.77 -0.0046687
13.78 -0.00330391
13.79 -0.0018895
13.8 -0.00043282
13.81 0.00105818
13.82 0.00257504
13.83 0.0041091
13.84 0.00565195
13.85 0.00719585
13.86 0.00873386
13.87 0.0102596
13.88 0.011767
13.89 0.01325
13.9 0.0147028
13.91 0.0161195
13.92 0.0174945
13.93 0.0188225
13.94 0.020098
13.95 0.0213159
13.96 0.0224715
13.97 0.02356
13.98 0.0245771
13.99 0.0255188
14 0.0263811
14.01 0.0271603
14.02 0.0278531
14.03 0.0284564
14.04 0.0289674
14.05 0.0293838
14.06 0.0297036
14.07 0.0299249
14.08 0.0300461
14.09 0.0300657
14.1 0.0299822
14.11 0.0297944
14.12 0.0295008
14.13 0.0291002
14.14 0.0285914
14.15 0.027973
14.16 0.027244
14.17 0.0264033
14.18 0.0254504
14.19 0.024385
14.2 0.0232073
14.21 0.0219181
14.22 0.0205182
14.23 0.019009
14.24 0.0173918
14.25 0.0156686
14.26 0.0138413
14.27 0.0119122
14.28 0.00988386
14.29 0.00775948
14.3 0.00554267
14.31 0.00323768
14.32 0.000849411
14.33 -0.00161659
14.34 -0.00415427
14.35 -0.0067572
14.36 -0.00941885
14.37 -0.0121327
14.38 -0.0148924
14.39 -0.0176916
14.4 -0.0205241
14.41 -0.0233834
14.42 -0.0262631
14.43 -0.0291568
14.44 -0.0320602
14.45 -0.0349736
14.46 -0.0378986
14.47 -0.0408363
14.48 -0.0437877
14.49 -0.046753
14.5 -0.0497328
14.51 -0.0527273
14.52 -0.0557372
14.53 -0.0587628
14.54 -0.0618051
14.55 -0.0648646
14.56 -0.0679423
14.57 -0.0710391
14.58 -0.0741559
14.59 -0.0772935
14.6 -0.0804526
14.61 -0.0836338
14.62 -0.0868369
14.63 -0.0900615
14.64 -0.0933062
14.65 -0.0965687
14.66 -0.0998459
14.67 -0.103134
14.68 -0.106429
14.69 -0.109728
14.7 -0.113025
14.71 -0.116319
14.72 -0.119605
14.73 -0.12288
14.74 -0.126138
14.75 -0.129373
14.76 -0.132579
14.77 -0.135748
14.78 -0.138875
14.79 -0.141953
14.8 -0.144975
14.81 -0.147936
14.82 -0.150827
14.83 -0.153644
14.84 -0.156379
14.85 -0.159027
14.86 -0.161582
14.87 -0.164037
14.88 -0.166387
14.89 -0.168625
14.9 -0.170745
14.91 -0.172742
14.92 -0.174608
14.93 -0.176337
14.94 -0.177923
14.95 -0.179359
14.96 -0.18064
14.97 -0.181758
14.98 -0.182709
14.99 -0.183488
15 -0.184092
15.01 -0.184519
15.02 -0.18477
15.03 -0.184845
15.04 -0.184747
15.05 -0.18448
15.06 -0.184046
15.07 -0.183454
15.08 -0.182709
15.09 -0.18182
15.1 -0.180794
15.11 -0.179639
15.12 -0.178365
15.13 -0.17698
15.14 -0.175495
15.15 -0.173918
15.16 -0.172261
15.17 -0.170532
15.18 -0.168741
15.19 -0.166897
15.2 -0.165008
15.21 -0.163083
15.22 -0.161132
15.23 -0.159163
15.24 -0.157186
15.25 -0.15521
15.26 -0.153246
15.27 -0.151304
15.28 -0.149394
15.29 -0.147528
15.3 -0.145716
15.31 -0.143966
15.32 -0.142287
15.33 -0.140688
15.34 -0.139174
15.35 -0.137753
15.36 -0.136432
15.37 -0.135215
15.38 -0.13411
15.39 -0.133122
15.4 -0.132256
15.41 -0.131516
15.42 -0.130906
15.43 -0.130428
15.44 -0.130083
15.45 -0.129872
15.46 -0.129795
15.47 -0.129851
15.48 -0.130038
15.49 -0.13035
15.5 -0.130785
15.51 -0.131335
15.52 -0.131993
15.53 -0.132751
15.54 -0.133601
15.55 -0.134534
15.56 -0.13554
15.57 -0.136612
15.58 -0.137739
15.59 -0.138913
15.6 -0.140123
15.61 -0.14136
15.62 -0.142615
15.63 -0.143878
15.64 -0.145139
15.65 -0.146389
15.66 -0.147617
15.67 -0.148814
15.68 -0.149972
15.69 -0.15108
15.7 -0.15213
15.71 -0.153114
15.72 -0.154023
15.73 -0.154849
15.74 -0.155584
15.75 -0.156221
15.76 -0.156752
15.77 -0.157171
15.78 -0.15747
15.79 -0.157644
15.8 -0.157688
15.81 -0.157597
15.82 -0.157366
15.83 -0.156993
15.84 -0.156475
15.85 -0.15581
15.86 -0.154999
15.87 -0.154041
15.88 -0.152936
15.89 -0.151686
15.9 -0.150294
15.91 -0.14876
15.92 -0.14709
15.93 -0.145287
15.94 -0.143354
15.95 -0.141296
15.96 -0.139119
15.97 -0.136829
15.98 -0.134432
15.99 -0.131936
16 -0.129349
16.01 -0.12668
16.02 -0.123939
16.03 -0.121138
16.04 -0.118288
16.05 -0.115403
16.06 -0.112497
16.07 -0.109582
16.08 -0.106663
16.09 -0.103746
16.1 -0.100836
16.11 -0.0979357
16.12 -0.0950514
16.13 -0.0921873
16.14 -0.0893483
16.15 -0.0865393
16.16 -0.0837651
16.17 -0.0810309
16.18 -0.0783417
16.19 -0.0757027
16.2 -0.073119
16.21 -0.0705954
16.22 -0.0681366
16.23 -0.0657466
16.24 -0.0634289
16.25 -0.0611862
16.26 -0.0590202
16.27 -0.0569319
16.28 -0.054922
16.29 -0.0529907
16.3 -0.0511381
16.31 -0.0493642
16.32 -0.0476685
16.33 -0.0460508
16.34 -0.0445106
16.35 -0.0430471
16.36 -0.0416597
16.37 -0.0403476
16.38 -0.0391103
16.39 -0.0379467
16.4 -0.036856
16.41 -0.035837
16.42 -0.0348888
16.43 -0.0340106
16.44 -0.0332014
16.45 -0.0324606
16.46 -0.0317874
16.47 -0.0311811
16.48 -0.0306409
16.49 -0.0301662
16.5 -0.0297563
16.51 -0.0294107
16.52 -0.0291288
16.53 -0.0289098
16.54 -0.0287533
16.55 -0.0286585
16.56 -0.0286249
16.57 -0.028652
16.58 -0.0287395
16.59 -0.0288868
16.6 -0.0290935
16.61 -0.0293592
16.62 -0.0296835
16.63 -0.0300663
16.64 -0.0305075
16.65 -0.0310073
16.66 -0.0315659
16.67 -0.032184
16.68 -0.0328621
16.69 -0.0336012
16.7 -0.0344022
16.71 -0.0352659
16.72 -0.0361926
16.73 -0.0371818
16.74 -0.0382325
16.75 -0.0393428
16.76 -0.0405104
16.77 -0.0417325
16.78 -0.043006
16.79 -0.0443274
16.8 -0.0456929
16.81 -0.0470981
16.82 -0.0485386
16.83 -0.0500099
16.84 -0.0515072
16.85 -0.0530255
16.86 -0.05456
16.87 -0.0561058
16.88 -0.0576581
16.89 -0.0592126
16.9 -0.0607648
16.91 -0.0623106
16.92 -0.063846
16.93 -0.0653672
16.94 -0.0668701
16.95 -0.0683508
16.96 -0.0698053
16.97 -0.0712298
16.98 -0.0726202
16.99 -0.0739728
17 -0.0752838
17.01 -0.0765495
17.02 -0.0777662
17.03 -0.0789307
17.04 -0.0800398
17.05 -0.0810908
17.06 -0.082081
17.07 -0.083008
17.08 -0.0838694
17.09 -0.0846631
17.1 -0.0853874
17.11 -0.0860405
17.12 -0.0866214
17.13 -0.0871288
17.14 -0.087562
17.15 -0.0879202
17.16 -0.0882031
17.17 -0.0884106
17.18 -0.0885428
17.19 -0.0886001
17.2 -0.088583
17.21 -0.0884924
17.22 -0.0883291
17.23 -0.0880944
17.24 -0.0877898
17.25 -0.087417
17.26 -0.0869781
17.27 -0.0864753
17.28 -0.0859113
17.29 -0.0852892
17.3 -0.0846119
17.31 -0.0838829
17.32 -0.0831057
17.33 -0.0822838
17.34 -0.081421
17.35 -0.0805215
17.36 -0.0795897
17.37 -0.0786305
17.38 -0.0776492
17.39 -0.0766514
17.4 -0.0756435
17.41 -0.0746322
17.42 -0.0736245
17.43 -0.0726278
17.44 -0.071649
17.45 -0.0706949
17.46 -0.0697713
17.47 -0.0688838
17.48 -0.0680369
17.49 -0.0672348
17.5 -0.0664815
17.51 -0.0657805
17.52 -0.0651354
17.53 -0.0645496
17.54 -0.0640264
17.55 -0.0635687
17.56 -0.0631791
17.57 -0.0628596
17.58 -0.0626118
17.59 -0.0624369
17.6 -0.0623354
17.61 -0.0623069
17.62 -0.0623506
17.63 -0.062465
17.64 -0.0626479
17.65 -0.0628965
17.66 -0.0632076
17.67 -0.0635774
17.68 -0.0640019
17.69 -0.0644766
17.7 -0.0649971
17.71 -0.0655589
17.72 -0.0661576
17.73 -0.0667894
17.74 -0.0674504
17.75 -0.0681368
17.76 -0.0688446
17.77 -0.0695694
17.78 -0.0703063
17.79 -0.0710501
17.8 -0.0717949
17.81 -0.0725348
17.82 -0.073264
17.83 -0.0739766
17.84 -0.0746668
17.85 -0.075329
17.86 -0.0759579
17.87 -0.0765482
17.88 -0.0770951
17.89 -0.0775944
17.9 -0.0780424
17.91 -0.0784363
17.92 -0.0787738
17.93 -0.0790532
17.94 -0.0792732
17.95 -0.0794328
17.96 -0.0795315
17.97 -0.079569
17.98 -0.0795455
17.99 -0.0794614
18 -0.0793174
18.01 -0.0791144
18.02 -0.0788536
18.03 -0.0785363
18.04 -0.0781639
18.05 -0.0777379
18.06 -0.07726
18.07 -0.0767318
18.08 -0.0761553
18.09 -0.0755327
18.1 -0.0748662
18.11 -0.0741584
18.12 -0.0734117
18.13 -0.072629
18.14 -0.0718128
18.15 -0.0709657
18.16 -0.0700904
18.17 -0.0691893
18.18 -0.0682647
18.19 -0.0673188
18.2 -0.0663539
18.21 -0.0653719
18.22 -0.0643748
18.23 -0.0633649
18.24 -0.0623443
18.25 -0.0613155
18.26 -0.0602809
18.27 -0.0592432
18.28 -0.0582047
18.29 -0.057168
18.3 -0.0561355
18.31 -0.0551094
18.32 -0.054092
18.33 -0.0530854
18.34 -0.0520916
18.35 -0.0511129
18.36 -0.0501515
18.37 -0.0492097
18.38 -0.0482899
18.39 -0.0473943
18.4 -0.046525
18.41 -0.045684
18.42 -0.0448729
18.43 -0.0440931
18.44 -0.0433455
18.45 -0.0426308
18.46 -0.0419492
18.47 -0.0413007
18.48 -0.0406849
18.49 -0.0401015
18.5 -0.0395499
18.51 -0.0390296
18.52 -0.0385402
18.53 -0.0380814
18.54 -0.0376532
18.55 -0.0372555
18.56 -0.0368885
18.57 -0.0365522
18.58 -0.036247
18.59 -0.035973
18.6 -0.0357302
18.61 -0.0355184
18.62 -0.0353374
18.63 -0.0351869
18.64 -0.0350663
18.65 -0.034975
18.66 -0.0349127
18.67 -0.0348791
18.68 -0.0348741
18.69 -0.0348985
18.7 -0.0349537
18.71 -0.0350418
18.72 -0.0351659
18.73 -0.0353293
18.74 -0.0355358
18.75 -0.0357892
18.76 -0.0360927
18.77 -0.0364495
18.78 -0.0368624
18.79 -0.0373343
18.8 -0.0378676
18.81 -0.0384649
18.82 -0.0391283
18.83 -0.03986
18.84 -0.0406619
18.85 -0.041536
18.86 -0.0424838
18.87 -0.0435068
18.88 -0.044606
18.89 -0.0457824
18.9 -0.0470359
18.91 -0.0483662
18.92 -0.049772
18.93 -0.0512512
18.94 -0.0528007
18.95 -0.054417
18.96 -0.0560962
18.97 -0.0578344
18.98 -0.0596274
18.99 -0.0614712
19 -0.063362
19.01 -0.0652962
19.02 -0.0672704
19.03 -0.0692813
19.04 -0.0713256
19.05 -0.0734
19.06 -0.0755005
19.07 -0.0776231
19.08 -0.0797629
19.09 -0.0819152
19.1 -0.0840745
19.11 -0.0862357
19.12 -0.0883935
19.13 -0.0905432
19.14 -0.0926801
19.15 -0.0947999
19.16 -0.0968978
19.17 -0.0989692
19.18 -0.101009
19.19 -0.103012
19.2 -0.104979
19.21 -0.106907
19.22 -0.108797
19.23 -0.110645
19.24 -0.112449
19.25 -0.114207
19.26 -0.115918
19.27 -0.11758
19.28 -0.119192
19.29 -0.120756
19.3 -0.12227
19.31 -0.123735
19.32 -0.125149
19.33 -0.126511
19.34 -0.12782
19.35 -0.129074
19.36 -0.130271
19.37 -0.131407
19.38 -0.13248
19.39 -0.133487
19.4 -0.134426
19.41 -0.135293
19.42 -0.136086
19.43 -0.136803
19.44 -0.137441
19.45 -0.137997
19.46 -0.138468
19.47 -0.138853
19.48 -0.139148
19.49 -0.139351
19.5 -0.13946
19.51 -0.139473
19.52 -0.139388
19.53 -0.139203
19.54 -0.138918
19.55 -0.138533
19.56 -0.138048
19.57 -0.137464
19.58 -0.136785
19.59 -0.136012
19.6 -0.135148
19.61 -0.134196
19.62 -0.133161
19.63 -0.132045
19.64 -0.130854
19.65 -0.129592
19.66 -0.128263
19.67 -0.126873
19.68 -0.125426
19.69 -0.12393
19.7 -0.122388
19.71 -0.120808
19.72 -0.119195
19.73 -0.117557
19.74 -0.115898
19.75 -0.114226
19.76 -0.112546
19.77 -0.110865
19.78 -0.109187
19.79 -0.107519
19.8 -0.105864
19.81 -0.10423
19.82 -0.10262
19.83 -0.101041
19.84 -0.0994963
19.85 -0.0979927
19.86 -0.0965349
19.87 -0.0951283
19.88 -0.0937779
19.89 -0.0924887
19.9 -0.0912653
19.91 -0.0901121
19.92 -0.0890328
19.93 -0.0880308
19.94 -0.0871092
19.95 -0.0862706
19.96 -0.0855177
19.97 -0.0848529
19.98 -0.0842785
19.99 -0.0837969
20 -0.0834101
20.01 -0.08312
20.02 -0.0829284
20.03 -0.0828364
20.04 -0.0828444
20.05 -0.0829521
20.06 -0.0831584
20.07 -0.0834612
20.08 -0.0838578
20.09 -0.0843449
20.1 -0.084918
20.11 -0.0855725
20.12 -0.086303
20.13 -0.0871043
20.14 -0.0879709
20.15 -0.0888971
20.16 -0.0898771
20.17 -0.0909052
20.18 -0.0919757
20.19 -0.0930829
20.2 -0.0942215
20.21 -0.0953863
20.22 -0.0965722
20.23 -0.0977744
20.24 -0.0989877
20.25 -0.100207
20.26 -0.101428
20.27 -0.102644
20.28 -0.103853
20.29 -0.105049
20.3 -0.106228
20.31 -0.107387
20.32 -0.108522
20.33 -0.10963
20.34 -0.110708
20.35 -0.111753
20.36 -0.112762
20.37 -0.113732
20.38 -0.11466
20.39 -0.115542
20.4 -0.116375
20.41 -0.117156
20.42 -0.117879
20.43 -0.118541
20.44 -0.119138
20.45 -0.119667
20.46 -0.120124
20.47 -0.120506
20.48 -0.12081
20.49 -0.121033
20.5 -0.121173
20.51 -0.121228
20.52 -0.121196
20.53 -0.121075
20.54 -0.120863
20.55 -0.12056
20.56 -0.120165
20.57 -0.119677
20.58 -0.119096
20.59 -0.118425
20.6 -0.117664
20.61 -0.116816
20.62 -0.115884
20.63 -0.114873
20.64 -0.113785
20.65 -0.112626
20.66 -0.111399
20.67 -0.11011
20.68 -0.108764
20.69 -0.107364
20.7 -0.105916
20.71 -0.104425
20.72 -0.102896
20.73 -0.101334
20.74 -0.0997429
20.75 -0.098129
20.76 -0.0964971
20.77 -0.0948523
20.78 -0.0931997
20.79 -0.0915441
20.8 -0.08989
20.81 -0.0882414
20.82 -0.086602
20.83 -0.0849748
20.84 -0.0833628
20.85 -0.0817687
20.86 -0.0801957
20.87 -0.0786468
20.88 -0.0771253
20.89 -0.0756349
20.9 -0.0741793
20.91 -0.0727624
20.92 -0.0713881
20.93 -0.0700599
20.94 -0.0687815
20.95 -0.0675563
20.96 -0.0663866
20.97 -0.0652731
20.98 -0.0642159
20.99 -0.0632151
21 -0.0622715
21.01 -0.0613863
21.02 -0.0605609
21.03 -0.0597974
21.04 -0.0590978
21.05 -0.0584643
21.06 -0.0578991
21.07 -0.0574042
21.08 -0.0569816
21.09 -0.0566334
21.1 -0.0563616
21.11 -0.0561681
21.12 -0.0560542
21.13 -0.0560213
21.14 -0.0560701
21.15 -0.056201
21.16 -0.0564142
21.17 -0.0567093
21.18 -0.0570857
21.19 -0.0575427
21.2 -0.0580792
21.21 -0.0586939
21.22 -0.0593852
21.23 -0.0601512
21.24 -0.06099
21.25 -0.061899
21.26 -0.0628756
21.27 -0.0639165
21.28 -0.0650181
21.29 -0.0661764
21.3 -0.0673871
21.31 -0.0686457
21.32 -0.0699476
21.33 -0.071288
21.34 -0.0726624
21.35 -0.0740664
21.36 -0.0754956
21.37 -0.0769459
21.38 -0.0784133
21.39 -0.079894
21.4 -0.0813847
21.41 -0.082882
21.42 -0.0843827
21.43 -0.0858839
21.44 -0.0873825
21.45 -0.0888754
21.46 -0.0903594
21.47 -0.0918312
21.48 -0.0932874
21.49 -0.0947247
21.5 -0.0961397
21.51 -0.0975296
21.52 -0.098891
21.53 -0.100221
21.54 -0.101517
21.55 -0.102776
21.56 -0.103995
21.57 -0.105172
21.58 -0.106304
21.59 -0.10739
21.6 -0.108429
21.61 -0.109419
21.62 -0.110359
21.63 -0.111248
21.64 -0.112084
21.65 -0.112867
21.66 -0.113595
21.67 -0.114266
21.68 -0.114878
21.69 -0.115431
21.7 -0.115923
21.71 -0.116352
21.72 -0.116718
21.73 -0.117019
21.74 -0.117257
21.75 -0.117428
21.76 -0.117534
21.77 -0.117574
21.78 -0.117546
21.79 -0.11745
21.8 -0.117286
21.81 -0.117054
21.82 -0.116754
21.83 -0.116387
21.84 -0.115954
21.85 -0.115458
21.86 -0.1149
21.87 -0.114284
21.88 -0.113613
21.89 -0.112889
21.9 -0.112117
21.91 -0.1113
21.92 -0.110442
21.93 -0.109547
21.94 -0.108618
21.95 -0.107659
21.96 -0.106673
21.97 -0.105665
21.98 -0.104637
21.99 -0.103596
22 -0.102544
22.01 -0.101489
22.02 -0.100435
22.03 -0.0993882
22.04 -0.0983539
22.05 -0.0973375
22.06 -0.0963433
22.07 -0.095375
22.08 -0.0944355
22.09 -0.0935274
22.1 -0.092653
22.11 -0.091814
22.12 -0.0910123
22.13 -0.0902491
22.14 -0.0895258
22.15 -0.0888438
22.16 -0.0882043
22.17 -0.0876087
22.18 -0.0870583
22.19 -0.0865545
22.2 -0.0860983
22.21 -0.0856906
22.22 -0.0853319
22.23 -0.0850223
22.24 -0.0847617
22.25 -0.0845496
22.26 -0.0843854
22.27 -0.0842682
22.28 -0.0841971
22.29 -0.0841713
22.3 -0.0841898
22.31 -0.0842521
22.32 -0.0843579
22.33 -0.0845071
22.34 -0.0846994
22.35 -0.0849349
22.36 -0.0852134
22.37 -0.0855346
22.38 -0.085898
22.39 -0.0863029
22.4 -0.0867482
22.41 -0.0872326
22.42 -0.0877544
22.43 -0.0883118
22.44 -0.0889025
22.45 -0.0895242
22.46 -0.0901743
22.47 -0.0908497
22.48 -0.0915472
22.49 -0.0922631
22.5 -0.0929936
22.51 -0.0937345
22.52 -0.0944814
22.53 -0.0952296
22.54 -0.0959743
22.55 -0.0967108
22.56 -0.0974344
22.57 -0.0981403
22.58 -0.0988237
22.59 -0.09948
22.6 -0.100105
22.61 -0.100693
22.62 -0.101241
22.63 -0.101745
22.64 -0.102201
22.65 -0.102605
22.66 -0.102955
22.67 -0.103249
22.68 -0.103484
22.69 -0.10366
22.7 -0.103775
22.71 -0.103829
22.72 -0.103819
22.73 -0.103747
22.74 -0.10361
22.75 -0.103408
22.76 -0.103142
22.77 -0.10281
22.78 -0.102415
22.79 -0.101955
22.8 -0.101433
22.81 -0.10085
22.82 -0.100206
22.83 -0.0995041
22.84 -0.0987455
22.85 -0.0979324
22.86 -0.0970672
22.87 -0.0961524
22.88 -0.0951909
22.89 -0.0941856
22.9 -0.0931399
22.91 -0.0920575
22.92 -0.0909424
22.93 -0.0897988
22.94 -0.0886312
22.95 -0.0874443
22.96 -0.0862431
22.97 -0.0850328
22.98 -0.0838184
22.99 -0.0826049
23 -0.0813968
23.01 -0.0801981
23.02 -0.0790124
23.03 -0.077843
23.04 -0.0766929
23.05 -0.0755649
23.06 -0.0744616
23.07 -0.0733856
23.08 -0.0723399
23.09 -0.0713274
23.1 -0.0703513
23.11 -0.0694147
23.12 -0.0685207
23.13 -0.0676723
23.14 -0.0668721
23.15 -0.0661226
23.16 -0.065426
23.17 -0.0647846
23.18 -0.0642001
23.19 -0.063674
23.2 -0.0632077
23.21 -0.0628022
23.22 -0.0624582
23.23 -0.0621765
23.24 -0.0619575
23.25 -0.0618016
23.26 -0.0617086
23.27 -0.0616787
23.28 -0.0617113
23.29 -0.0618058
23.3 -0.0619611
23.31 -0.062176
23.32 -0.0624488
23.33 -0.062778
23.34 -0.0631616
23.35 -0.0635977
23.36 -0.0640845
23.37 -0.0646199
23.38 -0.065202
23.39 -0.0658288
23.4 -0.0664985
23.41 -0.0672094
23.42 -0.06796
23.43 -0.0687488
23.44 -0.0695744
23.45 -0.0704353
23.46 -0.0713303
23.47 -0.0722578
23.48 -0.0732159
23.49 -0.0742023
23.5 -0.0752146
23.51 -0.0762498
23.52 -0.0773052
23.53 -0.0783777
23.54 -0.0794642
23.55 -0.0805615
23.56 -0.0816663
23.57 -0.0827753
23.58 -0.0838851
23.59 -0.0849921
23.6 -0.0860929
23.61 -0.0871838
23.62 -0.0882614
23.63 -0.089322
23.64 -0.090362
23.65 -0.0913777
23.66 -0.0923657
23.67 -0.0933225
23.68 -0.0942449
23.69 -0.09513
23.7 -0.0959751
23.71 -0.096778
23.72 -0.0975367
23.73 -0.0982494
23.74 -0.0989149
23.75 -0.0995322
23.76 -0.100101
23.77 -0.100621
23.78 -0.101093
23.79 -0.101518
23.8 -0.101898
23.81 -0.102233
23.82 -0.102527
23.83 -0.102781
23.84 -0.102997
23.85 -0.103177
23.86 -0.103323
23.87 -0.103437
23.88 -0.103522
23.89 -0.103579
23.9 -0.103612
23.91 -0.103622
23.92 -0.103613
23.93 -0.103588
23.94 -0.10355
23.95 -0.103502
23.96 -0.103446
23.97 -0.103386
23.98 -0.103323
23.99 -0.10326
24 -0.103196
24.01 -0.103134
24.02 -0.103072
24.03 -0.103012
24.04 -0.102953
24.05 -0.102893
24.06 -0.102831
24.07 -0.102764
24.08 -0.102691
24.09 -0.102607
24.1 -0.102511
24.11 -0.1024
24.12 -0.102272
24.13 -0.102127
24.14 -0.101962
24.15 -0.101778
24.16 -0.101575
24.17 -0.101354
24.18 -0.101115
24.19 -0.100861
24.2 -0.100591
24.21 -0.100308
24.22 -0.100013
24.23 -0.0997073
24.24 -0.0993934
24.25 -0.0990729
24.26 -0.0987477
24.27 -0.0984199
24.28 -0.098092
24.29 -0.0977663
24.3 -0.0974456
24.31 -0.0971329
24.32 -0.0968309
24.33 -0.0965424
24.34 -0.0962695
24.35 -0.0960138
24.36 -0.0957763
24.37 -0.0955574
24.38 -0.0953574
24.39 -0.0951763
24.4 -0.0950138
24.41 -0.0948696
24.42 -0.0947432
24.43 -0.0946346
24.44 -0.0945435
24.45 -0.0944699
24.46 -0.0944137
24.47 -0.0943747
24.48 -0.0943526
24.49 -0.0943469
24.5 -0.0943572
24.51 -0.0943827
24.52 -0.0944227
24.53 -0.0944767
24.54 -0.094544
24.55 -0.094624
24.56 -0.0947163
24.57 -0.0948206
24.58 -0.0949365
24.59 -0.0950641
24.6 -0.0952033
24.61 -0.0953539
24.62 -0.0955157
24.63 -0.0956886
24.64 -0.0958723
24.65 -0.0960664
24.66 -0.0962701
24.67 -0.0964824
24.68 -0.0967022
24.69 -0.096928
24.7 -0.0971581
24.71 -0.0973907
24.72 -0.0976239
24.73 -0.0978557
24.74 -0.0980843
24.75 -0.0983077
24.76 -0.0985238
24.77 -0.0987305
24.78 -0.0989259
24.79 -0.0991084
24.8 -0.0992764
24.81 -0.0994285
24.82 -0.0995637
24.83 -0.0996812
24.84 -0.0997804
24.85 -0.0998608
24.86 -0.0999224
24.87 -0.099965
24.88 -0.0999887
24.89 -0.0999939
24.9 -0.0999812
24.91 -0.0999517
24.92 -0.0999064
24.93 -0.0998468
24.94 -0.0997743
24.95 -0.0996905
24.96 -0.0995971
24.97 -0.0994956
24.98 -0.0993879
24.99 -0.0992755
25 -0.09916
