0.01 3.17335e-09
0.02 1.52829e-08
0.03 3.77278e-08
0.04 6.81409e-08
0.05 1.04192e-07
0.06 1.43611e-07
0.07 1.84212e-07
0.08 2.23889e-07
0.09 2.60602e-07
0.1 2.92382e-07
0.11 3.17354e-07
0.12 3.33735e-07
0.13 3.3981e-07
0.14 3.33865e-07
0.15 3.14186e-07
0.16 2.79115e-07
0.17 2.27101e-07
0.18 1.56715e-07
0.19 6.66611e-08
0.2 -4.42094e-08
0.21 -1.76885e-07
0.22 -3.32193e-07
0.23 -5.10799e-07
0.24 -7.1323e-07
0.25 -9.39903e-07
0.26 -1.19119e-06
0.27 -1.46744e-06
0.28 -1.76888e-06
0.29 -2.09531e-06
0.3 -2.44605e-06
0.31 -2.81986e-06
0.32 -3.2149e-06
0.33 -3.62858e-06
0.34 -4.0574e-06
0.35 -4.4973e-06
0.36 -4.94382e-06
0.37 -5.3923e-06
0.38 -5.83844e-06
0.39 -6.27908e-06
0.4 -6.71278e-06
0.41 -7.1402e-06
0.42 -7.56357e-06
0.43 -7.98615e-06
0.44 -8.41225e-06
0.45 -8.84709e-06
0.46 -9.29632e-06
0.47 -9.76561e-06
0.48 -1.026e-05
0.49 -1.07837e-05
0.5 -1.134e-05
0.51 -1.19315e-05
0.52 -1.25603e-05
0.53 -1.32275e-05
0.54 -1.39339e-05
0.55 -1.46797e-05
0.56 -1.54647e-05
0.57 -1.62881e-05
0.58 -1.71488e-05
0.59 -1.80461e-05
0.6 -1.89786e-05
0.61 -1.99449e-05
0.62 -2.09435e-05
0.63 -2.19725e-05
0.64 -2.303e-05
0.65 -2.41143e-05
0.66 -2.52234e-05
0.67 -2.6356e-05
0.68 -2.75107e-05
0.69 -2.86866e-05
0.7 -2.98825e-05
0.71 -3.10973e-05
0.72 -3.23289e-05
0.73 -3.35738e-05
0.74 -3.48265e-05
0.75 -3.60789e-05
0.76 -3.73199e-05
0.77 -3.85359e-05
0.78 -3.97118e-05
0.79 -4.08335e-05
0.8 -4.18896e-05
0.81 -4.28713e-05
0.82 -4.37727e-05
0.83 -4.45898e-05
0.84 -4.53208e-05
0.85 -4.59673e-05
0.86 -4.65339e-05
0.87 -4.70245e-05
0.88 -4.74378e-05
0.89 -4.77676e-05
0.9 -4.80041e-05
0.91 -4.81366e-05
0.92 -4.81538e-05
0.93 -4.80467e-05
0.94 -4.78108e-05
0.95 -4.74475e-05
0.96 -4.69647e-05
0.97 -4.63761e-05
0.98 -4.56963e-05
0.99 -4.49353e-05
1 -4.4097e-05
1.01 -4.31799e-05
1.02 -4.21765e-05
1.03 -4.1075e-05
1.04 -3.98613e-05
1.05 -3.85214e-05
1.06 -3.7045e-05
1.07 -3.54267e-05
1.08 -3.36648e-05
1.09 -3.17584e-05
1.1 -2.97067e-05
1.11 -2.75106e-05
1.12 -2.51709e-05
1.13 -2.26872e-05
1.14 -2.00578e-05
1.15 -1.72818e-05
1.16 -1.43602e-05
1.17 -1.12992e-05
1.18 -8.11179e-06
1.19 -4.81621e-06
1.2 -1.43263e-06
1.21 2.01548e-06
1.22 5.50006e-06
1.23 8.99137e-06
1.24 1.24635e-05
1.25 1.59024e-05
1.26 1.93103e-05
1.27 2.27009e-05
1.28 2.60899e-05
1.29 2.94923e-05
1.3 3.29213e-05
1.31 3.63836e-05
1.32 3.98771e-05
1.33 4.33931e-05
1.34 4.69219e-05
1.35 5.04565e-05
1.36 5.39926e-05
1.37 5.75286e-05
1.38 6.10653e-05
1.39 6.46041e-05
1.4 6.81454e-05
1.41 7.16854e-05
1.42 7.52122e-05
1.43 7.87016e-05
1.44 8.21136e-05
1.45 8.53902e-05
1.46 8.8457e-05
1.47 9.12301e-05
1.48 9.36231e-05
1.49 9.5548e-05
1.5 9.69195e-05
1.51 9.76592e-05
1.52 9.76982e-05
1.53 9.69843e-05
1.54 9.54901e-05
1.55 9.32207e-05
1.56 9.0216e-05
1.57 8.65411e-05
1.58 8.22777e-05
1.59 7.75176e-05
1.6 7.23496e-05
1.61 6.68532e-05
1.62 6.11007e-05
1.63 5.51569e-05
1.64 4.90788e-05
1.65 4.29159e-05
1.66 3.67081e-05
1.67 3.04838e-05
1.68 2.42616e-05
1.69 1.80564e-05
1.7 1.18832e-05
1.71 5.75636e-06
1.72 -3.08944e-07
1.73 -6.29518e-06
1.74 -1.21786e-05
1.75 -1.79257e-05
1.76 -2.34979e-05
1.77 -2.88587e-05
1.78 -3.39693e-05
1.79 -3.87837e-05
1.8 -4.3251e-05
1.81 -4.732e-05
1.82 -5.09402e-05
1.83 -5.40633e-05
1.84 -5.66533e-05
1.85 -5.86928e-05
1.86 -6.01777e-05
1.87 -6.1108e-05
1.88 -6.14818e-05
1.89 -6.12944e-05
1.9 -6.05382e-05
1.91 -5.92031e-05
1.92 -5.7276e-05
1.93 -5.47432e-05
1.94 -5.16039e-05
1.95 -4.78858e-05
1.96 -4.36463e-05
1.97 -3.89666e-05
1.98 -3.39479e-05
1.99 -2.86987e-05
2 -2.33151e-05
2.01 -1.78616e-05
2.02 -1.23695e-05
2.03 -6.83951e-06
2.04 -1.24484e-06
2.05 4.45877e-06
2.06 1.03228e-05
2.07 1.63957e-05
2.08 2.27075e-05
2.09 2.92577e-05
2.1 3.60137e-05
2.11 4.29138e-05
2.12 4.98651e-05
2.13 5.67389e-05
2.14 6.33821e-05
2.15 6.96304e-05
2.16 7.53111e-05
2.17 8.02506e-05
2.18 8.42762e-05
2.19 8.72094e-05
2.2 8.88597e-05
2.21 8.90303e-05
2.22 8.75303e-05
2.23 8.41808e-05
2.24 7.88213e-05
2.25 7.13044e-05
2.26 6.15016e-05
2.27 4.93294e-05
2.28 3.47555e-05
2.29 1.77867e-05
2.3 -1.53521e-06
2.31 -2.31331e-05
2.32 -4.6888e-05
2.33 -7.26277e-05
2.34 -0.000100121
2.35 -0.000129086
2.36 -0.000159195
2.37 -0.000190092
2.38 -0.000221398
2.39 -0.000252714
2.4 -0.000283639
2.41 -0.000313809
2.42 -0.000342923
2.43 -0.000370719
2.44 -0.000396961
2.45 -0.000421431
2.46 -0.000443933
2.47 -0.000464305
2.48 -0.000482419
2.49 -0.000498168
2.5 -0.000511449
2.51 -0.000522152
2.52 -0.000530152
2.53 -0.000535333
2.54 -0.000537586
2.55 -0.000536804
2.56 -0.000532891
2.57 -0.000525789
2.58 -0.000515498
2.59 -0.00050208
2.6 -0.000485655
2.61 -0.000466384
2.62 -0.000444444
2.63 -0.000420017
2.64 -0.000393267
2.65 -0.000364347
2.66 -0.000333396
2.67 -0.000300542
2.68 -0.000265912
2.69 -0.000229649
2.7 -0.000191912
2.71 -0.000152866
2.72 -0.000112684
2.73 -7.15368e-05
2.74 -2.9583e-05
2.75 1.30422e-05
2.76 5.62099e-05
2.77 9.9794e-05
2.78 0.000143696
2.79 0.000187856
2.8 0.000232251
2.81 0.000276886
2.82 0.000321764
2.83 0.000366856
2.84 0.000412096
2.85 0.000457377
2.86 0.000502561
2.87 0.000547469
2.88 0.000591868
2.89 0.000635481
2.9 0.000678009
2.91 0.000719142
2.92 0.000758558
2.93 0.000795934
2.94 0.000830955
2.95 0.000863323
2.96 0.000892767
2.97 0.000919071
2.98 0.000942083
2.99 0.000961712
3 0.000977904
3.01 0.000990641
3.02 0.000999917
3.03 0.00100572
3.04 0.00100801
3.05 0.00100675
3.06 0.00100186
3.07 0.000993236
3.08 0.000980732
3.09 0.000964202
3.1 0.000943521
3.11 0.000918608
3.12 0.000889453
3.13 0.000856128
3.14 0.000818771
3.15 0.000777561
3.16 0.000732704
3.17 0.000684439
3.18 0.00063303
3.19 0.000578751
3.2 0.000521861
3.21 0.000462617
3.22 0.000401313
3.23 0.000338282
3.24 0.000273904
3.25 0.000208591
3.26 0.000142776
3.27 7.6927e-05
3.28 1.15639e-05
3.29 -5.27808e-05
3.3 -0.000115594
3.31 -0.000176363
3.32 -0.000234578
3.33 -0.000289784
3.34 -0.000341619
3.35 -0.000389849
3.36 -0.00043438
3.37 -0.000475246
3.38 -0.000512599
3.39 -0.000546697
3.4 -0.000577902
3.41 -0.000606651
3.42 -0.00063343
3.43 -0.000658732
3.44 -0.000683035
3.45 -0.000706799
3.46 -0.000730451
3.47 -0.000754343
3.48 -0.000778702
3.49 -0.000803615
3.5 -0.000829032
3.51 -0.000854785
3.52 -0.000880592
3.53 -0.00090608
3.54 -0.000930819
3.55 -0.000954369
3.56 -0.000976347
3.57 -0.000996432
3.58 -0.00101432
3.59 -0.00102973
3.6 -0.0010424
3.61 -0.00105217
3.62 -0.00105894
3.63 -0.00106264
3.64 -0.00106329
3.65 -0.00106098
3.66 -0.00105583
3.67 -0.00104807
3.68 -0.00103799
3.69 -0.00102593
3.7 -0.00101223
3.71 -0.000997213
3.72 -0.000981213
3.73 -0.000964531
3.74 -0.000947418
3.75 -0.000930089
3.76 -0.000912729
3.77 -0.000895486
3.78 -0.000878465
3.79 -0.000861741
3.8 -0.000845346
3.81 -0.000829248
3.82 -0.000813363
3.83 -0.00079758
3.84 -0.00078176
3.85 -0.000765748
3.86 -0.000749424
3.87 -0.000732744
3.88 -0.000715764
3.89 -0.000698659
3.9 -0.000681716
3.91 -0.000665335
3.92 -0.000650025
3.93 -0.000636373
3.94 -0.000624991
3.95 -0.000616491
3.96 -0.000611462
3.97 -0.00061043
3.98 -0.000613792
3.99 -0.000621786
4 -0.000634489
4.01 -0.00065182
4.02 -0.000673554
4.03 -0.000699337
4.04 -0.000728687
4.05 -0.000760995
4.06 -0.000795538
4.07 -0.000831463
4.08 -0.000867774
4.09 -0.000903356
4.1 -0.000937011
4.11 -0.000967522
4.12 -0.000993758
4.13 -0.00101476
4.14 -0.00102977
4.15 -0.00103832
4.16 -0.00104024
4.17 -0.00103573
4.18 -0.00102526
4.19 -0.00100952
4.2 -0.000989442
4.21 -0.000966061
4.22 -0.000940488
4.23 -0.000913788
4.24 -0.000886905
4.25 -0.000860685
4.26 -0.000835907
4.27 -0.000813255
4.28 -0.000793287
4.29 -0.000776416
4.3 -0.000762889
4.31 -0.000752806
4.32 -0.000746139
4.33 -0.000742748
4.34 -0.000742361
4.35 -0.000744549
4.36 -0.000748733
4.37 -0.000754207
4.38 -0.000760168
4.39 -0.000765759
4.4 -0.00077008
4.41 -0.000772189
4.42 -0.000771124
4.43 -0.000765939
4.44 -0.000755731
4.45 -0.000739677
4.46 -0.000717119
4.47 -0.00068761
4.48 -0.000650914
4.49 -0.000606957
4.5 -0.000555747
4.51 -0.000497348
4.52 -0.00043192
4.53 -0.000359762
4.54 -0.000281297
4.55 -0.000197056
4.56 -0.000107663
4.57 -1.38235e-05
4.58 8.36736e-05
4.59 0.000183982
4.6 0.00028621
4.61 0.000389463
4.62 0.000492896
4.63 0.000595723
4.64 0.000697213
4.65 0.000796714
4.66 0.000893673
4.67 0.000987678
4.68 0.00107848
4.69 0.00116598
4.7 0.00125015
4.71 0.00133096
4.72 0.00140839
4.73 0.00148243
4.74 0.00155301
4.75 0.00162002
4.76 0.00168324
4.77 0.00174245
4.78 0.00179737
4.79 0.00184773
4.8 0.00189328
4.81 0.00193372
4.82 0.00196869
4.83 0.00199788
4.84 0.00202099
4.85 0.00203768
4.86 0.00204759
4.87 0.00205044
4.88 0.00204601
4.89 0.00203413
4.9 0.00201465
4.91 0.00198753
4.92 0.00195278
4.93 0.00191049
4.94 0.00186078
4.95 0.0018038
4.96 0.00173977
4.97 0.00166895
4.98 0.00159169
4.99 0.00150841
5 0.00141958
5.01 0.0013257
5.02 0.00122723
5.03 0.00112452
5.04 0.00101781
5.05 0.000907226
5.06 0.000792793
5.07 0.000674379
5.08 0.000551763
5.09 0.000424689
5.1 0.000292852
5.11 0.000155918
5.12 1.35915e-05
5.13 -0.00013434
5.14 -0.000287992
5.15 -0.000447334
5.16 -0.000612131
5.17 -0.000781909
5.18 -0.000955986
5.19 -0.00113353
5.2 -0.00131357
5.21 -0.00149498
5.22 -0.00167656
5.23 -0.00185712
5.24 -0.00203549
5.25 -0.00221052
5.26 -0.00238105
5.27 -0.00254584
5.28 -0.00270366
5.29 -0.00285328
5.3 -0.00299353
5.31 -0.00312334
5.32 -0.0032417
5.33 -0.00334783
5.34 -0.00344118
5.35 -0.00352146
5.36 -0.00358863
5.37 -0.00364296
5.38 -0.00368501
5.39 -0.00371552
5.4 -0.00373531
5.41 -0.00374524
5.42 -0.00374616
5.43 -0.00373888
5.44 -0.00372406
5.45 -0.00370221
5.46 -0.00367372
5.47 -0.00363886
5.48 -0.00359787
5.49 -0.00355095
5.5 -0.00349822
5.51 -0.00343975
5.52 -0.00337554
5.53 -0.0033056
5.54 -0.00322995
5.55 -0.00314858
5.56 -0.00306145
5.57 -0.0029686
5.58 -0.00287015
5.59 -0.00276632
5.6 -0.00265737
5.61 -0.00254353
5.62 -0.00242504
5.63 -0.0023021
5.64 -0.00217491
5.65 -0.00204365
5.66 -0.00190853
5.67 -0.00176973
5.68 -0.00162739
5.69 -0.0014816
5.7 -0.00133237
5.71 -0.00117964
5.72 -0.00102326
5.73 -0.000863065
5.74 -0.000698853
5.75 -0.000530429
5.76 -0.000357611
5.77 -0.000180292
5.78 1.51703e-06
5.79 0.000187647
5.8 0.000377738
5.81 0.000571227
5.82 0.000767321
5.83 0.000964982
5.84 0.00116295
5.85 0.00135982
5.86 0.00155407
5.87 0.00174411
5.88 0.00192833
5.89 0.00210513
5.9 0.00227295
5.91 0.00243039
5.92 0.00257616
5.93 0.00270918
5.94 0.00282852
5.95 0.00293348
5.96 0.00302363
5.97 0.00309889
5.98 0.00315952
5.99 0.00320603
6 0.0032392
6.01 0.00325999
6.02 0.00326948
6.03 0.00326878
6.04 0.00325909
6.05 0.00324159
6.06 0.00321747
6.07 0.00318778
6.08 0.0031534
6.09 0.00311503
6.1 0.00307327
6.11 0.00302859
6.12 0.00298133
6.13 0.00293171
6.14 0.00287988
6.15 0.002826
6.16 0.00277029
6.17 0.00271307
6.18 0.00265488
6.19 0.00259643
6.2 0.00253859
6.21 0.00248225
6.22 0.00242838
6.23 0.002378
6.24 0.00233212
6.25 0.0022917
6.26 0.00225765
6.27 0.00223087
6.28 0.00221221
6.29 0.00220254
6.3 0.00220271
6.31 0.00221361
6.32 0.00223615
6.33 0.00227125
6.34 0.00231987
6.35 0.0023829
6.36 0.00246116
6.37 0.00255527
6.38 0.00266545
6.39 0.0027916
6.4 0.00293333
6.41 0.00309005
6.42 0.00326105
6.43 0.00344562
6.44 0.00364309
6.45 0.00385296
6.46 0.00407498
6.47 0.00430905
6.48 0.0045551
6.49 0.00481297
6.5 0.00508229
6.51 0.00536229
6.52 0.00565176
6.53 0.00594907
6.54 0.00625215
6.55 0.00655848
6.56 0.0068651
6.57 0.00716875
6.58 0.007466
6.59 0.00775342
6.6 0.00802777
6.61 0.00828614
6.62 0.00852602
6.63 0.0087453
6.64 0.00894229
6.65 0.00911558
6.66 0.00926388
6.67 0.00938596
6.68 0.00948065
6.69 0.00954683
6.7 0.00958342
6.71 0.00958948
6.72 0.00956415
6.73 0.00950669
6.74 0.00941652
6.75 0.00929324
6.76 0.00913673
6.77 0.0089471
6.78 0.00872471
6.79 0.00847018
6.8 0.00818435
6.81 0.0078682
6.82 0.00752279
6.83 0.00714918
6.84 0.00674842
6.85 0.0063215
6.86 0.00586932
6.87 0.00539274
6.88 0.00489252
6.89 0.0043695
6.9 0.00382461
6.91 0.00325902
6.92 0.00267421
6.93 0.00207196
6.94 0.00145445
6.95 0.000824149
6.96 0.000183786
6.97 -0.000463845
6.98 -0.00111605
6.99 -0.0017704
7 -0.00242474
7.01 -0.00307733
7.02 -0.00372674
7.03 -0.00437176
7.04 -0.00501118
7.05 -0.00564373
7.06 -0.00626785
7.07 -0.00688166
7.08 -0.00748295
7.09 -0.00806916
7.1 -0.00863755
7.11 -0.00918521
7.12 -0.00970929
7.13 -0.0102071
7.14 -0.0106766
7.15 -0.0111159
7.16 -0.0115241
7.17 -0.0119003
7.18 -0.0122443
7.19 -0.012556
7.2 -0.0128354
7.21 -0.0130826
7.22 -0.0132977
7.23 -0.0134805
7.24 -0.0136304
7.25 -0.013747
7.26 -0.0138293
7.27 -0.0138766
7.28 -0.0138881
7.29 -0.0138634
7.3 -0.0138023
7.31 -0.0137051
7.32 -0.0135724
7.33 -0.0134054
7.34 -0.0132053
7.35 -0.0129735
7.36 -0.0127114
7.37 -0.01242
7.38 -0.0121003
7.39 -0.0117529
7.4 -0.0113781
7.41 -0.0109762
7.42 -0.0105472
7.43 -0.0100914
7.44 -0.00960938
7.45 -0.00910194
7.46 -0.00857041
7.47 -0.00801649
7.48 -0.00744233
7.49 -0.00685046
7.5 -0.00624384
7.51 -0.00562576
7.52 -0.00499974
7.53 -0.00436939
7.54 -0.00373829
7.55 -0.00310991
7.56 -0.00248763
7.57 -0.0018748
7.58 -0.00127472
7.59 -0.000690634
7.6 -0.000125758
7.61 0.000416816
7.62 0.00093428
7.63 0.0014243
7.64 0.00188509
7.65 0.00231539
7.66 0.00271451
7.67 0.00308244
7.68 0.00341985
7.69 0.00372807
7.7 0.004009
7.71 0.00426501
7.72 0.00449856
7.73 0.0047119
7.74 0.00490695
7.75 0.00508514
7.76 0.00524747
7.77 0.00539461
7.78 0.00552694
7.79 0.00564459
7.8 0.00574743
7.81 0.00583511
7.82 0.00590711
7.83 0.00596275
7.84 0.00600115
7.85 0.00602137
7.86 0.00602241
7.87 0.00600325
7.88 0.00596295
7.89 0.00590073
7.9 0.00581603
7.91 0.00570856
7.92 0.00557832
7.93 0.00542565
7.94 0.00525123
7.95 0.00505603
7.96 0.00484129
7.97 0.00460848
7.98 0.00435928
7.99 0.00409556
8 0.00381924
8.01 0.00353216
8.02 0.00323608
8.03 0.00293265
8.04 0.00262329
8.05 0.00230919
8.06 0.00199122
8.07 0.00167001
8.08 0.00134604
8.09 0.00101969
8.1 0.000691426
8.11 0.000361902
8.12 3.21117e-05
8.13 -0.000296574
8.14 -0.000622465
8.15 -0.000943584
8.16 -0.0012577
8.17 -0.0015624
8.18 -0.0018552
8.19 -0.00213362
8.2 -0.00239528
8.21 -0.00263798
8.22 -0.00285973
8.23 -0.00305882
8.24 -0.00323374
8.25 -0.0033832
8.26 -0.00350624
8.27 -0.00360218
8.28 -0.00367067
8.29 -0.0037117
8.3 -0.00372567
8.31 -0.00371352
8.32 -0.00367674
8.33 -0.00361749
8.34 -0.00353845
8.35 -0.00344273
8.36 -0.00333371
8.37 -0.00321476
8.38 -0.00308905
8.39 -0.00295937
8.4 -0.00282792
8.41 -0.00269633
8.42 -0.00256569
8.43 -0.00243664
8.44 -0.00230944
8.45 -0.00218388
8.46 -0.00205939
8.47 -0.00193498
8.48 -0.00180936
8.49 -0.00168104
8.5 -0.00154844
8.51 -0.00140998
8.52 -0.0012642
8.53 -0.00110997
8.54 -0.000946573
8.55 -0.000773793
8.56 -0.000591827
8.57 -0.000401175
8.58 -0.000202561
8.59 3.14341e-06
8.6 0.000214989
8.61 0.000432037
8.62 0.000653459
8.63 0.000878654
8.64 0.00110729
8.65 0.00133934
8.66 0.00157506
8.67 0.00181497
8.68 0.00205974
8.69 0.00231008
8.7 0.00256669
8.71 0.00283021
8.72 0.00310121
8.73 0.00338
8.74 0.00366667
8.75 0.00396107
8.76 0.00426273
8.77 0.0045708
8.78 0.00488408
8.79 0.00520102
8.8 0.0055198
8.81 0.00583828
8.82 0.00615411
8.83 0.00646487
8.84 0.0067682
8.85 0.00706194
8.86 0.00734412
8.87 0.00761296
8.88 0.00786686
8.89 0.0081045
8.9 0.00832488
8.91 0.00852731
8.92 0.00871137
8.93 0.00887685
8.94 0.00902363
8.95 0.00915163
8.96 0.00926072
8.97 0.00935076
8.98 0.00942158
8.99 0.00947291
9 0.00950434
9.01 0.00951522
9.02 0.00950469
9.03 0.00947168
9.04 0.00941493
9.05 0.00933314
9.06 0.00922518
9.07 0.00909008
9.08 0.00892715
9.09 0.00873592
9.1 0.00851613
9.11 0.00826765
9.12 0.00799043
9.13 0.00768452
9.14 0.00735009
9.15 0.0069874
9.16 0.00659692
9.17 0.00617945
9.18 0.00573622
9.19 0.00526895
9.2 0.00477988
9.21 0.0042718
9.22 0.0037481
9.23 0.00321269
9.24 0.00266978
9.25 0.0021237
9.26 0.00157859
9.27 0.00103824
9.28 0.000505979
9.29 -1.54293e-05
9.3 -0.000523756
9.31 -0.00101708
9.32 -0.00149364
9.33 -0.00195185
9.34 -0.00239027
9.35 -0.00280757
9.36 -0.00320251
9.37 -0.00357399
9.38 -0.00392102
9.39 -0.00424269
9.4 -0.00453831
9.41 -0.00480746
9.42 -0.00505008
9.43 -0.00526652
9.44 -0.00545761
9.45 -0.00562472
9.46 -0.00576962
9.47 -0.00589433
9.48 -0.00600095
9.49 -0.00609151
9.5 -0.00616776
9.51 -0.00623116
9.52 -0.00628277
9.53 -0.0063233
9.54 -0.00635322
9.55 -0.00637292
9.56 -0.00638282
9.57 -0.00638346
9.58 -0.00637559
9.59 -0.00636027
9.6 -0.00633876
9.61 -0.00631245
9.62 -0.00628272
9.63 -0.00625082
9.64 -0.00621774
9.65 -0.00618411
9.66 -0.00615019
9.67 -0.00611594
9.68 -0.00608095
9.69 -0.00604455
9.7 -0.00600587
9.71 -0.00596403
9.72 -0.0059182
9.73 -0.00586768
9.74 -0.00581196
9.75 -0.00575082
9.76 -0.00568435
9.77 -0.0056129
9.78 -0.00553704
9.79 -0.00545755
9.8 -0.00537544
9.81 -0.00529193
9.82 -0.00520841
9.83 -0.0051264
9.84 -0.00504757
9.85 -0.00497363
9.86 -0.00490633
9.87 -0.00484728
9.88 -0.00479792
9.89 -0.00475949
9.9 -0.00473303
9.91 -0.00471929
9.92 -0.00471862
9.93 -0.00473108
9.94 -0.00475635
9.95 -0.00479383
9.96 -0.00484269
9.97 -0.004902
9.98 -0.00497095
9.99 -0.00504888
10 -0.00513531
10.01 -0.00522997
10.02 -0.00533279
10.03 -0.00544391
10.04 -0.00556364
10.05 -0.00569219
10.06 -0.00582963
10.07 -0.00597581
10.08 -0.00613034
10.09 -0.00629265
10.1 -0.00646197
10.11 -0.00663737
10.12 -0.00681788
10.13 -0.00700266
10.14 -0.00719098
10.15 -0.00738227
10.16 -0.00757606
10.17 -0.00777197
10.18 -0.00796956
10.19 -0.00816827
10.2 -0.00836736
10.21 -0.00856595
10.22 -0.00876302
10.23 -0.00895754
10.24 -0.00914839
10.25 -0.00933448
10.26 -0.00951478
10.27 -0.00968836
10.28 -0.00985442
10.29 -0.0100122
10.3 -0.010161
10.31 -0.0103003
10.32 -0.0104292
10.33 -0.0105471
10.34 -0.0106532
10.35 -0.0107467
10.36 -0.010827
10.37 -0.0108934
10.38 -0.0109453
10.39 -0.0109822
10.4 -0.0110035
10.41 -0.0110086
10.42 -0.0109967
10.43 -0.010967
10.44 -0.0109185
10.45 -0.0108499
10.46 -0.01076
10.47 -0.0106474
10.48 -0.010511
10.49 -0.0103497
10.5 -0.0101631
10.51 -0.00995081
10.52 -0.00971311
10.53 -0.00945053
10.54 -0.00916391
10.55 -0.00885432
10.56 -0.00852291
10.57 -0.00817096
10.58 -0.00779984
10.59 -0.00741099
10.6 -0.00700587
10.61 -0.00658601
10.62 -0.00615301
10.63 -0.00570861
10.64 -0.00525463
10.65 -0.00479305
10.66 -0.00432596
10.67 -0.00385552
10.68 -0.00338389
10.69 -0.00291315
10.7 -0.00244521
10.71 -0.00198174
10.72 -0.00152427
10.73 -0.00107413
10.74 -0.000632546
10.75 -0.000200602
10.76 0.000220688
10.77 0.000630434
10.78 0.00102789
10.79 0.00141244
10.8 0.00178359
10.81 0.00214092
10.82 0.00248408
10.83 0.00281286
10.84 0.00312713
10.85 0.00342677
10.86 0.00371166
10.87 0.00398161
10.88 0.00423635
10.89 0.00447561
10.9 0.00469908
10.91 0.00490648
10.92 0.00509763
10.93 0.00527251
10.94 0.00543139
10.95 0.00557483
10.96 0.00570365
10.97 0.00581888
10.98 0.00592173
10.99 0.00601348
11 0.00609536
11.01 0.0061685
11.02 0.00623395
11.03 0.00629258
11.04 0.00634507
11.05 0.00639194
11.06 0.00643359
11.07 0.00647037
11.08 0.00650254
11.09 0.00653026
11.1 0.00655368
11.11 0.00657298
11.12 0.00658841
11.13 0.00660033
11.14 0.00660912
11.15 0.00661519
11.16 0.00661896
11.17 0.00662101
11.18 0.00662214
11.19 0.00662334
11.2 0.00662581
11.21 0.00663094
11.22 0.00664026
11.23 0.00665538
11.24 0.00667776
11.25 0.00670852
11.26 0.0067483
11.27 0.00679724
11.28 0.00685507
11.29 0.0069212
11.3 0.0069949
11.31 0.00707533
11.32 0.00716164
11.33 0.00725303
11.34 0.00734888
11.35 0.0074489
11.36 0.00755312
11.37 0.00766191
11.38 0.00777572
11.39 0.00789504
11.4 0.00802028
11.41 0.00815175
11.42 0.00828953
11.43 0.00843339
11.44 0.00858284
11.45 0.00873717
11.46 0.00889555
11.47 0.00905717
11.48 0.00922133
11.49 0.00938762
11.5 0.00955596
11.51 0.00972666
11.52 0.00990032
11.53 0.0100778
11.54 0.0102599
11.55 0.0104477
11.56 0.0106419
11.57 0.010843
11.58 0.0110512
11.59 0.0112664
11.6 0.0114883
11.61 0.0117169
11.62 0.0119518
11.63 0.0121927
11.64 0.0124395
11.65 0.012692
11.66 0.0129497
11.67 0.0132124
11.68 0.0134798
11.69 0.0137513
11.7 0.0140265
11.71 0.0143042
11.72 0.0145836
11.73 0.014863
11.74 0.0151407
11.75 0.0154148
11.76 0.0156827
11.77 0.0159415
11.78 0.0161879
11.79 0.0164182
11.8 0.0166284
11.81 0.0168146
11.82 0.0169734
11.83 0.0171018
11.84 0.017197
11.85 0.0172567
11.86 0.0172792
11.87 0.0172628
11.88 0.0172059
11.89 0.0171075
11.9 0.0169663
11.91 0.0167816
11.92 0.0165527
11.93 0.0162792
11.94 0.015961
11.95 0.015598
11.96 0.0151904
11.97 0.0147386
11.98 0.0142431
11.99 0.0137049
12 0.0131252
12.01 0.0125056
12.02 0.0118479
12.03 0.0111544
12.04 0.0104276
12.05 0.00967054
12.06 0.00888635
12.07 0.0080783
12.08 0.00724965
12.09 0.00640349
12.1 0.00554266
12.11 0.00466977
12.12 0.00378719
12.13 0.00289696
12.14 0.00200078
12.15 0.0011
12.16 0.000195724
12.17 -0.000711128
12.18 -0.00161967
12.19 -0.00252903
12.2 -0.00343838
12.21 -0.00434687
12.22 -0.0052535
12.23 -0.00615717
12.24 -0.00705674
12.25 -0.00795106
12.26 -0.00883879
12.27 -0.00971847
12.28 -0.0105885
12.29 -0.0114471
12.3 -0.0122926
12.31 -0.013123
12.32 -0.0139362
12.33 -0.0147298
12.34 -0.0155014
12.35 -0.0162482
12.36 -0.0169677
12.37 -0.0176568
12.38 -0.0183124
12.39 -0.0189316
12.4 -0.019511
12.41 -0.0200477
12.42 -0.0205385
12.43 -0.0209809
12.44 -0.0213724
12.45 -0.0217107
12.46 -0.0219937
12.47 -0.0222196
12.48 -0.0223862
12.49 -0.0224914
12.5 -0.0225327
12.51 -0.0225072
12.52 -0.0224118
12.53 -0.0222434
12.54 -0.021999
12.55 -0.0216757
12.56 -0.0212712
12.57 -0.0207836
12.58 -0.0202118
12.59 -0.0195548
12.6 -0.0188119
12.61 -0.0179829
12.62 -0.0170678
12.63 -0.0160673
12.64 -0.0149825
12.65 -0.0138149
12.66 -0.0125667
12.67 -0.0112406
12.68 -0.00983976
12.69 -0.00836816
12.7 -0.00683036
12.71 -0.00523143
12.72 -0.00357683
12.73 -0.0018723
12.74 -0.000123803
12.75 0.00166257
12.76 0.00348071
12.77 0.00532453
12.78 0.00718797
12.79 0.00906503
12.8 0.0109497
12.81 0.0128361
12.82 0.0147181
12.83 0.0165896
12.84 0.0184444
12.85 0.0202766
12.86 0.0220801
12.87 0.0238494
12.88 0.0255791
12.89 0.0272642
12.9 0.0289003
12.91 0.0304831
12.92 0.0320088
12.93 0.0334748
12.94 0.0348815
12.95 0.0362293
12.96 0.0375182
12.97 0.0387483
12.98 0.0399193
12.99 0.041031
13 0.0420831
13.01 0.0430756
13.02 0.0440083
13.03 0.0448815
13.04 0.0456956
13.05 0.0464509
13.06 0.0471478
13.07 0.0477866
13.08 0.0483673
13.09 0.0488897
13.1 0.0493532
13.11 0.0497571
13.12 0.0501004
13.13 0.0503822
13.14 0.0506014
13.15 0.0507573
13.16 0.0508491
13.17 0.0508766
13.18 0.0508396
13.19 0.0507382
13.2 0.0505729
13.21 0.0503444
13.22 0.0500536
13.23 0.0497013
13.24 0.0492888
13.25 0.0488172
13.26 0.0482877
13.27 0.0477017
13.28 0.0470605
13.29 0.0463656
13.3 0.0456182
13.31 0.0448199
13.32 0.0439719
13.33 0.0430755
13.34 0.042132
13.35 0.0411425
13.36 0.0401086
13.37 0.0390319
13.38 0.0379144
13.39 0.0367581
13.4 0.0355657
13.41 0.0343397
13.42 0.0330832
13.43 0.0317996
13.44 0.0304925
13.45 0.0291657
13.46 0.0278236
13.47 0.0264704
13.48 0.0251109
13.49 0.0237498
13.5 0.0223919
13.51 0.0210421
13.52 0.0197052
13.53 0.0183863
13.54 0.0170903
13.55 0.0158221
13.56 0.0145867
13.57 0.013389
13.58 0.0122335
13.59 0.0111247
13.6 0.0100663
13.61 0.009062
13.62 0.0081152
13.63 0.00722903
13.64 0.00640647
13.65 0.00565024
13.66 0.00496286
13.67 0.00434668
13.68 0.00380381
13.69 0.00333601
13.7 0.00294462
13.71 0.0026306
13.72 0.00239456
13.73 0.00223668
13.74 0.00215669
13.75 0.00215385
13.76 0.00222688
13.77 0.00237398
13.78 0.00259271
13.79 0.00288007
13.8 0.00323245
13.81 0.00364558
13.82 0.00411458
13.83 0.0046343
13.84 0.00519973
13.85 0.00580642
13.86 0.00645055
13.87 0.00712879
13.88 0.0078379
13.89 0.00857457
13.9 0.0093354
13.91 0.0101169
13.92 0.0109158
13.93 0.0117284
13.94 0.0125513
13.95 0.0133808
13.96 0.0142134
13.97 0.0150456
13.98 0.015874
13.99 0.0166951
14 0.0175054
14.01 0.0183015
14.02 0.0190799
14.03 0.0198373
14.04 0.0205704
14.05 0.0212761
14.06 0.0219514
14.07 0.0225934
14.08 0.0231989
14.09 0.0237647
14.1 0.0242877
14.11 0.0247643
14.12 0.0251911
14.13 0.0255642
14.14 0.0258798
14.15 0.0261337
14.16 0.0263218
14.17 0.0264399
14.18 0.0264841
14.19 0.0264508
14.2 0.0263366
14.21 0.0261382
14.22 0.025853
14.23 0.0254781
14.24 0.0250111
14.25 0.0244495
14.26 0.0237913
14.27 0.0230345
14.28 0.0221774
14.29 0.0212188
14.3 0.0201582
14.31 0.0189954
14.32 0.017731
14.33 0.0163664
14.34 0.0149034
14.35 0.0133443
14.36 0.0116915
14.37 0.00994754
14.38 0.00811495
14.39 0.00619627
14.4 0.00419418
14.41 0.00211153
14.42 -4.86306e-05
14.43 -0.00228293
14.44 -0.00458758
14.45 -0.00695816
14.46 -0.00938958
14.47 -0.0118761
14.48 -0.0144134
14.49 -0.0170002
14.5 -0.0196368
14.51 -0.0223234
14.52 -0.0250604
14.53 -0.0278482
14.54 -0.0306873
14.55 -0.0335784
14.56 -0.0365221
14.57 -0.0395192
14.58 -0.0425705
14.59 -0.0456766
14.6 -0.0488381
14.61 -0.0520554
14.62 -0.0553283
14.63 -0.058656
14.64 -0.062037
14.65 -0.065469
14.66 -0.0689487
14.67 -0.0724722
14.68 -0.0760354
14.69 -0.0796341
14.7 -0.0832646
14.71 -0.0869232
14.72 -0.0906065
14.73 -0.09431
14.74 -0.0980285
14.75 -0.101756
14.76 -0.105485
14.77 -0.109209
14.78 -0.112921
14.79 -0.116616
14.8 -0.120285
14.81 -0.123922
14.82 -0.127521
14.83 -0.131075
14.84 -0.134578
14.85 -0.138023
14.86 -0.141404
14.87 -0.144715
14.88 -0.147949
14.89 -0.151101
14.9 -0.154164
14.91 -0.15713
14.92 -0.159995
14.93 -0.162751
14.94 -0.165391
14.95 -0.167908
14.96 -0.170297
14.97 -0.172551
14.98 -0.174664
14.99 -0.176632
15 -0.178451
15.01 -0.180119
15.02 -0.181637
15.03 -0.183004
15.04 -0.184224
15.05 -0.185298
15.06 -0.18623
15.07 -0.187025
15.08 -0.187687
15.09 -0.188222
15.1 -0.188634
15.11 -0.188927
15.12 -0.189108
15.13 -0.189181
15.14 -0.189151
15.15 -0.189023
15.16 -0.188802
15.17 -0.188493
15.18 -0.188101
15.19 -0.18763
15.2 -0.187084
15.21 -0.186467
15.22 -0.185784
15.23 -0.18504
15.24 -0.18424
15.25 -0.18339
15.26 -0.182496
15.27 -0.181564
15.28 -0.180602
15.29 -0.179618
15.3 -0.178618
15.31 -0.17761
15.32 -0.176599
15.33 -0.17559
15.34 -0.174589
15.35 -0.1736
15.36 -0.172628
15.37 -0.171679
15.38 -0.170758
15.39 -0.169869
15.4 -0.169018
15.41 -0.168208
15.42 -0.167444
15.43 -0.166727
15.44 -0.166062
15.45 -0.165449
15.46 -0.16489
15.47 -0.164385
15.48 -0.163935
15.49 -0.163537
15.5 -0.163189
15.51 -0.162888
15.52 -0.162629
15.53 -0.162408
15.54 -0.16222
15.55 -0.162059
15.56 -0.16192
15.57 -0.161799
15.58 -0.16169
15.59 -0.161588
15.6 -0.161488
15.61 -0.161385
15.62 -0.161273
15.63 -0.161147
15.64 -0.161002
15.65 -0.160834
15.66 -0.160636
15.67 -0.160404
15.68 -0.160134
15.69 -0.15982
15.7 -0.159458
15.71 -0.159044
15.72 -0.158574
15.73 -0.158044
15.74 -0.157449
15.75 -0.156787
15.76 -0.156054
15.77 -0.155245
15.78 -0.154359
15.79 -0.153391
15.8 -0.152341
15.81 -0.151204
15.82 -0.149981
15.83 -0.14867
15.84 -0.147271
15.85 -0.145783
15.86 -0.144209
15.87 -0.142548
15.88 -0.140804
15.89 -0.138977
15.9 -0.137071
15.91 -0.135088
15.92 -0.133032
15.93 -0.130906
15.94 -0.128714
15.95 -0.12646
15.96 -0.124147
15.97 -0.121773
15.98 -0.11934
15.99 -0.116845
16 -0.11429
16.01 -0.111674
16.02 -0.108999
16.03 -0.106267
16.04 -0.103482
16.05 -0.100646
16.06 -0.0977662
16.07 -0.0948462
16.08 -0.0918914
16.09 -0.0889069
16.1 -0.0858975
16.11 -0.0828682
16.12 -0.0798237
16.13 -0.076769
16.14 -0.0737089
16.15 -0.0706484
16.16 -0.0675929
16.17 -0.0645473
16.18 -0.061517
16.19 -0.0585074
16.2 -0.0555236
16.21 -0.0525708
16.22 -0.0496537
16.23 -0.0467766
16.24 -0.0439431
16.25 -0.0411561
16.26 -0.0384176
16.27 -0.0357287
16.28 -0.0330902
16.29 -0.0305026
16.3 -0.0279662
16.31 -0.0254811
16.32 -0.0230472
16.33 -0.0206642
16.34 -0.0183319
16.35 -0.0160499
16.36 -0.0138175
16.37 -0.0116343
16.38 -0.00949969
16.39 -0.0074131
16.4 -0.00537371
16.41 -0.00338065
16.42 -0.00143314
16.43 0.00046952
16.44 0.00232796
16.45 0.00414276
16.46 0.00591447
16.47 0.00764364
16.48 0.00933076
16.49 0.0109764
16.5 0.0125809
16.51 0.0141447
16.52 0.0156683
16.53 0.017152
16.54 0.0185964
16.55 0.0200019
16.56 0.0213689
16.57 0.0226976
16.58 0.0239882
16.59 0.0252406
16.6 0.0264546
16.61 0.0276299
16.62 0.0287657
16.63 0.0298609
16.64 0.0309144
16.65 0.0319242
16.66 0.0328883
16.67 0.0338043
16.68 0.0346694
16.69 0.0354803
16.7 0.0362337
16.71 0.036926
16.72 0.0375542
16.73 0.0381155
16.74 0.0386079
16.75 0.0390298
16.76 0.0393798
16.77 0.0396571
16.78 0.0398607
16.79 0.0399902
16.8 0.0400453
16.81 0.0400259
16.82 0.0399321
16.83 0.0397642
16.84 0.039523
16.85 0.0392094
16.86 0.0388245
16.87 0.0383694
16.88 0.0378454
16.89 0.0372538
16.9 0.0365957
16.91 0.0358724
16.92 0.0350851
16.93 0.0342355
16.94 0.0333252
16.95 0.0323562
16.96 0.0313308
16.97 0.0302513
16.98 0.0291204
16.99 0.0279411
17 0.0267164
17.01 0.0254496
17.02 0.024144
17.03 0.0228031
17.04 0.0214304
17.05 0.0200293
17.06 0.0186033
17.07 0.017156
17.08 0.0156912
17.09 0.0142127
17.1 0.0127241
17.11 0.0112292
17.12 0.00973162
17.13 0.00823518
17.14 0.00674355
17.15 0.00526045
17.16 0.00378951
17.17 0.00233432
17.18 0.000898365
17.19 -0.000514892
17.2 -0.00190202
17.21 -0.00325966
17.22 -0.00458449
17.23 -0.00587333
17.24 -0.00712317
17.25 -0.00833114
17.26 -0.00949459
17.27 -0.0106111
17.28 -0.0116786
17.29 -0.0126951
17.3 -0.0136589
17.31 -0.0145684
17.32 -0.0154224
17.33 -0.0162194
17.34 -0.0169587
17.35 -0.0176394
17.36 -0.0182614
17.37 -0.0188249
17.38 -0.0193307
17.39 -0.0197802
17.4 -0.0201752
17.41 -0.0205185
17.42 -0.0208131
17.43 -0.0210625
17.44 -0.0212702
17.45 -0.0214392
17.46 -0.0215725
17.47 -0.0216723
17.48 -0.0217406
17.49 -0.0217791
17.5 -0.0217891
17.51 -0.0217725
17.52 -0.0217309
17.53 -0.0216662
17.54 -0.0215804
17.55 -0.0214754
17.56 -0.0213531
17.57 -0.021215
17.58 -0.0210627
17.59 -0.0208972
17.6 -0.0207195
17.61 -0.02053
17.62 -0.0203286
17.63 -0.020115
17.64 -0.0198884
17.65 -0.0196478
17.66 -0.0193917
17.67 -0.0191187
17.68 -0.018827
17.69 -0.0185148
17.7 -0.0181804
17.71 -0.0178222
17.72 -0.0174392
17.73 -0.0170306
17.74 -0.0165963
17.75 -0.016136
17.76 -0.0156495
17.77 -0.0151363
17.78 -0.0145955
17.79 -0.0140258
17.8 -0.0134257
17.81 -0.0127935
17.82 -0.0121276
17.83 -0.0114263
17.84 -0.0106884
17.85 -0.00991238
17.86 -0.00909729
17.87 -0.00824219
17.88 -0.00734654
17.89 -0.00641026
17.9 -0.00543383
17.91 -0.00441837
17.92 -0.00336564
17.93 -0.00227777
17.94 -0.00115718
17.95 -6.50322e-06
17.96 0.00117136
17.97 0.00237328
17.98 0.00359594
17.99 0.00483586
18 0.00608949
18.01 0.00735322
18.02 0.00862342
18.03 0.00989646
18.04 0.0111687
18.05 0.0124368
18.06 0.0136973
18.07 0.0149469
18.08 0.0161824
18.09 0.0174004
18.1 0.0185977
18.11 0.0197711
18.12 0.0209174
18.13 0.0220337
18.14 0.023117
18.15 0.0241649
18.16 0.0251751
18.17 0.0261454
18.18 0.0270744
18.19 0.0279604
18.2 0.0288024
18.21 0.0295994
18.22 0.030351
18.23 0.0310562
18.24 0.0317147
18.25 0.0323259
18.26 0.0328891
18.27 0.033404
18.28 0.0338703
18.29 0.0342879
18.3 0.0346568
18.31 0.0349774
18.32 0.0352502
18.33 0.0354757
18.34 0.0356547
18.35 0.035788
18.36 0.0358763
18.37 0.0359203
18.38 0.0359206
18.39 0.0358782
18.4 0.035794
18.41 0.0356692
18.42 0.0355053
18.43 0.0353041
18.44 0.0350677
18.45 0.0347986
18.46 0.0344994
18.47 0.0341734
18.48 0.0338237
18.49 0.0334537
18.5 0.0330666
18.51 0.0326659
18.52 0.0322546
18.53 0.0318354
18.54 0.0314111
18.55 0.0309841
18.56 0.0305565
18.57 0.0301303
18.58 0.0297075
18.59 0.0292898
18.6 0.028879
18.61 0.0284769
18.62 0.0280855
18.63 0.0277064
18.64 0.0273416
18.65 0.0269925
18.66 0.0266609
18.67 0.0263477
18.68 0.0260536
18.69 0.0257784
18.7 0.0255213
18.71 0.0252802
18.72 0.0250524
18.73 0.0248343
18.74 0.0246219
18.75 0.0244112
18.76 0.0241982
18.77 0.0239793
18.78 0.0237507
18.79 0.0235086
18.8 0.0232494
18.81 0.0229693
18.82 0.0226646
18.83 0.0223317
18.84 0.0219668
18.85 0.0215663
18.86 0.0211266
18.87 0.0206441
18.88 0.0201154
18.89 0.0195376
18.9 0.018908
18.91 0.0182246
18.92 0.0174859
18.93 0.0166916
18.94 0.0158417
18.95 0.014937
18.96 0.0139785
18.97 0.0129673
18.98 0.0119045
18.99 0.0107912
19 0.00962819
19.01 0.0084162
19.02 0.00715561
19.03 0.00584673
19.04 0.00448988
19.05 0.00308565
19.06 0.00163503
19.07 0.000139469
19.08 -0.00139913
19.09 -0.00297839
19.1 -0.00459561
19.11 -0.00624791
19.12 -0.00793251
19.13 -0.00964681
19.14 -0.0113883
19.15 -0.0131546
19.16 -0.0149428
19.17 -0.01675
19.18 -0.0185721
19.19 -0.0204047
19.2 -0.0222422
19.21 -0.0240785
19.22 -0.0259088
19.23 -0.0277318
19.24 -0.0295457
19.25 -0.0313482
19.26 -0.0331373
19.27 -0.034912
19.28 -0.0366716
19.29 -0.0384158
19.3 -0.0401444
19.31 -0.0418567
19.32 -0.0435516
19.33 -0.045228
19.34 -0.046884
19.35 -0.0485175
19.36 -0.0501259
19.37 -0.0517061
19.38 -0.0532551
19.39 -0.05477
19.4 -0.0562479
19.41 -0.0576861
19.42 -0.0590815
19.43 -0.0604314
19.44 -0.0617329
19.45 -0.0629832
19.46 -0.0641794
19.47 -0.0653188
19.48 -0.0663987
19.49 -0.0674164
19.5 -0.0683694
19.51 -0.0692554
19.52 -0.0700724
19.53 -0.0708183
19.54 -0.0714916
19.55 -0.0720909
19.56 -0.0726156
19.57 -0.0730655
19.58 -0.0734403
19.59 -0.0737403
19.6 -0.0739656
19.61 -0.0741165
19.62 -0.0741934
19.63 -0.074197
19.64 -0.0741277
19.65 -0.0739862
19.66 -0.0737737
19.67 -0.0734914
19.68 -0.073141
19.69 -0.0727242
19.7 -0.0722433
19.71 -0.0717006
19.72 -0.0710989
19.73 -0.070441
19.74 -0.0697298
19.75 -0.0689684
19.76 -0.0681595
19.77 -0.0673057
19.78 -0.0664098
19.79 -0.0654743
19.8 -0.064502
19.81 -0.0634956
19.82 -0.0624581
19.83 -0.0613927
19.84 -0.0603026
19.85 -0.0591915
19.86 -0.058063
19.87 -0.0569212
19.88 -0.05577
19.89 -0.0546135
19.9 -0.0534558
19.91 -0.0523006
19.92 -0.0511516
19.93 -0.0500122
19.94 -0.0488856
19.95 -0.047775
19.96 -0.0466838
19.97 -0.0456153
19.98 -0.044573
19.99 -0.0435605
20 -0.0425815
20.01 -0.0416398
20.02 -0.0407388
20.03 -0.0398822
20.04 -0.0390725
20.05 -0.0383122
20.06 -0.0376026
20.07 -0.0369449
20.08 -0.0363393
20.09 -0.0357855
20.1 -0.0352826
20.11 -0.0348294
20.12 -0.034424
20.13 -0.034065
20.14 -0.0337505
20.15 -0.0334786
20.16 -0.0332476
20.17 -0.0330555
20.18 -0.0329005
20.19 -0.0327809
20.2 -0.0326955
20.21 -0.0326429
20.22 -0.032622
20.23 -0.0326317
20.24 -0.0326707
20.25 -0.0327378
20.26 -0.0328315
20.27 -0.0329507
20.28 -0.0330943
20.29 -0.0332614
20.3 -0.0334512
20.31 -0.0336631
20.32 -0.0338965
20.33 -0.034151
20.34 -0.0344261
20.35 -0.0347215
20.36 -0.0350365
20.37 -0.0353701
20.38 -0.0357212
20.39 -0.0360881
20.4 -0.0364686
20.41 -0.0368603
20.42 -0.0372603
20.43 -0.0376655
20.44 -0.0380727
20.45 -0.0384785
20.46 -0.03888
20.47 -0.0392738
20.48 -0.0396571
20.49 -0.0400265
20.5 -0.040379
20.51 -0.0407115
20.52 -0.0410209
20.53 -0.0413042
20.54 -0.0415583
20.55 -0.0417805
20.56 -0.0419681
20.57 -0.0421184
20.58 -0.0422296
20.59 -0.0423001
20.6 -0.0423291
20.61 -0.0423162
20.62 -0.0422618
20.63 -0.0421664
20.64 -0.0420306
20.65 -0.0418554
20.66 -0.0416418
20.67 -0.0413909
20.68 -0.0411038
20.69 -0.0407816
20.7 -0.0404254
20.71 -0.0400361
20.72 -0.039615
20.73 -0.0391629
20.74 -0.0386812
20.75 -0.038171
20.76 -0.0376338
20.77 -0.0370708
20.78 -0.0364833
20.79 -0.0358725
20.8 -0.0352393
20.81 -0.0345841
20.82 -0.0339071
20.83 -0.0332083
20.84 -0.0324871
20.85 -0.0317435
20.86 -0.0309775
20.87 -0.0301895
20.88 -0.0293801
20.89 -0.0285504
20.9 -0.027702
20.91 -0.0268367
20.92 -0.0259562
20.93 -0.0250626
20.94 -0.0241578
20.95 -0.0232438
20.96 -0.0223231
20.97 -0.0213981
20.98 -0.0204717
20.99 -0.019547
21 -0.0186275
21.01 -0.0177172
21.02 -0.0168203
21.03 -0.0159415
21.04 -0.0150854
21.05 -0.014257
21.06 -0.0134607
21.07 -0.0127009
21.08 -0.0119821
21.09 -0.0113083
21.1 -0.0106831
21.11 -0.0101086
21.12 -0.0095864
21.13 -0.00911775
21.14 -0.00870372
21.15 -0.00834512
21.16 -0.00804264
21.17 -0.00779688
21.18 -0.00760845
21.19 -0.0074779
21.2 -0.00740583
21.21 -0.00739282
21.22 -0.00743943
21.23 -0.00754611
21.24 -0.00771306
21.25 -0.0079402
21.26 -0.00822717
21.27 -0.00857326
21.28 -0.00897734
21.29 -0.00943796
21.3 -0.00995334
21.31 -0.0105215
21.32 -0.0111402
21.33 -0.0118075
21.34 -0.0125212
21.35 -0.0132794
21.36 -0.0140801
21.37 -0.0149216
21.38 -0.0158023
21.39 -0.0167206
21.4 -0.0176754
21.41 -0.0186653
21.42 -0.0196892
21.43 -0.0207462
21.44 -0.0218349
21.45 -0.0229539
21.46 -0.0241017
21.47 -0.0252765
21.48 -0.0264762
21.49 -0.0276987
21.5 -0.0289419
21.51 -0.0302037
21.52 -0.0314817
21.53 -0.0327738
21.54 -0.0340775
21.55 -0.0353904
21.56 -0.03671
21.57 -0.0380341
21.58 -0.0393604
21.59 -0.0406869
21.6 -0.0420118
21.61 -0.0433335
21.62 -0.04465
21.63 -0.0459594
21.64 -0.0472597
21.65 -0.0485484
21.66 -0.0498227
21.67 -0.0510796
21.68 -0.0523162
21.69 -0.0535292
21.7 -0.0547156
21.71 -0.0558724
21.72 -0.0569967
21.73 -0.0580857
21.74 -0.0591367
21.75 -0.0601466
21.76 -0.0611125
21.77 -0.0620313
21.78 -0.0628998
21.79 -0.0637148
21.8 -0.0644733
21.81 -0.0651726
21.82 -0.0658103
21.83 -0.0663845
21.84 -0.0668939
21.85 -0.0673374
21.86 -0.0677147
21.87 -0.0680256
21.88 -0.0682704
21.89 -0.0684496
21.9 -0.0685641
21.91 -0.0686148
21.92 -0.0686027
21.93 -0.068529
21.94 -0.0683944
21.95 -0.0682
21.96 -0.067947
21.97 -0.0676368
21.98 -0.0672711
21.99 -0.0668523
22 -0.0663833
22.01 -0.0658673
22.02 -0.0653082
22.03 -0.06471
22.04 -0.0640767
22.05 -0.0634121
22.06 -0.0627193
22.07 -0.0620011
22.08 -0.0612594
22.09 -0.060496
22.1 -0.0597127
22.11 -0.0589108
22.12 -0.0580919
22.13 -0.0572572
22.14 -0.0564081
22.15 -0.0555464
22.16 -0.0546736
22.17 -0.0537919
22.18 -0.0529032
22.19 -0.0520099
22.2 -0.0511141
22.21 -0.0502178
22.22 -0.0493231
22.23 -0.0484316
22.24 -0.0475449
22.25 -0.0466643
22.26 -0.0457911
22.27 -0.0449266
22.28 -0.044072
22.29 -0.0432288
22.3 -0.0423986
22.31 -0.0415832
22.32 -0.0407851
22.33 -0.0400067
22.34 -0.0392506
22.35 -0.0385195
22.36 -0.0378164
22.37 -0.0371437
22.38 -0.0365039
22.39 -0.0358994
22.4 -0.035332
22.41 -0.0348035
22.42 -0.0343152
22.43 -0.0338683
22.44 -0.0334637
22.45 -0.0331019
22.46 -0.0327833
22.47 -0.0325078
22.48 -0.032275
22.49 -0.032084
22.5 -0.0319337
22.51 -0.0318227
22.52 -0.031749
22.53 -0.0317105
22.54 -0.0317047
22.55 -0.0317292
22.56 -0.0317813
22.57 -0.0318582
22.58 -0.0319572
22.59 -0.0320751
22.6 -0.032209
22.61 -0.0323559
22.62 -0.0325127
22.63 -0.0326765
22.64 -0.0328445
22.65 -0.0330143
22.66 -0.0331834
22.67 -0.0333501
22.68 -0.0335125
22.69 -0.0336696
22.7 -0.0338199
22.71 -0.033962
22.72 -0.0340946
22.73 -0.034216
22.74 -0.0343248
22.75 -0.0344194
22.76 -0.0344985
22.77 -0.0345606
22.78 -0.0346047
22.79 -0.0346299
22.8 -0.0346352
22.81 -0.03462
22.82 -0.0345835
22.83 -0.0345251
22.84 -0.0344444
22.85 -0.034341
22.86 -0.0342148
22.87 -0.0340655
22.88 -0.0338933
22.89 -0.0336985
22.9 -0.0334814
22.91 -0.033243
22.92 -0.0329841
22.93 -0.0327061
22.94 -0.0324103
22.95 -0.0320986
22.96 -0.0317727
22.97 -0.031435
22.98 -0.0310874
22.99 -0.0307319
23 -0.0303702
23.01 -0.0300032
23.02 -0.0296319
23.03 -0.0292568
23.04 -0.0288782
23.05 -0.0284963
23.06 -0.0281113
23.07 -0.0277234
23.08 -0.0273332
23.09 -0.0269417
23.1 -0.0265499
23.11 -0.0261591
23.12 -0.0257705
23.13 -0.0253856
23.14 -0.0250055
23.15 -0.0246314
23.16 -0.0242645
23.17 -0.0239057
23.18 -0.0235562
23.19 -0.0232168
23.2 -0.0228883
23.21 -0.0225714
23.22 -0.0222666
23.23 -0.0219748
23.24 -0.0216965
23.25 -0.0214323
23.26 -0.0211828
23.27 -0.0209486
23.28 -0.0207301
23.29 -0.0205276
23.3 -0.0203411
23.31 -0.0201707
23.32 -0.0200161
23.33 -0.0198774
23.34 -0.0197542
23.35 -0.0196467
23.36 -0.0195546
23.37 -0.0194781
23.38 -0.0194174
23.39 -0.0193727
23.4 -0.0193446
23.41 -0.0193339
23.42 -0.0193414
23.43 -0.0193681
23.44 -0.0194154
23.45 -0.0194844
23.46 -0.0195765
23.47 -0.019693
23.48 -0.0198346
23.49 -0.0200019
23.5 -0.0201951
23.51 -0.0204142
23.52 -0.0206591
23.53 -0.0209295
23.54 -0.021225
23.55 -0.021545
23.56 -0.021889
23.57 -0.0222562
23.58 -0.0226457
23.59 -0.0230563
23.6 -0.0234868
23.61 -0.0239361
23.62 -0.0244027
23.63 -0.024885
23.64 -0.0253815
23.65 -0.0258902
23.66 -0.0264095
23.67 -0.0269373
23.68 -0.027472
23.69 -0.028012
23.7 -0.0285558
23.71 -0.029102
23.72 -0.0296497
23.73 -0.0301977
23.74 -0.0307454
23.75 -0.0312922
23.76 -0.0318379
23.77 -0.0323826
23.78 -0.0329267
23.79 -0.0334712
23.8 -0.0340173
23.81 -0.034566
23.82 -0.0351185
23.83 -0.035676
23.84 -0.0362394
23.85 -0.0368097
23.86 -0.0373878
23.87 -0.0379744
23.88 -0.0385703
23.89 -0.0391763
23.9 -0.0397931
23.91 -0.0404217
23.92 -0.0410631
23.93 -0.0417184
23.94 -0.0423886
23.95 -0.0430746
23.96 -0.0437771
23.97 -0.0444963
23.98 -0.0452322
23.99 -0.0459842
24 -0.0467509
24.01 -0.0475308
24.02 -0.0483218
24.03 -0.0491213
24.04 -0.0499265
24.05 -0.0507337
24.06 -0.0515388
24.07 -0.052337
24.08 -0.0531233
24.09 -0.0538928
24.1 -0.0546405
24.11 -0.0553619
24.12 -0.0560526
24.13 -0.056709
24.14 -0.0573279
24.15 -0.0579069
24.16 -0.0584443
24.17 -0.0589388
24.18 -0.0593895
24.19 -0.0597956
24.2 -0.0601565
24.21 -0.0604719
24.22 -0.0607417
24.23 -0.0609661
24.24 -0.0611455
24.25 -0.0612803
24.26 -0.0613714
24.27 -0.0614198
24.28 -0.0614268
24.29 -0.061394
24.3 -0.0613234
24.31 -0.0612173
24.32 -0.0610781
24.33 -0.060908
24.34 -0.0607091
24.35 -0.0604828
24.36 -0.0602299
24.37 -0.0599514
24.38 -0.0596476
24.39 -0.0593189
24.4 -0.0589656
24.41 -0.0585881
24.42 -0.0581868
24.43 -0.0577624
24.44 -0.0573158
24.45 -0.056848
24.46 -0.0563603
24.47 -0.0558537
24.48 -0.0553294
24.49 -0.0547886
24.5 -0.0542322
24.51 -0.0536615
24.52 -0.0530774
24.53 -0.0524813
24.54 -0.0518745
24.55 -0.0512583
24.56 -0.0506345
24.57 -0.0500048
24.58 -0.0493711
24.59 -0.0487356
24.6 -0.0481003
24.61 -0.0474675
24.62 -0.0468391
24.63 -0.0462174
24.64 -0.0456043
24.65 -0.0450017
24.66 -0.0444111
24.67 -0.0438339
24.68 -0.043271
24.69 -0.0427232
24.7 -0.0421911
24.71 -0.0416749
24.72 -0.0411749
24.73 -0.0406911
24.74 -0.0402237
24.75 -0.0397726
24.76 -0.0393375
24.77 -0.0389182
24.78 -0.0385144
24.79 -0.038126
24.8 -0.037753
24.81 -0.0373955
24.82 -0.0370536
24.83 -0.0367278
24.84 -0.0364185
24.85 -0.0361265
24.86 -0.0358522
24.87 -0.0355964
24.88 -0.0353598
24.89 -0.0351433
24.9 -0.034948
24.91 -0.0347751
24.92 -0.0346259
24.93 -0.0345019
24.94 -0.0344044
24.95 -0.0343349
24.96 -0.0342947
24.97 -0.0342851
24.98 -0.0343072
24.99 -0.0343621
25 -0.0344506
