0.01 3.17511e-09
0.02 1.5296e-08
0.03 3.77781e-08
0.04 6.82765e-08
0.05 1.04487e-07
0.06 1.4417e-07
0.07 1.85166e-07
0.08 2.25397e-07
0.09 2.6285e-07
0.1 2.95576e-07
0.11 3.21714e-07
0.12 3.39492e-07
0.13 3.47194e-07
0.14 3.43099e-07
0.15 3.25473e-07
0.16 2.92628e-07
0.17 2.4297e-07
0.18 1.75013e-07
0.19 8.73906e-08
0.2 -2.11311e-08
0.21 -1.51642e-07
0.22 -3.05085e-07
0.23 -4.82258e-07
0.24 -6.83838e-07
0.25 -9.10404e-07
0.26 -1.1625e-06
0.27 -1.4407e-06
0.28 -1.7454e-06
0.29 -2.07665e-06
0.3 -2.434e-06
0.31 -2.81647e-06
0.32 -3.22247e-06
0.33 -3.64968e-06
0.34 -4.09489e-06
0.35 -4.55428e-06
0.36 -5.0237e-06
0.37 -5.49873e-06
0.38 -5.97533e-06
0.39 -6.45057e-06
0.4 -6.92327e-06
0.41 -7.39428e-06
0.42 -7.86603e-06
0.43 -8.34197e-06
0.44 -8.82658e-06
0.45 -9.32526e-06
0.46 -9.84383e-06
0.47 -1.03881e-05
0.48 -1.09634e-05
0.49 -1.15741e-05
0.5 -1.22236e-05
0.51 -1.29147e-05
0.52 -1.36498e-05
0.53 -1.44304e-05
0.54 -1.52572e-05
0.55 -1.6131e-05
0.56 -1.70517e-05
0.57 -1.80187e-05
0.58 -1.90315e-05
0.59 -2.00895e-05
0.6 -2.11916e-05
0.61 -2.23368e-05
0.62 -2.35239e-05
0.63 -2.47513e-05
0.64 -2.60176e-05
0.65 -2.73211e-05
0.66 -2.86604e-05
0.67 -3.00343e-05
0.68 -3.14419e-05
0.69 -3.28824e-05
0.7 -3.43551e-05
0.71 -3.5859e-05
0.72 -3.73923e-05
0.73 -3.89517e-05
0.74 -4.05321e-05
0.75 -4.21254e-05
0.76 -4.37208e-05
0.77 -4.53046e-05
0.78 -4.6862e-05
0.79 -4.83788e-05
0.8 -4.98434e-05
0.81 -5.1247e-05
0.82 -5.25833e-05
0.83 -5.38481e-05
0.84 -5.50391e-05
0.85 -5.61573e-05
0.86 -5.7207e-05
0.87 -5.8191e-05
0.88 -5.91077e-05
0.89 -5.99498e-05
0.9 -6.07067e-05
0.91 -6.13666e-05
0.92 -6.19173e-05
0.93 -6.23485e-05
0.94 -6.26544e-05
0.95 -6.28352e-05
0.96 -6.28972e-05
0.97 -6.28527e-05
0.98 -6.27144e-05
0.99 -6.2491e-05
1 -6.21847e-05
1.01 -6.17921e-05
1.02 -6.13041e-05
1.03 -6.0707e-05
1.04 -5.9985e-05
1.05 -5.91221e-05
1.06 -5.81061e-05
1.07 -5.69294e-05
1.08 -5.55884e-05
1.09 -5.40799e-05
1.1 -5.24012e-05
1.11 -5.05507e-05
1.12 -4.8527e-05
1.13 -4.63274e-05
1.14 -4.39479e-05
1.15 -4.13851e-05
1.16 -3.86379e-05
1.17 -3.57098e-05
1.18 -3.26115e-05
1.19 -2.93589e-05
1.2 -2.59697e-05
1.21 -2.24653e-05
1.22 -1.88714e-05
1.23 -1.52157e-05
1.24 -1.15222e-05
1.25 -7.80313e-06
1.26 -4.05466e-06
1.27 -2.61513e-07
1.28 3.59339e-06
1.29 7.5262e-06
1.3 1.15514e-05
1.31 1.56766e-05
1.32 1.99005e-05
1.33 2.42154e-05
1.34 2.86121e-05
1.35 3.30842e-05
1.36 3.76277e-05
1.37 4.22413e-05
1.38 4.69258e-05
1.39 5.16827e-05
1.4 5.6512e-05
1.41 6.14098e-05
1.42 6.63634e-05
1.43 7.13483e-05
1.44 7.63235e-05
1.45 8.123e-05
1.46 8.5992e-05
1.47 9.0524e-05
1.48 9.47373e-05
1.49 9.85418e-05
1.5 0.000101849
1.51 0.000104576
1.52 0.000106651
1.53 0.000108017
1.54 0.00010864
1.55 0.00010852
1.56 0.00010769
1.57 0.000106207
1.58 0.000104147
1.59 0.000101592
1.6 9.86231e-05
1.61 9.53119e-05
1.62 9.1722e-05
1.63 8.79095e-05
1.64 8.39228e-05
1.65 7.98031e-05
1.66 7.55817e-05
1.67 7.12788e-05
1.68 6.6905e-05
1.69 6.24672e-05
1.7 5.79727e-05
1.71 5.34286e-05
1.72 4.88428e-05
1.73 4.4226e-05
1.74 3.95954e-05
1.75 3.49784e-05
1.76 3.04078e-05
1.77 2.59148e-05
1.78 2.15332e-05
1.79 1.73047e-05
1.8 1.32767e-05
1.81 9.49683e-06
1.82 6.01325e-06
1.83 2.87251e-06
1.84 1.09168e-07
1.85 -2.25955e-06
1.86 -4.22932e-06
1.87 -5.79923e-06
1.88 -6.96553e-06
1.89 -7.72114e-06
1.9 -8.05543e-06
1.91 -7.9543e-06
1.92 -7.40019e-06
1.93 -6.37429e-06
1.94 -4.86972e-06
1.95 -2.90773e-06
1.96 -5.38422e-07
1.97 2.1645e-06
1.98 5.10821e-06
1.99 8.19238e-06
2 1.13298e-05
2.01 1.44646e-05
2.02 1.75747e-05
2.03 2.06683e-05
2.04 2.37815e-05
2.05 2.69677e-05
2.06 3.0288e-05
2.07 3.38005e-05
2.08 3.75448e-05
2.09 4.15306e-05
2.1 4.57352e-05
2.11 5.01071e-05
2.12 5.45634e-05
2.13 5.89851e-05
2.14 6.32289e-05
2.15 6.71395e-05
2.16 7.05529e-05
2.17 7.33032e-05
2.18 7.52248e-05
2.19 7.61452e-05
2.2 7.58785e-05
2.21 7.42317e-05
2.22 7.10159e-05
2.23 6.60528e-05
2.24 5.91808e-05
2.25 5.02497e-05
2.26 3.91261e-05
2.27 2.57198e-05
2.28 9.99027e-06
2.29 -8.06622e-06
2.3 -2.84202e-05
2.31 -5.10082e-05
2.32 -7.5727e-05
2.33 -0.000102421
2.34 -0.000130878
2.35 -0.000160833
2.36 -0.000191981
2.37 -0.000223984
2.38 -0.000256485
2.39 -0.000289104
2.4 -0.000321459
2.41 -0.000353206
2.42 -0.00038406
2.43 -0.000413775
2.44 -0.000442129
2.45 -0.000468918
2.46 -0.000493957
2.47 -0.00051709
2.48 -0.000538198
2.49 -0.000557178
2.5 -0.00057393
2.51 -0.00058834
2.52 -0.000600284
2.53 -0.00060964
2.54 -0.000616289
2.55 -0.000620116
2.56 -0.000621011
2.57 -0.000618901
2.58 -0.000613766
2.59 -0.000605648
2.6 -0.000594645
2.61 -0.00058089
2.62 -0.000564535
2.63 -0.000545729
2.64 -0.000524609
2.65 -0.000501295
2.66 -0.00047589
2.67 -0.000448489
2.68 -0.000419184
2.69 -0.000388079
2.7 -0.000355298
2.71 -0.000320968
2.72 -0.000285224
2.73 -0.0002482
2.74 -0.000210017
2.75 -0.000170772
2.76 -0.00013056
2.77 -8.94691e-05
2.78 -4.75645e-05
2.79 -4.87089e-06
2.8 3.86204e-05
2.81 8.29462e-05
2.82 0.00012814
2.83 0.000174203
2.84 0.000221096
2.85 0.000268739
2.86 0.000317019
2.87 0.00036578
2.88 0.00041481
2.89 0.000463851
2.9 0.00051262
2.91 0.000560821
2.92 0.000608143
2.93 0.00065427
2.94 0.000698891
2.95 0.00074171
2.96 0.000782451
2.97 0.000820889
2.98 0.000856865
2.99 0.000890267
3 0.000921026
3.01 0.000949099
3.02 0.00097445
3.03 0.000997034
3.04 0.00101679
3.05 0.00103362
3.06 0.00104742
3.07 0.00105803
3.08 0.00106525
3.09 0.0010689
3.1 0.00106877
3.11 0.00106473
3.12 0.00105671
3.13 0.00104472
3.14 0.00102881
3.15 0.00100909
3.16 0.000985694
3.17 0.000958783
3.18 0.00092854
3.19 0.000895158
3.2 0.000858814
3.21 0.000819682
3.22 0.000777973
3.23 0.000733937
3.24 0.000687872
3.25 0.000640109
3.26 0.000591
3.27 0.000540937
3.28 0.000490364
3.29 0.000439742
3.3 0.000389515
3.31 0.000340132
3.32 0.000292041
3.33 0.000245647
3.34 0.000201257
3.35 0.000159064
3.36 0.000119125
3.37 8.13712e-05
3.38 4.56265e-05
3.39 1.16092e-05
3.4 -2.10565e-05
3.41 -5.28203e-05
3.42 -8.41733e-05
3.43 -0.00011561
3.44 -0.000147607
3.45 -0.00018062
3.46 -0.000215068
3.47 -0.000251289
3.48 -0.000289498
3.49 -0.000329765
3.5 -0.000372021
3.51 -0.000416075
3.52 -0.000461623
3.53 -0.000508263
3.54 -0.000555533
3.55 -0.000602961
3.56 -0.000650125
3.57 -0.000696662
3.58 -0.000742224
3.59 -0.00078647
3.6 -0.000829104
3.61 -0.000869896
3.62 -0.000908672
3.63 -0.000945316
3.64 -0.000979774
3.65 -0.00101205
3.66 -0.0010422
3.67 -0.00107037
3.68 -0.00109677
3.69 -0.00112165
3.7 -0.00114526
3.71 -0.00116786
3.72 -0.00118966
3.73 -0.0012109
3.74 -0.00123173
3.75 -0.00125227
3.76 -0.00127263
3.77 -0.00129286
3.78 -0.00131299
3.79 -0.001333
3.8 -0.00135284
3.81 -0.00137239
3.82 -0.0013915
3.83 -0.00140997
3.84 -0.00142759
3.85 -0.00144412
3.86 -0.00145938
3.87 -0.00147324
3.88 -0.0014857
3.89 -0.00149686
3.9 -0.00150695
3.91 -0.0015163
3.92 -0.00152537
3.93 -0.0015347
3.94 -0.00154483
3.95 -0.00155636
3.96 -0.00156982
3.97 -0.0015857
3.98 -0.0016044
3.99 -0.00162612
4 -0.00165092
4.01 -0.00167874
4.02 -0.00170933
4.03 -0.00174236
4.04 -0.00177735
4.05 -0.00181373
4.06 -0.00185078
4.07 -0.00188769
4.08 -0.00192349
4.09 -0.0019571
4.1 -0.00198736
4.11 -0.00201307
4.12 -0.00203316
4.13 -0.00204669
4.14 -0.00205294
4.15 -0.00205146
4.16 -0.00204213
4.17 -0.00202515
4.18 -0.00200102
4.19 -0.00197047
4.2 -0.00193442
4.21 -0.00189394
4.22 -0.00185017
4.23 -0.00180419
4.24 -0.00175697
4.25 -0.00170937
4.26 -0.00166222
4.27 -0.00161622
4.28 -0.00157197
4.29 -0.00152992
4.3 -0.00149037
4.31 -0.00145347
4.32 -0.00141923
4.33 -0.00138758
4.34 -0.0013583
4.35 -0.00133103
4.36 -0.00130525
4.37 -0.00128032
4.38 -0.00125552
4.39 -0.00123004
4.4 -0.00120305
4.41 -0.00117369
4.42 -0.00114104
4.43 -0.00110423
4.44 -0.00106241
4.45 -0.0010148
4.46 -0.000960802
4.47 -0.0009
4.48 -0.000832199
4.49 -0.000757352
4.5 -0.000675493
4.51 -0.000586701
4.52 -0.000491151
4.53 -0.000389147
4.54 -0.000281114
4.55 -0.00016758
4.56 -4.91614e-05
4.57 7.34464e-05
4.58 0.00019947
4.59 0.00032808
4.6 0.000458403
4.61 0.000589563
4.62 0.000720737
4.63 0.000851156
4.64 0.00098011
4.65 0.00110697
4.66 0.00123118
4.67 0.00135237
4.68 0.00147028
4.69 0.00158483
4.7 0.00169598
4.71 0.00180374
4.72 0.00190808
4.73 0.00200896
4.74 0.00210635
4.75 0.00220011
4.76 0.00229002
4.77 0.00237584
4.78 0.00245729
4.79 0.00253408
4.8 0.00260594
4.81 0.00267253
4.82 0.0027335
4.83 0.00278848
4.84 0.00283714
4.85 0.0028791
4.86 0.00291398
4.87 0.00294142
4.88 0.00296117
4.89 0.002973
4.9 0.00297672
4.91 0.00297219
4.92 0.00295937
4.93 0.00293827
4.94 0.00290894
4.95 0.00287146
4.96 0.00282596
4.97 0.00277262
4.98 0.00271169
4.99 0.00264351
5 0.00256846
5.01 0.00248696
5.02 0.00239937
5.03 0.00230594
5.04 0.00220684
5.05 0.0021021
5.06 0.00199166
5.07 0.0018753
5.08 0.00175271
5.09 0.00162356
5.1 0.00148746
5.11 0.00134399
5.12 0.00119279
5.13 0.00103354
5.14 0.000866073
5.15 0.000690331
5.16 0.000506475
5.17 0.000314907
5.18 0.000116238
5.19 -8.87673e-05
5.2 -0.000299195
5.21 -0.000513987
5.22 -0.000731998
5.23 -0.000952067
5.24 -0.00117306
5.25 -0.00139387
5.26 -0.00161334
5.27 -0.00183026
5.28 -0.00204336
5.29 -0.00225143
5.3 -0.00245325
5.31 -0.0026477
5.32 -0.00283373
5.33 -0.00301048
5.34 -0.00317731
5.35 -0.00333383
5.36 -0.00347988
5.37 -0.0036156
5.38 -0.00374141
5.39 -0.0038579
5.4 -0.0039657
5.41 -0.0040655
5.42 -0.00415797
5.43 -0.00424371
5.44 -0.00432318
5.45 -0.00439669
5.46 -0.0044644
5.47 -0.00452637
5.48 -0.00458259
5.49 -0.00463304
5.5 -0.00467763
5.51 -0.00471616
5.52 -0.00474839
5.53 -0.0047741
5.54 -0.00479307
5.55 -0.00480504
5.56 -0.00480973
5.57 -0.00480692
5.58 -0.0047965
5.59 -0.00477844
5.6 -0.00475276
5.61 -0.00471946
5.62 -0.00467853
5.63 -0.00462994
5.64 -0.00457368
5.65 -0.00450968
5.66 -0.00443795
5.67 -0.00435846
5.68 -0.00427115
5.69 -0.0041759
5.7 -0.00407253
5.71 -0.00396081
5.72 -0.00384042
5.73 -0.003711
5.74 -0.00357222
5.75 -0.00342372
5.76 -0.00326518
5.77 -0.00309637
5.78 -0.00291716
5.79 -0.00272762
5.8 -0.00252801
5.81 -0.00231878
5.82 -0.00210065
5.83 -0.00187459
5.84 -0.0016418
5.85 -0.00140364
5.86 -0.00116161
5.87 -0.000917263
5.88 -0.000672235
5.89 -0.000428147
5.9 -0.000186588
5.91 5.09545e-05
5.92 0.000283134
5.93 0.000508745
5.94 0.000726742
5.95 0.000936271
5.96 0.00113674
5.97 0.00132786
5.98 0.00150968
5.99 0.00168249
6 0.0018468
6.01 0.00200331
6.02 0.00215281
6.03 0.00229612
6.04 0.0024341
6.05 0.00256763
6.06 0.00269755
6.07 0.00282456
6.08 0.0029492
6.09 0.00307181
6.1 0.00319262
6.11 0.00331174
6.12 0.00342915
6.13 0.00354468
6.14 0.00365812
6.15 0.00376926
6.16 0.00387794
6.17 0.00398412
6.18 0.00408796
6.19 0.00418984
6.2 0.00429023
6.21 0.00438971
6.22 0.00448888
6.23 0.00458844
6.24 0.00468908
6.25 0.00479145
6.26 0.00489616
6.27 0.00500385
6.28 0.00511508
6.29 0.00523048
6.3 0.00535068
6.31 0.00547635
6.32 0.00560821
6.33 0.00574703
6.34 0.00589359
6.35 0.00604867
6.36 0.006213
6.37 0.0063871
6.38 0.00657115
6.39 0.00676502
6.4 0.00696832
6.41 0.00718046
6.42 0.00740078
6.43 0.00762864
6.44 0.00786345
6.45 0.00810481
6.46 0.0083526
6.47 0.00860685
6.48 0.00886767
6.49 0.00913508
6.5 0.0094089
6.51 0.00968859
6.52 0.00997316
6.53 0.0102612
6.54 0.010551
6.55 0.0108402
6.56 0.0111261
6.57 0.0114059
6.58 0.0116762
6.59 0.011934
6.6 0.0121763
6.61 0.0124004
6.62 0.0126042
6.63 0.0127856
6.64 0.0129434
6.65 0.0130761
6.66 0.0131829
6.67 0.0132625
6.68 0.0133141
6.69 0.0133366
6.7 0.013329
6.71 0.0132905
6.72 0.0132203
6.73 0.0131178
6.74 0.0129823
6.75 0.0128136
6.76 0.0126113
6.77 0.0123757
6.78 0.0121069
6.79 0.0118055
6.8 0.0114723
6.81 0.0111081
6.82 0.0107138
6.83 0.0102903
6.84 0.00983847
6.85 0.00935905
6.86 0.00885277
6.87 0.00832024
6.88 0.00776198
6.89 0.00717858
6.9 0.00657071
6.91 0.00593926
6.92 0.00528543
6.93 0.00461072
6.94 0.00391702
6.95 0.00320651
6.96 0.00248163
6.97 0.0017449
6.98 0.000998737
6.99 0.00024531
7 -0.000513497
7.01 -0.00127616
7.02 -0.0020415
7.03 -0.00280849
7.04 -0.00357613
7.05 -0.0043433
7.06 -0.00510863
7.07 -0.00587035
7.08 -0.00662635
7.09 -0.00737418
7.1 -0.00811114
7.11 -0.00883435
7.12 -0.00954095
7.13 -0.0102283
7.14 -0.010894
7.15 -0.0115365
7.16 -0.0121544
7.17 -0.0127468
7.18 -0.0133131
7.19 -0.0138532
7.2 -0.0143666
7.21 -0.0148533
7.22 -0.0153128
7.23 -0.0157447
7.24 -0.016148
7.25 -0.0165217
7.26 -0.0168645
7.27 -0.0171751
7.28 -0.0174521
7.29 -0.0176946
7.3 -0.0179019
7.31 -0.0180735
7.32 -0.0182096
7.33 -0.0183106
7.34 -0.018377
7.35 -0.0184096
7.36 -0.0184088
7.37 -0.0183753
7.38 -0.0183091
7.39 -0.0182101
7.4 -0.0180779
7.41 -0.017912
7.42 -0.0177117
7.43 -0.0174764
7.44 -0.0172061
7.45 -0.0169007
7.46 -0.0165609
7.47 -0.0161876
7.48 -0.0157823
7.49 -0.0153467
7.5 -0.0148831
7.51 -0.0143941
7.52 -0.0138825
7.53 -0.0133515
7.54 -0.0128039
7.55 -0.0122427
7.56 -0.0116708
7.57 -0.0110909
7.58 -0.0105061
7.59 -0.00991914
7.6 -0.00933293
7.61 -0.00875032
7.62 -0.00817388
7.63 -0.00760581
7.64 -0.0070478
7.65 -0.00650108
7.66 -0.00596636
7.67 -0.00544375
7.68 -0.00493274
7.69 -0.00443221
7.7 -0.00394051
7.71 -0.0034556
7.72 -0.0029754
7.73 -0.00249806
7.74 -0.00202216
7.75 -0.00154676
7.76 -0.0010714
7.77 -0.000596036
7.78 -0.000120903
7.79 0.000353463
7.8 0.000826228
7.81 0.0012963
7.82 0.00176238
7.83 0.00222299
7.84 0.00267643
7.85 0.00312088
7.86 0.00355443
7.87 0.00397518
7.88 0.00438122
7.89 0.00477079
7.9 0.00514236
7.91 0.00549461
7.92 0.00582651
7.93 0.00613736
7.94 0.00642676
7.95 0.0066946
7.96 0.00694106
7.97 0.0071665
7.98 0.00737153
7.99 0.00755692
8 0.00772351
8.01 0.00787207
8.02 0.00800332
8.03 0.00811784
8.04 0.00821606
8.05 0.00829813
8.06 0.00836398
8.07 0.00841328
8.08 0.00844557
8.09 0.00846036
8.1 0.00845727
8.11 0.00843612
8.12 0.00839711
8.13 0.00834089
8.14 0.00826843
8.15 0.00818106
8.16 0.0080804
8.17 0.0079683
8.18 0.00784674
8.19 0.00771775
8.2 0.00758331
8.21 0.00744531
8.22 0.00730544
8.23 0.00716522
8.24 0.00702602
8.25 0.00688904
8.26 0.00675525
8.27 0.00662537
8.28 0.00649989
8.29 0.00637899
8.3 0.00626252
8.31 0.00614988
8.32 0.00603994
8.33 0.00593098
8.34 0.00582082
8.35 0.00570689
8.36 0.0055864
8.37 0.00545662
8.38 0.00531504
8.39 0.00515962
8.4 0.00498887
8.41 0.00480198
8.42 0.00459863
8.43 0.00437903
8.44 0.00414379
8.45 0.00389397
8.46 0.00363107
8.47 0.00335699
8.48 0.00307397
8.49 0.00278445
8.5 0.00249099
8.51 0.00219616
8.52 0.00190243
8.53 0.00161195
8.54 0.00132648
8.55 0.00104727
8.56 0.000775192
8.57 0.000510793
8.58 0.000254418
8.59 6.25572e-06
8.6 -0.00023358
8.61 -0.000464976
8.62 -0.000687709
8.63 -0.000901347
8.64 -0.0011052
8.65 -0.00129828
8.66 -0.00147934
8.67 -0.00164689
8.68 -0.00179931
8.69 -0.00193494
8.7 -0.00205219
8.71 -0.00214952
8.72 -0.0022255
8.73 -0.00227898
8.74 -0.00230905
8.75 -0.00231511
8.76 -0.00229685
8.77 -0.00225441
8.78 -0.00218833
8.79 -0.00209949
8.8 -0.00198912
8.81 -0.00185878
8.82 -0.00171032
8.83 -0.00154569
8.84 -0.00136683
8.85 -0.00117553
8.86 -0.000973456
8.87 -0.000762121
8.88 -0.000542925
8.89 -0.000317058
8.9 -8.54398e-05
8.91 0.000151266
8.92 0.000392599
8.93 0.00063825
8.94 0.000887951
8.95 0.00114139
8.96 0.00139818
8.97 0.00165783
8.98 0.00191979
8.99 0.00218336
9 0.00244762
9.01 0.00271136
9.02 0.00297313
9.03 0.0032312
9.04 0.00348358
9.05 0.00372824
9.06 0.00396321
9.07 0.00418668
9.08 0.00439703
9.09 0.00459286
9.1 0.00477289
9.11 0.00493596
9.12 0.00508093
9.13 0.00520675
9.14 0.00531241
9.15 0.00539701
9.16 0.00545979
9.17 0.00550032
9.18 0.00551856
9.19 0.00551495
9.2 0.00549042
9.21 0.00544648
9.22 0.00538519
9.23 0.00530915
9.24 0.00522127
9.25 0.00512459
9.26 0.00502197
9.27 0.00491596
9.28 0.00480866
9.29 0.00470164
9.3 0.00459598
9.31 0.00449249
9.32 0.00439185
9.33 0.00429463
9.34 0.00420129
9.35 0.00411224
9.36 0.00402784
9.37 0.00394838
9.38 0.0038741
9.39 0.00380521
9.4 0.00374178
9.41 0.00368363
9.42 0.00363035
9.43 0.00358115
9.44 0.0035348
9.45 0.00348962
9.46 0.00344361
9.47 0.00339457
9.48 0.00334026
9.49 0.00327859
9.5 0.00320779
9.51 0.00312646
9.52 0.00303366
9.53 0.00292881
9.54 0.00281166
9.55 0.00268209
9.56 0.00253998
9.57 0.00238518
9.58 0.00221734
9.59 0.00203586
9.6 0.00183999
9.61 0.00162888
9.62 0.00140174
9.63 0.00115795
9.64 0.000897191
9.65 0.000619523
9.66 0.000325399
9.67 1.5639e-05
9.68 -0.000308573
9.69 -0.00064574
9.7 -0.000994164
9.71 -0.00135208
9.72 -0.00171778
9.73 -0.00208964
9.74 -0.00246621
9.75 -0.00284632
9.76 -0.00322909
9.77 -0.00361386
9.78 -0.00400021
9.79 -0.00438791
9.8 -0.00477695
9.81 -0.00516751
9.82 -0.00555997
9.83 -0.00595483
9.84 -0.00635271
9.85 -0.00675434
9.86 -0.00716046
9.87 -0.0075717
9.88 -0.00798853
9.89 -0.00841124
9.9 -0.00883996
9.91 -0.00927452
9.92 -0.00971443
9.93 -0.0101589
9.94 -0.0106067
9.95 -0.0110567
9.96 -0.011507
9.97 -0.0119563
9.98 -0.0124028
9.99 -0.0128453
10 -0.0132828
10.01 -0.0137144
10.02 -0.0141395
10.03 -0.0145577
10.04 -0.0149688
10.05 -0.0153727
10.06 -0.015769
10.07 -0.0161573
10.08 -0.0165369
10.09 -0.0169068
10.1 -0.0172663
10.11 -0.017614
10.12 -0.0179491
10.13 -0.0182704
10.14 -0.0185772
10.15 -0.018869
10.16 -0.0191452
10.17 -0.0194056
10.18 -0.0196498
10.19 -0.0198774
10.2 -0.0200878
10.21 -0.0202803
10.22 -0.0204541
10.23 -0.0206085
10.24 -0.0207427
10.25 -0.0208558
10.26 -0.0209473
10.27 -0.0210164
10.28 -0.021063
10.29 -0.0210865
10.3 -0.0210868
10.31 -0.0210638
10.32 -0.0210171
10.33 -0.0209465
10.34 -0.0208518
10.35 -0.0207327
10.36 -0.0205892
10.37 -0.0204211
10.38 -0.0202284
10.39 -0.020011
10.4 -0.0197691
10.41 -0.0195024
10.42 -0.019211
10.43 -0.0188945
10.44 -0.0185523
10.45 -0.0181841
10.46 -0.0177888
10.47 -0.0173659
10.48 -0.0169147
10.49 -0.0164347
10.5 -0.0159258
10.51 -0.0153884
10.52 -0.0148232
10.53 -0.0142312
10.54 -0.0136136
10.55 -0.012972
10.56 -0.0123081
10.57 -0.0116233
10.58 -0.0109196
10.59 -0.0101988
10.6 -0.00946268
10.61 -0.00871312
10.62 -0.00795209
10.63 -0.00718163
10.64 -0.00640391
10.65 -0.0056212
10.66 -0.00483588
10.67 -0.00405039
10.68 -0.00326718
10.69 -0.00248859
10.7 -0.0017168
10.71 -0.000953732
10.72 -0.000201151
10.73 0.000539338
10.74 0.00126629
10.75 0.00197838
10.76 0.00267435
10.77 0.00335308
10.78 0.00401361
10.79 0.0046551
10.8 0.00527683
10.81 0.00587815
10.82 0.00645852
10.83 0.00701753
10.84 0.00755481
10.85 0.00807007
10.86 0.00856299
10.87 0.00903319
10.88 0.00948022
10.89 0.00990362
10.9 0.0103029
10.91 0.0106777
10.92 0.0110276
10.93 0.0113524
10.94 0.0116523
10.95 0.0119276
10.96 0.0121791
10.97 0.0124078
10.98 0.0126145
10.99 0.0128007
11 0.0129673
11.01 0.0131155
11.02 0.0132463
11.03 0.0133604
11.04 0.0134585
11.05 0.0135412
11.06 0.0136087
11.07 0.0136616
11.08 0.0137001
11.09 0.0137244
11.1 0.0137347
11.11 0.0137312
11.12 0.0137144
11.13 0.0136848
11.14 0.0136427
11.15 0.0135888
11.16 0.0135237
11.17 0.0134481
11.18 0.013363
11.19 0.0132697
11.2 0.0131694
11.21 0.013064
11.22 0.0129552
11.23 0.0128448
11.24 0.0127346
11.25 0.0126262
11.26 0.0125203
11.27 0.0124177
11.28 0.0123182
11.29 0.0122219
11.3 0.0121282
11.31 0.0120369
11.32 0.0119474
11.33 0.0118594
11.34 0.0117728
11.35 0.0116877
11.36 0.0116046
11.37 0.0115243
11.38 0.0114478
11.39 0.0113759
11.4 0.0113097
11.41 0.0112499
11.42 0.011197
11.43 0.0111514
11.44 0.0111129
11.45 0.0110814
11.46 0.0110566
11.47 0.011038
11.48 0.0110255
11.49 0.0110192
11.5 0.0110192
11.51 0.0110266
11.52 0.0110422
11.53 0.0110673
11.54 0.0111032
11.55 0.0111513
11.56 0.0112128
11.57 0.0112885
11.58 0.0113789
11.59 0.0114844
11.6 0.0116051
11.61 0.0117411
11.62 0.0118925
11.63 0.0120592
11.64 0.0122415
11.65 0.0124392
11.66 0.0126524
11.67 0.012881
11.68 0.0131249
11.69 0.0133837
11.7 0.013657
11.71 0.0139442
11.72 0.0142441
11.73 0.0145555
11.74 0.0148768
11.75 0.0152058
11.76 0.0155403
11.77 0.0158772
11.78 0.0162133
11.79 0.0165447
11.8 0.0168673
11.81 0.0171772
11.82 0.0174708
11.83 0.0177447
11.84 0.0179959
11.85 0.018222
11.86 0.0184206
11.87 0.0185898
11.88 0.0187276
11.89 0.0188322
11.9 0.018902
11.91 0.0189357
11.92 0.0189319
11.93 0.0188895
11.94 0.0188077
11.95 0.0186856
11.96 0.0185227
11.97 0.0183185
11.98 0.0180726
11.99 0.0177851
12 0.0174564
12.01 0.0170869
12.02 0.0166777
12.03 0.0162299
12.04 0.0157451
12.05 0.0152252
12.06 0.0146725
12.07 0.014089
12.08 0.0134772
12.09 0.012839
12.1 0.0121762
12.11 0.0114906
12.12 0.0107834
12.13 0.0100559
12.14 0.00930873
12.15 0.00854239
12.16 0.00775713
12.17 0.00695304
12.18 0.00613021
12.19 0.00528876
12.2 0.0044288
12.21 0.00355051
12.22 0.00265424
12.23 0.00174053
12.24 0.000809949
12.25 -0.000136826
12.26 -0.00109891
12.27 -0.00207521
12.28 -0.00306449
12.29 -0.0040653
12.3 -0.00507606
12.31 -0.006095
12.32 -0.00712015
12.33 -0.0081492
12.34 -0.00917963
12.35 -0.0102087
12.36 -0.0112335
12.37 -0.012251
12.38 -0.0132578
12.39 -0.0142503
12.4 -0.0152251
12.41 -0.0161784
12.42 -0.0171068
12.43 -0.0180069
12.44 -0.0188755
12.45 -0.0197096
12.46 -0.0205062
12.47 -0.0212624
12.48 -0.0219753
12.49 -0.0226414
12.5 -0.0232571
12.51 -0.0238183
12.52 -0.0243207
12.53 -0.0247597
12.54 -0.0251309
12.55 -0.0254298
12.56 -0.0256527
12.57 -0.025796
12.58 -0.0258569
12.59 -0.0258325
12.6 -0.0257204
12.61 -0.0255186
12.62 -0.0252252
12.63 -0.0248388
12.64 -0.0243586
12.65 -0.0237841
12.66 -0.0231154
12.67 -0.0223531
12.68 -0.0214984
12.69 -0.0205532
12.7 -0.0195198
12.71 -0.0184014
12.72 -0.0172012
12.73 -0.015923
12.74 -0.0145708
12.75 -0.0131487
12.76 -0.0116609
12.77 -0.0101116
12.78 -0.00850512
12.79 -0.00684574
12.8 -0.0051378
12.81 -0.00338573
12.82 -0.00159414
12.83 0.00023219
12.84 0.00208834
12.85 0.00396939
12.86 0.00587044
12.87 0.00778669
12.88 0.00971354
12.89 0.0116467
12.9 0.013582
12.91 0.0155157
12.92 0.0174439
12.93 0.0193629
12.94 0.0212688
12.95 0.0231577
12.96 0.0250257
12.97 0.0268687
12.98 0.0286838
12.99 0.03047
13 0.032227
13.01 0.0339546
13.02 0.0356524
13.03 0.0373206
13.04 0.0389593
13.05 0.0405687
13.06 0.042149
13.07 0.0437002
13.08 0.0452222
13.09 0.0467147
13.1 0.0481768
13.11 0.0496076
13.12 0.051006
13.13 0.0523708
13.14 0.0537008
13.15 0.054995
13.16 0.0562526
13.17 0.057473
13.18 0.0586559
13.19 0.0598011
13.2 0.0609087
13.21 0.0619786
13.22 0.0630109
13.23 0.0640055
13.24 0.0649625
13.25 0.0658818
13.26 0.0667631
13.27 0.0676062
13.28 0.0684106
13.29 0.069176
13.3 0.0699016
13.31 0.0705867
13.32 0.0712304
13.33 0.0718315
13.34 0.0723887
13.35 0.0729006
13.36 0.073366
13.37 0.0737837
13.38 0.0741526
13.39 0.0744718
13.4 0.0747406
13.41 0.0749586
13.42 0.0751254
13.43 0.075241
13.44 0.0753057
13.45 0.0753198
13.46 0.0752841
13.47 0.0751996
13.48 0.0750674
13.49 0.0748892
13.5 0.0746665
13.51 0.0744012
13.52 0.0740953
13.53 0.0737509
13.54 0.0733704
13.55 0.0729561
13.56 0.0725108
13.57 0.0720371
13.58 0.0715376
13.59 0.0710148
13.6 0.070471
13.61 0.0699084
13.62 0.0693291
13.63 0.0687352
13.64 0.0681288
13.65 0.0675121
13.66 0.066887
13.67 0.0662557
13.68 0.0656204
13.69 0.0649829
13.7 0.0643451
13.71 0.0637084
13.72 0.0630744
13.73 0.0624441
13.74 0.0618187
13.75 0.0611987
13.76 0.0605845
13.77 0.059976
13.78 0.0593729
13.79 0.0587744
13.8 0.058179
13.81 0.057585
13.82 0.0569903
13.83 0.0563923
13.84 0.0557889
13.85 0.0551789
13.86 0.0545614
13.87 0.0539363
13.88 0.0533038
13.89 0.0526639
13.9 0.0520167
13.91 0.0513624
13.92 0.0507009
13.93 0.0500326
13.94 0.0493574
13.95 0.0486756
13.96 0.0479872
13.97 0.0472925
13.98 0.0465917
13.99 0.0458851
14 0.0451727
14.01 0.0444548
14.02 0.0437315
14.03 0.0430029
14.04 0.0422692
14.05 0.0415308
14.06 0.0407879
14.07 0.0400407
14.08 0.0392891
14.09 0.0385332
14.1 0.0377723
14.11 0.037006
14.12 0.0362332
14.13 0.0354527
14.14 0.0346628
14.15 0.0338617
14.16 0.0330473
14.17 0.0322173
14.18 0.0313694
14.19 0.0305015
14.2 0.0296115
14.21 0.0286975
14.22 0.0277575
14.23 0.0267896
14.24 0.0257919
14.25 0.0247625
14.26 0.0236992
14.27 0.0226002
14.28 0.0214636
14.29 0.0202868
14.3 0.0190658
14.31 0.0177972
14.32 0.0164778
14.33 0.0151054
14.34 0.0136778
14.35 0.012193
14.36 0.0106491
14.37 0.00904371
14.38 0.00737453
14.39 0.00563893
14.4 0.00383424
14.41 0.00195772
14.42 6.68484e-06
14.43 -0.00202144
14.44 -0.00412896
14.45 -0.00631775
14.46 -0.00858911
14.47 -0.0109439
14.48 -0.0133826
14.49 -0.0159054
14.5 -0.0185126
14.51 -0.0212041
14.52 -0.0239803
14.53 -0.0268415
14.54 -0.0297881
14.55 -0.0328207
14.56 -0.0359398
14.57 -0.0391461
14.58 -0.0424403
14.59 -0.045823
14.6 -0.0492946
14.61 -0.0528554
14.62 -0.0565051
14.63 -0.060243
14.64 -0.0640673
14.65 -0.0679757
14.66 -0.0719647
14.67 -0.0760304
14.68 -0.0801686
14.69 -0.084375
14.7 -0.0886456
14.71 -0.092977
14.72 -0.0973652
14.73 -0.101806
14.74 -0.106294
14.75 -0.110822
14.76 -0.115385
14.77 -0.119974
14.78 -0.124583
14.79 -0.129205
14.8 -0.133833
14.81 -0.13846
14.82 -0.143081
14.83 -0.147687
14.84 -0.152273
14.85 -0.156831
14.86 -0.161355
14.87 -0.16584
14.88 -0.170278
14.89 -0.174663
14.9 -0.178988
14.91 -0.183247
14.92 -0.187433
14.93 -0.191539
14.94 -0.195557
14.95 -0.199482
14.96 -0.203307
14.97 -0.207024
14.98 -0.210628
14.99 -0.214115
15 -0.217479
15.01 -0.220721
15.02 -0.223838
15.03 -0.226831
15.04 -0.229703
15.05 -0.232456
15.06 -0.235092
15.07 -0.237616
15.08 -0.240033
15.09 -0.242348
15.1 -0.244564
15.11 -0.246687
15.12 -0.248721
15.13 -0.250671
15.14 -0.252542
15.15 -0.254339
15.16 -0.256066
15.17 -0.257727
15.18 -0.259325
15.19 -0.260865
15.2 -0.262348
15.21 -0.263777
15.22 -0.265155
15.23 -0.266485
15.24 -0.267769
15.25 -0.269011
15.26 -0.270215
15.27 -0.271386
15.28 -0.272527
15.29 -0.273644
15.3 -0.274741
15.31 -0.275822
15.32 -0.27689
15.33 -0.277947
15.34 -0.278997
15.35 -0.280041
15.36 -0.281081
15.37 -0.282121
15.38 -0.283163
15.39 -0.284209
15.4 -0.285261
15.41 -0.286323
15.42 -0.287395
15.43 -0.288478
15.44 -0.289574
15.45 -0.290682
15.46 -0.291803
15.47 -0.292935
15.48 -0.294077
15.49 -0.295227
15.5 -0.29638
15.51 -0.297534
15.52 -0.298683
15.53 -0.299822
15.54 -0.300945
15.55 -0.302047
15.56 -0.303123
15.57 -0.304167
15.58 -0.305174
15.59 -0.30614
15.6 -0.307057
15.61 -0.307923
15.62 -0.30873
15.63 -0.309474
15.64 -0.31015
15.65 -0.310751
15.66 -0.311274
15.67 -0.311712
15.68 -0.31206
15.69 -0.312314
15.7 -0.312467
15.71 -0.312515
15.72 -0.312454
15.73 -0.312277
15.74 -0.311981
15.75 -0.31156
15.76 -0.311011
15.77 -0.310328
15.78 -0.309509
15.79 -0.30855
15.8 -0.307448
15.81 -0.3062
15.82 -0.304805
15.83 -0.303261
15.84 -0.301567
15.85 -0.299724
15.86 -0.297733
15.87 -0.295594
15.88 -0.293309
15.89 -0.29088
15.9 -0.28831
15.91 -0.285602
15.92 -0.28276
15.93 -0.279787
15.94 -0.276688
15.95 -0.273467
15.96 -0.270128
15.97 -0.266677
15.98 -0.263121
15.99 -0.259465
16 -0.255716
16.01 -0.251876
16.02 -0.247946
16.03 -0.243929
16.04 -0.239827
16.05 -0.235646
16.06 -0.23139
16.07 -0.227063
16.08 -0.222672
16.09 -0.218222
16.1 -0.213716
16.11 -0.209161
16.12 -0.204562
16.13 -0.199923
16.14 -0.195249
16.15 -0.190546
16.16 -0.185819
16.17 -0.181073
16.18 -0.176314
16.19 -0.171547
16.2 -0.166778
16.21 -0.162011
16.22 -0.157252
16.23 -0.152505
16.24 -0.147774
16.25 -0.143063
16.26 -0.138372
16.27 -0.133704
16.28 -0.129059
16.29 -0.124439
16.3 -0.119843
16.31 -0.115272
16.32 -0.110726
16.33 -0.106205
16.34 -0.101709
16.35 -0.0972369
16.36 -0.0927893
16.37 -0.0883656
16.38 -0.0839655
16.39 -0.0795883
16.4 -0.0752336
16.41 -0.0709005
16.42 -0.0665887
16.43 -0.0622974
16.44 -0.0580262
16.45 -0.0537748
16.46 -0.0495428
16.47 -0.0453297
16.48 -0.0411353
16.49 -0.0369593
16.5 -0.0328013
16.51 -0.0286611
16.52 -0.0245385
16.53 -0.0204333
16.54 -0.016345
16.55 -0.0122735
16.56 -0.00821849
16.57 -0.00417995
16.58 -0.000157906
16.59 0.00384746
16.6 0.00783578
16.61 0.0118065
16.62 0.0157586
16.63 0.0196911
16.64 0.0236023
16.65 0.0274903
16.66 0.0313529
16.67 0.0351875
16.68 0.0389911
16.69 0.0427603
16.7 0.0464915
16.71 0.050181
16.72 0.0538255
16.73 0.0574221
16.74 0.0609687
16.75 0.0644632
16.76 0.0679044
16.77 0.071291
16.78 0.074622
16.79 0.0778966
16.8 0.0811145
16.81 0.0842753
16.82 0.0873788
16.83 0.0904249
16.84 0.0934137
16.85 0.0963453
16.86 0.0992197
16.87 0.102037
16.88 0.104797
16.89 0.107499
16.9 0.110142
16.91 0.112727
16.92 0.115252
16.93 0.117716
16.94 0.120119
16.95 0.12246
16.96 0.124739
16.97 0.126955
16.98 0.129108
16.99 0.131197
17 0.133223
17.01 0.135186
17.02 0.137085
17.03 0.13892
17.04 0.140691
17.05 0.142398
17.06 0.144041
17.07 0.145619
17.08 0.147133
17.09 0.148583
17.1 0.149967
17.11 0.151287
17.12 0.152542
17.13 0.153731
17.14 0.154856
17.15 0.155915
17.16 0.156908
17.17 0.157836
17.18 0.158699
17.19 0.159496
17.2 0.160227
17.21 0.160892
17.22 0.161492
17.23 0.162026
17.24 0.162494
17.25 0.162896
17.26 0.163232
17.27 0.163503
17.28 0.163706
17.29 0.163843
17.3 0.163912
17.31 0.163913
17.32 0.163845
17.33 0.163709
17.34 0.163503
17.35 0.163227
17.36 0.162882
17.37 0.162466
17.38 0.161979
17.39 0.161418
17.4 0.160784
17.41 0.160074
17.42 0.159286
17.43 0.158418
17.44 0.157468
17.45 0.156435
17.46 0.155319
17.47 0.154119
17.48 0.152836
17.49 0.151472
17.5 0.150028
17.51 0.148505
17.52 0.146907
17.53 0.145234
17.54 0.143488
17.55 0.141673
17.56 0.13979
17.57 0.137842
17.58 0.135833
17.59 0.133766
17.6 0.131645
17.61 0.129474
17.62 0.12726
17.63 0.125008
17.64 0.122723
17.65 0.120412
17.66 0.118083
17.67 0.115742
17.68 0.113396
17.69 0.111053
17.7 0.108721
17.71 0.106403
17.72 0.104103
17.73 0.101819
17.74 0.099554
17.75 0.0973092
17.76 0.0950862
17.77 0.0928868
17.78 0.0907135
17.79 0.0885691
17.8 0.0864566
17.81 0.0843795
17.82 0.0823413
17.83 0.0803453
17.84 0.078395
17.85 0.0764937
17.86 0.0746445
17.87 0.0728507
17.88 0.0711152
17.89 0.0694404
17.9 0.0678284
17.91 0.0662806
17.92 0.0647982
17.93 0.0633817
17.94 0.0620316
17.95 0.0607483
17.96 0.0595319
17.97 0.0583822
17.98 0.0572993
17.99 0.0562827
18 0.055332
18.01 0.054447
18.02 0.0536272
18.03 0.0528722
18.04 0.0521816
18.05 0.0515552
18.06 0.0509928
18.07 0.0504941
18.08 0.0500591
18.09 0.0496874
18.1 0.0493787
18.11 0.0491328
18.12 0.0489492
18.13 0.0488277
18.14 0.0487681
18.15 0.0487704
18.16 0.0488345
18.17 0.0489607
18.18 0.0491491
18.19 0.0494
18.2 0.0497137
18.21 0.0500905
18.22 0.0505306
18.23 0.0510339
18.24 0.0516004
18.25 0.0522296
18.26 0.0529208
18.27 0.0536731
18.28 0.0544858
18.29 0.0553579
18.3 0.0562882
18.31 0.0572757
18.32 0.0583193
18.33 0.0594177
18.34 0.0605696
18.35 0.0617735
18.36 0.0630274
18.37 0.0643295
18.38 0.0656775
18.39 0.067069
18.4 0.0685018
18.41 0.0699734
18.42 0.0714818
18.43 0.0730248
18.44 0.0746006
18.45 0.0762075
18.46 0.077844
18.47 0.0795087
18.48 0.0812004
18.49 0.0829179
18.5 0.0846598
18.51 0.0864246
18.52 0.0882105
18.53 0.0900157
18.54 0.0918377
18.55 0.0936742
18.56 0.0955224
18.57 0.0973792
18.58 0.0992417
18.59 0.101107
18.6 0.102971
18.61 0.104834
18.62 0.106696
18.63 0.108558
18.64 0.110421
18.65 0.112286
18.66 0.114153
18.67 0.116023
18.68 0.117896
18.69 0.11977
18.7 0.121644
18.71 0.123515
18.72 0.125381
18.73 0.127236
18.74 0.129077
18.75 0.130898
18.76 0.132696
18.77 0.134466
18.78 0.136203
18.79 0.137904
18.8 0.139564
18.81 0.141179
18.82 0.142744
18.83 0.144255
18.84 0.145708
18.85 0.147097
18.86 0.148418
18.87 0.149667
18.88 0.150839
18.89 0.151929
18.9 0.152933
18.91 0.153848
18.92 0.15467
18.93 0.155398
18.94 0.156028
18.95 0.156561
18.96 0.156993
18.97 0.157325
18.98 0.157555
18.99 0.15768
19 0.157699
19.01 0.15761
19.02 0.15741
19.03 0.157096
19.04 0.156667
19.05 0.15612
19.06 0.155454
19.07 0.154668
19.08 0.153761
19.09 0.152735
19.1 0.151589
19.11 0.150325
19.12 0.148944
19.13 0.147447
19.14 0.145835
19.15 0.14411
19.16 0.142274
19.17 0.140328
19.18 0.138275
19.19 0.136121
19.2 0.13387
19.21 0.131529
19.22 0.129103
19.23 0.126602
19.24 0.124032
19.25 0.121401
19.26 0.118718
19.27 0.115989
19.28 0.11322
19.29 0.110417
19.3 0.107586
19.31 0.104734
19.32 0.101868
19.33 0.0989918
19.34 0.0961062
19.35 0.093212
19.36 0.0903122
19.37 0.0874098
19.38 0.0845081
19.39 0.0816102
19.4 0.078719
19.41 0.0758377
19.42 0.0729692
19.43 0.0701168
19.44 0.0672832
19.45 0.0644717
19.46 0.0616852
19.47 0.0589266
19.48 0.0561989
19.49 0.053505
19.5 0.0508475
19.51 0.0482289
19.52 0.0456516
19.53 0.0431176
19.54 0.0406289
19.55 0.0381869
19.56 0.0357924
19.57 0.0334461
19.58 0.0311482
19.59 0.0288988
19.6 0.0266979
19.61 0.0245454
19.62 0.0224411
19.63 0.0203847
19.64 0.0183759
19.65 0.0164142
19.66 0.0144992
19.67 0.0126305
19.68 0.0108074
19.69 0.00902921
19.7 0.00729514
19.71 0.0056042
19.72 0.00395537
19.73 0.0023476
19.74 0.000779841
19.75 -0.000748766
19.76 -0.00223884
19.77 -0.00369072
19.78 -0.0051046
19.79 -0.0064806
19.8 -0.0078188
19.81 -0.00911932
19.82 -0.0103823
19.83 -0.0116081
19.84 -0.012797
19.85 -0.0139496
19.86 -0.0150667
19.87 -0.0161493
19.88 -0.0171982
19.89 -0.0182145
19.9 -0.0191991
19.91 -0.0201529
19.92 -0.0210764
19.93 -0.02197
19.94 -0.022834
19.95 -0.0236688
19.96 -0.0244747
19.97 -0.0252525
19.98 -0.0260028
19.99 -0.0267268
20 -0.0274256
20.01 -0.0281005
20.02 -0.0287529
20.03 -0.0293839
20.04 -0.0299944
20.05 -0.0305847
20.06 -0.0311547
20.07 -0.0317036
20.08 -0.0322304
20.09 -0.0327335
20.1 -0.0332109
20.11 -0.0336602
20.12 -0.0340788
20.13 -0.0344644
20.14 -0.0348146
20.15 -0.0351272
20.16 -0.0353998
20.17 -0.0356304
20.18 -0.0358169
20.19 -0.0359578
20.2 -0.0360517
20.21 -0.0360974
20.22 -0.0360942
20.23 -0.0360412
20.24 -0.0359377
20.25 -0.0357831
20.26 -0.0355768
20.27 -0.0353189
20.28 -0.0350093
20.29 -0.0346485
20.3 -0.0342374
20.31 -0.0337768
20.32 -0.0332682
20.33 -0.0327131
20.34 -0.0321131
20.35 -0.0314702
20.36 -0.0307861
20.37 -0.0300623
20.38 -0.0293004
20.39 -0.0285013
20.4 -0.0276659
20.41 -0.0267945
20.42 -0.0258873
20.43 -0.0249445
20.44 -0.0239658
20.45 -0.0229513
20.46 -0.0219013
20.47 -0.0208158
20.48 -0.0196951
20.49 -0.0185396
20.5 -0.0173495
20.51 -0.0161251
20.52 -0.0148668
20.53 -0.0135749
20.54 -0.0122498
20.55 -0.0108921
20.56 -0.00950228
20.57 -0.00808122
20.58 -0.00663004
20.59 -0.00515041
20.6 -0.00364457
20.61 -0.00211523
20.62 -0.000565575
20.63 0.00100104
20.64 0.00258113
20.65 0.00417118
20.66 0.00576761
20.67 0.00736685
20.68 0.00896548
20.69 0.0105601
20.7 0.0121476
20.71 0.0137249
20.72 0.0152891
20.73 0.0168373
20.74 0.0183667
20.75 0.0198759
20.76 0.0213661
20.77 0.0228381
20.78 0.0242924
20.79 0.0257297
20.8 0.0271509
20.81 0.0285574
20.82 0.029951
20.83 0.0313338
20.84 0.0327083
20.85 0.0340766
20.86 0.035441
20.87 0.0368032
20.88 0.0381649
20.89 0.0395271
20.9 0.0408908
20.91 0.0422566
20.92 0.0436249
20.93 0.0449964
20.94 0.0463715
20.95 0.0477505
20.96 0.0491338
20.97 0.0505213
20.98 0.0519126
20.99 0.0533071
21 0.0547038
21.01 0.0561011
21.02 0.0574973
21.03 0.05889
21.04 0.0602767
21.05 0.061655
21.06 0.0630224
21.07 0.0643764
21.08 0.0657147
21.09 0.0670349
21.1 0.0683345
21.11 0.0696115
21.12 0.0708639
21.13 0.0720903
21.14 0.0732893
21.15 0.0744601
21.16 0.0756018
21.17 0.0767135
21.18 0.0777946
21.19 0.0788442
21.2 0.0798616
21.21 0.0808461
21.22 0.0817968
21.23 0.0827131
21.24 0.0835943
21.25 0.0844397
21.26 0.085249
21.27 0.0860219
21.28 0.0867583
21.29 0.0874587
21.3 0.0881232
21.31 0.0887523
21.32 0.0893466
21.33 0.0899062
21.34 0.0904313
21.35 0.090922
21.36 0.0913778
21.37 0.0917984
21.38 0.0921829
21.39 0.0925305
21.4 0.0928398
21.41 0.0931094
21.42 0.0933378
21.43 0.0935231
21.44 0.0936639
21.45 0.0937584
21.46 0.0938053
21.47 0.0938033
21.48 0.0937514
21.49 0.0936485
21.5 0.0934938
21.51 0.0932865
21.52 0.0930258
21.53 0.0927113
21.54 0.0923427
21.55 0.0919197
21.56 0.0914423
21.57 0.0909102
21.58 0.0903234
21.59 0.0896816
21.6 0.0889847
21.61 0.0882323
21.62 0.0874244
21.63 0.0865613
21.64 0.0856435
21.65 0.084672
21.66 0.0836484
21.67 0.0825744
21.68 0.0814522
21.69 0.0802841
21.7 0.0790726
21.71 0.0778201
21.72 0.0765292
21.73 0.0752026
21.74 0.0738432
21.75 0.072454
21.76 0.0710385
21.77 0.0696002
21.78 0.0681432
21.79 0.0666715
21.8 0.0651891
21.81 0.0637001
21.82 0.0622082
21.83 0.060717
21.84 0.0592294
21.85 0.0577485
21.86 0.0562767
21.87 0.0548165
21.88 0.0533699
21.89 0.0519388
21.9 0.0505251
21.91 0.0491307
21.92 0.0477574
21.93 0.0464072
21.94 0.0450823
21.95 0.043785
21.96 0.0425174
21.97 0.0412815
21.98 0.040079
21.99 0.0389102
22 0.0377735
22.01 0.0366665
22.02 0.0355871
22.03 0.0345329
22.04 0.0335015
22.05 0.0324911
22.06 0.0315002
22.07 0.0305284
22.08 0.0295756
22.09 0.0286421
22.1 0.0277282
22.11 0.0268348
22.12 0.0259627
22.13 0.0251126
22.14 0.0242856
22.15 0.0234822
22.16 0.0227032
22.17 0.0219488
22.18 0.0212193
22.19 0.0205149
22.2 0.0198358
22.21 0.0191821
22.22 0.0185544
22.23 0.0179533
22.24 0.0173795
22.25 0.016834
22.26 0.0163177
22.27 0.0158317
22.28 0.0153768
22.29 0.0149538
22.3 0.0145631
22.31 0.014205
22.32 0.013879
22.33 0.0135848
22.34 0.0133215
22.35 0.0130881
22.36 0.0128838
22.37 0.0127074
22.38 0.0125581
22.39 0.012435
22.4 0.0123377
22.41 0.0122655
22.42 0.0122183
22.43 0.0121959
22.44 0.0121984
22.45 0.0122259
22.46 0.0122787
22.47 0.0123573
22.48 0.0124623
22.49 0.0125948
22.5 0.0127556
22.51 0.0129461
22.52 0.0131678
22.53 0.0134222
22.54 0.013711
22.55 0.0140359
22.56 0.0143984
22.57 0.0148
22.58 0.0152425
22.59 0.0157272
22.6 0.0162557
22.61 0.0168292
22.62 0.0174489
22.63 0.0181159
22.64 0.0188308
22.65 0.0195941
22.66 0.0204059
22.67 0.0212658
22.68 0.022173
22.69 0.0231263
22.7 0.0241246
22.71 0.0251666
22.72 0.0262512
22.73 0.0273772
22.74 0.0285434
22.75 0.0297486
22.76 0.0309915
22.77 0.0322705
22.78 0.0335839
22.79 0.0349299
22.8 0.0363065
22.81 0.0377117
22.82 0.0391434
22.83 0.0405993
22.84 0.0420772
22.85 0.0435746
22.86 0.0450892
22.87 0.0466183
22.88 0.0481593
22.89 0.0497094
22.9 0.0512655
22.91 0.0528245
22.92 0.054383
22.93 0.0559374
22.94 0.057484
22.95 0.059019
22.96 0.0605383
22.97 0.0620377
22.98 0.0635132
22.99 0.0649611
23 0.0663778
23.01 0.0677621
23.02 0.0691145
23.03 0.0704363
23.04 0.0717282
23.05 0.0729914
23.06 0.0742267
23.07 0.0754351
23.08 0.0766172
23.09 0.0777733
23.1 0.0789033
23.11 0.0800072
23.12 0.0810849
23.13 0.0821362
23.14 0.083161
23.15 0.0841592
23.16 0.0851309
23.17 0.0860759
23.18 0.0869943
23.19 0.0878862
23.2 0.0887519
23.21 0.0895916
23.22 0.0904055
23.23 0.0911938
23.24 0.0919568
23.25 0.0926946
23.26 0.0934074
23.27 0.0940953
23.28 0.0947585
23.29 0.0953975
23.3 0.0960127
23.31 0.0966045
23.32 0.0971737
23.33 0.0977208
23.34 0.0982463
23.35 0.0987506
23.36 0.0992341
23.37 0.0996969
23.38 0.100139
23.39 0.100561
23.4 0.100961
23.41 0.10134
23.42 0.101695
23.43 0.102027
23.44 0.102334
23.45 0.102615
23.46 0.102868
23.47 0.103091
23.48 0.103283
23.49 0.103444
23.5 0.103573
23.51 0.103669
23.52 0.103732
23.53 0.103761
23.54 0.103757
23.55 0.103718
23.56 0.103645
23.57 0.103538
23.58 0.103397
23.59 0.103222
23.6 0.103013
23.61 0.102772
23.62 0.102499
23.63 0.102195
23.64 0.101861
23.65 0.101497
23.66 0.101106
23.67 0.100689
23.68 0.100246
23.69 0.0997791
23.7 0.0992891
23.71 0.0987769
23.72 0.0982433
23.73 0.0976888
23.74 0.0971139
23.75 0.0965189
23.76 0.0959039
23.77 0.0952685
23.78 0.0946122
23.79 0.093934
23.8 0.0932327
23.81 0.0925071
23.82 0.0917563
23.83 0.090979
23.84 0.0901746
23.85 0.0893421
23.86 0.088481
23.87 0.0875906
23.88 0.0866705
23.89 0.0857202
23.9 0.0847393
23.91 0.0837272
23.92 0.0826834
23.93 0.081607
23.94 0.0804975
23.95 0.0793545
23.96 0.0781779
23.97 0.0769678
23.98 0.0757249
23.99 0.0744503
24 0.0731459
24.01 0.0718138
24.02 0.0704567
24.03 0.0690778
24.04 0.0676807
24.05 0.0662696
24.06 0.0648493
24.07 0.0634253
24.08 0.0620033
24.09 0.0605891
24.1 0.0591883
24.11 0.0578065
24.12 0.0564487
24.13 0.0551195
24.14 0.053823
24.15 0.0525626
24.16 0.0513409
24.17 0.0501604
24.18 0.0490221
24.19 0.0479257
24.2 0.0468703
24.21 0.0458554
24.22 0.0448804
24.23 0.0439443
24.24 0.0430463
24.25 0.0421854
24.26 0.0413606
24.27 0.0405707
24.28 0.0398143
24.29 0.0390898
24.3 0.0383955
24.31 0.0377293
24.32 0.0370892
24.33 0.0364733
24.34 0.0358802
24.35 0.0353092
24.36 0.0347598
24.37 0.0342321
24.38 0.0337265
24.39 0.0332433
24.4 0.0327833
24.41 0.0323472
24.42 0.0319355
24.43 0.0315486
24.44 0.031187
24.45 0.0308506
24.46 0.0305397
24.47 0.0302544
24.48 0.029995
24.49 0.0297617
24.5 0.0295549
24.51 0.0293751
24.52 0.0292226
24.53 0.0290977
24.54 0.0290007
24.55 0.0289317
24.56 0.0288908
24.57 0.0288778
24.58 0.0288923
24.59 0.0289339
24.6 0.0290019
24.61 0.0290957
24.62 0.0292146
24.63 0.0293579
24.64 0.0295247
24.65 0.0297145
24.66 0.0299268
24.67 0.0301613
24.68 0.0304179
24.69 0.0306967
24.7 0.030998
24.71 0.0313221
24.72 0.0316693
24.73 0.0320402
24.74 0.0324349
24.75 0.0328538
24.76 0.0332973
24.77 0.0337659
24.78 0.0342597
24.79 0.0347789
24.8 0.0353233
24.81 0.0358924
24.82 0.0364859
24.83 0.0371028
24.84 0.037742
24.85 0.0384024
24.86 0.0390826
24.87 0.0397812
24.88 0.0404964
24.89 0.0412265
24.9 0.0419693
24.91 0.0427226
24.92 0.0434836
24.93 0.0442499
24.94 0.0450185
24.95 0.0457867
24.96 0.0465515
24.97 0.0473103
24.98 0.0480601
24.99 0.0487983
25 0.0495223
