0.01 3.17579e-09
0.02 1.53011e-08
0.03 3.77972e-08
0.04 6.8328e-08
0.05 1.04599e-07
0.06 1.44379e-07
0.07 1.85522e-07
0.08 2.25959e-07
0.09 2.63685e-07
0.1 2.9676e-07
0.11 3.23329e-07
0.12 3.41623e-07
0.13 3.49925e-07
0.14 3.46513e-07
0.15 3.29646e-07
0.16 2.97625e-07
0.17 2.48841e-07
0.18 1.81789e-07
0.19 9.50758e-08
0.2 -1.25614e-08
0.21 -1.42249e-07
0.22 -2.94972e-07
0.23 -4.71576e-07
0.24 -6.7279e-07
0.25 -8.99254e-07
0.26 -1.15158e-06
0.27 -1.4304e-06
0.28 -1.73621e-06
0.29 -2.06912e-06
0.3 -2.42879e-06
0.31 -2.8143e-06
0.32 -3.2242e-06
0.33 -3.65625e-06
0.34 -4.10733e-06
0.35 -4.57375e-06
0.36 -5.05145e-06
0.37 -5.53613e-06
0.38 -6.02383e-06
0.39 -6.51174e-06
0.4 -6.99875e-06
0.41 -7.48581e-06
0.42 -7.97545e-06
0.43 -8.47118e-06
0.44 -8.97758e-06
0.45 -9.50013e-06
0.46 -1.00447e-05
0.47 -1.06173e-05
0.48 -1.12232e-05
0.49 -1.18669e-05
0.5 -1.2552e-05
0.51 -1.32814e-05
0.52 -1.40575e-05
0.53 -1.4882e-05
0.54 -1.57557e-05
0.55 -1.66795e-05
0.56 -1.76534e-05
0.57 -1.86772e-05
0.58 -1.97503e-05
0.59 -2.08723e-05
0.6 -2.20423e-05
0.61 -2.32595e-05
0.62 -2.45228e-05
0.63 -2.58308e-05
0.64 -2.71822e-05
0.65 -2.85755e-05
0.66 -3.00096e-05
0.67 -3.14834e-05
0.68 -3.29961e-05
0.69 -3.45471e-05
0.7 -3.61358e-05
0.71 -3.77615e-05
0.72 -3.94225e-05
0.73 -4.11157e-05
0.74 -4.28361e-05
0.75 -4.45758e-05
0.76 -4.63239e-05
0.77 -4.80672e-05
0.78 -4.97907e-05
0.79 -5.14804e-05
0.8 -5.31246e-05
0.81 -5.47147e-05
0.82 -5.62445e-05
0.83 -5.77095e-05
0.84 -5.91073e-05
0.85 -6.0439e-05
0.86 -6.17086e-05
0.87 -6.29189e-05
0.88 -6.4068e-05
0.89 -6.51483e-05
0.9 -6.61492e-05
0.91 -6.70584e-05
0.92 -6.78635e-05
0.93 -6.85539e-05
0.94 -6.91233e-05
0.95 -6.95713e-05
0.96 -6.9904e-05
0.97 -7.0133e-05
0.98 -7.02707e-05
0.99 -7.0325e-05
1 -7.02977e-05
1.01 -7.01846e-05
1.02 -6.99762e-05
1.03 -6.96581e-05
1.04 -6.92137e-05
1.05 -6.86264e-05
1.06 -6.78832e-05
1.07 -6.69759e-05
1.08 -6.58998e-05
1.09 -6.46511e-05
1.1 -6.32261e-05
1.11 -6.16223e-05
1.12 -5.98374e-05
1.13 -5.78677e-05
1.14 -5.57083e-05
1.15 -5.33547e-05
1.16 -5.08048e-05
1.17 -4.8061e-05
1.18 -4.5133e-05
1.19 -4.20355e-05
1.2 -3.87853e-05
1.21 -3.54024e-05
1.22 -3.19117e-05
1.23 -2.83398e-05
1.24 -2.47095e-05
1.25 -2.10322e-05
1.26 -1.73031e-05
1.27 -1.3506e-05
1.28 -9.62284e-06
1.29 -5.6367e-06
1.3 -1.53226e-06
1.31 2.69905e-06
1.32 7.05666e-06
1.33 1.15335e-05
1.34 1.61213e-05
1.35 2.08143e-05
1.36 2.56092e-05
1.37 3.05053e-05
1.38 3.55039e-05
1.39 4.06072e-05
1.4 4.58157e-05
1.41 5.11258e-05
1.42 5.65255e-05
1.43 6.19905e-05
1.44 6.74801e-05
1.45 7.29354e-05
1.46 7.82811e-05
1.47 8.34314e-05
1.48 8.82977e-05
1.49 9.27893e-05
1.5 9.68171e-05
1.51 0.000100299
1.52 0.00010316
1.53 0.000105342
1.54 0.000106812
1.55 0.000107566
1.56 0.000107636
1.57 0.000107077
1.58 0.000105962
1.59 0.000104372
1.6 0.000102385
1.61 0.000100068
1.62 9.74848e-05
1.63 9.4687e-05
1.64 9.17204e-05
1.65 8.86234e-05
1.66 8.54245e-05
1.67 8.21408e-05
1.68 7.878e-05
1.69 7.53463e-05
1.7 7.1844e-05
1.71 6.82773e-05
1.72 6.46513e-05
1.73 6.0974e-05
1.74 5.72597e-05
1.75 5.35331e-05
1.76 4.98243e-05
1.77 4.61621e-05
1.78 4.25778e-05
1.79 3.91109e-05
1.8 3.58062e-05
1.81 3.27095e-05
1.82 2.98671e-05
1.83 2.73236e-05
1.84 2.51122e-05
1.85 2.32485e-05
1.86 2.17359e-05
1.87 2.05742e-05
1.88 1.97663e-05
1.89 1.93188e-05
1.9 1.92419e-05
1.91 1.95495e-05
1.92 2.0259e-05
1.93 2.13897e-05
1.94 2.29488e-05
1.95 2.49156e-05
1.96 2.7241e-05
1.97 2.98522e-05
1.98 3.26576e-05
1.99 3.55579e-05
2 3.84675e-05
2.01 4.13318e-05
2.02 4.41301e-05
2.03 4.68723e-05
2.04 4.95959e-05
2.05 5.23562e-05
2.06 5.52157e-05
2.07 5.82347e-05
2.08 6.14547e-05
2.09 6.48873e-05
2.1 6.85122e-05
2.11 7.22801e-05
2.12 7.61103e-05
2.13 7.98864e-05
2.14 8.34672e-05
2.15 8.66998e-05
2.16 8.94222e-05
2.17 9.14705e-05
2.18 9.26808e-05
2.19 9.28822e-05
2.2 9.189e-05
2.21 8.95119e-05
2.22 8.55596e-05
2.23 7.98547e-05
2.24 7.2235e-05
2.25 6.25492e-05
2.26 5.06625e-05
2.27 3.64825e-05
2.28 1.99658e-05
2.29 1.10531e-06
2.3 -2.00733e-05
2.31 -4.3511e-05
2.32 -6.91095e-05
2.33 -9.67185e-05
2.34 -0.000126131
2.35 -0.00015709
2.36 -0.000189294
2.37 -0.000222413
2.38 -0.000256095
2.39 -0.000289968
2.4 -0.000323654
2.41 -0.000356815
2.42 -0.000389172
2.43 -0.000420483
2.44 -0.000450531
2.45 -0.000479114
2.46 -0.000506051
2.47 -0.000531189
2.48 -0.000554408
2.49 -0.000575607
2.5 -0.000594686
2.51 -0.000611531
2.52 -0.000626015
2.53 -0.000638013
2.54 -0.000647404
2.55 -0.000654068
2.56 -0.00065789
2.57 -0.00065879
2.58 -0.000656742
2.59 -0.00065178
2.6 -0.000643992
2.61 -0.000633503
2.62 -0.000620454
2.63 -0.000604983
2.64 -0.000587216
2.65 -0.00056726
2.66 -0.000545206
2.67 -0.000521136
2.68 -0.000495128
2.69 -0.000467273
2.7 -0.000437681
2.71 -0.000406464
2.72 -0.000373743
2.73 -0.000339638
2.74 -0.000304254
2.75 -0.000267675
2.76 -0.000229979
2.77 -0.000191242
2.78 -0.000151515
2.79 -0.000110807
2.8 -6.90953e-05
2.81 -2.63305e-05
2.82 1.75354e-05
2.83 6.25161e-05
2.84 0.000108585
2.85 0.000155677
2.86 0.000203689
2.87 0.000252479
2.88 0.000301845
2.89 0.000351541
2.9 0.000401293
2.91 0.000450815
2.92 0.000499805
2.93 0.000547953
2.94 0.000594956
2.95 0.000640522
2.96 0.000684381
2.97 0.00072631
2.98 0.00076615
2.99 0.000803793
3 0.000839165
3.01 0.000872222
3.02 0.000902925
3.03 0.000931223
3.04 0.000957047
3.05 0.000980301
3.06 0.00100086
3.07 0.00101855
3.08 0.00103317
3.09 0.00104451
3.1 0.00105238
3.11 0.0010566
3.12 0.0010571
3.13 0.00105385
3.14 0.0010469
3.15 0.00103633
3.16 0.00102226
3.17 0.00100482
3.18 0.000984163
3.19 0.000960461
3.2 0.000933863
3.21 0.000904516
3.22 0.000872603
3.23 0.000838345
3.24 0.00080201
3.25 0.000763901
3.26 0.000724341
3.27 0.000683691
3.28 0.000642368
3.29 0.000600802
3.3 0.000559411
3.31 0.000518615
3.32 0.000478837
3.33 0.000440455
3.34 0.000403755
3.35 0.000368903
3.36 0.000335936
3.37 0.000304766
3.38 0.000275196
3.39 0.000246928
3.4 0.000219568
3.41 0.000192652
3.42 0.000165674
3.43 0.000138126
3.44 0.000109517
3.45 7.93801e-05
3.46 4.72852e-05
3.47 1.28812e-05
3.48 -2.40573e-05
3.49 -6.36103e-05
3.5 -0.000105719
3.51 -0.000150202
3.52 -0.000196763
3.53 -0.000245009
3.54 -0.000294485
3.55 -0.000344724
3.56 -0.00039531
3.57 -0.000445882
3.58 -0.000496096
3.59 -0.000545611
3.6 -0.00059413
3.61 -0.00064142
3.62 -0.000687304
3.63 -0.000731661
3.64 -0.000774428
3.65 -0.000815601
3.66 -0.00085523
3.67 -0.000893442
3.68 -0.000930432
3.69 -0.000966442
3.7 -0.00100171
3.71 -0.00103647
3.72 -0.00107092
3.73 -0.00110528
3.74 -0.00113968
3.75 -0.00117422
3.76 -0.00120898
3.77 -0.00124401
3.78 -0.0012793
3.79 -0.0013148
3.8 -0.00135046
3.81 -0.00138613
3.82 -0.00142162
3.83 -0.00145672
3.84 -0.00149118
3.85 -0.00152475
3.86 -0.00155721
3.87 -0.00158842
3.88 -0.00161834
3.89 -0.00164704
3.9 -0.00167472
3.91 -0.00170169
3.92 -0.00172838
3.93 -0.00175529
3.94 -0.00178295
3.95 -0.00181191
3.96 -0.0018427
3.97 -0.00187577
3.98 -0.00191149
3.99 -0.00195005
4 -0.00199148
4.01 -0.00203569
4.02 -0.00208243
4.03 -0.00213134
4.04 -0.00218193
4.05 -0.0022336
4.06 -0.00228563
4.07 -0.00233718
4.08 -0.00238727
4.09 -0.00243481
4.1 -0.00247861
4.11 -0.00251749
4.12 -0.00255033
4.13 -0.00257617
4.14 -0.0025943
4.15 -0.00260423
4.16 -0.00260582
4.17 -0.00259926
4.18 -0.00258501
4.19 -0.00256379
4.2 -0.0025365
4.21 -0.00250418
4.22 -0.00246793
4.23 -0.00242883
4.24 -0.00238782
4.25 -0.00234575
4.26 -0.00230341
4.27 -0.0022615
4.28 -0.0022206
4.29 -0.00218115
4.3 -0.00214342
4.31 -0.00210757
4.32 -0.0020736
4.33 -0.00204143
4.34 -0.00201084
4.35 -0.00198146
4.36 -0.00195278
4.37 -0.00192416
4.38 -0.00189488
4.39 -0.00186414
4.4 -0.00183112
4.41 -0.00179495
4.42 -0.00175473
4.43 -0.00170959
4.44 -0.00165869
4.45 -0.00160126
4.46 -0.00153669
4.47 -0.0014646
4.48 -0.00138477
4.49 -0.00129718
4.5 -0.00120186
4.51 -0.00109888
4.52 -0.00098844
4.53 -0.000870831
4.54 -0.000746484
4.55 -0.00061593
4.56 -0.000479785
4.57 -0.000338749
4.58 -0.000193595
4.59 -4.51583e-05
4.6 0.000105686
4.61 0.000258058
4.62 0.000411125
4.63 0.000564115
4.64 0.000716307
4.65 0.000867056
4.66 0.00101581
4.67 0.00116216
4.68 0.00130586
4.69 0.00144678
4.7 0.00158489
4.71 0.00172015
4.72 0.00185252
4.73 0.00198195
4.74 0.00210835
4.75 0.00223157
4.76 0.00235137
4.77 0.00246747
4.78 0.00257953
4.79 0.00268727
4.8 0.00279035
4.81 0.00288841
4.82 0.00298104
4.83 0.00306785
4.84 0.00314845
4.85 0.00322242
4.86 0.00328933
4.87 0.00334878
4.88 0.00340046
4.89 0.00344408
4.9 0.0034794
4.91 0.00350624
4.92 0.00352449
4.93 0.0035341
4.94 0.00353506
4.95 0.0035274
4.96 0.00351117
4.97 0.00348649
4.98 0.00345356
4.99 0.00341264
5 0.00336406
5.01 0.00330817
5.02 0.00324525
5.03 0.00317552
5.04 0.00309905
5.05 0.00301584
5.06 0.00292574
5.07 0.00282848
5.08 0.00272371
5.09 0.002611
5.1 0.00248994
5.11 0.00236003
5.12 0.00222084
5.13 0.00207204
5.14 0.00191337
5.15 0.00174473
5.16 0.00156622
5.17 0.0013782
5.18 0.00118122
5.19 0.00097601
5.2 0.000763427
5.21 0.000544487
5.22 0.000320296
5.23 9.19759e-05
5.24 -0.000139378
5.25 -0.000372681
5.26 -0.000606804
5.27 -0.000840555
5.28 -0.0010727
5.29 -0.00130201
5.3 -0.0015273
5.31 -0.00174743
5.32 -0.00196135
5.33 -0.00216818
5.34 -0.00236729
5.35 -0.00255823
5.36 -0.00274082
5.37 -0.00291516
5.38 -0.00308164
5.39 -0.00324077
5.4 -0.00339316
5.41 -0.00353942
5.42 -0.00368016
5.43 -0.00381591
5.44 -0.00394705
5.45 -0.00407381
5.46 -0.00419628
5.47 -0.00431441
5.48 -0.00442813
5.49 -0.00453731
5.5 -0.00464176
5.51 -0.00474119
5.52 -0.00483525
5.53 -0.00492363
5.54 -0.00500598
5.55 -0.00508193
5.56 -0.0051511
5.57 -0.00521315
5.58 -0.00526785
5.59 -0.00531505
5.6 -0.00535465
5.61 -0.00538652
5.62 -0.00541054
5.63 -0.00542655
5.64 -0.00543439
5.65 -0.00543389
5.66 -0.00542493
5.67 -0.00540734
5.68 -0.00538094
5.69 -0.00534548
5.7 -0.00530066
5.71 -0.00524611
5.72 -0.00518139
5.73 -0.00510603
5.74 -0.00501955
5.75 -0.00492149
5.76 -0.0048114
5.77 -0.00468891
5.78 -0.00455381
5.79 -0.00440602
5.8 -0.00424569
5.81 -0.00407317
5.82 -0.00388907
5.83 -0.00369424
5.84 -0.00348977
5.85 -0.00327694
5.86 -0.00305714
5.87 -0.00283186
5.88 -0.00260262
5.89 -0.00237098
5.9 -0.00213845
5.91 -0.00190646
5.92 -0.0016763
5.93 -0.00144914
5.94 -0.00122597
5.95 -0.00100762
5.96 -0.000794664
5.97 -0.000587368
5.98 -0.000385694
5.99 -0.000189357
6 2.14742e-06
6.01 0.000189495
6.02 0.000373436
6.03 0.000554758
6.04 0.000734278
6.05 0.00091282
6.06 0.00109116
6.07 0.00126994
6.08 0.00144962
6.09 0.00163047
6.1 0.00181263
6.11 0.00199612
6.12 0.00218082
6.13 0.00236648
6.14 0.00255276
6.15 0.00273936
6.16 0.00292599
6.17 0.0031125
6.18 0.00329892
6.19 0.0034855
6.2 0.00367259
6.21 0.00386062
6.22 0.00405007
6.23 0.0042415
6.24 0.00443544
6.25 0.00463241
6.26 0.00483289
6.27 0.00503734
6.28 0.00524621
6.29 0.00545996
6.3 0.0056791
6.31 0.00590414
6.32 0.00613566
6.33 0.00637429
6.34 0.00662068
6.35 0.00687547
6.36 0.00713927
6.37 0.00741245
6.38 0.00769509
6.39 0.00798692
6.4 0.00828745
6.41 0.00859598
6.42 0.00891173
6.43 0.00923395
6.44 0.00956196
6.45 0.00989528
6.46 0.0102337
6.47 0.0105771
6.48 0.0109256
6.49 0.0112791
6.5 0.0116373
6.51 0.0119996
6.52 0.0123651
6.53 0.0127322
6.54 0.013099
6.55 0.0134634
6.56 0.0138225
6.57 0.0141732
6.58 0.0145126
6.59 0.0148372
6.6 0.0151441
6.61 0.0154306
6.62 0.0156944
6.63 0.0159337
6.64 0.0161467
6.65 0.0163324
6.66 0.0164896
6.67 0.0166171
6.68 0.0167139
6.69 0.0167789
6.7 0.0168111
6.71 0.0168096
6.72 0.0167735
6.73 0.0167021
6.74 0.0165948
6.75 0.0164509
6.76 0.0162704
6.77 0.0160532
6.78 0.0157996
6.79 0.0155098
6.8 0.0151846
6.81 0.0148248
6.82 0.014431
6.83 0.0140043
6.84 0.0135452
6.85 0.0130545
6.86 0.0125328
6.87 0.0119806
6.88 0.0113984
6.89 0.0107866
6.9 0.0101458
6.91 0.00947677
6.92 0.00878071
6.93 0.008059
6.94 0.00731345
6.95 0.00654617
6.96 0.00575953
6.97 0.00495598
6.98 0.00413788
6.99 0.00330736
7 0.00246626
7.01 0.00161608
7.02 0.000757964
7.03 -0.00010707
7.04 -0.000978031
7.05 -0.0018538
7.06 -0.00273297
7.07 -0.00361377
7.08 -0.00449405
7.09 -0.00537131
7.1 -0.00624279
7.11 -0.00710556
7.12 -0.00795665
7.13 -0.0087933
7.14 -0.00961315
7.15 -0.0104143
7.16 -0.0111953
7.17 -0.0119552
7.18 -0.0126932
7.19 -0.0134089
7.2 -0.0141017
7.21 -0.0147714
7.22 -0.0154173
7.23 -0.0160387
7.24 -0.0166344
7.25 -0.0172031
7.26 -0.0177433
7.27 -0.0182533
7.28 -0.0187317
7.29 -0.019177
7.3 -0.0195883
7.31 -0.0199649
7.32 -0.0203065
7.33 -0.0206132
7.34 -0.0208851
7.35 -0.0211228
7.36 -0.0213263
7.37 -0.0214958
7.38 -0.0216311
7.39 -0.0217317
7.4 -0.0217967
7.41 -0.0218253
7.42 -0.0218164
7.43 -0.0217692
7.44 -0.021683
7.45 -0.0215575
7.46 -0.021393
7.47 -0.02119
7.48 -0.0209495
7.49 -0.020673
7.5 -0.0203623
7.51 -0.0200198
7.52 -0.0196478
7.53 -0.0192491
7.54 -0.0188262
7.55 -0.0183818
7.56 -0.0179185
7.57 -0.0174387
7.58 -0.0169451
7.59 -0.0164403
7.6 -0.0159268
7.61 -0.0154074
7.62 -0.0148843
7.63 -0.0143595
7.64 -0.0138346
7.65 -0.0133106
7.66 -0.0127882
7.67 -0.0122673
7.68 -0.0117472
7.69 -0.0112269
7.7 -0.0107046
7.71 -0.0101783
7.72 -0.00964578
7.73 -0.00910535
7.74 -0.00855555
7.75 -0.00799551
7.76 -0.00742484
7.77 -0.00684357
7.78 -0.00625206
7.79 -0.00565096
7.8 -0.00504125
7.81 -0.00442418
7.82 -0.00380122
7.83 -0.00317407
7.84 -0.00254462
7.85 -0.00191494
7.86 -0.00128717
7.87 -0.000663498
7.88 -4.61142e-05
7.89 0.000562924
7.9 0.00116175
7.91 0.00174872
7.92 0.00232243
7.93 0.00288182
7.94 0.00342609
7.95 0.00395475
7.96 0.00446752
7.97 0.00496437
7.98 0.00544544
7.99 0.00591107
8 0.0063616
8.01 0.00679735
8.02 0.00721855
8.03 0.00762529
8.04 0.0080175
8.05 0.00839484
8.06 0.00875672
8.07 0.0091023
8.08 0.00943063
8.09 0.0097407
8.1 0.0100316
8.11 0.0103026
8.12 0.0105535
8.13 0.0107843
8.14 0.0109956
8.15 0.0111881
8.16 0.0113629
8.17 0.0115215
8.18 0.0116653
8.19 0.0117959
8.2 0.0119148
8.21 0.0120234
8.22 0.0121229
8.23 0.0122146
8.24 0.0122992
8.25 0.0123777
8.26 0.0124507
8.27 0.0125184
8.28 0.012581
8.29 0.0126385
8.3 0.0126903
8.31 0.0127355
8.32 0.0127728
8.33 0.0128003
8.34 0.0128155
8.35 0.0128155
8.36 0.0127976
8.37 0.0127587
8.38 0.0126963
8.39 0.0126081
8.4 0.0124925
8.41 0.0123486
8.42 0.0121761
8.43 0.0119751
8.44 0.0117461
8.45 0.0114903
8.46 0.011209
8.47 0.0109042
8.48 0.0105781
8.49 0.0102333
8.5 0.00987244
8.51 0.0094981
8.52 0.00911288
8.53 0.0087191
8.54 0.00831864
8.55 0.00791295
8.56 0.00750308
8.57 0.00708982
8.58 0.00667375
8.59 0.00625531
8.6 0.0058349
8.61 0.00541294
8.62 0.00498996
8.63 0.00456673
8.64 0.0041443
8.65 0.00372402
8.66 0.00330754
8.67 0.00289673
8.68 0.00249364
8.69 0.00210037
8.7 0.00171895
8.71 0.0013514
8.72 0.000999619
8.73 0.000665256
8.74 0.00034971
8.75 5.4123e-05
8.76 -0.000220685
8.77 -0.000474303
8.78 -0.00070672
8.79 -0.000918267
8.8 -0.00110961
8.81 -0.00128175
8.82 -0.00143594
8.83 -0.00157358
8.84 -0.00169602
8.85 -0.00180449
8.86 -0.00190007
8.87 -0.00198371
8.88 -0.00205626
8.89 -0.00211835
8.9 -0.00217034
8.91 -0.00221236
8.92 -0.00224434
8.93 -0.00226607
8.94 -0.00227731
8.95 -0.00227788
8.96 -0.00226768
8.97 -0.00224673
8.98 -0.00221513
8.99 -0.00217316
9 -0.0021213
9.01 -0.00206036
9.02 -0.0019914
9.03 -0.00191582
9.04 -0.00183523
9.05 -0.00175136
9.06 -0.00166589
9.07 -0.00158035
9.08 -0.0014961
9.09 -0.00141435
9.1 -0.00133614
9.11 -0.0012625
9.12 -0.00119442
9.13 -0.00113283
9.14 -0.00107865
9.15 -0.00103273
9.16 -0.00099579
9.17 -0.000968274
9.18 -0.000950238
9.19 -0.000941301
9.2 -0.00094061
9.21 -0.000946776
9.22 -0.000957859
9.23 -0.000971437
9.24 -0.000984764
9.25 -0.000995023
9.26 -0.000999575
9.27 -0.000996122
9.28 -0.000982823
9.29 -0.000958398
9.3 -0.000922072
9.31 -0.000873353
9.32 -0.000811895
9.33 -0.000737484
9.34 -0.000650017
9.35 -0.000549461
9.36 -0.000435852
9.37 -0.000309298
9.38 -0.000169966
9.39 -1.80821e-05
9.4 0.000145988
9.41 0.000321647
9.42 0.000508012
9.43 0.00070384
9.44 0.000907449
9.45 0.00111669
9.46 0.00132908
9.47 0.00154193
9.48 0.00175252
9.49 0.00195828
9.5 0.00215692
9.51 0.00234656
9.52 0.00252574
9.53 0.00269339
9.54 0.00284873
9.55 0.00299113
9.56 0.00311998
9.57 0.00323459
9.58 0.00333412
9.59 0.00341747
9.6 0.00348336
9.61 0.00353047
9.62 0.00355749
9.63 0.00356332
9.64 0.00354715
9.65 0.00350856
9.66 0.00344753
9.67 0.00336443
9.68 0.00325997
9.69 0.00313522
9.7 0.00299143
9.71 0.00282995
9.72 0.0026521
9.73 0.0024591
9.74 0.00225202
9.75 0.00203168
9.76 0.00179864
9.77 0.00155321
9.78 0.00129553
9.79 0.00102554
9.8 0.000742998
9.81 0.000447466
9.82 0.00013836
9.83 -0.000185021
9.84 -0.000523484
9.85 -0.000877913
9.86 -0.00124918
9.87 -0.00163804
9.88 -0.00204504
9.89 -0.00247057
9.9 -0.0029148
9.91 -0.00337759
9.92 -0.00385846
9.93 -0.0043566
9.94 -0.00487087
9.95 -0.00539982
9.96 -0.00594179
9.97 -0.00649506
9.98 -0.00705801
9.99 -0.0076292
10 -0.00820739
10.01 -0.00879151
10.02 -0.00938076
10.03 -0.00997457
10.04 -0.0105725
10.05 -0.0111741
10.06 -0.0117788
10.07 -0.0123858
10.08 -0.012994
10.09 -0.0136022
10.1 -0.0142092
10.11 -0.0148134
10.12 -0.0154134
10.13 -0.0160077
10.14 -0.0165952
10.15 -0.0171748
10.16 -0.0177457
10.17 -0.0183069
10.18 -0.0188577
10.19 -0.0193971
10.2 -0.0199242
10.21 -0.0204375
10.22 -0.0209359
10.23 -0.021418
10.24 -0.0218824
10.25 -0.0223278
10.26 -0.022753
10.27 -0.0231569
10.28 -0.0235384
10.29 -0.0238966
10.3 -0.0242308
10.31 -0.0245401
10.32 -0.0248238
10.33 -0.025081
10.34 -0.0253108
10.35 -0.0255125
10.36 -0.0256854
10.37 -0.0258287
10.38 -0.0259419
10.39 -0.0260244
10.4 -0.0260755
10.41 -0.0260948
10.42 -0.0260815
10.43 -0.0260348
10.44 -0.0259537
10.45 -0.025837
10.46 -0.0256836
10.47 -0.0254921
10.48 -0.0252615
10.49 -0.0249908
10.5 -0.0246796
10.51 -0.0243276
10.52 -0.0239352
10.53 -0.023503
10.54 -0.0230319
10.55 -0.0225229
10.56 -0.0219775
10.57 -0.0213969
10.58 -0.0207826
10.59 -0.0201361
10.6 -0.0194591
10.61 -0.0187531
10.62 -0.0180199
10.63 -0.0172613
10.64 -0.0164795
10.65 -0.0156765
10.66 -0.0148545
10.67 -0.0140161
10.68 -0.0131635
10.69 -0.0122991
10.7 -0.0114251
10.71 -0.0105435
10.72 -0.00965609
10.73 -0.00876464
10.74 -0.00787071
10.75 -0.00697581
10.76 -0.0060814
10.77 -0.00518883
10.78 -0.00429935
10.79 -0.00341408
10.8 -0.00253408
10.81 -0.00166034
10.82 -0.000793798
10.83 6.47105e-05
10.84 0.000914396
10.85 0.00175449
10.86 0.00258418
10.87 0.00340256
10.88 0.00420864
10.89 0.00500141
10.9 0.00577981
10.91 0.00654278
10.92 0.00728933
10.93 0.00801867
10.94 0.00873026
10.95 0.00942382
10.96 0.0100993
10.97 0.010757
10.98 0.0113973
10.99 0.0120205
11 0.0126272
11.01 0.0132176
11.02 0.0137919
11.03 0.0143502
11.04 0.0148925
11.05 0.0154185
11.06 0.0159277
11.07 0.0164199
11.08 0.0168946
11.09 0.0173512
11.1 0.0177893
11.11 0.0182083
11.12 0.0186078
11.13 0.0189878
11.14 0.0193479
11.15 0.019688
11.16 0.0200081
11.17 0.0203082
11.18 0.0205887
11.19 0.0208502
11.2 0.0210935
11.21 0.0213196
11.22 0.0215299
11.23 0.0217256
11.24 0.021908
11.25 0.022078
11.26 0.0222363
11.27 0.0223828
11.28 0.0225172
11.29 0.0226391
11.3 0.0227476
11.31 0.0228422
11.32 0.022922
11.33 0.0229865
11.34 0.0230353
11.35 0.0230683
11.36 0.0230859
11.37 0.0230887
11.38 0.0230778
11.39 0.0230538
11.4 0.0230177
11.41 0.0229704
11.42 0.0229123
11.43 0.0228438
11.44 0.022765
11.45 0.0226759
11.46 0.0225762
11.47 0.0224658
11.48 0.0223447
11.49 0.0222132
11.5 0.022072
11.51 0.0219221
11.52 0.0217649
11.53 0.021602
11.54 0.0214352
11.55 0.0212663
11.56 0.0210968
11.57 0.0209281
11.58 0.0207612
11.59 0.0205971
11.6 0.0204363
11.61 0.0202796
11.62 0.0201276
11.63 0.019981
11.64 0.0198405
11.65 0.0197068
11.66 0.0195805
11.67 0.0194623
11.68 0.0193526
11.69 0.0192519
11.7 0.0191606
11.71 0.0190785
11.72 0.0190055
11.73 0.018941
11.74 0.0188841
11.75 0.0188335
11.76 0.0187875
11.77 0.0187441
11.78 0.0187007
11.79 0.018654
11.8 0.0186008
11.81 0.018538
11.82 0.0184625
11.83 0.0183718
11.84 0.0182635
11.85 0.0181358
11.86 0.017987
11.87 0.0178159
11.88 0.0176209
11.89 0.0174011
11.9 0.0171552
11.91 0.0168824
11.92 0.0165819
11.93 0.0162531
11.94 0.0158956
11.95 0.0155089
11.96 0.0150928
11.97 0.0146471
11.98 0.014172
11.99 0.0136676
12 0.0131345
12.01 0.0125736
12.02 0.0119859
12.03 0.0113728
12.04 0.010736
12.05 0.0100774
12.06 0.00939932
12.07 0.00870392
12.08 0.00799345
12.09 0.00726993
12.1 0.00653512
12.11 0.00579054
12.12 0.00503744
12.13 0.00427677
12.14 0.00350911
12.15 0.0027347
12.16 0.00195354
12.17 0.00116547
12.18 0.000370273
12.19 -0.000432241
12.2 -0.0012423
12.21 -0.00206009
12.22 -0.00288563
12.23 -0.0037188
12.24 -0.00455945
12.25 -0.00540734
12.26 -0.00626205
12.27 -0.00712297
12.28 -0.00798933
12.29 -0.00886023
12.3 -0.00973457
12.31 -0.0106111
12.32 -0.0114885
12.33 -0.0123648
12.34 -0.0132383
12.35 -0.0141066
12.36 -0.0149674
12.37 -0.0158183
12.38 -0.0166564
12.39 -0.0174787
12.4 -0.0182823
12.41 -0.0190641
12.42 -0.0198211
12.43 -0.0205504
12.44 -0.0212495
12.45 -0.0219157
12.46 -0.0225466
12.47 -0.0231398
12.48 -0.0236927
12.49 -0.0242025
12.5 -0.0246658
12.51 -0.025079
12.52 -0.0254381
12.53 -0.0257389
12.54 -0.0259773
12.55 -0.0261491
12.56 -0.0262508
12.57 -0.026279
12.58 -0.0262311
12.59 -0.0261045
12.6 -0.0258969
12.61 -0.0256062
12.62 -0.0252306
12.63 -0.0247688
12.64 -0.0242199
12.65 -0.0235834
12.66 -0.0228593
12.67 -0.0220481
12.68 -0.0211507
12.69 -0.0201688
12.7 -0.0191047
12.71 -0.017961
12.72 -0.016741
12.73 -0.0154479
12.74 -0.0140854
12.75 -0.0126572
12.76 -0.0111672
12.77 -0.00961914
12.78 -0.0080169
12.79 -0.0063643
12.8 -0.00466522
12.81 -0.00292361
12.82 -0.00114359
12.83 0.000670545
12.84 0.00251441
12.85 0.00438358
12.86 0.00627366
12.87 0.00818038
12.88 0.0100996
12.89 0.0120276
12.9 0.0139607
12.91 0.0158957
12.92 0.0178291
12.93 0.0197576
12.94 0.0216779
12.95 0.0235866
12.96 0.02548
12.97 0.0273546
12.98 0.0292075
12.99 0.0310376
13 0.0328445
13.01 0.0346278
13.02 0.0363872
13.03 0.0381228
13.04 0.0398347
13.05 0.0415231
13.06 0.0431881
13.07 0.0448297
13.08 0.0464478
13.09 0.048042
13.1 0.0496115
13.11 0.0511552
13.12 0.0526721
13.13 0.0541609
13.14 0.0556204
13.15 0.0570496
13.16 0.0584475
13.17 0.0598137
13.18 0.0611477
13.19 0.0624494
13.2 0.0637187
13.21 0.0649556
13.22 0.0661602
13.23 0.0673323
13.24 0.0684719
13.25 0.0695788
13.26 0.0706529
13.27 0.0716938
13.28 0.0727012
13.29 0.0736744
13.3 0.0746128
13.31 0.0755157
13.32 0.076382
13.33 0.0772106
13.34 0.0780001
13.35 0.0787491
13.36 0.0794563
13.37 0.0801205
13.38 0.0807405
13.39 0.0813156
13.4 0.0818448
13.41 0.0823278
13.42 0.0827641
13.43 0.0831537
13.44 0.0834967
13.45 0.0837937
13.46 0.0840451
13.47 0.084252
13.48 0.0844153
13.49 0.0845363
13.5 0.0846161
13.51 0.0846562
13.52 0.084658
13.53 0.084623
13.54 0.0845528
13.55 0.0844493
13.56 0.0843144
13.57 0.0841502
13.58 0.0839586
13.59 0.0837415
13.6 0.0835004
13.61 0.0832368
13.62 0.0829523
13.63 0.0826482
13.64 0.0823261
13.65 0.0819874
13.66 0.0816335
13.67 0.081266
13.68 0.0808865
13.69 0.0804961
13.7 0.0800962
13.71 0.0796878
13.72 0.0792718
13.73 0.0788488
13.74 0.0784193
13.75 0.0779837
13.76 0.0775417
13.77 0.077093
13.78 0.0766367
13.79 0.0761717
13.8 0.0756963
13.81 0.0752084
13.82 0.0747054
13.83 0.0741849
13.84 0.0736443
13.85 0.0730821
13.86 0.0724975
13.87 0.07189
13.88 0.0712598
13.89 0.0706067
13.9 0.0699307
13.91 0.069232
13.92 0.0685107
13.93 0.0677668
13.94 0.0670005
13.95 0.066212
13.96 0.0654014
13.97 0.0645692
13.98 0.0637155
13.99 0.062841
14 0.0619458
14.01 0.0610303
14.02 0.0600948
14.03 0.0591399
14.04 0.0581658
14.05 0.0571733
14.06 0.0561628
14.07 0.055135
14.08 0.0540901
14.09 0.0530284
14.1 0.0519499
14.11 0.0508544
14.12 0.0497412
14.13 0.0486096
14.14 0.0474584
14.15 0.0462863
14.16 0.0450915
14.17 0.0438722
14.18 0.0426268
14.19 0.0413536
14.2 0.0400509
14.21 0.0387175
14.22 0.0373519
14.23 0.0359526
14.24 0.0345183
14.25 0.0330476
14.26 0.0315388
14.27 0.0299906
14.28 0.0284008
14.29 0.0267662
14.3 0.0250831
14.31 0.0233483
14.32 0.0215588
14.33 0.0197122
14.34 0.0178065
14.35 0.0158396
14.36 0.0138096
14.37 0.0117142
14.38 0.00955099
14.39 0.00731742
14.4 0.0050108
14.41 0.00262839
14.42 0.000167492
14.43 -0.00237446
14.44 -0.00499978
14.45 -0.00771034
14.46 -0.0105074
14.47 -0.013392
14.48 -0.0163643
14.49 -0.0194249
14.5 -0.0225738
14.51 -0.0258111
14.52 -0.029137
14.53 -0.0325519
14.54 -0.0360563
14.55 -0.0396506
14.56 -0.0433356
14.57 -0.0471118
14.58 -0.0509799
14.59 -0.0549405
14.6 -0.0589942
14.61 -0.0631412
14.62 -0.0673811
14.63 -0.0717133
14.64 -0.076136
14.65 -0.0806469
14.66 -0.0852425
14.67 -0.089919
14.68 -0.0946721
14.69 -0.0994974
14.7 -0.104391
14.71 -0.10935
14.72 -0.11437
14.73 -0.119446
14.74 -0.124573
14.75 -0.129746
14.76 -0.134956
14.77 -0.140197
14.78 -0.145462
14.79 -0.150744
14.8 -0.156037
14.81 -0.161333
14.82 -0.166626
14.83 -0.171908
14.84 -0.177174
14.85 -0.182417
14.86 -0.18763
14.87 -0.192807
14.88 -0.197941
14.89 -0.203026
14.9 -0.208055
14.91 -0.213022
14.92 -0.217919
14.93 -0.22274
14.94 -0.227478
14.95 -0.232125
14.96 -0.236676
14.97 -0.241123
14.98 -0.24546
14.99 -0.249683
15 -0.253788
15.01 -0.257772
15.02 -0.261636
15.03 -0.265379
15.04 -0.269004
15.05 -0.272512
15.06 -0.275907
15.07 -0.279194
15.08 -0.282376
15.09 -0.285458
15.1 -0.288445
15.11 -0.291341
15.12 -0.294151
15.13 -0.29688
15.14 -0.299533
15.15 -0.302114
15.16 -0.304627
15.17 -0.307078
15.18 -0.309468
15.19 -0.311802
15.2 -0.314082
15.21 -0.31631
15.22 -0.31849
15.23 -0.320623
15.24 -0.322713
15.25 -0.324763
15.26 -0.326778
15.27 -0.328761
15.28 -0.330717
15.29 -0.332651
15.3 -0.334567
15.31 -0.336468
15.32 -0.338359
15.33 -0.340242
15.34 -0.342119
15.35 -0.343992
15.36 -0.345863
15.37 -0.347736
15.38 -0.349612
15.39 -0.351495
15.4 -0.353386
15.41 -0.355288
15.42 -0.357202
15.43 -0.35913
15.44 -0.361072
15.45 -0.363028
15.46 -0.364998
15.47 -0.366981
15.48 -0.368976
15.49 -0.37098
15.5 -0.372991
15.51 -0.375003
15.52 -0.377011
15.53 -0.379011
15.54 -0.380997
15.55 -0.382964
15.56 -0.384906
15.57 -0.386818
15.58 -0.388695
15.59 -0.390531
15.6 -0.392322
15.61 -0.39406
15.62 -0.395743
15.63 -0.397363
15.64 -0.398917
15.65 -0.400397
15.66 -0.4018
15.67 -0.40312
15.68 -0.404351
15.69 -0.405488
15.7 -0.406526
15.71 -0.40746
15.72 -0.408285
15.73 -0.408996
15.74 -0.409587
15.75 -0.410054
15.76 -0.410391
15.77 -0.410592
15.78 -0.410653
15.79 -0.410569
15.8 -0.410334
15.81 -0.409945
15.82 -0.409397
15.83 -0.408687
15.84 -0.407814
15.85 -0.406774
15.86 -0.405568
15.87 -0.404195
15.88 -0.402653
15.89 -0.400944
15.9 -0.399068
15.91 -0.397027
15.92 -0.394822
15.93 -0.392455
15.94 -0.38993
15.95 -0.387247
15.96 -0.384411
15.97 -0.381425
15.98 -0.378295
15.99 -0.375024
16 -0.371619
16.01 -0.368087
16.02 -0.364436
16.03 -0.360673
16.04 -0.356809
16.05 -0.352854
16.06 -0.348814
16.07 -0.344695
16.08 -0.340502
16.09 -0.33624
16.1 -0.331915
16.11 -0.327531
16.12 -0.323093
16.13 -0.318606
16.14 -0.314076
16.15 -0.309507
16.16 -0.304906
16.17 -0.300276
16.18 -0.295624
16.19 -0.290955
16.2 -0.286275
16.21 -0.281589
16.22 -0.276901
16.23 -0.272217
16.24 -0.26754
16.25 -0.262872
16.26 -0.258218
16.27 -0.253577
16.28 -0.248951
16.29 -0.24434
16.3 -0.239745
16.31 -0.235166
16.32 -0.230604
16.33 -0.226058
16.34 -0.221528
16.35 -0.217014
16.36 -0.212516
16.37 -0.208033
16.38 -0.203566
16.39 -0.199113
16.4 -0.194674
16.41 -0.190248
16.42 -0.185835
16.43 -0.181435
16.44 -0.177046
16.45 -0.172669
16.46 -0.168303
16.47 -0.163948
16.48 -0.159604
16.49 -0.15527
16.5 -0.150945
16.51 -0.146631
16.52 -0.142326
16.53 -0.138031
16.54 -0.133744
16.55 -0.129467
16.56 -0.125198
16.57 -0.120937
16.58 -0.116686
16.59 -0.112443
16.6 -0.10821
16.61 -0.103986
16.62 -0.0997733
16.63 -0.0955727
16.64 -0.0913857
16.65 -0.0872143
16.66 -0.0830607
16.67 -0.0789276
16.68 -0.0748181
16.69 -0.0707355
16.7 -0.0666836
16.71 -0.0626659
16.72 -0.0586859
16.73 -0.0547464
16.74 -0.0508499
16.75 -0.0469981
16.76 -0.0431925
16.77 -0.0394344
16.78 -0.0357248
16.79 -0.0320645
16.8 -0.0284541
16.81 -0.0248937
16.82 -0.0213838
16.83 -0.0179243
16.84 -0.0145154
16.85 -0.011157
16.86 -0.00784901
16.87 -0.00459158
16.88 -0.00138494
16.89 0.00177051
16.9 0.00487417
16.91 0.0079253
16.92 0.0109231
16.93 0.0138667
16.94 0.0167553
16.95 0.0195885
16.96 0.0223655
16.97 0.0250859
16.98 0.0277493
16.99 0.0303555
17 0.0329042
17.01 0.0353954
17.02 0.0378289
17.03 0.0402047
17.04 0.0425224
17.05 0.0447819
17.06 0.0469828
17.07 0.049125
17.08 0.0512084
17.09 0.0532328
17.1 0.0551981
17.11 0.0571041
17.12 0.0589505
17.13 0.0607372
17.14 0.0624641
17.15 0.0641309
17.16 0.0657377
17.17 0.0672842
17.18 0.0687702
17.19 0.0701957
17.2 0.0715604
17.21 0.0728645
17.22 0.0741078
17.23 0.0752903
17.24 0.0764119
17.25 0.0774726
17.26 0.0784721
17.27 0.0794101
17.28 0.0802862
17.29 0.0810999
17.3 0.0818507
17.31 0.0825379
17.32 0.083161
17.33 0.0837195
17.34 0.0842127
17.35 0.0846398
17.36 0.0849998
17.37 0.0852913
17.38 0.0855126
17.39 0.0856615
17.4 0.0857353
17.41 0.0857312
17.42 0.0856455
17.43 0.0854748
17.44 0.0852158
17.45 0.0848659
17.46 0.0844229
17.47 0.0838856
17.48 0.0832531
17.49 0.0825254
17.5 0.0817027
17.51 0.0807852
17.52 0.0797735
17.53 0.0786679
17.54 0.0774693
17.55 0.0761784
17.56 0.0747966
17.57 0.0733253
17.58 0.0717665
17.59 0.0701227
17.6 0.0683968
17.61 0.0665922
17.62 0.064713
17.63 0.0627638
17.64 0.0607497
17.65 0.0586764
17.66 0.0565497
17.67 0.0543759
17.68 0.0521616
17.69 0.0499136
17.7 0.0476385
17.71 0.0453432
17.72 0.0430337
17.73 0.0407162
17.74 0.0383961
17.75 0.0360792
17.76 0.0337711
17.77 0.0314777
17.78 0.0292055
17.79 0.0269593
17.8 0.0247416
17.81 0.0225548
17.82 0.0204026
17.83 0.0182884
17.84 0.0162155
17.85 0.0141872
17.86 0.0122069
17.87 0.0102778
17.88 0.00840273
17.89 0.00658426
17.9 0.00482446
17.91 0.00312489
17.92 0.00148656
17.93 -8.98293e-05
17.94 -0.00160377
17.95 -0.0030549
17.96 -0.00444304
17.97 -0.00576822
17.98 -0.00703057
17.99 -0.00823036
18 -0.00936792
18.01 -0.0104436
18.02 -0.0114577
18.03 -0.0124107
18.04 -0.0133029
18.05 -0.0141345
18.06 -0.0149056
18.07 -0.0156164
18.08 -0.0162671
18.09 -0.0168579
18.1 -0.0173891
18.11 -0.0178608
18.12 -0.0182736
18.13 -0.0186275
18.14 -0.0189228
18.15 -0.0191595
18.16 -0.0193374
18.17 -0.0194563
18.18 -0.0195155
18.19 -0.0195146
18.2 -0.0194527
18.21 -0.0193289
18.22 -0.0191425
18.23 -0.0188929
18.24 -0.0185797
18.25 -0.0182027
18.26 -0.0177619
18.27 -0.0172575
18.28 -0.0166899
18.29 -0.0160592
18.3 -0.015366
18.31 -0.0146106
18.32 -0.0137936
18.33 -0.0129154
18.34 -0.0119769
18.35 -0.0109788
18.36 -0.00992233
18.37 -0.00880887
18.38 -0.00764001
18.39 -0.00641741
18.4 -0.00514279
18.41 -0.00381783
18.42 -0.00244415
18.43 -0.00102323
18.44 0.000443638
18.45 0.00195532
18.46 0.00351085
18.47 0.0051094
18.48 0.0067502
18.49 0.00843248
18.5 0.0101554
18.51 0.0119178
18.52 0.0137184
18.53 0.0155555
18.54 0.0174273
18.55 0.0193316
18.56 0.0212658
18.57 0.0232273
18.58 0.0252133
18.59 0.0272208
18.6 0.029247
18.61 0.0312889
18.62 0.0333437
18.63 0.0354086
18.64 0.0374817
18.65 0.0395633
18.66 0.041654
18.67 0.0437541
18.68 0.0458633
18.69 0.0479809
18.7 0.0501049
18.71 0.052233
18.72 0.0543615
18.73 0.0564864
18.74 0.0586031
18.75 0.060707
18.76 0.0627937
18.77 0.0648588
18.78 0.066898
18.79 0.0689069
18.8 0.0708813
18.81 0.0728167
18.82 0.0747087
18.83 0.0765527
18.84 0.0783442
18.85 0.0800785
18.86 0.0817509
18.87 0.0833567
18.88 0.0848913
18.89 0.0863502
18.9 0.0877291
18.91 0.0890244
18.92 0.090233
18.93 0.0913522
18.94 0.0923802
18.95 0.0933156
18.96 0.0941567
18.97 0.0949023
18.98 0.0955509
18.99 0.0961006
19 0.0965495
19.01 0.0968951
19.02 0.0971348
19.03 0.0972656
19.04 0.0972844
19.05 0.0971883
19.06 0.0969749
19.07 0.0966423
19.08 0.0961891
19.09 0.0956147
19.1 0.0949187
19.11 0.094101
19.12 0.0931619
19.13 0.0921011
19.14 0.0909187
19.15 0.0896149
19.16 0.0881902
19.17 0.0866458
19.18 0.0849836
19.19 0.0832066
19.2 0.0813189
19.21 0.0793253
19.22 0.0772317
19.23 0.0750443
19.24 0.0727699
19.25 0.0704154
19.26 0.067987
19.27 0.0654906
19.28 0.0629313
19.29 0.0603142
19.3 0.0576445
19.31 0.0549278
19.32 0.0521701
19.33 0.0493776
19.34 0.0465572
19.35 0.0437162
19.36 0.0408624
19.37 0.0380019
19.38 0.0351373
19.39 0.0322711
19.4 0.0294063
19.41 0.0265459
19.42 0.023693
19.43 0.0208507
19.44 0.018022
19.45 0.0152099
19.46 0.0124176
19.47 0.00964792
19.48 0.00690386
19.49 0.00418833
19.5 0.00150403
19.51 -0.00114651
19.52 -0.00376099
19.53 -0.00633723
19.54 -0.0088733
19.55 -0.0113677
19.56 -0.0138196
19.57 -0.0162284
19.58 -0.0185938
19.59 -0.0209156
19.6 -0.0231938
19.61 -0.0254284
19.62 -0.0276198
19.63 -0.029768
19.64 -0.0318736
19.65 -0.0339367
19.66 -0.0359578
19.67 -0.0379374
19.68 -0.039876
19.69 -0.0417744
19.7 -0.0436332
19.71 -0.0454535
19.72 -0.0472363
19.73 -0.0489825
19.74 -0.0506931
19.75 -0.0523691
19.76 -0.054011
19.77 -0.0556191
19.78 -0.0571936
19.79 -0.0587345
19.8 -0.060242
19.81 -0.0617161
19.82 -0.0631569
19.83 -0.0645647
19.84 -0.0659399
19.85 -0.0672829
19.86 -0.0685946
19.87 -0.0698758
19.88 -0.0711275
19.89 -0.0723507
19.9 -0.0735462
19.91 -0.0747149
19.92 -0.0758572
19.93 -0.0769736
19.94 -0.0780644
19.95 -0.0791298
19.96 -0.0801703
19.97 -0.0811864
19.98 -0.0821789
19.99 -0.0831489
20 -0.0840974
20.01 -0.0850258
20.02 -0.0859353
20.03 -0.0868273
20.04 -0.0877023
20.05 -0.0885609
20.06 -0.0894026
20.07 -0.0902269
20.08 -0.0910327
20.09 -0.0918184
20.1 -0.0925818
20.11 -0.0933205
20.12 -0.0940321
20.13 -0.0947142
20.14 -0.0953642
20.15 -0.09598
20.16 -0.0965592
20.17 -0.0970996
20.18 -0.0975993
20.19 -0.0980566
20.2 -0.0984701
20.21 -0.0988386
20.22 -0.0991613
20.23 -0.0994374
20.24 -0.0996659
20.25 -0.099846
20.26 -0.0999768
20.27 -0.100058
20.28 -0.100089
20.29 -0.100069
20.3 -0.099999
20.31 -0.099879
20.32 -0.0997095
20.33 -0.0994913
20.34 -0.0992255
20.35 -0.098913
20.36 -0.098555
20.37 -0.0981523
20.38 -0.0977056
20.39 -0.0972152
20.4 -0.0966811
20.41 -0.0961031
20.42 -0.0954806
20.43 -0.0948129
20.44 -0.0940992
20.45 -0.093339
20.46 -0.0925316
20.47 -0.0916766
20.48 -0.0907737
20.49 -0.0898225
20.5 -0.0888226
20.51 -0.0877739
20.52 -0.086676
20.53 -0.0855287
20.54 -0.084332
20.55 -0.0830859
20.56 -0.0817904
20.57 -0.0804458
20.58 -0.079053
20.59 -0.0776131
20.6 -0.076128
20.61 -0.0746001
20.62 -0.0730322
20.63 -0.0714274
20.64 -0.0697889
20.65 -0.06812
20.66 -0.0664242
20.67 -0.0647047
20.68 -0.0629649
20.69 -0.0612081
20.7 -0.0594374
20.71 -0.057656
20.72 -0.0558667
20.73 -0.0540725
20.74 -0.0522763
20.75 -0.0504811
20.76 -0.0486897
20.77 -0.0469051
20.78 -0.04513
20.79 -0.0433659
20.8 -0.0416121
20.81 -0.0398672
20.82 -0.0381295
20.83 -0.0363968
20.84 -0.0346668
20.85 -0.0329372
20.86 -0.0312059
20.87 -0.0294711
20.88 -0.0277313
20.89 -0.0259853
20.9 -0.0242323
20.91 -0.0224718
20.92 -0.0207031
20.93 -0.0189258
20.94 -0.0171395
20.95 -0.0153437
20.96 -0.0135384
20.97 -0.0117234
20.98 -0.0098993
20.99 -0.00806665
21 -0.00622657
21.01 -0.00438053
21.02 -0.00253044
21.03 -0.000678575
21.04 0.00117254
21.05 0.00302034
21.06 0.00486235
21.07 0.00669613
21.08 0.00851927
21.09 0.0103293
21.1 0.0121239
21.11 0.0139007
21.12 0.015658
21.13 0.017394
21.14 0.0191077
21.15 0.0207979
21.16 0.0224639
21.17 0.0241046
21.18 0.0257194
21.19 0.0273075
21.2 0.0288681
21.21 0.0304003
21.22 0.0319034
21.23 0.0333766
21.24 0.0348192
21.25 0.0362305
21.26 0.0376101
21.27 0.0389578
21.28 0.0402734
21.29 0.0415572
21.3 0.0428094
21.31 0.0440306
21.32 0.0452211
21.33 0.0463812
21.34 0.0475109
21.35 0.0486102
21.36 0.0496788
21.37 0.0507162
21.38 0.0517216
21.39 0.0526939
21.4 0.0536319
21.41 0.0545341
21.42 0.0553989
21.43 0.0562244
21.44 0.0570092
21.45 0.0577514
21.46 0.0584497
21.47 0.0591028
21.48 0.0597095
21.49 0.0602687
21.5 0.0607793
21.51 0.0612401
21.52 0.0616499
21.53 0.0620077
21.54 0.0623126
21.55 0.0625635
21.56 0.0627594
21.57 0.0628992
21.58 0.0629818
21.59 0.0630057
21.6 0.0629694
21.61 0.0628714
21.62 0.0627101
21.63 0.0624847
21.64 0.0621942
21.65 0.0618385
21.66 0.0614177
21.67 0.0609324
21.68 0.0603834
21.69 0.0597719
21.7 0.059099
21.71 0.0583661
21.72 0.0575745
21.73 0.0567257
21.74 0.0558217
21.75 0.0548643
21.76 0.0538559
21.77 0.0527993
21.78 0.0516974
21.79 0.0505534
21.8 0.0493704
21.81 0.0481519
21.82 0.0469006
21.83 0.0456195
21.84 0.0443111
21.85 0.0429775
21.86 0.041621
21.87 0.0402434
21.88 0.0388464
21.89 0.0374317
21.9 0.0360008
21.91 0.0345554
21.92 0.0330972
21.93 0.0316282
21.94 0.0301506
21.95 0.0286666
21.96 0.0271787
21.97 0.025689
21.98 0.0241994
21.99 0.0227116
22 0.0212267
22.01 0.0197455
22.02 0.0182685
22.03 0.0167959
22.04 0.0153281
22.05 0.0138658
22.06 0.0124104
22.07 0.0109637
22.08 0.00952827
22.09 0.00810699
22.1 0.00670202
22.11 0.00531437
22.12 0.0039447
22.13 0.00259393
22.14 0.00126294
22.15 -4.75073e-05
22.16 -0.00133683
22.17 -0.00260459
22.18 -0.00385052
22.19 -0.00507443
22.2 -0.00627613
22.21 -0.00745534
22.22 -0.00861159
22.23 -0.00974423
22.24 -0.0108524
22.25 -0.0119352
22.26 -0.0129916
22.27 -0.0140207
22.28 -0.0150214
22.29 -0.015993
22.3 -0.0169351
22.31 -0.0178473
22.32 -0.01873
22.33 -0.0195836
22.34 -0.020409
22.35 -0.021207
22.36 -0.0219786
22.37 -0.0227247
22.38 -0.0234463
22.39 -0.0241441
22.4 -0.0248187
22.41 -0.0254705
22.42 -0.0260998
22.43 -0.0267066
22.44 -0.0272909
22.45 -0.0278525
22.46 -0.028391
22.47 -0.0289058
22.48 -0.0293961
22.49 -0.0298606
22.5 -0.0302981
22.51 -0.030707
22.52 -0.0310853
22.53 -0.0314311
22.54 -0.031742
22.55 -0.032016
22.56 -0.0322508
22.57 -0.032444
22.58 -0.0325932
22.59 -0.032696
22.6 -0.0327502
22.61 -0.0327531
22.62 -0.0327026
22.63 -0.0325965
22.64 -0.0324328
22.65 -0.0322102
22.66 -0.0319274
22.67 -0.0315836
22.68 -0.0311786
22.69 -0.0307125
22.7 -0.0301854
22.71 -0.0295975
22.72 -0.0289489
22.73 -0.0282399
22.74 -0.0274707
22.75 -0.0266415
22.76 -0.0257529
22.77 -0.0248054
22.78 -0.0238
22.79 -0.0227376
22.8 -0.0216197
22.81 -0.0204473
22.82 -0.0192221
22.83 -0.0179456
22.84 -0.0166194
22.85 -0.0152454
22.86 -0.0138256
22.87 -0.0123622
22.88 -0.0108573
22.89 -0.00931355
22.9 -0.00773356
22.91 -0.00612031
22.92 -0.00447699
22.93 -0.00280703
22.94 -0.0011141
22.95 0.000597946
22.96 0.00232504
22.97 0.00406294
22.98 0.0058074
22.99 0.0075544
23 0.00930032
23.01 0.011042
23.02 0.0127767
23.03 0.0145018
23.04 0.016215
23.05 0.0179143
23.06 0.0195976
23.07 0.021263
23.08 0.022908
23.09 0.0245312
23.1 0.0261329
23.11 0.0277136
23.12 0.0292729
23.13 0.0308108
23.14 0.0323271
23.15 0.0338216
23.16 0.0352944
23.17 0.0367453
23.18 0.0381744
23.19 0.0395818
23.2 0.0409675
23.21 0.0423319
23.22 0.0436752
23.23 0.0449975
23.24 0.0462989
23.25 0.0475797
23.26 0.0488399
23.27 0.0500797
23.28 0.0512993
23.29 0.052499
23.3 0.0536792
23.31 0.0548404
23.32 0.0559832
23.33 0.0571081
23.34 0.0582157
23.35 0.0593062
23.36 0.0603801
23.37 0.0614375
23.38 0.0624783
23.39 0.0635024
23.4 0.0645094
23.41 0.0654986
23.42 0.066469
23.43 0.0674196
23.44 0.068349
23.45 0.0692558
23.46 0.0701384
23.47 0.0709953
23.48 0.0718254
23.49 0.0726277
23.5 0.0734014
23.51 0.074146
23.52 0.074861
23.53 0.0755461
23.54 0.0762008
23.55 0.0768249
23.56 0.077418
23.57 0.0779801
23.58 0.078511
23.59 0.0790107
23.6 0.0794794
23.61 0.0799171
23.62 0.0803241
23.63 0.0807006
23.64 0.0810471
23.65 0.0813639
23.66 0.0816517
23.67 0.0819109
23.68 0.0821418
23.69 0.0823448
23.7 0.0825198
23.71 0.0826668
23.72 0.0827855
23.73 0.0828756
23.74 0.0829363
23.75 0.0829669
23.76 0.0829662
23.77 0.0829327
23.78 0.0828647
23.79 0.0827601
23.8 0.0826166
23.81 0.0824318
23.82 0.0822037
23.83 0.0819302
23.84 0.0816093
23.85 0.0812394
23.86 0.0808189
23.87 0.0803461
23.88 0.0798199
23.89 0.0792388
23.9 0.0786017
23.91 0.0779073
23.92 0.0771542
23.93 0.0763409
23.94 0.0754664
23.95 0.0745296
23.96 0.0735298
23.97 0.0724666
23.98 0.0713403
23.99 0.0701517
24 0.068902
24.01 0.0675934
24.02 0.0662282
24.03 0.0648092
24.04 0.06334
24.05 0.0618247
24.06 0.060268
24.07 0.0586755
24.08 0.0570528
24.09 0.0554059
24.1 0.0537407
24.11 0.0520628
24.12 0.0503777
24.13 0.0486902
24.14 0.047005
24.15 0.0453258
24.16 0.0436559
24.17 0.0419982
24.18 0.0403555
24.19 0.0387302
24.2 0.0371248
24.21 0.0355417
24.22 0.0339829
24.23 0.0324505
24.24 0.0309463
24.25 0.0294719
24.26 0.0280289
24.27 0.026618
24.28 0.0252379
24.29 0.0238871
24.3 0.0225637
24.31 0.0212656
24.32 0.019991
24.33 0.018738
24.34 0.0175052
24.35 0.0162918
24.36 0.0150975
24.37 0.0139225
24.38 0.0127669
24.39 0.0116313
24.4 0.0105165
24.41 0.00942308
24.42 0.0083517
24.43 0.00730283
24.44 0.00627679
24.45 0.00527376
24.46 0.00429388
24.47 0.00333735
24.48 0.00240443
24.49 0.00149549
24.5 0.000610915
24.51 -0.000248885
24.52 -0.00108348
24.53 -0.0018925
24.54 -0.0026757
24.55 -0.00343292
24.56 -0.00416411
24.57 -0.00486936
24.58 -0.00554899
24.59 -0.00620346
24.6 -0.00683326
24.61 -0.00743886
24.62 -0.00802074
24.63 -0.00857938
24.64 -0.00911526
24.65 -0.00962867
24.66 -0.0101196
24.67 -0.010588
24.68 -0.0110334
24.69 -0.0114552
24.7 -0.0118525
24.71 -0.0122245
24.72 -0.0125701
24.73 -0.0128882
24.74 -0.0131777
24.75 -0.0134376
24.76 -0.0136666
24.77 -0.0138634
24.78 -0.0140268
24.79 -0.0141558
24.8 -0.0142496
24.81 -0.0143074
24.82 -0.0143287
24.83 -0.0143133
24.84 -0.0142609
24.85 -0.0141716
24.86 -0.0140458
24.87 -0.0138838
24.88 -0.0136861
24.89 -0.0134537
24.9 -0.0131877
24.91 -0.0128894
24.92 -0.0125604
24.93 -0.0122027
24.94 -0.0118182
24.95 -0.011409
24.96 -0.0109771
24.97 -0.0105247
24.98 -0.0100541
24.99 -0.00956731
25 -0.00906643
