0.01 3.17637e-09
0.02 1.53054e-08
0.03 3.78136e-08
0.04 6.83716e-08
0.05 1.04693e-07
0.06 1.44556e-07
0.07 1.85822e-07
0.08 2.26431e-07
0.09 2.64387e-07
0.1 2.97753e-07
0.11 3.24681e-07
0.12 3.43405e-07
0.13 3.52208e-07
0.14 3.49365e-07
0.15 3.33131e-07
0.16 3.01798e-07
0.17 2.53745e-07
0.18 1.87449e-07
0.19 1.01498e-07
0.2 -5.39571e-09
0.21 -1.34389e-07
0.22 -2.865e-07
0.23 -4.62615e-07
0.24 -6.63506e-07
0.25 -8.89863e-07
0.26 -1.14235e-06
0.27 -1.42166e-06
0.28 -1.72835e-06
0.29 -2.06261e-06
0.3 -2.42416e-06
0.31 -2.81216e-06
0.32 -3.22525e-06
0.33 -3.66127e-06
0.34 -4.11719e-06
0.35 -4.5894e-06
0.36 -5.07394e-06
0.37 -5.56659e-06
0.38 -6.0635e-06
0.39 -6.56191e-06
0.4 -7.06082e-06
0.41 -7.56124e-06
0.42 -8.06579e-06
0.43 -8.57805e-06
0.44 -9.10268e-06
0.45 -9.64523e-06
0.46 -1.02117e-05
0.47 -1.08081e-05
0.48 -1.14398e-05
0.49 -1.21114e-05
0.5 -1.28266e-05
0.51 -1.35885e-05
0.52 -1.43994e-05
0.53 -1.52612e-05
0.54 -1.6175e-05
0.55 -1.71416e-05
0.56 -1.81612e-05
0.57 -1.92338e-05
0.58 -2.03588e-05
0.59 -2.1536e-05
0.6 -2.27649e-05
0.61 -2.40445e-05
0.62 -2.5374e-05
0.63 -2.67522e-05
0.64 -2.81779e-05
0.65 -2.96498e-05
0.66 -3.1167e-05
0.67 -3.27285e-05
0.68 -3.43337e-05
0.69 -3.59822e-05
0.7 -3.76736e-05
0.71 -3.94072e-05
0.72 -4.11817e-05
0.73 -4.2994e-05
0.74 -4.48393e-05
0.75 -4.67098e-05
0.76 -4.85949e-05
0.77 -5.04814e-05
0.78 -5.23544e-05
0.79 -5.42002e-05
0.8 -5.6007e-05
0.81 -5.77663e-05
0.82 -5.94719e-05
0.83 -6.11194e-05
0.84 -6.27063e-05
0.85 -6.42338e-05
0.86 -6.57057e-05
0.87 -6.71248e-05
0.88 -6.84889e-05
0.89 -6.97906e-05
0.9 -7.10189e-05
0.91 -7.21614e-05
0.92 -7.32054e-05
0.93 -7.41401e-05
0.94 -7.4959e-05
0.95 -7.56614e-05
0.96 -7.62529e-05
0.97 -7.67448e-05
0.98 -7.71491e-05
0.99 -7.74734e-05
1 -7.77187e-05
1.01 -7.78808e-05
1.02 -7.79495e-05
1.03 -7.79098e-05
1.04 -7.77447e-05
1.05 -7.74372e-05
1.06 -7.69733e-05
1.07 -7.63444e-05
1.08 -7.55451e-05
1.09 -7.45711e-05
1.1 -7.34177e-05
1.11 -7.20817e-05
1.12 -7.05602e-05
1.13 -6.88485e-05
1.14 -6.69408e-05
1.15 -6.4832e-05
1.16 -6.25189e-05
1.17 -6.0003e-05
1.18 -5.7293e-05
1.19 -5.44028e-05
1.2 -5.13481e-05
1.21 -4.8148e-05
1.22 -4.48264e-05
1.23 -4.14088e-05
1.24 -3.79172e-05
1.25 -3.4362e-05
1.26 -3.07375e-05
1.27 -2.70266e-05
1.28 -2.32105e-05
1.29 -1.92711e-05
1.3 -1.51924e-05
1.31 -1.0965e-05
1.32 -6.58847e-06
1.33 -2.06918e-06
1.34 2.58551e-06
1.35 7.37052e-06
1.36 1.22834e-05
1.37 1.73243e-05
1.38 2.24952e-05
1.39 2.77989e-05
1.4 3.32367e-05
1.41 3.88056e-05
1.42 4.44944e-05
1.43 5.02792e-05
1.44 5.61199e-05
1.45 6.19583e-05
1.46 6.77192e-05
1.47 7.33173e-05
1.48 7.86642e-05
1.49 8.36692e-05
1.5 8.82433e-05
1.51 9.23035e-05
1.52 9.57755e-05
1.53 9.86003e-05
1.54 0.000100743
1.55 0.000102199
1.56 0.000103
1.57 0.000103199
1.58 0.000102868
1.59 0.000102085
1.6 0.000100926
1.61 9.94596e-05
1.62 9.77434e-05
1.63 9.58291e-05
1.64 9.37601e-05
1.65 9.15727e-05
1.66 8.92933e-05
1.67 8.69367e-05
1.68 8.45087e-05
1.69 8.20111e-05
1.7 7.94459e-05
1.71 7.68154e-05
1.72 7.41223e-05
1.73 7.13723e-05
1.74 6.85776e-05
1.75 6.57609e-05
1.76 6.295e-05
1.77 6.01715e-05
1.78 5.74548e-05
1.79 5.48372e-05
1.8 5.23619e-05
1.81 5.00725e-05
1.82 4.80137e-05
1.83 4.62285e-05
1.84 4.47485e-05
1.85 4.3588e-05
1.86 4.2749e-05
1.87 4.22302e-05
1.88 4.20335e-05
1.89 4.21646e-05
1.9 4.26329e-05
1.91 4.34516e-05
1.92 4.4638e-05
1.93 4.62106e-05
1.94 4.81766e-05
1.95 5.05153e-05
1.96 5.31775e-05
1.97 5.60908e-05
1.98 5.91637e-05
1.99 6.22976e-05
2 6.54068e-05
2.01 6.84374e-05
2.02 7.13692e-05
2.03 7.42126e-05
2.04 7.70055e-05
2.05 7.98038e-05
2.06 8.2671e-05
2.07 8.56677e-05
2.08 8.88365e-05
2.09 9.21899e-05
2.1 9.57087e-05
2.11 9.93444e-05
2.12 0.000103018
2.13 0.000106613
2.14 0.000109991
2.15 0.000112999
2.16 0.000115476
2.17 0.00011726
2.18 0.000118187
2.19 0.000118086
2.2 0.000116774
2.21 0.000114058
2.22 0.00010975
2.23 0.000103669
2.24 9.56541e-05
2.25 8.55514e-05
2.26 7.32243e-05
2.27 5.85781e-05
2.28 4.15665e-05
2.29 2.21795e-05
2.3 4.38849e-07
2.31 -2.36005e-05
2.32 -4.98446e-05
2.33 -7.81481e-05
2.34 -0.000108309
2.35 -0.000140075
2.36 -0.000173152
2.37 -0.000207213
2.38 -0.000241913
2.39 -0.000276884
2.4 -0.000311755
2.41 -0.000346193
2.42 -0.000379921
2.43 -0.000412703
2.44 -0.000444325
2.45 -0.000474589
2.46 -0.000503316
2.47 -0.000530354
2.48 -0.000555587
2.49 -0.000578914
2.5 -0.000600233
2.51 -0.000619432
2.52 -0.000636383
2.53 -0.000650958
2.54 -0.000663034
2.55 -0.000672487
2.56 -0.000679199
2.57 -0.000683085
2.58 -0.000684113
2.59 -0.000682311
2.6 -0.00067776
2.61 -0.000670577
2.62 -0.000660895
2.63 -0.000648845
2.64 -0.00063454
2.65 -0.000618079
2.66 -0.000599544
2.67 -0.000579004
2.68 -0.000556527
2.69 -0.000532194
2.7 -0.0005061
2.71 -0.000478348
2.72 -0.000449045
2.73 -0.000418299
2.74 -0.000386203
2.75 -0.000352828
2.76 -0.00031824
2.77 -0.000282501
2.78 -0.000245649
2.79 -0.000207683
2.8 -0.000168566
2.81 -0.000128237
2.82 -8.66335e-05
2.83 -4.37311e-05
2.84 4.56677e-07
2.85 4.58758e-05
2.86 9.24365e-05
2.87 0.000140007
2.88 0.000188399
2.89 0.000237375
2.9 0.000286673
2.91 0.000336018
2.92 0.000385116
2.93 0.000433668
2.94 0.000481377
2.95 0.000527959
2.96 0.00057315
2.97 0.000616733
2.98 0.000658555
2.99 0.000698509
3 0.000736525
3.01 0.00077256
3.02 0.000806577
3.03 0.000838522
3.04 0.000868326
3.05 0.000895889
3.06 0.000921081
3.07 0.000943728
3.08 0.000963626
3.09 0.000980552
3.1 0.000994297
3.11 0.0010047
3.12 0.00101164
3.13 0.00101512
3.14 0.00101514
3.15 0.0010118
3.16 0.00100517
3.17 0.000995378
3.18 0.000982567
3.19 0.000966884
3.2 0.000948461
3.21 0.000927426
3.22 0.000903939
3.23 0.000878203
3.24 0.000850464
3.25 0.000821002
3.26 0.00079012
3.27 0.000758155
3.28 0.000725503
3.29 0.000692571
3.3 0.000659756
3.31 0.000627456
3.32 0.000596073
3.33 0.000565963
3.34 0.000537393
3.35 0.000510511
3.36 0.000485334
3.37 0.000461756
3.38 0.000439564
3.39 0.000418443
3.4 0.000397984
3.41 0.000377706
3.42 0.00035709
3.43 0.000335611
3.44 0.000312766
3.45 0.000288074
3.46 0.00026109
3.47 0.000231448
3.48 0.000198911
3.49 0.000163384
3.5 0.000124911
3.51 8.36617e-05
3.52 3.99179e-05
3.53 -5.94044e-06
3.54 -5.34704e-05
3.55 -0.000102218
3.56 -0.000151777
3.57 -0.000201798
3.58 -0.000251946
3.59 -0.00030189
3.6 -0.000351339
3.61 -0.000400067
3.62 -0.000447904
3.63 -0.000494731
3.64 -0.000540489
3.65 -0.000585176
3.66 -0.000628845
3.67 -0.000671619
3.68 -0.000713694
3.69 -0.00075531
3.7 -0.000796704
3.71 -0.000838093
3.72 -0.000879692
3.73 -0.000921692
3.74 -0.00096423
3.75 -0.0010074
3.76 -0.00105128
3.77 -0.00109589
3.78 -0.00114122
3.79 -0.00118723
3.8 -0.00123383
3.81 -0.00128087
3.82 -0.00132816
3.83 -0.00137546
3.84 -0.00142252
3.85 -0.00146907
3.86 -0.00151488
3.87 -0.00155978
3.88 -0.00160373
3.89 -0.00164678
3.9 -0.00168911
3.91 -0.00173102
3.92 -0.00177291
3.93 -0.00181526
3.94 -0.00185859
3.95 -0.00190343
3.96 -0.00195028
3.97 -0.0019996
3.98 -0.0020517
3.99 -0.00210678
4 -0.00216486
4.01 -0.00222581
4.02 -0.00228939
4.03 -0.00235519
4.04 -0.00242274
4.05 -0.0024914
4.06 -0.00256044
4.07 -0.00262902
4.08 -0.00269613
4.09 -0.00276066
4.1 -0.00282142
4.11 -0.0028772
4.12 -0.00292685
4.13 -0.00296942
4.14 -0.00300415
4.15 -0.00303054
4.16 -0.00304842
4.17 -0.00305796
4.18 -0.0030596
4.19 -0.003054
4.2 -0.00304206
4.21 -0.00302478
4.22 -0.00300324
4.23 -0.00297848
4.24 -0.00295141
4.25 -0.00292285
4.26 -0.00289357
4.27 -0.00286423
4.28 -0.0028354
4.29 -0.00280748
4.3 -0.00278074
4.31 -0.00275528
4.32 -0.00273111
4.33 -0.00270812
4.34 -0.00268608
4.35 -0.00266459
4.36 -0.00264313
4.37 -0.00262106
4.38 -0.00259761
4.39 -0.002572
4.4 -0.00254339
4.41 -0.00251089
4.42 -0.0024736
4.43 -0.00243063
4.44 -0.00238113
4.45 -0.00232432
4.46 -0.00225959
4.47 -0.00218652
4.48 -0.0021049
4.49 -0.00201469
4.5 -0.0019159
4.51 -0.00180861
4.52 -0.00169298
4.53 -0.00156929
4.54 -0.00143797
4.55 -0.00129954
4.56 -0.00115458
4.57 -0.0010038
4.58 -0.000847945
4.59 -0.000687847
4.6 -0.000524369
4.61 -0.000358382
4.62 -0.000190708
4.63 -2.21174e-05
4.64 0.000146676
4.65 0.000315029
4.66 0.000482391
4.67 0.00064835
4.68 0.000812652
4.69 0.000975173
4.7 0.00113586
4.71 0.00129468
4.72 0.00145157
4.73 0.00160646
4.74 0.00175926
4.75 0.00190979
4.76 0.0020578
4.77 0.00220296
4.78 0.00234495
4.79 0.00248342
4.8 0.00261803
4.81 0.00274838
4.82 0.00287402
4.83 0.00299453
4.84 0.00310948
4.85 0.00321843
4.86 0.00332087
4.87 0.00341638
4.88 0.0035046
4.89 0.0035852
4.9 0.00365787
4.91 0.00372238
4.92 0.00377857
4.93 0.00382634
4.94 0.0038656
4.95 0.00389633
4.96 0.00391852
4.97 0.00393222
4.98 0.00393757
4.99 0.00393475
5 0.00392404
5.01 0.0039057
5.02 0.00387995
5.03 0.00384693
5.04 0.00380666
5.05 0.00375905
5.06 0.00370388
5.07 0.00364082
5.08 0.00356943
5.09 0.00348923
5.1 0.0033997
5.11 0.00330031
5.12 0.00319054
5.13 0.00306998
5.14 0.0029383
5.15 0.00279533
5.16 0.0026411
5.17 0.00247589
5.18 0.0023002
5.19 0.00211465
5.2 0.00192006
5.21 0.00171737
5.22 0.00150761
5.23 0.00129186
5.24 0.00107113
5.25 0.000846458
5.26 0.000618916
5.27 0.000389646
5.28 0.000159835
5.29 -6.93347e-05
5.3 -0.000296717
5.31 -0.000521207
5.32 -0.000741783
5.33 -0.000957596
5.34 -0.00116802
5.35 -0.00137263
5.36 -0.00157125
5.37 -0.00176399
5.38 -0.00195122
5.39 -0.00213346
5.4 -0.0023113
5.41 -0.00248533
5.42 -0.00265614
5.43 -0.00282423
5.44 -0.00298996
5.45 -0.00315352
5.46 -0.00331495
5.47 -0.00347417
5.48 -0.00363105
5.49 -0.00378542
5.5 -0.00393702
5.51 -0.00408552
5.52 -0.0042305
5.53 -0.00437156
5.54 -0.00450831
5.55 -0.0046403
5.56 -0.00476706
5.57 -0.00488818
5.58 -0.00500333
5.59 -0.00511229
5.6 -0.00521484
5.61 -0.00531079
5.62 -0.00539989
5.63 -0.0054819
5.64 -0.00555655
5.65 -0.00562357
5.66 -0.00568271
5.67 -0.00573371
5.68 -0.00577627
5.69 -0.00581002
5.7 -0.00583455
5.71 -0.00584936
5.72 -0.00585391
5.73 -0.00584758
5.74 -0.00582978
5.75 -0.00579993
5.76 -0.00575744
5.77 -0.00570183
5.78 -0.00563273
5.79 -0.00554997
5.8 -0.00545354
5.81 -0.00534366
5.82 -0.00522082
5.83 -0.00508574
5.84 -0.00493938
5.85 -0.00478288
5.86 -0.00461751
5.87 -0.00444463
5.88 -0.00426565
5.89 -0.004082
5.9 -0.00389509
5.91 -0.00370623
5.92 -0.00351661
5.93 -0.00332728
5.94 -0.00313916
5.95 -0.00295299
5.96 -0.00276925
5.97 -0.00258812
5.98 -0.00240951
5.99 -0.00223307
6 -0.00205822
6.01 -0.00188424
6.02 -0.00171034
6.03 -0.00153569
6.04 -0.00135943
6.05 -0.00118071
6.06 -0.000998739
6.07 -0.000812843
6.08 -0.000622558
6.09 -0.0004276
6.1 -0.000227828
6.11 -2.32233e-05
6.12 0.000186085
6.13 0.000399832
6.14 0.000617676
6.15 0.000839274
6.16 0.00106432
6.17 0.00129263
6.18 0.00152419
6.19 0.00175922
6.2 0.00199801
6.21 0.00224094
6.22 0.00248844
6.23 0.00274099
6.24 0.00299909
6.25 0.00326315
6.26 0.00353361
6.27 0.00381083
6.28 0.00409521
6.29 0.0043871
6.3 0.00468694
6.31 0.00499516
6.32 0.00531224
6.33 0.00563872
6.34 0.00597516
6.35 0.00632212
6.36 0.0066801
6.37 0.00704939
6.38 0.00742995
6.39 0.00782145
6.4 0.00822327
6.41 0.00863463
6.42 0.00905465
6.43 0.00948249
6.44 0.00991738
6.45 0.0103587
6.46 0.0108062
6.47 0.0112596
6.48 0.011719
6.49 0.012184
6.5 0.0126545
6.51 0.0131297
6.52 0.0136085
6.53 0.0140892
6.54 0.01457
6.55 0.0150484
6.56 0.0155216
6.57 0.0159865
6.58 0.0164397
6.59 0.0168781
6.6 0.0172983
6.61 0.0176977
6.62 0.0180738
6.63 0.0184246
6.64 0.0187484
6.65 0.0190439
6.66 0.0193097
6.67 0.0195447
6.68 0.0197475
6.69 0.0199171
6.7 0.0200522
6.71 0.0201518
6.72 0.0202148
6.73 0.0202403
6.74 0.0202276
6.75 0.0201759
6.76 0.0200849
6.77 0.0199544
6.78 0.0197843
6.79 0.0195751
6.8 0.019327
6.81 0.0190407
6.82 0.0187169
6.83 0.018356
6.84 0.0179588
6.85 0.0175256
6.86 0.017057
6.87 0.0165532
6.88 0.0160146
6.89 0.0154413
6.9 0.0148339
6.91 0.0141929
6.92 0.0135193
6.93 0.0128144
6.94 0.0120797
6.95 0.0113173
6.96 0.0105294
6.97 0.0097182
6.98 0.00888603
6.99 0.00803484
7 0.00716637
7.01 0.00628198
7.02 0.00538274
7.03 0.00446956
7.04 0.00354336
7.05 0.00260517
7.06 0.00165634
7.07 0.000698586
7.08 -0.000265972
7.09 -0.00123487
7.1 -0.00220535
7.11 -0.0031745
7.12 -0.00413933
7.13 -0.00509706
7.14 -0.00604527
7.15 -0.00698203
7.16 -0.00790582
7.17 -0.00881554
7.18 -0.00971036
7.19 -0.0105897
7.2 -0.0114529
7.21 -0.0122995
7.22 -0.0131288
7.23 -0.0139398
7.24 -0.0147311
7.25 -0.0155013
7.26 -0.0162486
7.27 -0.0169712
7.28 -0.0176672
7.29 -0.018335
7.3 -0.0189734
7.31 -0.0195814
7.32 -0.0201584
7.33 -0.0207042
7.34 -0.0212186
7.35 -0.0217018
7.36 -0.0221535
7.37 -0.0225735
7.38 -0.0229613
7.39 -0.0233159
7.4 -0.0236361
7.41 -0.0239208
7.42 -0.0241683
7.43 -0.0243775
7.44 -0.0245473
7.45 -0.024677
7.46 -0.0247664
7.47 -0.0248156
7.48 -0.0248251
7.49 -0.0247961
7.5 -0.0247299
7.51 -0.0246284
7.52 -0.0244936
7.53 -0.0243277
7.54 -0.0241329
7.55 -0.0239114
7.56 -0.0236653
7.57 -0.0233968
7.58 -0.023108
7.59 -0.0228012
7.6 -0.0224786
7.61 -0.0221423
7.62 -0.0217945
7.63 -0.0214367
7.64 -0.0210702
7.65 -0.0206956
7.66 -0.0203132
7.67 -0.0199229
7.68 -0.0195236
7.69 -0.0191139
7.7 -0.0186919
7.71 -0.0182554
7.72 -0.0178019
7.73 -0.0173295
7.74 -0.0168367
7.75 -0.0163223
7.76 -0.0157858
7.77 -0.0152271
7.78 -0.0146466
7.79 -0.0140446
7.8 -0.0134222
7.81 -0.0127804
7.82 -0.0121208
7.83 -0.011445
7.84 -0.0107549
7.85 -0.0100525
7.86 -0.00934002
7.87 -0.0086197
7.88 -0.00789378
7.89 -0.00716441
7.9 -0.00643356
7.91 -0.005703
7.92 -0.00497427
7.93 -0.00424861
7.94 -0.00352699
7.95 -0.00281012
7.96 -0.00209848
7.97 -0.00139238
7.98 -0.000691902
7.99 2.97939e-06
8 0.000692335
8.01 0.00137616
8.02 0.00205435
8.03 0.00272666
8.04 0.00339265
8.05 0.00405163
8.06 0.00470259
8.07 0.00534431
8.08 0.0059754
8.09 0.00659445
8.1 0.0072001
8.11 0.00779121
8.12 0.00836702
8.13 0.00892717
8.14 0.00947166
8.15 0.0100008
8.16 0.0105153
8.17 0.0110159
8.18 0.0115036
8.19 0.0119795
8.2 0.0124446
8.21 0.0128998
8.22 0.0133459
8.23 0.0137834
8.24 0.0142127
8.25 0.0146342
8.26 0.015048
8.27 0.0154539
8.28 0.0158515
8.29 0.0162403
8.3 0.0166193
8.31 0.0169871
8.32 0.017342
8.33 0.0176813
8.34 0.0180024
8.35 0.0183019
8.36 0.0185765
8.37 0.0188228
8.38 0.0190378
8.39 0.0192189
8.4 0.019364
8.41 0.0194719
8.42 0.0195417
8.43 0.0195733
8.44 0.0195668
8.45 0.0195229
8.46 0.0194428
8.47 0.019328
8.48 0.0191805
8.49 0.0190025
8.5 0.0187963
8.51 0.0185643
8.52 0.0183088
8.53 0.018032
8.54 0.0177354
8.55 0.0174203
8.56 0.0170877
8.57 0.0167381
8.58 0.016372
8.59 0.0159897
8.6 0.0155916
8.61 0.0151779
8.62 0.0147492
8.63 0.0143062
8.64 0.01385
8.65 0.0133818
8.66 0.0129035
8.67 0.0124169
8.68 0.0119242
8.69 0.0114276
8.7 0.0109292
8.71 0.0104313
8.72 0.00993582
8.73 0.00944474
8.74 0.00895963
8.75 0.0084819
8.76 0.00801263
8.77 0.00755253
8.78 0.00710193
8.79 0.00666084
8.8 0.00622894
8.81 0.00580561
8.82 0.00539
8.83 0.00498112
8.84 0.00457806
8.85 0.00418002
8.86 0.00378639
8.87 0.00339669
8.88 0.00301056
8.89 0.00262789
8.9 0.00224879
8.91 0.00187368
8.92 0.00150314
8.93 0.00113794
8.94 0.000778844
8.95 0.000426603
8.96 8.18604e-05
8.97 -0.000254827
8.98 -0.000583
8.99 -0.000902352
9 -0.00121281
9.01 -0.0015146
9.02 -0.00180822
9.03 -0.00209447
9.04 -0.00237441
9.05 -0.00264919
9.06 -0.00291993
9.07 -0.00318761
9.08 -0.00345304
9.09 -0.00371687
9.1 -0.00397964
9.11 -0.00424184
9.12 -0.00450394
9.13 -0.00476639
9.14 -0.0050296
9.15 -0.00529398
9.16 -0.00555978
9.17 -0.00582699
9.18 -0.00609525
9.19 -0.00636377
9.2 -0.00663131
9.21 -0.0068961
9.22 -0.00715584
9.23 -0.00740777
9.24 -0.00764883
9.25 -0.00787588
9.26 -0.00808601
9.27 -0.00827663
9.28 -0.00844565
9.29 -0.00859156
9.3 -0.00871335
9.31 -0.00881032
9.32 -0.00888194
9.33 -0.00892782
9.34 -0.00894771
9.35 -0.00894144
9.36 -0.00890892
9.37 -0.00885017
9.38 -0.00876526
9.39 -0.00865435
9.4 -0.00851778
9.41 -0.0083561
9.42 -0.0081702
9.43 -0.00796132
9.44 -0.00773118
9.45 -0.00748197
9.46 -0.00721626
9.47 -0.0069368
9.48 -0.00664644
9.49 -0.00634788
9.5 -0.00604355
9.51 -0.0057355
9.52 -0.00542541
9.53 -0.00511455
9.54 -0.00480393
9.55 -0.00449445
9.56 -0.00418698
9.57 -0.00388252
9.58 -0.00358222
9.59 -0.00328752
9.6 -0.00300004
9.61 -0.00272149
9.62 -0.00245355
9.63 -0.00219775
9.64 -0.00195531
9.65 -0.00172709
9.66 -0.00151357
9.67 -0.00131487
9.68 -0.00113073
9.69 -0.000960601
9.7 -0.000803734
9.71 -0.000659301
9.72 -0.000526521
9.73 -0.000404701
9.74 -0.000293316
9.75 -0.000192102
9.76 -0.000101065
9.77 -2.04401e-05
9.78 4.934e-05
9.79 0.000107654
9.8 0.000153683
9.81 0.000186422
9.82 0.000204718
9.83 0.0002073
9.84 0.000192793
9.85 0.000159746
9.86 0.000106723
9.87 3.24135e-05
9.88 -6.42978e-05
9.89 -0.000184338
9.9 -0.00032843
9.91 -0.000496982
9.92 -0.000690039
9.93 -0.000907307
9.94 -0.00114817
9.95 -0.00141168
9.96 -0.00169668
9.97 -0.00200192
9.98 -0.00232624
9.99 -0.00266867
10 -0.00302838
10.01 -0.00340474
10.02 -0.00379736
10.03 -0.00420604
10.04 -0.00463072
10.05 -0.00507129
10.06 -0.00552747
10.07 -0.00599877
10.08 -0.00648447
10.09 -0.00698365
10.1 -0.00749519
10.11 -0.00801785
10.12 -0.00855031
10.13 -0.0090914
10.14 -0.00964004
10.15 -0.0101953
10.16 -0.0107564
10.17 -0.0113227
10.18 -0.0118932
10.19 -0.0124672
10.2 -0.0130435
10.21 -0.0136209
10.22 -0.014198
10.23 -0.0147735
10.24 -0.0153458
10.25 -0.0159135
10.26 -0.0164752
10.27 -0.0170296
10.28 -0.0175756
10.29 -0.0181119
10.3 -0.0186374
10.31 -0.0191512
10.32 -0.0196521
10.33 -0.020139
10.34 -0.0206105
10.35 -0.0210657
10.36 -0.0215033
10.37 -0.0219223
10.38 -0.0223215
10.39 -0.0227
10.4 -0.0230567
10.41 -0.0233905
10.42 -0.0237002
10.43 -0.0239844
10.44 -0.0242415
10.45 -0.0244699
10.46 -0.0246677
10.47 -0.0248331
10.48 -0.0249642
10.49 -0.0250596
10.5 -0.0251182
10.51 -0.025139
10.52 -0.0251218
10.53 -0.0250664
10.54 -0.024973
10.55 -0.0248422
10.56 -0.0246744
10.57 -0.0244703
10.58 -0.0242307
10.59 -0.0239565
10.6 -0.0236484
10.61 -0.0233074
10.62 -0.0229345
10.63 -0.022531
10.64 -0.0220981
10.65 -0.0216373
10.66 -0.0211502
10.67 -0.0206385
10.68 -0.0201039
10.69 -0.0195482
10.7 -0.0189729
10.71 -0.0183794
10.72 -0.017769
10.73 -0.0171427
10.74 -0.0165016
10.75 -0.0158468
10.76 -0.0151791
10.77 -0.0144993
10.78 -0.0138084
10.79 -0.013107
10.8 -0.0123957
10.81 -0.0116752
10.82 -0.0109459
10.83 -0.0102085
10.84 -0.00946338
10.85 -0.00871107
10.86 -0.00795212
10.87 -0.00718723
10.88 -0.00641721
10.89 -0.00564291
10.9 -0.00486526
10.91 -0.00408525
10.92 -0.00330378
10.93 -0.00252162
10.94 -0.00173932
10.95 -0.00095719
10.96 -0.00017529
10.97 0.00060649
10.98 0.0013884
10.99 0.00217074
11 0.00295371
11.01 0.00373743
11.02 0.00452188
11.03 0.00530687
11.04 0.00609199
11.05 0.00687666
11.06 0.00766018
11.07 0.0084418
11.08 0.00922062
11.09 0.00999572
11.1 0.0107661
11.11 0.0115308
11.12 0.012289
11.13 0.0130399
11.14 0.0137828
11.15 0.014517
11.16 0.0152417
11.17 0.0159566
11.18 0.0166614
11.19 0.0173559
11.2 0.0180404
11.21 0.0187153
11.22 0.0193811
11.23 0.0200384
11.24 0.0206879
11.25 0.0213298
11.26 0.021964
11.27 0.0225896
11.28 0.0232059
11.29 0.0238113
11.3 0.0244046
11.31 0.0249843
11.32 0.025549
11.33 0.0260972
11.34 0.0266279
11.35 0.0271404
11.36 0.0276342
11.37 0.0281093
11.38 0.0285658
11.39 0.029004
11.4 0.029424
11.41 0.0298259
11.42 0.0302097
11.43 0.0305749
11.44 0.0309211
11.45 0.0312475
11.46 0.0315533
11.47 0.0318378
11.48 0.0321003
11.49 0.0323406
11.5 0.0325588
11.51 0.0327555
11.52 0.0329314
11.53 0.0330878
11.54 0.0332258
11.55 0.0333469
11.56 0.0334524
11.57 0.0335433
11.58 0.0336206
11.59 0.0336847
11.6 0.0337363
11.61 0.0337756
11.62 0.0338032
11.63 0.0338196
11.64 0.0338253
11.65 0.0338208
11.66 0.0338065
11.67 0.0337829
11.68 0.0337505
11.69 0.0337096
11.7 0.0336606
11.71 0.0336034
11.72 0.0335377
11.73 0.033463
11.74 0.0333785
11.75 0.0332831
11.76 0.0331752
11.77 0.0330528
11.78 0.0329134
11.79 0.0327543
11.8 0.0325723
11.81 0.0323645
11.82 0.0321281
11.83 0.0318609
11.84 0.0315608
11.85 0.0312264
11.86 0.0308564
11.87 0.0304496
11.88 0.0300053
11.89 0.0295225
11.9 0.0290006
11.91 0.0284392
11.92 0.0278378
11.93 0.0271963
11.94 0.0265147
11.95 0.0257931
11.96 0.0250317
11.97 0.0242308
11.98 0.0233909
11.99 0.0225128
12 0.0215977
12.01 0.0206466
12.02 0.0196614
12.03 0.0186437
12.04 0.0175959
12.05 0.0165204
12.06 0.01542
12.07 0.0142974
12.08 0.0131554
12.09 0.0119965
12.1 0.010823
12.11 0.00963695
12.12 0.00844016
12.13 0.00723408
12.14 0.00601983
12.15 0.00479817
12.16 0.00356963
12.17 0.00233457
12.18 0.00109329
12.19 -0.000153891
12.2 -0.00140669
12.21 -0.0026648
12.22 -0.00392773
12.23 -0.0051949
12.24 -0.00646566
12.25 -0.00773932
12.26 -0.009015
12.27 -0.0102916
12.28 -0.011568
12.29 -0.0128429
12.3 -0.0141146
12.31 -0.0153817
12.32 -0.0166422
12.33 -0.0178941
12.34 -0.019135
12.35 -0.0203624
12.36 -0.0215736
12.37 -0.0227657
12.38 -0.0239357
12.39 -0.0250803
12.4 -0.0261962
12.41 -0.0272801
12.42 -0.0283286
12.43 -0.0293388
12.44 -0.0303077
12.45 -0.0312325
12.46 -0.0321105
12.47 -0.0329392
12.48 -0.0337162
12.49 -0.0344395
12.5 -0.0351068
12.51 -0.0357153
12.52 -0.0362618
12.53 -0.0367427
12.54 -0.0371543
12.55 -0.0374931
12.56 -0.0377556
12.57 -0.0379389
12.58 -0.0380402
12.59 -0.0380568
12.6 -0.0379863
12.61 -0.0378262
12.62 -0.0375747
12.63 -0.03723
12.64 -0.0367911
12.65 -0.0362572
12.66 -0.035628
12.67 -0.0349036
12.68 -0.0340847
12.69 -0.0331727
12.7 -0.0321696
12.71 -0.0310777
12.72 -0.0298998
12.73 -0.0286391
12.74 -0.0272989
12.75 -0.0258825
12.76 -0.0243936
12.77 -0.0228356
12.78 -0.0212121
12.79 -0.0195267
12.8 -0.0177829
12.81 -0.0159845
12.82 -0.0141353
12.83 -0.0122394
12.84 -0.010301
12.85 -0.00832427
12.86 -0.00631343
12.87 -0.00427261
12.88 -0.00220574
12.89 -0.000116508
12.9 0.00199163
12.91 0.00411539
12.92 0.00625152
12.93 0.00839674
12.94 0.0105477
12.95 0.0127009
12.96 0.0148529
12.97 0.0169998
12.98 0.0191381
12.99 0.0212639
13 0.0233735
13.01 0.0254633
13.02 0.0275298
13.03 0.0295699
13.04 0.0315819
13.05 0.0335659
13.06 0.0355228
13.07 0.0374524
13.08 0.0393546
13.09 0.041229
13.1 0.0430748
13.11 0.0448912
13.12 0.0466768
13.13 0.0484305
13.14 0.050151
13.15 0.0518375
13.16 0.0534889
13.17 0.0551047
13.18 0.0566846
13.19 0.0582283
13.2 0.0597359
13.21 0.0612073
13.22 0.0626426
13.23 0.0640416
13.24 0.0654044
13.25 0.0667308
13.26 0.0680206
13.27 0.0692735
13.28 0.070489
13.29 0.0716667
13.3 0.0728058
13.31 0.0739057
13.32 0.0749653
13.33 0.0759834
13.34 0.0769587
13.35 0.0778898
13.36 0.0787755
13.37 0.0796143
13.38 0.0804054
13.39 0.0811477
13.4 0.0818405
13.41 0.0824833
13.42 0.0830758
13.43 0.0836178
13.44 0.0841096
13.45 0.0845516
13.46 0.0849445
13.47 0.085289
13.48 0.0855863
13.49 0.0858375
13.5 0.0860439
13.51 0.0862069
13.52 0.0863279
13.53 0.0864084
13.54 0.0864499
13.55 0.0864543
13.56 0.0864233
13.57 0.0863587
13.58 0.0862624
13.59 0.0861358
13.6 0.0859806
13.61 0.085798
13.62 0.0855894
13.63 0.0853559
13.64 0.0850991
13.65 0.08482
13.66 0.0845202
13.67 0.0842009
13.68 0.0838634
13.69 0.0835092
13.7 0.0831391
13.71 0.0827543
13.72 0.0823553
13.73 0.0819429
13.74 0.0815175
13.75 0.0810791
13.76 0.0806277
13.77 0.0801628
13.78 0.0796835
13.79 0.0791886
13.8 0.0786763
13.81 0.0781447
13.82 0.0775911
13.83 0.077013
13.84 0.0764079
13.85 0.0757743
13.86 0.0751112
13.87 0.0744185
13.88 0.0736961
13.89 0.072944
13.9 0.0721622
13.91 0.0713509
13.92 0.0705102
13.93 0.0696403
13.94 0.0687414
13.95 0.0678137
13.96 0.0668575
13.97 0.0658732
13.98 0.0648611
13.99 0.0638218
14 0.0627558
14.01 0.0616633
14.02 0.060545
14.03 0.0594012
14.04 0.0582325
14.05 0.0570397
14.06 0.0558235
14.07 0.0545844
14.08 0.053323
14.09 0.0520396
14.1 0.0507343
14.11 0.0494071
14.12 0.0480574
14.13 0.0466847
14.14 0.045288
14.15 0.0438659
14.16 0.042417
14.17 0.0409396
14.18 0.0394321
14.19 0.0378931
14.2 0.0363211
14.21 0.0347148
14.22 0.0330729
14.23 0.0313943
14.24 0.0296776
14.25 0.0279215
14.26 0.0261247
14.27 0.0242857
14.28 0.0224034
14.29 0.0204769
14.3 0.0185053
14.31 0.0164871
14.32 0.0144191
14.33 0.0122982
14.34 0.0101222
14.35 0.00788905
14.36 0.00559683
14.37 0.00324328
14.38 0.000825924
14.39 -0.00165787
14.4 -0.00421081
14.41 -0.00683566
14.42 -0.00953516
14.43 -0.0123119
14.44 -0.0151683
14.45 -0.0181062
14.46 -0.0211269
14.47 -0.0242314
14.48 -0.0274202
14.49 -0.0306935
14.5 -0.0340517
14.51 -0.0374948
14.52 -0.0410231
14.53 -0.044637
14.54 -0.048337
14.55 -0.0521236
14.56 -0.0559976
14.57 -0.0599595
14.58 -0.0640102
14.59 -0.0681503
14.6 -0.0723803
14.61 -0.0767004
14.62 -0.0811106
14.63 -0.0856099
14.64 -0.090197
14.65 -0.0948692
14.66 -0.0996234
14.67 -0.104456
14.68 -0.109362
14.69 -0.114337
14.7 -0.119378
14.71 -0.124482
14.72 -0.129644
14.73 -0.134859
14.74 -0.140124
14.75 -0.145431
14.76 -0.150773
14.77 -0.156143
14.78 -0.161536
14.79 -0.166942
14.8 -0.172357
14.81 -0.177773
14.82 -0.183183
14.83 -0.188581
14.84 -0.19396
14.85 -0.199313
14.86 -0.204634
14.87 -0.209917
14.88 -0.215155
14.89 -0.220341
14.9 -0.225469
14.91 -0.230532
14.92 -0.235524
14.93 -0.240437
14.94 -0.245265
14.95 -0.25
14.96 -0.254635
14.97 -0.259165
14.98 -0.263583
14.99 -0.267884
15 -0.272065
15.01 -0.276123
15.02 -0.280058
15.03 -0.28387
15.04 -0.287561
15.05 -0.291134
15.06 -0.294591
15.07 -0.297936
15.08 -0.301175
15.09 -0.304312
15.1 -0.30735
15.11 -0.310296
15.12 -0.313153
15.13 -0.315926
15.14 -0.318621
15.15 -0.321241
15.16 -0.323792
15.17 -0.326276
15.18 -0.328699
15.19 -0.331062
15.2 -0.333369
15.21 -0.335621
15.22 -0.337822
15.23 -0.339974
15.24 -0.342081
15.25 -0.344146
15.26 -0.346172
15.27 -0.348164
15.28 -0.350127
15.29 -0.352065
15.3 -0.353983
15.31 -0.355884
15.32 -0.357771
15.33 -0.359649
15.34 -0.361517
15.35 -0.36338
15.36 -0.365238
15.37 -0.367096
15.38 -0.368954
15.39 -0.370817
15.4 -0.372686
15.41 -0.374563
15.42 -0.37645
15.43 -0.378349
15.44 -0.380259
15.45 -0.382181
15.46 -0.384115
15.47 -0.38606
15.48 -0.388014
15.49 -0.389976
15.5 -0.391941
15.51 -0.393906
15.52 -0.395865
15.53 -0.397814
15.54 -0.399747
15.55 -0.401658
15.56 -0.403542
15.57 -0.405394
15.58 -0.407209
15.59 -0.408981
15.6 -0.410705
15.61 -0.412376
15.62 -0.413988
15.63 -0.415536
15.64 -0.417014
15.65 -0.418418
15.66 -0.419742
15.67 -0.420981
15.68 -0.422129
15.69 -0.42318
15.7 -0.424131
15.71 -0.424976
15.72 -0.425709
15.73 -0.426326
15.74 -0.426821
15.75 -0.427189
15.76 -0.427425
15.77 -0.427524
15.78 -0.427479
15.79 -0.427287
15.8 -0.426943
15.81 -0.426441
15.82 -0.425779
15.83 -0.424954
15.84 -0.423963
15.85 -0.422804
15.86 -0.421476
15.87 -0.419978
15.88 -0.41831
15.89 -0.416471
15.9 -0.414464
15.91 -0.412288
15.92 -0.409945
15.93 -0.407437
15.94 -0.404766
15.95 -0.401934
15.96 -0.398944
15.97 -0.3958
15.98 -0.392505
15.99 -0.389064
16 -0.385484
16.01 -0.381769
16.02 -0.377928
16.03 -0.373968
16.04 -0.369898
16.05 -0.36573
16.06 -0.361475
16.07 -0.357142
16.08 -0.352738
16.09 -0.34827
16.1 -0.343741
16.11 -0.339157
16.12 -0.334523
16.13 -0.329844
16.14 -0.325125
16.15 -0.32037
16.16 -0.315586
16.17 -0.310777
16.18 -0.30595
16.19 -0.301108
16.2 -0.296259
16.21 -0.291407
16.22 -0.286556
16.23 -0.281713
16.24 -0.276879
16.25 -0.272059
16.26 -0.267254
16.27 -0.262467
16.28 -0.257697
16.29 -0.252945
16.3 -0.248213
16.31 -0.2435
16.32 -0.238807
16.33 -0.234132
16.34 -0.229477
16.35 -0.224842
16.36 -0.220224
16.37 -0.215626
16.38 -0.211045
16.39 -0.206482
16.4 -0.201935
16.41 -0.197406
16.42 -0.192891
16.43 -0.188392
16.44 -0.183908
16.45 -0.179439
16.46 -0.174983
16.47 -0.170541
16.48 -0.166112
16.49 -0.161697
16.5 -0.157294
16.51 -0.152903
16.52 -0.148525
16.53 -0.14416
16.54 -0.139806
16.55 -0.135463
16.56 -0.131132
16.57 -0.126812
16.58 -0.122503
16.59 -0.118206
16.6 -0.113921
16.61 -0.109649
16.62 -0.10539
16.63 -0.101145
16.64 -0.0969169
16.65 -0.0927067
16.66 -0.0885169
16.67 -0.0843501
16.68 -0.0802094
16.69 -0.0760981
16.7 -0.07202
16.71 -0.0679786
16.72 -0.0639773
16.73 -0.0600191
16.74 -0.0561062
16.75 -0.0522405
16.76 -0.0484235
16.77 -0.0446564
16.78 -0.0409402
16.79 -0.0372758
16.8 -0.0336636
16.81 -0.0301039
16.82 -0.0265971
16.83 -0.0231431
16.84 -0.0197422
16.85 -0.016394
16.86 -0.0130988
16.87 -0.00985649
16.88 -0.00666737
16.89 -0.00353183
16.9 -0.000450469
16.91 0.00257598
16.92 0.00554669
16.93 0.00846083
16.94 0.0113177
16.95 0.0141166
16.96 0.016857
16.97 0.0195385
16.98 0.0221605
16.99 0.024723
17 0.0272257
17.01 0.0296684
17.02 0.0320511
17.03 0.0343737
17.04 0.0366358
17.05 0.0388374
17.06 0.040978
17.07 0.0430575
17.08 0.0450758
17.09 0.0470328
17.1 0.0489283
17.11 0.0507621
17.12 0.0525339
17.13 0.0542437
17.14 0.0558912
17.15 0.0574764
17.16 0.0589991
17.17 0.0604591
17.18 0.0618562
17.19 0.0631904
17.2 0.0644616
17.21 0.0656696
17.22 0.0668145
17.23 0.0678961
17.24 0.0689146
17.25 0.0698696
17.26 0.0707611
17.27 0.0715886
17.28 0.0723519
17.29 0.0730504
17.3 0.0736834
17.31 0.0742505
17.32 0.0747511
17.33 0.0751846
17.34 0.0755505
17.35 0.0758478
17.36 0.0760755
17.37 0.0762323
17.38 0.0763164
17.39 0.0763256
17.4 0.0762574
17.41 0.0761088
17.42 0.0758764
17.43 0.075557
17.44 0.0751476
17.45 0.0746456
17.46 0.0740491
17.47 0.0733568
17.48 0.0725682
17.49 0.0716831
17.5 0.0707019
17.51 0.0696249
17.52 0.0684526
17.53 0.0671855
17.54 0.0658242
17.55 0.0643697
17.56 0.0628231
17.57 0.0611859
17.58 0.05946
17.59 0.0576478
17.6 0.055752
17.61 0.053776
17.62 0.0517238
17.63 0.0495997
17.64 0.0474088
17.65 0.0451564
17.66 0.0428485
17.67 0.0404909
17.68 0.0380902
17.69 0.0356529
17.7 0.0331856
17.71 0.0306947
17.72 0.0281864
17.73 0.0256664
17.74 0.0231403
17.75 0.0206133
17.76 0.0180912
17.77 0.0155796
17.78 0.0130848
17.79 0.0106135
17.8 0.00817267
17.81 0.00576783
17.82 0.00340211
17.83 0.00107829
17.84 -0.00120026
17.85 -0.00343019
17.86 -0.00560819
17.87 -0.00773112
17.88 -0.00979607
17.89 -0.0118005
17.9 -0.0137423
17.91 -0.01562
17.92 -0.0174325
17.93 -0.0191791
17.94 -0.0208593
17.95 -0.0224729
17.96 -0.0240195
17.97 -0.0254992
17.98 -0.0269121
17.99 -0.0282586
18 -0.0295389
18.01 -0.0307534
18.02 -0.0319024
18.03 -0.0329863
18.04 -0.0340055
18.05 -0.0349602
18.06 -0.0358505
18.07 -0.0366765
18.08 -0.0374385
18.09 -0.0381367
18.1 -0.0387712
18.11 -0.0393425
18.12 -0.0398508
18.13 -0.0402963
18.14 -0.0406793
18.15 -0.0409997
18.16 -0.0412574
18.17 -0.0414521
18.18 -0.0415833
18.19 -0.0416504
18.2 -0.0416524
18.21 -0.0415886
18.22 -0.0414579
18.23 -0.0412597
18.24 -0.0409934
18.25 -0.0406587
18.26 -0.0402556
18.27 -0.0397841
18.28 -0.0392442
18.29 -0.0386361
18.3 -0.0379602
18.31 -0.0372166
18.32 -0.0364056
18.33 -0.0355277
18.34 -0.0345833
18.35 -0.0335732
18.36 -0.0324983
18.37 -0.0313598
18.38 -0.0301591
18.39 -0.0288977
18.4 -0.0275772
18.41 -0.0261989
18.42 -0.0247645
18.43 -0.0232751
18.44 -0.0217319
18.45 -0.0201358
18.46 -0.0184876
18.47 -0.0167881
18.48 -0.0150377
18.49 -0.0132372
18.5 -0.0113872
18.51 -0.00948863
18.52 -0.00754277
18.53 -0.00555109
18.54 -0.00351537
18.55 -0.00143769
18.56 0.000679604
18.57 0.0028339
18.58 0.00502244
18.59 0.00724242
18.6 0.00949101
18.61 0.0117654
18.62 0.0140626
18.63 0.01638
18.64 0.0187147
18.65 0.0210638
18.66 0.0234241
18.67 0.0257925
18.68 0.0281662
18.69 0.0305444
18.7 0.0329257
18.71 0.0353074
18.72 0.0376863
18.73 0.040058
18.74 0.0424182
18.75 0.0447622
18.76 0.0470855
18.77 0.0493839
18.78 0.051653
18.79 0.0538885
18.8 0.0560861
18.81 0.0582414
18.82 0.0603498
18.83 0.062407
18.84 0.0644083
18.85 0.066349
18.86 0.0682245
18.87 0.0700301
18.88 0.071761
18.89 0.0734129
18.9 0.0749815
18.91 0.0764631
18.92 0.0778545
18.93 0.0791532
18.94 0.0803573
18.95 0.0814652
18.96 0.0824756
18.97 0.083387
18.98 0.0841978
18.99 0.0849063
19 0.0855106
19.01 0.0860081
19.02 0.0863961
19.03 0.0866716
19.04 0.0868317
19.05 0.0868733
19.06 0.0867938
19.07 0.0865911
19.08 0.0862635
19.09 0.0858101
19.1 0.0852301
19.11 0.0845232
19.12 0.0836892
19.13 0.0827275
19.14 0.0816379
19.15 0.0804201
19.16 0.0790741
19.17 0.0776008
19.18 0.0760017
19.19 0.0742793
19.2 0.0724372
19.21 0.0704798
19.22 0.0684124
19.23 0.066241
19.24 0.0639717
19.25 0.0616109
19.26 0.0591645
19.27 0.0566378
19.28 0.0540356
19.29 0.0513625
19.3 0.0486232
19.31 0.0458229
19.32 0.0429672
19.33 0.040062
19.34 0.0371137
19.35 0.0341294
19.36 0.0311164
19.37 0.0280827
19.38 0.025036
19.39 0.0219841
19.4 0.0189349
19.41 0.0158942
19.42 0.012865
19.43 0.00985006
19.44 0.00685221
19.45 0.00387454
19.46 0.000920049
19.47 -0.0020083
19.48 -0.00490755
19.49 -0.00777483
19.5 -0.0106074
19.51 -0.0134028
19.52 -0.0161587
19.53 -0.0188729
19.54 -0.0215435
19.55 -0.0241691
19.56 -0.0267487
19.57 -0.0292818
19.58 -0.0317682
19.59 -0.0342075
19.6 -0.0365999
19.61 -0.0389453
19.62 -0.041244
19.63 -0.0434963
19.64 -0.0457024
19.65 -0.0478628
19.66 -0.0499779
19.67 -0.052048
19.68 -0.0540739
19.69 -0.0560561
19.7 -0.0579954
19.71 -0.0598929
19.72 -0.0617496
19.73 -0.0635663
19.74 -0.0653442
19.75 -0.0670841
19.76 -0.0687867
19.77 -0.0704521
19.78 -0.0720806
19.79 -0.0736723
19.8 -0.0752273
19.81 -0.0767456
19.82 -0.0782273
19.83 -0.0796728
19.84 -0.0810824
19.85 -0.0824567
19.86 -0.0837964
19.87 -0.0851023
19.88 -0.0863756
19.89 -0.087617
19.9 -0.0888277
19.91 -0.0900082
19.92 -0.0911593
19.93 -0.0922812
19.94 -0.0933743
19.95 -0.0944389
19.96 -0.0954754
19.97 -0.0964844
19.98 -0.0974667
19.99 -0.0984232
20 -0.0993552
20.01 -0.100264
20.02 -0.101151
20.03 -0.102017
20.04 -0.102863
20.05 -0.10369
20.06 -0.104496
20.07 -0.105282
20.08 -0.106047
20.09 -0.106788
20.1 -0.107505
20.11 -0.108193
20.12 -0.108851
20.13 -0.109477
20.14 -0.110068
20.15 -0.110621
20.16 -0.111135
20.17 -0.111608
20.18 -0.112036
20.19 -0.112419
20.2 -0.112755
20.21 -0.113044
20.22 -0.113283
20.23 -0.113473
20.24 -0.113613
20.25 -0.113701
20.26 -0.113737
20.27 -0.11372
20.28 -0.113649
20.29 -0.113526
20.3 -0.11335
20.31 -0.113121
20.32 -0.11284
20.33 -0.112508
20.34 -0.112126
20.35 -0.111696
20.36 -0.111218
20.37 -0.110694
20.38 -0.110124
20.39 -0.109509
20.4 -0.108849
20.41 -0.108143
20.42 -0.107391
20.43 -0.106593
20.44 -0.105747
20.45 -0.104854
20.46 -0.103912
20.47 -0.102922
20.48 -0.101882
20.49 -0.100793
20.5 -0.0996545
20.51 -0.0984657
20.52 -0.0972265
20.53 -0.0959369
20.54 -0.0945966
20.55 -0.0932056
20.56 -0.0917639
20.57 -0.0902718
20.58 -0.08873
20.59 -0.0871396
20.6 -0.0855024
20.61 -0.0838208
20.62 -0.0820974
20.63 -0.0803352
20.64 -0.0785374
20.65 -0.0767072
20.66 -0.0748477
20.67 -0.0729624
20.68 -0.0710545
20.69 -0.069127
20.7 -0.0671831
20.71 -0.0652257
20.72 -0.0632577
20.73 -0.0612819
20.74 -0.0593011
20.75 -0.0573182
20.76 -0.0553361
20.77 -0.0533575
20.78 -0.0513852
20.79 -0.0494214
20.8 -0.0474682
20.81 -0.0455274
20.82 -0.0435987
20.83 -0.0416793
20.84 -0.0397662
20.85 -0.0378572
20.86 -0.0359501
20.87 -0.0340431
20.88 -0.0321346
20.89 -0.0302236
20.9 -0.0283091
20.91 -0.0263905
20.92 -0.0244674
20.93 -0.0225391
20.94 -0.0206053
20.95 -0.0186655
20.96 -0.0167196
20.97 -0.0147675
20.98 -0.0128096
20.99 -0.0108466
21 -0.00887953
21.01 -0.00690986
21.02 -0.00493948
21.03 -0.00297067
21.04 -0.00100591
21.05 0.000952251
21.06 0.00290133
21.07 0.00483891
21.08 0.0067626
21.09 0.00866996
21.1 0.0105586
21.11 0.0124263
21.12 0.0142712
21.13 0.0160917
21.14 0.0178866
21.15 0.0196549
21.16 0.0213957
21.17 0.0231082
21.18 0.0247915
21.19 0.026445
21.2 0.0280678
21.21 0.0296592
21.22 0.0312183
21.23 0.0327444
21.24 0.0342367
21.25 0.0356947
21.26 0.0371179
21.27 0.038506
21.28 0.039859
21.29 0.0411771
21.3 0.0424605
21.31 0.0437098
21.32 0.0449254
21.33 0.0461075
21.34 0.0472561
21.35 0.0483714
21.36 0.0494529
21.37 0.0505001
21.38 0.0515122
21.39 0.0524883
21.4 0.0534271
21.41 0.054327
21.42 0.0551865
21.43 0.0560038
21.44 0.0567773
21.45 0.0575052
21.46 0.0581862
21.47 0.0588191
21.48 0.0594025
21.49 0.0599354
21.5 0.0604167
21.51 0.0608452
21.52 0.0612198
21.53 0.0615394
21.54 0.061803
21.55 0.0620097
21.56 0.0621584
21.57 0.062248
21.58 0.0622774
21.59 0.0622451
21.6 0.0621496
21.61 0.0619895
21.62 0.0617634
21.63 0.0614703
21.64 0.0611096
21.65 0.060681
21.66 0.0601846
21.67 0.0596211
21.68 0.0589913
21.69 0.0582964
21.7 0.0575375
21.71 0.056716
21.72 0.0558332
21.73 0.0548905
21.74 0.0538898
21.75 0.052833
21.76 0.0517224
21.77 0.0505608
21.78 0.0493508
21.79 0.0480958
21.8 0.0467988
21.81 0.0454629
21.82 0.0440912
21.83 0.0426864
21.84 0.0412508
21.85 0.0397867
21.86 0.038296
21.87 0.0367807
21.88 0.0352424
21.89 0.0336826
21.9 0.0321028
21.91 0.0305046
21.92 0.0288898
21.93 0.0272601
21.94 0.0256178
21.95 0.0239651
21.96 0.0223043
21.97 0.0206375
21.98 0.0189668
21.99 0.0172936
22 0.015619
22.01 0.013944
22.02 0.0122689
22.03 0.0105941
22.04 0.00891984
22.05 0.00724696
22.06 0.00557674
22.07 0.00391121
22.08 0.00225294
22.09 0.000604789
22.1 -0.00103018
22.11 -0.00264877
22.12 -0.00424764
22.13 -0.00582409
22.14 -0.0073767
22.15 -0.00890474
22.16 -0.0104076
22.17 -0.011885
22.18 -0.0133365
22.19 -0.0147619
22.2 -0.0161612
22.21 -0.0175341
22.22 -0.01888
22.23 -0.0201983
22.24 -0.0214883
22.25 -0.0227489
22.26 -0.0239792
22.27 -0.0251782
22.28 -0.026345
22.29 -0.0274788
22.3 -0.0285791
22.31 -0.0296457
22.32 -0.0306789
22.33 -0.0316791
22.34 -0.0326473
22.35 -0.0335841
22.36 -0.0344907
22.37 -0.0353681
22.38 -0.036217
22.39 -0.0370383
22.4 -0.0378326
22.41 -0.0386003
22.42 -0.0393416
22.43 -0.0400567
22.44 -0.0407455
22.45 -0.0414078
22.46 -0.0420433
22.47 -0.0426513
22.48 -0.0432309
22.49 -0.0437812
22.5 -0.0443006
22.51 -0.0447877
22.52 -0.0452405
22.53 -0.0456571
22.54 -0.0460351
22.55 -0.0463725
22.56 -0.0466669
22.57 -0.046916
22.58 -0.0471175
22.59 -0.0472689
22.6 -0.0473678
22.61 -0.047412
22.62 -0.0473989
22.63 -0.0473265
22.64 -0.0471928
22.65 -0.0469962
22.66 -0.0467354
22.67 -0.0464095
22.68 -0.0460182
22.69 -0.0455615
22.7 -0.0450394
22.71 -0.0444519
22.72 -0.0437991
22.73 -0.0430811
22.74 -0.0422979
22.75 -0.0414497
22.76 -0.0405369
22.77 -0.0395599
22.78 -0.0385194
22.79 -0.0374164
22.8 -0.0362519
22.81 -0.0350272
22.82 -0.0337433
22.83 -0.0324019
22.84 -0.0310044
22.85 -0.0295526
22.86 -0.0280481
22.87 -0.0264931
22.88 -0.0248896
22.89 -0.02324
22.9 -0.0215468
22.91 -0.0198128
22.92 -0.0180412
22.93 -0.0162351
22.94 -0.0143982
22.95 -0.0125341
22.96 -0.010647
22.97 -0.00874077
22.98 -0.00681975
22.99 -0.00488786
23 -0.00294865
23.01 -0.00100525
23.02 0.00093957
23.03 0.00288327
23.04 0.00482358
23.05 0.00675839
23.06 0.00868565
23.07 0.0106032
23.08 0.0125087
23.09 0.0143994
23.1 0.0162725
23.11 0.0181248
23.12 0.0199534
23.13 0.0217563
23.14 0.0235335
23.15 0.0252852
23.16 0.0270114
23.17 0.0287119
23.18 0.0303868
23.19 0.0320362
23.2 0.0336603
23.21 0.0352592
23.22 0.0368333
23.23 0.0383827
23.24 0.0399075
23.25 0.0414079
23.26 0.0428841
23.27 0.0443362
23.28 0.0457643
23.29 0.0471689
23.3 0.0485503
23.31 0.0499091
23.32 0.0512459
23.33 0.0525611
23.34 0.0538553
23.35 0.0551289
23.36 0.0563822
23.37 0.0576154
23.38 0.0588284
23.39 0.0600211
23.4 0.0611932
23.41 0.0623438
23.42 0.0634722
23.43 0.0645771
23.44 0.0656574
23.45 0.0667115
23.46 0.0677378
23.47 0.0687351
23.48 0.0697019
23.49 0.0706374
23.5 0.0715408
23.51 0.0724117
23.52 0.0732495
23.53 0.0740538
23.54 0.0748243
23.55 0.0755607
23.56 0.0762627
23.57 0.0769301
23.58 0.0775629
23.59 0.0781611
23.6 0.0787249
23.61 0.0792542
23.62 0.0797493
23.63 0.0802105
23.64 0.0806382
23.65 0.0810329
23.66 0.0813952
23.67 0.0817254
23.68 0.0820239
23.69 0.0822911
23.7 0.082527
23.71 0.0827314
23.72 0.0829042
23.73 0.0830449
23.74 0.0831529
23.75 0.0832274
23.76 0.0832673
23.77 0.083271
23.78 0.0832368
23.79 0.0831624
23.8 0.0830455
23.81 0.0828838
23.82 0.0826751
23.83 0.0824172
23.84 0.0821082
23.85 0.0817461
23.86 0.0813294
23.87 0.0808564
23.88 0.0803257
23.89 0.0797359
23.9 0.0790857
23.91 0.0783736
23.92 0.0775981
23.93 0.0767578
23.94 0.0758512
23.95 0.0748774
23.96 0.0738354
23.97 0.0727248
23.98 0.0715456
23.99 0.0702984
24 0.0689844
24.01 0.0676056
24.02 0.066164
24.03 0.0646625
24.04 0.0631044
24.05 0.0614935
24.06 0.0598345
24.07 0.0581328
24.08 0.056394
24.09 0.0546237
24.1 0.0528278
24.11 0.0510118
24.12 0.0491809
24.13 0.0473401
24.14 0.0454938
24.15 0.0436456
24.16 0.0417989
24.17 0.0399564
24.18 0.0381209
24.19 0.0362948
24.2 0.0344807
24.21 0.0326808
24.22 0.0308974
24.23 0.0291324
24.24 0.0273878
24.25 0.0256653
24.26 0.0239666
24.27 0.0222933
24.28 0.0206464
24.29 0.0190271
24.3 0.017436
24.31 0.0158736
24.32 0.0143393
24.33 0.0128312
24.34 0.0113474
24.35 0.00988721
24.36 0.00845029
24.37 0.00703669
24.38 0.00564674
24.39 0.00428095
24.4 0.00293999
24.41 0.00162455
24.42 0.000335239
24.43 -0.00092747
24.44 -0.00216327
24.45 -0.003372
24.46 -0.00455351
24.47 -0.00570762
24.48 -0.00683407
24.49 -0.00793251
24.5 -0.00900257
24.51 -0.0100438
24.52 -0.0110559
24.53 -0.0120383
24.54 -0.012991
24.55 -0.0139137
24.56 -0.0148064
24.57 -0.0156691
24.58 -0.0165023
24.59 -0.0173064
24.6 -0.0180819
24.61 -0.0188292
24.62 -0.0195489
24.63 -0.0202414
24.64 -0.0209072
24.65 -0.0215467
24.66 -0.0221599
24.67 -0.0227465
24.68 -0.0233063
24.69 -0.0238386
24.7 -0.0243426
24.71 -0.0248174
24.72 -0.0252619
24.73 -0.0256752
24.74 -0.026056
24.75 -0.0264034
24.76 -0.026716
24.77 -0.0269926
24.78 -0.0272321
24.79 -0.0274333
24.8 -0.0275955
24.81 -0.027718
24.82 -0.0278002
24.83 -0.0278418
24.84 -0.0278426
24.85 -0.0278028
24.86 -0.0277223
24.87 -0.0276015
24.88 -0.027441
24.89 -0.0272414
24.9 -0.0270038
24.91 -0.0267296
24.92 -0.0264202
24.93 -0.0260774
24.94 -0.025703
24.95 -0.0252992
24.96 -0.0248678
24.97 -0.024411
24.98 -0.0239309
24.99 -0.0234296
25 -0.022909
