0.01 3.17687e-09
0.02 1.53091e-08
0.03 3.78276e-08
0.04 6.8409e-08
0.05 1.04774e-07
0.06 1.44707e-07
0.07 1.86078e-07
0.08 2.26833e-07
0.09 2.64982e-07
0.1 2.98595e-07
0.11 3.25826e-07
0.12 3.44913e-07
0.13 3.54138e-07
0.14 3.51776e-07
0.15 3.36076e-07
0.16 3.05323e-07
0.17 2.57886e-07
0.18 1.92229e-07
0.19 1.06923e-07
0.2 6.59074e-10
0.21 -1.27744e-07
0.22 -2.79334e-07
0.23 -4.55028e-07
0.24 -6.55636e-07
0.25 -8.81888e-07
0.26 -1.1345e-06
0.27 -1.4142e-06
0.28 -1.72161e-06
0.29 -2.05697e-06
0.3 -2.42007e-06
0.31 -2.81015e-06
0.32 -3.22588e-06
0.33 -3.6652e-06
0.34 -4.12515e-06
0.35 -4.60221e-06
0.36 -5.09247e-06
0.37 -5.5918e-06
0.38 -6.09641e-06
0.39 -6.60365e-06
0.4 -7.11255e-06
0.41 -7.62422e-06
0.42 -8.14133e-06
0.43 -8.66754e-06
0.44 -9.20758e-06
0.45 -9.76705e-06
0.46 -1.0352e-05
0.47 -1.09686e-05
0.48 -1.16222e-05
0.49 -1.23177e-05
0.5 -1.30586e-05
0.51 -1.38481e-05
0.52 -1.46889e-05
0.53 -1.55827e-05
0.54 -1.65309e-05
0.55 -1.75343e-05
0.56 -1.85933e-05
0.57 -1.9708e-05
0.58 -2.0878e-05
0.59 -2.21031e-05
0.6 -2.33829e-05
0.61 -2.47168e-05
0.62 -2.6104e-05
0.63 -2.75434e-05
0.64 -2.90341e-05
0.65 -3.05749e-05
0.66 -3.2165e-05
0.67 -3.38036e-05
0.68 -3.54902e-05
0.69 -3.72247e-05
0.7 -3.90068e-05
0.71 -4.0836e-05
0.72 -4.27111e-05
0.73 -4.46292e-05
0.74 -4.65856e-05
0.75 -4.85728e-05
0.76 -5.05802e-05
0.77 -5.25948e-05
0.78 -5.4602e-05
0.79 -5.65879e-05
0.8 -5.85411e-05
0.81 -6.0453e-05
0.82 -6.23175e-05
0.83 -6.41303e-05
0.84 -6.58889e-05
0.85 -6.75945e-05
0.86 -6.92508e-05
0.87 -7.08607e-05
0.88 -7.24221e-05
0.89 -7.39271e-05
0.9 -7.5365e-05
0.91 -7.67231e-05
0.92 -7.79887e-05
0.93 -7.91507e-05
0.94 -8.02024e-05
0.95 -8.11429e-05
0.96 -8.19777e-05
0.97 -8.27177e-05
0.98 -8.33746e-05
0.99 -8.39557e-05
1 -8.44618e-05
1.01 -8.48881e-05
1.02 -8.52242e-05
1.03 -8.54548e-05
1.04 -8.55623e-05
1.05 -8.55293e-05
1.06 -8.53415e-05
1.07 -8.49896e-05
1.08 -8.44677e-05
1.09 -8.3771e-05
1.1 -8.28942e-05
1.11 -8.18335e-05
1.12 -8.05852e-05
1.13 -7.91441e-05
1.14 -7.75038e-05
1.15 -7.56581e-05
1.16 -7.36033e-05
1.17 -7.13401e-05
1.18 -6.88763e-05
1.19 -6.62251e-05
1.2 -6.34012e-05
1.21 -6.04229e-05
1.22 -5.73132e-05
1.23 -5.40969e-05
1.24 -5.0795e-05
1.25 -4.74172e-05
1.26 -4.39567e-05
1.27 -4.03958e-05
1.28 -3.67147e-05
1.29 -3.28947e-05
1.3 -2.89189e-05
1.31 -2.47768e-05
1.32 -2.04676e-05
1.33 -1.59965e-05
1.34 -1.13701e-05
1.35 -6.59271e-06
1.36 -1.66598e-06
1.37 3.41101e-06
1.38 8.64107e-06
1.39 1.40277e-05
1.4 1.95732e-05
1.41 2.52751e-05
1.42 3.11228e-05
1.43 3.70934e-05
1.44 4.31474e-05
1.45 4.92271e-05
1.46 5.5258e-05
1.47 6.11554e-05
1.48 6.68311e-05
1.49 7.21949e-05
1.5 7.71579e-05
1.51 8.16371e-05
1.52 8.55581e-05
1.53 8.88618e-05
1.54 9.15126e-05
1.55 9.35062e-05
1.56 9.4872e-05
1.57 9.56636e-05
1.58 9.59504e-05
1.59 9.58108e-05
1.6 9.532e-05
1.61 9.45431e-05
1.62 9.35381e-05
1.63 9.23549e-05
1.64 9.10355e-05
1.65 8.96145e-05
1.66 8.81169e-05
1.67 8.65562e-05
1.68 8.49362e-05
1.69 8.32573e-05
1.7 8.152e-05
1.71 7.97248e-05
1.72 7.78728e-05
1.73 7.59682e-05
1.74 7.40214e-05
1.75 7.20534e-05
1.76 7.00904e-05
1.77 6.81574e-05
1.78 6.62822e-05
1.79 6.45003e-05
1.8 6.28535e-05
1.81 6.13841e-05
1.82 6.0135e-05
1.83 5.9148e-05
1.84 5.84534e-05
1.85 5.80644e-05
1.86 5.79816e-05
1.87 5.82029e-05
1.88 5.87293e-05
1.89 5.95653e-05
1.9 6.07197e-05
1.91 6.2205e-05
1.92 6.40378e-05
1.93 6.62362e-05
1.94 6.88069e-05
1.95 7.1729e-05
1.96 7.4953e-05
1.97 7.84063e-05
1.98 8.19974e-05
1.99 8.56274e-05
2 8.92109e-05
2.01 9.26938e-05
2.02 9.60559e-05
2.03 9.93074e-05
2.04 0.000102486
2.05 0.000105649
2.06 0.000108859
2.07 0.000112176
2.08 0.000115644
2.09 0.000119275
2.1 0.00012305
2.11 0.000126922
2.12 0.000130812
2.13 0.000134603
2.14 0.000138158
2.15 0.000141324
2.16 0.000143941
2.17 0.000145845
2.18 0.000146874
2.19 0.000146857
2.2 0.00014561
2.21 0.000142938
2.22 0.000138654
2.23 0.000132577
2.24 0.000124542
2.25 0.000114395
2.26 0.000101997
2.27 8.72498e-05
2.28 7.01055e-05
2.29 5.05502e-05
2.3 2.86025e-05
2.31 4.31299e-06
2.32 -2.22283e-05
2.33 -5.08808e-05
2.34 -8.14473e-05
2.35 -0.00011368
2.36 -0.000147289
2.37 -0.000181955
2.38 -0.000217337
2.39 -0.000253071
2.4 -0.000288791
2.41 -0.000324168
2.42 -0.000358931
2.43 -0.000392848
2.44 -0.000425707
2.45 -0.000457314
2.46 -0.000487493
2.47 -0.000516094
2.48 -0.000543002
2.49 -0.000568119
2.5 -0.000591343
2.51 -0.000612561
2.52 -0.000631647
2.53 -0.00064847
2.54 -0.000662907
2.55 -0.000674831
2.56 -0.000684122
2.57 -0.000690691
2.58 -0.000694502
2.59 -0.000695579
2.6 -0.000693997
2.61 -0.000689868
2.62 -0.000683318
2.63 -0.000674471
2.64 -0.000663433
2.65 -0.000650296
2.66 -0.000635133
2.67 -0.000618006
2.68 -0.000598972
2.69 -0.000578103
2.7 -0.000555486
2.71 -0.000531214
2.72 -0.000505382
2.73 -0.000478091
2.74 -0.000449421
2.75 -0.000419433
2.76 -0.000388183
2.77 -0.000355724
2.78 -0.00032208
2.79 -0.00028724
2.8 -0.000251157
2.81 -0.000213758
2.82 -0.000174971
2.83 -0.00013476
2.84 -9.31266e-05
2.85 -5.01145e-05
2.86 -5.80249e-06
2.87 3.96889e-05
2.88 8.61815e-05
2.89 0.000133449
2.9 0.00018124
2.91 0.000229288
2.92 0.00027731
2.93 0.000325015
2.94 0.000372117
2.95 0.000418338
2.96 0.000463422
2.97 0.000507159
2.98 0.000549402
2.99 0.000590049
3 0.000629035
3.01 0.000666321
3.02 0.000701872
3.03 0.000735638
3.04 0.000767551
3.05 0.000797512
3.06 0.000825389
3.07 0.00085101
3.08 0.000874168
3.09 0.000894637
3.1 0.000912205
3.11 0.000926702
3.12 0.000938019
3.13 0.000946121
3.14 0.000951035
3.15 0.000952822
3.16 0.000951565
3.17 0.000947374
3.18 0.000940379
3.19 0.000930717
3.2 0.000918509
3.21 0.000903868
3.22 0.000886942
3.23 0.000867918
3.24 0.000847029
3.25 0.00082454
3.26 0.000800736
3.27 0.000775941
3.28 0.000750533
3.29 0.000724906
3.3 0.000699437
3.31 0.000674512
3.32 0.000650514
3.33 0.000627787
3.34 0.00060658
3.35 0.000587028
3.36 0.000569134
3.37 0.000552777
3.38 0.000537732
3.39 0.000523669
3.4 0.000510167
3.41 0.000496734
3.42 0.000482836
3.43 0.000467938
3.44 0.000451523
3.45 0.000433096
3.46 0.000412201
3.47 0.000388461
3.48 0.000361622
3.49 0.000331577
3.5 0.000298357
3.51 0.000262117
3.52 0.000223126
3.53 0.00018175
3.54 0.000138418
3.55 9.35713e-05
3.56 4.76021e-05
3.57 8.47192e-07
3.58 -4.63697e-05
3.59 -9.37286e-05
3.6 -0.000140951
3.61 -0.00018782
3.62 -0.000234175
3.63 -0.000279908
3.64 -0.000324966
3.65 -0.000369354
3.66 -0.000413132
3.67 -0.00045643
3.68 -0.000499447
3.69 -0.000542429
3.7 -0.000585617
3.71 -0.00062923
3.72 -0.000673487
3.73 -0.00071858
3.74 -0.000764648
3.75 -0.00081179
3.76 -0.000860074
3.77 -0.00090953
3.78 -0.000960147
3.79 -0.00101188
3.8 -0.00106464
3.81 -0.00111828
3.82 -0.0011726
3.83 -0.00122736
3.84 -0.00128231
3.85 -0.00133717
3.86 -0.00139171
3.87 -0.00144575
3.88 -0.00149924
3.89 -0.00155224
3.9 -0.00160491
3.91 -0.00165754
3.92 -0.00171052
3.93 -0.00176433
3.94 -0.00181948
3.95 -0.00187648
3.96 -0.00193583
3.97 -0.00199797
3.98 -0.00206322
3.99 -0.00213175
4 -0.00220359
4.01 -0.00227858
4.02 -0.00235648
4.03 -0.00243689
4.04 -0.0025193
4.05 -0.00260307
4.06 -0.00268748
4.07 -0.00277166
4.08 -0.00285459
4.09 -0.00293517
4.1 -0.00301217
4.11 -0.00308437
4.12 -0.00315063
4.13 -0.00320996
4.14 -0.0032616
4.15 -0.00330502
4.16 -0.00334002
4.17 -0.00336676
4.18 -0.00338566
4.19 -0.00339735
4.2 -0.0034027
4.21 -0.00340268
4.22 -0.00339836
4.23 -0.00339073
4.24 -0.00338068
4.25 -0.00336901
4.26 -0.00335645
4.27 -0.00334365
4.28 -0.00333114
4.29 -0.00331929
4.3 -0.00330835
4.31 -0.0032984
4.32 -0.00328942
4.33 -0.00328128
4.34 -0.00327371
4.35 -0.00326632
4.36 -0.00325854
4.37 -0.00324972
4.38 -0.00323908
4.39 -0.0032258
4.4 -0.00320903
4.41 -0.00318786
4.42 -0.00316137
4.43 -0.00312865
4.44 -0.00308882
4.45 -0.00304109
4.46 -0.00298482
4.47 -0.00291958
4.48 -0.00284512
4.49 -0.00276139
4.5 -0.00266837
4.51 -0.00256611
4.52 -0.00245475
4.53 -0.00233455
4.54 -0.00220591
4.55 -0.00206931
4.56 -0.00192534
4.57 -0.00177465
4.58 -0.00161799
4.59 -0.00145614
4.6 -0.00128996
4.61 -0.00112029
4.62 -0.000947927
4.63 -0.00077363
4.64 -0.000598093
4.65 -0.000421941
4.66 -0.00024571
4.67 -6.98001e-05
4.68 0.000105547
4.69 0.000280217
4.7 0.000454168
4.71 0.000627366
4.72 0.00079975
4.73 0.000971258
4.74 0.0011418
4.75 0.00131119
4.76 0.00147917
4.77 0.00164543
4.78 0.00180961
4.79 0.00197136
4.8 0.00213033
4.81 0.0022861
4.82 0.00243822
4.83 0.00258623
4.84 0.0027297
4.85 0.00286814
4.86 0.00300105
4.87 0.00312794
4.88 0.00324845
4.89 0.00336219
4.9 0.00346884
4.91 0.00356812
4.92 0.00365983
4.93 0.00374382
4.94 0.00381997
4.95 0.0038882
4.96 0.00394845
4.97 0.00400073
4.98 0.0040451
4.99 0.00408172
5 0.00411078
5.01 0.00413249
5.02 0.00414703
5.03 0.00415446
5.04 0.00415473
5.05 0.0041477
5.06 0.00413308
5.07 0.00411047
5.08 0.00407936
5.09 0.00403921
5.1 0.00398943
5.11 0.00392941
5.12 0.00385856
5.13 0.0037764
5.14 0.00368253
5.15 0.0035767
5.16 0.00345886
5.17 0.00332923
5.18 0.0031882
5.19 0.00303635
5.2 0.0028744
5.21 0.00270322
5.22 0.00252378
5.23 0.00233704
5.24 0.00214398
5.25 0.00194556
5.26 0.00174276
5.27 0.00153666
5.28 0.0013284
5.29 0.00111907
5.3 0.000909778
5.31 0.000701561
5.32 0.000495389
5.33 0.00029206
5.34 9.21571e-05
5.35 -0.000103945
5.36 -0.000296105
5.37 -0.000484468
5.38 -0.000669436
5.39 -0.000851557
5.4 -0.00103144
5.41 -0.00120969
5.42 -0.00138693
5.43 -0.00156366
5.44 -0.00174024
5.45 -0.00191688
5.46 -0.00209362
5.47 -0.00227038
5.48 -0.00244703
5.49 -0.00262338
5.5 -0.00279916
5.51 -0.00297402
5.52 -0.00314754
5.53 -0.00331929
5.54 -0.00348885
5.55 -0.00365574
5.56 -0.00381945
5.57 -0.00397955
5.58 -0.00413566
5.59 -0.00428751
5.6 -0.00443485
5.61 -0.00457741
5.62 -0.00471491
5.63 -0.00484705
5.64 -0.00497348
5.65 -0.00509389
5.66 -0.00520794
5.67 -0.0053153
5.68 -0.0054156
5.69 -0.0055084
5.7 -0.0055932
5.71 -0.00566942
5.72 -0.00573641
5.73 -0.00579349
5.74 -0.00583997
5.75 -0.00587516
5.76 -0.00589838
5.77 -0.00590904
5.78 -0.00590668
5.79 -0.005891
5.8 -0.0058619
5.81 -0.00581949
5.82 -0.00576411
5.83 -0.0056964
5.84 -0.00561719
5.85 -0.0055275
5.86 -0.00542848
5.87 -0.00532137
5.88 -0.00520747
5.89 -0.00508808
5.9 -0.0049645
5.91 -0.00483791
5.92 -0.0047094
5.93 -0.00457991
5.94 -0.00445024
5.95 -0.00432101
5.96 -0.00419262
5.97 -0.00406516
5.98 -0.0039384
5.99 -0.00381192
6 -0.00368505
6.01 -0.00355698
6.02 -0.00342683
6.03 -0.00329369
6.04 -0.00315662
6.05 -0.00301469
6.06 -0.00286704
6.07 -0.00271293
6.08 -0.00255181
6.09 -0.00238336
6.1 -0.00220735
6.11 -0.00202372
6.12 -0.00183254
6.13 -0.00163402
6.14 -0.00142845
6.15 -0.00121614
6.16 -0.000997343
6.17 -0.000772215
6.18 -0.000540719
6.19 -0.000302628
6.2 -5.76036e-05
6.21 0.000194741
6.22 0.000454857
6.23 0.000723251
6.24 0.00100042
6.25 0.0012868
6.26 0.00158281
6.27 0.00188885
6.28 0.00220528
6.29 0.00253248
6.3 0.00287086
6.31 0.00322084
6.32 0.0035829
6.33 0.00395756
6.34 0.00434537
6.35 0.00474685
6.36 0.00516249
6.37 0.00559255
6.38 0.00603698
6.39 0.00649539
6.4 0.00696716
6.41 0.00745147
6.42 0.00794739
6.43 0.00845404
6.44 0.00897062
6.45 0.00949648
6.46 0.0100313
6.47 0.0105747
6.48 0.0111268
6.49 0.0116873
6.5 0.0122557
6.51 0.0128314
6.52 0.013413
6.53 0.013999
6.54 0.0145874
6.55 0.0151757
6.56 0.015761
6.57 0.01634
6.58 0.0169094
6.59 0.0174658
6.6 0.0180059
6.61 0.018527
6.62 0.0190263
6.63 0.0195019
6.64 0.0199518
6.65 0.0203747
6.66 0.020769
6.67 0.0211335
6.68 0.0214667
6.69 0.0217673
6.7 0.022034
6.71 0.0222654
6.72 0.0224606
6.73 0.0226182
6.74 0.0227374
6.75 0.0228173
6.76 0.0228574
6.77 0.0228571
6.78 0.0228164
6.79 0.0227353
6.8 0.0226139
6.81 0.0224528
6.82 0.0222522
6.83 0.0220125
6.84 0.0217342
6.85 0.0214174
6.86 0.0210625
6.87 0.0206693
6.88 0.020238
6.89 0.0197687
6.9 0.0192615
6.91 0.0187168
6.92 0.0181353
6.93 0.0175181
6.94 0.0168665
6.95 0.0161822
6.96 0.0154673
6.97 0.0147239
6.98 0.0139539
6.99 0.0131591
7 0.012341
7.01 0.0115008
7.02 0.0106394
7.03 0.00975752
7.04 0.00885584
7.05 0.00793525
7.06 0.00699692
7.07 0.00604243
7.08 0.00507374
7.09 0.00409318
7.1 0.00310337
7.11 0.00210712
7.12 0.0011073
7.13 0.000106624
7.14 -0.000892593
7.15 -0.00188846
7.16 -0.00287954
7.17 -0.00386474
7.18 -0.00484328
7.19 -0.00581453
7.2 -0.00677796
7.21 -0.00773297
7.22 -0.00867882
7.23 -0.00961447
7.24 -0.0105386
7.25 -0.0114496
7.26 -0.0123455
7.27 -0.0132245
7.28 -0.0140846
7.29 -0.0149241
7.3 -0.0157416
7.31 -0.0165358
7.32 -0.0173062
7.33 -0.0180521
7.34 -0.0187733
7.35 -0.0194697
7.36 -0.0201408
7.37 -0.0207861
7.38 -0.0214049
7.39 -0.0219958
7.4 -0.0225575
7.41 -0.0230884
7.42 -0.0235867
7.43 -0.0240509
7.44 -0.0244794
7.45 -0.0248713
7.46 -0.0252261
7.47 -0.0255434
7.48 -0.0258234
7.49 -0.0260669
7.5 -0.0262748
7.51 -0.0264486
7.52 -0.0265899
7.53 -0.0267005
7.54 -0.0267822
7.55 -0.0268368
7.56 -0.0268659
7.57 -0.0268713
7.58 -0.0268547
7.59 -0.026818
7.6 -0.0267629
7.61 -0.0266913
7.62 -0.0266047
7.63 -0.0265044
7.64 -0.0263911
7.65 -0.0262652
7.66 -0.0261266
7.67 -0.0259747
7.68 -0.0258081
7.69 -0.025625
7.7 -0.0254232
7.71 -0.0252
7.72 -0.0249527
7.73 -0.0246791
7.74 -0.0243771
7.75 -0.0240455
7.76 -0.0236833
7.77 -0.0232902
7.78 -0.0228661
7.79 -0.0224113
7.8 -0.0219264
7.81 -0.0214123
7.82 -0.0208702
7.83 -0.0203015
7.84 -0.0197078
7.85 -0.0190911
7.86 -0.0184533
7.87 -0.0177964
7.88 -0.0171225
7.89 -0.0164336
7.9 -0.0157315
7.91 -0.0150179
7.92 -0.0142942
7.93 -0.0135615
7.94 -0.0128208
7.95 -0.0120727
7.96 -0.0113177
7.97 -0.010556
7.98 -0.00978771
7.99 -0.00901284
8 -0.00823134
8.01 -0.00744327
8.02 -0.0066488
8.03 -0.00584825
8.04 -0.00504218
8.05 -0.0042314
8.06 -0.00341703
8.07 -0.00260047
8.08 -0.00178326
8.09 -0.000967013
8.1 -0.000153291
8.11 0.000656551
8.12 0.00146151
8.13 0.00226099
8.14 0.0030547
8.15 0.00384269
8.16 0.00462529
8.17 0.00540304
8.18 0.00617662
8.19 0.00694671
8.2 0.00771396
8.21 0.00847896
8.22 0.00924205
8.23 0.0100034
8.24 0.0107632
8.25 0.0115212
8.26 0.0122771
8.27 0.0130303
8.28 0.0137802
8.29 0.0145256
8.3 0.0152652
8.31 0.0159971
8.32 0.0167191
8.33 0.0174283
8.34 0.0181213
8.35 0.0187945
8.36 0.019444
8.37 0.020066
8.38 0.0206569
8.39 0.0212137
8.4 0.0217338
8.41 0.0222155
8.42 0.0226576
8.43 0.0230591
8.44 0.02342
8.45 0.0237402
8.46 0.0240206
8.47 0.0242621
8.48 0.0244662
8.49 0.0246346
8.5 0.0247692
8.51 0.0248718
8.52 0.0249444
8.53 0.0249884
8.54 0.0250052
8.55 0.0249955
8.56 0.0249597
8.57 0.0248981
8.58 0.0248106
8.59 0.0246972
8.6 0.0245578
8.61 0.0243924
8.62 0.024201
8.63 0.023984
8.64 0.0237422
8.65 0.0234766
8.66 0.0231885
8.67 0.0228795
8.68 0.0225516
8.69 0.0222067
8.7 0.0218467
8.71 0.0214735
8.72 0.021089
8.73 0.0206949
8.74 0.0202926
8.75 0.0198834
8.76 0.0194683
8.77 0.0190478
8.78 0.0186222
8.79 0.0181915
8.8 0.0177553
8.81 0.017313
8.82 0.0168637
8.83 0.0164064
8.84 0.0159404
8.85 0.0154648
8.86 0.0149792
8.87 0.0144832
8.88 0.0139766
8.89 0.0134593
8.9 0.0129317
8.91 0.0123944
8.92 0.0118482
8.93 0.011294
8.94 0.010733
8.95 0.010166
8.96 0.00959399
8.97 0.00901787
8.98 0.00843838
8.99 0.00785618
9 0.00727166
9.01 0.00668497
9.02 0.00609601
9.03 0.00550433
9.04 0.00490931
9.05 0.00431019
9.06 0.00370629
9.07 0.00309708
9.08 0.00248219
9.09 0.00186143
9.1 0.00123473
9.11 0.000602086
9.12 -3.65094e-05
9.13 -0.000681005
9.14 -0.00133133
9.15 -0.00198737
9.16 -0.00264888
9.17 -0.00331536
9.18 -0.00398592
9.19 -0.00465927
9.2 -0.00533364
9.21 -0.00600676
9.22 -0.00667581
9.23 -0.00733752
9.24 -0.00798828
9.25 -0.00862448
9.26 -0.00924264
9.27 -0.00983969
9.28 -0.010413
9.29 -0.0109605
9.3 -0.0114808
9.31 -0.0119725
9.32 -0.0124347
9.33 -0.0128665
9.34 -0.013267
9.35 -0.0136357
9.36 -0.0139719
9.37 -0.0142752
9.38 -0.0145451
9.39 -0.0147813
9.4 -0.0149838
9.41 -0.0151525
9.42 -0.0152879
9.43 -0.0153909
9.44 -0.0154627
9.45 -0.015505
9.46 -0.0155201
9.47 -0.0155104
9.48 -0.0154781
9.49 -0.0154258
9.5 -0.0153555
9.51 -0.0152689
9.52 -0.0151674
9.53 -0.0150519
9.54 -0.0149233
9.55 -0.0147821
9.56 -0.014629
9.57 -0.0144647
9.58 -0.0142903
9.59 -0.014107
9.6 -0.0139162
9.61 -0.0137197
9.62 -0.0135188
9.63 -0.0133151
9.64 -0.0131098
9.65 -0.0129037
9.66 -0.0126971
9.67 -0.0124904
9.68 -0.0122832
9.69 -0.012075
9.7 -0.0118653
9.71 -0.0116531
9.72 -0.011438
9.73 -0.0112194
9.74 -0.0109968
9.75 -0.0107703
9.76 -0.01054
9.77 -0.0103064
9.78 -0.0100701
9.79 -0.00983216
9.8 -0.00959356
9.81 -0.00935563
9.82 -0.00911987
9.83 -0.00888786
9.84 -0.00866137
9.85 -0.0084422
9.86 -0.0082322
9.87 -0.00803309
9.88 -0.00784641
9.89 -0.00767353
9.9 -0.00751564
9.91 -0.00737362
9.92 -0.00724801
9.93 -0.00713902
9.94 -0.00704654
9.95 -0.00697016
9.96 -0.00690926
9.97 -0.00686313
9.98 -0.00683119
9.99 -0.00681301
10 -0.00680834
10.01 -0.00681714
10.02 -0.00683958
10.03 -0.00687606
10.04 -0.00692712
10.05 -0.00699322
10.06 -0.0070747
10.07 -0.00717164
10.08 -0.00728393
10.09 -0.00741123
10.1 -0.00755304
10.11 -0.00770868
10.12 -0.00787744
10.13 -0.00805869
10.14 -0.00825197
10.15 -0.00845691
10.16 -0.00867326
10.17 -0.00890085
10.18 -0.00913944
10.19 -0.00938865
10.2 -0.00964791
10.21 -0.00991648
10.22 -0.0101935
10.23 -0.010478
10.24 -0.0107691
10.25 -0.0110657
10.26 -0.0113668
10.27 -0.0116715
10.28 -0.0119791
10.29 -0.0122888
10.3 -0.0125998
10.31 -0.0129115
10.32 -0.013223
10.33 -0.0135335
10.34 -0.013842
10.35 -0.0141477
10.36 -0.0144496
10.37 -0.0147468
10.38 -0.0150385
10.39 -0.0153238
10.4 -0.0156017
10.41 -0.0158714
10.42 -0.0161315
10.43 -0.016381
10.44 -0.0166181
10.45 -0.0168413
10.46 -0.0170486
10.47 -0.0172382
10.48 -0.0174083
10.49 -0.0175572
10.5 -0.0176837
10.51 -0.0177868
10.52 -0.0178659
10.53 -0.0179208
10.54 -0.0179515
10.55 -0.0179582
10.56 -0.0179411
10.57 -0.0179007
10.58 -0.0178373
10.59 -0.0177516
10.6 -0.0176438
10.61 -0.0175147
10.62 -0.0173649
10.63 -0.0171952
10.64 -0.0170063
10.65 -0.0167993
10.66 -0.0165754
10.67 -0.0163358
10.68 -0.0160816
10.69 -0.0158142
10.7 -0.0155345
10.71 -0.0152434
10.72 -0.0149416
10.73 -0.0146297
10.74 -0.0143081
10.75 -0.0139773
10.76 -0.0136376
10.77 -0.0132893
10.78 -0.0129326
10.79 -0.0125677
10.8 -0.0121945
10.81 -0.011813
10.82 -0.0114234
10.83 -0.0110254
10.84 -0.010619
10.85 -0.010204
10.86 -0.00978051
10.87 -0.00934856
10.88 -0.00890837
10.89 -0.00846025
10.9 -0.00800455
10.91 -0.00754169
10.92 -0.00707203
10.93 -0.0065958
10.94 -0.00611301
10.95 -0.00562344
10.96 -0.00512666
10.97 -0.00462205
10.98 -0.00410886
10.99 -0.00358635
11 -0.00305383
11.01 -0.00251075
11.02 -0.0019567
11.03 -0.00139146
11.04 -0.000815031
11.05 -0.000227619
11.06 0.00037045
11.07 0.000978752
11.08 0.00159675
11.09 0.00222379
11.1 0.0028592
11.11 0.00350228
11.12 0.00415243
11.13 0.00480911
11.14 0.00547181
11.15 0.00614
11.16 0.00681318
11.17 0.00749101
11.18 0.00817331
11.19 0.00886016
11.2 0.00955179
11.21 0.0102487
11.22 0.0109513
11.23 0.0116605
11.24 0.0123767
11.25 0.0131002
11.26 0.0138307
11.27 0.0145675
11.28 0.0153095
11.29 0.0160553
11.3 0.0168032
11.31 0.0175518
11.32 0.0182993
11.33 0.0190443
11.34 0.0197853
11.35 0.0205214
11.36 0.021252
11.37 0.0219766
11.38 0.0226952
11.39 0.0234076
11.4 0.0241136
11.41 0.0248129
11.42 0.0255052
11.43 0.0261896
11.44 0.0268652
11.45 0.0275308
11.46 0.0281853
11.47 0.0288273
11.48 0.0294558
11.49 0.03007
11.5 0.0306697
11.51 0.0312546
11.52 0.0318253
11.53 0.0323823
11.54 0.0329262
11.55 0.033458
11.56 0.0339782
11.57 0.0344871
11.58 0.034985
11.59 0.0354718
11.6 0.0359471
11.61 0.0364108
11.62 0.0368627
11.63 0.0373028
11.64 0.0377309
11.65 0.0381469
11.66 0.0385507
11.67 0.0389422
11.68 0.0393214
11.69 0.0396881
11.7 0.0400419
11.71 0.0403823
11.72 0.0407086
11.73 0.0410202
11.74 0.0413163
11.75 0.0415954
11.76 0.041856
11.77 0.042096
11.78 0.0423126
11.79 0.0425029
11.8 0.0426635
11.81 0.0427911
11.82 0.0428829
11.83 0.0429361
11.84 0.0429484
11.85 0.0429178
11.86 0.0428425
11.87 0.0427211
11.88 0.0425522
11.89 0.0423346
11.9 0.0420673
11.91 0.0417492
11.92 0.0413797
11.93 0.0409582
11.94 0.0404843
11.95 0.0399578
11.96 0.0393784
11.97 0.0387462
11.98 0.0380614
11.99 0.0373244
12 0.036536
12.01 0.0356972
12.02 0.0348092
12.03 0.0338738
12.04 0.0328928
12.05 0.0318687
12.06 0.0308037
12.07 0.0297007
12.08 0.028562
12.09 0.0273902
12.1 0.0261873
12.11 0.0249554
12.12 0.0236961
12.13 0.0224108
12.14 0.0211006
12.15 0.0197663
12.16 0.0184083
12.17 0.0170271
12.18 0.0156229
12.19 0.0141962
12.2 0.0127474
12.21 0.0112768
12.22 0.00978506
12.23 0.00827294
12.24 0.00674123
12.25 0.00519083
12.26 0.00362282
12.27 0.0020385
12.28 0.000439302
12.29 -0.00117315
12.3 -0.00279707
12.31 -0.00443052
12.32 -0.00607134
12.33 -0.00771707
12.34 -0.00936498
12.35 -0.0110122
12.36 -0.0126556
12.37 -0.0142919
12.38 -0.0159176
12.39 -0.0175289
12.4 -0.0191221
12.41 -0.0206933
12.42 -0.0222388
12.43 -0.0237548
12.44 -0.0252381
12.45 -0.0266852
12.46 -0.0280928
12.47 -0.0294577
12.48 -0.0307766
12.49 -0.0320457
12.5 -0.0332609
12.51 -0.0344176
12.52 -0.0355112
12.53 -0.0365364
12.54 -0.0374883
12.55 -0.0383619
12.56 -0.0391533
12.57 -0.0398595
12.58 -0.0404781
12.59 -0.0410065
12.6 -0.0414421
12.61 -0.0417825
12.62 -0.0420253
12.63 -0.0421686
12.64 -0.0422107
12.65 -0.0421503
12.66 -0.0419861
12.67 -0.0417176
12.68 -0.0413449
12.69 -0.0408686
12.7 -0.0402899
12.71 -0.0396104
12.72 -0.0388322
12.73 -0.0379577
12.74 -0.0369895
12.75 -0.0359303
12.76 -0.034783
12.77 -0.0335503
12.78 -0.0322352
12.79 -0.0308406
12.8 -0.0293694
12.81 -0.0278247
12.82 -0.0262098
12.83 -0.0245281
12.84 -0.0227833
12.85 -0.0209791
12.86 -0.0191191
12.87 -0.0172069
12.88 -0.0152461
12.89 -0.0132399
12.9 -0.0111914
12.91 -0.00910346
12.92 -0.006979
12.93 -0.00482102
12.94 -0.00263259
12.95 -0.000416927
12.96 0.00182258
12.97 0.00408243
12.98 0.00635902
12.99 0.00864869
13 0.0109478
13.01 0.0132526
13.02 0.0155597
13.03 0.017866
13.04 0.0201682
13.05 0.0224635
13.06 0.0247488
13.07 0.0270209
13.08 0.0292766
13.09 0.0315123
13.1 0.0337243
13.11 0.0359086
13.12 0.038061
13.13 0.0401774
13.14 0.0422551
13.15 0.0442935
13.16 0.0462925
13.17 0.0482514
13.18 0.0501699
13.19 0.0520477
13.2 0.053885
13.21 0.0556817
13.22 0.0574377
13.23 0.0591532
13.24 0.0608279
13.25 0.0624618
13.26 0.0640547
13.27 0.0656062
13.28 0.067116
13.29 0.0685836
13.3 0.0700083
13.31 0.0713892
13.32 0.0727256
13.33 0.074016
13.34 0.0752593
13.35 0.076454
13.36 0.0775989
13.37 0.0786926
13.38 0.0797342
13.39 0.0807227
13.4 0.0816573
13.41 0.0825376
13.42 0.0833632
13.43 0.084134
13.44 0.0848502
13.45 0.0855123
13.46 0.0861209
13.47 0.0866769
13.48 0.0871812
13.49 0.0876352
13.5 0.08804
13.51 0.0883971
13.52 0.0887078
13.53 0.0889738
13.54 0.0891965
13.55 0.0893777
13.56 0.0895193
13.57 0.0896229
13.58 0.0896903
13.59 0.0897229
13.6 0.0897221
13.61 0.0896889
13.62 0.0896245
13.63 0.0895298
13.64 0.0894061
13.65 0.0892543
13.66 0.0890757
13.67 0.0888713
13.68 0.0886424
13.69 0.08839
13.7 0.088115
13.71 0.0878181
13.72 0.0875
13.73 0.0871612
13.74 0.0868018
13.75 0.0864219
13.76 0.0860213
13.77 0.0855992
13.78 0.0851548
13.79 0.0846867
13.8 0.084193
13.81 0.0836718
13.82 0.0831202
13.83 0.0825356
13.84 0.0819156
13.85 0.0812585
13.86 0.0805633
13.87 0.0798298
13.88 0.079058
13.89 0.0782477
13.9 0.077399
13.91 0.076512
13.92 0.0755868
13.93 0.0746235
13.94 0.0736225
13.95 0.0725839
13.96 0.071508
13.97 0.0703952
13.98 0.0692459
13.99 0.0680607
14 0.0668401
14.01 0.0655845
14.02 0.0642945
14.03 0.0629705
14.04 0.0616133
14.05 0.0602235
14.06 0.0588021
14.07 0.0573496
14.08 0.0558668
14.09 0.054354
14.1 0.0528115
14.11 0.0512392
14.12 0.049637
14.13 0.0480043
14.14 0.0463401
14.15 0.0446434
14.16 0.0429129
14.17 0.0411469
14.18 0.0393441
14.19 0.0375032
14.2 0.0356228
14.21 0.0337018
14.22 0.0317392
14.23 0.0297339
14.24 0.0276847
14.25 0.0255905
14.26 0.02345
14.27 0.0212621
14.28 0.0190258
14.29 0.0167401
14.3 0.0144047
14.31 0.0120194
14.32 0.00958448
14.33 0.00710078
14.34 0.00456791
14.35 0.00198332
14.36 -0.000655761
14.37 -0.00335158
14.38 -0.00610664
14.39 -0.0089236
14.4 -0.0118052
14.41 -0.0147542
14.42 -0.0177735
14.43 -0.0208656
14.44 -0.024033
14.45 -0.0272775
14.46 -0.0306006
14.47 -0.0340032
14.48 -0.0374858
14.49 -0.0410489
14.5 -0.0446926
14.51 -0.0484171
14.52 -0.0522228
14.53 -0.05611
14.54 -0.0600792
14.55 -0.0641312
14.56 -0.0682666
14.57 -0.0724861
14.58 -0.0767905
14.59 -0.0811804
14.6 -0.0856565
14.61 -0.090219
14.62 -0.0948678
14.63 -0.0996022
14.64 -0.104421
14.65 -0.109321
14.66 -0.114299
14.67 -0.119352
14.68 -0.124475
14.69 -0.129665
14.7 -0.134916
14.71 -0.140227
14.72 -0.145593
14.73 -0.151009
14.74 -0.156471
14.75 -0.161971
14.76 -0.167504
14.77 -0.173062
14.78 -0.178639
14.79 -0.184227
14.8 -0.18982
14.81 -0.195411
14.82 -0.200993
14.83 -0.206559
14.84 -0.212104
14.85 -0.21762
14.86 -0.223101
14.87 -0.22854
14.88 -0.233931
14.89 -0.239268
14.9 -0.244544
14.91 -0.249752
14.92 -0.254886
14.93 -0.259937
14.94 -0.264901
14.95 -0.269768
14.96 -0.274534
14.97 -0.27919
14.98 -0.283732
14.99 -0.288154
15 -0.292453
15.01 -0.296625
15.02 -0.300672
15.03 -0.304592
15.04 -0.308389
15.05 -0.312064
15.06 -0.31562
15.07 -0.319062
15.08 -0.322394
15.09 -0.32562
15.1 -0.328745
15.11 -0.331775
15.12 -0.334712
15.13 -0.337563
15.14 -0.340332
15.15 -0.343023
15.16 -0.345641
15.17 -0.34819
15.18 -0.350674
15.19 -0.353096
15.2 -0.355458
15.21 -0.357762
15.22 -0.360012
15.23 -0.36221
15.24 -0.36436
15.25 -0.366464
15.26 -0.368527
15.27 -0.370552
15.28 -0.372545
15.29 -0.37451
15.3 -0.376452
15.31 -0.378373
15.32 -0.380279
15.33 -0.382171
15.34 -0.384051
15.35 -0.385922
15.36 -0.387786
15.37 -0.389646
15.38 -0.391504
15.39 -0.393364
15.4 -0.395226
15.41 -0.397094
15.42 -0.398969
15.43 -0.400852
15.44 -0.402744
15.45 -0.404645
15.46 -0.406555
15.47 -0.408473
15.48 -0.410398
15.49 -0.412327
15.5 -0.414257
15.51 -0.416184
15.52 -0.418103
15.53 -0.420008
15.54 -0.421894
15.55 -0.423756
15.56 -0.425589
15.57 -0.427386
15.58 -0.429144
15.59 -0.430856
15.6 -0.432517
15.61 -0.434123
15.62 -0.435666
15.63 -0.437144
15.64 -0.438549
15.65 -0.439877
15.66 -0.441122
15.67 -0.442278
15.68 -0.443342
15.69 -0.444307
15.7 -0.445167
15.71 -0.445919
15.72 -0.446557
15.73 -0.447076
15.74 -0.44747
15.75 -0.447734
15.76 -0.447864
15.77 -0.447853
15.78 -0.447696
15.79 -0.447389
15.8 -0.446926
15.81 -0.446305
15.82 -0.44552
15.83 -0.44457
15.84 -0.443451
15.85 -0.442161
15.86 -0.4407
15.87 -0.439067
15.88 -0.43726
15.89 -0.435281
15.9 -0.433129
15.91 -0.430805
15.92 -0.428311
15.93 -0.425649
15.94 -0.422819
15.95 -0.419824
15.96 -0.416667
15.97 -0.41335
15.98 -0.409878
15.99 -0.406254
16 -0.402485
16.01 -0.398575
16.02 -0.394532
16.03 -0.390363
16.04 -0.386078
16.05 -0.381686
16.06 -0.377197
16.07 -0.372625
16.08 -0.367979
16.09 -0.363269
16.1 -0.358503
16.11 -0.353686
16.12 -0.348823
16.13 -0.343918
16.14 -0.338978
16.15 -0.334006
16.16 -0.329008
16.17 -0.323989
16.18 -0.318955
16.19 -0.313912
16.2 -0.308864
16.21 -0.303816
16.22 -0.298775
16.23 -0.293744
16.24 -0.288726
16.25 -0.283726
16.26 -0.278745
16.27 -0.273784
16.28 -0.268845
16.29 -0.263928
16.3 -0.259034
16.31 -0.254162
16.32 -0.249313
16.33 -0.244488
16.34 -0.239685
16.35 -0.234904
16.36 -0.230146
16.37 -0.22541
16.38 -0.220695
16.39 -0.216001
16.4 -0.211327
16.41 -0.206674
16.42 -0.202039
16.43 -0.197423
16.44 -0.192825
16.45 -0.188245
16.46 -0.183682
16.47 -0.179136
16.48 -0.174607
16.49 -0.170095
16.5 -0.165598
16.51 -0.161117
16.52 -0.156652
16.53 -0.152202
16.54 -0.147767
16.55 -0.143346
16.56 -0.138941
16.57 -0.134549
16.58 -0.130173
16.59 -0.12581
16.6 -0.121463
16.61 -0.117132
16.62 -0.112817
16.63 -0.10852
16.64 -0.104242
16.65 -0.0999846
16.66 -0.0957512
16.67 -0.0915438
16.68 -0.0873654
16.69 -0.0832195
16.7 -0.0791096
16.71 -0.0750395
16.72 -0.0710125
16.73 -0.0670315
16.74 -0.0630987
16.75 -0.0592161
16.76 -0.0553851
16.77 -0.0516069
16.78 -0.0478826
16.79 -0.0442129
16.8 -0.0405984
16.81 -0.0370394
16.82 -0.033536
16.83 -0.0300885
16.84 -0.0266968
16.85 -0.0233608
16.86 -0.0200806
16.87 -0.0168562
16.88 -0.0136879
16.89 -0.010576
16.9 -0.00752121
16.91 -0.00452416
16.92 -0.00158569
16.93 0.00129335
16.94 0.00411225
16.95 0.00687036
16.96 0.00956713
16.97 0.0122021
16.98 0.0147748
16.99 0.0172852
17 0.0197328
17.01 0.0221177
17.02 0.0244397
17.03 0.0266988
17.04 0.0288946
17.05 0.0310269
17.06 0.0330956
17.07 0.0351003
17.08 0.0370409
17.09 0.0389174
17.1 0.0407296
17.11 0.0424773
17.12 0.0441602
17.13 0.0457782
17.14 0.0473311
17.15 0.0488189
17.16 0.0502413
17.17 0.0515983
17.18 0.0528896
17.19 0.0541151
17.2 0.0552747
17.21 0.0563684
17.22 0.0573961
17.23 0.0583578
17.24 0.0592534
17.25 0.0600828
17.26 0.0608458
17.27 0.061542
17.28 0.0621712
17.29 0.0627327
17.3 0.0632259
17.31 0.0636504
17.32 0.0640056
17.33 0.0642908
17.34 0.0645055
17.35 0.0646489
17.36 0.0647198
17.37 0.0647169
17.38 0.0646386
17.39 0.0644826
17.4 0.0642467
17.41 0.063928
17.42 0.0635235
17.43 0.0630301
17.44 0.0624448
17.45 0.0617653
17.46 0.0609898
17.47 0.0601172
17.48 0.0591469
17.49 0.058079
17.5 0.0569139
17.51 0.0556519
17.52 0.0542936
17.53 0.0528396
17.54 0.0512904
17.55 0.0496471
17.56 0.0479107
17.57 0.0460827
17.58 0.044165
17.59 0.0421598
17.6 0.0400698
17.61 0.0378985
17.62 0.0356495
17.63 0.0333272
17.64 0.0309365
17.65 0.0284827
17.66 0.0259715
17.67 0.0234087
17.68 0.0208007
17.69 0.0181538
17.7 0.0154746
17.71 0.0127693
17.72 0.0100439
17.73 0.00730404
17.74 0.00455507
17.75 0.00180226
17.76 -0.000948973
17.77 -0.00369291
17.78 -0.00642342
17.79 -0.00913397
17.8 -0.0118177
17.81 -0.0144675
17.82 -0.0170763
17.83 -0.0196385
17.84 -0.0221506
17.85 -0.0246097
17.86 -0.0270126
17.87 -0.0293559
17.88 -0.0316369
17.89 -0.0338531
17.9 -0.0360022
17.91 -0.0380828
17.92 -0.0400939
17.93 -0.0420348
17.94 -0.043905
17.95 -0.045704
17.96 -0.0474318
17.97 -0.0490883
17.98 -0.0506737
17.99 -0.0521883
18 -0.0536324
18.01 -0.0550063
18.02 -0.0563104
18.03 -0.057545
18.04 -0.0587106
18.05 -0.0598072
18.06 -0.0608352
18.07 -0.0617946
18.08 -0.0626856
18.09 -0.0635083
18.1 -0.0642632
18.11 -0.0649504
18.12 -0.0655702
18.13 -0.0661231
18.14 -0.0666089
18.15 -0.0670279
18.16 -0.0673799
18.17 -0.0676645
18.18 -0.0678813
18.19 -0.0680296
18.2 -0.0681085
18.21 -0.0681173
18.22 -0.0680547
18.23 -0.0679201
18.24 -0.0677127
18.25 -0.0674321
18.26 -0.0670781
18.27 -0.0666507
18.28 -0.0661497
18.29 -0.0655752
18.3 -0.0649273
18.31 -0.0642061
18.32 -0.0634117
18.33 -0.0625444
18.34 -0.0616046
18.35 -0.0605927
18.36 -0.0595095
18.37 -0.0583562
18.38 -0.0571338
18.39 -0.0558438
18.4 -0.0544875
18.41 -0.0530662
18.42 -0.0515812
18.43 -0.0500336
18.44 -0.0484244
18.45 -0.0467544
18.46 -0.0450241
18.47 -0.0432341
18.48 -0.0413849
18.49 -0.0394769
18.5 -0.0375107
18.51 -0.035487
18.52 -0.033407
18.53 -0.0312719
18.54 -0.0290835
18.55 -0.0268437
18.56 -0.0245548
18.57 -0.0222192
18.58 -0.0198395
18.59 -0.0174186
18.6 -0.0149591
18.61 -0.0124638
18.62 -0.00993546
18.63 -0.00737686
18.64 -0.0047908
18.65 -0.00218014
18.66 0.000452098
18.67 0.00310257
18.68 0.00576744
18.69 0.00844222
18.7 0.0111216
18.71 0.0137993
18.72 0.0164697
18.73 0.0191286
18.74 0.021772
18.75 0.0243953
18.76 0.0269941
18.77 0.0295641
18.78 0.0321009
18.79 0.0346003
18.8 0.0370578
18.81 0.0394692
18.82 0.0418299
18.83 0.0441355
18.84 0.0463813
18.85 0.0485627
18.86 0.0506751
18.87 0.0527137
18.88 0.0546738
18.89 0.0565509
18.9 0.058341
18.91 0.0600401
18.92 0.0616453
18.93 0.0631538
18.94 0.0645638
18.95 0.0658738
18.96 0.0670823
18.97 0.0681879
18.98 0.069189
18.99 0.070084
19 0.0708706
19.01 0.0715466
19.02 0.0721091
19.03 0.0725552
19.04 0.0728818
19.05 0.0730859
19.06 0.073165
19.07 0.0731166
19.08 0.072939
19.09 0.0726307
19.1 0.072191
19.11 0.0716191
19.12 0.0709144
19.13 0.0700761
19.14 0.0691036
19.15 0.0679963
19.16 0.0667538
19.17 0.0653766
19.18 0.0638658
19.19 0.0622235
19.2 0.0604529
19.21 0.058558
19.22 0.0565437
19.23 0.0544154
19.24 0.052179
19.25 0.0498405
19.26 0.0474052
19.27 0.044878
19.28 0.0422633
19.29 0.0395653
19.3 0.0367884
19.31 0.0339372
19.32 0.0310171
19.33 0.0280335
19.34 0.0249926
19.35 0.0219009
19.36 0.0187655
19.37 0.0155941
19.38 0.0123941
19.39 0.00917312
19.4 0.00593858
19.41 0.00269795
19.42 -0.000541278
19.43 -0.00377163
19.44 -0.00698571
19.45 -0.0101761
19.46 -0.0133376
19.47 -0.016468
19.48 -0.0195652
19.49 -0.0226265
19.5 -0.025649
19.51 -0.0286304
19.52 -0.0315683
19.53 -0.0344605
19.54 -0.0373052
19.55 -0.0401008
19.56 -0.0428465
19.57 -0.0455418
19.58 -0.0481863
19.59 -0.0507799
19.6 -0.0533226
19.61 -0.0558144
19.62 -0.0582555
19.63 -0.0606464
19.64 -0.0629872
19.65 -0.0652783
19.66 -0.0675201
19.67 -0.0697132
19.68 -0.0718581
19.69 -0.0739555
19.7 -0.0760061
19.71 -0.0780111
19.72 -0.0799712
19.73 -0.0818877
19.74 -0.0837614
19.75 -0.0855933
19.76 -0.087384
19.77 -0.0891338
19.78 -0.0908428
19.79 -0.0925112
19.8 -0.0941391
19.81 -0.0957264
19.82 -0.0972735
19.83 -0.0987805
19.84 -0.100248
19.85 -0.101676
19.86 -0.103066
19.87 -0.104418
19.88 -0.105734
19.89 -0.107015
19.9 -0.108261
19.91 -0.109473
19.92 -0.110652
19.93 -0.111798
19.94 -0.112911
19.95 -0.113992
19.96 -0.115042
19.97 -0.11606
19.98 -0.117048
19.99 -0.118007
20 -0.118937
20.01 -0.119841
20.02 -0.120719
20.03 -0.121573
20.04 -0.122403
20.05 -0.123209
20.06 -0.123993
20.07 -0.124752
20.08 -0.125487
20.09 -0.126194
20.1 -0.126873
20.11 -0.12752
20.12 -0.128134
20.13 -0.128712
20.14 -0.129251
20.15 -0.12975
20.16 -0.130205
20.17 -0.130615
20.18 -0.130978
20.19 -0.131292
20.2 -0.131556
20.21 -0.131768
20.22 -0.131928
20.23 -0.132035
20.24 -0.132088
20.25 -0.132086
20.26 -0.132029
20.27 -0.131915
20.28 -0.131745
20.29 -0.131519
20.3 -0.131236
20.31 -0.130899
20.32 -0.130506
20.33 -0.13006
20.34 -0.129561
20.35 -0.129011
20.36 -0.128412
20.37 -0.127763
20.38 -0.127067
20.39 -0.126323
20.4 -0.125532
20.41 -0.124693
20.42 -0.123806
20.43 -0.122871
20.44 -0.121886
20.45 -0.120852
20.46 -0.119768
20.47 -0.118633
20.48 -0.117448
20.49 -0.116211
20.5 -0.114922
20.51 -0.113582
20.52 -0.112189
20.53 -0.110744
20.54 -0.109247
20.55 -0.107697
20.56 -0.106094
20.57 -0.10444
20.58 -0.102733
20.59 -0.100976
20.6 -0.0991698
20.61 -0.0973172
20.62 -0.0954206
20.63 -0.0934829
20.64 -0.0915073
20.65 -0.0894968
20.66 -0.0874546
20.67 -0.085384
20.68 -0.0832881
20.69 -0.08117
20.7 -0.0790326
20.71 -0.0768789
20.72 -0.0747116
20.73 -0.0725335
20.74 -0.0703474
20.75 -0.0681561
20.76 -0.0659624
20.77 -0.0637691
20.78 -0.0615786
20.79 -0.0593935
20.8 -0.0572157
20.81 -0.0550468
20.82 -0.0528881
20.83 -0.0507404
20.84 -0.0486031
20.85 -0.0464741
20.86 -0.0443512
20.87 -0.0422325
20.88 -0.0401163
20.89 -0.0380016
20.9 -0.0358875
20.91 -0.0337733
20.92 -0.0316585
20.93 -0.0295425
20.94 -0.0274249
20.95 -0.0253053
20.96 -0.0231835
20.97 -0.0210594
20.98 -0.0189334
20.99 -0.0168062
21 -0.0146787
21.01 -0.0125525
21.02 -0.0104293
21.03 -0.00831156
21.04 -0.00620164
21.05 -0.00410209
21.06 -0.00201538
21.07 5.60906e-05
21.08 0.00210993
21.09 0.00414372
21.1 0.00615507
21.11 0.00814179
21.12 0.010102
21.13 0.0120341
21.14 0.013937
21.15 0.0158096
21.16 0.0176511
21.17 0.0194606
21.18 0.0212374
21.19 0.0229807
21.2 0.0246896
21.21 0.0263635
21.22 0.0280015
21.23 0.029603
21.24 0.0311671
21.25 0.0326932
21.26 0.034181
21.27 0.0356301
21.28 0.0370406
21.29 0.0384126
21.3 0.0397464
21.31 0.0410425
21.32 0.0423014
21.33 0.0435232
21.34 0.0447081
21.35 0.0458561
21.36 0.0469668
21.37 0.0480397
21.38 0.0490741
21.39 0.0500689
21.4 0.051023
21.41 0.0519347
21.42 0.0528025
21.43 0.0536246
21.44 0.0543995
21.45 0.0551254
21.46 0.0558009
21.47 0.0564247
21.48 0.0569957
21.49 0.0575128
21.5 0.0579748
21.51 0.0583805
21.52 0.0587289
21.53 0.0590188
21.54 0.0592494
21.55 0.0594195
21.56 0.0595282
21.57 0.0595744
21.58 0.059557
21.59 0.0594744
21.6 0.0593253
21.61 0.0591083
21.62 0.0588221
21.63 0.0584657
21.64 0.0580385
21.65 0.0575401
21.66 0.0569709
21.67 0.0563314
21.68 0.0556225
21.69 0.0548454
21.7 0.0540011
21.71 0.0530909
21.72 0.0521163
21.73 0.0510786
21.74 0.0499796
21.75 0.0488212
21.76 0.0476056
21.77 0.0463355
21.78 0.0450137
21.79 0.0436432
21.8 0.0422272
21.81 0.0407687
21.82 0.0392707
21.83 0.0377357
21.84 0.0361661
21.85 0.0345641
21.86 0.0329317
21.87 0.0312705
21.88 0.0295823
21.89 0.0278684
21.9 0.0261303
21.91 0.0243697
21.92 0.022588
21.93 0.0207872
21.94 0.0189694
21.95 0.0171368
21.96 0.0152917
21.97 0.0134361
21.98 0.0115721
21.99 0.0097011
22 0.00782429
22.01 0.00594247
22.02 0.00405608
22.03 0.00216543
22.04 0.00027092
22.05 -0.0016267
22.06 -0.00352607
22.07 -0.00542515
22.08 -0.00732131
22.09 -0.00921164
22.1 -0.011093
22.11 -0.0129622
22.12 -0.0148158
22.13 -0.0166503
22.14 -0.0184624
22.15 -0.0202488
22.16 -0.0220067
22.17 -0.0237341
22.18 -0.0254308
22.19 -0.0270971
22.2 -0.0287327
22.21 -0.0303374
22.22 -0.0319107
22.23 -0.033452
22.24 -0.0349605
22.25 -0.0364353
22.26 -0.0378753
22.27 -0.0392796
22.28 -0.0406474
22.29 -0.0419777
22.3 -0.0432702
22.31 -0.0445246
22.32 -0.0457412
22.33 -0.0469206
22.34 -0.0480634
22.35 -0.0491707
22.36 -0.0502434
22.37 -0.0512825
22.38 -0.0522889
22.39 -0.0532634
22.4 -0.0542065
22.41 -0.0551188
22.42 -0.0560004
22.43 -0.0568515
22.44 -0.0576721
22.45 -0.0584619
22.46 -0.0592207
22.47 -0.0599477
22.48 -0.0606422
22.49 -0.0613031
22.5 -0.061929
22.51 -0.0625183
22.52 -0.0630691
22.53 -0.0635795
22.54 -0.0640472
22.55 -0.0644701
22.56 -0.0648458
22.57 -0.0651721
22.58 -0.0654466
22.59 -0.0656668
22.6 -0.0658305
22.61 -0.0659352
22.62 -0.0659786
22.63 -0.0659584
22.64 -0.0658726
22.65 -0.0657196
22.66 -0.065498
22.67 -0.0652068
22.68 -0.0648456
22.69 -0.0644142
22.7 -0.0639125
22.71 -0.0633405
22.72 -0.0626981
22.73 -0.0619852
22.74 -0.0612019
22.75 -0.0603481
22.76 -0.059424
22.77 -0.05843
22.78 -0.0573666
22.79 -0.0562347
22.8 -0.0550351
22.81 -0.0537689
22.82 -0.0524371
22.83 -0.0510411
22.84 -0.0495823
22.85 -0.0480622
22.86 -0.0464824
22.87 -0.0448448
22.88 -0.0431514
22.89 -0.0414043
22.9 -0.039606
22.91 -0.0377591
22.92 -0.0358666
22.93 -0.0339317
22.94 -0.0319577
22.95 -0.0299483
22.96 -0.0279075
22.97 -0.0258391
22.98 -0.0237473
22.99 -0.0216361
23 -0.0195088
23.01 -0.0173686
23.02 -0.0152181
23.03 -0.0130599
23.04 -0.0108963
23.05 -0.00872933
23.06 -0.00656107
23.07 -0.00439369
23.08 -0.0022296
23.09 -7.15847e-05
23.1 0.00207738
23.11 0.00421421
23.12 0.0063358
23.13 0.00843908
23.14 0.010521
23.15 0.0125788
23.16 0.0146094
23.17 0.0166109
23.18 0.0185824
23.19 0.0205242
23.2 0.0224364
23.21 0.0243193
23.22 0.026173
23.23 0.0279979
23.24 0.0297939
23.25 0.0315614
23.26 0.0333005
23.27 0.0350112
23.28 0.0366939
23.29 0.0383488
23.3 0.0399763
23.31 0.0415772
23.32 0.0431518
23.33 0.0447007
23.34 0.0462246
23.35 0.0477237
23.36 0.0491984
23.37 0.0506489
23.38 0.0520752
23.39 0.0534771
23.4 0.0548542
23.41 0.0562059
23.42 0.0575313
23.43 0.0588292
23.44 0.0600984
23.45 0.0613375
23.46 0.0625448
23.47 0.0637189
23.48 0.0648586
23.49 0.0659631
23.5 0.0670315
23.51 0.0680633
23.52 0.0690581
23.53 0.0700155
23.54 0.0709351
23.55 0.0718166
23.56 0.0726598
23.57 0.0734645
23.58 0.0742306
23.59 0.0749582
23.6 0.0756474
23.61 0.0762983
23.62 0.076911
23.63 0.077486
23.64 0.0780236
23.65 0.0785242
23.66 0.0789885
23.67 0.0794169
23.68 0.0798098
23.69 0.0801675
23.7 0.0804899
23.71 0.0807771
23.72 0.0810288
23.73 0.0812445
23.74 0.0814238
23.75 0.0815656
23.76 0.0816691
23.77 0.0817325
23.78 0.0817542
23.79 0.0817319
23.8 0.0816631
23.81 0.0815456
23.82 0.0813768
23.83 0.0811547
23.84 0.0808772
23.85 0.0805423
23.86 0.0801482
23.87 0.0796933
23.88 0.0791759
23.89 0.0785947
23.9 0.0779482
23.91 0.0772347
23.92 0.0764528
23.93 0.0756008
23.94 0.0746771
23.95 0.0736807
23.96 0.0726104
23.97 0.0714657
23.98 0.0702465
23.99 0.0689532
24 0.067587
24.01 0.0661494
24.02 0.0646426
24.03 0.0630692
24.04 0.0614323
24.05 0.0597356
24.06 0.0579838
24.07 0.0561818
24.08 0.0543353
24.09 0.0524498
24.1 0.0505309
24.11 0.0485841
24.12 0.0466145
24.13 0.0446269
24.14 0.0426255
24.15 0.0406142
24.16 0.0385959
24.17 0.0365735
24.18 0.0345497
24.19 0.0325269
24.2 0.0305075
24.21 0.0284939
24.22 0.0264883
24.23 0.0244927
24.24 0.0225091
24.25 0.0205393
24.26 0.018585
24.27 0.0166478
24.28 0.014729
24.29 0.0128298
24.3 0.0109511
24.31 0.00909327
24.32 0.00725699
24.33 0.00544293
24.34 0.00365214
24.35 0.00188623
24.36 0.0001473
24.37 -0.00156318
24.38 -0.00324501
24.39 -0.00489803
24.4 -0.00652158
24.41 -0.00811499
24.42 -0.00967764
24.43 -0.0112091
24.44 -0.012709
24.45 -0.0141773
24.46 -0.0156137
24.47 -0.0170182
24.48 -0.0183905
24.49 -0.0197302
24.5 -0.021037
24.51 -0.0223105
24.52 -0.0235502
24.53 -0.0247558
24.54 -0.0259271
24.55 -0.0270639
24.56 -0.0281662
24.57 -0.0292341
24.58 -0.030268
24.59 -0.0312682
24.6 -0.0322355
24.61 -0.0331701
24.62 -0.0340726
24.63 -0.0349435
24.64 -0.0357834
24.65 -0.0365924
24.66 -0.0373707
24.67 -0.0381181
24.68 -0.0388342
24.69 -0.0395186
24.7 -0.0401702
24.71 -0.0407883
24.72 -0.0413717
24.73 -0.0419195
24.74 -0.0424306
24.75 -0.0429038
24.76 -0.043338
24.77 -0.0437319
24.78 -0.0440842
24.79 -0.0443941
24.8 -0.0446607
24.81 -0.0448832
24.82 -0.0450611
24.83 -0.0451941
24.84 -0.0452822
24.85 -0.0453252
24.86 -0.0453233
24.87 -0.0452767
24.88 -0.0451857
24.89 -0.0450511
24.9 -0.0448736
24.91 -0.0446546
24.92 -0.0443954
24.93 -0.0440977
24.94 -0.0437632
24.95 -0.0433939
24.96 -0.0429915
24.97 -0.0425582
24.98 -0.042096
24.99 -0.0416067
25 -0.0410924
