0.01 3.17732e-09
0.02 1.53123e-08
0.03 3.78399e-08
0.04 6.84415e-08
0.05 1.04843e-07
0.06 1.44837e-07
0.07 1.86298e-07
0.08 2.27178e-07
0.09 2.65492e-07
0.1 2.99316e-07
0.11 3.26806e-07
0.12 3.46202e-07
0.13 3.55787e-07
0.14 3.53834e-07
0.15 3.38588e-07
0.16 3.0833e-07
0.17 2.61418e-07
0.18 1.96306e-07
0.19 1.1155e-07
0.2 5.82348e-09
0.21 -1.22075e-07
0.22 -2.73216e-07
0.23 -4.48547e-07
0.24 -6.48908e-07
0.25 -8.75063e-07
0.26 -1.12776e-06
0.27 -1.40779e-06
0.28 -1.7158e-06
0.29 -2.05208e-06
0.3 -2.41648e-06
0.31 -2.80829e-06
0.32 -3.22626e-06
0.33 -3.66836e-06
0.34 -4.13172e-06
0.35 -4.61286e-06
0.36 -5.10796e-06
0.37 -5.61294e-06
0.38 -6.12409e-06
0.39 -6.63881e-06
0.4 -7.1562e-06
0.41 -7.67742e-06
0.42 -8.20522e-06
0.43 -8.74331e-06
0.44 -9.29648e-06
0.45 -9.8704e-06
0.46 -1.04712e-05
0.47 -1.11051e-05
0.48 -1.17775e-05
0.49 -1.24933e-05
0.5 -1.32563e-05
0.51 -1.40697e-05
0.52 -1.49361e-05
0.53 -1.58576e-05
0.54 -1.68354e-05
0.55 -1.78707e-05
0.56 -1.89639e-05
0.57 -2.01151e-05
0.58 -2.13241e-05
0.59 -2.25909e-05
0.6 -2.39152e-05
0.61 -2.52965e-05
0.62 -2.67341e-05
0.63 -2.82272e-05
0.64 -2.97748e-05
0.65 -3.13761e-05
0.66 -3.30303e-05
0.67 -3.47367e-05
0.68 -3.64952e-05
0.69 -3.83056e-05
0.7 -4.0168e-05
0.71 -4.20818e-05
0.72 -4.4046e-05
0.73 -4.60581e-05
0.74 -4.81134e-05
0.75 -5.02045e-05
0.76 -5.23211e-05
0.77 -5.44502e-05
0.78 -5.65774e-05
0.79 -5.8689e-05
0.8 -6.07736e-05
0.81 -6.28227e-05
0.82 -6.48303e-05
0.83 -6.67923e-05
0.84 -6.87061e-05
0.85 -7.0573e-05
0.86 -7.23967e-05
0.87 -7.41802e-05
0.88 -7.59211e-05
0.89 -7.7612e-05
0.9 -7.92416e-05
0.91 -8.07975e-05
0.92 -8.22668e-05
0.93 -8.36384e-05
0.94 -8.49053e-05
0.95 -8.60666e-05
0.96 -8.71276e-05
0.97 -8.80989e-05
0.98 -8.89921e-05
0.99 -8.98142e-05
1 -9.05659e-05
1.01 -9.1242e-05
1.02 -9.18319e-05
1.03 -9.232e-05
1.04 -9.26884e-05
1.05 -9.29192e-05
1.06 -9.29979e-05
1.07 -9.29148e-05
1.08 -9.26636e-05
1.09 -9.22389e-05
1.1 -9.16351e-05
1.11 -9.08478e-05
1.12 -8.98728e-05
1.13 -8.87043e-05
1.14 -8.73354e-05
1.15 -8.57593e-05
1.16 -8.39715e-05
1.17 -8.19722e-05
1.18 -7.97685e-05
1.19 -7.73727e-05
1.2 -7.47991e-05
1.21 -7.20651e-05
1.22 -6.9193e-05
1.23 -6.62067e-05
1.24 -6.31266e-05
1.25 -5.99616e-05
1.26 -5.67043e-05
1.27 -5.33361e-05
1.28 -4.98365e-05
1.29 -4.6186e-05
1.3 -4.23669e-05
1.31 -3.83682e-05
1.32 -3.4188e-05
1.33 -2.98309e-05
1.34 -2.53028e-05
1.35 -2.06071e-05
1.36 -1.57447e-05
1.37 -1.07139e-05
1.38 -5.51108e-06
1.39 -1.32012e-07
1.4 5.42624e-06
1.41 1.11621e-05
1.42 1.70659e-05
1.43 2.31151e-05
1.44 2.92712e-05
1.45 3.54771e-05
1.46 4.1659e-05
1.47 4.77328e-05
1.48 5.36107e-05
1.49 5.92031e-05
1.5 6.44213e-05
1.51 6.91827e-05
1.52 7.34128e-05
1.53 7.70527e-05
1.54 8.00665e-05
1.55 8.24498e-05
1.56 8.42314e-05
1.57 8.54645e-05
1.58 8.62177e-05
1.59 8.6569e-05
1.6 8.65926e-05
1.61 8.63529e-05
1.62 8.59068e-05
1.63 8.53034e-05
1.64 8.45837e-05
1.65 8.37814e-05
1.66 8.29202e-05
1.67 8.20126e-05
1.68 8.10615e-05
1.69 8.0066e-05
1.7 7.90255e-05
1.71 7.79394e-05
1.72 7.68075e-05
1.73 7.56329e-05
1.74 7.44248e-05
1.75 7.32028e-05
1.76 7.19922e-05
1.77 7.08165e-05
1.78 6.97023e-05
1.79 6.86841e-05
1.8 6.78023e-05
1.81 6.70982e-05
1.82 6.66135e-05
1.83 6.63891e-05
1.84 6.64542e-05
1.85 6.68209e-05
1.86 6.74892e-05
1.87 6.84559e-05
1.88 6.97212e-05
1.89 7.12891e-05
1.9 7.31675e-05
1.91 7.53685e-05
1.92 7.79079e-05
1.93 8.08034e-05
1.94 8.40614e-05
1.95 8.76605e-05
1.96 9.15511e-05
1.97 9.56601e-05
1.98 9.98959e-05
1.99 0.000104159
2 0.000108365
2.01 0.000112459
2.02 0.000116419
2.03 0.000120258
2.04 0.000124011
2.05 0.000127736
2.06 0.000131495
2.07 0.000135349
2.08 0.00013934
2.09 0.000143482
2.1 0.000147756
2.11 0.000152113
2.12 0.000156475
2.13 0.000160726
2.14 0.000164728
2.15 0.000168328
2.16 0.000171366
2.17 0.000173678
2.18 0.000175101
2.19 0.000175464
2.2 0.000174582
2.21 0.000172261
2.22 0.000168311
2.23 0.000162549
2.24 0.00015481
2.25 0.000144938
2.26 0.00013279
2.27 0.000118268
2.28 0.00010132
2.29 8.19281e-05
2.3 6.01084e-05
2.31 3.59075e-05
2.32 9.41147e-06
2.33 -1.92433e-05
2.34 -4.98643e-05
2.35 -8.22083e-05
2.36 -0.00011599
2.37 -0.000150895
2.38 -0.000186586
2.39 -0.000222705
2.4 -0.000258891
2.41 -0.000294818
2.42 -0.00033022
2.43 -0.000364868
2.44 -0.000398554
2.45 -0.000431088
2.46 -0.000462296
2.47 -0.000492031
2.48 -0.00052018
2.49 -0.000546646
2.5 -0.00057133
2.51 -0.000594118
2.52 -0.000614885
2.53 -0.000633501
2.54 -0.000649841
2.55 -0.000663778
2.56 -0.000675189
2.57 -0.000683984
2.58 -0.000690125
2.59 -0.000693631
2.6 -0.000694575
2.61 -0.000693063
2.62 -0.000689218
2.63 -0.000683158
2.64 -0.000674985
2.65 -0.000664783
2.66 -0.00065262
2.67 -0.000638551
2.68 -0.000622628
2.69 -0.000604913
2.7 -0.000585488
2.71 -0.000564437
2.72 -0.000541848
2.73 -0.000517812
2.74 -0.000492403
2.75 -0.000465673
2.76 -0.000437668
2.77 -0.000408433
2.78 -0.000377983
2.79 -0.000346299
2.8 -0.000313324
2.81 -0.000278976
2.82 -0.000243174
2.83 -0.000205871
2.84 -0.000167062
2.85 -0.000126779
2.86 -8.50914e-05
2.87 -4.21107e-05
2.88 1.99474e-06
2.89 4.70078e-05
2.9 9.2687e-05
2.91 0.000138775
2.92 0.000184998
2.93 0.000231072
2.94 0.000276721
2.95 0.000321674
2.96 0.000365683
2.97 0.000408546
2.98 0.00045012
2.99 0.00049031
3 0.000529058
3.01 0.000566329
3.02 0.000602091
3.03 0.0006363
3.04 0.00066889
3.05 0.000699765
3.06 0.000728795
3.07 0.000755809
3.08 0.000780601
3.09 0.000802946
3.1 0.00082263
3.11 0.000839482
3.12 0.000853391
3.13 0.000864318
3.14 0.000872288
3.15 0.000877357
3.16 0.000879602
3.17 0.000879128
3.18 0.000876058
3.19 0.000870523
3.2 0.000862635
3.21 0.0008525
3.22 0.000840255
3.23 0.000826081
3.24 0.000810199
3.25 0.000792864
3.26 0.000774352
3.27 0.000754976
3.28 0.000735102
3.29 0.000715113
3.3 0.000695377
3.31 0.000676267
3.32 0.000658157
3.33 0.000641378
3.34 0.000626171
3.35 0.000612658
3.36 0.000600834
3.37 0.000590568
3.38 0.000581625
3.39 0.000573666
3.4 0.00056626
3.41 0.000558906
3.42 0.00055106
3.43 0.000542179
3.44 0.000531734
3.45 0.000519223
3.46 0.000504178
3.47 0.000486211
3.48 0.000465058
3.49 0.000440601
3.5 0.00041286
3.51 0.000381977
3.52 0.000348209
3.53 0.000311911
3.54 0.000273498
3.55 0.0002334
3.56 0.000191998
3.57 0.000149617
3.58 0.000106567
3.59 6.3159e-05
3.6 1.96595e-05
3.61 -2.37261e-05
3.62 -6.68465e-05
3.63 -0.000109602
3.64 -0.000151952
3.65 -0.000193908
3.66 -0.00023554
3.67 -0.000276985
3.68 -0.00031845
3.69 -0.000360187
3.7 -0.000402445
3.71 -0.000445449
3.72 -0.000489424
3.73 -0.000534569
3.74 -0.000581027
3.75 -0.000628903
3.76 -0.000678271
3.77 -0.000729165
3.78 -0.000781578
3.79 -0.000835469
3.8 -0.000890757
3.81 -0.000947294
3.82 -0.00100488
3.83 -0.00106329
3.84 -0.00112226
3.85 -0.00118153
3.86 -0.00124085
3.87 -0.00130007
3.88 -0.00135911
3.89 -0.00141805
3.9 -0.00147703
3.91 -0.00153636
3.92 -0.00159642
3.93 -0.00165768
3.94 -0.00172066
3.95 -0.00178586
3.96 -0.00185379
3.97 -0.00192487
3.98 -0.00199942
3.99 -0.00207762
4 -0.00215948
4.01 -0.00224487
4.02 -0.00233351
4.03 -0.00242501
4.04 -0.00251886
4.05 -0.00261444
4.06 -0.00271099
4.07 -0.00280765
4.08 -0.00290341
4.09 -0.00299713
4.1 -0.00308762
4.11 -0.00317362
4.12 -0.003254
4.13 -0.00332775
4.14 -0.00339409
4.15 -0.00345249
4.16 -0.00350274
4.17 -0.00354497
4.18 -0.00357959
4.19 -0.00360722
4.2 -0.00362869
4.21 -0.00364497
4.22 -0.00365709
4.23 -0.00366603
4.24 -0.00367266
4.25 -0.00367775
4.26 -0.00368201
4.27 -0.00368606
4.28 -0.00369042
4.29 -0.00369544
4.3 -0.00370133
4.31 -0.00370816
4.32 -0.00371589
4.33 -0.00372436
4.34 -0.0037333
4.35 -0.00374227
4.36 -0.0037507
4.37 -0.00375791
4.38 -0.0037631
4.39 -0.00376544
4.4 -0.00376405
4.41 -0.00375799
4.42 -0.00374634
4.43 -0.00372815
4.44 -0.00370253
4.45 -0.00366865
4.46 -0.00362586
4.47 -0.0035737
4.48 -0.0035119
4.49 -0.00344037
4.5 -0.00335907
4.51 -0.00326803
4.52 -0.00316734
4.53 -0.00305726
4.54 -0.00293813
4.55 -0.00281043
4.56 -0.00267469
4.57 -0.00253155
4.58 -0.00238171
4.59 -0.00222595
4.6 -0.00206507
4.61 -0.0018999
4.62 -0.0017312
4.63 -0.00155971
4.64 -0.00138609
4.65 -0.00121095
4.66 -0.00103478
4.67 -0.000857982
4.68 -0.000680762
4.69 -0.000503218
4.7 -0.000325373
4.71 -0.000147246
4.72 3.11212e-05
4.73 0.000209678
4.74 0.000388347
4.75 0.000566962
4.76 0.000745264
4.77 0.000922945
4.78 0.00109967
4.79 0.00127508
4.8 0.00144884
4.81 0.00162052
4.82 0.00178967
4.83 0.00195583
4.84 0.00211856
4.85 0.00227737
4.86 0.00243174
4.87 0.00258119
4.88 0.00272532
4.89 0.00286375
4.9 0.00299611
4.91 0.00312213
4.92 0.00324157
4.93 0.00335425
4.94 0.00346005
4.95 0.00355882
4.96 0.0036505
4.97 0.00373505
4.98 0.00381251
4.99 0.00388299
5 0.00394663
5.01 0.00400363
5.02 0.00405409
5.03 0.00409804
5.04 0.00413539
5.05 0.00416593
5.06 0.00418936
5.07 0.00420519
5.08 0.00421287
5.09 0.0042118
5.1 0.00420135
5.11 0.00418084
5.12 0.00414962
5.13 0.00410715
5.14 0.00405296
5.15 0.00398675
5.16 0.0039084
5.17 0.00381805
5.18 0.00371604
5.19 0.00360287
5.2 0.00347919
5.21 0.0033458
5.22 0.00320359
5.23 0.00305347
5.24 0.00289633
5.25 0.00273306
5.26 0.00256458
5.27 0.00239191
5.28 0.00221608
5.29 0.00203817
5.3 0.00185917
5.31 0.00168009
5.32 0.00150181
5.33 0.0013251
5.34 0.00115046
5.35 0.000978219
5.36 0.000808467
5.37 0.000641009
5.38 0.000475395
5.39 0.000311033
5.4 0.000147275
5.41 -1.65392e-05
5.42 -0.000181049
5.43 -0.000346802
5.44 -0.000514196
5.45 -0.000683462
5.46 -0.000854669
5.47 -0.00102777
5.48 -0.00120265
5.49 -0.00137914
5.5 -0.00155701
5.51 -0.00173591
5.52 -0.00191542
5.53 -0.00209515
5.54 -0.00227467
5.55 -0.0024535
5.56 -0.00263116
5.57 -0.00280719
5.58 -0.00298122
5.59 -0.00315298
5.6 -0.00332219
5.61 -0.0034886
5.62 -0.00365188
5.63 -0.00381172
5.64 -0.00396776
5.65 -0.00411964
5.66 -0.00426703
5.67 -0.00440954
5.68 -0.00454678
5.69 -0.00467825
5.7 -0.00480343
5.71 -0.00492169
5.72 -0.00503234
5.73 -0.00513463
5.74 -0.00522784
5.75 -0.00531119
5.76 -0.00538397
5.77 -0.00544552
5.78 -0.0054953
5.79 -0.00553295
5.8 -0.00555828
5.81 -0.00557134
5.82 -0.0055724
5.83 -0.00556199
5.84 -0.00554086
5.85 -0.00550996
5.86 -0.00547034
5.87 -0.00542316
5.88 -0.0053696
5.89 -0.0053109
5.9 -0.00524824
5.91 -0.00518273
5.92 -0.00511534
5.93 -0.00504694
5.94 -0.00497822
5.95 -0.00490973
5.96 -0.00484175
5.97 -0.00477429
5.98 -0.00470704
5.99 -0.00463947
6 -0.00457085
6.01 -0.00450026
6.02 -0.00442673
6.03 -0.00434928
6.04 -0.00426688
6.05 -0.00417852
6.06 -0.00408325
6.07 -0.00398024
6.08 -0.00386889
6.09 -0.00374876
6.1 -0.00361956
6.11 -0.00348115
6.12 -0.00333352
6.13 -0.0031768
6.14 -0.00301121
6.15 -0.00283698
6.16 -0.00265429
6.17 -0.00246324
6.18 -0.00226371
6.19 -0.00205541
6.2 -0.00183793
6.21 -0.00161083
6.22 -0.0013736
6.23 -0.00112566
6.24 -0.000866469
6.25 -0.000595525
6.26 -0.000312356
6.27 -1.65172e-05
6.28 0.000292407
6.29 0.000614846
6.3 0.000951251
6.31 0.00130209
6.32 0.0016679
6.33 0.00204922
6.34 0.00244664
6.35 0.00286074
6.36 0.00329203
6.37 0.00374081
6.38 0.00420705
6.39 0.00469041
6.4 0.00519029
6.41 0.00570588
6.42 0.00623631
6.43 0.00678071
6.44 0.00733828
6.45 0.0079084
6.46 0.00849072
6.47 0.00908506
6.48 0.00969128
6.49 0.0103092
6.5 0.0109384
6.51 0.0115781
6.52 0.0122272
6.53 0.0128839
6.54 0.0135463
6.55 0.0142118
6.56 0.0148776
6.57 0.0155404
6.58 0.0161967
6.59 0.0168432
6.6 0.0174767
6.61 0.018094
6.62 0.0186927
6.63 0.0192706
6.64 0.0198257
6.65 0.0203566
6.66 0.0208617
6.67 0.0213396
6.68 0.0217887
6.69 0.0222076
6.7 0.022595
6.71 0.0229493
6.72 0.0232694
6.73 0.0235539
6.74 0.0238017
6.75 0.0240118
6.76 0.0241836
6.77 0.0243163
6.78 0.0244098
6.79 0.0244637
6.8 0.0244782
6.81 0.0244534
6.82 0.0243896
6.83 0.0242868
6.84 0.0241454
6.85 0.0239652
6.86 0.0237463
6.87 0.0234885
6.88 0.0231917
6.89 0.0228556
6.9 0.0224802
6.91 0.0220658
6.92 0.0216126
6.93 0.0211215
6.94 0.0205937
6.95 0.0200307
6.96 0.0194341
6.97 0.0188059
6.98 0.0181477
6.99 0.0174612
7 0.0167476
7.01 0.0160078
7.02 0.0152424
7.03 0.014452
7.04 0.0136371
7.05 0.0127982
7.06 0.0119364
7.07 0.011053
7.08 0.0101498
7.09 0.00922878
7.1 0.0082925
7.11 0.00734353
7.12 0.00638457
7.13 0.00541815
7.14 0.00444642
7.15 0.00347111
7.16 0.00249353
7.17 0.00151462
7.18 0.000535035
7.19 -0.000444715
7.2 -0.00142419
7.21 -0.0024029
7.22 -0.00338018
7.23 -0.00435506
7.24 -0.00532628
7.25 -0.00629226
7.26 -0.00725118
7.27 -0.0082011
7.28 -0.00914013
7.29 -0.0100665
7.3 -0.0109789
7.31 -0.011876
7.32 -0.012757
7.33 -0.0136215
7.34 -0.0144691
7.35 -0.0152995
7.36 -0.0161123
7.37 -0.0169068
7.38 -0.0176821
7.39 -0.0184369
7.4 -0.0191695
7.41 -0.0198783
7.42 -0.0205613
7.43 -0.0212167
7.44 -0.0218429
7.45 -0.0224388
7.46 -0.0230034
7.47 -0.0235363
7.48 -0.0240375
7.49 -0.0245074
7.5 -0.0249467
7.51 -0.0253566
7.52 -0.0257385
7.53 -0.0260937
7.54 -0.026424
7.55 -0.0267306
7.56 -0.0270149
7.57 -0.0272785
7.58 -0.0275226
7.59 -0.0277488
7.6 -0.0279586
7.61 -0.0281533
7.62 -0.0283343
7.63 -0.0285024
7.64 -0.0286581
7.65 -0.0288014
7.66 -0.0289317
7.67 -0.0290482
7.68 -0.0291491
7.69 -0.0292324
7.7 -0.0292953
7.71 -0.0293349
7.72 -0.0293481
7.73 -0.0293324
7.74 -0.0292853
7.75 -0.0292052
7.76 -0.029091
7.77 -0.0289417
7.78 -0.0287571
7.79 -0.0285371
7.8 -0.0282818
7.81 -0.027992
7.82 -0.0276685
7.83 -0.0273122
7.84 -0.0269247
7.85 -0.0265073
7.86 -0.0260618
7.87 -0.0255899
7.88 -0.0250934
7.89 -0.0245739
7.9 -0.0240331
7.91 -0.0234722
7.92 -0.0228925
7.93 -0.0222949
7.94 -0.0216799
7.95 -0.0210481
7.96 -0.0203996
7.97 -0.0197346
7.98 -0.0190529
7.99 -0.0183543
8 -0.0176387
8.01 -0.0169058
8.02 -0.0161558
8.03 -0.0153888
8.04 -0.0146052
8.05 -0.0138058
8.06 -0.0129917
8.07 -0.012164
8.08 -0.0113242
8.09 -0.0104741
8.1 -0.00961493
8.11 -0.0087482
8.12 -0.00787484
8.13 -0.00699548
8.14 -0.00611041
8.15 -0.00521962
8.16 -0.00432283
8.17 -0.00341957
8.18 -0.00250924
8.19 -0.00159124
8.2 -0.000665026
8.21 0.000269849
8.22 0.00121362
8.23 0.00216633
8.24 0.00312789
8.25 0.00409802
8.26 0.00507621
8.27 0.00606171
8.28 0.00705354
8.29 0.00805043
8.3 0.00905077
8.31 0.0100525
8.32 0.0110531
8.33 0.0120494
8.34 0.0130378
8.35 0.0140144
8.36 0.0149749
8.37 0.0159152
8.38 0.0168315
8.39 0.0177203
8.4 0.0185789
8.41 0.0194049
8.42 0.0201968
8.43 0.0209535
8.44 0.0216742
8.45 0.0223588
8.46 0.0230074
8.47 0.0236207
8.48 0.0241997
8.49 0.0247457
8.5 0.02526
8.51 0.0257441
8.52 0.0261995
8.53 0.0266272
8.54 0.0270279
8.55 0.0274021
8.56 0.0277496
8.57 0.0280702
8.58 0.0283634
8.59 0.0286287
8.6 0.0288655
8.61 0.0290732
8.62 0.0292516
8.63 0.0294005
8.64 0.0295202
8.65 0.0296111
8.66 0.0296744
8.67 0.029711
8.68 0.0297225
8.69 0.0297103
8.7 0.0296759
8.71 0.0296209
8.72 0.0295466
8.73 0.0294543
8.74 0.0293452
8.75 0.02922
8.76 0.0290793
8.77 0.0289235
8.78 0.0287523
8.79 0.0285655
8.8 0.0283623
8.81 0.0281418
8.82 0.0279028
8.83 0.0276441
8.84 0.0273646
8.85 0.0270633
8.86 0.0267394
8.87 0.0263923
8.88 0.0260217
8.89 0.0256272
8.9 0.0252091
8.91 0.0247678
8.92 0.0243038
8.93 0.0238182
8.94 0.0233116
8.95 0.0227852
8.96 0.0222396
8.97 0.0216758
8.98 0.0210943
8.99 0.0204959
9 0.0198809
9.01 0.0192494
9.02 0.0186014
9.03 0.0179365
9.04 0.017254
9.05 0.0165534
9.06 0.0158339
9.07 0.0150953
9.08 0.0143371
9.09 0.0135594
9.1 0.0127622
9.11 0.0119456
9.12 0.01111
9.13 0.0102554
9.14 0.00938223
9.15 0.00849074
9.16 0.00758143
9.17 0.00665506
9.18 0.00571275
9.19 0.00475609
9.2 0.00378712
9.21 0.00280841
9.22 0.00182309
9.23 0.000834774
9.24 -0.000152625
9.25 -0.00113511
9.26 -0.00210887
9.27 -0.00307043
9.28 -0.00401678
9.29 -0.00494549
9.3 -0.00585463
9.31 -0.00674253
9.32 -0.00760773
9.33 -0.00844887
9.34 -0.00926472
9.35 -0.0100541
9.36 -0.0108161
9.37 -0.0115495
9.38 -0.0122536
9.39 -0.0129275
9.4 -0.0135705
9.41 -0.0141823
9.42 -0.0147627
9.43 -0.0153119
9.44 -0.0158308
9.45 -0.0163206
9.46 -0.0167828
9.47 -0.0172193
9.48 -0.0176321
9.49 -0.0180228
9.5 -0.0183931
9.51 -0.0187442
9.52 -0.0190768
9.53 -0.0193914
9.54 -0.0196882
9.55 -0.0199674
9.56 -0.020229
9.57 -0.0204734
9.58 -0.020701
9.59 -0.0209125
9.6 -0.021109
9.61 -0.0212916
9.62 -0.0214613
9.63 -0.0216193
9.64 -0.0217661
9.65 -0.0219023
9.66 -0.0220278
9.67 -0.0221424
9.68 -0.0222455
9.69 -0.0223362
9.7 -0.0224135
9.71 -0.0224764
9.72 -0.0225238
9.73 -0.0225549
9.74 -0.022569
9.75 -0.0225659
9.76 -0.0225454
9.77 -0.0225078
9.78 -0.0224535
9.79 -0.0223832
9.8 -0.0222978
9.81 -0.0221985
9.82 -0.0220866
9.83 -0.0219635
9.84 -0.0218309
9.85 -0.0216906
9.86 -0.0215442
9.87 -0.0213935
9.88 -0.0212399
9.89 -0.0210849
9.9 -0.0209295
9.91 -0.0207748
9.92 -0.0206214
9.93 -0.0204694
9.94 -0.0203189
9.95 -0.0201695
9.96 -0.0200209
9.97 -0.0198724
9.98 -0.0197237
9.99 -0.0195744
10 -0.0194246
10.01 -0.0192744
10.02 -0.0191243
10.03 -0.0189749
10.04 -0.0188271
10.05 -0.0186815
10.06 -0.0185389
10.07 -0.0183996
10.08 -0.018264
10.09 -0.0181319
10.1 -0.0180034
10.11 -0.0178781
10.12 -0.0177556
10.13 -0.0176359
10.14 -0.0175188
10.15 -0.0174044
10.16 -0.017293
10.17 -0.0171848
10.18 -0.0170801
10.19 -0.0169789
10.2 -0.0168812
10.21 -0.0167867
10.22 -0.0166951
10.23 -0.0166059
10.24 -0.0165188
10.25 -0.0164331
10.26 -0.0163484
10.27 -0.0162644
10.28 -0.0161808
10.29 -0.0160974
10.3 -0.0160139
10.31 -0.0159302
10.32 -0.0158461
10.33 -0.0157611
10.34 -0.0156749
10.35 -0.015587
10.36 -0.0154971
10.37 -0.0154049
10.38 -0.01531
10.39 -0.0152118
10.4 -0.0151102
10.41 -0.0150045
10.42 -0.0148941
10.43 -0.0147782
10.44 -0.0146556
10.45 -0.0145253
10.46 -0.0143856
10.47 -0.0142353
10.48 -0.0140728
10.49 -0.013897
10.5 -0.0137069
10.51 -0.013502
10.52 -0.0132821
10.53 -0.0130472
10.54 -0.0127977
10.55 -0.012534
10.56 -0.0122568
10.57 -0.0119667
10.58 -0.0116643
10.59 -0.0113505
10.6 -0.0110259
10.61 -0.0106913
10.62 -0.0103476
10.63 -0.0099956
10.64 -0.00963641
10.65 -0.00927115
10.66 -0.00890107
10.67 -0.0085275
10.68 -0.00815176
10.69 -0.0077751
10.7 -0.00739861
10.71 -0.00702317
10.72 -0.00664948
10.73 -0.00627815
10.74 -0.00590962
10.75 -0.00554426
10.76 -0.0051824
10.77 -0.00482424
10.78 -0.00446991
10.79 -0.00411941
10.8 -0.00377266
10.81 -0.00342956
10.82 -0.00308994
10.83 -0.00275355
10.84 -0.00242011
10.85 -0.00208933
10.86 -0.00176099
10.87 -0.00143497
10.88 -0.00111127
10.89 -0.000789923
10.9 -0.000471041
10.91 -0.000154765
10.92 0.000158823
10.93 0.000469791
10.94 0.000778428
10.95 0.00108527
10.96 0.00139108
10.97 0.00169681
10.98 0.00200354
10.99 0.00231239
11 0.0026244
11.01 0.00294049
11.02 0.00326145
11.03 0.00358791
11.04 0.00392024
11.05 0.00425864
11.06 0.0046032
11.07 0.00495391
11.08 0.00531065
11.09 0.00567319
11.1 0.00604128
11.11 0.00641466
11.12 0.00679316
11.13 0.00717666
11.14 0.0075651
11.15 0.00795838
11.16 0.00835644
11.17 0.00875938
11.18 0.00916745
11.19 0.00958114
11.2 0.0100012
11.21 0.0104283
11.22 0.0108637
11.23 0.0113084
11.24 0.0117633
11.25 0.0122291
11.26 0.012706
11.27 0.0131936
11.28 0.0136912
11.29 0.0141979
11.3 0.0147123
11.31 0.0152333
11.32 0.0157597
11.33 0.0162901
11.34 0.0168237
11.35 0.0173598
11.36 0.017898
11.37 0.0184384
11.38 0.018981
11.39 0.019526
11.4 0.0200735
11.41 0.0206236
11.42 0.0211759
11.43 0.0217301
11.44 0.0222854
11.45 0.0228407
11.46 0.0233951
11.47 0.0239476
11.48 0.0244972
11.49 0.0250433
11.5 0.0255856
11.51 0.0261243
11.52 0.0266599
11.53 0.0271929
11.54 0.0277243
11.55 0.0282547
11.56 0.0287849
11.57 0.0293153
11.58 0.0298461
11.59 0.030377
11.6 0.0309079
11.61 0.0314385
11.62 0.0319686
11.63 0.0324981
11.64 0.0330266
11.65 0.0335541
11.66 0.0340803
11.67 0.034605
11.68 0.035128
11.69 0.0356489
11.7 0.0361673
11.71 0.0366823
11.72 0.0371931
11.73 0.0376983
11.74 0.0381964
11.75 0.0386854
11.76 0.0391632
11.77 0.039627
11.78 0.0400734
11.79 0.040499
11.8 0.0408998
11.81 0.0412722
11.82 0.0416126
11.83 0.041918
11.84 0.0421855
11.85 0.042413
11.86 0.0425982
11.87 0.0427395
11.88 0.042835
11.89 0.0428832
11.9 0.0428825
11.91 0.0428318
11.92 0.04273
11.93 0.042576
11.94 0.042369
11.95 0.0421085
11.96 0.0417937
11.97 0.0414244
11.98 0.0410002
11.99 0.0405213
12 0.0399879
12.01 0.0394007
12.02 0.0387604
12.03 0.0380683
12.04 0.037326
12.05 0.0365353
12.06 0.0356982
12.07 0.034817
12.08 0.0338937
12.09 0.0329305
12.1 0.0319289
12.11 0.0308906
12.12 0.0298169
12.13 0.0287088
12.14 0.0275669
12.15 0.0263916
12.16 0.0251832
12.17 0.0239416
12.18 0.0226668
12.19 0.0213589
12.2 0.0200179
12.21 0.018644
12.22 0.0172374
12.23 0.0157986
12.24 0.0143281
12.25 0.0128266
12.26 0.0112949
12.27 0.00973398
12.28 0.00814519
12.29 0.00652989
12.3 0.00488967
12.31 0.00322629
12.32 0.00154177
12.33 -0.000161574
12.34 -0.00188115
12.35 -0.00361417
12.36 -0.00535763
12.37 -0.00710831
12.38 -0.00886271
12.39 -0.0106172
12.4 -0.0123679
12.41 -0.014111
12.42 -0.0158427
12.43 -0.0175593
12.44 -0.0192574
12.45 -0.0209334
12.46 -0.0225839
12.47 -0.0242056
12.48 -0.025795
12.49 -0.027348
12.5 -0.0288604
12.51 -0.0303274
12.52 -0.031744
12.53 -0.0331048
12.54 -0.0344044
12.55 -0.0356375
12.56 -0.0367994
12.57 -0.0378854
12.58 -0.0388915
12.59 -0.0398137
12.6 -0.0406485
12.61 -0.0413923
12.62 -0.0420419
12.63 -0.0425944
12.64 -0.0430475
12.65 -0.0433992
12.66 -0.0436479
12.67 -0.0437924
12.68 -0.0438322
12.69 -0.0437674
12.7 -0.0435984
12.71 -0.0433265
12.72 -0.042953
12.73 -0.0424798
12.74 -0.0419088
12.75 -0.041242
12.76 -0.0404818
12.77 -0.0396302
12.78 -0.0386896
12.79 -0.0376622
12.8 -0.0365502
12.81 -0.0353563
12.82 -0.0340829
12.83 -0.0327329
12.84 -0.0313093
12.85 -0.0298152
12.86 -0.0282536
12.87 -0.0266276
12.88 -0.02494
12.89 -0.0231936
12.9 -0.0213907
12.91 -0.0195338
12.92 -0.0176252
12.93 -0.0156674
12.94 -0.0136629
12.95 -0.0116145
12.96 -0.00952507
12.97 -0.00739765
12.98 -0.00523541
12.99 -0.0030416
13 -0.000819509
13.01 0.0014276
13.02 0.00369662
13.03 0.00598463
13.04 0.00828886
13.05 0.0106066
13.06 0.012935
13.07 0.0152712
13.08 0.0176121
13.09 0.0199542
13.1 0.022294
13.11 0.0246275
13.12 0.0269507
13.13 0.0292594
13.14 0.0315496
13.15 0.0338175
13.16 0.0360593
13.17 0.0382719
13.18 0.040452
13.19 0.0425969
13.2 0.044704
13.21 0.0467707
13.22 0.048795
13.23 0.0507766
13.24 0.0527153
13.25 0.054611
13.26 0.0564635
13.27 0.0582725
13.28 0.0600376
13.29 0.0617583
13.3 0.0634339
13.31 0.0650637
13.32 0.0666466
13.33 0.0681814
13.34 0.0696669
13.35 0.0711017
13.36 0.0724844
13.37 0.0738137
13.38 0.0750887
13.39 0.0763084
13.4 0.0774721
13.41 0.0785791
13.42 0.0796293
13.43 0.0806225
13.44 0.0815588
13.45 0.0824388
13.46 0.083263
13.47 0.0840324
13.48 0.0847479
13.49 0.0854107
13.5 0.0860222
13.51 0.0865837
13.52 0.0870965
13.53 0.0875623
13.54 0.0879826
13.55 0.0883591
13.56 0.0886936
13.57 0.088988
13.58 0.0892438
13.59 0.0894627
13.6 0.0896457
13.61 0.0897941
13.62 0.0899089
13.63 0.0899911
13.64 0.0900416
13.65 0.0900614
13.66 0.0900513
13.67 0.0900124
13.68 0.0899456
13.69 0.0898516
13.7 0.0897313
13.71 0.0895851
13.72 0.0894133
13.73 0.0892164
13.74 0.0889943
13.75 0.0887468
13.76 0.0884734
13.77 0.0881733
13.78 0.0878454
13.79 0.087488
13.8 0.0870994
13.81 0.086677
13.82 0.0862181
13.83 0.0857197
13.84 0.0851794
13.85 0.0845951
13.86 0.0839659
13.87 0.0832913
13.88 0.082571
13.89 0.0818049
13.9 0.0809928
13.91 0.0801347
13.92 0.0792305
13.93 0.0782802
13.94 0.077284
13.95 0.0762419
13.96 0.0751541
13.97 0.0740209
13.98 0.0728426
13.99 0.0716196
14 0.0703523
14.01 0.0690411
14.02 0.0676863
14.03 0.0662885
14.04 0.0648482
14.05 0.063366
14.06 0.0618428
14.07 0.0602792
14.08 0.0586757
14.09 0.0570327
14.1 0.0553504
14.11 0.0536289
14.12 0.0518677
14.13 0.0500664
14.14 0.048224
14.15 0.0463395
14.16 0.0444114
14.17 0.0424384
14.18 0.0404188
14.19 0.0383516
14.2 0.0362353
14.21 0.034069
14.22 0.0318516
14.23 0.029582
14.24 0.0272591
14.25 0.0248819
14.26 0.0224492
14.27 0.0199599
14.28 0.0174129
14.29 0.0148077
14.3 0.0121436
14.31 0.00942073
14.32 0.0066394
14.33 0.00380054
14.34 0.000905391
14.35 -0.00204457
14.36 -0.00504787
14.37 -0.00810462
14.38 -0.0112175
14.39 -0.0143898
14.4 -0.0176243
14.41 -0.0209238
14.42 -0.024291
14.43 -0.0277287
14.44 -0.0312392
14.45 -0.0348245
14.46 -0.0384861
14.47 -0.0422248
14.48 -0.0460413
14.49 -0.049936
14.5 -0.053909
14.51 -0.0579607
14.52 -0.0620913
14.53 -0.0663013
14.54 -0.0705912
14.55 -0.0749617
14.56 -0.0794136
14.57 -0.0839475
14.58 -0.0885642
14.59 -0.0932645
14.6 -0.098049
14.61 -0.102918
14.62 -0.107871
14.63 -0.112908
14.64 -0.118028
14.65 -0.123227
14.66 -0.128502
14.67 -0.13385
14.68 -0.139267
14.69 -0.144748
14.7 -0.15029
14.71 -0.155889
14.72 -0.161542
14.73 -0.167243
14.74 -0.172988
14.75 -0.178771
14.76 -0.184584
14.77 -0.190421
14.78 -0.196274
14.79 -0.202138
14.8 -0.208005
14.81 -0.213868
14.82 -0.219722
14.83 -0.225558
14.84 -0.23137
14.85 -0.237153
14.86 -0.242899
14.87 -0.248601
14.88 -0.254255
14.89 -0.259852
14.9 -0.265387
14.91 -0.270853
14.92 -0.276242
14.93 -0.281549
14.94 -0.286765
14.95 -0.291884
14.96 -0.2969
14.97 -0.301805
14.98 -0.306593
14.99 -0.311261
15 -0.315803
15.01 -0.320218
15.02 -0.324504
15.03 -0.328664
15.04 -0.332698
15.05 -0.336608
15.06 -0.340398
15.07 -0.344072
15.08 -0.347634
15.09 -0.351089
15.1 -0.354441
15.11 -0.357696
15.12 -0.360856
15.13 -0.363929
15.14 -0.366917
15.15 -0.369826
15.16 -0.372661
15.17 -0.375425
15.18 -0.378121
15.19 -0.380753
15.2 -0.383324
15.21 -0.385835
15.22 -0.38829
15.23 -0.390692
15.24 -0.393043
15.25 -0.395347
15.26 -0.397607
15.27 -0.399828
15.28 -0.402015
15.29 -0.404172
15.3 -0.406304
15.31 -0.408415
15.32 -0.410507
15.33 -0.412583
15.34 -0.414647
15.35 -0.416699
15.36 -0.418742
15.37 -0.420779
15.38 -0.422813
15.39 -0.424846
15.4 -0.426881
15.41 -0.428919
15.42 -0.430962
15.43 -0.433012
15.44 -0.435069
15.45 -0.437133
15.46 -0.439205
15.47 -0.441283
15.48 -0.443366
15.49 -0.445451
15.5 -0.447535
15.51 -0.449615
15.52 -0.451684
15.53 -0.453739
15.54 -0.455773
15.55 -0.457781
15.56 -0.459758
15.57 -0.461698
15.58 -0.463596
15.59 -0.465448
15.6 -0.467246
15.61 -0.468987
15.62 -0.470665
15.63 -0.472275
15.64 -0.473811
15.65 -0.475267
15.66 -0.476639
15.67 -0.477922
15.68 -0.479109
15.69 -0.480195
15.7 -0.481176
15.71 -0.482046
15.72 -0.4828
15.73 -0.483434
15.74 -0.483941
15.75 -0.484316
15.76 -0.484554
15.77 -0.48465
15.78 -0.484598
15.79 -0.484394
15.8 -0.484032
15.81 -0.483508
15.82 -0.482819
15.83 -0.48196
15.84 -0.48093
15.85 -0.479726
15.86 -0.478346
15.87 -0.476789
15.88 -0.475055
15.89 -0.473143
15.9 -0.471053
15.91 -0.468785
15.92 -0.466341
15.93 -0.463722
15.94 -0.460928
15.95 -0.457962
15.96 -0.454825
15.97 -0.45152
15.98 -0.448051
15.99 -0.444421
16 -0.440634
16.01 -0.436697
16.02 -0.432615
16.03 -0.428396
16.04 -0.424048
16.05 -0.41958
16.06 -0.415004
16.07 -0.410328
16.08 -0.405565
16.09 -0.400725
16.1 -0.39582
16.11 -0.390858
16.12 -0.385851
16.13 -0.380805
16.14 -0.375723
16.15 -0.370611
16.16 -0.365475
16.17 -0.360319
16.18 -0.35515
16.19 -0.349971
16.2 -0.34479
16.21 -0.339611
16.22 -0.334438
16.23 -0.329277
16.24 -0.324132
16.25 -0.319004
16.26 -0.313897
16.27 -0.308811
16.28 -0.303748
16.29 -0.298708
16.3 -0.293692
16.31 -0.2887
16.32 -0.283733
16.33 -0.278789
16.34 -0.273869
16.35 -0.268973
16.36 -0.2641
16.37 -0.25925
16.38 -0.254423
16.39 -0.249618
16.4 -0.244834
16.41 -0.240072
16.42 -0.235329
16.43 -0.230606
16.44 -0.225903
16.45 -0.221218
16.46 -0.216552
16.47 -0.211903
16.48 -0.207273
16.49 -0.20266
16.5 -0.198064
16.51 -0.193485
16.52 -0.188922
16.53 -0.184376
16.54 -0.179846
16.55 -0.175331
16.56 -0.170832
16.57 -0.166349
16.58 -0.161881
16.59 -0.157429
16.6 -0.152993
16.61 -0.148573
16.62 -0.144171
16.63 -0.139788
16.64 -0.135425
16.65 -0.131084
16.66 -0.126767
16.67 -0.122477
16.68 -0.118218
16.69 -0.113991
16.7 -0.109802
16.71 -0.105654
16.72 -0.101549
16.73 -0.0974916
16.74 -0.0934834
16.75 -0.0895262
16.76 -0.0856215
16.77 -0.0817707
16.78 -0.0779747
16.79 -0.0742344
16.8 -0.0705501
16.81 -0.0669223
16.82 -0.0633512
16.83 -0.0598369
16.84 -0.0563794
16.85 -0.0529786
16.86 -0.0496346
16.87 -0.0463474
16.88 -0.0431173
16.89 -0.0399446
16.9 -0.03683
16.91 -0.0337742
16.92 -0.030778
16.93 -0.0278422
16.94 -0.0249676
16.95 -0.0221549
16.96 -0.0194045
16.97 -0.016717
16.98 -0.0140927
16.99 -0.011532
17 -0.00903497
17.01 -0.00660178
17.02 -0.00423254
17.03 -0.00192738
17.04 0.000313503
17.05 0.00248981
17.06 0.00460128
17.07 0.00664772
17.08 0.00862899
17.09 0.010545
17.1 0.0123955
17.11 0.0141804
17.12 0.0158994
17.13 0.0175523
17.14 0.019139
17.15 0.0206593
17.16 0.0221132
17.17 0.0235004
17.18 0.0248207
17.19 0.026074
17.2 0.0272603
17.21 0.0283794
17.22 0.0294313
17.23 0.0304159
17.24 0.0313333
17.25 0.0321832
17.26 0.0329654
17.27 0.0336796
17.28 0.0343255
17.29 0.0349024
17.3 0.0354097
17.31 0.0358471
17.32 0.0362137
17.33 0.0365092
17.34 0.0367327
17.35 0.0368836
17.36 0.0369607
17.37 0.0369627
17.38 0.0368877
17.39 0.0367338
17.4 0.0364984
17.41 0.0361788
17.42 0.0357718
17.43 0.0352743
17.44 0.0346832
17.45 0.0339962
17.46 0.0332112
17.47 0.032327
17.48 0.0313432
17.49 0.0302594
17.5 0.029076
17.51 0.0277932
17.52 0.0264113
17.53 0.0249307
17.54 0.0233518
17.55 0.0216755
17.56 0.0199025
17.57 0.0180342
17.58 0.0160722
17.59 0.0140185
17.6 0.0118757
17.61 0.00964669
17.62 0.00733512
17.63 0.00494509
17.64 0.00248118
17.65 -5.15593e-05
17.66 -0.00264773
17.67 -0.00530162
17.68 -0.00800727
17.69 -0.0107585
17.7 -0.013549
17.71 -0.0163729
17.72 -0.0192243
17.73 -0.0220978
17.74 -0.0249883
17.75 -0.0278908
17.76 -0.0308
17.77 -0.0337103
17.78 -0.0366159
17.79 -0.0395104
17.8 -0.0423869
17.81 -0.0452386
17.82 -0.0480585
17.83 -0.0508398
17.84 -0.0535756
17.85 -0.0562594
17.86 -0.0588845
17.87 -0.0614463
17.88 -0.0639426
17.89 -0.0663715
17.9 -0.0687311
17.91 -0.0710197
17.92 -0.0732364
17.93 -0.0753804
17.94 -0.0774512
17.95 -0.0794486
17.96 -0.0813722
17.97 -0.083222
17.98 -0.0849984
17.99 -0.0867014
18 -0.0883314
18.01 -0.0898888
18.02 -0.0913739
18.03 -0.0927871
18.04 -0.0941287
18.05 -0.0953988
18.06 -0.0965978
18.07 -0.0977257
18.08 -0.0987827
18.09 -0.0997689
18.1 -0.100685
18.11 -0.10153
18.12 -0.102306
18.13 -0.103012
18.14 -0.103649
18.15 -0.104216
18.16 -0.104714
18.17 -0.105141
18.18 -0.105498
18.19 -0.105785
18.2 -0.105999
18.21 -0.10614
18.22 -0.106208
18.23 -0.106201
18.24 -0.106118
18.25 -0.105959
18.26 -0.105723
18.27 -0.10541
18.28 -0.10502
18.29 -0.104553
18.3 -0.104008
18.31 -0.103386
18.32 -0.102686
18.33 -0.101908
18.34 -0.101053
18.35 -0.10012
18.36 -0.0991108
18.37 -0.0980255
18.38 -0.0968653
18.39 -0.0956311
18.4 -0.0943242
18.41 -0.0929455
18.42 -0.0914962
18.43 -0.0899771
18.44 -0.0883888
18.45 -0.086732
18.46 -0.085007
18.47 -0.0832141
18.48 -0.0813534
18.49 -0.0794253
18.5 -0.07743
18.51 -0.0753681
18.52 -0.0732404
18.53 -0.071048
18.54 -0.0687925
18.55 -0.0664755
18.56 -0.064099
18.57 -0.0616654
18.58 -0.0591771
18.59 -0.0566366
18.6 -0.0540464
18.61 -0.0514093
18.62 -0.0487277
18.63 -0.0460043
18.64 -0.0432418
18.65 -0.0404428
18.66 -0.0376103
18.67 -0.0347476
18.68 -0.0318583
18.69 -0.0289468
18.7 -0.0260186
18.71 -0.0230796
18.72 -0.0201369
18.73 -0.0171983
18.74 -0.0142717
18.75 -0.0113654
18.76 -0.00848586
18.77 -0.00563737
18.78 -0.00282378
18.79 -4.94079e-05
18.8 0.00268141
18.81 0.00536427
18.82 0.00799475
18.83 0.0105683
18.84 0.0130804
18.85 0.0155262
18.86 0.0179013
18.87 0.0202007
18.88 0.0224199
18.89 0.0245543
18.9 0.0265998
18.91 0.0285526
18.92 0.0304094
18.93 0.0321678
18.94 0.0338259
18.95 0.035382
18.96 0.0368347
18.97 0.0381826
18.98 0.0394241
18.99 0.0405575
19 0.0415806
19.01 0.042491
19.02 0.0432859
19.03 0.0439624
19.04 0.0445174
19.05 0.0449478
19.06 0.0452511
19.07 0.0454249
19.08 0.0454671
19.09 0.0453763
19.1 0.0451512
19.11 0.0447907
19.12 0.0442939
19.13 0.0436598
19.14 0.0428871
19.15 0.0419749
19.16 0.0409226
19.17 0.0397301
19.18 0.038398
19.19 0.0369281
19.2 0.0353231
19.21 0.0335865
19.22 0.0317227
19.23 0.0297367
19.24 0.027634
19.25 0.0254198
19.26 0.0230993
19.27 0.0206767
19.28 0.0181559
19.29 0.0155407
19.3 0.012835
19.31 0.010043
19.32 0.00716948
19.33 0.00421952
19.34 0.00119876
19.35 -0.00188662
19.36 -0.0050299
19.37 -0.00822403
19.38 -0.0114618
19.39 -0.014736
19.4 -0.0180397
19.41 -0.0213656
19.42 -0.0247066
19.43 -0.0280555
19.44 -0.0314052
19.45 -0.0347485
19.46 -0.0380784
19.47 -0.0413879
19.48 -0.04467
19.49 -0.0479178
19.5 -0.0511257
19.51 -0.0542904
19.52 -0.0574094
19.53 -0.0604808
19.54 -0.0635025
19.55 -0.0664731
19.56 -0.0693917
19.57 -0.0722578
19.58 -0.0750711
19.59 -0.0778314
19.6 -0.0805386
19.61 -0.0831929
19.62 -0.0857944
19.63 -0.0883436
19.64 -0.0908406
19.65 -0.0932859
19.66 -0.0956798
19.67 -0.0980228
19.68 -0.100316
19.69 -0.102559
19.7 -0.104753
19.71 -0.106899
19.72 -0.108999
19.73 -0.111053
19.74 -0.113062
19.75 -0.115027
19.76 -0.116949
19.77 -0.118828
19.78 -0.120663
19.79 -0.122457
19.8 -0.124207
19.81 -0.125915
19.82 -0.127581
19.83 -0.129204
19.84 -0.130786
19.85 -0.132326
19.86 -0.133826
19.87 -0.135286
19.88 -0.136708
19.89 -0.138092
19.9 -0.13944
19.91 -0.140752
19.92 -0.142028
19.93 -0.143269
19.94 -0.144476
19.95 -0.145649
19.96 -0.146787
19.97 -0.147893
19.98 -0.148966
19.99 -0.150007
20 -0.151018
20.01 -0.152001
20.02 -0.152955
20.03 -0.153883
20.04 -0.154786
20.05 -0.155663
20.06 -0.156515
20.07 -0.15734
20.08 -0.158139
20.09 -0.158908
20.1 -0.159647
20.11 -0.160353
20.12 -0.161022
20.13 -0.161654
20.14 -0.162245
20.15 -0.162793
20.16 -0.163296
20.17 -0.163752
20.18 -0.164159
20.19 -0.164514
20.2 -0.164817
20.21 -0.165067
20.22 -0.165262
20.23 -0.165403
20.24 -0.165487
20.25 -0.165514
20.26 -0.165483
20.27 -0.165394
20.28 -0.165247
20.29 -0.165041
20.3 -0.164776
20.31 -0.164454
20.32 -0.164075
20.33 -0.163639
20.34 -0.163148
20.35 -0.162604
20.36 -0.162007
20.37 -0.161358
20.38 -0.160658
20.39 -0.159908
20.4 -0.159107
20.41 -0.158255
20.42 -0.157353
20.43 -0.156398
20.44 -0.15539
20.45 -0.154329
20.46 -0.153214
20.47 -0.152044
20.48 -0.15082
20.49 -0.14954
20.5 -0.148204
20.51 -0.146812
20.52 -0.145363
20.53 -0.143857
20.54 -0.142294
20.55 -0.140673
20.56 -0.138994
20.57 -0.137258
20.58 -0.135465
20.59 -0.133616
20.6 -0.131712
20.61 -0.129756
20.62 -0.12775
20.63 -0.125697
20.64 -0.123599
20.65 -0.121461
20.66 -0.119284
20.67 -0.117072
20.68 -0.114828
20.69 -0.112556
20.7 -0.110257
20.71 -0.107935
20.72 -0.105592
20.73 -0.103231
20.74 -0.100855
20.75 -0.098466
20.76 -0.0960676
20.77 -0.0936621
20.78 -0.0912521
20.79 -0.0888398
20.8 -0.0864274
20.81 -0.0840165
20.82 -0.0816081
20.83 -0.0792032
20.84 -0.0768023
20.85 -0.074406
20.86 -0.072015
20.87 -0.0696297
20.88 -0.067249
20.89 -0.0648718
20.9 -0.0624971
20.91 -0.0601243
20.92 -0.0577529
20.93 -0.0553824
20.94 -0.0530121
20.95 -0.0506418
20.96 -0.0482712
20.97 -0.0459003
20.98 -0.0435294
20.99 -0.0411591
21 -0.0387906
21.01 -0.0364252
21.02 -0.0340648
21.03 -0.0317117
21.04 -0.0293683
21.05 -0.0270371
21.06 -0.0247207
21.07 -0.0224214
21.08 -0.0201416
21.09 -0.0178837
21.1 -0.0156501
21.11 -0.013443
21.12 -0.0112643
21.13 -0.00911553
21.14 -0.00699787
21.15 -0.00491233
21.16 -0.0028598
21.17 -0.000841093
21.18 0.00114302
21.19 0.00309175
21.2 0.00500432
21.21 0.00687995
21.22 0.00871787
21.23 0.0105173
21.24 0.0122776
21.25 0.0139981
21.26 0.0156783
21.27 0.0173179
21.28 0.0189171
21.29 0.0204759
21.3 0.0219947
21.31 0.0234739
21.32 0.0249139
21.33 0.026315
21.34 0.0276774
21.35 0.0290009
21.36 0.0302853
21.37 0.03153
21.38 0.0327343
21.39 0.0338971
21.4 0.0350173
21.41 0.0360933
21.42 0.0371234
21.43 0.038106
21.44 0.0390393
21.45 0.0399219
21.46 0.0407521
21.47 0.0415287
21.48 0.0422506
21.49 0.0429166
21.5 0.0435256
21.51 0.0440764
21.52 0.044568
21.53 0.0449991
21.54 0.0453689
21.55 0.0456763
21.56 0.0459203
21.57 0.0460999
21.58 0.0462137
21.59 0.0462605
21.6 0.0462386
21.61 0.0461464
21.62 0.0459825
21.63 0.0457458
21.64 0.0454352
21.65 0.0450504
21.66 0.0445915
21.67 0.0440587
21.68 0.0434527
21.69 0.0427744
21.7 0.0420248
21.71 0.0412048
21.72 0.0403156
21.73 0.0393584
21.74 0.0383346
21.75 0.037246
21.76 0.0360945
21.77 0.0348826
21.78 0.0336127
21.79 0.0322877
21.8 0.0309104
21.81 0.0294838
21.82 0.0280104
21.83 0.0264926
21.84 0.0249327
21.85 0.0233324
21.86 0.0216937
21.87 0.0200179
21.88 0.0183065
21.89 0.0165608
21.9 0.0147821
21.91 0.0129717
21.92 0.0111311
21.93 0.00926193
21.94 0.00736621
21.95 0.00544601
21.96 0.00350347
21.97 0.00154058
21.98 -0.000440865
21.99 -0.00243942
22 -0.00445401
22.01 -0.00648393
22.02 -0.00852879
22.03 -0.0105883
22.04 -0.0126622
22.05 -0.0147496
22.06 -0.0168494
22.07 -0.0189593
22.08 -0.0210767
22.09 -0.0231988
22.1 -0.0253224
22.11 -0.0274441
22.12 -0.0295605
22.13 -0.031668
22.14 -0.0337633
22.15 -0.0358429
22.16 -0.0379037
22.17 -0.0399428
22.18 -0.0419575
22.19 -0.0439451
22.2 -0.0459031
22.21 -0.0478288
22.22 -0.0497202
22.23 -0.0515767
22.24 -0.0533976
22.25 -0.055182
22.26 -0.056929
22.27 -0.0586376
22.28 -0.0603068
22.29 -0.061936
22.3 -0.0635245
22.31 -0.0650722
22.32 -0.0665794
22.33 -0.0680466
22.34 -0.0694746
22.35 -0.0708643
22.36 -0.0722167
22.37 -0.0735328
22.38 -0.0748134
22.39 -0.0760593
22.4 -0.0772713
22.41 -0.0784496
22.42 -0.0795946
22.43 -0.0807063
22.44 -0.0817848
22.45 -0.0828298
22.46 -0.083841
22.47 -0.0848178
22.48 -0.0857594
22.49 -0.0866646
22.5 -0.087532
22.51 -0.0883602
22.52 -0.0891473
22.53 -0.0898912
22.54 -0.0905896
22.55 -0.0912405
22.56 -0.0918416
22.57 -0.0923905
22.58 -0.0928849
22.59 -0.0933223
22.6 -0.0937004
22.61 -0.0940168
22.62 -0.0942691
22.63 -0.0944551
22.64 -0.0945728
22.65 -0.0946203
22.66 -0.094596
22.67 -0.0944987
22.68 -0.0943278
22.69 -0.0940826
22.7 -0.093763
22.71 -0.0933685
22.72 -0.0928988
22.73 -0.0923534
22.74 -0.0917322
22.75 -0.0910347
22.76 -0.0902608
22.77 -0.0894106
22.78 -0.0884844
22.79 -0.0874826
22.8 -0.0864058
22.81 -0.0852548
22.82 -0.0840303
22.83 -0.0827332
22.84 -0.0813648
22.85 -0.0799262
22.86 -0.0784187
22.87 -0.076844
22.88 -0.0752036
22.89 -0.0734995
22.9 -0.0717338
22.91 -0.0699089
22.92 -0.0680275
22.93 -0.0660925
22.94 -0.064107
22.95 -0.0620744
22.96 -0.0599985
22.97 -0.0578829
22.98 -0.0557316
22.99 -0.0535482
23 -0.0513361
23.01 -0.0490982
23.02 -0.046837
23.03 -0.0445549
23.04 -0.0422541
23.05 -0.0399365
23.06 -0.0376042
23.07 -0.0352591
23.08 -0.0329037
23.09 -0.0305408
23.1 -0.0281732
23.11 -0.025804
23.12 -0.0234364
23.13 -0.0210736
23.14 -0.0187184
23.15 -0.016374
23.16 -0.0140433
23.17 -0.0117292
23.18 -0.00943459
23.19 -0.00716209
23.2 -0.0049143
23.21 -0.00269369
23.22 -0.000502751
23.23 0.00165695
23.24 0.00378545
23.25 0.00588316
23.26 0.00795023
23.27 0.00998677
23.28 0.011993
23.29 0.0139693
23.3 0.0159161
23.31 0.0178339
23.32 0.0197233
23.33 0.0215848
23.34 0.023419
23.35 0.0252263
23.36 0.027007
23.37 0.0287613
23.38 0.0304891
23.39 0.0321904
23.4 0.0338647
23.41 0.0355114
23.42 0.0371296
23.43 0.0387181
23.44 0.0402757
23.45 0.041801
23.46 0.0432923
23.47 0.0447483
23.48 0.0461676
23.49 0.0475495
23.5 0.0488931
23.51 0.050198
23.52 0.0514637
23.53 0.0526897
23.54 0.0538757
23.55 0.0550214
23.56 0.0561266
23.57 0.0571911
23.58 0.0582149
23.59 0.0591979
23.6 0.0601402
23.61 0.061042
23.62 0.0619035
23.63 0.062725
23.64 0.0635068
23.65 0.0642495
23.66 0.0649536
23.67 0.0656196
23.68 0.0662479
23.69 0.0668386
23.7 0.0673919
23.71 0.0679077
23.72 0.0683858
23.73 0.0688257
23.74 0.0692269
23.75 0.0695884
23.76 0.0699092
23.77 0.0701879
23.78 0.0704224
23.79 0.0706108
23.8 0.0707504
23.81 0.0708388
23.82 0.0708734
23.83 0.0708519
23.84 0.0707718
23.85 0.0706311
23.86 0.0704275
23.87 0.0701592
23.88 0.0698242
23.89 0.0694209
23.9 0.0689474
23.91 0.0684019
23.92 0.0677825
23.93 0.0670873
23.94 0.0663144
23.95 0.0654624
23.96 0.0645299
23.97 0.063516
23.98 0.0624202
23.99 0.0612428
24 0.0599844
24.01 0.0586465
24.02 0.0572308
24.03 0.0557396
24.04 0.0541756
24.05 0.0525424
24.06 0.0508441
24.07 0.0490857
24.08 0.0472722
24.09 0.0454091
24.1 0.0435017
24.11 0.041555
24.12 0.0395741
24.13 0.0375634
24.14 0.035527
24.15 0.0334684
24.16 0.0313906
24.17 0.0292962
24.18 0.0271875
24.19 0.025067
24.2 0.0229369
24.21 0.0207995
24.22 0.0186568
24.23 0.0165109
24.24 0.0143635
24.25 0.0122166
24.26 0.0100717
24.27 0.00793052
24.28 0.00579435
24.29 0.00366438
24.3 0.00154146
24.31 -0.000573746
24.32 -0.00268061
24.33 -0.00477834
24.34 -0.00686574
24.35 -0.00894104
24.36 -0.011002
24.37 -0.013046
24.38 -0.0150703
24.39 -0.0170719
24.4 -0.0190476
24.41 -0.0209945
24.42 -0.0229095
24.43 -0.0247906
24.44 -0.0266372
24.45 -0.0284493
24.46 -0.0302268
24.47 -0.0319694
24.48 -0.0336771
24.49 -0.0353493
24.5 -0.0369858
24.51 -0.0385861
24.52 -0.0401499
24.53 -0.0416768
24.54 -0.0431665
24.55 -0.0446189
24.56 -0.046034
24.57 -0.0474119
24.58 -0.0487529
24.59 -0.0500575
24.6 -0.0513263
24.61 -0.0525596
24.62 -0.053758
24.63 -0.054922
24.64 -0.0560521
24.65 -0.0571486
24.66 -0.0582115
24.67 -0.0592408
24.68 -0.060236
24.69 -0.0611965
24.7 -0.0621216
24.71 -0.0630102
24.72 -0.0638615
24.73 -0.0646743
24.74 -0.0654475
24.75 -0.0661802
24.76 -0.066871
24.77 -0.0675186
24.78 -0.0681219
24.79 -0.06868
24.8 -0.0691919
24.81 -0.0696569
24.82 -0.0700746
24.83 -0.0704445
24.84 -0.0707666
24.85 -0.0710409
24.86 -0.0712675
24.87 -0.0714465
24.88 -0.0715783
24.89 -0.0716633
24.9 -0.0717023
24.91 -0.0716963
24.92 -0.0716464
24.93 -0.0715539
24.94 -0.0714204
24.95 -0.0712474
24.96 -0.0710365
24.97 -0.0707896
24.98 -0.0705082
24.99 -0.0701942
25 -0.0698491
