0.01 3.06025e-09
0.02 1.43798e-08
0.03 3.40617e-08
0.04 5.78145e-08
0.05 8.11349e-08
0.06 9.97587e-08
0.07 1.10073e-07
0.08 1.09432e-07
0.09 9.63609e-08
0.1 7.06578e-08
0.11 3.33917e-08
0.12 -1.32382e-08
0.13 -6.61824e-08
0.14 -1.21914e-07
0.15 -1.76793e-07
0.16 -2.27357e-07
0.17 -2.70606e-07
0.18 -3.04259e-07
0.19 -3.2694e-07
0.2 -3.38274e-07
0.21 -3.38877e-07
0.22 -3.30274e-07
0.23 -3.14724e-07
0.24 -2.95008e-07
0.25 -2.74178e-07
0.26 -2.55317e-07
0.27 -2.41294e-07
0.28 -2.34341e-07
0.29 -2.35649e-07
0.3 -2.4517e-07
0.31 -2.61601e-07
0.32 -2.82514e-07
0.33 -3.04422e-07
0.34 -3.2304e-07
0.35 -3.33976e-07
0.36 -3.33357e-07
0.37 -3.18297e-07
0.38 -2.87702e-07
0.39 -2.4306e-07
0.4 -1.88789e-07
0.41 -1.32057e-07
0.42 -8.15818e-08
0.43 -4.61846e-08
0.44 -3.40388e-08
0.45 -5.17696e-08
0.46 -1.03438e-07
0.47 -1.89827e-07
0.48 -3.07904e-07
0.49 -4.51018e-07
0.5 -6.09525e-07
0.51 -7.72004e-07
0.52 -9.26708e-07
0.53 -1.06222e-06
0.54 -1.16879e-06
0.55 -1.2396e-06
0.56 -1.27088e-06
0.57 -1.26234e-06
0.58 -1.21748e-06
0.59 -1.14315e-06
0.6 -1.04869e-06
0.61 -9.44944e-07
0.62 -8.43184e-07
0.63 -7.54076e-07
0.64 -6.86739e-07
0.65 -6.48029e-07
0.66 -6.4206e-07
0.67 -6.69984e-07
0.68 -7.30016e-07
0.69 -8.17642e-07
0.7 -9.25965e-07
0.71 -1.04611e-06
0.72 -1.16763e-06
0.73 -1.27897e-06
0.74 -1.3679e-06
0.75 -1.42214e-06
0.76 -1.43022e-06
0.77 -1.3828e-06
0.78 -1.27468e-06
0.79 -1.10724e-06
0.8 -8.89681e-07
0.81 -6.38301e-07
0.82 -3.74473e-07
0.83 -1.21683e-07
0.84 9.65142e-08
0.85 2.57306e-07
0.86 3.41429e-07
0.87 3.3857e-07
0.88 2.51724e-07
0.89 9.71432e-08
0.9 -9.96332e-08
0.91 -3.08277e-07
0.92 -4.97799e-07
0.93 -6.41461e-07
0.94 -7.21795e-07
0.95 -7.33161e-07
0.96 -6.82631e-07
0.97 -5.88167e-07
0.98 -4.71972e-07
0.99 -3.53254e-07
1 -2.44694e-07
1.01 -1.52097e-07
1.02 -7.3886e-08
1.03 -2.46325e-09
1.04 7.25362e-08
1.05 1.61066e-07
1.06 2.6857e-07
1.07 3.94039e-07
1.08 5.31651e-07
1.09 6.74136e-07
1.1 8.14304e-07
1.11 9.44389e-07
1.12 1.05794e-06
1.13 1.15212e-06
1.14 1.22728e-06
1.15 1.28556e-06
1.16 1.32884e-06
1.17 1.35615e-06
1.18 1.36154e-06
1.19 1.33656e-06
1.2 1.27428e-06
1.21 1.1685e-06
1.22 1.0129e-06
1.23 8.04417e-07
1.24 5.48734e-07
1.25 2.66928e-07
1.26 -2.39475e-09
1.27 -2.11987e-07
1.28 -3.19755e-07
1.29 -2.95263e-07
1.3 -1.22967e-07
1.31 1.91993e-07
1.32 6.22517e-07
1.33 1.12532e-06
1.34 1.65064e-06
1.35 2.15045e-06
1.36 2.58338e-06
1.37 2.9182e-06
1.38 3.13606e-06
1.39 3.23062e-06
1.4 3.20633e-06
1.41 3.07471e-06
1.42 2.84936e-06
1.43 2.54043e-06
1.44 2.15013e-06
1.45 1.67059e-06
1.46 1.08626e-06
1.47 3.81887e-07
1.48 -4.49757e-07
1.49 -1.40617e-06
1.5 -2.47259e-06
1.51 -3.61924e-06
1.52 -4.80258e-06
1.53 -5.96301e-06
1.54 -7.02318e-06
1.55 -7.88855e-06
1.56 -8.45437e-06
1.57 -8.62477e-06
1.58 -8.32973e-06
1.59 -7.53709e-06
1.6 -6.2664e-06
1.61 -4.59177e-06
1.62 -2.63049e-06
1.63 -5.31275e-07
1.64 1.54075e-06
1.65 3.42109e-06
1.66 4.9589e-06
1.67 6.02937e-06
1.68 6.54658e-06
1.69 6.47619e-06
1.7 5.84065e-06
1.71 4.71529e-06
1.72 3.22024e-06
1.73 1.50976e-06
1.74 -2.39866e-07
1.75 -1.84414e-06
1.76 -3.13254e-06
1.77 -3.97091e-06
1.78 -4.26906e-06
1.79 -3.98282e-06
1.8 -3.11899e-06
1.81 -1.73785e-06
1.82 5.41131e-08
1.83 2.11387e-06
1.84 4.26667e-06
1.85 6.31834e-06
1.86 8.07858e-06
1.87 9.38802e-06
1.88 1.01383e-05
1.89 1.02815e-05
1.9 9.83288e-06
1.91 8.86765e-06
1.92 7.51195e-06
1.93 5.92736e-06
1.94 4.28175e-06
1.95 2.71759e-06
1.96 1.33827e-06
1.97 2.04376e-07
1.98 -6.66745e-07
1.99 -1.29035e-06
2 -1.69221e-06
2.01 -1.88845e-06
2.02 -1.88194e-06
2.03 -1.66549e-06
2.04 -1.22543e-06
2.05 -5.52476e-07
2.06 3.47703e-07
2.07 1.44595e-06
2.08 2.67792e-06
2.09 3.94013e-06
2.1 5.09904e-06
2.11 6.00712e-06
2.12 6.51507e-06
2.13 6.48121e-06
2.14 5.79536e-06
2.15 4.40001e-06
2.16 2.29699e-06
2.17 -4.48199e-07
2.18 -3.71297e-06
2.19 -7.33799e-06
2.2 -1.11502e-05
2.21 -1.49738e-05
2.22 -1.86373e-05
2.23 -2.19824e-05
2.24 -2.48746e-05
2.25 -2.72195e-05
2.26 -2.89658e-05
2.27 -3.00838e-05
2.28 -3.05614e-05
2.29 -3.04167e-05
2.3 -2.96987e-05
2.31 -2.84811e-05
2.32 -2.68483e-05
2.33 -2.48749e-05
2.34 -2.26137e-05
2.35 -2.00962e-05
2.36 -1.73381e-05
2.37 -1.43489e-05
2.38 -1.11403e-05
2.39 -7.72241e-06
2.4 -4.12054e-06
2.41 -4.13128e-07
2.42 3.26204e-06
2.43 6.73769e-06
2.44 9.85149e-06
2.45 1.2467e-05
2.46 1.44843e-05
2.47 1.58386e-05
2.48 1.65009e-05
2.49 1.64957e-05
2.5 1.59134e-05
2.51 1.49119e-05
2.52 1.37015e-05
2.53 1.25096e-05
2.54 1.15544e-05
2.55 1.10307e-05
2.56 1.10848e-05
2.57 1.17764e-05
2.58 1.30559e-05
2.59 1.47671e-05
2.6 1.66696e-05
2.61 1.84815e-05
2.62 1.99261e-05
2.63 2.0776e-05
2.64 2.08848e-05
2.65 2.01999e-05
2.66 1.87637e-05
2.67 1.67034e-05
2.68 1.42063e-05
2.69 1.14858e-05
2.7 8.75665e-06
2.71 6.22496e-06
2.72 4.06961e-06
2.73 2.42836e-06
2.74 1.40312e-06
2.75 1.05634e-06
2.76 1.39195e-06
2.77 2.35234e-06
2.78 3.84909e-06
2.79 5.78458e-06
2.8 8.05643e-06
2.81 1.05622e-05
2.82 1.3179e-05
2.83 1.5747e-05
2.84 1.80792e-05
2.85 1.99797e-05
2.86 2.12667e-05
2.87 2.17831e-05
2.88 2.13957e-05
2.89 2.00148e-05
2.9 1.76246e-05
2.91 1.429e-05
2.92 1.01476e-05
2.93 5.39666e-06
2.94 2.91792e-07
2.95 -4.8786e-06
2.96 -9.81205e-06
2.97 -1.41941e-05
2.98 -1.77161e-05
2.99 -2.01168e-05
3 -2.12172e-05
3.01 -2.09446e-05
3.02 -1.93577e-05
3.03 -1.66534e-05
3.04 -1.31509e-05
3.05 -9.26509e-06
3.06 -5.47155e-06
3.07 -2.26385e-06
3.08 -1.02736e-07
3.09 6.42576e-07
3.1 -2.42656e-07
3.11 -2.77611e-06
3.12 -6.76507e-06
3.13 -1.18169e-05
3.14 -1.73946e-05
3.15 -2.29002e-05
3.16 -2.77417e-05
3.17 -3.13871e-05
3.18 -3.34165e-05
3.19 -3.35732e-05
3.2 -3.18061e-05
3.21 -2.82555e-05
3.22 -2.31984e-05
3.23 -1.70089e-05
3.24 -1.01181e-05
3.25 -2.97917e-06
3.26 3.96326e-06
3.27 1.03329e-05
3.28 1.58696e-05
3.29 2.04172e-05
3.3 2.3905e-05
3.31 2.637e-05
3.32 2.79507e-05
3.33 2.88242e-05
3.34 2.91455e-05
3.35 2.9007e-05
3.36 2.84188e-05
3.37 2.73177e-05
3.38 2.55892e-05
3.39 2.30844e-05
3.4 1.96438e-05
3.41 1.51313e-05
3.42 9.47606e-06
3.43 2.71409e-06
3.44 -5.00132e-06
3.45 -1.34121e-05
3.46 -2.21708e-05
3.47 -3.08364e-05
3.48 -3.88741e-05
3.49 -4.56899e-05
3.5 -5.06948e-05
3.51 -5.3375e-05
3.52 -5.33457e-05
3.53 -5.03999e-05
3.54 -4.45542e-05
3.55 -3.60899e-05
3.56 -2.5575e-05
3.57 -1.38091e-05
3.58 -1.69859e-06
3.59 9.84203e-06
3.6 1.9941e-05
3.61 2.78301e-05
3.62 3.2923e-05
3.63 3.48671e-05
3.64 3.35639e-05
3.65 2.9175e-05
3.66 2.20959e-05
3.67 1.28989e-05
3.68 2.27294e-06
3.69 -9.02221e-06
3.7 -2.01835e-05
3.71 -3.04252e-05
3.72 -3.90724e-05
3.73 -4.55992e-05
3.74 -4.96457e-05
3.75 -5.10625e-05
3.76 -4.99264e-05
3.77 -4.65181e-05
3.78 -4.12874e-05
3.79 -3.48131e-05
3.8 -2.7736e-05
3.81 -2.06737e-05
3.82 -1.41723e-05
3.83 -8.68388e-06
3.84 -4.52451e-06
3.85 -1.85768e-06
3.86 -7.30869e-07
3.87 -1.11733e-06
3.88 -2.94482e-06
3.89 -6.11757e-06
3.9 -1.05251e-05
3.91 -1.60542e-05
3.92 -2.25979e-05
3.93 -3.00342e-05
3.94 -3.81938e-05
3.95 -4.6853e-05
3.96 -5.57358e-05
3.97 -6.45022e-05
3.98 -7.27265e-05
3.99 -7.99048e-05
4 -8.55055e-05
4.01 -8.90248e-05
4.02 -9.00434e-05
4.03 -8.82782e-05
4.04 -8.36033e-05
4.05 -7.60599e-05
4.06 -6.58524e-05
4.07 -5.33087e-05
4.08 -3.88311e-05
4.09 -2.28728e-05
4.1 -5.92776e-06
4.11 1.14611e-05
4.12 2.86574e-05
4.13 4.49149e-05
4.14 5.9413e-05
4.15 7.1285e-05
4.16 7.96434e-05
4.17 8.36494e-05
4.18 8.26421e-05
4.19 7.62471e-05
4.2 6.44255e-05
4.21 4.75247e-05
4.22 2.6312e-05
4.23 1.98106e-06
4.24 -2.39013e-05
4.25 -4.95752e-05
4.26 -7.32974e-05
4.27 -9.34783e-05
4.28 -0.000108799
4.29 -0.000118313
4.3 -0.000121502
4.31 -0.000118331
4.32 -0.000109258
4.33 -9.51866e-05
4.34 -7.7347e-05
4.35 -5.71453e-05
4.36 -3.60309e-05
4.37 -1.5374e-05
4.38 3.6324e-06
4.39 2.00441e-05
4.4 3.32379e-05
4.41 4.2962e-05
4.42 4.93324e-05
4.43 5.2777e-05
4.44 5.39632e-05
4.45 5.36904e-05
4.46 5.27374e-05
4.47 5.17379e-05
4.48 5.11272e-05
4.49 5.11562e-05
4.5 5.19475e-05
4.51 5.35137e-05
4.52 5.57172e-05
4.53 5.82498e-05
4.54 6.06776e-05
4.55 6.24997e-05
4.56 6.32113e-05
4.57 6.23582e-05
4.58 5.95786e-05
4.59 5.4653e-05
4.6 4.75328e-05
4.61 3.83755e-05
4.62 2.75739e-05
4.63 1.5717e-05
4.64 3.52568e-06
4.65 -8.20172e-06
4.66 -1.86483e-05
4.67 -2.70167e-05
4.68 -3.25781e-05
4.69 -3.47719e-05
4.7 -3.33049e-05
4.71 -2.82346e-05
4.72 -1.99826e-05
4.73 -9.26657e-06
4.74 2.95769e-06
4.75 1.55342e-05
4.76 2.72187e-05
4.77 3.6842e-05
4.78 4.34323e-05
4.79 4.63259e-05
4.8 4.52213e-05
4.81 4.01436e-05
4.82 3.14424e-05
4.83 1.98102e-05
4.84 6.19435e-06
4.85 -8.34848e-06
4.86 -2.27391e-05
4.87 -3.59078e-05
4.88 -4.68738e-05
4.89 -5.48792e-05
4.9 -5.94532e-05
4.91 -6.04144e-05
4.92 -5.78731e-05
4.93 -5.22229e-05
4.94 -4.4121e-05
4.95 -3.4427e-05
4.96 -2.40981e-05
4.97 -1.40787e-05
4.98 -5.19852e-06
4.99 1.90346e-06
5 6.81988e-06
5.01 9.36814e-06
5.02 9.53943e-06
5.03 7.44751e-06
5.04 3.30092e-06
5.05 -2.61697e-06
5.06 -9.9899e-06
5.07 -1.85182e-05
5.08 -2.79025e-05
5.09 -3.78198e-05
5.1 -4.79628e-05
5.11 -5.80574e-05
5.12 -6.78175e-05
5.13 -7.69351e-05
5.14 -8.50943e-05
5.15 -9.19539e-05
5.16 -9.71248e-05
5.17 -0.000100171
5.18 -0.000100684
5.19 -9.83689e-05
5.2 -9.30744e-05
5.21 -8.48037e-05
5.22 -7.37615e-05
5.23 -6.0397e-05
5.24 -4.53938e-05
5.25 -2.95815e-05
5.26 -1.37998e-05
5.27 1.20775e-06
5.28 1.48385e-05
5.29 2.66373e-05
5.3 3.63072e-05
5.31 4.37294e-05
5.32 4.89296e-05
5.33 5.19886e-05
5.34 5.29851e-05
5.35 5.19966e-05
5.36 4.90697e-05
5.37 4.41623e-05
5.38 3.71787e-05
5.39 2.80856e-05
5.4 1.69982e-05
5.41 4.20124e-06
5.42 -9.84691e-06
5.43 -2.44972e-05
5.44 -3.89244e-05
5.45 -5.21906e-05
5.46 -6.33431e-05
5.47 -7.15473e-05
5.48 -7.62138e-05
5.49 -7.70627e-05
5.5 -7.41059e-05
5.51 -6.76177e-05
5.52 -5.81438e-05
5.53 -4.6488e-05
5.54 -3.36254e-05
5.55 -2.05735e-05
5.56 -8.30461e-06
5.57 2.27644e-06
5.58 1.03638e-05
5.59 1.53433e-05
5.6 1.68932e-05
5.61 1.50459e-05
5.62 1.0188e-05
5.63 3.00138e-06
5.64 -5.59723e-06
5.65 -1.45716e-05
5.66 -2.28911e-05
5.67 -2.95902e-05
5.68 -3.38359e-05
5.69 -3.49856e-05
5.7 -3.2634e-05
5.71 -2.66417e-05
5.72 -1.71296e-05
5.73 -4.50005e-06
5.74 1.05757e-05
5.75 2.72401e-05
5.76 4.45051e-05
5.77 6.12942e-05
5.78 7.65085e-05
5.79 8.90914e-05
5.8 9.80947e-05
5.81 0.000102749
5.82 0.000102506
5.83 9.70661e-05
5.84 8.64182e-05
5.85 7.08909e-05
5.86 5.11555e-05
5.87 2.81804e-05
5.88 3.16441e-06
5.89 -2.25467e-05
5.9 -4.75557e-05
5.91 -7.04888e-05
5.92 -9.00883e-05
5.93 -0.00010533
5.94 -0.0001155
5.95 -0.000120221
5.96 -0.000119414
5.97 -0.000113239
5.98 -0.00010208
5.99 -8.65564e-05
6 -6.74751e-05
6.01 -4.58003e-05
6.02 -2.26435e-05
6.03 8.0787e-07
6.04 2.34038e-05
6.05 4.4117e-05
6.06 6.20831e-05
6.07 7.66003e-05
6.08 8.71387e-05
6.09 9.33896e-05
6.1 9.5333e-05
6.11 9.3246e-05
6.12 8.76459e-05
6.13 7.92424e-05
6.14 6.89222e-05
6.15 5.77291e-05
6.16 4.6802e-05
6.17 3.73309e-05
6.18 3.05234e-05
6.19 2.74919e-05
6.2 2.90715e-05
6.21 3.56917e-05
6.22 4.73636e-05
6.23 6.36865e-05
6.24 8.38277e-05
6.25 0.000106582
6.26 0.000130525
6.27 0.000154149
6.28 0.000176014
6.29 0.000194916
6.3 0.00021001
6.31 0.000220875
6.32 0.000227569
6.33 0.000230604
6.34 0.000230854
6.35 0.000229456
6.36 0.000227628
6.37 0.000226412
6.38 0.000226463
6.39 0.000228007
6.4 0.000230897
6.41 0.000234691
6.42 0.000238805
6.43 0.000242677
6.44 0.000245866
6.45 0.000248193
6.46 0.000249823
6.47 0.000251178
6.48 0.000252751
6.49 0.000254944
6.5 0.000257906
6.51 0.000261362
6.52 0.00026459
6.53 0.000266527
6.54 0.000265865
6.55 0.000261134
6.56 0.000250874
6.57 0.000233897
6.58 0.000209492
6.59 0.00017764
6.6 0.000139173
6.61 9.57888e-05
6.62 4.99229e-05
6.63 4.52246e-06
6.64 -3.72799e-05
6.65 -7.2587e-05
6.66 -9.91465e-05
6.67 -0.000115622
6.68 -0.000121703
6.69 -0.000118095
6.7 -0.000106423
6.71 -8.90237e-05
6.72 -6.8675e-05
6.73 -4.83296e-05
6.74 -3.08047e-05
6.75 -1.84494e-05
6.76 -1.28961e-05
6.77 -1.49346e-05
6.78 -2.44623e-05
6.79 -4.05098e-05
6.8 -6.13804e-05
6.81 -8.49031e-05
6.82 -0.000108735
6.83 -0.000130639
6.84 -0.000148716
6.85 -0.000161604
6.86 -0.000168612
6.87 -0.000169765
6.88 -0.000165753
6.89 -0.00015776
6.9 -0.000147247
6.91 -0.000135705
6.92 -0.000124439
6.93 -0.000114414
6.94 -0.000106135
6.95 -9.96378e-05
6.96 -9.45931e-05
6.97 -9.04746e-05
6.98 -8.67929e-05
6.99 -8.32714e-05
7 -7.99178e-05
7.01 -7.70713e-05
7.02 -7.53322e-05
7.03 -7.53459e-05
7.04 -7.75864e-05
7.05 -8.21856e-05
7.06 -8.87835e-05
7.07 -9.64797e-05
7.08 -0.000103928
7.09 -0.000109507
7.1 -0.000111547
7.11 -0.000108586
7.12 -9.96215e-05
7.13 -8.44088e-05
7.14 -6.36533e-05
7.15 -3.89847e-05
7.16 -1.27603e-05
7.17 1.22383e-05
7.18 3.31662e-05
7.19 4.7496e-05
7.2 5.33442e-05
7.21 4.97361e-05
7.22 3.68029e-05
7.23 1.58362e-05
7.24 -1.08404e-05
7.25 -4.01346e-05
7.26 -6.8547e-05
7.27 -9.26426e-05
7.28 -0.000109525
7.29 -0.000117211
7.3 -0.000114876
7.31 -0.000102954
7.32 -8.30939e-05
7.33 -5.7913e-05
7.34 -3.05834e-05
7.35 -4.39196e-06
7.36 1.76951e-05
7.37 3.34341e-05
7.38 4.15765e-05
7.39 4.19792e-05
7.4 3.55487e-05
7.41 2.40446e-05
7.42 9.78208e-06
7.43 -4.76768e-06
7.44 -1.73878e-05
7.45 -2.63949e-05
7.46 -3.08187e-05
7.47 -3.05096e-05
7.48 -2.61258e-05
7.49 -1.90482e-05
7.5 -1.1225e-05
7.51 -4.91832e-06
7.52 -2.38904e-06
7.53 -5.55884e-06
7.54 -1.57248e-05
7.55 -3.33921e-05
7.56 -5.82753e-05
7.57 -8.94124e-05
7.58 -0.000125279
7.59 -0.000163946
7.6 -0.000203294
7.61 -0.000241165
7.62 -0.000275398
7.63 -0.000303873
7.64 -0.000324631
7.65 -0.00033608
7.66 -0.000337101
7.67 -0.000327032
7.68 -0.000305701
7.69 -0.000273461
7.7 -0.000231186
7.71 -0.000180311
7.72 -0.000123
7.73 -6.22057e-05
7.74 -1.50414e-06
7.75 5.51667e-05
7.76 0.0001039
7.77 0.000141293
7.78 0.000164826
7.79 0.000173088
7.8 0.000165868
7.81 0.000144173
7.82 0.000110152
7.83 6.68527e-05
7.84 1.79002e-05
7.85 -3.28048e-05
7.86 -8.13986e-05
7.87 -0.0001244
7.88 -0.000158967
7.89 -0.000183045
7.9 -0.00019547
7.91 -0.000196035
7.92 -0.00018544
7.93 -0.000165158
7.94 -0.00013727
7.95 -0.00010428
7.96 -6.89e-05
7.97 -3.38018e-05
7.98 -1.38188e-06
7.99 2.64193e-05
8 4.81789e-05
8.01 6.30114e-05
8.02 7.06086e-05
8.03 7.12203e-05
8.04 6.55484e-05
8.05 5.46065e-05
8.06 3.95907e-05
8.07 2.17975e-05
8.08 2.58392e-06
8.09 -1.66629e-05
8.1 -3.45488e-05
8.11 -4.96645e-05
8.12 -6.05743e-05
8.13 -6.59178e-05
8.14 -6.45869e-05
8.15 -5.58483e-05
8.16 -3.94242e-05
8.17 -1.55718e-05
8.18 1.48692e-05
8.19 5.04794e-05
8.2 8.93582e-05
8.21 0.000129255
8.22 0.000167706
8.23 0.000202287
8.24 0.000230888
8.25 0.000251866
8.26 0.000264135
8.27 0.000267244
8.28 0.000261409
8.29 0.000247415
8.3 0.000226472
8.31 0.000199994
8.32 0.000169357
8.33 0.00013575
8.34 0.00010013
8.35 6.32429e-05
8.36 2.57141e-05
8.37 -1.17838e-05
8.38 -4.83918e-05
8.39 -8.29772e-05
8.4 -0.000114091
8.41 -0.000140089
8.42 -0.000159372
8.43 -0.000170602
8.44 -0.00017285
8.45 -0.000165674
8.46 -0.000149143
8.47 -0.000123843
8.48 -9.08653e-05
8.49 -5.17932e-05
8.5 -8.64424e-06
8.51 3.62639e-05
8.52 8.04095e-05
8.53 0.00012115
8.54 0.000155855
8.55 0.000182104
8.56 0.000197976
8.57 0.000202318
8.58 0.000194919
8.59 0.000176554
8.6 0.000148962
8.61 0.00011472
8.62 7.70792e-05
8.63 3.97373e-05
8.64 6.52174e-06
8.65 -1.89532e-05
8.66 -3.36168e-05
8.67 -3.52738e-05
8.68 -2.28635e-05
8.69 3.37859e-06
8.7 4.18957e-05
8.71 9.00004e-05
8.72 0.000144105
8.73 0.000199962
8.74 0.000253071
8.75 0.000299121
8.76 0.000334328
8.77 0.000355697
8.78 0.000361285
8.79 0.000350415
8.8 0.000323698
8.81 0.000282946
8.82 0.00023102
8.83 0.000171656
8.84 0.00010924
8.85 4.84537e-05
8.86 -6.15395e-06
8.87 -5.06189e-05
8.88 -8.19266e-05
8.89 -9.81928e-05
8.9 -9.87486e-05
8.91 -8.4183e-05
8.92 -5.62964e-05
8.93 -1.79499e-05
8.94 2.71417e-05
8.95 7.46958e-05
8.96 0.000120255
8.97 0.000159611
8.98 0.000189192
8.99 0.000206328
9 0.000209395
9.01 0.000197893
9.02 0.000172455
9.03 0.000134733
9.04 8.7262e-05
9.05 3.33372e-05
9.06 -2.31906e-05
9.07 -7.82112e-05
9.08 -0.000127719
9.09 -0.000168198
9.1 -0.000196979
9.11 -0.000212542
9.12 -0.000214656
9.13 -0.000204344
9.14 -0.000183757
9.15 -0.000155926
9.16 -0.000124352
9.17 -9.2545e-05
9.18 -6.35768e-05
9.19 -3.97494e-05
9.2 -2.23681e-05
9.21 -1.15814e-05
9.22 -6.38133e-06
9.23 -4.79689e-06
9.24 -4.25673e-06
9.25 -2.08718e-06
9.26 3.99473e-06
9.27 1.55247e-05
9.28 3.30548e-05
9.29 5.60367e-05
9.3 8.29592e-05
9.31 0.000111732
9.32 0.000140036
9.33 0.000165559
9.34 0.000186244
9.35 0.000200504
9.36 0.00020737
9.37 0.000206552
9.38 0.000198465
9.39 0.000184165
9.4 0.00016515
9.41 0.000143116
9.42 0.000119736
9.43 9.64307e-05
9.44 7.41534e-05
9.45 5.3294e-05
9.46 3.37625e-05
9.47 1.51627e-05
9.48 -3.03306e-06
9.49 -2.12493e-05
9.5 -3.96196e-05
9.51 -5.79127e-05
9.52 -7.55259e-05
9.53 -9.15724e-05
9.54 -0.000105086
9.55 -0.000115265
9.56 -0.000121642
9.57 -0.000124219
9.58 -0.000123559
9.59 -0.000120766
9.6 -0.000117317
9.61 -0.00011481
9.62 -0.000114694
9.63 -0.000118018
9.64 -0.000125213
9.65 -0.000135995
9.66 -0.000149409
9.67 -0.000163953
9.68 -0.00017774
9.69 -0.000188732
9.7 -0.000195043
9.71 -0.000195239
9.72 -0.000188568
9.73 -0.000175047
9.74 -0.000155523
9.75 -0.000131649
9.76 -0.000105713
9.77 -8.03702e-05
9.78 -5.83426e-05
9.79 -4.21562e-05
9.8 -3.39153e-05
9.81 -3.51083e-05
9.82 -4.64499e-05
9.83 -6.78093e-05
9.84 -9.82387e-05
9.85 -0.000136061
9.86 -0.000178968
9.87 -0.000224151
9.88 -0.000268521
9.89 -0.000309014
9.9 -0.000342869
9.91 -0.000367772
9.92 -0.000382015
9.93 -0.000384667
9.94 -0.000375643
9.95 -0.000355691
9.96 -0.000326382
9.97 -0.00029009
9.98 -0.000249884
9.99 -0.000209294
10 -0.000171978
10.01 -0.000141369
10.02 -0.000120395
10.03 -0.00011122
10.04 -0.000114963
10.05 -0.000131466
10.06 -0.000159221
10.07 -0.000195513
10.08 -0.000236703
10.09 -0.000278622
10.1 -0.000317
10.11 -0.000347891
10.12 -0.000368156
10.13 -0.000375867
10.14 -0.000370492
10.15 -0.000352886
10.16 -0.000325168
10.17 -0.000290421
10.18 -0.000252259
10.19 -0.000214396
10.2 -0.000180236
10.21 -0.000152564
10.22 -0.00013337
10.23 -0.000123721
10.24 -0.000123682
10.25 -0.000132381
10.26 -0.000148205
10.27 -0.000169
10.28 -0.00019228
10.29 -0.000215442
10.3 -0.000236011
10.31 -0.000251839
10.32 -0.000261217
10.33 -0.000263
10.34 -0.00025676
10.35 -0.000242858
10.36 -0.000222376
10.37 -0.000196979
10.38 -0.000168748
10.39 -0.00013996
10.4 -0.000112829
10.41 -8.92703e-05
10.42 -7.06469e-05
10.43 -5.76224e-05
10.44 -5.01032e-05
10.45 -4.72607e-05
10.46 -4.76755e-05
10.47 -4.96022e-05
10.48 -5.12569e-05
10.49 -5.10857e-05
10.5 -4.80259e-05
10.51 -4.16436e-05
10.52 -3.21357e-05
10.53 -2.02727e-05
10.54 -7.25398e-06
10.55 5.51858e-06
10.56 1.66467e-05
10.57 2.48776e-05
10.58 2.92224e-05
10.59 2.90779e-05
10.6 2.42972e-05
10.61 1.51545e-05
10.62 2.26822e-06
10.63 -1.34734e-05
10.64 -3.10353e-05
10.65 -4.93593e-05
10.66 -6.74394e-05
10.67 -8.43894e-05
10.68 -9.94688e-05
10.69 -0.000112062
10.7 -0.000121648
10.71 -0.00012781
10.72 -0.000130324
10.73 -0.000129195
10.74 -0.000124653
10.75 -0.000117165
10.76 -0.000107418
10.77 -9.62057e-05
10.78 -8.43363e-05
10.79 -7.25552e-05
10.8 -6.1514e-05
10.81 -5.174e-05
10.82 -4.35677e-05
10.83 -3.71005e-05
10.84 -3.22455e-05
10.85 -2.87607e-05
10.86 -2.63355e-05
10.87 -2.46833e-05
10.88 -2.35531e-05
10.89 -2.27107e-05
10.9 -2.19603e-05
10.91 -2.11397e-05
10.92 -2.00483e-05
10.93 -1.8374e-05
10.94 -1.56577e-05
10.95 -1.1319e-05
10.96 -4.73153e-06
10.97 4.68333e-06
10.98 1.73464e-05
10.99 3.33969e-05
11 5.25821e-05
11.01 7.42529e-05
11.02 9.74253e-05
11.03 0.000120837
11.04 0.000143037
11.05 0.000162555
11.06 0.000178115
11.07 0.000188777
11.08 0.00019399
11.09 0.000193654
11.1 0.000188159
11.11 0.000178391
11.12 0.000165683
11.13 0.000151692
11.14 0.000138179
11.15 0.000126787
11.16 0.000118963
11.17 0.0001159
11.18 0.000118495
11.19 0.000127295
11.2 0.000142443
11.21 0.000163654
11.22 0.00019024
11.23 0.000221108
11.24 0.000254687
11.25 0.000288886
11.26 0.000321179
11.27 0.000348846
11.28 0.000369308
11.29 0.000380484
11.3 0.000381096
11.31 0.000370833
11.32 0.000350415
11.33 0.000321579
11.34 0.000286987
11.35 0.000250071
11.36 0.000214743
11.37 0.000184933
11.38 0.000164069
11.39 0.000154641
11.4 0.000157942
11.41 0.000173935
11.42 0.00020117
11.43 0.000236902
11.44 0.000277418
11.45 0.000318467
11.46 0.000355775
11.47 0.000385565
11.48 0.000405015
11.49 0.000412625
11.5 0.000408418
11.51 0.000393896
11.52 0.000371792
11.53 0.000345692
11.54 0.000319573
11.55 0.000297316
11.56 0.000282186
11.57 0.000276424
11.58 0.000281032
11.59 0.000295767
11.6 0.000319322
11.61 0.000349592
11.62 0.000383914
11.63 0.000419324
11.64 0.000452872
11.65 0.000481873
11.66 0.000504119
11.67 0.000518108
11.68 0.000523145
11.69 0.000519305
11.7 0.000507343
11.71 0.000488542
11.72 0.000464532
11.73 0.000437101
11.74 0.000408015
11.75 0.000378817
11.76 0.00035063
11.77 0.000323983
11.78 0.000298742
11.79 0.000274224
11.8 0.000249475
11.81 0.000223624
11.82 0.000196158
11.83 0.000167023
11.84 0.00013664
11.85 0.000105864
11.86 7.58052e-05
11.87 4.75776e-05
11.88 2.21503e-05
11.89 2.78473e-07
11.9 -1.75603e-05
11.91 -3.11953e-05
11.92 -4.0758e-05
11.93 -4.66756e-05
11.94 -4.96331e-05
11.95 -5.05045e-05
11.96 -5.02869e-05
11.97 -5.00012e-05
11.98 -5.0518e-05
11.99 -5.23951e-05
12 -5.5834e-05
12.01 -6.07104e-05
12.02 -6.65661e-05
12.03 -7.25841e-05
12.04 -7.76688e-05
12.05 -8.06219e-05
12.06 -8.0335e-05
12.07 -7.59764e-05
12.08 -6.71851e-05
12.09 -5.42374e-05
12.1 -3.80675e-05
12.11 -2.01327e-05
12.12 -2.2632e-06
12.13 1.34492e-05
12.14 2.48212e-05
12.15 2.98236e-05
12.16 2.68339e-05
12.17 1.48733e-05
12.18 -6.20446e-06
12.19 -3.56879e-05
12.2 -7.21283e-05
12.21 -0.000113429
12.22 -0.000156956
12.23 -0.000199826
12.24 -0.000239276
12.25 -0.000272888
12.26 -0.000298702
12.27 -0.000315384
12.28 -0.000322373
12.29 -0.000319892
12.3 -0.000308912
12.31 -0.000291038
12.32 -0.000268262
12.33 -0.000242704
12.34 -0.000216433
12.35 -0.000191338
12.36 -0.000168958
12.37 -0.000150297
12.38 -0.000135725
12.39 -0.000125041
12.4 -0.000117544
12.41 -0.000112149
12.42 -0.000107654
12.43 -0.00010295
12.44 -9.70449e-05
12.45 -8.91067e-05
12.46 -7.85799e-05
12.47 -6.51456e-05
12.48 -4.85367e-05
12.49 -2.84081e-05
12.5 -4.30478e-06
12.51 2.42975e-05
12.52 5.78928e-05
12.53 9.68034e-05
12.54 0.000140963
12.55 0.00018973
12.56 0.000241835
12.57 0.000295455
12.58 0.00034842
12.59 0.000398531
12.6 0.00044386
12.61 0.000482943
12.62 0.000514811
12.63 0.000538931
12.64 0.000555203
12.65 0.000564047
12.66 0.000566337
12.67 0.00056319
12.68 0.000555798
12.69 0.000545268
12.7 0.000532521
12.71 0.000518329
12.72 0.000503348
12.73 0.00048812
12.74 0.000473093
12.75 0.000458642
12.76 0.00044512
12.77 0.000432865
12.78 0.00042215
12.79 0.000413161
12.8 0.000405963
12.81 0.000400423
12.82 0.000396158
12.83 0.00039256
12.84 0.000388909
12.85 0.000384518
12.86 0.000378858
12.87 0.000371647
12.88 0.000362951
12.89 0.000353251
12.9 0.000343358
12.91 0.000334235
12.92 0.000326805
12.93 0.000321775
12.94 0.000319534
12.95 0.00032009
12.96 0.000323054
12.97 0.000327715
12.98 0.000333156
12.99 0.000338363
13 0.000342344
13.01 0.000344322
13.02 0.000343895
13.03 0.000341093
13.04 0.000336322
13.05 0.000330222
13.06 0.000323486
13.07 0.000316716
13.08 0.000310312
13.09 0.000304383
13.1 0.000298711
13.11 0.000292797
13.12 0.000285995
13.13 0.000277706
13.14 0.000267531
13.15 0.000255375
13.16 0.00024154
13.17 0.000226718
13.18 0.00021188
13.19 0.00019816
13.2 0.000186674
13.21 0.000178328
13.22 0.000173702
13.23 0.000172975
13.24 0.000175919
13.25 0.000181903
13.26 0.000189942
13.27 0.000198799
13.28 0.000207087
13.29 0.000213403
13.3 0.000216465
13.31 0.000215196
13.32 0.000208756
13.33 0.000196626
13.34 0.000178718
13.35 0.000155429
13.36 0.000127682
13.37 9.69052e-05
13.38 6.49142e-05
13.39 3.37264e-05
13.4 5.38207e-06
13.41 -1.82117e-05
13.42 -3.54394e-05
13.43 -4.51069e-05
13.44 -4.65379e-05
13.45 -3.96311e-05
13.46 -2.48483e-05
13.47 -3.17069e-06
13.48 2.39642e-05
13.49 5.47748e-05
13.5 8.72961e-05
13.51 0.000119543
13.52 0.000149673
13.53 0.000176173
13.54 0.000198038
13.55 0.000214841
13.56 0.000226713
13.57 0.000234266
13.58 0.000238409
13.59 0.000240147
13.6 0.000240488
13.61 0.000240393
13.62 0.00024075
13.63 0.000242364
13.64 0.000245875
13.65 0.000251669
13.66 0.0002599
13.67 0.000270522
13.68 0.000283224
13.69 0.000297362
13.7 0.000311998
13.71 0.000326011
13.72 0.000338225
13.73 0.000347492
13.74 0.000352743
13.75 0.000353057
13.76 0.000347715
13.77 0.000336208
13.78 0.000318243
13.79 0.000293759
13.8 0.000262895
13.81 0.000225905
13.82 0.000183177
13.83 0.00013548
13.84 8.42955e-05
13.85 3.20017e-05
13.86 -1.82715e-05
13.87 -6.3162e-05
13.88 -9.97212e-05
13.89 -0.000125904
13.9 -0.000140752
13.91 -0.000144375
13.92 -0.00013792
13.93 -0.000123484
13.94 -0.000103891
13.95 -8.2383e-05
13.96 -6.2272e-05
13.97 -4.65932e-05
13.98 -3.78345e-05
13.99 -3.77753e-05
14 -4.7376e-05
14.01 -6.67075e-05
14.02 -9.49424e-05
14.03 -0.00013041
14.04 -0.000170748
14.05 -0.000213151
14.06 -0.00025472
14.07 -0.000292825
14.08 -0.000325395
14.09 -0.000351129
14.1 -0.000369657
14.11 -0.000381585
14.12 -0.000388406
14.13 -0.000392361
14.14 -0.000396233
14.15 -0.000403046
14.16 -0.000415735
14.17 -0.000436754
14.18 -0.0004677
14.19 -0.000509115
14.2 -0.000560492
14.21 -0.000620376
14.22 -0.000689389
14.23 -0.00077208
14.24 -0.000873129
14.25 -0.000995939
14.26 -0.00114389
14.27 -0.00132027
14.28 -0.00152817
14.29 -0.0017704
14.3 -0.00204944
14.31 -0.00236731
14.32 -0.00272558
14.33 -0.0031253
14.34 -0.00356717
14.35 -0.00405168
14.36 -0.0045793
14.37 -0.00515063
14.38 -0.00576649
14.39 -0.00642776
14.4 -0.00713538
14.41 -0.00789026
14.42 -0.00869321
14.43 -0.00954487
14.44 -0.0104456
14.45 -0.0113952
14.46 -0.0123929
14.47 -0.0134375
14.48 -0.0145275
14.49 -0.0156611
14.5 -0.0168363
14.51 -0.0180513
14.52 -0.0193044
14.53 -0.0205938
14.54 -0.0219181
14.55 -0.0232759
14.56 -0.0246659
14.57 -0.0260867
14.58 -0.0275372
14.59 -0.0290161
14.6 -0.030522
14.61 -0.0320533
14.62 -0.0336079
14.63 -0.0351833
14.64 -0.0367762
14.65 -0.0383824
14.66 -0.0399972
14.67 -0.0416153
14.68 -0.0432311
14.69 -0.0448394
14.7 -0.0464355
14.71 -0.0480148
14.72 -0.0495731
14.73 -0.0511055
14.74 -0.0526063
14.75 -0.054069
14.76 -0.0554867
14.77 -0.0568528
14.78 -0.0581611
14.79 -0.0594054
14.8 -0.0605801
14.81 -0.0616794
14.82 -0.0626981
14.83 -0.063631
14.84 -0.0644734
14.85 -0.0652208
14.86 -0.0658691
14.87 -0.0664142
14.88 -0.0668526
14.89 -0.0671805
14.9 -0.0673942
14.91 -0.0674904
14.92 -0.0674656
14.93 -0.0673207
14.94 -0.0670667
14.95 -0.0667247
14.96 -0.0663228
14.97 -0.0658835
14.98 -0.0654103
14.99 -0.0648987
15 -0.0643464
15.01 -0.0637525
15.02 -0.0631181
15.03 -0.0624452
15.04 -0.0617367
15.05 -0.0609964
15.06 -0.0602287
15.07 -0.0594387
15.08 -0.0586322
15.09 -0.0578145
15.1 -0.056991
15.11 -0.0561667
15.12 -0.0553469
15.13 -0.0545366
15.14 -0.0537407
15.15 -0.0529638
15.16 -0.0522103
15.17 -0.0514839
15.18 -0.0507878
15.19 -0.0501244
15.2 -0.0494958
15.21 -0.0489038
15.22 -0.0483503
15.23 -0.0478373
15.24 -0.0473669
15.25 -0.0469414
15.26 -0.0465635
15.27 -0.046236
15.28 -0.0459624
15.29 -0.0457457
15.3 -0.0455887
15.31 -0.0454933
15.32 -0.045461
15.33 -0.0454924
15.34 -0.0455846
15.35 -0.0457286
15.36 -0.0459106
15.37 -0.0461147
15.38 -0.0463235
15.39 -0.0465195
15.4 -0.0466868
15.41 -0.0468176
15.42 -0.0469147
15.43 -0.0469824
15.44 -0.0470224
15.45 -0.0470357
15.46 -0.0470229
15.47 -0.0469854
15.48 -0.0469263
15.49 -0.04685
15.5 -0.0467612
15.51 -0.0466646
15.52 -0.0465649
15.53 -0.0464665
15.54 -0.0463735
15.55 -0.0462895
15.56 -0.0462168
15.57 -0.0461569
15.58 -0.0461097
15.59 -0.0460743
15.6 -0.0460483
15.61 -0.0460287
15.62 -0.0460118
15.63 -0.0459939
15.64 -0.0459714
15.65 -0.045941
15.66 -0.0459005
15.67 -0.0458485
15.68 -0.0457823
15.69 -0.0456956
15.7 -0.0455827
15.71 -0.045439
15.72 -0.0452603
15.73 -0.0450422
15.74 -0.0447806
15.75 -0.0444714
15.76 -0.0441106
15.77 -0.0436946
15.78 -0.0432197
15.79 -0.0426826
15.8 -0.0420803
15.81 -0.0414099
15.82 -0.0406694
15.83 -0.0398569
15.84 -0.038971
15.85 -0.038011
15.86 -0.0369765
15.87 -0.0358673
15.88 -0.0346835
15.89 -0.0334255
15.9 -0.032094
15.91 -0.0306899
15.92 -0.0292146
15.93 -0.0276689
15.94 -0.0260542
15.95 -0.0243716
15.96 -0.0226229
15.97 -0.02081
15.98 -0.0189355
15.99 -0.0170019
16 -0.0150128
16.01 -0.0129719
16.02 -0.0108838
16.03 -0.00875372
16.04 -0.00658778
16.05 -0.00439284
16.06 -0.00217628
16.07 5.43635e-05
16.08 0.00229174
16.09 0.0045288
16.1 0.00675876
16.11 0.0089751
16.12 0.0111715
16.13 0.0133418
16.14 0.01548
16.15 0.0175801
16.16 0.0196362
16.17 0.0216427
16.18 0.023594
16.19 0.0254847
16.2 0.0273095
16.21 0.0290636
16.22 0.0307428
16.23 0.0323435
16.24 0.0338627
16.25 0.0352986
16.26 0.0366502
16.27 0.0379175
16.28 0.0391008
16.29 0.0402011
16.3 0.0412192
16.31 0.0421566
16.32 0.0430146
16.33 0.0437949
16.34 0.0444992
16.35 0.0451295
16.36 0.0456877
16.37 0.0461759
16.38 0.046596
16.39 0.0469503
16.4 0.0472409
16.41 0.0474703
16.42 0.0476408
16.43 0.0477543
16.44 0.0478132
16.45 0.0478193
16.46 0.0477748
16.47 0.0476847
16.48 0.0475604
16.49 0.0474161
16.5 0.0472663
16.51 0.0471256
16.52 0.0470074
16.53 0.0469225
16.54 0.0468781
16.55 0.0468775
16.56 0.0469198
16.57 0.0469996
16.58 0.0471082
16.59 0.0472343
16.6 0.0473651
16.61 0.0474873
16.62 0.0475889
16.63 0.0476597
16.64 0.0476924
16.65 0.0476832
16.66 0.047632
16.67 0.0475424
16.68 0.0474212
16.69 0.0472774
16.7 0.0471218
16.71 0.046966
16.72 0.0468214
16.73 0.0466986
16.74 0.0466061
16.75 0.0465467
16.76 0.0465166
16.77 0.0465117
16.78 0.04653
16.79 0.0465686
16.8 0.046622
16.81 0.046684
16.82 0.0467479
16.83 0.0468075
16.84 0.0468569
16.85 0.0468918
16.86 0.0469092
16.87 0.0469076
16.88 0.0468874
16.89 0.0468506
16.9 0.0468005
16.91 0.0467412
16.92 0.0466778
16.93 0.0466155
16.94 0.0465592
16.95 0.0465133
16.96 0.0464811
16.97 0.0464636
16.98 0.0464589
16.99 0.0464656
17 0.0464823
17.01 0.0465067
17.02 0.0465358
17.03 0.0465663
17.04 0.046595
17.05 0.0466187
17.06 0.0466348
17.07 0.0466418
17.08 0.0466388
17.09 0.0466262
17.1 0.0466051
17.11 0.0465773
17.12 0.0465452
17.13 0.0465118
17.14 0.0464797
17.15 0.0464518
17.16 0.0464294
17.17 0.0464124
17.18 0.0464001
17.19 0.046392
17.2 0.0463876
17.21 0.0463866
17.22 0.0463885
17.23 0.046393
17.24 0.0463991
17.25 0.0464058
17.26 0.0464121
17.27 0.0464168
17.28 0.046419
17.29 0.0464177
17.3 0.0464124
17.31 0.046403
17.32 0.0463897
17.33 0.046373
17.34 0.0463531
17.35 0.0463287
17.36 0.0462984
17.37 0.0462608
17.38 0.0462141
17.39 0.0461563
17.4 0.0460848
17.41 0.0459969
17.42 0.0458894
17.43 0.045759
17.44 0.0456027
17.45 0.0454181
17.46 0.0452031
17.47 0.0449563
17.48 0.0446771
17.49 0.0443651
17.5 0.0440201
17.51 0.0436419
17.52 0.0432304
17.53 0.0427855
17.54 0.0423069
17.55 0.0417946
17.56 0.0412487
17.57 0.0406696
17.58 0.0400579
17.59 0.0394145
17.6 0.0387407
17.61 0.0380382
17.62 0.0373092
17.63 0.0365561
17.64 0.0357819
17.65 0.0349897
17.66 0.0341829
17.67 0.0333651
17.68 0.0325397
17.69 0.0317107
17.7 0.0308816
17.71 0.0300556
17.72 0.0292356
17.73 0.0284242
17.74 0.0276233
17.75 0.0268348
17.76 0.0260608
17.77 0.0253036
17.78 0.0245657
17.79 0.02385
17.8 0.0231598
17.81 0.0224985
17.82 0.0218693
17.83 0.0212753
17.84 0.0207195
17.85 0.0202046
17.86 0.0197334
17.87 0.0193081
17.88 0.0189309
17.89 0.0186033
17.9 0.0183264
17.91 0.0181006
17.92 0.0179257
17.93 0.0178013
17.94 0.0177266
17.95 0.0177009
17.96 0.0177229
17.97 0.0177893
17.98 0.0178921
17.99 0.0180198
18 0.0181595
18.01 0.0182974
18.02 0.0184205
18.03 0.0185173
18.04 0.0185795
18.05 0.0186021
18.06 0.0185842
18.07 0.018529
18.08 0.0184427
18.09 0.0183347
18.1 0.0182157
18.11 0.0180973
18.12 0.0179907
18.13 0.0179056
18.14 0.0178495
18.15 0.0178271
18.16 0.0178398
18.17 0.017886
18.18 0.0179608
18.19 0.0180574
18.2 0.0181667
18.21 0.0182793
18.22 0.0183856
18.23 0.0184768
18.24 0.0185458
18.25 0.0185877
18.26 0.0186002
18.27 0.0185837
18.28 0.0185416
18.29 0.0184796
18.3 0.0184051
18.31 0.0183264
18.32 0.0182524
18.33 0.0181908
18.34 0.0181483
18.35 0.0181293
18.36 0.0181357
18.37 0.0181668
18.38 0.0182195
18.39 0.0182887
18.4 0.018368
18.41 0.0184503
18.42 0.0185285
18.43 0.0185965
18.44 0.0186495
18.45 0.0186844
18.46 0.0187003
18.47 0.0186983
18.48 0.0186812
18.49 0.0186533
18.5 0.0186196
18.51 0.0185858
18.52 0.0185567
18.53 0.0185366
18.54 0.0185285
18.55 0.0185341
18.56 0.0185533
18.57 0.0185848
18.58 0.0186258
18.59 0.0186728
18.6 0.0187218
18.61 0.0187689
18.62 0.0188104
18.63 0.0188433
18.64 0.0188661
18.65 0.0188793
18.66 0.018884
18.67 0.0188807
18.68 0.0188698
18.69 0.0188519
18.7 0.0188274
18.71 0.0187964
18.72 0.0187588
18.73 0.0187143
18.74 0.018663
18.75 0.0186056
18.76 0.0185434
18.77 0.0184783
18.78 0.0184122
18.79 0.0183473
18.8 0.0182853
18.81 0.0182278
18.82 0.0181757
18.83 0.0181291
18.84 0.0180879
18.85 0.018051
18.86 0.0180172
18.87 0.0179848
18.88 0.017952
18.89 0.0179176
18.9 0.0178803
18.91 0.0178401
18.92 0.0177974
18.93 0.0177536
18.94 0.0177107
18.95 0.0176692
18.96 0.0176266
18.97 0.0175803
18.98 0.0175287
18.99 0.0174698
19 0.0174015
19.01 0.0173215
19.02 0.017227
19.03 0.0171152
19.04 0.0169834
19.05 0.0168289
19.06 0.0166496
19.07 0.0164436
19.08 0.0162096
19.09 0.0159466
19.1 0.0156541
19.11 0.0153315
19.12 0.0149781
19.13 0.014593
19.14 0.0141754
19.15 0.0137243
19.16 0.0132389
19.17 0.0127188
19.18 0.0121646
19.19 0.0115773
19.2 0.010959
19.21 0.0103124
19.22 0.00964069
19.23 0.00894767
19.24 0.00823714
19.25 0.00751274
19.26 0.00677748
19.27 0.00603357
19.28 0.00528259
19.29 0.00452577
19.3 0.00376442
19.31 0.00300011
19.32 0.00223465
19.33 0.00147013
19.34 0.000709032
19.35 -4.57756e-05
19.36 -0.000791071
19.37 -0.00152342
19.38 -0.0022394
19.39 -0.0029358
19.4 -0.00360962
19.41 -0.00425793
19.42 -0.00487788
19.43 -0.00546673
19.44 -0.00602187
19.45 -0.0065408
19.46 -0.00702113
19.47 -0.00746062
19.48 -0.00785715
19.49 -0.00820875
19.5 -0.00851369
19.51 -0.00877059
19.52 -0.00897828
19.53 -0.00913584
19.54 -0.00924267
19.55 -0.00929865
19.56 -0.00930425
19.57 -0.00926038
19.58 -0.00917137
19.59 -0.00904775
19.6 -0.00890312
19.61 -0.0087518
19.62 -0.00860841
19.63 -0.00848644
19.64 -0.00839697
19.65 -0.00834769
19.66 -0.00834232
19.67 -0.00838038
19.68 -0.00845735
19.69 -0.00856525
19.7 -0.00869356
19.71 -0.00883029
19.72 -0.00896301
19.73 -0.00908015
19.74 -0.0091719
19.75 -0.00923103
19.76 -0.00925336
19.77 -0.00923807
19.78 -0.00918781
19.79 -0.00910837
19.8 -0.00900812
19.81 -0.00889716
19.82 -0.00878637
19.83 -0.00868638
19.84 -0.0086066
19.85 -0.0085544
19.86 -0.00853449
19.87 -0.00854855
19.88 -0.00859504
19.89 -0.00866941
19.9 -0.00876453
19.91 -0.0088714
19.92 -0.00898
19.93 -0.00908024
19.94 -0.00916305
19.95 -0.0092213
19.96 -0.00925052
19.97 -0.0092493
19.98 -0.00921932
19.99 -0.00916518
20 -0.0090938
20.01 -0.00901364
20.02 -0.00893377
20.03 -0.00886283
20.04 -0.00880799
20.05 -0.0087742
20.06 -0.00876377
20.07 -0.00877631
20.08 -0.00880878
20.09 -0.00885589
20.1 -0.00891067
20.11 -0.00896531
20.12 -0.0090121
20.13 -0.00904439
20.14 -0.00905718
20.15 -0.00904747
20.16 -0.00901452
20.17 -0.00895993
20.18 -0.00888752
20.19 -0.0088029
20.2 -0.00871292
20.21 -0.00862506
20.22 -0.00854656
20.23 -0.00848359
20.24 -0.00844062
20.25 -0.00842007
20.26 -0.0084223
20.27 -0.0084456
20.28 -0.00848654
20.29 -0.00854031
20.3 -0.00860121
20.31 -0.00866326
20.32 -0.0087207
20.33 -0.00876853
20.34 -0.00880286
20.35 -0.00882121
20.36 -0.00882262
20.37 -0.00880755
20.38 -0.00877768
20.39 -0.00873569
20.4 -0.00868494
20.41 -0.00862916
20.42 -0.00857213
20.43 -0.00851741
20.44 -0.00846809
20.45 -0.00842663
20.46 -0.00839476
20.47 -0.00837324
20.48 -0.00836181
20.49 -0.00835917
20.5 -0.0083632
20.51 -0.00837116
20.52 -0.00838
20.53 -0.00838663
20.54 -0.00838822
20.55 -0.00838255
20.56 -0.00836817
20.57 -0.00834466
20.58 -0.00831275
20.59 -0.00827439
20.6 -0.00823257
20.61 -0.00819097
20.62 -0.00815352
20.63 -0.00812277
20.64 -0.00809907
20.65 -0.00808222
20.66 -0.00807234
20.67 -0.00806954
20.68 -0.00807383
20.69 -0.00808474
20.7 -0.00810096
20.71 -0.00812059
20.72 -0.00814145
20.73 -0.00816132
20.74 -0.0081781
20.75 -0.00819011
20.76 -0.00819616
20.77 -0.0081956
20.78 -0.00818831
20.79 -0.00817458
20.8 -0.00815504
20.81 -0.00813046
20.82 -0.00810163
20.83 -0.00806937
20.84 -0.00803374
20.85 -0.00799337
20.86 -0.00794638
20.87 -0.00789117
20.88 -0.00782652
20.89 -0.00775157
20.9 -0.00766589
20.91 -0.00756922
20.92 -0.00746142
20.93 -0.00734239
20.94 -0.0072121
20.95 -0.00707057
20.96 -0.00691804
20.97 -0.00675497
20.98 -0.00658212
20.99 -0.00640059
21 -0.00621181
21.01 -0.00601758
21.02 -0.00582009
21.03 -0.00562183
21.04 -0.00542546
21.05 -0.00523361
21.06 -0.00504876
21.07 -0.00487327
21.08 -0.0047094
21.09 -0.00455937
21.1 -0.0044253
21.11 -0.00430905
21.12 -0.00421209
21.13 -0.00413551
21.14 -0.00408003
21.15 -0.00404612
21.16 -0.00403409
21.17 -0.00404418
21.18 -0.00407554
21.19 -0.00412517
21.2 -0.00418842
21.21 -0.00425974
21.22 -0.00433295
21.23 -0.00440188
21.24 -0.00446093
21.25 -0.00450549
21.26 -0.00453235
21.27 -0.00453983
21.28 -0.00452795
21.29 -0.00449837
21.3 -0.00445421
21.31 -0.0043998
21.32 -0.00434033
21.33 -0.00428145
21.34 -0.00422872
21.35 -0.00418716
21.36 -0.00416076
21.37 -0.00415218
21.38 -0.00416255
21.39 -0.00419142
21.4 -0.00423681
21.41 -0.0042955
21.42 -0.00436324
21.43 -0.00443511
21.44 -0.00450592
21.45 -0.00457073
21.46 -0.00462513
21.47 -0.00466566
21.48 -0.0046902
21.49 -0.00469814
21.5 -0.00469052
21.51 -0.00466985
21.52 -0.00463974
21.53 -0.00460456
21.54 -0.00456898
21.55 -0.00453753
21.56 -0.00451424
21.57 -0.00450233
21.58 -0.00450398
21.59 -0.00452021
21.6 -0.00455078
21.61 -0.00459415
21.62 -0.00464757
21.63 -0.00470724
21.64 -0.00476868
21.65 -0.00482703
21.66 -0.00487755
21.67 -0.00491611
21.68 -0.00493967
21.69 -0.00494654
21.7 -0.00493669
21.71 -0.00491171
21.72 -0.00487456
21.73 -0.00482922
21.74 -0.0047802
21.75 -0.00473204
21.76 -0.00468884
21.77 -0.00465386
21.78 -0.00462928
21.79 -0.00461611
21.8 -0.00461422
21.81 -0.00462252
21.82 -0.00463919
21.83 -0.00466197
21.84 -0.00468835
21.85 -0.00471586
21.86 -0.00474219
21.87 -0.00476543
21.88 -0.0047842
21.89 -0.00479775
21.9 -0.00480589
21.91 -0.00480891
21.92 -0.00480745
21.93 -0.00480242
21.94 -0.00479484
21.95 -0.00478579
21.96 -0.00477645
21.97 -0.00476812
21.98 -0.00476223
21.99 -0.00476023
22 -0.00476357
22.01 -0.00477351
22.02 -0.00479095
22.03 -0.00481621
22.04 -0.00484876
22.05 -0.00488708
22.06 -0.00492856
22.07 -0.00496969
22.08 -0.00500655
22.09 -0.00503545
22.1 -0.00505334
22.11 -0.00505815
22.12 -0.00504894
22.13 -0.00502609
22.14 -0.00499129
22.15 -0.0049474
22.16 -0.00489823
22.17 -0.00484813
22.18 -0.00480155
22.19 -0.00476256
22.2 -0.00473437
22.21 -0.00471899
22.22 -0.00471697
22.23 -0.00472741
22.24 -0.00474804
22.25 -0.00477563
22.26 -0.0048063
22.27 -0.004836
22.28 -0.00486095
22.29 -0.00487808
22.3 -0.00488539
22.31 -0.00488223
22.32 -0.00486933
22.33 -0.00484861
22.34 -0.00482288
22.35 -0.00479551
22.36 -0.00476997
22.37 -0.00474949
22.38 -0.0047366
22.39 -0.00473294
22.4 -0.00473908
22.41 -0.00475448
22.42 -0.00477753
22.43 -0.00480579
22.44 -0.0048363
22.45 -0.00486585
22.46 -0.00489123
22.47 -0.00490947
22.48 -0.0049181
22.49 -0.00491544
22.5 -0.0049007
22.51 -0.00487399
22.52 -0.00483629
22.53 -0.0047894
22.54 -0.00473581
22.55 -0.00467854
22.56 -0.00462082
22.57 -0.00456575
22.58 -0.004516
22.59 -0.00447364
22.6 -0.00443999
22.61 -0.00441547
22.62 -0.00439968
22.63 -0.00439147
22.64 -0.00438921
22.65 -0.00439095
22.66 -0.00439465
22.67 -0.00439844
22.68 -0.00440087
22.69 -0.00440089
22.7 -0.00439769
22.71 -0.00439071
22.72 -0.00437965
22.73 -0.0043645
22.74 -0.00434564
22.75 -0.00432373
22.76 -0.0042997
22.77 -0.00427479
22.78 -0.00425039
22.79 -0.00422791
22.8 -0.00420858
22.81 -0.00419331
22.82 -0.0041826
22.83 -0.00417657
22.84 -0.00417495
22.85 -0.00417707
22.86 -0.00418204
22.87 -0.00418876
22.88 -0.0041961
22.89 -0.00420302
22.9 -0.00420873
22.91 -0.00421274
22.92 -0.00421497
22.93 -0.00421567
22.94 -0.00421542
22.95 -0.00421504
22.96 -0.00421554
22.97 -0.00421795
22.98 -0.00422309
22.99 -0.00423132
23 -0.00424227
23.01 -0.00425493
23.02 -0.00426784
23.03 -0.00427931
23.04 -0.00428761
23.05 -0.00429121
23.06 -0.00428905
23.07 -0.00428073
23.08 -0.00426673
23.09 -0.00424837
23.1 -0.00422761
23.11 -0.00420665
23.12 -0.00418772
23.13 -0.00417278
23.14 -0.00416333
23.15 -0.00416025
23.16 -0.00416376
23.17 -0.00417348
23.18 -0.00418836
23.19 -0.00420681
23.2 -0.00422685
23.21 -0.00424638
23.22 -0.00426343
23.23 -0.00427638
23.24 -0.00428401
23.25 -0.00428567
23.26 -0.00428134
23.27 -0.00427156
23.28 -0.0042573
23.29 -0.00423977
23.3 -0.0042204
23.31 -0.00420065
23.32 -0.00418192
23.33 -0.00416548
23.34 -0.00415243
23.35 -0.00414355
23.36 -0.0041393
23.37 -0.00413988
23.38 -0.00414513
23.39 -0.00415463
23.4 -0.0041678
23.41 -0.00418401
23.42 -0.00420256
23.43 -0.00422275
23.44 -0.00424392
23.45 -0.00426555
23.46 -0.00428713
23.47 -0.00430812
23.48 -0.00432779
23.49 -0.00434536
23.5 -0.00436
23.51 -0.00437104
23.52 -0.00437811
23.53 -0.00438115
23.54 -0.00438046
23.55 -0.00437663
23.56 -0.00437049
23.57 -0.00436296
23.58 -0.004355
23.59 -0.00434745
23.6 -0.00434108
23.61 -0.00433644
23.62 -0.00433386
23.63 -0.00433337
23.64 -0.00433468
23.65 -0.00433728
23.66 -0.00434047
23.67 -0.0043436
23.68 -0.00434612
23.69 -0.00434772
23.7 -0.0043483
23.71 -0.00434803
23.72 -0.00434732
23.73 -0.00434676
23.74 -0.00434714
23.75 -0.00434929
23.76 -0.00435418
23.77 -0.0043628
23.78 -0.00437615
23.79 -0.00439509
23.8 -0.00442017
23.81 -0.00445143
23.82 -0.00448829
23.83 -0.00452959
23.84 -0.00457377
23.85 -0.00461897
23.86 -0.00466325
23.87 -0.00470478
23.88 -0.00474202
23.89 -0.00477388
23.9 -0.00479991
23.91 -0.00482038
23.92 -0.00483627
23.93 -0.004849
23.94 -0.00486023
23.95 -0.00487164
23.96 -0.00488464
23.97 -0.00490023
23.98 -0.0049187
23.99 -0.00493964
24 -0.00496188
24.01 -0.00498373
24.02 -0.00500324
24.03 -0.00501841
24.04 -0.00502721
24.05 -0.00502771
24.06 -0.0050182
24.07 -0.00499744
24.08 -0.004965
24.09 -0.00492148
24.1 -0.00486859
24.11 -0.00480902
24.12 -0.00474629
24.13 -0.00468452
24.14 -0.00462812
24.15 -0.00458137
24.16 -0.00454805
24.17 -0.00453091
24.18 -0.00453127
24.19 -0.00454878
24.2 -0.00458158
24.21 -0.0046265
24.22 -0.00467943
24.23 -0.00473573
24.24 -0.00479067
24.25 -0.00483987
24.26 -0.00487971
24.27 -0.00490769
24.28 -0.00492271
24.29 -0.00492508
24.3 -0.00491661
24.31 -0.00490025
24.32 -0.00487966
24.33 -0.00485856
24.34 -0.00484026
24.35 -0.00482713
24.36 -0.00482047
24.37 -0.0048206
24.38 -0.00482694
24.39 -0.00483811
24.4 -0.00485221
24.41 -0.00486707
24.42 -0.0048806
24.43 -0.00489101
24.44 -0.00489704
24.45 -0.004898
24.46 -0.00489373
24.47 -0.00488455
24.48 -0.00487112
24.49 -0.00485442
24.5 -0.00483569
24.51 -0.00481628
24.52 -0.00479756
24.53 -0.00478083
24.54 -0.00476729
24.55 -0.0047579
24.56 -0.00475327
24.57 -0.00475371
24.58 -0.00475921
24.59 -0.00476947
24.6 -0.00478375
24.61 -0.00480094
24.62 -0.00481968
24.63 -0.00483855
24.64 -0.00485611
24.65 -0.00487094
24.66 -0.00488166
24.67 -0.00488714
24.68 -0.00488656
24.69 -0.00487949
24.7 -0.00486593
24.71 -0.00484633
24.72 -0.00482164
24.73 -0.00479324
24.74 -0.0047628
24.75 -0.00473207
24.76 -0.00470267
24.77 -0.00467598
24.78 -0.0046532
24.79 -0.00463527
24.8 -0.00462279
24.81 -0.00461592
24.82 -0.0046145
24.83 -0.00461804
24.84 -0.00462578
24.85 -0.0046367
24.86 -0.00464959
24.87 -0.00466319
24.88 -0.00467634
24.89 -0.00468813
24.9 -0.00469803
24.91 -0.00470593
24.92 -0.0047121
24.93 -0.00471707
24.94 -0.00472159
24.95 -0.00472648
24.96 -0.0047325
24.97 -0.00474032
24.98 -0.00475042
24.99 -0.00476298
25 -0.00477777
