0.01 3.11701e-09
0.02 1.48386e-08
0.03 3.59375e-08
0.04 6.31036e-08
0.05 9.2879e-08
0.06 1.21829e-07
0.07 1.46701e-07
0.08 1.64558e-07
0.09 1.72875e-07
0.1 1.69641e-07
0.11 1.53447e-07
0.12 1.23538e-07
0.13 7.97925e-08
0.14 2.26547e-08
0.15 -4.69091e-08
0.16 -1.27408e-07
0.17 -2.16858e-07
0.18 -3.12864e-07
0.19 -4.12725e-07
0.2 -5.13544e-07
0.21 -6.12347e-07
0.22 -7.06211e-07
0.23 -7.92397e-07
0.24 -8.68474e-07
0.25 -9.3246e-07
0.26 -9.82947e-07
0.27 -1.0192e-06
0.28 -1.04103e-06
0.29 -1.04855e-06
0.3 -1.04206e-06
0.31 -1.02198e-06
0.32 -9.88763e-07
0.33 -9.42721e-07
0.34 -8.83877e-07
0.35 -8.12244e-07
0.36 -7.28036e-07
0.37 -6.31772e-07
0.38 -5.24819e-07
0.39 -4.10073e-07
0.4 -2.92373e-07
0.41 -1.78598e-07
0.42 -7.68732e-08
0.43 4.3789e-09
0.44 5.67203e-08
0.45 7.22067e-08
0.46 4.41597e-08
0.47 -3.21563e-08
0.48 -1.58802e-07
0.49 -3.34915e-07
0.5 -5.56694e-07
0.51 -8.17834e-07
0.52 -1.11017e-06
0.53 -1.42359e-06
0.54 -1.74678e-06
0.55 -2.06811e-06
0.56 -2.37573e-06
0.57 -2.65822e-06
0.58 -2.90548e-06
0.59 -3.10915e-06
0.6 -3.26277e-06
0.61 -3.3621e-06
0.62 -3.40515e-06
0.63 -3.39231e-06
0.64 -3.32635e-06
0.65 -3.21234e-06
0.66 -3.05748e-06
0.67 -2.87088e-06
0.68 -2.66312e-06
0.69 -2.44574e-06
0.7 -2.23056e-06
0.71 -2.02885e-06
0.72 -1.85033e-06
0.73 -1.7022e-06
0.74 -1.58818e-06
0.75 -1.50787e-06
0.76 -1.45652e-06
0.77 -1.42559e-06
0.78 -1.4044e-06
0.79 -1.38275e-06
0.8 -1.35295e-06
0.81 -1.31049e-06
0.82 -1.25389e-06
0.83 -1.18391e-06
0.84 -1.10374e-06
0.85 -1.02024e-06
0.86 -9.42934e-07
0.87 -8.79732e-07
0.88 -8.32966e-07
0.89 -7.98727e-07
0.9 -7.69235e-07
0.91 -7.3508e-07
0.92 -6.86787e-07
0.93 -6.17207e-07
0.94 -5.24447e-07
0.95 -4.13032e-07
0.96 -2.94312e-07
0.97 -1.85043e-07
0.98 -1.01861e-07
0.99 -5.54703e-08
1 -4.84763e-08
1.01 -7.6108e-08
1.02 -1.26405e-07
1.03 -1.81891e-07
1.04 -2.22826e-07
1.05 -2.30256e-07
1.06 -1.90033e-07
1.07 -9.49199e-08
1.08 5.66213e-08
1.09 2.63189e-07
1.1 5.2138e-07
1.11 8.24609e-07
1.12 1.16462e-06
1.13 1.53363e-06
1.14 1.92406e-06
1.15 2.32756e-06
1.16 2.73357e-06
1.17 3.12732e-06
1.18 3.48824e-06
1.19 3.79276e-06
1.2 4.01855e-06
1.21 4.14402e-06
1.22 4.14788e-06
1.23 4.01275e-06
1.24 3.73131e-06
1.25 3.31395e-06
1.26 2.79266e-06
1.27 2.21447e-06
1.28 1.62981e-06
1.29 1.08765e-06
1.3 6.32669e-07
1.31 2.98575e-07
1.32 1.04454e-07
1.33 5.68414e-08
1.34 1.5489e-07
1.35 3.93955e-07
1.36 7.66225e-07
1.37 1.26097e-06
1.38 1.86455e-06
1.39 2.55982e-06
1.4 3.32492e-06
1.41 4.13129e-06
1.42 4.94127e-06
1.43 5.70572e-06
1.44 6.36255e-06
1.45 6.83752e-06
1.46 7.04907e-06
1.47 6.91828e-06
1.48 6.37867e-06
1.49 5.38009e-06
1.5 3.8936e-06
1.51 1.91695e-06
1.52 -5.23831e-07
1.53 -3.36918e-06
1.54 -6.52125e-06
1.55 -9.84145e-06
1.56 -1.31547e-05
1.57 -1.62666e-05
1.58 -1.89807e-05
1.59 -2.11129e-05
1.6 -2.25118e-05
1.61 -2.30702e-05
1.62 -2.27266e-05
1.63 -2.14674e-05
1.64 -1.93266e-05
1.65 -1.63824e-05
1.66 -1.27555e-05
1.67 -8.60479e-06
1.68 -4.11763e-06
1.69 5.04308e-07
1.7 5.05779e-06
1.71 9.34659e-06
1.72 1.31905e-05
1.73 1.64349e-05
1.74 1.89604e-05
1.75 2.0691e-05
1.76 2.15917e-05
1.77 2.16627e-05
1.78 2.09428e-05
1.79 1.95118e-05
1.8 1.74845e-05
1.81 1.50001e-05
1.82 1.22154e-05
1.83 9.29628e-06
1.84 6.4002e-06
1.85 3.66413e-06
1.86 1.20359e-06
1.87 -8.82635e-07
1.88 -2.5103e-06
1.89 -3.61245e-06
1.9 -4.14183e-06
1.91 -4.07236e-06
1.92 -3.4e-06
1.93 -2.14441e-06
1.94 -3.60632e-07
1.95 1.84812e-06
1.96 4.33498e-06
1.97 6.92153e-06
1.98 9.41034e-06
1.99 1.16049e-05
2 1.33381e-05
2.01 1.44965e-05
2.02 1.50266e-05
2.03 1.49327e-05
2.04 1.4273e-05
2.05 1.31462e-05
2.06 1.16767e-05
2.07 9.99893e-06
2.08 8.23585e-06
2.09 6.48268e-06
2.1 4.80137e-06
2.11 3.22121e-06
2.12 1.73593e-06
2.13 2.99839e-07
2.14 -1.15857e-06
2.15 -2.72109e-06
2.16 -4.47328e-06
2.17 -6.49426e-06
2.18 -8.85186e-06
2.19 -1.16071e-05
2.2 -1.48185e-05
2.21 -1.85341e-05
2.22 -2.27787e-05
2.23 -2.75475e-05
2.24 -3.2801e-05
2.25 -3.84732e-05
2.26 -4.44693e-05
2.27 -5.06454e-05
2.28 -5.68089e-05
2.29 -6.27402e-05
2.3 -6.82061e-05
2.31 -7.29697e-05
2.32 -7.67935e-05
2.33 -7.94381e-05
2.34 -8.06668e-05
2.35 -8.02606e-05
2.36 -7.80353e-05
2.37 -7.38595e-05
2.38 -6.76686e-05
2.39 -5.94631e-05
2.4 -4.9326e-05
2.41 -3.74583e-05
2.42 -2.41841e-05
2.43 -9.91846e-06
2.44 4.86995e-06
2.45 1.96862e-05
2.46 3.40289e-05
2.47 4.74025e-05
2.48 5.93334e-05
2.49 6.94066e-05
2.5 7.72985e-05
2.51 8.28018e-05
2.52 8.58337e-05
2.53 8.64229e-05
2.54 8.47018e-05
2.55 8.0905e-05
2.56 7.535e-05
2.57 6.83951e-05
2.58 6.04036e-05
2.59 5.17225e-05
2.6 4.26726e-05
2.61 3.35526e-05
2.62 2.46461e-05
2.63 1.62279e-05
2.64 8.56417e-06
2.65 1.90265e-06
2.66 -3.53835e-06
2.67 -7.58273e-06
2.68 -1.01128e-05
2.69 -1.10885e-05
2.7 -1.05506e-05
2.71 -8.60733e-06
2.72 -5.42735e-06
2.73 -1.22894e-06
2.74 3.74776e-06
2.75 9.25656e-06
2.76 1.50413e-05
2.77 2.08428e-05
2.78 2.64333e-05
2.79 3.16388e-05
2.8 3.634e-05
2.81 4.04708e-05
2.82 4.39896e-05
2.83 4.68514e-05
2.84 4.90028e-05
2.85 5.03847e-05
2.86 5.09385e-05
2.87 5.06031e-05
2.88 4.93016e-05
2.89 4.69531e-05
2.9 4.34997e-05
2.91 3.89167e-05
2.92 3.32118e-05
2.93 2.64309e-05
2.94 1.86688e-05
2.95 1.00686e-05
2.96 8.23274e-07
2.97 -8.80602e-06
2.98 -1.849e-05
2.99 -2.78594e-05
3 -3.65335e-05
3.01 -4.41463e-05
3.02 -5.03839e-05
3.03 -5.50134e-05
3.04 -5.78984e-05
3.05 -5.90104e-05
3.06 -5.84352e-05
3.07 -5.6371e-05
3.08 -5.31144e-05
3.09 -4.90291e-05
3.1 -4.44979e-05
3.11 -3.98781e-05
3.12 -3.54691e-05
3.13 -3.14864e-05
3.14 -2.80659e-05
3.15 -2.52891e-05
3.16 -2.31889e-05
3.17 -2.17471e-05
3.18 -2.08998e-05
3.19 -2.05563e-05
3.2 -2.06263e-05
3.21 -2.10114e-05
3.22 -2.15729e-05
3.23 -2.2129e-05
3.24 -2.24622e-05
3.25 -2.2337e-05
3.26 -2.15234e-05
3.27 -1.97893e-05
3.28 -1.68948e-05
3.29 -1.2638e-05
3.3 -6.89251e-06
3.31 4.06522e-07
3.32 9.26146e-06
3.33 1.95663e-05
3.34 3.10689e-05
3.35 4.33593e-05
3.36 5.58761e-05
3.37 6.79421e-05
3.38 7.88098e-05
3.39 8.76988e-05
3.4 9.38397e-05
3.41 9.65252e-05
3.42 9.51699e-05
3.43 8.93698e-05
3.44 7.89338e-05
3.45 6.38933e-05
3.46 4.45083e-05
3.47 2.12926e-05
3.48 -4.96801e-06
3.49 -3.32357e-05
3.5 -6.22763e-05
3.51 -9.07317e-05
3.52 -0.000117187
3.53 -0.000140251
3.54 -0.000158644
3.55 -0.000171305
3.56 -0.000177488
3.57 -0.000176796
3.58 -0.000169148
3.59 -0.000154764
3.6 -0.000134191
3.61 -0.000108291
3.62 -7.81881e-05
3.63 -4.52139e-05
3.64 -1.08528e-05
3.65 2.33299e-05
3.66 5.57537e-05
3.67 8.48786e-05
3.68 0.000109269
3.69 0.000127678
3.7 0.000139144
3.71 0.000143043
3.72 0.000139088
3.73 0.000127359
3.74 0.000108321
3.75 8.27788e-05
3.76 5.18282e-05
3.77 1.68116e-05
3.78 -2.07428e-05
3.79 -5.91981e-05
3.8 -9.68734e-05
3.81 -0.000132093
3.82 -0.00016327
3.83 -0.000188998
3.84 -0.000208105
3.85 -0.000219713
3.86 -0.000223314
3.87 -0.000218828
3.88 -0.000206625
3.89 -0.000187509
3.9 -0.000162679
3.91 -0.000133667
3.92 -0.000102264
3.93 -7.04078e-05
3.94 -4.00484e-05
3.95 -1.30419e-05
3.96 8.94961e-06
3.97 2.45658e-05
3.98 3.28569e-05
3.99 3.33523e-05
4 2.60705e-05
4.01 1.15042e-05
4.02 -9.42056e-06
4.03 -3.5408e-05
4.04 -6.4854e-05
4.05 -9.59237e-05
4.06 -0.000126641
4.07 -0.000154959
4.08 -0.000178837
4.09 -0.000196344
4.1 -0.000205775
4.11 -0.000205775
4.12 -0.000195492
4.13 -0.000174683
4.14 -0.000143751
4.15 -0.000103768
4.16 -5.64745e-05
4.17 -4.20604e-06
4.18 5.02709e-05
4.19 0.000103939
4.2 0.000153686
4.21 0.000196501
4.22 0.00022968
4.23 0.00025103
4.24 0.000259024
4.25 0.000252837
4.26 0.000232328
4.27 0.000198057
4.28 0.00015128
4.29 9.38969e-05
4.3 2.83752e-05
4.31 -4.23813e-05
4.32 -0.000115192
4.33 -0.00018675
4.34 -0.000253746
4.35 -0.000312992
4.36 -0.000361552
4.37 -0.000396888
4.38 -0.000416986
4.39 -0.000420473
4.4 -0.000406667
4.41 -0.000375597
4.42 -0.000328
4.43 -0.00026531
4.44 -0.000189608
4.45 -0.00010355
4.46 -1.03231e-05
4.47 8.64544e-05
4.48 0.000182899
4.49 0.000275085
4.5 0.000359287
4.51 0.000432167
4.52 0.000490861
4.53 0.000533059
4.54 0.000557099
4.55 0.000562043
4.56 0.000547713
4.57 0.000514691
4.58 0.00046428
4.59 0.000398451
4.6 0.000319754
4.61 0.000231237
4.62 0.000136358
4.63 3.88248e-05
4.64 -5.75623e-05
4.65 -0.000149063
4.66 -0.000232134
4.67 -0.00030354
4.68 -0.000360455
4.69 -0.000400613
4.7 -0.000422442
4.71 -0.000425184
4.72 -0.000408943
4.73 -0.00037464
4.74 -0.000323981
4.75 -0.000259428
4.76 -0.000184078
4.77 -0.000101478
4.78 -1.54468e-05
4.79 7.01175e-05
4.8 0.000151409
4.81 0.00022482
4.82 0.000287104
4.83 0.000335565
4.84 0.000368159
4.85 0.000383509
4.86 0.000380977
4.87 0.00036074
4.88 0.000323795
4.89 0.000271852
4.9 0.000207246
4.91 0.000132859
4.92 5.19916e-05
4.93 -3.17974e-05
4.94 -0.000114878
4.95 -0.000193714
4.96 -0.000264996
4.97 -0.000325763
4.98 -0.000373506
4.99 -0.000406271
5 -0.000422741
5.01 -0.000422321
5.02 -0.000405211
5.03 -0.000372428
5.04 -0.000325761
5.05 -0.000267674
5.06 -0.0002012
5.07 -0.000129818
5.08 -5.72478e-05
5.09 1.27654e-05
5.1 7.66055e-05
5.11 0.00013095
5.12 0.000172977
5.13 0.000200515
5.14 0.000212139
5.15 0.000207266
5.16 0.000186216
5.17 0.00015022
5.18 0.00010132
5.19 4.22066e-05
5.2 -2.39058e-05
5.21 -9.34349e-05
5.22 -0.000162643
5.23 -0.000227869
5.24 -0.000285728
5.25 -0.000333231
5.26 -0.000367853
5.27 -0.000387604
5.28 -0.000391129
5.29 -0.000377797
5.3 -0.000347747
5.31 -0.000301863
5.32 -0.000241766
5.33 -0.000169811
5.34 -8.90236e-05
5.35 -2.9406e-06
5.36 8.45229e-05
5.37 0.000169197
5.38 0.000246871
5.39 0.000313579
5.4 0.000365856
5.41 0.00040091
5.42 0.000416766
5.43 0.000412403
5.44 0.000387828
5.45 0.00034408
5.46 0.000283154
5.47 0.000207858
5.48 0.000121617
5.49 2.83019e-05
5.5 -6.79109e-05
5.51 -0.000162707
5.52 -0.000251865
5.53 -0.000331484
5.54 -0.000398138
5.55 -0.000448989
5.56 -0.000481899
5.57 -0.000495585
5.58 -0.000489701
5.59 -0.000464824
5.6 -0.000422353
5.61 -0.000364395
5.62 -0.000293646
5.63 -0.000213275
5.64 -0.000126762
5.65 -3.77668e-05
5.66 5.00082e-05
5.67 0.000133019
5.68 0.000208048
5.69 0.000272359
5.7 0.000323804
5.71 0.000360917
5.72 0.000382965
5.73 0.000389927
5.74 0.000382446
5.75 0.000361799
5.76 0.000329794
5.77 0.000288629
5.78 0.000240748
5.79 0.00018869
5.8 0.000134947
5.81 8.18349e-05
5.82 3.13819e-05
5.83 -1.47814e-05
5.84 -5.54559e-05
5.85 -8.98622e-05
5.86 -0.000117618
5.87 -0.000138717
5.88 -0.000153489
5.89 -0.000162539
5.9 -0.000166677
5.91 -0.000166822
5.92 -0.000163921
5.93 -0.000158909
5.94 -0.000152656
5.95 -0.000145898
5.96 -0.000139145
5.97 -0.0001326
5.98 -0.000126171
5.99 -0.000119529
6 -0.000112154
6.01 -0.000103404
6.02 -9.26423e-05
6.03 -7.92986e-05
6.04 -6.2895e-05
6.05 -4.30882e-05
6.06 -1.97352e-05
6.07 7.02497e-06
6.08 3.673e-05
6.09 6.86256e-05
6.1 0.000101749
6.11 0.000134989
6.12 0.000167118
6.13 0.000196853
6.14 0.000222971
6.15 0.000244431
6.16 0.000260458
6.17 0.000270641
6.18 0.000275021
6.19 0.000274087
6.2 0.000268662
6.21 0.000259802
6.22 0.000248764
6.23 0.000236942
6.24 0.000225732
6.25 0.00021644
6.26 0.000210251
6.27 0.000208184
6.28 0.000211048
6.29 0.000219454
6.3 0.000233798
6.31 0.000254256
6.32 0.000280804
6.33 0.000313217
6.34 0.000351053
6.35 0.000393673
6.36 0.000440202
6.37 0.000489435
6.38 0.000539771
6.39 0.000589298
6.4 0.000635953
6.41 0.00067766
6.42 0.00071253
6.43 0.00073904
6.44 0.000756142
6.45 0.000763397
6.46 0.000761063
6.47 0.000750004
6.48 0.000731495
6.49 0.000707055
6.5 0.000678237
6.51 0.000646397
6.52 0.000612579
6.53 0.000577498
6.54 0.000541503
6.55 0.000504514
6.56 0.000466073
6.57 0.000425488
6.58 0.000381976
6.59 0.000334858
6.6 0.000283773
6.61 0.000228806
6.62 0.000170533
6.63 0.000110019
6.64 4.87261e-05
6.65 -1.16745e-05
6.66 -6.95251e-05
6.67 -0.00012333
6.68 -0.000171826
6.69 -0.000214027
6.7 -0.000249258
6.71 -0.000277152
6.72 -0.000297636
6.73 -0.00031093
6.74 -0.000317517
6.75 -0.000318036
6.76 -0.000313217
6.77 -0.000303854
6.78 -0.000290768
6.79 -0.000274761
6.8 -0.000256603
6.81 -0.000237072
6.82 -0.000217003
6.83 -0.000197301
6.84 -0.00017893
6.85 -0.000162892
6.86 -0.000150209
6.87 -0.00014188
6.88 -0.000138807
6.89 -0.000141673
6.9 -0.000150828
6.91 -0.000166174
6.92 -0.000187108
6.93 -0.000212518
6.94 -0.000240806
6.95 -0.000269989
6.96 -0.000297886
6.97 -0.000322347
6.98 -0.000341523
6.99 -0.000354076
7 -0.000359274
7.01 -0.000357073
7.02 -0.00034807
7.03 -0.000333315
7.04 -0.000314097
7.05 -0.000291753
7.06 -0.000267456
7.07 -0.000242072
7.08 -0.000216119
7.09 -0.000189784
7.1 -0.000162988
7.11 -0.000135488
7.12 -0.00010702
7.13 -7.75263e-05
7.14 -4.73502e-05
7.15 -1.72859e-05
7.16 1.14807e-05
7.17 3.74896e-05
7.18 5.91605e-05
7.19 7.49741e-05
7.2 8.3635e-05
7.21 8.42293e-05
7.22 7.63908e-05
7.23 6.04084e-05
7.24 3.72289e-05
7.25 8.39201e-06
7.26 -2.4095e-05
7.27 -5.79814e-05
7.28 -9.10282e-05
7.29 -0.000121224
7.3 -0.00014695
7.31 -0.0001671
7.32 -0.000181158
7.33 -0.000189146
7.34 -0.00019148
7.35 -0.000188817
7.36 -0.0001819
7.37 -0.000171389
7.38 -0.000157757
7.39 -0.000141245
7.4 -0.000121897
7.41 -9.9642e-05
7.42 -7.44041e-05
7.43 -4.62745e-05
7.44 -1.56771e-05
7.45 1.65778e-05
7.46 4.93003e-05
7.47 8.09415e-05
7.48 0.00010967
7.49 0.000133454
7.5 0.000150155
7.51 0.000157677
7.52 0.000154145
7.53 0.000138108
7.54 0.000108708
7.55 6.57702e-05
7.56 9.76868e-06
7.57 -5.82702e-05
7.58 -0.000136826
7.59 -0.000223955
7.6 -0.000317405
7.61 -0.000414656
7.62 -0.000512869
7.63 -0.000608841
7.64 -0.000699076
7.65 -0.000779964
7.66 -0.000847903
7.67 -0.000899344
7.68 -0.000930927
7.69 -0.000939656
7.7 -0.000923063
7.71 -0.000879448
7.72 -0.000808263
7.73 -0.000710402
7.74 -0.000588275
7.75 -0.000445773
7.76 -0.00028806
7.77 -0.000121223
7.78 4.80835e-05
7.79 0.00021295
7.8 0.000366501
7.81 0.000502225
7.82 0.000614308
7.83 0.000697858
7.84 0.000749096
7.85 0.000765552
7.86 0.000746217
7.87 0.000691568
7.88 0.000603589
7.89 0.000485755
7.9 0.000342917
7.91 0.000181093
7.92 7.21681e-06
7.93 -0.000171129
7.94 -0.000346056
7.95 -0.000509745
7.96 -0.000654813
7.97 -0.000774643
7.98 -0.000863664
7.99 -0.000917612
8 -0.000933792
8.01 -0.000911271
8.02 -0.000850903
8.03 -0.00075529
8.04 -0.000628701
8.05 -0.000476918
8.06 -0.000306976
8.07 -0.000126801
8.08 5.52373e-05
8.09 0.000230796
8.1 0.000392027
8.11 0.000532051
8.12 0.000645375
8.13 0.000728141
8.14 0.000778206
8.15 0.000795169
8.16 0.000780338
8.17 0.000736561
8.18 0.000667991
8.19 0.000579778
8.2 0.000477778
8.21 0.000368218
8.22 0.000257336
8.23 0.000151122
8.24 5.51133e-05
8.25 -2.58679e-05
8.26 -8.79668e-05
8.27 -0.000128445
8.28 -0.00014577
8.29 -0.00013971
8.3 -0.000111377
8.31 -6.32411e-05
8.32 8.98032e-07
8.33 7.60801e-05
8.34 0.000156486
8.35 0.000235811
8.36 0.000307707
8.37 0.000366275
8.38 0.000406528
8.39 0.000424756
8.4 0.000418824
8.41 0.000388257
8.42 0.000334147
8.43 0.000259008
8.44 0.000166605
8.45 6.17688e-05
8.46 -4.98278e-05
8.47 -0.000161968
8.48 -0.000268221
8.49 -0.000362335
8.5 -0.000438609
8.51 -0.0004922
8.52 -0.000519446
8.53 -0.000518168
8.54 -0.000487851
8.55 -0.000429692
8.56 -0.000346439
8.57 -0.000242141
8.58 -0.000121861
8.59 8.62426e-06
8.6 0.000143159
8.61 0.00027556
8.62 0.000399982
8.63 0.00051127
8.64 0.000605214
8.65 0.000678735
8.66 0.000729996
8.67 0.000758407
8.68 0.000764534
8.69 0.000749964
8.7 0.000717123
8.71 0.000669157
8.72 0.000609725
8.73 0.0005427
8.74 0.000471984
8.75 0.000401345
8.76 0.000334195
8.77 0.000273361
8.78 0.000220989
8.79 0.000178518
8.8 0.000146635
8.81 0.000125268
8.82 0.000113665
8.83 0.000110568
8.84 0.000114438
8.85 0.000123609
8.86 0.00013639
8.87 0.000151108
8.88 0.000166178
8.89 0.000180244
8.9 0.000192294
8.91 0.000201683
8.92 0.0002081
8.93 0.000211521
8.94 0.000212103
8.95 0.000210082
8.96 0.000205729
8.97 0.000199333
8.98 0.000191184
8.99 0.000181507
9 0.000170367
9.01 0.000157627
9.02 0.000142952
9.03 0.000125808
9.04 0.000105542
9.05 8.15564e-05
9.06 5.34719e-05
9.07 2.12227e-05
9.08 -1.49111e-05
9.09 -5.43305e-05
9.1 -9.61907e-05
9.11 -0.000139517
9.12 -0.00018328
9.13 -0.000226425
9.14 -0.000267924
9.15 -0.000306809
9.16 -0.000342119
9.17 -0.000372821
9.18 -0.000397738
9.19 -0.000415551
9.2 -0.000424827
9.21 -0.000424013
9.22 -0.000411484
9.23 -0.000385681
9.24 -0.000345322
9.25 -0.000289696
9.26 -0.00021892
9.27 -0.000134072
9.28 -3.72393e-05
9.29 6.84926e-05
9.3 0.00017925
9.31 0.000290768
9.32 0.000398715
9.33 0.000498896
9.34 0.000587451
9.35 0.000661052
9.36 0.000717036
9.37 0.000753501
9.38 0.000769389
9.39 0.00076451
9.4 0.000739452
9.41 0.00069545
9.42 0.000634266
9.43 0.000558023
9.44 0.000469029
9.45 0.000369641
9.46 0.000262277
9.47 0.000149462
9.48 3.38464e-05
9.49 -8.17258e-05
9.5 -0.000194189
9.51 -0.000300321
9.52 -0.000396847
9.53 -0.000480594
9.54 -0.000548748
9.55 -0.00059911
9.56 -0.00063029
9.57 -0.000641844
9.58 -0.000634381
9.59 -0.000609574
9.6 -0.000570013
9.61 -0.000518973
9.62 -0.000460145
9.63 -0.000397346
9.64 -0.000334218
9.65 -0.000274005
9.66 -0.000219414
9.67 -0.000172519
9.68 -0.000134695
9.69 -0.000106613
9.7 -8.8335e-05
9.71 -7.9451e-05
9.72 -7.92122e-05
9.73 -8.66163e-05
9.74 -0.000100532
9.75 -0.00011984
9.76 -0.000143493
9.77 -0.00017052
9.78 -0.000200032
9.79 -0.000231258
9.8 -0.000263582
9.81 -0.000296555
9.82 -0.000329883
9.83 -0.000363402
9.84 -0.000397075
9.85 -0.000430963
9.86 -0.000465138
9.87 -0.000499568
9.88 -0.000534059
9.89 -0.000568269
9.9 -0.000601716
9.91 -0.00063369
9.92 -0.00066324
9.93 -0.000689244
9.94 -0.000710474
9.95 -0.000725647
9.96 -0.00073357
9.97 -0.000733351
9.98 -0.000724569
9.99 -0.000707369
10 -0.000682454
10.01 -0.000651043
10.02 -0.000614849
10.03 -0.000575999
10.04 -0.000536833
10.05 -0.000499634
10.06 -0.000466414
10.07 -0.000438778
10.08 -0.000417863
10.09 -0.000404313
10.1 -0.000398281
10.11 -0.000399454
10.12 -0.00040719
10.13 -0.000420692
10.14 -0.000439076
10.15 -0.000461402
10.16 -0.000486713
10.17 -0.000514011
10.18 -0.00054219
10.19 -0.000570013
10.2 -0.000596109
10.21 -0.000619044
10.22 -0.000637449
10.23 -0.000650122
10.24 -0.00065606
10.25 -0.000654553
10.26 -0.000645283
10.27 -0.000628363
10.28 -0.000604305
10.29 -0.000573964
10.3 -0.000538485
10.31 -0.000499216
10.32 -0.000457565
10.33 -0.000414911
10.34 -0.000372609
10.35 -0.000331986
10.36 -0.000294276
10.37 -0.000260551
10.38 -0.000231696
10.39 -0.000208351
10.4 -0.000190863
10.41 -0.000179244
10.42 -0.000173093
10.43 -0.000171591
10.44 -0.000173526
10.45 -0.000177342
10.46 -0.000181261
10.47 -0.000183475
10.48 -0.00018234
10.49 -0.000176541
10.5 -0.000165268
10.51 -0.000148291
10.52 -0.000125938
10.53 -9.90495e-05
10.54 -6.8875e-05
10.55 -3.69127e-05
10.56 -4.76946e-06
10.57 2.59193e-05
10.58 5.35645e-05
10.59 7.67273e-05
10.6 9.42031e-05
10.61 0.000105033
10.62 0.0001085
10.63 0.000104151
10.64 9.1779e-05
10.65 7.14037e-05
10.66 4.32954e-05
10.67 7.98291e-06
10.68 -3.37185e-05
10.69 -8.0659e-05
10.7 -0.000131326
10.71 -0.000183876
10.72 -0.000236275
10.73 -0.000286413
10.74 -0.000332195
10.75 -0.000371677
10.76 -0.000403177
10.77 -0.000425305
10.78 -0.000436996
10.79 -0.000437554
10.8 -0.000426713
10.81 -0.000404664
10.82 -0.000372019
10.83 -0.000329763
10.84 -0.00027924
10.85 -0.000222122
10.86 -0.000160389
10.87 -9.62901e-05
10.88 -3.22368e-05
10.89 2.93533e-05
10.9 8.61579e-05
10.91 0.00013607
10.92 0.000177374
10.93 0.000208904
10.94 0.000230154
10.95 0.000241307
10.96 0.0002432
10.97 0.000237234
10.98 0.000225254
10.99 0.000209361
11 0.000191717
11.01 0.000174405
11.02 0.000159328
11.03 0.000148088
11.04 0.000141881
11.05 0.00014148
11.06 0.000147287
11.07 0.00015935
11.08 0.000177342
11.09 0.0002006
11.1 0.000228214
11.11 0.000259121
11.12 0.000292208
11.13 0.000326381
11.14 0.000360548
11.15 0.00039363
11.16 0.000424662
11.17 0.000452925
11.18 0.000478026
11.19 0.000499932
11.2 0.000518957
11.21 0.000535711
11.22 0.000551054
11.23 0.00056598
11.24 0.00058137
11.25 0.000597749
11.26 0.000615148
11.27 0.000633088
11.28 0.000650692
11.29 0.000666848
11.3 0.000680382
11.31 0.000690185
11.32 0.000695321
11.33 0.000695149
11.34 0.000689449
11.35 0.000678557
11.36 0.000663395
11.37 0.000645337
11.38 0.000626
11.39 0.000607035
11.4 0.000590009
11.41 0.000576283
11.42 0.00056684
11.43 0.000562179
11.44 0.000562332
11.45 0.000566929
11.46 0.000575309
11.47 0.000586676
11.48 0.000600256
11.49 0.000615454
11.5 0.000631977
11.51 0.000649849
11.52 0.000669338
11.53 0.000690857
11.54 0.000714848
11.55 0.000741656
11.56 0.000771367
11.57 0.000803686
11.58 0.000837924
11.59 0.000873086
11.6 0.000908048
11.61 0.000941717
11.62 0.000973091
11.63 0.00100129
11.64 0.00102563
11.65 0.00104557
11.66 0.00106078
11.67 0.00107111
11.68 0.00107661
11.69 0.00107741
11.7 0.00107372
11.71 0.00106569
11.72 0.00105337
11.73 0.00103673
11.74 0.00101562
11.75 0.000989741
11.76 0.000958624
11.77 0.000921558
11.78 0.000877594
11.79 0.00082567
11.8 0.000764859
11.81 0.000694672
11.82 0.000615259
11.83 0.000527461
11.84 0.000432784
11.85 0.00033333
11.86 0.000231613
11.87 0.000130302
11.88 3.20527e-05
11.89 -6.05785e-05
11.9 -0.000145247
11.91 -0.000219905
11.92 -0.000282875
11.93 -0.000332925
11.94 -0.000369329
11.95 -0.000391888
11.96 -0.000400952
11.97 -0.000397395
11.98 -0.000382485
11.99 -0.000357738
12 -0.000324847
12.01 -0.000285644
12.02 -0.000241992
12.03 -0.000195621
12.04 -0.000148047
12.05 -0.000100581
12.06 -5.43498e-05
12.07 -1.03388e-05
12.08 3.05217e-05
12.09 6.72458e-05
12.1 9.87685e-05
12.11 0.00012402
12.12 0.000141968
12.13 0.000151584
12.14 0.000151856
12.15 0.000141861
12.16 0.000120875
12.17 8.84909e-05
12.18 4.4754e-05
12.19 -9.81741e-06
12.2 -7.42893e-05
12.21 -0.00014729
12.22 -0.000226966
12.23 -0.000311096
12.24 -0.000397285
12.25 -0.000483034
12.26 -0.000565739
12.27 -0.000642807
12.28 -0.000711804
12.29 -0.000770538
12.3 -0.000817153
12.31 -0.00085021
12.32 -0.000868655
12.33 -0.000871805
12.34 -0.000859392
12.35 -0.000831628
12.36 -0.000789202
12.37 -0.000733179
12.38 -0.000664933
12.39 -0.000586157
12.4 -0.000498823
12.41 -0.000405128
12.42 -0.000307542
12.43 -0.000208801
12.44 -0.000111697
12.45 -1.89118e-05
12.46 6.70536e-05
12.47 0.000144069
12.48 0.000210671
12.49 0.000266265
12.5 0.000311208
12.51 0.000346773
12.52 0.000375029
12.53 0.000398642
12.54 0.000420548
12.55 0.000443616
12.56 0.000470392
12.57 0.000502933
12.58 0.000542738
12.59 0.000590807
12.6 0.000647698
12.61 0.000713527
12.62 0.000787882
12.63 0.000869708
12.64 0.000957331
12.65 0.00104863
12.66 0.00114111
12.67 0.00123196
12.68 0.00131803
12.69 0.00139601
12.7 0.00146255
12.71 0.00151517
12.72 0.00155285
12.73 0.00157506
12.74 0.00158108
12.75 0.00157017
12.76 0.00154206
12.77 0.00149751
12.78 0.00143801
12.79 0.00136562
12.8 0.00128297
12.81 0.00119305
12.82 0.00109898
12.83 0.0010039
12.84 0.000910855
12.85 0.000822745
12.86 0.000742267
12.87 0.000671845
12.88 0.000613622
12.89 0.000569451
12.9 0.000540799
12.91 0.000528597
12.92 0.000533114
12.93 0.000553869
12.94 0.000589619
12.95 0.000638401
12.96 0.000697595
12.97 0.000764082
12.98 0.000834427
12.99 0.000905045
13 0.000972384
13.01 0.00103318
13.02 0.00108466
13.03 0.00112474
13.04 0.00115199
13.05 0.00116564
13.06 0.00116545
13.07 0.00115167
13.08 0.0011249
13.09 0.00108608
13.1 0.00103633
13.11 0.000976968
13.12 0.000909504
13.13 0.000835707
13.14 0.000757621
13.15 0.00067755
13.16 0.000598045
13.17 0.000521826
13.18 0.000451625
13.19 0.000390054
13.2 0.000339425
13.21 0.000301572
13.22 0.000277735
13.23 0.000268505
13.24 0.000273792
13.25 0.000292829
13.26 0.000324184
13.27 0.000365837
13.28 0.000415258
13.29 0.000469518
13.3 0.000525434
13.31 0.000579666
13.32 0.000628811
13.33 0.000669552
13.34 0.000698874
13.35 0.00071425
13.36 0.00071383
13.37 0.00069659
13.38 0.0006624
13.39 0.000612001
13.4 0.00054698
13.41 0.000469719
13.42 0.000383299
13.43 0.000291368
13.44 0.000197972
13.45 0.000107371
13.46 2.38527e-05
13.47 -4.84714e-05
13.48 -0.000105882
13.49 -0.000145244
13.5 -0.000164149
13.51 -0.000161032
13.52 -0.000135246
13.53 -8.70597e-05
13.54 -1.75753e-05
13.55 7.13204e-05
13.56 0.000177014
13.57 0.000296242
13.58 0.000425127
13.59 0.000559258
13.6 0.000693885
13.61 0.000824187
13.62 0.000945539
13.63 0.00105378
13.64 0.00114538
13.65 0.00121753
13.66 0.00126833
13.67 0.00129685
13.68 0.00130311
13.69 0.00128792
13.7 0.00125285
13.71 0.00120008
13.72 0.00113239
13.73 0.00105294
13.74 0.000965102
13.75 0.000872267
13.76 0.00077767
13.77 0.000684201
13.78 0.000594249
13.79 0.000509611
13.8 0.000431386
13.81 0.000359882
13.82 0.000294666
13.83 0.000234888
13.84 0.000179749
13.85 0.000128893
13.86 8.25162e-05
13.87 4.11477e-05
13.88 5.29261e-06
13.89 -2.48159e-05
13.9 -4.92362e-05
13.91 -6.82351e-05
13.92 -8.22817e-05
13.93 -9.20749e-05
13.94 -9.85179e-05
13.95 -0.000102653
13.96 -0.000105587
13.97 -0.000108409
13.98 -0.000112156
13.99 -0.000117827
14 -0.000126378
14.01 -0.000138682
14.02 -0.000155456
14.03 -0.000177189
14.04 -0.000204089
14.05 -0.000236086
14.06 -0.000272908
14.07 -0.000314188
14.08 -0.000359527
14.09 -0.000408548
14.1 -0.000460967
14.11 -0.000516651
14.12 -0.000575612
14.13 -0.000638035
14.14 -0.000704296
14.15 -0.000774924
14.16 -0.000850534
14.17 -0.000931683
14.18 -0.00101869
14.19 -0.00111153
14.2 -0.00120993
14.21 -0.00131332
14.22 -0.00142096
14.23 -0.0015342
14.24 -0.00165774
14.25 -0.00179642
14.26 -0.00195406
14.27 -0.00213443
14.28 -0.00234115
14.29 -0.00257759
14.3 -0.00284682
14.31 -0.0031515
14.32 -0.00349386
14.33 -0.00387563
14.34 -0.0042982
14.35 -0.00476279
14.36 -0.00527059
14.37 -0.00582295
14.38 -0.00642143
14.39 -0.00706772
14.4 -0.00776352
14.41 -0.00851055
14.42 -0.00931046
14.43 -0.0101647
14.44 -0.0110745
14.45 -0.0120405
14.46 -0.0130629
14.47 -0.0141413
14.48 -0.0152749
14.49 -0.0164628
14.5 -0.0177039
14.51 -0.0189972
14.52 -0.0203415
14.53 -0.0217362
14.54 -0.0231802
14.55 -0.0246731
14.56 -0.0262142
14.57 -0.0278029
14.58 -0.0294385
14.59 -0.0311206
14.6 -0.0328483
14.61 -0.0346207
14.62 -0.0364362
14.63 -0.0382928
14.64 -0.0401878
14.65 -0.0421175
14.66 -0.0440775
14.67 -0.0460629
14.68 -0.0480683
14.69 -0.0500888
14.7 -0.0521197
14.71 -0.0541566
14.72 -0.0561952
14.73 -0.0582304
14.74 -0.0602566
14.75 -0.0622668
14.76 -0.064254
14.77 -0.0662111
14.78 -0.0681313
14.79 -0.0700078
14.8 -0.0718343
14.81 -0.0736042
14.82 -0.0753114
14.83 -0.0769497
14.84 -0.0785134
14.85 -0.0799968
14.86 -0.0813946
14.87 -0.0827014
14.88 -0.0839123
14.89 -0.085022
14.9 -0.0860255
14.91 -0.0869176
14.92 -0.0876934
14.93 -0.0883478
14.94 -0.088876
14.95 -0.0892732
14.96 -0.0895349
14.97 -0.089657
14.98 -0.0896361
14.99 -0.0894719
15 -0.0891705
15.01 -0.0887453
15.02 -0.0882163
15.03 -0.0876085
15.04 -0.0869507
15.05 -0.0862741
15.06 -0.0855985
15.07 -0.084925
15.08 -0.0842529
15.09 -0.0835865
15.1 -0.0829303
15.11 -0.0822885
15.12 -0.0816654
15.13 -0.0810653
15.14 -0.0804925
15.15 -0.0799509
15.16 -0.0794444
15.17 -0.0789762
15.18 -0.078549
15.19 -0.0781649
15.2 -0.0778255
15.21 -0.0775324
15.22 -0.0772872
15.23 -0.0770918
15.24 -0.076948
15.25 -0.0768581
15.26 -0.0768245
15.27 -0.0768502
15.28 -0.0769373
15.29 -0.077085
15.3 -0.0772898
15.31 -0.0775454
15.32 -0.0778429
15.33 -0.0781712
15.34 -0.0785177
15.35 -0.0788694
15.36 -0.0792134
15.37 -0.0795377
15.38 -0.0798313
15.39 -0.0800885
15.4 -0.0803115
15.41 -0.0805039
15.42 -0.0806681
15.43 -0.0808057
15.44 -0.0809179
15.45 -0.0810056
15.46 -0.0810691
15.47 -0.081108
15.48 -0.0811215
15.49 -0.0811077
15.5 -0.0810647
15.51 -0.0809909
15.52 -0.0808855
15.53 -0.0807484
15.54 -0.0805809
15.55 -0.0803855
15.56 -0.0801659
15.57 -0.0799267
15.58 -0.0796732
15.59 -0.0794114
15.6 -0.0791472
15.61 -0.0788868
15.62 -0.0786358
15.63 -0.0783995
15.64 -0.0781822
15.65 -0.0779848
15.66 -0.0778032
15.67 -0.0776311
15.68 -0.0774627
15.69 -0.0772926
15.7 -0.0771155
15.71 -0.0769261
15.72 -0.0767193
15.73 -0.0764901
15.74 -0.0762333
15.75 -0.075944
15.76 -0.0756171
15.77 -0.075248
15.78 -0.0748318
15.79 -0.0743641
15.8 -0.0738407
15.81 -0.0732576
15.82 -0.0726112
15.83 -0.0718985
15.84 -0.0711167
15.85 -0.0702637
15.86 -0.0693377
15.87 -0.0683371
15.88 -0.0672606
15.89 -0.0661071
15.9 -0.064876
15.91 -0.0635667
15.92 -0.0621789
15.93 -0.0607125
15.94 -0.059167
15.95 -0.0575423
15.96 -0.0558388
15.97 -0.0540571
15.98 -0.0521982
15.99 -0.0502636
16 -0.0482554
16.01 -0.046176
16.02 -0.0440288
16.03 -0.0418181
16.04 -0.0395487
16.05 -0.0372266
16.06 -0.0348582
16.07 -0.0324503
16.08 -0.0300095
16.09 -0.0275422
16.1 -0.0250548
16.11 -0.0225532
16.12 -0.0200435
16.13 -0.0175316
16.14 -0.0150234
16.15 -0.0125249
16.16 -0.0100418
16.17 -0.00758011
16.18 -0.00514558
16.19 -0.002744
16.2 -0.000380978
16.21 0.00193816
16.22 0.00420853
16.23 0.00642579
16.24 0.00858636
16.25 0.0106875
16.26 0.0127274
16.27 0.0147051
16.28 0.01662
16.29 0.018472
16.3 0.0202611
16.31 0.0219876
16.32 0.0236518
16.33 0.0252543
16.34 0.0267959
16.35 0.0282774
16.36 0.0296996
16.37 0.0310636
16.38 0.0323703
16.39 0.0336207
16.4 0.0348162
16.41 0.0359578
16.42 0.0370469
16.43 0.0380847
16.44 0.0390721
16.45 0.0400101
16.46 0.0408998
16.47 0.0417421
16.48 0.042538
16.49 0.0432885
16.5 0.0439943
16.51 0.0446564
16.52 0.0452757
16.53 0.0458529
16.54 0.0463891
16.55 0.0468852
16.56 0.0473418
16.57 0.0477599
16.58 0.0481399
16.59 0.0484824
16.6 0.0487875
16.61 0.0490553
16.62 0.0492856
16.63 0.049478
16.64 0.0496315
16.65 0.049745
16.66 0.049817
16.67 0.0498458
16.68 0.0498292
16.69 0.0497655
16.7 0.0496551
16.71 0.0495001
16.72 0.0493048
16.73 0.0490753
16.74 0.04882
16.75 0.0485483
16.76 0.0482707
16.77 0.0479979
16.78 0.0477403
16.79 0.0475078
16.8 0.0473093
16.81 0.047152
16.82 0.0470415
16.83 0.0469814
16.84 0.046973
16.85 0.0470155
16.86 0.0471059
16.87 0.0472391
16.88 0.0474082
16.89 0.0476045
16.9 0.0478184
16.91 0.0480393
16.92 0.0482568
16.93 0.0484606
16.94 0.0486413
16.95 0.0487908
16.96 0.0489025
16.97 0.0489719
16.98 0.0489963
16.99 0.048975
17 0.0489096
17.01 0.0488035
17.02 0.0486617
17.03 0.0484907
17.04 0.0482982
17.05 0.0480923
17.06 0.0478817
17.07 0.0476751
17.08 0.047481
17.09 0.0473073
17.1 0.0471604
17.11 0.0470459
17.12 0.0469675
17.13 0.0469275
17.14 0.0469263
17.15 0.046963
17.16 0.047035
17.17 0.0471379
17.18 0.0472658
17.19 0.0474123
17.2 0.0475704
17.21 0.0477329
17.22 0.0478924
17.23 0.0480419
17.24 0.0481748
17.25 0.0482854
17.26 0.0483691
17.27 0.0484223
17.28 0.0484425
17.29 0.048429
17.3 0.0483822
17.31 0.0483039
17.32 0.0481975
17.33 0.0480672
17.34 0.0479183
17.35 0.0477564
17.36 0.0475876
17.37 0.0474176
17.38 0.0472517
17.39 0.0470945
17.4 0.0469499
17.41 0.0468204
17.42 0.0467052
17.43 0.0465992
17.44 0.0464973
17.45 0.0463958
17.46 0.0462919
17.47 0.046183
17.48 0.0460674
17.49 0.0459436
17.5 0.0458104
17.51 0.0456664
17.52 0.0455104
17.53 0.0453411
17.54 0.0451572
17.55 0.0449575
17.56 0.044741
17.57 0.044507
17.58 0.0442549
17.59 0.0439844
17.6 0.0436959
17.61 0.04339
17.62 0.0430676
17.63 0.0427302
17.64 0.0423798
17.65 0.0420184
17.66 0.0416487
17.67 0.0412731
17.68 0.0408945
17.69 0.0405159
17.7 0.0401401
17.71 0.0397696
17.72 0.0394068
17.73 0.0390534
17.74 0.038711
17.75 0.0383809
17.76 0.0380647
17.77 0.0377641
17.78 0.0374815
17.79 0.0372194
17.8 0.0369806
17.81 0.0367683
17.82 0.0365857
17.83 0.0364356
17.84 0.0363209
17.85 0.0362444
17.86 0.0362088
17.87 0.0362165
17.88 0.0362691
17.89 0.036366
17.9 0.0365042
17.91 0.0366788
17.92 0.0368826
17.93 0.0371073
17.94 0.0373435
17.95 0.0375813
17.96 0.0378111
17.97 0.0380232
17.98 0.038209
17.99 0.0383611
18 0.0384735
18.01 0.0385421
18.02 0.0385648
18.03 0.0385413
18.04 0.0384736
18.05 0.0383655
18.06 0.0382225
18.07 0.0380516
18.08 0.0378607
18.09 0.0376585
18.1 0.0374539
18.11 0.0372557
18.12 0.0370722
18.13 0.0369109
18.14 0.0367784
18.15 0.03668
18.16 0.0366196
18.17 0.0365996
18.18 0.0366207
18.19 0.0366821
18.2 0.0367813
18.21 0.0369145
18.22 0.0370765
18.23 0.0372609
18.24 0.0374605
18.25 0.0376672
18.26 0.0378731
18.27 0.0380699
18.28 0.0382505
18.29 0.0384082
18.3 0.0385378
18.31 0.0386351
18.32 0.0386979
18.33 0.0387252
18.34 0.0387177
18.35 0.0386773
18.36 0.0386074
18.37 0.0385122
18.38 0.0383969
18.39 0.0382675
18.4 0.0381304
18.41 0.0379926
18.42 0.0378607
18.43 0.0377414
18.44 0.0376411
18.45 0.0375651
18.46 0.037518
18.47 0.0375035
18.48 0.0375235
18.49 0.0375787
18.5 0.0376683
18.51 0.0377898
18.52 0.0379391
18.53 0.038111
18.54 0.0382989
18.55 0.0384958
18.56 0.038694
18.57 0.0388856
18.58 0.0390634
18.59 0.0392207
18.6 0.0393543
18.61 0.039466
18.62 0.039558
18.63 0.0396316
18.64 0.0396878
18.65 0.0397279
18.66 0.0397526
18.67 0.0397627
18.68 0.0397582
18.69 0.039739
18.7 0.0397046
18.71 0.0396543
18.72 0.0395873
18.73 0.0395028
18.74 0.0394003
18.75 0.0392801
18.76 0.0391434
18.77 0.038992
18.78 0.0388284
18.79 0.0386557
18.8 0.0384771
18.81 0.0382959
18.82 0.0381154
18.83 0.0379389
18.84 0.0377691
18.85 0.0376086
18.86 0.037459
18.87 0.0373219
18.88 0.0371981
18.89 0.0370878
18.9 0.0369913
18.91 0.0369084
18.92 0.0368389
18.93 0.036782
18.94 0.0367356
18.95 0.0366974
18.96 0.0366656
18.97 0.0366382
18.98 0.0366132
18.99 0.0365885
19 0.0365617
19.01 0.0365301
19.02 0.0364906
19.03 0.0364401
19.04 0.0363753
19.05 0.0362932
19.06 0.0361912
19.07 0.0360669
19.08 0.0359185
19.09 0.0357445
19.1 0.0355437
19.11 0.035315
19.12 0.0350572
19.13 0.0347688
19.14 0.0344483
19.15 0.034094
19.16 0.0337047
19.17 0.0332792
19.18 0.0328175
19.19 0.03232
19.2 0.0317881
19.21 0.0312238
19.22 0.03063
19.23 0.0300096
19.24 0.0293662
19.25 0.0287028
19.26 0.028022
19.27 0.0273257
19.28 0.0266151
19.29 0.0258911
19.3 0.0251546
19.31 0.0244069
19.32 0.0236496
19.33 0.0228845
19.34 0.0221139
19.35 0.0213405
19.36 0.0205673
19.37 0.0197977
19.38 0.0190352
19.39 0.0182829
19.4 0.0175439
19.41 0.0168212
19.42 0.0161178
19.43 0.0154367
19.44 0.0147807
19.45 0.0141526
19.46 0.0135551
19.47 0.0129908
19.48 0.0124622
19.49 0.0119719
19.5 0.0115219
19.51 0.0111141
19.52 0.0107504
19.53 0.0104322
19.54 0.0101606
19.55 0.00993652
19.56 0.00976002
19.57 0.00963087
19.58 0.00954858
19.59 0.00951252
19.6 0.00952197
19.61 0.00957533
19.62 0.00966927
19.63 0.00979866
19.64 0.00995708
19.65 0.0101369
19.66 0.0103298
19.67 0.0105268
19.68 0.0107189
19.69 0.0108976
19.7 0.0110547
19.71 0.0111832
19.72 0.0112772
19.73 0.0113326
19.74 0.0113468
19.75 0.0113196
19.76 0.0112523
19.77 0.0111485
19.78 0.0110133
19.79 0.0108533
19.8 0.0106759
19.81 0.010489
19.82 0.0103009
19.83 0.0101196
19.84 0.00995237
19.85 0.00980576
19.86 0.00968502
19.87 0.00959405
19.88 0.00953528
19.89 0.00950974
19.9 0.00951711
19.91 0.00955574
19.92 0.00962277
19.93 0.00971436
19.94 0.0098259
19.95 0.00995199
19.96 0.0100866
19.97 0.0102232
19.98 0.0103554
19.99 0.0104765
20 0.0105807
20.01 0.0106624
20.02 0.0107176
20.03 0.0107431
20.04 0.010738
20.05 0.0107026
20.06 0.0106396
20.07 0.0105527
20.08 0.0104475
20.09 0.0103304
20.1 0.0102088
20.11 0.0100905
20.12 0.00998305
20.13 0.00989331
20.14 0.00982721
20.15 0.00978953
20.16 0.00978369
20.17 0.00981154
20.18 0.00987326
20.19 0.00996733
20.2 0.0100906
20.21 0.0102385
20.22 0.0104051
20.23 0.010584
20.24 0.0107682
20.25 0.0109508
20.26 0.011125
20.27 0.0112842
20.28 0.0114225
20.29 0.0115348
20.3 0.0116171
20.31 0.0116663
20.32 0.011681
20.33 0.0116608
20.34 0.011607
20.35 0.0115221
20.36 0.0114103
20.37 0.0112767
20.38 0.0111278
20.39 0.0109709
20.4 0.010814
20.41 0.010665
20.42 0.010532
20.43 0.0104223
20.44 0.0103421
20.45 0.0102965
20.46 0.0102886
20.47 0.01032
20.48 0.0103906
20.49 0.0104987
20.5 0.010641
20.51 0.010813
20.52 0.0110087
20.53 0.0112216
20.54 0.0114446
20.55 0.01167
20.56 0.0118905
20.57 0.0120986
20.58 0.0122876
20.59 0.0124512
20.6 0.0125853
20.61 0.01269
20.62 0.0127662
20.63 0.0128144
20.64 0.0128348
20.65 0.0128277
20.66 0.0127938
20.67 0.0127349
20.68 0.0126538
20.69 0.0125544
20.7 0.0124412
20.71 0.0123197
20.72 0.0121952
20.73 0.0120735
20.74 0.01196
20.75 0.0118596
20.76 0.0117765
20.77 0.0117141
20.78 0.0116752
20.79 0.0116615
20.8 0.011674
20.81 0.0117129
20.82 0.0117776
20.83 0.0118671
20.84 0.0119792
20.85 0.0121108
20.86 0.0122581
20.87 0.0124163
20.88 0.0125797
20.89 0.0127425
20.9 0.0128985
20.91 0.0130442
20.92 0.0131798
20.93 0.0133067
20.94 0.0134257
20.95 0.0135372
20.96 0.0136417
20.97 0.0137392
20.98 0.0138295
20.99 0.0139122
21 0.0139864
21.01 0.0140509
21.02 0.0141038
21.03 0.0141434
21.04 0.0141672
21.05 0.0141733
21.06 0.0141595
21.07 0.0141242
21.08 0.0140674
21.09 0.0139895
21.1 0.013892
21.11 0.0137772
21.12 0.0136486
21.13 0.0135103
21.14 0.0133672
21.15 0.0132246
21.16 0.0130875
21.17 0.0129609
21.18 0.0128491
21.19 0.0127558
21.2 0.0126837
21.21 0.0126347
21.22 0.0126094
21.23 0.0126077
21.24 0.0126283
21.25 0.0126692
21.26 0.0127276
21.27 0.0128003
21.28 0.0128837
21.29 0.0129742
21.3 0.0130678
21.31 0.0131608
21.32 0.0132495
21.33 0.0133304
21.34 0.0134001
21.35 0.0134556
21.36 0.0134946
21.37 0.0135149
21.38 0.0135153
21.39 0.013495
21.4 0.013454
21.41 0.0133929
21.42 0.0133128
21.43 0.0132159
21.44 0.0131049
21.45 0.012983
21.46 0.0128542
21.47 0.0127226
21.48 0.0125927
21.49 0.0124687
21.5 0.0123546
21.51 0.0122536
21.52 0.0121686
21.53 0.0121017
21.54 0.0120541
21.55 0.0120264
21.56 0.012018
21.57 0.0120278
21.58 0.0120535
21.59 0.012092
21.6 0.0121397
21.61 0.0121924
21.62 0.0122462
21.63 0.0122969
21.64 0.0123411
21.65 0.0123761
21.66 0.0123997
21.67 0.0124108
21.68 0.0124088
21.69 0.0123941
21.7 0.0123674
21.71 0.0123299
21.72 0.0122834
21.73 0.0122299
21.74 0.0121719
21.75 0.0121123
21.76 0.012054
21.77 0.0120002
21.78 0.0119542
21.79 0.0119186
21.8 0.0118959
21.81 0.0118878
21.82 0.011895
21.83 0.0119173
21.84 0.0119536
21.85 0.012002
21.86 0.0120598
21.87 0.0121237
21.88 0.0121901
21.89 0.0122553
21.9 0.0123154
21.91 0.0123671
21.92 0.0124076
21.93 0.0124347
21.94 0.012447
21.95 0.0124441
21.96 0.0124261
21.97 0.0123937
21.98 0.0123478
21.99 0.0122898
22 0.012221
22.01 0.0121427
22.02 0.0120565
22.03 0.011964
22.04 0.0118672
22.05 0.0117684
22.06 0.0116707
22.07 0.0115779
22.08 0.0114937
22.09 0.0114219
22.1 0.011366
22.11 0.0113288
22.12 0.0113123
22.13 0.0113177
22.14 0.0113454
22.15 0.0113944
22.16 0.0114628
22.17 0.0115479
22.18 0.0116459
22.19 0.0117526
22.2 0.0118636
22.21 0.0119743
22.22 0.0120804
22.23 0.0121783
22.24 0.0122649
22.25 0.0123375
22.26 0.0123945
22.27 0.0124348
22.28 0.012458
22.29 0.0124643
22.3 0.0124545
22.31 0.0124295
22.32 0.0123907
22.33 0.0123394
22.34 0.0122777
22.35 0.0122075
22.36 0.0121313
22.37 0.0120514
22.38 0.0119708
22.39 0.0118921
22.4 0.0118183
22.41 0.011752
22.42 0.0116959
22.43 0.011652
22.44 0.0116223
22.45 0.0116079
22.46 0.0116096
22.47 0.0116276
22.48 0.0116619
22.49 0.0117118
22.5 0.0117763
22.51 0.0118539
22.52 0.0119431
22.53 0.0120418
22.54 0.012148
22.55 0.0122592
22.56 0.012373
22.57 0.0124867
22.58 0.0125981
22.59 0.012705
22.6 0.0128053
22.61 0.0128974
22.62 0.0129802
22.63 0.0130525
22.64 0.0131138
22.65 0.0131637
22.66 0.013202
22.67 0.0132289
22.68 0.0132444
22.69 0.0132492
22.7 0.0132439
22.71 0.0132302
22.72 0.0132098
22.73 0.013185
22.74 0.0131581
22.75 0.0131316
22.76 0.0131078
22.77 0.0130889
22.78 0.0130766
22.79 0.0130722
22.8 0.0130765
22.81 0.0130901
22.82 0.0131131
22.83 0.0131449
22.84 0.0131849
22.85 0.0132317
22.86 0.0132839
22.87 0.0133396
22.88 0.0133969
22.89 0.0134535
22.9 0.0135072
22.91 0.0135557
22.92 0.0135968
22.93 0.0136285
22.94 0.013649
22.95 0.0136569
22.96 0.013651
22.97 0.0136309
22.98 0.0135965
22.99 0.0135486
23 0.0134891
23.01 0.0134207
23.02 0.0133466
23.03 0.0132707
23.04 0.013197
23.05 0.0131293
23.06 0.0130715
23.07 0.0130265
23.08 0.0129965
23.09 0.0129827
23.1 0.0129853
23.11 0.0130036
23.12 0.0130363
23.13 0.0130816
23.14 0.0131368
23.15 0.0131995
23.16 0.0132664
23.17 0.0133347
23.18 0.0134012
23.19 0.0134631
23.2 0.013518
23.21 0.0135639
23.22 0.013599
23.23 0.0136223
23.24 0.0136329
23.25 0.0136309
23.26 0.0136166
23.27 0.013591
23.28 0.0135555
23.29 0.013512
23.3 0.0134631
23.31 0.0134112
23.32 0.0133593
23.33 0.01331
23.34 0.0132658
23.35 0.0132288
23.36 0.0132008
23.37 0.0131828
23.38 0.0131754
23.39 0.0131784
23.4 0.013191
23.41 0.0132118
23.42 0.0132387
23.43 0.0132693
23.44 0.0133009
23.45 0.0133306
23.46 0.0133556
23.47 0.0133732
23.48 0.0133818
23.49 0.0133799
23.5 0.0133672
23.51 0.0133437
23.52 0.0133101
23.53 0.0132676
23.54 0.0132177
23.55 0.0131622
23.56 0.0131033
23.57 0.0130433
23.58 0.0129846
23.59 0.0129296
23.6 0.0128805
23.61 0.0128394
23.62 0.0128079
23.63 0.0127873
23.64 0.0127786
23.65 0.0127821
23.66 0.0127981
23.67 0.0128257
23.68 0.0128639
23.69 0.012911
23.7 0.0129646
23.71 0.0130221
23.72 0.0130807
23.73 0.0131372
23.74 0.0131886
23.75 0.0132318
23.76 0.0132638
23.77 0.0132821
23.78 0.013284
23.79 0.0132676
23.8 0.0132313
23.81 0.0131745
23.82 0.0130974
23.83 0.0130012
23.84 0.0128879
23.85 0.0127602
23.86 0.0126215
23.87 0.0124755
23.88 0.0123264
23.89 0.0121783
23.9 0.012035
23.91 0.0118999
23.92 0.011776
23.93 0.0116654
23.94 0.0115698
23.95 0.0114903
23.96 0.0114274
23.97 0.0113811
23.98 0.0113512
23.99 0.0113372
24 0.0113385
24.01 0.0113542
24.02 0.0113832
24.03 0.0114243
24.04 0.0114761
24.05 0.0115376
24.06 0.0116079
24.07 0.0116861
24.08 0.0117717
24.09 0.0118636
24.1 0.0119606
24.11 0.0120611
24.12 0.0121631
24.13 0.0122641
24.14 0.0123612
24.15 0.0124513
24.16 0.012531
24.17 0.0125972
24.18 0.012647
24.19 0.0126785
24.2 0.0126903
24.21 0.012682
24.22 0.0126537
24.23 0.0126065
24.24 0.0125421
24.25 0.0124627
24.26 0.0123712
24.27 0.0122708
24.28 0.0121647
24.29 0.0120563
24.3 0.0119485
24.31 0.0118441
24.32 0.0117457
24.33 0.0116556
24.34 0.0115763
24.35 0.0115102
24.36 0.0114596
24.37 0.0114266
24.38 0.0114125
24.39 0.0114181
24.4 0.0114436
24.41 0.0114882
24.42 0.0115503
24.43 0.0116273
24.44 0.0117161
24.45 0.0118128
24.46 0.0119134
24.47 0.0120137
24.48 0.0121097
24.49 0.0121979
24.5 0.0122751
24.51 0.0123387
24.52 0.0123867
24.53 0.0124179
24.54 0.0124316
24.55 0.0124278
24.56 0.0124072
24.57 0.012371
24.58 0.0123208
24.59 0.0122589
24.6 0.0121875
24.61 0.0121098
24.62 0.0120286
24.63 0.0119473
24.64 0.0118689
24.65 0.0117966
24.66 0.0117332
24.67 0.0116818
24.68 0.0116446
24.69 0.0116237
24.7 0.0116205
24.71 0.0116358
24.72 0.0116697
24.73 0.0117215
24.74 0.0117898
24.75 0.0118725
24.76 0.0119672
24.77 0.0120708
24.78 0.01218
24.79 0.0122912
24.8 0.0124005
24.81 0.0125041
24.82 0.0125984
24.83 0.0126799
24.84 0.0127457
24.85 0.0127935
24.86 0.0128216
24.87 0.0128292
24.88 0.0128163
24.89 0.0127835
24.9 0.0127321
24.91 0.0126639
24.92 0.0125811
24.93 0.0124865
24.94 0.0123833
24.95 0.0122748
24.96 0.0121645
24.97 0.0120558
24.98 0.0119522
24.99 0.0118567
25 0.0117721
