0.01 3.1398e-09
0.02 1.50213e-08
0.03 3.66831e-08
0.04 6.52187e-08
0.05 9.76446e-08
0.06 1.30993e-07
0.07 1.62398e-07
0.08 1.89159e-07
0.09 2.0878e-07
0.1 2.19031e-07
0.11 2.1801e-07
0.12 2.04189e-07
0.13 1.76402e-07
0.14 1.33811e-07
0.15 7.59064e-08
0.16 2.57075e-09
0.17 -8.58816e-08
0.18 -1.88707e-07
0.19 -3.04748e-07
0.2 -4.32456e-07
0.21 -5.69931e-07
0.22 -7.14963e-07
0.23 -8.65105e-07
0.24 -1.01775e-06
0.25 -1.17022e-06
0.26 -1.31991e-06
0.27 -1.4644e-06
0.28 -1.60133e-06
0.29 -1.72823e-06
0.3 -1.84252e-06
0.31 -1.94146e-06
0.32 -2.02219e-06
0.33 -2.08163e-06
0.34 -2.11643e-06
0.35 -2.12333e-06
0.36 -2.09944e-06
0.37 -2.04246e-06
0.38 -1.95123e-06
0.39 -1.82657e-06
0.4 -1.6718e-06
0.41 -1.49291e-06
0.42 -1.29799e-06
0.43 -1.09634e-06
0.44 -8.98399e-07
0.45 -7.15251e-07
0.46 -5.57945e-07
0.47 -4.3679e-07
0.48 -3.60548e-07
0.49 -3.36029e-07
0.5 -3.67839e-07
0.51 -4.58516e-07
0.52 -6.08829e-07
0.53 -8.17301e-07
0.54 -1.08054e-06
0.55 -1.39379e-06
0.56 -1.75056e-06
0.57 -2.14301e-06
0.58 -2.56258e-06
0.59 -3.00017e-06
0.6 -3.44628e-06
0.61 -3.89124e-06
0.62 -4.32542e-06
0.63 -4.73951e-06
0.64 -5.12485e-06
0.65 -5.47363e-06
0.66 -5.77929e-06
0.67 -6.03668e-06
0.68 -6.2422e-06
0.69 -6.39387e-06
0.7 -6.49115e-06
0.71 -6.53457e-06
0.72 -6.52528e-06
0.73 -6.46432e-06
0.74 -6.35195e-06
0.75 -6.18706e-06
0.76 -5.96691e-06
0.77 -5.68751e-06
0.78 -5.34487e-06
0.79 -4.93733e-06
0.8 -4.46714e-06
0.81 -3.94069e-06
0.82 -3.36806e-06
0.83 -2.76195e-06
0.84 -2.13753e-06
0.85 -1.51352e-06
0.86 -9.10974e-07
0.87 -3.49004e-07
0.88 1.59447e-07
0.89 6.08457e-07
0.9 9.97079e-07
0.91 1.32745e-06
0.92 1.60355e-06
0.93 1.82909e-06
0.94 2.00471e-06
0.95 2.12685e-06
0.96 2.18714e-06
0.97 2.17348e-06
0.98 2.07512e-06
0.99 1.88804e-06
1 1.61679e-06
1.01 1.27357e-06
1.02 8.7798e-07
1.03 4.55422e-07
1.04 3.39718e-08
1.05 -3.58512e-07
1.06 -6.98303e-07
1.07 -9.67938e-07
1.08 -1.15514e-06
1.09 -1.25033e-06
1.1 -1.24597e-06
1.11 -1.13811e-06
1.12 -9.2523e-07
1.13 -6.06529e-07
1.14 -1.82467e-07
1.15 3.43931e-07
1.16 9.65352e-07
1.17 1.66794e-06
1.18 2.42942e-06
1.19 3.22151e-06
1.2 4.014e-06
1.21 4.77399e-06
1.22 5.46539e-06
1.23 6.0526e-06
1.24 6.50685e-06
1.25 6.81441e-06
1.26 6.98146e-06
1.27 7.02874e-06
1.28 6.98161e-06
1.29 6.86656e-06
1.3 6.70988e-06
1.31 6.5321e-06
1.32 6.34514e-06
1.33 6.15477e-06
1.34 5.96578e-06
1.35 5.78534e-06
1.36 5.62307e-06
1.37 5.4907e-06
1.38 5.40117e-06
1.39 5.36709e-06
1.4 5.39837e-06
1.41 5.49902e-06
1.42 5.66331e-06
1.43 5.87186e-06
1.44 6.0885e-06
1.45 6.25925e-06
1.46 6.3153e-06
1.47 6.18126e-06
1.48 5.78365e-06
1.49 5.05392e-06
1.5 3.93317e-06
1.51 2.37804e-06
1.52 3.63718e-07
1.53 -2.10885e-06
1.54 -5.00529e-06
1.55 -8.25162e-06
1.56 -1.17341e-05
1.57 -1.53119e-05
1.58 -1.88289e-05
1.59 -2.21242e-05
1.6 -2.50488e-05
1.61 -2.74746e-05
1.62 -2.92953e-05
1.63 -3.04287e-05
1.64 -3.08187e-05
1.65 -3.04352e-05
1.66 -2.92773e-05
1.67 -2.73742e-05
1.68 -2.4782e-05
1.69 -2.15767e-05
1.7 -1.78476e-05
1.71 -1.36959e-05
1.72 -9.23036e-06
1.73 -4.56336e-06
1.74 1.9619e-07
1.75 4.9488e-06
1.76 9.60227e-06
1.77 1.40669e-05
1.78 1.82619e-05
1.79 2.21224e-05
1.8 2.55986e-05
1.81 2.8652e-05
1.82 3.12561e-05
1.83 3.33948e-05
1.84 3.50528e-05
1.85 3.62105e-05
1.86 3.68486e-05
1.87 3.69585e-05
1.88 3.6548e-05
1.89 3.56418e-05
1.9 3.42802e-05
1.91 3.25187e-05
1.92 3.04259e-05
1.93 2.80793e-05
1.94 2.55511e-05
1.95 2.28897e-05
1.96 2.01182e-05
1.97 1.72395e-05
1.98 1.42402e-05
1.99 1.1103e-05
2 7.82672e-06
2.01 4.44462e-06
2.02 1.02489e-06
2.03 -2.33439e-06
2.04 -5.51079e-06
2.05 -8.37059e-06
2.06 -1.07822e-05
2.07 -1.26291e-05
2.08 -1.38282e-05
2.09 -1.43424e-05
2.1 -1.4183e-05
2.11 -1.34061e-05
2.12 -1.21128e-05
2.13 -1.04507e-05
2.14 -8.59935e-06
2.15 -6.75251e-06
2.16 -5.111e-06
2.17 -3.87101e-06
2.18 -3.21779e-06
2.19 -3.32856e-06
2.2 -4.37514e-06
2.21 -6.51424e-06
2.22 -9.87313e-06
2.23 -1.45407e-05
2.24 -2.05607e-05
2.25 -2.79362e-05
2.26 -3.66255e-05
2.27 -4.65177e-05
2.28 -5.74306e-05
2.29 -6.91278e-05
2.3 -8.13295e-05
2.31 -9.37191e-05
2.32 -0.000105945
2.33 -0.000117616
2.34 -0.000128309
2.35 -0.000137583
2.36 -0.000144996
2.37 -0.000150131
2.38 -0.000152613
2.39 -0.000152112
2.4 -0.000148376
2.41 -0.000141267
2.42 -0.00013079
2.43 -0.000117066
2.44 -0.000100314
2.45 -8.08364e-05
2.46 -5.90128e-05
2.47 -3.52993e-05
2.48 -1.02206e-05
2.49 1.566e-05
2.5 4.17719e-05
2.51 6.75637e-05
2.52 9.25179e-05
2.53 0.000116149
2.54 0.000138012
2.55 0.000157716
2.56 0.000174926
2.57 0.000189349
2.58 0.000200711
2.59 0.000208767
2.6 0.000213305
2.61 0.000214171
2.62 0.00021129
2.63 0.000204686
2.64 0.000194492
2.65 0.000180946
2.66 0.00016438
2.67 0.000145213
2.68 0.000123922
2.69 0.000101023
2.7 7.70445e-05
2.71 5.25333e-05
2.72 2.80371e-05
2.73 4.09489e-06
2.74 -1.87585e-05
2.75 -4.00006e-05
2.76 -5.9148e-05
2.77 -7.57727e-05
2.78 -8.94871e-05
2.79 -9.99405e-05
2.8 -0.000106832
2.81 -0.000109923
2.82 -0.000109071
2.83 -0.000104265
2.84 -9.56261e-05
2.85 -8.34051e-05
2.86 -6.79699e-05
2.87 -4.98007e-05
2.88 -2.94922e-05
2.89 -7.72962e-06
2.9 1.47536e-05
2.91 3.72021e-05
2.92 5.88564e-05
2.93 7.8978e-05
2.94 9.68811e-05
2.95 0.000111953
2.96 0.000123674
2.97 0.000131663
2.98 0.00013569
2.99 0.000135669
3 0.000131649
3.01 0.000123798
3.02 0.000112374
3.03 9.77045e-05
3.04 8.01664e-05
3.05 6.01712e-05
3.06 3.81455e-05
3.07 1.45167e-05
3.08 -1.0294e-05
3.09 -3.58656e-05
3.1 -6.17556e-05
3.11 -8.7484e-05
3.12 -0.000112527
3.13 -0.000136317
3.14 -0.000158267
3.15 -0.000177818
3.16 -0.000194458
3.17 -0.000207731
3.18 -0.000217254
3.19 -0.000222736
3.2 -0.000224013
3.21 -0.00022103
3.22 -0.00021381
3.23 -0.000202438
3.24 -0.000187061
3.25 -0.000167887
3.26 -0.000145195
3.27 -0.000119309
3.28 -9.05716e-05
3.29 -5.93746e-05
3.3 -2.61753e-05
3.31 8.53201e-06
3.32 4.42297e-05
3.33 8.03422e-05
3.34 0.000116206
3.35 0.000151062
3.36 0.00018406
3.37 0.000214289
3.38 0.000240817
3.39 0.000262715
3.4 0.00027909
3.41 0.000289126
3.42 0.000292132
3.43 0.000287595
3.44 0.000275206
3.45 0.000254873
3.46 0.000226731
3.47 0.000191174
3.48 0.00014889
3.49 0.000100859
3.5 4.8318e-05
3.51 -7.28907e-06
3.52 -6.43555e-05
3.53 -0.000121171
3.54 -0.000175997
3.55 -0.00022716
3.56 -0.000273149
3.57 -0.000312659
3.58 -0.000344576
3.59 -0.000367988
3.6 -0.000382247
3.61 -0.000386998
3.62 -0.000382174
3.63 -0.000367994
3.64 -0.000344957
3.65 -0.000313823
3.66 -0.000275591
3.67 -0.000231487
3.68 -0.000182929
3.69 -0.000131467
3.7 -7.86937e-05
3.71 -2.61899e-05
3.72 2.44951e-05
3.73 7.19036e-05
3.74 0.000114732
3.75 0.000151847
3.76 0.000182297
3.77 0.000205346
3.78 0.00022049
3.79 0.000227453
3.8 0.000226204
3.81 0.000216975
3.82 0.000200241
3.83 0.000176676
3.84 0.000147138
3.85 0.000112635
3.86 7.42469e-05
3.87 3.30583e-05
3.88 -9.89579e-06
3.89 -5.36672e-05
3.9 -9.74154e-05
3.91 -0.000140427
3.92 -0.00018213
3.93 -0.000222074
3.94 -0.000259891
3.95 -0.000295281
3.96 -0.000327996
3.97 -0.000357803
3.98 -0.000384436
3.99 -0.000407562
4 -0.000426794
4.01 -0.000441703
4.02 -0.000451842
4.03 -0.000456768
4.04 -0.000456056
4.05 -0.000449307
4.06 -0.000436165
4.07 -0.000416311
4.08 -0.000389449
4.09 -0.00035534
4.1 -0.000313831
4.11 -0.000264926
4.12 -0.000208875
4.13 -0.000146251
4.14 -7.79689e-05
4.15 -5.3094e-06
4.16 7.00549e-05
4.17 0.000146092
4.18 0.000220519
4.19 0.000290912
4.2 0.000354791
4.21 0.000409741
4.22 0.000453547
4.23 0.000484343
4.24 0.000500724
4.25 0.000501753
4.26 0.000486939
4.27 0.000456269
4.28 0.000410235
4.29 0.000349827
4.3 0.00027652
4.31 0.000192221
4.32 9.91875e-05
4.33 -4.37297e-08
4.34 -0.000102699
4.35 -0.000205817
4.36 -0.00030633
4.37 -0.000401154
4.38 -0.000487297
4.39 -0.000561969
4.4 -0.000622651
4.41 -0.000667159
4.42 -0.000693702
4.43 -0.000700957
4.44 -0.000688116
4.45 -0.000654939
4.46 -0.000601819
4.47 -0.000529823
4.48 -0.000440646
4.49 -0.000336515
4.5 -0.000220047
4.51 -9.41522e-05
4.52 3.79938e-05
4.53 0.000172997
4.54 0.000307341
4.55 0.000437484
4.56 0.000559966
4.57 0.000671495
4.58 0.000769022
4.59 0.000849838
4.6 0.000911638
4.61 0.000952614
4.62 0.000971539
4.63 0.000967798
4.64 0.000941384
4.65 0.000892915
4.66 0.000823622
4.67 0.000735354
4.68 0.000630552
4.69 0.000512143
4.7 0.000383409
4.71 0.000247841
4.72 0.000109015
4.73 -2.94735e-05
4.74 -0.000164122
4.75 -0.000291664
4.76 -0.000409146
4.77 -0.000513956
4.78 -0.000603865
4.79 -0.000677048
4.8 -0.000732127
4.81 -0.000768247
4.82 -0.000785081
4.83 -0.000782768
4.84 -0.000761912
4.85 -0.000723609
4.86 -0.000669399
4.87 -0.000601145
4.88 -0.000520965
4.89 -0.000431214
4.9 -0.00033443
4.91 -0.000233229
4.92 -0.000130238
4.93 -2.80366e-05
4.94 7.0871e-05
4.95 0.000164112
4.96 0.000249516
4.97 0.000325183
4.98 0.000389537
4.99 0.00044136
5 0.000479803
5.01 0.000504362
5.02 0.000514821
5.03 0.000511202
5.04 0.000493752
5.05 0.000462933
5.06 0.000419397
5.07 0.000363943
5.08 0.000297548
5.09 0.000221389
5.1 0.000136801
5.11 4.5263e-05
5.12 -5.15791e-05
5.13 -0.00015191
5.14 -0.000253778
5.15 -0.000355094
5.16 -0.00045363
5.17 -0.000547035
5.18 -0.000632927
5.19 -0.000709003
5.2 -0.000773093
5.21 -0.000823221
5.22 -0.000857695
5.23 -0.000875219
5.24 -0.000874958
5.25 -0.000856535
5.26 -0.000819976
5.27 -0.000765679
5.28 -0.000694423
5.29 -0.000607386
5.3 -0.000506143
5.31 -0.000392626
5.32 -0.000269108
5.33 -0.000138228
5.34 -2.97307e-06
5.35 0.00013341
5.36 0.000267476
5.37 0.00039561
5.38 0.000514149
5.39 0.000619579
5.4 0.000708706
5.41 0.000778764
5.42 0.000827516
5.43 0.000853365
5.44 0.00085544
5.45 0.000833623
5.46 0.000788538
5.47 0.000721478
5.48 0.000634313
5.49 0.000529417
5.5 0.000409643
5.51 0.000278257
5.52 0.00013882
5.53 -4.96303e-06
5.54 -0.000149323
5.55 -0.000290493
5.56 -0.00042481
5.57 -0.000548869
5.58 -0.00065966
5.59 -0.000754612
5.6 -0.000831603
5.61 -0.000888959
5.62 -0.000925478
5.63 -0.00094046
5.64 -0.000933704
5.65 -0.000905531
5.66 -0.000856784
5.67 -0.000788767
5.68 -0.000703182
5.69 -0.000602061
5.7 -0.000487704
5.71 -0.00036262
5.72 -0.000229446
5.73 -9.09261e-05
5.74 5.01236e-05
5.75 0.000190895
5.76 0.000328625
5.77 0.000460603
5.78 0.000584199
5.79 0.000696884
5.8 0.000796254
5.81 0.000880074
5.82 0.000946303
5.83 0.000993115
5.84 0.00101897
5.85 0.00102271
5.86 0.00100361
5.87 0.000961424
5.88 0.000896435
5.89 0.000809461
5.9 0.000701867
5.91 0.000575587
5.92 0.000433107
5.93 0.00027739
5.94 0.000111816
5.95 -5.98804e-05
5.96 -0.000233636
5.97 -0.000405105
5.98 -0.000569777
5.99 -0.000723147
6 -0.000860837
6.01 -0.000978764
6.02 -0.00107331
6.03 -0.00114147
6.04 -0.00118086
6.05 -0.00118986
6.06 -0.00116766
6.07 -0.00111432
6.08 -0.00103088
6.09 -0.00091923
6.1 -0.000782081
6.11 -0.000622824
6.12 -0.000445471
6.13 -0.000254545
6.14 -5.48971e-05
6.15 0.000148487
6.16 0.000350652
6.17 0.000546864
6.18 0.000732803
6.19 0.000904664
6.2 0.00105916
6.21 0.00119355
6.22 0.00130567
6.23 0.00139402
6.24 0.00145771
6.25 0.00149641
6.26 0.0015104
6.27 0.00150053
6.28 0.00146824
6.29 0.00141548
6.3 0.00134476
6.31 0.00125897
6.32 0.00116144
6.33 0.00105576
6.34 0.000945705
6.35 0.000835133
6.36 0.0007278
6.37 0.000627147
6.38 0.000536093
6.39 0.000456979
6.4 0.000391593
6.41 0.000341181
6.42 0.000306537
6.43 0.000288093
6.44 0.000285965
6.45 0.000300055
6.46 0.00033014
6.47 0.00037581
6.48 0.00043634
6.49 0.000510601
6.5 0.000596958
6.51 0.000693153
6.52 0.000796303
6.53 0.000903007
6.54 0.00100942
6.55 0.00111131
6.56 0.00120417
6.57 0.0012835
6.58 0.00134499
6.59 0.00138479
6.6 0.0013998
6.61 0.00138782
6.62 0.00134769
6.63 0.00127931
6.64 0.00118358
6.65 0.00106227
6.66 0.000917816
6.67 0.000753136
6.68 0.000571581
6.69 0.000376837
6.7 0.000172832
6.71 -3.63388e-05
6.72 -0.000246485
6.73 -0.000453435
6.74 -0.000653114
6.75 -0.000841567
6.76 -0.00101501
6.77 -0.00116995
6.78 -0.00130322
6.79 -0.00141207
6.8 -0.00149427
6.81 -0.00154818
6.82 -0.00157289
6.83 -0.00156829
6.84 -0.00153507
6.85 -0.00147472
6.86 -0.00138952
6.87 -0.00128244
6.88 -0.00115708
6.89 -0.00101743
6.9 -0.000867713
6.91 -0.000712147
6.92 -0.000554797
6.93 -0.00039942
6.94 -0.000249348
6.95 -0.000107436
6.96 2.39062e-05
6.97 0.000142631
6.98 0.000246919
6.99 0.000335086
7 0.000405565
7.01 0.000456889
7.02 0.000487751
7.03 0.00049719
7.04 0.000484766
7.05 0.000450698
7.06 0.000395999
7.07 0.000322538
7.08 0.000232992
7.09 0.000130737
7.1 1.96834e-05
7.11 -9.5918e-05
7.12 -0.000211712
7.13 -0.000323569
7.14 -0.000427877
7.15 -0.000521695
7.16 -0.0006028
7.17 -0.000669668
7.18 -0.000721416
7.19 -0.000757701
7.2 -0.000778623
7.21 -0.000784603
7.22 -0.000776237
7.23 -0.000754174
7.24 -0.000719068
7.25 -0.000671576
7.26 -0.000612388
7.27 -0.000542339
7.28 -0.00046254
7.29 -0.000374471
7.3 -0.000280019
7.31 -0.000181489
7.32 -8.15761e-05
7.33 1.6761e-05
7.34 0.000110515
7.35 0.00019683
7.36 0.000273191
7.37 0.000337615
7.38 0.000388774
7.39 0.000426038
7.4 0.000449446
7.41 0.000459611
7.42 0.000457588
7.43 0.000444677
7.44 0.000422211
7.45 0.000391444
7.46 0.000353482
7.47 0.000309226
7.48 0.000259353
7.49 0.000204298
7.5 0.000144255
7.51 7.92253e-05
7.52 9.1167e-06
7.53 -6.61291e-05
7.54 -0.000146417
7.55 -0.000231441
7.56 -0.000320717
7.57 -0.000413665
7.58 -0.000509628
7.59 -0.000607881
7.6 -0.000707675
7.61 -0.000808193
7.62 -0.000908404
7.63 -0.00100691
7.64 -0.00110194
7.65 -0.00119137
7.66 -0.00127279
7.67 -0.00134344
7.68 -0.00140027
7.69 -0.00144005
7.7 -0.0014595
7.71 -0.00145549
7.72 -0.00142551
7.73 -0.00136792
7.74 -0.00128221
7.75 -0.00116903
7.76 -0.00103017
7.77 -0.00086841
7.78 -0.000687334
7.79 -0.000491234
7.8 -0.000285001
7.81 -7.3958e-05
7.82 0.000136329
7.83 0.000340189
7.84 0.000531979
7.85 0.00070628
7.86 0.000858098
7.87 0.000982994
7.88 0.00107725
7.89 0.00113805
7.9 0.00116361
7.91 0.00115322
7.92 0.00110728
7.93 0.00102733
7.94 0.000915978
7.95 0.000776797
7.96 0.000614197
7.97 0.00043327
7.98 0.000239653
7.99 3.93356e-05
8 -0.000161602
8.01 -0.000357239
8.02 -0.000541983
8.03 -0.000710737
8.04 -0.000859079
8.05 -0.000983421
8.06 -0.00108111
8.07 -0.00115044
8.08 -0.0011906
8.09 -0.00120153
8.1 -0.00118389
8.11 -0.00113878
8.12 -0.00106765
8.13 -0.000972166
8.14 -0.000854238
8.15 -0.000715996
8.16 -0.000559753
8.17 -0.000388017
8.18 -0.000203517
8.19 -9.2285e-06
8.2 0.000191645
8.21 0.000395689
8.22 0.000599278
8.23 0.000798676
8.24 0.000990174
8.25 0.00117015
8.26 0.00133509
8.27 0.00148169
8.28 0.00160689
8.29 0.00170794
8.3 0.00178238
8.31 0.00182802
8.32 0.00184285
8.33 0.00182509
8.34 0.0017733
8.35 0.00168651
8.36 0.00156438
8.37 0.00140745
8.38 0.00121731
8.39 0.000996723
8.4 0.000749714
8.41 0.000481468
8.42 0.000198111
8.43 -9.35233e-05
8.44 -0.000386102
8.45 -0.000671978
8.46 -0.000943379
8.47 -0.00119263
8.48 -0.00141239
8.49 -0.00159595
8.5 -0.00173748
8.51 -0.00183223
8.52 -0.0018768
8.53 -0.00186931
8.54 -0.00180959
8.55 -0.00169919
8.56 -0.00154127
8.57 -0.00134036
8.58 -0.00110216
8.59 -0.000833346
8.6 -0.000541269
8.61 -0.000233725
8.62 8.13609e-05
8.63 0.000396228
8.64 0.000703521
8.65 0.000996483
8.66 0.00126912
8.67 0.00151627
8.68 0.00173364
8.69 0.00191781
8.7 0.0020662
8.71 0.00217712
8.72 0.00224976
8.73 0.00228402
8.74 0.00228056
8.75 0.00224069
8.76 0.00216633
8.77 0.00205984
8.78 0.00192397
8.79 0.00176184
8.8 0.00157687
8.81 0.00137266
8.82 0.00115304
8.83 0.000922002
8.84 0.000683846
8.85 0.000443112
8.86 0.000204496
8.87 -2.72843e-05
8.88 -0.000247615
8.89 -0.000452019
8.9 -0.0006362
8.91 -0.000796161
8.92 -0.000928347
8.93 -0.00102978
8.94 -0.00109822
8.95 -0.00113232
8.96 -0.00113163
8.97 -0.00109667
8.98 -0.00102884
8.99 -0.000930469
9 -0.000804799
9.01 -0.000655964
9.02 -0.000488867
9.03 -0.000309069
9.04 -0.000122593
9.05 6.43786e-05
9.06 0.00024579
9.07 0.000415949
9.08 0.00056969
9.09 0.000702486
9.1 0.000810508
9.11 0.000890633
9.12 0.000940474
9.13 0.00095845
9.14 0.000943798
9.15 0.000896593
9.16 0.000817828
9.17 0.000709497
9.18 0.000574646
9.19 0.000417336
9.2 0.000242563
9.21 5.61914e-05
9.22 -0.000135186
9.23 -0.000324478
9.24 -0.000504433
9.25 -0.000668051
9.26 -0.000809001
9.27 -0.000921915
9.28 -0.00100262
9.29 -0.00104833
9.3 -0.00105761
9.31 -0.00103021
9.32 -0.000966875
9.33 -0.000869342
9.34 -0.000740227
9.35 -0.000582922
9.36 -0.000401501
9.37 -0.000200607
9.38 1.46771e-05
9.39 0.000238961
9.4 0.000466599
9.41 0.000691746
9.42 0.00090844
9.43 0.00111068
9.44 0.00129247
9.45 0.00144799
9.46 0.00157176
9.47 0.00165901
9.48 0.00170585
9.49 0.00170958
9.5 0.00166886
9.51 0.00158382
9.52 0.00145605
9.53 0.00128854
9.54 0.00108546
9.55 0.000851893
9.56 0.000593577
9.57 0.000316681
9.58 2.75195e-05
9.59 -0.000267649
9.6 -0.000562729
9.61 -0.000851821
9.62 -0.00112926
9.63 -0.00138961
9.64 -0.00162768
9.65 -0.00183854
9.66 -0.00201767
9.67 -0.00216105
9.68 -0.00226525
9.69 -0.00232758
9.7 -0.00234621
9.71 -0.00232038
9.72 -0.00225044
9.73 -0.00213794
9.74 -0.00198563
9.75 -0.00179743
9.76 -0.00157837
9.77 -0.00133438
9.78 -0.00107215
9.79 -0.000798879
9.8 -0.000522156
9.81 -0.000249739
9.82 1.06678e-05
9.83 0.000251631
9.84 0.000466171
9.85 0.000647954
9.86 0.000791524
9.87 0.000892526
9.88 0.000947863
9.89 0.000955746
9.9 0.000915731
9.91 0.000828817
9.92 0.000697452
9.93 0.00052542
9.94 0.000317726
9.95 8.04467e-05
9.96 -0.000179516
9.97 -0.000454778
9.98 -0.000737804
9.99 -0.00102117
10 -0.00129778
10.01 -0.00156099
10.02 -0.00180483
10.03 -0.00202415
10.04 -0.00221462
10.05 -0.00237264
10.06 -0.00249534
10.07 -0.00258136
10.08 -0.00263117
10.09 -0.00264553
10.1 -0.00262469
10.11 -0.00256926
10.12 -0.00248079
10.13 -0.00236174
10.14 -0.0022153
10.15 -0.0020454
10.16 -0.00185662
10.17 -0.00165399
10.18 -0.00144279
10.19 -0.00122825
10.2 -0.00101548
10.21 -0.000809271
10.22 -0.000614087
10.23 -0.000433997
10.24 -0.000272571
10.25 -0.00013285
10.26 -1.73572e-05
10.27 7.19199e-05
10.28 0.000133588
10.29 0.000166902
10.3 0.000171779
10.31 0.000148825
10.32 9.93862e-05
10.33 2.55393e-05
10.34 -7.004e-05
10.35 -0.000184204
10.36 -0.000313406
10.37 -0.00045378
10.38 -0.00060125
10.39 -0.000751615
10.4 -0.000900627
10.41 -0.00104405
10.42 -0.00117771
10.43 -0.00129752
10.44 -0.00139958
10.45 -0.00148028
10.46 -0.0015364
10.47 -0.00156531
10.48 -0.00156512
10.49 -0.00153484
10.5 -0.00147453
10.51 -0.00138527
10.52 -0.00126918
10.53 -0.00112924
10.54 -0.000969254
10.55 -0.000793546
10.56 -0.000606838
10.57 -0.000414097
10.58 -0.00022041
10.59 -3.08199e-05
10.6 0.000149819
10.61 0.000316923
10.62 0.000466244
10.63 0.000593966
10.64 0.000696756
10.65 0.000771821
10.66 0.000816987
10.67 0.000830777
10.68 0.000812485
10.69 0.000762276
10.7 0.000681251
10.71 0.000571446
10.72 0.000435718
10.73 0.000277631
10.74 0.000101367
10.75 -8.84362e-05
10.76 -0.000286833
10.77 -0.000488662
10.78 -0.000688648
10.79 -0.000881544
10.8 -0.00106229
10.81 -0.00122617
10.82 -0.00136888
10.83 -0.00148664
10.84 -0.0015763
10.85 -0.00163545
10.86 -0.00166249
10.87 -0.00165678
10.88 -0.00161856
10.89 -0.00154893
10.9 -0.00144981
10.91 -0.00132382
10.92 -0.00117415
10.93 -0.00100439
10.94 -0.000818313
10.95 -0.000619818
10.96 -0.00041281
10.97 -0.000201152
10.98 1.13694e-05
10.99 0.000221045
11 0.000424224
11.01 0.000617363
11.02 0.000797094
11.03 0.000960259
11.04 0.00110394
11.05 0.00122556
11.06 0.001323
11.07 0.00139471
11.08 0.00143964
11.09 0.00145737
11.1 0.00144807
11.11 0.00141261
11.12 0.00135253
11.13 0.00127006
11.14 0.00116794
11.15 0.00104937
11.16 0.00091791
11.17 0.000777542
11.18 0.000632585
11.19 0.000487628
11.2 0.000347394
11.21 0.0002166
11.22 9.98286e-05
11.23 1.33765e-06
11.24 -7.52345e-05
11.25 -0.000127158
11.26 -0.000152795
11.27 -0.000151634
11.28 -0.000124217
11.29 -7.19823e-05
11.3 2.90166e-06
11.31 9.76752e-05
11.32 0.000209128
11.33 0.00033377
11.34 0.000468026
11.35 0.000608458
11.36 0.000751902
11.37 0.000895463
11.38 0.00103643
11.39 0.00117222
11.4 0.00130037
11.41 0.00141855
11.42 0.00152452
11.43 0.00161605
11.44 0.00169108
11.45 0.00174778
11.46 0.00178466
11.47 0.00180079
11.48 0.00179585
11.49 0.00177034
11.5 0.00172558
11.51 0.00166373
11.52 0.00158764
11.53 0.00150066
11.54 0.0014065
11.55 0.00130899
11.56 0.00121188
11.57 0.00111855
11.58 0.00103199
11.59 0.000954708
11.6 0.000888853
11.61 0.000836257
11.62 0.000798415
11.63 0.000776445
11.64 0.000771089
11.65 0.000782673
11.66 0.000811069
11.67 0.000855741
11.68 0.000915742
11.69 0.000989664
11.7 0.00107562
11.71 0.00117123
11.72 0.00127365
11.73 0.00137962
11.74 0.00148554
11.75 0.00158754
11.76 0.00168149
11.77 0.00176308
11.78 0.00182782
11.79 0.00187128
11.8 0.0018894
11.81 0.00187882
11.82 0.00183715
11.83 0.00176313
11.84 0.00165659
11.85 0.00151851
11.86 0.00135087
11.87 0.00115646
11.88 0.00093871
11.89 0.000701677
11.9 0.000449895
11.91 0.000188285
11.92 -7.79674e-05
11.93 -0.000343555
11.94 -0.000603191
11.95 -0.000851743
11.96 -0.00108438
11.97 -0.00129667
11.98 -0.00148464
11.99 -0.00164474
12 -0.00177393
12.01 -0.0018698
12.02 -0.00193058
12.03 -0.00195511
12.04 -0.00194281
12.05 -0.00189379
12.06 -0.0018089
12.07 -0.00168977
12.08 -0.00153891
12.09 -0.00135978
12.1 -0.00115675
12.11 -0.000934936
12.12 -0.000700115
12.13 -0.000458608
12.14 -0.000217175
12.15 1.72039e-05
12.16 0.000237558
12.17 0.0004372
12.18 0.000610001
12.19 0.000750567
12.2 0.000854336
12.21 0.000917739
12.22 0.000938392
12.23 0.000915107
12.24 0.000847814
12.25 0.000737578
12.26 0.000586669
12.27 0.000398486
12.28 0.000177421
12.29 -7.12482e-05
12.3 -0.000341503
12.31 -0.000626749
12.32 -0.000919902
12.33 -0.00121351
12.34 -0.00149998
12.35 -0.0017718
12.36 -0.00202177
12.37 -0.00224306
12.38 -0.00242943
12.39 -0.00257538
12.4 -0.00267634
12.41 -0.00272932
12.42 -0.0027331
12.43 -0.00268709
12.44 -0.00259144
12.45 -0.00244806
12.46 -0.00226004
12.47 -0.00203123
12.48 -0.00176614
12.49 -0.00146973
12.5 -0.00114715
12.51 -0.000803654
12.52 -0.000444492
12.53 -7.48924e-05
12.54 0.000299875
12.55 0.000674412
12.56 0.0010432
12.57 0.00140065
12.58 0.00174129
12.59 0.00205996
12.6 0.00235206
12.61 0.00261643
12.62 0.00285667
12.63 0.00307661
12.64 0.00327854
12.65 0.00346448
12.66 0.00363616
12.67 0.00379494
12.68 0.00394173
12.69 0.00407696
12.7 0.00420062
12.71 0.00431232
12.72 0.00441147
12.73 0.00449731
12.74 0.00456899
12.75 0.00462563
12.76 0.00466642
12.77 0.00469066
12.78 0.00469771
12.79 0.00468703
12.8 0.00465838
12.81 0.00461202
12.82 0.00454853
12.83 0.00446873
12.84 0.00437374
12.85 0.00426504
12.86 0.00414451
12.87 0.00401437
12.88 0.00387726
12.89 0.00373622
12.9 0.00359462
12.91 0.00345591
12.92 0.00332351
12.93 0.0032006
12.94 0.00309001
12.95 0.00299411
12.96 0.00291476
12.97 0.00285326
12.98 0.00281039
12.99 0.00278642
13 0.00278113
13.01 0.00279391
13.02 0.00282388
13.03 0.00286997
13.04 0.00293087
13.05 0.003005
13.06 0.00309043
13.07 0.00318485
13.08 0.00328557
13.09 0.00338955
13.1 0.00349341
13.11 0.00359358
13.12 0.00368643
13.13 0.0037685
13.14 0.00383672
13.15 0.00388848
13.16 0.00392184
13.17 0.0039356
13.18 0.00392924
13.19 0.00390295
13.2 0.00385751
13.21 0.00379423
13.22 0.00371478
13.23 0.0036212
13.24 0.00351581
13.25 0.00340111
13.26 0.00327969
13.27 0.00315419
13.28 0.00302719
13.29 0.00290116
13.3 0.00277839
13.31 0.0026609
13.32 0.00255035
13.33 0.00244801
13.34 0.00235479
13.35 0.0022713
13.36 0.00219794
13.37 0.00213497
13.38 0.00208252
13.39 0.00204063
13.4 0.00200924
13.41 0.00198823
13.42 0.00197746
13.43 0.00197679
13.44 0.00198606
13.45 0.00200511
13.46 0.00203377
13.47 0.00207189
13.48 0.00211924
13.49 0.0021755
13.5 0.00224026
13.51 0.00231299
13.52 0.00239305
13.53 0.00247969
13.54 0.00257213
13.55 0.00266958
13.56 0.0027712
13.57 0.00287608
13.58 0.00298317
13.59 0.00309114
13.6 0.00319849
13.61 0.00330358
13.62 0.00340479
13.63 0.00350059
13.64 0.00358957
13.65 0.00367049
13.66 0.00374228
13.67 0.00380418
13.68 0.00385561
13.69 0.00389613
13.7 0.00392538
13.71 0.00394311
13.72 0.0039492
13.73 0.00394366
13.74 0.00392649
13.75 0.00389775
13.76 0.00385745
13.77 0.00380553
13.78 0.00374183
13.79 0.00366606
13.8 0.00357782
13.81 0.0034765
13.82 0.00336139
13.83 0.00323194
13.84 0.00308825
13.85 0.00293139
13.86 0.00276347
13.87 0.00258737
13.88 0.00240631
13.89 0.00222358
13.9 0.00204241
13.91 0.00186597
13.92 0.00169731
13.93 0.00153919
13.94 0.00139406
13.95 0.00126399
13.96 0.00115065
13.97 0.00105536
13.98 0.000978984
13.99 0.000921901
14 0.000883953
14.01 0.000864461
14.02 0.000862278
14.03 0.00087588
14.04 0.000903439
14.05 0.000942869
14.06 0.000991811
14.07 0.0010476
14.08 0.00110731
14.09 0.00116775
14.1 0.00122552
14.11 0.00127707
14.12 0.00131874
14.13 0.00134688
14.14 0.00135785
14.15 0.00134817
14.16 0.00131464
14.17 0.0012545
14.18 0.0011657
14.19 0.00104695
14.2 0.000897775
14.21 0.000718465
14.22 0.000510018
14.23 0.000274089
14.24 1.28896e-05
14.25 -0.000270907
14.26 -0.000576546
14.27 -0.000907082
14.28 -0.0012667
14.29 -0.00165888
14.3 -0.00208683
14.31 -0.00255334
14.32 -0.0030608
14.33 -0.00361111
14.34 -0.00420586
14.35 -0.00484646
14.36 -0.0055343
14.37 -0.00627096
14.38 -0.00705822
14.39 -0.00789802
14.4 -0.0087923
14.41 -0.00974307
14.42 -0.0107522
14.43 -0.0118216
14.44 -0.0129526
14.45 -0.0141463
14.46 -0.0154031
14.47 -0.0167229
14.48 -0.0181055
14.49 -0.01955
14.5 -0.0210558
14.51 -0.0226222
14.52 -0.0242483
14.53 -0.0259337
14.54 -0.0276779
14.55 -0.0294805
14.56 -0.0313413
14.57 -0.0332598
14.58 -0.035236
14.59 -0.0372694
14.6 -0.0393596
14.61 -0.041506
14.62 -0.0437073
14.63 -0.0459617
14.64 -0.0482668
14.65 -0.0506192
14.66 -0.0530148
14.67 -0.0554487
14.68 -0.0579159
14.69 -0.0604115
14.7 -0.062931
14.71 -0.0654702
14.72 -0.0680246
14.73 -0.0705895
14.74 -0.073159
14.75 -0.0757262
14.76 -0.0782841
14.77 -0.0808254
14.78 -0.083343
14.79 -0.0858303
14.8 -0.0882803
14.81 -0.0906865
14.82 -0.0930422
14.83 -0.0953411
14.84 -0.0975768
14.85 -0.0997433
14.86 -0.101835
14.87 -0.103845
14.88 -0.10577
14.89 -0.107601
14.9 -0.109335
14.91 -0.110966
14.92 -0.112486
14.93 -0.113892
14.94 -0.115176
14.95 -0.116334
14.96 -0.11736
14.97 -0.118249
14.98 -0.118997
14.99 -0.1196
15 -0.120057
15.01 -0.120367
15.02 -0.120531
15.03 -0.120551
15.04 -0.120432
15.05 -0.12018
15.06 -0.119805
15.07 -0.119325
15.08 -0.118755
15.09 -0.118115
15.1 -0.117427
15.11 -0.116711
15.12 -0.115991
15.13 -0.115288
15.14 -0.114617
15.15 -0.113981
15.16 -0.113383
15.17 -0.112825
15.18 -0.112311
15.19 -0.111843
15.2 -0.111422
15.21 -0.11105
15.22 -0.110729
15.23 -0.110462
15.24 -0.110249
15.25 -0.110093
15.26 -0.109998
15.27 -0.109966
15.28 -0.110001
15.29 -0.110106
15.3 -0.110281
15.31 -0.110524
15.32 -0.110832
15.33 -0.111198
15.34 -0.111615
15.35 -0.112074
15.36 -0.112566
15.37 -0.113081
15.38 -0.113608
15.39 -0.114137
15.4 -0.114658
15.41 -0.11516
15.42 -0.115638
15.43 -0.116093
15.44 -0.116528
15.45 -0.116945
15.46 -0.117342
15.47 -0.11772
15.48 -0.118078
15.49 -0.118412
15.5 -0.118721
15.51 -0.119
15.52 -0.119245
15.53 -0.119451
15.54 -0.119613
15.55 -0.119727
15.56 -0.119788
15.57 -0.119792
15.58 -0.119733
15.59 -0.119609
15.6 -0.119418
15.61 -0.119162
15.62 -0.118841
15.63 -0.11846
15.64 -0.118024
15.65 -0.117537
15.66 -0.117007
15.67 -0.116442
15.68 -0.115852
15.69 -0.115244
15.7 -0.114629
15.71 -0.11401
15.72 -0.113384
15.73 -0.112743
15.74 -0.112083
15.75 -0.111396
15.76 -0.11068
15.77 -0.109927
15.78 -0.109134
15.79 -0.108296
15.8 -0.107408
15.81 -0.106465
15.82 -0.105464
15.83 -0.1044
15.84 -0.103272
15.85 -0.102076
15.86 -0.10081
15.87 -0.0994716
15.88 -0.0980593
15.89 -0.0965714
15.9 -0.0950066
15.91 -0.0933638
15.92 -0.0916422
15.93 -0.089841
15.94 -0.0879591
15.95 -0.085996
15.96 -0.0839513
15.97 -0.0818251
15.98 -0.0796176
15.99 -0.0773299
16 -0.0749634
16.01 -0.07252
16.02 -0.0700025
16.03 -0.0674145
16.04 -0.0647605
16.05 -0.0620457
16.06 -0.0592763
16.07 -0.0564585
16.08 -0.0535986
16.09 -0.0507025
16.1 -0.0477762
16.11 -0.0448256
16.12 -0.0418563
16.13 -0.038874
16.14 -0.0358845
16.15 -0.0328935
16.16 -0.0299068
16.17 -0.0269301
16.18 -0.0239692
16.19 -0.0210299
16.2 -0.0181179
16.21 -0.0152385
16.22 -0.0123968
16.23 -0.00959719
16.24 -0.00684348
16.25 -0.00413858
16.26 -0.00148454
16.27 0.00111739
16.28 0.00366644
16.29 0.00616216
16.3 0.0086043
16.31 0.0109928
16.32 0.0133278
16.33 0.0156096
16.34 0.0178385
16.35 0.0200151
16.36 0.02214
16.37 0.0242138
16.38 0.026237
16.39 0.0282106
16.4 0.0301352
16.41 0.032012
16.42 0.0338418
16.43 0.0356253
16.44 0.0373634
16.45 0.0390566
16.46 0.0407057
16.47 0.0423112
16.48 0.0438739
16.49 0.0453943
16.5 0.046873
16.51 0.0483105
16.52 0.0497074
16.53 0.0510641
16.54 0.0523814
16.55 0.0536597
16.56 0.0548996
16.57 0.0561015
16.58 0.0572655
16.59 0.058392
16.6 0.0594807
16.61 0.0605315
16.62 0.0615438
16.63 0.0625168
16.64 0.0634492
16.65 0.0643397
16.66 0.0651863
16.67 0.0659869
16.68 0.066739
16.69 0.0674398
16.7 0.0680861
16.71 0.068675
16.72 0.0692038
16.73 0.0696703
16.74 0.070073
16.75 0.0704108
16.76 0.0706831
16.77 0.0708894
16.78 0.0710295
16.79 0.0711036
16.8 0.071112
16.81 0.0710552
16.82 0.070935
16.83 0.0707553
16.84 0.0705216
16.85 0.0702404
16.86 0.069919
16.87 0.0695657
16.88 0.0691892
16.89 0.0687984
16.9 0.0684023
16.91 0.0680098
16.92 0.0676294
16.93 0.0672692
16.94 0.0669366
16.95 0.0666386
16.96 0.0663812
16.97 0.0661692
16.98 0.0660054
16.99 0.0658892
17 0.0658191
17.01 0.0657942
17.02 0.0658134
17.03 0.0658753
17.04 0.0659771
17.05 0.0661153
17.06 0.0662853
17.07 0.0664822
17.08 0.0667004
17.09 0.066934
17.1 0.0671767
17.11 0.067422
17.12 0.0676634
17.13 0.0678949
17.14 0.0681106
17.15 0.0683051
17.16 0.0684736
17.17 0.0686121
17.18 0.0687173
17.19 0.0687868
17.2 0.0688191
17.21 0.0688137
17.22 0.0687711
17.23 0.0686927
17.24 0.0685806
17.25 0.0684377
17.26 0.0682676
17.27 0.0680742
17.28 0.0678619
17.29 0.0676356
17.3 0.0674001
17.31 0.0671605
17.32 0.0669218
17.33 0.0666892
17.34 0.0664671
17.35 0.06626
17.36 0.0660711
17.37 0.0659033
17.38 0.0657583
17.39 0.0656359
17.4 0.0655334
17.41 0.0654468
17.42 0.0653722
17.43 0.0653053
17.44 0.0652423
17.45 0.0651796
17.46 0.0651141
17.47 0.0650434
17.48 0.0649656
17.49 0.0648791
17.5 0.0647827
17.51 0.0646749
17.52 0.0645545
17.53 0.0644201
17.54 0.0642701
17.55 0.0641035
17.56 0.0639189
17.57 0.0637155
17.58 0.0634927
17.59 0.0632502
17.6 0.062988
17.61 0.0627066
17.62 0.0624069
17.63 0.0620903
17.64 0.0617586
17.65 0.0614138
17.66 0.0610582
17.67 0.0606945
17.68 0.0603254
17.69 0.0599538
17.7 0.0595826
17.71 0.0592141
17.72 0.0588509
17.73 0.0584946
17.74 0.0581468
17.75 0.057809
17.76 0.0574826
17.77 0.0571696
17.78 0.0568723
17.79 0.0565933
17.8 0.0563356
17.81 0.0561025
17.82 0.0558972
17.83 0.0557228
17.84 0.0555823
17.85 0.0554788
17.86 0.0554152
17.87 0.0553941
17.88 0.0554179
17.89 0.0554881
17.9 0.0556044
17.91 0.0557649
17.92 0.0559661
17.93 0.0562034
17.94 0.0564713
17.95 0.0567634
17.96 0.0570726
17.97 0.0573912
17.98 0.0577116
17.99 0.0580258
18 0.0583262
18.01 0.0586057
18.02 0.0588576
18.03 0.059076
18.04 0.0592562
18.05 0.0593943
18.06 0.0594877
18.07 0.0595349
18.08 0.0595356
18.09 0.0594904
18.1 0.0594012
18.11 0.0592708
18.12 0.0591029
18.13 0.0589021
18.14 0.058674
18.15 0.0584247
18.16 0.058161
18.17 0.0578901
18.18 0.0576194
18.19 0.0573564
18.2 0.0571084
18.21 0.0568825
18.22 0.0566849
18.23 0.0565213
18.24 0.0563963
18.25 0.0563131
18.26 0.0562741
18.27 0.0562804
18.28 0.056332
18.29 0.0564279
18.3 0.0565659
18.31 0.0567432
18.32 0.0569559
18.33 0.0571993
18.34 0.0574682
18.35 0.0577567
18.36 0.0580581
18.37 0.0583658
18.38 0.0586727
18.39 0.058972
18.4 0.059257
18.41 0.059522
18.42 0.0597616
18.43 0.0599715
18.44 0.0601485
18.45 0.0602903
18.46 0.0603966
18.47 0.0604692
18.48 0.0605108
18.49 0.0605242
18.5 0.060512
18.51 0.0604771
18.52 0.0604225
18.53 0.0603517
18.54 0.060268
18.55 0.060175
18.56 0.0600759
18.57 0.0599742
18.58 0.059873
18.59 0.0597755
18.6 0.0596847
18.61 0.0596033
18.62 0.0595341
18.63 0.0594793
18.64 0.0594408
18.65 0.0594199
18.66 0.0594177
18.67 0.0594342
18.68 0.0594684
18.69 0.0595186
18.7 0.0595816
18.71 0.0596532
18.72 0.0597282
18.73 0.0598005
18.74 0.059864
18.75 0.0599129
18.76 0.0599416
18.77 0.0599455
18.78 0.0599206
18.79 0.0598635
18.8 0.0597717
18.81 0.0596436
18.82 0.0594784
18.83 0.0592759
18.84 0.0590371
18.85 0.0587634
18.86 0.0584573
18.87 0.0581218
18.88 0.0577607
18.89 0.0573785
18.9 0.0569804
18.91 0.0565723
18.92 0.0561609
18.93 0.0557534
18.94 0.0553575
18.95 0.0549767
18.96 0.0546082
18.97 0.0542485
18.98 0.0538956
18.99 0.0535473
19 0.0532012
19.01 0.0528547
19.02 0.0525046
19.03 0.0521478
19.04 0.0517809
19.05 0.0514009
19.06 0.0510048
19.07 0.0505905
19.08 0.0501557
19.09 0.049699
19.1 0.0492189
19.11 0.0487142
19.12 0.0481835
19.13 0.0476252
19.14 0.0470375
19.15 0.0464185
19.16 0.0457668
19.17 0.0450811
19.18 0.0443609
19.19 0.0436065
19.2 0.042819
19.21 0.0420004
19.22 0.041153
19.23 0.0402798
19.24 0.0393841
19.25 0.0384686
19.26 0.037536
19.27 0.0365878
19.28 0.0356251
19.29 0.0346487
19.3 0.0336594
19.31 0.0326584
19.32 0.031647
19.33 0.030627
19.34 0.0296006
19.35 0.0285704
19.36 0.0275393
19.37 0.0265107
19.38 0.025488
19.39 0.0244742
19.4 0.0234726
19.41 0.0224861
19.42 0.0215178
19.43 0.0205706
19.44 0.0196476
19.45 0.0187515
19.46 0.0178853
19.47 0.0170515
19.48 0.0162531
19.49 0.0154924
19.5 0.0147719
19.51 0.0140937
19.52 0.0134597
19.53 0.0128717
19.54 0.0123311
19.55 0.0118389
19.56 0.0113955
19.57 0.0110009
19.58 0.0106549
19.59 0.0103571
19.6 0.010107
19.61 0.00990407
19.62 0.0097475
19.63 0.00963646
19.64 0.00957013
19.65 0.00954762
19.66 0.009568
19.67 0.00962975
19.68 0.00973019
19.69 0.00986564
19.7 0.0100316
19.71 0.0102227
19.72 0.0104332
19.73 0.0106566
19.74 0.0108866
19.75 0.0111166
19.76 0.0113406
19.77 0.011553
19.78 0.0117489
19.79 0.0119237
19.8 0.0120735
19.81 0.0121952
19.82 0.0122862
19.83 0.0123446
19.84 0.0123692
19.85 0.0123596
19.86 0.0123158
19.87 0.0122388
19.88 0.01213
19.89 0.0119917
19.9 0.0118271
19.91 0.0116397
19.92 0.0114341
19.93 0.0112152
19.94 0.0109884
19.95 0.0107592
19.96 0.0105327
19.97 0.0103141
19.98 0.0101078
19.99 0.00991776
20 0.00974725
20.01 0.00959893
20.02 0.00947482
20.03 0.00937545
20.04 0.00929957
20.05 0.00924618
20.06 0.00921519
20.07 0.00920696
20.08 0.00922233
20.09 0.00926226
20.1 0.0093274
20.11 0.00941816
20.12 0.00953449
20.13 0.0096757
20.14 0.00984039
20.15 0.0100266
20.16 0.010232
20.17 0.0104534
20.18 0.0106874
20.19 0.0109298
20.2 0.0111762
20.21 0.0114218
20.22 0.0116618
20.23 0.0118913
20.24 0.0121061
20.25 0.0123021
20.26 0.0124759
20.27 0.0126244
20.28 0.012745
20.29 0.0128356
20.3 0.0128946
20.31 0.0129212
20.32 0.0129149
20.33 0.0128761
20.34 0.012806
20.35 0.0127063
20.36 0.0125796
20.37 0.0124293
20.38 0.0122597
20.39 0.0120759
20.4 0.0118835
20.41 0.0116888
20.42 0.0114981
20.43 0.0113182
20.44 0.0111551
20.45 0.0110148
20.46 0.0109024
20.47 0.0108221
20.48 0.0107775
20.49 0.0107712
20.5 0.0108049
20.51 0.0108794
20.52 0.0109946
20.53 0.0111492
20.54 0.0113412
20.55 0.0115677
20.56 0.0118248
20.57 0.0121079
20.58 0.0124116
20.59 0.0127295
20.6 0.0130545
20.61 0.013379
20.62 0.0136951
20.63 0.0139952
20.64 0.0142719
20.65 0.014521
20.66 0.0147432
20.67 0.0149394
20.68 0.0151098
20.69 0.0152547
20.7 0.0153744
20.71 0.0154694
20.72 0.0155402
20.73 0.0155875
20.74 0.0156117
20.75 0.0156135
20.76 0.0155935
20.77 0.0155525
20.78 0.0154925
20.79 0.0154158
20.8 0.0153256
20.81 0.0152255
20.82 0.0151199
20.83 0.0150135
20.84 0.0149112
20.85 0.0148177
20.86 0.0147373
20.87 0.0146735
20.88 0.0146292
20.89 0.0146064
20.9 0.014606
20.91 0.0146286
20.92 0.0146736
20.93 0.0147402
20.94 0.0148271
20.95 0.0149321
20.96 0.0150527
20.97 0.0151857
20.98 0.0153275
20.99 0.0154739
21 0.0156201
21.01 0.0157622
21.02 0.0158976
21.03 0.016024
21.04 0.0161393
21.05 0.0162409
21.06 0.0163267
21.07 0.0163944
21.08 0.0164419
21.09 0.0164671
21.1 0.0164679
21.11 0.0164425
21.12 0.0163897
21.13 0.0163099
21.14 0.0162043
21.15 0.0160748
21.16 0.015924
21.17 0.015755
21.18 0.0155712
21.19 0.0153767
21.2 0.0151753
21.21 0.0149712
21.22 0.0147685
21.23 0.0145714
21.24 0.0143836
21.25 0.014209
21.26 0.0140509
21.27 0.0139127
21.28 0.0137971
21.29 0.0137068
21.3 0.0136437
21.31 0.0136093
21.32 0.0136043
21.33 0.0136284
21.34 0.0136807
21.35 0.0137592
21.36 0.0138613
21.37 0.0139833
21.38 0.0141213
21.39 0.0142704
21.4 0.0144255
21.41 0.0145811
21.42 0.0147316
21.43 0.0148717
21.44 0.0149962
21.45 0.0151007
21.46 0.0151812
21.47 0.0152349
21.48 0.0152593
21.49 0.0152532
21.5 0.0152158
21.51 0.0151472
21.52 0.0150482
21.53 0.0149204
21.54 0.0147663
21.55 0.0145887
21.56 0.0143912
21.57 0.0141776
21.58 0.0139519
21.59 0.0137182
21.6 0.0134805
21.61 0.0132427
21.62 0.0130089
21.63 0.0127832
21.64 0.0125694
21.65 0.0123715
21.66 0.0121934
21.67 0.0120386
21.68 0.0119104
21.69 0.0118113
21.7 0.0117432
21.71 0.011707
21.72 0.0117031
21.73 0.0117309
21.74 0.0117894
21.75 0.0118767
21.76 0.0119909
21.77 0.0121295
21.78 0.0122895
21.79 0.0124678
21.8 0.0126609
21.81 0.0128647
21.82 0.013075
21.83 0.0132868
21.84 0.0134953
21.85 0.0136952
21.86 0.0138814
21.87 0.0140491
21.88 0.0141938
21.89 0.0143113
21.9 0.0143982
21.91 0.014452
21.92 0.0144711
21.93 0.014455
21.94 0.014404
21.95 0.0143198
21.96 0.0142045
21.97 0.014061
21.98 0.0138927
21.99 0.0137029
22 0.0134953
22.01 0.0132733
22.02 0.0130405
22.03 0.0128004
22.04 0.0125569
22.05 0.0123142
22.06 0.0120767
22.07 0.0118499
22.08 0.0116389
22.09 0.0114491
22.1 0.0112835
22.11 0.011142
22.12 0.0110246
22.13 0.0109317
22.14 0.0108639
22.15 0.0108218
22.16 0.0108055
22.17 0.0108151
22.18 0.0108503
22.19 0.0109101
22.2 0.0109927
22.21 0.0110963
22.22 0.0112184
22.23 0.0113566
22.24 0.0115081
22.25 0.0116701
22.26 0.0118395
22.27 0.0120131
22.28 0.0121878
22.29 0.01236
22.3 0.0125263
22.31 0.0126829
22.32 0.0128261
22.33 0.0129523
22.34 0.0130579
22.35 0.0131399
22.36 0.0131959
22.37 0.0132239
22.38 0.0132231
22.39 0.0131931
22.4 0.0131348
22.41 0.0130495
22.42 0.0129396
22.43 0.0128082
22.44 0.012659
22.45 0.0124962
22.46 0.0123242
22.47 0.0121483
22.48 0.0119737
22.49 0.0118057
22.5 0.0116499
22.51 0.0115115
22.52 0.0113956
22.53 0.0113068
22.54 0.0112491
22.55 0.0112258
22.56 0.0112393
22.57 0.0112912
22.58 0.0113821
22.59 0.0115118
22.6 0.0116791
22.61 0.0118818
22.62 0.012117
22.63 0.012381
22.64 0.012669
22.65 0.0129758
22.66 0.0132955
22.67 0.0136214
22.68 0.0139467
22.69 0.0142644
22.7 0.0145678
22.71 0.0148507
22.72 0.0151076
22.73 0.0153339
22.74 0.0155258
22.75 0.0156804
22.76 0.0157958
22.77 0.015872
22.78 0.0159112
22.79 0.0159154
22.8 0.0158861
22.81 0.0158251
22.82 0.0157355
22.83 0.0156209
22.84 0.0154852
22.85 0.0153326
22.86 0.0151678
22.87 0.0149955
22.88 0.0148205
22.89 0.0146474
22.9 0.0144806
22.91 0.0143239
22.92 0.0141808
22.93 0.0140542
22.94 0.0139462
22.95 0.0138584
22.96 0.0137917
22.97 0.0137461
22.98 0.0137214
22.99 0.0137169
23 0.0137318
23.01 0.0137653
23.02 0.0138167
23.03 0.0138847
23.04 0.0139683
23.05 0.014066
23.06 0.014176
23.07 0.0142964
23.08 0.0144245
23.09 0.0145573
23.1 0.0146913
23.11 0.0148232
23.12 0.0149496
23.13 0.0150671
23.14 0.0151729
23.15 0.0152645
23.16 0.0153396
23.17 0.0153966
23.18 0.0154343
23.19 0.0154521
23.2 0.01545
23.21 0.0154286
23.22 0.0153887
23.23 0.0153317
23.24 0.0152594
23.25 0.0151739
23.26 0.0150775
23.27 0.0149727
23.28 0.0148624
23.29 0.0147496
23.3 0.0146375
23.31 0.0145292
23.32 0.0144278
23.33 0.0143361
23.34 0.0142566
23.35 0.0141914
23.36 0.0141422
23.37 0.01411
23.38 0.0140952
23.39 0.0140977
23.4 0.0141168
23.41 0.0141509
23.42 0.014198
23.43 0.0142556
23.44 0.0143209
23.45 0.0143905
23.46 0.0144612
23.47 0.0145295
23.48 0.0145927
23.49 0.0146482
23.5 0.0146939
23.51 0.0147283
23.52 0.0147501
23.53 0.0147584
23.54 0.0147529
23.55 0.0147334
23.56 0.0147002
23.57 0.0146541
23.58 0.0145962
23.59 0.014528
23.6 0.0144513
23.61 0.014368
23.62 0.0142804
23.63 0.0141909
23.64 0.0141018
23.65 0.0140158
23.66 0.0139352
23.67 0.0138623
23.68 0.0137991
23.69 0.0137469
23.7 0.0137069
23.71 0.0136797
23.72 0.0136653
23.73 0.0136634
23.74 0.013673
23.75 0.0136929
23.76 0.0137212
23.77 0.0137553
23.78 0.0137925
23.79 0.0138295
23.8 0.0138628
23.81 0.0138889
23.82 0.0139047
23.83 0.0139074
23.84 0.0138946
23.85 0.0138643
23.86 0.0138151
23.87 0.0137462
23.88 0.0136571
23.89 0.0135478
23.9 0.013419
23.91 0.0132714
23.92 0.0131061
23.93 0.0129245
23.94 0.0127285
23.95 0.0125202
23.96 0.0123023
23.97 0.0120781
23.98 0.011851
23.99 0.0116253
24 0.0114055
24.01 0.0111964
24.02 0.0110027
24.03 0.010828
24.04 0.0106737
24.05 0.0105407
24.06 0.0104307
24.07 0.0103458
24.08 0.0102886
24.09 0.0102614
24.1 0.0102668
24.11 0.0103065
24.12 0.0103816
24.13 0.0104914
24.14 0.0106344
24.15 0.0108074
24.16 0.0110061
24.17 0.0112253
24.18 0.0114592
24.19 0.0117016
24.2 0.0119462
24.21 0.0121865
24.22 0.0124163
24.23 0.0126295
24.24 0.0128204
24.25 0.0129839
24.26 0.0131156
24.27 0.0132117
24.28 0.0132692
24.29 0.013286
24.3 0.0132605
24.31 0.0131922
24.32 0.0130814
24.33 0.0129299
24.34 0.0127407
24.35 0.0125181
24.36 0.012268
24.37 0.0119969
24.38 0.0117121
24.39 0.0114214
24.4 0.0111326
24.41 0.0108536
24.42 0.0105916
24.43 0.0103533
24.44 0.0101446
24.45 0.00996842
24.46 0.0098245
24.47 0.00971191
24.48 0.00963054
24.49 0.00958035
24.5 0.00956135
24.51 0.00957355
24.52 0.00961664
24.53 0.00968947
24.54 0.00979008
24.55 0.00991582
24.56 0.0100634
24.57 0.0102289
24.58 0.0104078
24.59 0.0105952
24.6 0.0107859
24.61 0.010975
24.62 0.0111574
24.63 0.0113285
24.64 0.0114838
24.65 0.0116196
24.66 0.0117331
24.67 0.0118219
24.68 0.0118848
24.69 0.0119214
24.7 0.0119321
24.71 0.011918
24.72 0.011881
24.73 0.0118236
24.74 0.0117485
24.75 0.0116591
24.76 0.0115592
24.77 0.0114527
24.78 0.0113437
24.79 0.0112359
24.8 0.011133
24.81 0.0110382
24.82 0.0109543
24.83 0.0108839
24.84 0.0108285
24.85 0.0107895
24.86 0.0107677
24.87 0.0107633
24.88 0.010776
24.89 0.0108048
24.9 0.0108484
24.91 0.0109045
24.92 0.0109707
24.93 0.0110441
24.94 0.0111215
24.95 0.0111998
24.96 0.0112758
24.97 0.0113464
24.98 0.0114085
24.99 0.0114597
25 0.0114977
