0.01 3.15159e-09
0.02 1.51147e-08
0.03 3.70614e-08
0.04 6.62881e-08
0.05 1.00057e-07
0.06 1.35656e-07
0.07 1.7046e-07
0.08 2.01959e-07
0.09 2.27779e-07
0.1 2.45716e-07
0.11 2.53784e-07
0.12 2.50246e-07
0.13 2.33593e-07
0.14 2.02513e-07
0.15 1.55889e-07
0.16 9.28734e-08
0.17 1.29386e-08
0.18 -8.4104e-08
0.19 -1.98098e-07
0.2 -3.28536e-07
0.21 -4.74567e-07
0.22 -6.35007e-07
0.23 -8.08371e-07
0.24 -9.92916e-07
0.25 -1.1867e-06
0.26 -1.3877e-06
0.27 -1.59384e-06
0.28 -1.80293e-06
0.29 -2.01241e-06
0.3 -2.21935e-06
0.31 -2.4204e-06
0.32 -2.61179e-06
0.33 -2.78925e-06
0.34 -2.94793e-06
0.35 -3.0828e-06
0.36 -3.18886e-06
0.37 -3.26143e-06
0.38 -3.29675e-06
0.39 -3.29279e-06
0.4 -3.24984e-06
0.41 -3.17086e-06
0.42 -3.06087e-06
0.43 -2.92633e-06
0.44 -2.77508e-06
0.45 -2.61605e-06
0.46 -2.45866e-06
0.47 -2.31227e-06
0.48 -2.18542e-06
0.49 -2.08553e-06
0.5 -2.01864e-06
0.51 -1.9896e-06
0.52 -2.00229e-06
0.53 -2.0591e-06
0.54 -2.1612e-06
0.55 -2.30893e-06
0.56 -2.50133e-06
0.57 -2.73635e-06
0.58 -3.01133e-06
0.59 -3.32303e-06
0.6 -3.66754e-06
0.61 -4.04038e-06
0.62 -4.43658e-06
0.63 -4.85073e-06
0.64 -5.27723e-06
0.65 -5.71041e-06
0.66 -6.14477e-06
0.67 -6.57512e-06
0.68 -6.99672e-06
0.69 -7.40532e-06
0.7 -7.797e-06
0.71 -8.16793e-06
0.72 -8.51393e-06
0.73 -8.82991e-06
0.74 -9.10927e-06
0.75 -9.34344e-06
0.76 -9.52173e-06
0.77 -9.63179e-06
0.78 -9.66103e-06
0.79 -9.59897e-06
0.8 -9.43899e-06
0.81 -9.17877e-06
0.82 -8.82004e-06
0.83 -8.36765e-06
0.84 -7.82974e-06
0.85 -7.21903e-06
0.86 -6.5519e-06
0.87 -5.84425e-06
0.88 -5.10756e-06
0.89 -4.34806e-06
0.9 -3.56881e-06
0.91 -2.77154e-06
0.92 -1.95778e-06
0.93 -1.13084e-06
0.94 -2.98423e-07
0.95 5.26314e-07
0.96 1.32433e-06
0.97 2.07184e-06
0.98 2.74552e-06
0.99 3.32801e-06
1 3.80994e-06
1.01 4.18936e-06
1.02 4.47178e-06
1.03 4.66901e-06
1.04 4.79647e-06
1.05 4.87072e-06
1.06 4.90593e-06
1.07 4.91211e-06
1.08 4.89633e-06
1.09 4.86544e-06
1.1 4.82679e-06
1.11 4.78671e-06
1.12 4.75158e-06
1.13 4.72955e-06
1.14 4.72976e-06
1.15 4.76089e-06
1.16 4.82919e-06
1.17 4.93585e-06
1.18 5.07481e-06
1.19 5.23462e-06
1.2 5.40201e-06
1.21 5.56062e-06
1.22 5.68991e-06
1.23 5.76831e-06
1.24 5.77905e-06
1.25 5.71809e-06
1.26 5.59867e-06
1.27 5.44613e-06
1.28 5.28798e-06
1.29 5.15077e-06
1.3 5.05887e-06
1.31 5.02931e-06
1.32 5.06907e-06
1.33 5.17774e-06
1.34 5.35287e-06
1.35 5.5935e-06
1.36 5.90044e-06
1.37 6.27616e-06
1.38 6.72415e-06
1.39 7.24764e-06
1.4 7.84748e-06
1.41 8.51917e-06
1.42 9.24909e-06
1.43 1.00107e-05
1.44 1.0761e-05
1.45 1.14399e-05
1.46 1.19719e-05
1.47 1.22744e-05
1.48 1.22657e-05
1.49 1.1867e-05
1.5 1.10074e-05
1.51 9.62908e-06
1.52 7.69035e-06
1.53 5.17312e-06
1.54 2.09094e-06
1.55 -1.50408e-06
1.56 -5.51998e-06
1.57 -9.83597e-06
1.58 -1.43131e-05
1.59 -1.8803e-05
1.6 -2.31624e-05
1.61 -2.72623e-05
1.62 -3.09864e-05
1.63 -3.42337e-05
1.64 -3.69201e-05
1.65 -3.89784e-05
1.66 -4.03619e-05
1.67 -4.10463e-05
1.68 -4.1028e-05
1.69 -4.0318e-05
1.7 -3.89382e-05
1.71 -3.69204e-05
1.72 -3.43057e-05
1.73 -3.1141e-05
1.74 -2.74749e-05
1.75 -2.33531e-05
1.76 -1.88223e-05
1.77 -1.39362e-05
1.78 -8.7508e-06
1.79 -3.31759e-06
1.8 2.31452e-06
1.81 8.09529e-06
1.82 1.39739e-05
1.83 1.98977e-05
1.84 2.58032e-05
1.85 3.16115e-05
1.86 3.72344e-05
1.87 4.25851e-05
1.88 4.75856e-05
1.89 5.21686e-05
1.9 5.62787e-05
1.91 5.98725e-05
1.92 6.29199e-05
1.93 6.5402e-05
1.94 6.72977e-05
1.95 6.8569e-05
1.96 6.91598e-05
1.97 6.90028e-05
1.98 6.80245e-05
1.99 6.61577e-05
2 6.33629e-05
2.01 5.96463e-05
2.02 5.50618e-05
2.03 4.97062e-05
2.04 4.37145e-05
2.05 3.72479e-05
2.06 3.04804e-05
2.07 2.35866e-05
2.08 1.67229e-05
2.09 1.00144e-05
2.1 3.5505e-06
2.11 -2.61256e-06
2.12 -8.45509e-06
2.13 -1.39985e-05
2.14 -1.92934e-05
2.15 -2.44067e-05
2.16 -2.94171e-05
2.17 -3.44078e-05
2.18 -3.94628e-05
2.19 -4.46733e-05
2.2 -5.0143e-05
2.21 -5.59807e-05
2.22 -6.22874e-05
2.23 -6.9149e-05
2.24 -7.66295e-05
2.25 -8.47755e-05
2.26 -9.36108e-05
2.27 -0.00010311
2.28 -0.000113194
2.29 -0.000123742
2.3 -0.000134602
2.31 -0.000145587
2.32 -0.000156477
2.33 -0.000167007
2.34 -0.000176868
2.35 -0.000185716
2.36 -0.000193189
2.37 -0.000198919
2.38 -0.000202551
2.39 -0.000203745
2.4 -0.000202198
2.41 -0.000197692
2.42 -0.000190109
2.43 -0.000179422
2.44 -0.000165669
2.45 -0.000148952
2.46 -0.000129431
2.47 -0.000107334
2.48 -8.29581e-05
2.49 -5.66431e-05
2.5 -2.8753e-05
2.51 3.44551e-07
2.52 3.02853e-05
2.53 6.07002e-05
2.54 9.12168e-05
2.55 0.000121471
2.56 0.000151107
2.57 0.000179754
2.58 0.000207012
2.59 0.000232454
2.6 0.00025564
2.61 0.000276135
2.62 0.000293543
2.63 0.000307525
2.64 0.000317819
2.65 0.000324243
2.66 0.000326698
2.67 0.000325161
2.68 0.000319678
2.69 0.000310347
2.7 0.000297309
2.71 0.00028076
2.72 0.000260945
2.73 0.000238157
2.74 0.000212751
2.75 0.00018514
2.76 0.000155773
2.77 0.000125126
2.78 9.37162e-05
2.79 6.21069e-05
2.8 3.08917e-05
2.81 6.80492e-07
2.82 -2.79413e-05
2.83 -5.44517e-05
2.84 -7.84057e-05
2.85 -9.94419e-05
2.86 -0.000117283
2.87 -0.000131744
2.88 -0.000142753
2.89 -0.000150339
2.9 -0.000154607
2.91 -0.00015573
2.92 -0.000153945
2.93 -0.000149539
2.94 -0.000142836
2.95 -0.000134181
2.96 -0.00012393
2.97 -0.000112413
2.98 -9.99199e-05
2.99 -8.67056e-05
3 -7.30012e-05
3.01 -5.90193e-05
3.02 -4.49729e-05
3.03 -3.10894e-05
3.04 -1.76134e-05
3.05 -4.8109e-06
3.06 7.02821e-06
3.07 1.75903e-05
3.08 2.65468e-05
3.09 3.3576e-05
3.1 3.83997e-05
3.11 4.08145e-05
3.12 4.07123e-05
3.13 3.80955e-05
3.14 3.30625e-05
3.15 2.57768e-05
3.16 1.64542e-05
3.17 5.36131e-06
3.18 -7.19287e-06
3.19 -2.08777e-05
3.2 -3.53696e-05
3.21 -5.0344e-05
3.22 -6.54437e-05
3.23 -8.02756e-05
3.24 -9.44152e-05
3.25 -0.000107422
3.26 -0.000118859
3.27 -0.000128282
3.28 -0.000135234
3.29 -0.000139281
3.3 -0.000140056
3.31 -0.000137241
3.32 -0.000130574
3.33 -0.000119897
3.34 -0.000105204
3.35 -8.66662e-05
3.36 -6.46373e-05
3.37 -3.96423e-05
3.38 -1.23499e-05
3.39 1.64427e-05
3.4 4.58338e-05
3.41 7.4851e-05
3.42 0.000102499
3.43 0.00012781
3.44 0.000149882
3.45 0.000167891
3.46 0.000181122
3.47 0.000189015
3.48 0.00019122
3.49 0.000187618
3.5 0.000178318
3.51 0.000163632
3.52 0.000144064
3.53 0.000120279
3.54 9.30648e-05
3.55 6.32599e-05
3.56 3.16859e-05
3.57 -8.73839e-07
3.58 -3.36432e-05
3.59 -6.58553e-05
3.6 -9.68015e-05
3.61 -0.000125863
3.62 -0.000152511
3.63 -0.000176312
3.64 -0.000196938
3.65 -0.000214168
3.66 -0.000227893
3.67 -0.000238128
3.68 -0.00024501
3.69 -0.000248774
3.7 -0.000249698
3.71 -0.000248079
3.72 -0.000244251
3.73 -0.000238555
3.74 -0.000231305
3.75 -0.000222797
3.76 -0.000213315
3.77 -0.00020312
3.78 -0.000192438
3.79 -0.000181471
3.8 -0.000170384
3.81 -0.000159275
3.82 -0.000148193
3.83 -0.000137157
3.84 -0.000126162
3.85 -0.000115181
3.86 -0.00010422
3.87 -9.3362e-05
3.88 -8.27846e-05
3.89 -7.27746e-05
3.9 -6.37195e-05
3.91 -5.61013e-05
3.92 -5.04864e-05
3.93 -4.74824e-05
3.94 -4.7684e-05
3.95 -5.16375e-05
3.96 -5.98115e-05
3.97 -7.25504e-05
3.98 -9.00128e-05
3.99 -0.000112135
4 -0.000138633
4.01 -0.00016902
4.02 -0.000202618
4.03 -0.000238592
4.04 -0.000275963
4.05 -0.000313623
4.06 -0.000350365
4.07 -0.000384883
4.08 -0.000415782
4.09 -0.000441616
4.1 -0.000460948
4.11 -0.000472429
4.12 -0.00047492
4.13 -0.000467589
4.14 -0.000449959
4.15 -0.000421963
4.16 -0.000384005
4.17 -0.000336958
4.18 -0.000282095
4.19 -0.000221011
4.2 -0.00015557
4.21 -8.78159e-05
4.22 -1.9855e-05
4.23 4.62704e-05
4.24 0.000108689
4.25 0.000165707
4.26 0.000215794
4.27 0.000257633
4.28 0.000290169
4.29 0.00031264
4.3 0.000324603
4.31 0.000325924
4.32 0.000316749
4.33 0.000297493
4.34 0.000268846
4.35 0.000231782
4.36 0.000187543
4.37 0.000137587
4.38 8.35426e-05
4.39 2.71385e-05
4.4 -2.98336e-05
4.41 -8.55465e-05
4.42 -0.000138183
4.43 -0.000186001
4.44 -0.000227378
4.45 -0.000260881
4.46 -0.000285352
4.47 -0.000299984
4.48 -0.00030432
4.49 -0.000298211
4.5 -0.000281733
4.51 -0.000255158
4.52 -0.000218992
4.53 -0.000174002
4.54 -0.00012119
4.55 -6.17609e-05
4.56 2.91346e-06
4.57 7.13239e-05
4.58 0.00014185
4.59 0.000212806
4.6 0.000282479
4.61 0.000349194
4.62 0.000411392
4.63 0.000467657
4.64 0.000516734
4.65 0.000557566
4.66 0.000589328
4.67 0.000611476
4.68 0.000623782
4.69 0.000626296
4.7 0.000619294
4.71 0.000603201
4.72 0.000578556
4.73 0.000546015
4.74 0.000506325
4.75 0.000460246
4.76 0.000408537
4.77 0.000351984
4.78 0.000291407
4.79 0.000227671
4.8 0.000161666
4.81 9.42476e-05
4.82 2.62268e-05
4.83 -4.15751e-05
4.84 -0.000108353
4.85 -0.000173379
4.86 -0.000235998
4.87 -0.000295559
4.88 -0.000351409
4.89 -0.000402942
4.9 -0.000449612
4.91 -0.000490904
4.92 -0.000526333
4.93 -0.000555468
4.94 -0.000577959
4.95 -0.000593555
4.96 -0.000602087
4.97 -0.000603453
4.98 -0.000597606
4.99 -0.000584553
5 -0.00056437
5.01 -0.000537235
5.02 -0.000503494
5.03 -0.000463695
5.04 -0.000418597
5.05 -0.000369147
5.06 -0.00031648
5.07 -0.000261916
5.08 -0.000206893
5.09 -0.000152886
5.1 -0.000101398
5.11 -5.39163e-05
5.12 -1.18239e-05
5.13 2.36624e-05
5.14 5.15245e-05
5.15 7.10058e-05
5.16 8.16772e-05
5.17 8.34777e-05
5.18 7.66789e-05
5.19 6.18255e-05
5.2 3.97208e-05
5.21 1.14068e-05
5.22 -2.19069e-05
5.23 -5.89351e-05
5.24 -9.83786e-05
5.25 -0.000138929
5.26 -0.000179233
5.27 -0.000217888
5.28 -0.00025349
5.29 -0.0002847
5.3 -0.000310295
5.31 -0.000329187
5.32 -0.000340485
5.33 -0.000343583
5.34 -0.000338221
5.35 -0.000324476
5.36 -0.000302777
5.37 -0.000273951
5.38 -0.000239179
5.39 -0.000199857
5.4 -0.000157494
5.41 -0.00011364
5.42 -6.98312e-05
5.43 -2.74949e-05
5.44 1.21254e-05
5.45 4.80076e-05
5.46 7.93583e-05
5.47 0.00010558
5.48 0.000126223
5.49 0.000140977
5.5 0.000149707
5.51 0.000152478
5.52 0.000149502
5.53 0.000141087
5.54 0.000127634
5.55 0.000109664
5.56 8.77928e-05
5.57 6.26532e-05
5.58 3.48302e-05
5.59 4.87228e-06
5.6 -2.66672e-05
5.61 -5.91976e-05
5.62 -9.20859e-05
5.63 -0.00012468
5.64 -0.000156303
5.65 -0.000186292
5.66 -0.000214023
5.67 -0.000238891
5.68 -0.000260287
5.69 -0.000277598
5.7 -0.000290203
5.71 -0.00029748
5.72 -0.000298808
5.73 -0.000293616
5.74 -0.000281426
5.75 -0.000261851
5.76 -0.000234628
5.77 -0.000199682
5.78 -0.00015716
5.79 -0.000107473
5.8 -5.13156e-05
5.81 1.03302e-05
5.82 7.61881e-05
5.83 0.00014469
5.84 0.000214028
5.85 0.000282245
5.86 0.000347311
5.87 0.000407187
5.88 0.000459889
5.89 0.000503562
5.9 0.000536542
5.91 0.000557438
5.92 0.000565195
5.93 0.000559097
5.94 0.000538793
5.95 0.000504333
5.96 0.000456218
5.97 0.000395458
5.98 0.000323533
5.99 0.000242314
6 0.000154009
6.01 6.1067e-05
6.02 -3.39478e-05
6.03 -0.000128439
6.04 -0.000219819
6.05 -0.000305577
6.06 -0.000383366
6.07 -0.000451123
6.08 -0.000507148
6.09 -0.000550123
6.1 -0.000579082
6.11 -0.000593405
6.12 -0.000592848
6.13 -0.000577529
6.14 -0.000547866
6.15 -0.000504495
6.16 -0.000448212
6.17 -0.00037989
6.18 -0.000300385
6.19 -0.000210514
6.2 -0.00011113
6.21 -3.16452e-06
6.22 0.000112403
6.23 0.000234555
6.24 0.000362183
6.25 0.00049407
6.26 0.000628937
6.27 0.000765464
6.28 0.000902309
6.29 0.00103817
6.3 0.00117183
6.31 0.00130213
6.32 0.00142809
6.33 0.00154882
6.34 0.0016636
6.35 0.00177181
6.36 0.00187291
6.37 0.00196628
6.38 0.00205115
6.39 0.00212656
6.4 0.0021915
6.41 0.00224496
6.42 0.00228604
6.43 0.00231408
6.44 0.00232872
6.45 0.00233001
6.46 0.00231847
6.47 0.00229501
6.48 0.00226076
6.49 0.00221699
6.5 0.00216487
6.51 0.00210536
6.52 0.00203908
6.53 0.00196638
6.54 0.00188726
6.55 0.0018014
6.56 0.00170811
6.57 0.00160655
6.58 0.00149582
6.59 0.00137513
6.6 0.00124399
6.61 0.00110237
6.62 0.000950738
6.63 0.00079006
6.64 0.000621766
6.65 0.000447594
6.66 0.000269411
6.67 8.91055e-05
6.68 -9.14532e-05
6.69 -0.000270437
6.7 -0.000446088
6.71 -0.000616717
6.72 -0.000780702
6.73 -0.000936524
6.74 -0.00108276
6.75 -0.00121804
6.76 -0.00134103
6.77 -0.00145042
6.78 -0.00154502
6.79 -0.00162369
6.8 -0.00168543
6.81 -0.00172943
6.82 -0.00175519
6.83 -0.00176258
6.84 -0.00175182
6.85 -0.00172356
6.86 -0.00167885
6.87 -0.00161911
6.88 -0.0015461
6.89 -0.00146181
6.9 -0.00136828
6.91 -0.00126753
6.92 -0.0011614
6.93 -0.00105152
6.94 -0.000939233
6.95 -0.00082561
6.96 -0.000711522
6.97 -0.00059777
6.98 -0.00048525
6.99 -0.000375073
7 -0.000268604
7.01 -0.000167485
7.02 -7.35878e-05
7.03 1.1181e-05
7.04 8.50657e-05
7.05 0.000146623
7.06 0.000194892
7.07 0.000229504
7.08 0.000250688
7.09 0.000259231
7.1 0.000256387
7.11 0.000243761
7.12 0.000223147
7.13 0.000196282
7.14 0.000164618
7.15 0.000129232
7.16 9.08262e-05
7.17 4.9785e-05
7.18 6.257e-06
7.19 -3.97315e-05
7.2 -8.81757e-05
7.21 -0.000138984
7.22 -0.000191845
7.23 -0.000246129
7.24 -0.000300875
7.25 -0.000354822
7.26 -0.000406476
7.27 -0.000454267
7.28 -0.000496735
7.29 -0.000532665
7.3 -0.000561191
7.31 -0.000581868
7.32 -0.000594704
7.33 -0.000600105
7.34 -0.000598721
7.35 -0.000591305
7.36 -0.00057858
7.37 -0.000561091
7.38 -0.000539116
7.39 -0.000512643
7.4 -0.00048141
7.41 -0.000444992
7.42 -0.00040292
7.43 -0.000354857
7.44 -0.000300777
7.45 -0.000241037
7.46 -0.000176412
7.47 -0.000108107
7.48 -3.77372e-05
7.49 3.27056e-05
7.5 0.000100888
7.51 0.00016423
7.52 0.000220042
7.53 0.000265697
7.54 0.000298784
7.55 0.000317211
7.56 0.000319208
7.57 0.000303283
7.58 0.00026824
7.59 0.000213203
7.6 0.000137596
7.61 4.12149e-05
7.62 -7.56044e-05
7.63 -0.000211828
7.64 -0.00036567
7.65 -0.000534659
7.66 -0.000715637
7.67 -0.000904723
7.68 -0.00109735
7.69 -0.0012884
7.7 -0.00147231
7.71 -0.00164334
7.72 -0.00179595
7.73 -0.00192524
7.74 -0.00202711
7.75 -0.00209844
7.76 -0.0021371
7.77 -0.00214188
7.78 -0.00211244
7.79 -0.00204923
7.8 -0.00195355
7.81 -0.00182745
7.82 -0.00167364
7.83 -0.00149543
7.84 -0.0012967
7.85 -0.00108175
7.86 -0.000855171
7.87 -0.000621749
7.88 -0.000386316
7.89 -0.000153576
7.9 7.20384e-05
7.91 0.000286451
7.92 0.000486042
7.93 0.000667742
7.94 0.000829073
7.95 0.000968147
7.96 0.00108366
7.97 0.00117487
7.98 0.00124162
7.99 0.00128424
8 0.00130348
8.01 0.00130036
8.02 0.00127611
8.03 0.00123216
8.04 0.00117001
8.05 0.00109113
8.06 0.000996983
8.07 0.000888962
8.08 0.000768501
8.09 0.000637147
8.1 0.000496643
8.11 0.000349044
8.12 0.000196834
8.13 4.29169e-05
8.14 -0.000109489
8.15 -0.000256928
8.16 -0.000395787
8.17 -0.000522422
8.18 -0.000633309
8.19 -0.000725196
8.2 -0.000795198
8.21 -0.000840912
8.22 -0.000860533
8.23 -0.000852864
8.24 -0.00081728
8.25 -0.000753767
8.26 -0.000662972
8.27 -0.000546189
8.28 -0.000405328
8.29 -0.000242927
8.3 -6.21694e-05
8.31 0.000133085
8.32 0.000338263
8.33 0.000548136
8.34 0.000756974
8.35 0.000958751
8.36 0.0011474
8.37 0.00131715
8.38 0.00146279
8.39 0.00157998
8.4 0.0016654
8.41 0.00171688
8.42 0.00173331
8.43 0.00171456
8.44 0.00166147
8.45 0.00157583
8.46 0.00146028
8.47 0.00131833
8.48 0.00115412
8.49 0.000972346
8.5 0.000777984
8.51 0.000576188
8.52 0.000372049
8.53 0.000170357
8.54 -2.46032e-05
8.55 -0.000209155
8.56 -0.000380223
8.57 -0.000535257
8.58 -0.000672188
8.59 -0.000789388
8.6 -0.000885616
8.61 -0.000959956
8.62 -0.00101172
8.63 -0.00104037
8.64 -0.00104542
8.65 -0.00102649
8.66 -0.000983262
8.67 -0.000915547
8.68 -0.000823374
8.69 -0.00070708
8.7 -0.000567393
8.71 -0.000405409
8.72 -0.000222635
8.73 -2.10892e-05
8.74 0.000196721
8.75 0.000427854
8.76 0.000668913
8.77 0.000916022
8.78 0.0011649
8.79 0.001411
8.8 0.00164955
8.81 0.0018757
8.82 0.00208457
8.83 0.00227156
8.84 0.0024325
8.85 0.00256382
8.86 0.00266264
8.87 0.00272675
8.88 0.00275467
8.89 0.00274569
8.9 0.00269998
8.91 0.00261855
8.92 0.00250315
8.93 0.00235619
8.94 0.00218061
8.95 0.00197972
8.96 0.00175711
8.97 0.00151658
8.98 0.00126208
8.99 0.000997608
9 0.000727032
9.01 0.000454007
9.02 0.000181905
9.03 -8.62494e-05
9.04 -0.00034777
9.05 -0.000600199
9.06 -0.000841206
9.07 -0.00106854
9.08 -0.00128001
9.09 -0.00147357
9.1 -0.00164733
9.11 -0.0017997
9.12 -0.00192945
9.13 -0.00203566
9.14 -0.00211779
9.15 -0.00217564
9.16 -0.00220928
9.17 -0.0022189
9.18 -0.00220469
9.19 -0.00216679
9.2 -0.00210528
9.21 -0.00202006
9.22 -0.00191088
9.23 -0.00177736
9.24 -0.00161923
9.25 -0.00143646
9.26 -0.00122963
9.27 -0.000999955
9.28 -0.000749453
9.29 -0.000480963
9.3 -0.000198048
9.31 9.5292e-05
9.32 0.000394821
9.33 0.00069615
9.34 0.000994834
9.35 0.00128647
9.36 0.0015668
9.37 0.0018317
9.38 0.00207734
9.39 0.00230019
9.4 0.00249701
9.41 0.00266479
9.42 0.00280073
9.43 0.00290225
9.44 0.00296689
9.45 0.00299237
9.46 0.00297668
9.47 0.0029183
9.48 0.00281636
9.49 0.00267077
9.5 0.00248245
9.51 0.0022533
9.52 0.00198626
9.53 0.00168517
9.54 0.00135465
9.55 0.000999817
9.56 0.000626105
9.57 0.000239086
9.58 -0.000155739
9.59 -0.000553071
9.6 -0.000947853
9.61 -0.00133523
9.62 -0.00171052
9.63 -0.00206915
9.64 -0.00240659
9.65 -0.00271837
9.66 -0.0030001
9.67 -0.00324762
9.68 -0.00345698
9.69 -0.00362462
9.7 -0.00374747
9.71 -0.00382317
9.72 -0.00385017
9.73 -0.00382782
9.74 -0.00375641
9.75 -0.00363727
9.76 -0.00347276
9.77 -0.00326614
9.78 -0.00302151
9.79 -0.00274373
9.8 -0.00243831
9.81 -0.00211135
9.82 -0.00176937
9.83 -0.0014192
9.84 -0.00106783
9.85 -0.000722288
9.86 -0.000389464
9.87 -7.58557e-05
9.88 0.000212571
9.89 0.000470467
9.9 0.000693188
9.91 0.000876972
9.92 0.00101904
9.93 0.00111758
9.94 0.00117178
9.95 0.00118183
9.96 0.00114879
9.97 0.00107442
9.98 0.000961
9.99 0.0008112
10 0.000628027
10.01 0.000414767
10.02 0.000174895
10.03 -8.79894e-05
10.04 -0.000370112
10.05 -0.000667428
10.06 -0.000975559
10.07 -0.00128982
10.08 -0.00160528
10.09 -0.00191688
10.1 -0.00221952
10.11 -0.00250815
10.12 -0.00277799
10.13 -0.00302472
10.14 -0.00324458
10.15 -0.00343443
10.16 -0.00359174
10.17 -0.00371462
10.18 -0.00380168
10.19 -0.003852
10.2 -0.00386506
10.21 -0.00384077
10.22 -0.00377952
10.23 -0.00368222
10.24 -0.00355025
10.25 -0.00338551
10.26 -0.00319044
10.27 -0.00296801
10.28 -0.00272168
10.29 -0.00245525
10.3 -0.00217286
10.31 -0.00187882
10.32 -0.00157753
10.33 -0.00127332
10.34 -0.000970478
10.35 -0.000673231
10.36 -0.000385675
10.37 -0.000111694
10.38 0.000145088
10.39 0.000381374
10.4 0.000594275
10.41 0.00078138
10.42 0.000940871
10.43 0.00107158
10.44 0.00117303
10.45 0.00124539
10.46 0.00128951
10.47 0.00130669
10.48 0.00129861
10.49 0.00126715
10.5 0.00121426
10.51 0.00114188
10.52 0.00105189
10.53 0.000946165
10.54 0.000826543
10.55 0.000694931
10.56 0.000553336
10.57 0.000403842
10.58 0.00024858
10.59 8.97293e-05
10.6 -7.0486e-05
10.61 -0.000229874
10.62 -0.000386344
10.63 -0.000537949
10.64 -0.00068294
10.65 -0.000819815
10.66 -0.000947313
10.67 -0.0010644
10.68 -0.00117025
10.69 -0.0012641
10.7 -0.00134528
10.71 -0.00141307
10.72 -0.00146685
10.73 -0.0015061
10.74 -0.00153038
10.75 -0.00153944
10.76 -0.00153322
10.77 -0.00151179
10.78 -0.00147536
10.79 -0.00142429
10.8 -0.00135907
10.81 -0.00128039
10.82 -0.00118908
10.83 -0.00108608
10.84 -0.000972457
10.85 -0.000849462
10.86 -0.000718511
10.87 -0.000581251
10.88 -0.00043951
10.89 -0.000295225
10.9 -0.000150407
10.91 -7.08912e-06
10.92 0.000132796
10.93 0.000267541
10.94 0.000395758
10.95 0.000516419
10.96 0.000628852
10.97 0.000732711
10.98 0.00082792
10.99 0.00091458
11 0.000992856
11.01 0.00106293
11.02 0.001125
11.03 0.00117919
11.04 0.00122556
11.05 0.0012641
11.06 0.00129481
11.07 0.00131774
11.08 0.00133295
11.09 0.00134054
11.1 0.00134067
11.11 0.00133365
11.12 0.00131998
11.13 0.00130031
11.14 0.00127543
11.15 0.00124619
11.16 0.00121354
11.17 0.00117861
11.18 0.00114275
11.19 0.00110752
11.2 0.00107466
11.21 0.00104604
11.22 0.00102361
11.23 0.00100928
11.24 0.00100471
11.25 0.00101105
11.26 0.00102884
11.27 0.00105793
11.28 0.00109766
11.29 0.00114688
11.3 0.0012042
11.31 0.00126804
11.32 0.00133671
11.33 0.00140857
11.34 0.0014821
11.35 0.00155612
11.36 0.00162982
11.37 0.00170269
11.38 0.00177438
11.39 0.00184461
11.4 0.00191305
11.41 0.00197935
11.42 0.00204294
11.43 0.00210306
11.44 0.00215874
11.45 0.0022089
11.46 0.00225244
11.47 0.00228841
11.48 0.0023161
11.49 0.00233523
11.5 0.00234599
11.51 0.0023491
11.52 0.00234567
11.53 0.00233713
11.54 0.00232512
11.55 0.00231129
11.56 0.0022972
11.57 0.00228412
11.58 0.00227301
11.59 0.00226453
11.6 0.0022592
11.61 0.00225746
11.62 0.00225973
11.63 0.00226634
11.64 0.00227759
11.65 0.00229371
11.66 0.00231479
11.67 0.00234086
11.68 0.00237186
11.69 0.00240752
11.7 0.00244735
11.71 0.00249058
11.72 0.00253612
11.73 0.00258256
11.74 0.00262821
11.75 0.00267104
11.76 0.00270873
11.77 0.00273858
11.78 0.00275752
11.79 0.00276226
11.8 0.00274956
11.81 0.00271651
11.82 0.00266078
11.83 0.00258075
11.84 0.00247549
11.85 0.00234485
11.86 0.00218931
11.87 0.00200983
11.88 0.00180783
11.89 0.00158511
11.9 0.00134389
11.91 0.00108672
11.92 0.000816486
11.93 0.000536324
11.94 0.000249567
11.95 -4.03167e-05
11.96 -0.000329804
11.97 -0.000615371
11.98 -0.000893468
11.99 -0.00116049
12 -0.00141284
12.01 -0.00164701
12.02 -0.00185961
12.03 -0.00204735
12.04 -0.00220707
12.05 -0.00233585
12.06 -0.00243115
12.07 -0.00249091
12.08 -0.00251371
12.09 -0.00249895
12.1 -0.00244688
12.11 -0.00235861
12.12 -0.00223605
12.13 -0.00208195
12.14 -0.00189988
12.15 -0.00169417
12.16 -0.00146969
12.17 -0.00123174
12.18 -0.000985808
12.19 -0.000737441
12.2 -0.000492205
12.21 -0.000255511
12.22 -3.24257e-05
12.23 0.000172381
12.24 0.000354611
12.25 0.000510441
12.26 0.000636678
12.27 0.000730813
12.28 0.000791005
12.29 0.000816124
12.3 0.000805751
12.31 0.000760173
12.32 0.000680451
12.33 0.00056845
12.34 0.000426772
12.35 0.000258648
12.36 6.78633e-05
12.37 -0.000141249
12.38 -0.000363868
12.39 -0.00059484
12.4 -0.000828807
12.41 -0.00106032
12.42 -0.0012841
12.43 -0.00149518
12.44 -0.00168895
12.45 -0.0018611
12.46 -0.00200781
12.47 -0.00212567
12.48 -0.00221151
12.49 -0.00226232
12.5 -0.00227519
12.51 -0.00224737
12.52 -0.00217636
12.53 -0.00206004
12.54 -0.00189689
12.55 -0.00168623
12.56 -0.00142835
12.57 -0.00112454
12.58 -0.000777065
12.59 -0.000389024
12.6 3.584e-05
12.61 0.0004932
12.62 0.000978128
12.63 0.00148504
12.64 0.00200776
12.65 0.00253968
12.66 0.00307392
12.67 0.00360327
12.68 0.00412026
12.69 0.00461725
12.7 0.00508655
12.71 0.00552336
12.72 0.00592752
12.73 0.00629948
12.74 0.00663855
12.75 0.00694399
12.76 0.00721516
12.77 0.00745148
12.78 0.00765248
12.79 0.00781775
12.8 0.00794695
12.81 0.00803973
12.82 0.00809564
12.83 0.00811413
12.84 0.00809457
12.85 0.00803669
12.86 0.00794094
12.87 0.00780847
12.88 0.00764115
12.89 0.0074416
12.9 0.00721322
12.91 0.00695994
12.92 0.00668612
12.93 0.00639635
12.94 0.00609534
12.95 0.00578781
12.96 0.0054784
12.97 0.00517159
12.98 0.00487171
12.99 0.00458287
13 0.00430893
13.01 0.00405355
13.02 0.00382019
13.03 0.00361214
13.04 0.00343242
13.05 0.0032836
13.06 0.00316772
13.07 0.00308611
13.08 0.00303938
13.09 0.00302731
13.1 0.00304887
13.11 0.00310226
13.12 0.00318498
13.13 0.00329408
13.14 0.00342624
13.15 0.00357798
13.16 0.00374573
13.17 0.00392598
13.18 0.00411528
13.19 0.00431028
13.2 0.0045077
13.21 0.00470431
13.22 0.00489691
13.23 0.00508241
13.24 0.0052578
13.25 0.00542021
13.26 0.00556695
13.27 0.00569548
13.28 0.00580348
13.29 0.00588886
13.3 0.00594982
13.31 0.00598479
13.32 0.00599242
13.33 0.0059716
13.34 0.00592158
13.35 0.00584196
13.36 0.00573287
13.37 0.00559501
13.38 0.00542965
13.39 0.00523864
13.4 0.00502436
13.41 0.00478973
13.42 0.00453819
13.43 0.00427361
13.44 0.00400028
13.45 0.00372281
13.46 0.00344604
13.47 0.00317496
13.48 0.00291461
13.49 0.00266989
13.5 0.00244554
13.51 0.002246
13.52 0.00207532
13.53 0.00193714
13.54 0.00183465
13.55 0.00177056
13.56 0.00174701
13.57 0.00176551
13.58 0.00182677
13.59 0.00193065
13.6 0.00207613
13.61 0.00226139
13.62 0.00248393
13.63 0.0027407
13.64 0.0030281
13.65 0.00334206
13.66 0.00367814
13.67 0.00403164
13.68 0.00439762
13.69 0.00477083
13.7 0.00514582
13.71 0.005517
13.72 0.00587874
13.73 0.00622546
13.74 0.00655165
13.75 0.0068519
13.76 0.00712097
13.77 0.00735383
13.78 0.00754567
13.79 0.00769199
13.8 0.0077886
13.81 0.00783166
13.82 0.00781778
13.83 0.0077443
13.84 0.00760982
13.85 0.00741456
13.86 0.0071604
13.87 0.00685066
13.88 0.00648968
13.89 0.00608255
13.9 0.00563495
13.91 0.00515317
13.92 0.00464398
13.93 0.00411447
13.94 0.00357192
13.95 0.0030237
13.96 0.00247721
13.97 0.00193976
13.98 0.00141847
13.99 0.000920095
14 0.000450891
14.01 1.65169e-05
14.02 -0.000378011
14.03 -0.000728336
14.04 -0.00103079
14.05 -0.00128244
14.06 -0.00148121
14.07 -0.00162597
14.08 -0.00171737
14.09 -0.00175796
14.1 -0.00175069
14.11 -0.0016986
14.12 -0.00160561
14.13 -0.0014765
14.14 -0.00131692
14.15 -0.00113322
14.16 -0.000932358
14.17 -0.000721637
14.18 -0.000508429
14.19 -0.00029999
14.2 -0.000103366
14.21 7.46847e-05
14.22 0.000227769
14.23 0.000349918
14.24 0.000435641
14.25 0.000479959
14.26 0.000478496
14.27 0.000427617
14.28 0.00032457
14.29 0.000167592
14.3 -4.39788e-05
14.31 -0.00030962
14.32 -0.000627583
14.33 -0.000994925
14.34 -0.00140766
14.35 -0.00186102
14.36 -0.00235197
14.37 -0.00288149
14.38 -0.00345215
14.39 -0.00406624
14.4 -0.00472614
14.41 -0.00543421
14.42 -0.00619281
14.43 -0.00700409
14.44 -0.00786997
14.45 -0.00879189
14.46 -0.0097707
14.47 -0.0108068
14.48 -0.0119002
14.49 -0.0130507
14.5 -0.014258
14.51 -0.0155217
14.52 -0.0168416
14.53 -0.0182175
14.54 -0.0196494
14.55 -0.0211374
14.56 -0.0226815
14.57 -0.0242819
14.58 -0.0259388
14.59 -0.0276522
14.6 -0.0294222
14.61 -0.0312484
14.62 -0.03313
14.63 -0.0350658
14.64 -0.0370536
14.65 -0.0390904
14.66 -0.0411724
14.67 -0.0432953
14.68 -0.0454544
14.69 -0.0476449
14.7 -0.0498628
14.71 -0.0521041
14.72 -0.0543647
14.73 -0.0566401
14.74 -0.0589245
14.75 -0.0612115
14.76 -0.0634941
14.77 -0.0657651
14.78 -0.0680178
14.79 -0.0702454
14.8 -0.0724413
14.81 -0.0745988
14.82 -0.0767115
14.83 -0.0787727
14.84 -0.0807764
14.85 -0.0827165
14.86 -0.0845869
14.87 -0.0863817
14.88 -0.0880953
14.89 -0.0897218
14.9 -0.0912551
14.91 -0.0926895
14.92 -0.0940188
14.93 -0.0952371
14.94 -0.0963384
14.95 -0.097317
14.96 -0.098167
14.97 -0.0988831
14.98 -0.0994607
14.99 -0.0998959
15 -0.100187
15.01 -0.100332
15.02 -0.100332
15.03 -0.10019
15.04 -0.0999096
15.05 -0.0994999
15.06 -0.098972
15.07 -0.0983392
15.08 -0.097617
15.09 -0.096822
15.1 -0.0959715
15.11 -0.095084
15.12 -0.0941779
15.13 -0.093272
15.14 -0.0923851
15.15 -0.091535
15.16 -0.0907389
15.17 -0.0900122
15.18 -0.0893635
15.19 -0.0887924
15.2 -0.0882976
15.21 -0.0878806
15.22 -0.087543
15.23 -0.0872866
15.24 -0.0871132
15.25 -0.0870251
15.26 -0.0870248
15.27 -0.0871154
15.28 -0.0872991
15.29 -0.0875762
15.3 -0.0879452
15.31 -0.0884029
15.32 -0.0889441
15.33 -0.089562
15.34 -0.0902481
15.35 -0.0909931
15.36 -0.091787
15.37 -0.0926193
15.38 -0.0934792
15.39 -0.0943554
15.4 -0.0952365
15.41 -0.0961107
15.42 -0.096966
15.43 -0.097795
15.44 -0.0985977
15.45 -0.0993756
15.46 -0.100129
15.47 -0.100857
15.48 -0.101558
15.49 -0.102231
15.5 -0.102873
15.51 -0.103479
15.52 -0.104045
15.53 -0.104566
15.54 -0.105038
15.55 -0.105455
15.56 -0.105813
15.57 -0.106107
15.58 -0.106332
15.59 -0.106484
15.6 -0.106558
15.61 -0.10655
15.62 -0.106456
15.63 -0.106273
15.64 -0.105999
15.65 -0.105634
15.66 -0.10518
15.67 -0.104638
15.68 -0.104014
15.69 -0.103312
15.7 -0.102538
15.71 -0.101701
15.72 -0.100809
15.73 -0.0998702
15.74 -0.098895
15.75 -0.0978933
15.76 -0.0968752
15.77 -0.095847
15.78 -0.0948068
15.79 -0.0937491
15.8 -0.0926688
15.81 -0.0915609
15.82 -0.0904209
15.83 -0.0892446
15.84 -0.0880284
15.85 -0.0867689
15.86 -0.0854632
15.87 -0.0841086
15.88 -0.0827026
15.89 -0.081243
15.9 -0.0797277
15.91 -0.0781552
15.92 -0.076524
15.93 -0.0748323
15.94 -0.0730788
15.95 -0.0712621
15.96 -0.0693811
15.97 -0.0674351
15.98 -0.065424
15.99 -0.063348
16 -0.0612077
16.01 -0.0590045
16.02 -0.0567406
16.03 -0.0544187
16.04 -0.0520429
16.05 -0.0496177
16.06 -0.0471487
16.07 -0.0446414
16.08 -0.0421015
16.09 -0.0395346
16.1 -0.0369461
16.11 -0.0343413
16.12 -0.0317253
16.13 -0.0291035
16.14 -0.0264812
16.15 -0.0238635
16.16 -0.021256
16.17 -0.018664
16.18 -0.0160929
16.19 -0.0135483
16.2 -0.0110354
16.21 -0.00855928
16.22 -0.0061248
16.23 -0.00373616
16.24 -0.00139689
16.25 0.000890266
16.26 0.00312347
16.27 0.00530164
16.28 0.0074242
16.29 0.00949083
16.3 0.0115014
16.31 0.0134561
16.32 0.0153552
16.33 0.017199
16.34 0.018988
16.35 0.020723
16.36 0.0224047
16.37 0.0240337
16.38 0.0256107
16.39 0.0271368
16.4 0.0286128
16.41 0.0300398
16.42 0.0314189
16.43 0.0327508
16.44 0.0340364
16.45 0.0352765
16.46 0.0364719
16.47 0.0376232
16.48 0.0387312
16.49 0.0397966
16.5 0.04082
16.51 0.041802
16.52 0.0427432
16.53 0.0436443
16.54 0.0445059
16.55 0.0453286
16.56 0.0461131
16.57 0.0468597
16.58 0.0475689
16.59 0.0482406
16.6 0.0488751
16.61 0.049472
16.62 0.0500308
16.63 0.0505508
16.64 0.0510308
16.65 0.0514693
16.66 0.0518645
16.67 0.0522142
16.68 0.0525159
16.69 0.0527668
16.7 0.0529637
16.71 0.0531036
16.72 0.0531837
16.73 0.0532018
16.74 0.0531562
16.75 0.0530465
16.76 0.0528736
16.77 0.0526399
16.78 0.0523486
16.79 0.0520042
16.8 0.0516119
16.81 0.051178
16.82 0.0507096
16.83 0.050214
16.84 0.0496991
16.85 0.0491732
16.86 0.0486444
16.87 0.0481209
16.88 0.0476103
16.89 0.0471199
16.9 0.0466565
16.91 0.0462259
16.92 0.0458336
16.93 0.0454842
16.94 0.0451817
16.95 0.0449294
16.96 0.04473
16.97 0.0445853
16.98 0.0444962
16.99 0.044463
17 0.0444852
17.01 0.0445613
17.02 0.0446893
17.03 0.0448662
17.04 0.0450882
17.05 0.0453507
17.06 0.0456488
17.07 0.0459769
17.08 0.0463292
17.09 0.0466995
17.1 0.0470815
17.11 0.0474687
17.12 0.0478545
17.13 0.0482325
17.14 0.0485965
17.15 0.0489408
17.16 0.0492597
17.17 0.0495482
17.18 0.0498019
17.19 0.0500168
17.2 0.0501897
17.21 0.0503182
17.22 0.0504006
17.23 0.0504358
17.24 0.0504237
17.25 0.0503645
17.26 0.0502596
17.27 0.0501104
17.28 0.0499192
17.29 0.0496888
17.3 0.0494225
17.31 0.0491241
17.32 0.0487978
17.33 0.0484483
17.34 0.0480804
17.35 0.0476991
17.36 0.0473092
17.37 0.0469153
17.38 0.0465215
17.39 0.0461316
17.4 0.0457487
17.41 0.0453755
17.42 0.0450138
17.43 0.0446652
17.44 0.044331
17.45 0.0440129
17.46 0.0437126
17.47 0.043432
17.48 0.0431718
17.49 0.0429301
17.5 0.0427048
17.51 0.0424942
17.52 0.0422966
17.53 0.0421102
17.54 0.0419332
17.55 0.041764
17.56 0.0416011
17.57 0.0414432
17.58 0.0412893
17.59 0.0411387
17.6 0.040991
17.61 0.0408464
17.62 0.0407054
17.63 0.0405689
17.64 0.0404384
17.65 0.0403156
17.66 0.0402025
17.67 0.0401012
17.68 0.0400142
17.69 0.0399441
17.7 0.0398933
17.71 0.0398641
17.72 0.0398585
17.73 0.0398779
17.74 0.0399234
17.75 0.0399954
17.76 0.0400939
17.77 0.040219
17.78 0.0403708
17.79 0.0405495
17.8 0.0407553
17.81 0.0409879
17.82 0.041247
17.83 0.0415317
17.84 0.0418407
17.85 0.0421725
17.86 0.0425248
17.87 0.0428952
17.88 0.0432809
17.89 0.0436783
17.9 0.0440833
17.91 0.0444912
17.92 0.0448968
17.93 0.0452948
17.94 0.0456798
17.95 0.0460464
17.96 0.0463897
17.97 0.0467047
17.98 0.0469869
17.99 0.0472324
18 0.0474377
18.01 0.0476
18.02 0.047717
18.03 0.0477876
18.04 0.0478109
18.05 0.0477873
18.06 0.0477178
18.07 0.0476041
18.08 0.0474487
18.09 0.0472545
18.1 0.0470251
18.11 0.0467643
18.12 0.0464766
18.13 0.0461667
18.14 0.04584
18.15 0.0455019
18.16 0.0451583
18.17 0.0448151
18.18 0.0444784
18.19 0.0441543
18.2 0.0438488
18.21 0.0435676
18.22 0.043316
18.23 0.0430988
18.24 0.04292
18.25 0.042783
18.26 0.0426902
18.27 0.0426434
18.28 0.0426437
18.29 0.0426913
18.3 0.0427859
18.31 0.0429264
18.32 0.0431113
18.33 0.0433381
18.34 0.0436038
18.35 0.043905
18.36 0.0442371
18.37 0.0445955
18.38 0.0449746
18.39 0.045369
18.4 0.045773
18.41 0.0461808
18.42 0.046587
18.43 0.0469863
18.44 0.047374
18.45 0.0477457
18.46 0.0480977
18.47 0.0484268
18.48 0.0487304
18.49 0.0490062
18.5 0.0492526
18.51 0.0494681
18.52 0.0496517
18.53 0.0498036
18.54 0.0499263
18.55 0.0500219
18.56 0.0500918
18.57 0.0501369
18.58 0.0501585
18.59 0.0501573
18.6 0.0501346
18.61 0.0500916
18.62 0.0500301
18.63 0.049952
18.64 0.0498596
18.65 0.0497552
18.66 0.0496413
18.67 0.04952
18.68 0.0493933
18.69 0.0492622
18.7 0.0491274
18.71 0.0489884
18.72 0.0488441
18.73 0.0486928
18.74 0.0485323
18.75 0.0483609
18.76 0.0481768
18.77 0.0479787
18.78 0.0477657
18.79 0.0475368
18.8 0.0472913
18.81 0.047029
18.82 0.0467495
18.83 0.0464528
18.84 0.046139
18.85 0.0458084
18.86 0.0454616
18.87 0.0450993
18.88 0.0447225
18.89 0.0443325
18.9 0.0439312
18.91 0.0435209
18.92 0.0431048
18.93 0.0426866
18.94 0.0422705
18.95 0.0418613
18.96 0.0414635
18.97 0.0410812
18.98 0.0407186
18.99 0.0403787
19 0.0400626
19.01 0.0397674
19.02 0.0394891
19.03 0.0392243
19.04 0.0389693
19.05 0.0387206
19.06 0.0384752
19.07 0.0382303
19.08 0.0379835
19.09 0.0377328
19.1 0.0374765
19.11 0.037213
19.12 0.0369405
19.13 0.036657
19.14 0.0363602
19.15 0.0360481
19.16 0.0357187
19.17 0.0353703
19.18 0.035002
19.19 0.0346137
19.2 0.0342062
19.21 0.0337808
19.22 0.0333398
19.23 0.0328856
19.24 0.032421
19.25 0.0319487
19.26 0.0314706
19.27 0.0309882
19.28 0.0305021
19.29 0.0300128
19.3 0.0295208
19.31 0.0290268
19.32 0.028532
19.33 0.0280378
19.34 0.027546
19.35 0.0270589
19.36 0.0265793
19.37 0.0261102
19.38 0.0256546
19.39 0.0252156
19.4 0.0247959
19.41 0.0243983
19.42 0.0240258
19.43 0.023681
19.44 0.0233667
19.45 0.0230856
19.46 0.0228404
19.47 0.0226337
19.48 0.0224679
19.49 0.0223456
19.5 0.0222691
19.51 0.0222402
19.52 0.0222609
19.53 0.0223325
19.54 0.0224551
19.55 0.0226276
19.56 0.0228479
19.57 0.0231125
19.58 0.0234172
19.59 0.023757
19.6 0.0241264
19.61 0.0245193
19.62 0.0249292
19.63 0.0253493
19.64 0.0257728
19.65 0.0261929
19.66 0.0266026
19.67 0.0269955
19.68 0.0273652
19.69 0.0277057
19.7 0.0280113
19.71 0.0282768
19.72 0.0284979
19.73 0.0286707
19.74 0.0287921
19.75 0.0288604
19.76 0.0288744
19.77 0.0288347
19.78 0.0287422
19.79 0.0285993
19.8 0.0284088
19.81 0.0281742
19.82 0.0278999
19.83 0.0275905
19.84 0.0272509
19.85 0.0268864
19.86 0.0265024
19.87 0.0261045
19.88 0.025698
19.89 0.0252887
19.9 0.0248821
19.91 0.024484
19.92 0.0240999
19.93 0.0237354
19.94 0.0233958
19.95 0.0230859
19.96 0.0228098
19.97 0.0225709
19.98 0.0223718
19.99 0.0222142
20 0.0220984
20.01 0.0220232
20.02 0.0219867
20.03 0.0219873
20.04 0.0220236
20.05 0.0220945
20.06 0.0221986
20.07 0.0223346
20.08 0.0225012
20.09 0.022697
20.1 0.0229207
20.11 0.0231709
20.12 0.0234461
20.13 0.0237441
20.14 0.0240624
20.15 0.0243982
20.16 0.0247485
20.17 0.0251099
20.18 0.0254788
20.19 0.025851
20.2 0.0262223
20.21 0.0265883
20.22 0.0269442
20.23 0.0272857
20.24 0.0276087
20.25 0.0279094
20.26 0.0281845
20.27 0.0284306
20.28 0.028645
20.29 0.028825
20.3 0.0289686
20.31 0.0290739
20.32 0.0291395
20.33 0.0291647
20.34 0.0291492
20.35 0.0290933
20.36 0.0289981
20.37 0.0288654
20.38 0.0286982
20.39 0.0285001
20.4 0.0282754
20.41 0.0280296
20.42 0.0277684
20.43 0.027498
20.44 0.0272248
20.45 0.0269554
20.46 0.0266958
20.47 0.026452
20.48 0.0262297
20.49 0.0260343
20.5 0.0258706
20.51 0.025743
20.52 0.0256553
20.53 0.0256107
20.54 0.0256117
20.55 0.02566
20.56 0.0257564
20.57 0.025901
20.58 0.0260929
20.59 0.0263296
20.6 0.026608
20.61 0.0269234
20.62 0.0272706
20.63 0.0276435
20.64 0.0280358
20.65 0.0284407
20.66 0.0288515
20.67 0.0292613
20.68 0.0296636
20.69 0.030052
20.7 0.0304205
20.71 0.0307639
20.72 0.0310771
20.73 0.0313561
20.74 0.0315969
20.75 0.0317966
20.76 0.0319541
20.77 0.0320705
20.78 0.0321476
20.79 0.0321863
20.8 0.0321881
20.81 0.0321547
20.82 0.0320886
20.83 0.0319937
20.84 0.0318741
20.85 0.0317344
20.86 0.031579
20.87 0.0314125
20.88 0.031239
20.89 0.0310627
20.9 0.0308872
20.91 0.0307157
20.92 0.0305517
20.93 0.030398
20.94 0.0302575
20.95 0.0301327
20.96 0.0300255
20.97 0.0299374
20.98 0.0298693
20.99 0.0298214
21 0.0297932
21.01 0.0297835
21.02 0.0297904
21.03 0.0298112
21.04 0.0298432
21.05 0.0298831
21.06 0.0299277
21.07 0.0299739
21.08 0.0300186
21.09 0.0300587
21.1 0.0300911
21.11 0.0301132
21.12 0.0301229
21.13 0.0301185
21.14 0.0300992
21.15 0.0300641
21.16 0.0300132
21.17 0.0299466
21.18 0.0298645
21.19 0.0297677
21.2 0.0296569
21.21 0.0295332
21.22 0.0293978
21.23 0.0292521
21.24 0.0290976
21.25 0.0289363
21.26 0.02877
21.27 0.0286012
21.28 0.0284323
21.29 0.028266
21.3 0.0281052
21.31 0.0279525
21.32 0.0278106
21.33 0.0276817
21.34 0.0275676
21.35 0.0274697
21.36 0.0273891
21.37 0.027326
21.38 0.0272804
21.39 0.0272516
21.4 0.0272385
21.41 0.0272395
21.42 0.0272526
21.43 0.0272757
21.44 0.0273065
21.45 0.0273425
21.46 0.0273815
21.47 0.0274216
21.48 0.0274606
21.49 0.0274967
21.5 0.0275281
21.51 0.0275529
21.52 0.0275696
21.53 0.0275768
21.54 0.0275732
21.55 0.0275579
21.56 0.02753
21.57 0.0274888
21.58 0.0274337
21.59 0.0273641
21.6 0.0272795
21.61 0.0271795
21.62 0.0270642
21.63 0.0269337
21.64 0.0267891
21.65 0.0266317
21.66 0.0264633
21.67 0.0262863
21.68 0.0261033
21.69 0.0259172
21.7 0.0257307
21.71 0.0255467
21.72 0.0253678
21.73 0.0251967
21.74 0.025036
21.75 0.0248883
21.76 0.0247562
21.77 0.0246424
21.78 0.0245492
21.79 0.0244789
21.8 0.0244334
21.81 0.024414
21.82 0.0244215
21.83 0.0244559
21.84 0.0245164
21.85 0.0246016
21.86 0.0247096
21.87 0.0248378
21.88 0.0249832
21.89 0.0251424
21.9 0.0253118
21.91 0.0254876
21.92 0.0256663
21.93 0.0258444
21.94 0.0260185
21.95 0.0261859
21.96 0.0263436
21.97 0.0264889
21.98 0.026619
21.99 0.026731
22 0.0268221
22.01 0.0268892
22.02 0.0269294
22.03 0.0269403
22.04 0.0269199
22.05 0.026867
22.06 0.0267817
22.07 0.026665
22.08 0.0265193
22.09 0.0263476
22.1 0.0261534
22.11 0.0259407
22.12 0.0257141
22.13 0.0254781
22.14 0.0252375
22.15 0.024997
22.16 0.0247609
22.17 0.0245334
22.18 0.0243182
22.19 0.0241189
22.2 0.0239385
22.21 0.0237801
22.22 0.0236464
22.23 0.0235399
22.24 0.0234627
22.25 0.0234169
22.26 0.0234037
22.27 0.023424
22.28 0.0234782
22.29 0.0235659
22.3 0.0236858
22.31 0.023836
22.32 0.0240136
22.33 0.0242151
22.34 0.0244365
22.35 0.0246731
22.36 0.0249204
22.37 0.0251733
22.38 0.0254271
22.39 0.0256772
22.4 0.0259192
22.41 0.026149
22.42 0.0263631
22.43 0.0265583
22.44 0.026732
22.45 0.026882
22.46 0.0270066
22.47 0.027105
22.48 0.0271768
22.49 0.0272226
22.5 0.0272434
22.51 0.0272407
22.52 0.027217
22.53 0.027175
22.54 0.0271179
22.55 0.0270492
22.56 0.0269724
22.57 0.0268913
22.58 0.0268098
22.59 0.0267317
22.6 0.0266608
22.61 0.0266005
22.62 0.0265544
22.63 0.0265253
22.64 0.0265158
22.65 0.0265278
22.66 0.0265627
22.67 0.0266211
22.68 0.0267029
22.69 0.0268076
22.7 0.0269339
22.71 0.0270808
22.72 0.0272468
22.73 0.0274301
22.74 0.0276291
22.75 0.0278416
22.76 0.0280655
22.77 0.0282981
22.78 0.0285369
22.79 0.028779
22.8 0.0290212
22.81 0.0292609
22.82 0.029495
22.83 0.0297207
22.84 0.0299354
22.85 0.0301366
22.86 0.0303218
22.87 0.030489
22.88 0.0306361
22.89 0.0307616
22.9 0.0308638
22.91 0.0309413
22.92 0.0309932
22.93 0.0310183
22.94 0.0310162
22.95 0.0309862
22.96 0.0309284
22.97 0.0308427
22.98 0.0307297
22.99 0.0305906
23 0.0304273
23.01 0.0302427
23.02 0.0300399
23.03 0.029823
23.04 0.0295962
23.05 0.029364
23.06 0.029131
23.07 0.0289017
23.08 0.0286801
23.09 0.0284697
23.1 0.0282737
23.11 0.0280947
23.12 0.0279351
23.13 0.0277969
23.14 0.0276817
23.15 0.0275911
23.16 0.0275259
23.17 0.0274866
23.18 0.0274736
23.19 0.0274867
23.2 0.0275255
23.21 0.0275893
23.22 0.0276768
23.23 0.0277865
23.24 0.0279166
23.25 0.0280647
23.26 0.0282285
23.27 0.0284052
23.28 0.028592
23.29 0.0287861
23.3 0.0289849
23.31 0.0291855
23.32 0.0293853
23.33 0.0295817
23.34 0.0297721
23.35 0.0299539
23.36 0.0301246
23.37 0.0302818
23.38 0.0304231
23.39 0.0305464
23.4 0.0306494
23.41 0.0307301
23.42 0.0307864
23.43 0.0308168
23.44 0.0308195
23.45 0.0307935
23.46 0.0307378
23.47 0.0306522
23.48 0.0305371
23.49 0.0303935
23.5 0.0302233
23.51 0.0300288
23.52 0.0298128
23.53 0.0295784
23.54 0.029329
23.55 0.0290683
23.56 0.0288001
23.57 0.0285284
23.58 0.0282574
23.59 0.0279911
23.6 0.0277336
23.61 0.0274888
23.62 0.0272605
23.63 0.0270521
23.64 0.0268671
23.65 0.0267082
23.66 0.0265781
23.67 0.0264789
23.68 0.0264119
23.69 0.0263778
23.7 0.0263769
23.71 0.0264084
23.72 0.0264712
23.73 0.0265632
23.74 0.0266821
23.75 0.0268245
23.76 0.0269868
23.77 0.0271646
23.78 0.027353
23.79 0.0275464
23.8 0.0277393
23.81 0.027926
23.82 0.0281009
23.83 0.0282589
23.84 0.0283952
23.85 0.0285053
23.86 0.0285856
23.87 0.0286326
23.88 0.0286437
23.89 0.0286168
23.9 0.0285502
23.91 0.0284429
23.92 0.0282942
23.93 0.028104
23.94 0.0278731
23.95 0.0276027
23.96 0.0272951
23.97 0.026953
23.98 0.0265804
23.99 0.0261821
24 0.0257636
24.01 0.0253313
24.02 0.0248919
24.03 0.0244527
24.04 0.0240213
24.05 0.0236057
24.06 0.023214
24.07 0.0228548
24.08 0.0225359
24.09 0.0222637
24.1 0.0220416
24.11 0.0218717
24.12 0.0217557
24.13 0.0216951
24.14 0.0216905
24.15 0.0217423
24.16 0.0218494
24.17 0.0220094
24.18 0.0222186
24.19 0.022473
24.2 0.0227676
24.21 0.0230971
24.22 0.0234552
24.23 0.0238354
24.24 0.0242307
24.25 0.024634
24.26 0.0250378
24.27 0.025435
24.28 0.0258181
24.29 0.0261799
24.3 0.0265133
24.31 0.0268117
24.32 0.0270688
24.33 0.0272794
24.34 0.0274396
24.35 0.0275466
24.36 0.0275994
24.37 0.0275977
24.38 0.0275428
24.39 0.0274367
24.4 0.0272825
24.41 0.0270839
24.42 0.0268453
24.43 0.0265714
24.44 0.0262674
24.45 0.0259386
24.46 0.0255907
24.47 0.0252296
24.48 0.0248616
24.49 0.0244928
24.5 0.0241296
24.51 0.023778
24.52 0.0234439
24.53 0.0231328
24.54 0.0228495
24.55 0.0225984
24.56 0.0223832
24.57 0.0222068
24.58 0.0220712
24.59 0.0219778
24.6 0.0219269
24.61 0.0219186
24.62 0.0219521
24.63 0.0220258
24.64 0.0221379
24.65 0.0222857
24.66 0.0224668
24.67 0.0226779
24.68 0.022916
24.69 0.0231777
24.7 0.0234594
24.71 0.0237577
24.72 0.0240686
24.73 0.0243885
24.74 0.0247133
24.75 0.0250391
24.76 0.0253622
24.77 0.0256789
24.78 0.0259858
24.79 0.0262791
24.8 0.0265556
24.81 0.026812
24.82 0.0270451
24.83 0.0272521
24.84 0.0274304
24.85 0.0275778
24.86 0.0276923
24.87 0.0277725
24.88 0.0278175
24.89 0.0278268
24.9 0.0277999
24.91 0.027737
24.92 0.0276386
24.93 0.0275054
24.94 0.0273389
24.95 0.0271408
24.96 0.0269132
24.97 0.0266589
24.98 0.0263807
24.99 0.0260821
25 0.0257669
