0.01 3.16326e-09
0.02 1.52059e-08
0.03 3.74267e-08
0.04 6.7312e-08
0.05 1.02356e-07
0.06 1.40096e-07
0.07 1.78153e-07
0.08 2.14237e-07
0.09 2.46145e-07
0.1 2.71783e-07
0.11 2.89191e-07
0.12 2.9656e-07
0.13 2.92209e-07
0.14 2.74535e-07
0.15 2.42008e-07
0.16 1.93245e-07
0.17 1.27059e-07
0.18 4.24794e-08
0.19 -6.12306e-08
0.2 -1.84562e-07
0.21 -3.2775e-07
0.22 -4.9077e-07
0.23 -6.73344e-07
0.24 -8.7497e-07
0.25 -1.09495e-06
0.26 -1.33248e-06
0.27 -1.58667e-06
0.28 -1.85643e-06
0.29 -2.14022e-06
0.3 -2.43599e-06
0.31 -2.7411e-06
0.32 -3.05234e-06
0.33 -3.36576e-06
0.34 -3.67658e-06
0.35 -3.97951e-06
0.36 -4.26903e-06
0.37 -4.53954e-06
0.38 -4.78598e-06
0.39 -5.00465e-06
0.4 -5.1938e-06
0.41 -5.35396e-06
0.42 -5.48748e-06
0.43 -5.5979e-06
0.44 -5.68997e-06
0.45 -5.76952e-06
0.46 -5.84289e-06
0.47 -5.91648e-06
0.48 -5.99611e-06
0.49 -6.0868e-06
0.5 -6.19255e-06
0.51 -6.31662e-06
0.52 -6.46175e-06
0.53 -6.62973e-06
0.54 -6.82161e-06
0.55 -7.03815e-06
0.56 -7.27933e-06
0.57 -7.54451e-06
0.58 -7.83292e-06
0.59 -8.14357e-06
0.6 -8.47524e-06
0.61 -8.82638e-06
0.62 -9.19523e-06
0.63 -9.57975e-06
0.64 -9.97783e-06
0.65 -1.03873e-05
0.66 -1.08062e-05
0.67 -1.12326e-05
0.68 -1.16651e-05
0.69 -1.21023e-05
0.7 -1.25431e-05
0.71 -1.29859e-05
0.72 -1.34286e-05
0.73 -1.38676e-05
0.74 -1.42974e-05
0.75 -1.471e-05
0.76 -1.50945e-05
0.77 -1.5438e-05
0.78 -1.57262e-05
0.79 -1.59462e-05
0.8 -1.60882e-05
0.81 -1.61456e-05
0.82 -1.61151e-05
0.83 -1.59958e-05
0.84 -1.57893e-05
0.85 -1.55013e-05
0.86 -1.51409e-05
0.87 -1.47162e-05
0.88 -1.42312e-05
0.89 -1.36847e-05
0.9 -1.30724e-05
0.91 -1.23891e-05
0.92 -1.16297e-05
0.93 -1.07914e-05
0.94 -9.876e-06
0.95 -8.89174e-06
0.96 -7.85336e-06
0.97 -6.78131e-06
0.98 -5.69681e-06
0.99 -4.61642e-06
1 -3.55015e-06
1.01 -2.50208e-06
1.02 -1.47021e-06
1.03 -4.47606e-07
1.04 5.7515e-07
1.05 1.60762e-06
1.06 2.65619e-06
1.07 3.7224e-06
1.08 4.80441e-06
1.09 5.89978e-06
1.1 7.00631e-06
1.11 8.1207e-06
1.12 9.23972e-06
1.13 1.03621e-05
1.14 1.14877e-05
1.15 1.26166e-05
1.16 1.37468e-05
1.17 1.4872e-05
1.18 1.59793e-05
1.19 1.70511e-05
1.2 1.80686e-05
1.21 1.90105e-05
1.22 1.98515e-05
1.23 2.0566e-05
1.24 2.1133e-05
1.25 2.15446e-05
1.26 2.18104e-05
1.27 2.19523e-05
1.28 2.19952e-05
1.29 2.19636e-05
1.3 2.1881e-05
1.31 2.17649e-05
1.32 2.16236e-05
1.33 2.14597e-05
1.34 2.12748e-05
1.35 2.10732e-05
1.36 2.0862e-05
1.37 2.06511e-05
1.38 2.04525e-05
1.39 2.02788e-05
1.4 2.01412e-05
1.41 2.00464e-05
1.42 1.99924e-05
1.43 1.99648e-05
1.44 1.99331e-05
1.45 1.98484e-05
1.46 1.96462e-05
1.47 1.92527e-05
1.48 1.85925e-05
1.49 1.75904e-05
1.5 1.61749e-05
1.51 1.42839e-05
1.52 1.18668e-05
1.53 8.89207e-06
1.54 5.35539e-06
1.55 1.28696e-06
1.56 -3.2464e-06
1.57 -8.1513e-06
1.58 -1.33171e-05
1.59 -1.86236e-05
1.6 -2.39538e-05
1.61 -2.9202e-05
1.62 -3.42713e-05
1.63 -3.90753e-05
1.64 -4.35383e-05
1.65 -4.75953e-05
1.66 -5.11951e-05
1.67 -5.43018e-05
1.68 -5.68934e-05
1.69 -5.89557e-05
1.7 -6.0479e-05
1.71 -6.1458e-05
1.72 -6.18913e-05
1.73 -6.17788e-05
1.74 -6.11186e-05
1.75 -5.99029e-05
1.76 -5.8123e-05
1.77 -5.57759e-05
1.78 -5.28604e-05
1.79 -4.93716e-05
1.8 -4.53033e-05
1.81 -4.06528e-05
1.82 -3.5421e-05
1.83 -2.96143e-05
1.84 -2.32546e-05
1.85 -1.63844e-05
1.86 -9.06189e-06
1.87 -1.35106e-06
1.88 6.68532e-06
1.89 1.49865e-05
1.9 2.34947e-05
1.91 3.21551e-05
1.92 4.09166e-05
1.93 4.97303e-05
1.94 5.85359e-05
1.95 6.72471e-05
1.96 7.57511e-05
1.97 8.39147e-05
1.98 9.159e-05
1.99 9.86271e-05
2 0.000104895
2.01 0.000110302
2.02 0.000114795
2.03 0.000118362
2.04 0.000121025
2.05 0.00012283
2.06 0.000123836
2.07 0.00012411
2.08 0.000123702
2.09 0.000122639
2.1 0.000120923
2.11 0.000118532
2.12 0.000115417
2.13 0.0001115
2.14 0.000106687
2.15 0.000100876
2.16 9.3965e-05
2.17 8.58599e-05
2.18 7.6473e-05
2.19 6.57192e-05
2.2 5.35092e-05
2.21 3.97555e-05
2.22 2.43842e-05
2.23 7.3419e-06
2.24 -1.1399e-05
2.25 -3.18452e-05
2.26 -5.39777e-05
2.27 -7.77261e-05
2.28 -0.000102964
2.29 -0.00012952
2.3 -0.000157189
2.31 -0.000185725
2.32 -0.000214847
2.33 -0.000244218
2.34 -0.000273453
2.35 -0.00030212
2.36 -0.000329756
2.37 -0.000355882
2.38 -0.000380012
2.39 -0.000401662
2.4 -0.000420363
2.41 -0.000435716
2.42 -0.000447401
2.43 -0.000455173
2.44 -0.000458837
2.45 -0.000458247
2.46 -0.000453309
2.47 -0.000443988
2.48 -0.000430316
2.49 -0.000412372
2.5 -0.000390267
2.51 -0.000364126
2.52 -0.000334088
2.53 -0.000300319
2.54 -0.000263013
2.55 -0.000222385
2.56 -0.000178677
2.57 -0.00013218
2.58 -8.32566e-05
2.59 -3.23363e-05
2.6 2.00881e-05
2.61 7.34844e-05
2.62 0.000127305
2.63 0.000181012
2.64 0.000234088
2.65 0.000286048
2.66 0.000336438
2.67 0.000384835
2.68 0.000430842
2.69 0.000474074
2.7 0.000514158
2.71 0.000550747
2.72 0.000583521
2.73 0.000612195
2.74 0.000636537
2.75 0.000656373
2.76 0.000671576
2.77 0.00068206
2.78 0.000687807
2.79 0.000688874
2.8 0.000685392
2.81 0.000677558
2.82 0.000665599
2.83 0.000649742
2.84 0.000630206
2.85 0.000607198
2.86 0.00058092
2.87 0.000551556
2.88 0.000519255
2.89 0.000484146
2.9 0.00044635
2.91 0.000405996
2.92 0.000363214
2.93 0.000318143
2.94 0.000270942
2.95 0.000221795
2.96 0.000170915
2.97 0.000118576
2.98 6.51139e-05
2.99 1.09195e-05
3 -4.35824e-05
3.01 -9.79451e-05
3.02 -0.000151726
3.03 -0.000204506
3.04 -0.000255902
3.05 -0.000305575
3.06 -0.000353241
3.07 -0.000398679
3.08 -0.000441724
3.09 -0.000482255
3.1 -0.000520164
3.11 -0.000555325
3.12 -0.000587584
3.13 -0.000616738
3.14 -0.000642555
3.15 -0.000664804
3.16 -0.000683264
3.17 -0.000697725
3.18 -0.000707992
3.19 -0.000713906
3.2 -0.00071536
3.21 -0.000712295
3.22 -0.000704659
3.23 -0.000692396
3.24 -0.00067545
3.25 -0.000653769
3.26 -0.000627321
3.27 -0.000596073
3.28 -0.000559982
3.29 -0.000519024
3.3 -0.000473227
3.31 -0.000422655
3.32 -0.000367402
3.33 -0.000307642
3.34 -0.000243669
3.35 -0.000175924
3.36 -0.000104999
3.37 -3.16282e-05
3.38 4.33375e-05
3.39 0.000118941
3.4 0.000194135
3.41 0.000267817
3.42 0.000338859
3.43 0.000406163
3.44 0.000468686
3.45 0.000525449
3.46 0.000575563
3.47 0.000618271
3.48 0.000653005
3.49 0.000679401
3.5 0.000697303
3.51 0.000706738
3.52 0.000707916
3.53 0.000701201
3.54 0.00068708
3.55 0.000666105
3.56 0.000638831
3.57 0.000605799
3.58 0.000567582
3.59 0.000524785
3.6 0.000478004
3.61 0.0004278
3.62 0.000374704
3.63 0.000319215
3.64 0.000261789
3.65 0.00020284
3.66 0.000142737
3.67 8.17828e-05
3.68 2.02187e-05
3.69 -4.17587e-05
3.7 -0.000103948
3.71 -0.000166128
3.72 -0.000228078
3.73 -0.00028956
3.74 -0.000350286
3.75 -0.000409944
3.76 -0.0004682
3.77 -0.000524701
3.78 -0.000579069
3.79 -0.000630917
3.8 -0.00067984
3.81 -0.0007254
3.82 -0.000767133
3.83 -0.000804587
3.84 -0.00083732
3.85 -0.000864916
3.86 -0.000887033
3.87 -0.000903452
3.88 -0.000914105
3.89 -0.000919082
3.9 -0.000918632
3.91 -0.000913163
3.92 -0.000903227
3.93 -0.000889494
3.94 -0.000872687
3.95 -0.000853561
3.96 -0.000832868
3.97 -0.000811316
3.98 -0.000789499
3.99 -0.000767865
4 -0.000746705
4.01 -0.000726165
4.02 -0.00070625
4.03 -0.000686842
4.04 -0.000667704
4.05 -0.000648478
4.06 -0.000628702
4.07 -0.000607794
4.08 -0.000585044
4.09 -0.000559639
4.1 -0.000530705
4.11 -0.000497375
4.12 -0.000458893
4.13 -0.000414705
4.14 -0.000364498
4.15 -0.000308257
4.16 -0.000246321
4.17 -0.000179394
4.18 -0.000108483
4.19 -3.48317e-05
4.2 4.01089e-05
4.21 0.000114758
4.22 0.000187499
4.23 0.000256785
4.24 0.000321229
4.25 0.000379591
4.26 0.000430748
4.27 0.000473734
4.28 0.000507771
4.29 0.000532297
4.3 0.000546981
4.31 0.000551717
4.32 0.00054659
4.33 0.00053187
4.34 0.000508024
4.35 0.000475738
4.36 0.000435902
4.37 0.000389585
4.38 0.000337993
4.39 0.000282424
4.4 0.000224241
4.41 0.000164867
4.42 0.000105751
4.43 4.83292e-05
4.44 -6.01964e-06
4.45 -5.6015e-05
4.46 -0.000100563
4.47 -0.000138815
4.48 -0.000170171
4.49 -0.00019423
4.5 -0.000210714
4.51 -0.000219444
4.52 -0.000220385
4.53 -0.000213681
4.54 -0.000199644
4.55 -0.000178734
4.56 -0.000151543
4.57 -0.000118777
4.58 -8.12565e-05
4.59 -3.98826e-05
4.6 4.37847e-06
4.61 5.05429e-05
4.62 9.76686e-05
4.63 0.000144868
4.64 0.000191312
4.65 0.000236256
4.66 0.000279061
4.67 0.000319244
4.68 0.000356504
4.69 0.000390691
4.7 0.000421752
4.71 0.000449664
4.72 0.000474406
4.73 0.000495976
4.74 0.000514367
4.75 0.000529513
4.76 0.000541278
4.77 0.00054951
4.78 0.000554047
4.79 0.000554752
4.8 0.00055151
4.81 0.000544175
4.82 0.000532583
4.83 0.000516612
4.84 0.000496178
4.85 0.000471178
4.86 0.000441514
4.87 0.000407165
4.88 0.000368207
4.89 0.000324772
4.9 0.000277039
4.91 0.000225276
4.92 0.000169838
4.93 0.000111153
4.94 4.96907e-05
4.95 -1.40488e-05
4.96 -7.95245e-05
4.97 -0.00014614
4.98 -0.000213237
4.99 -0.0002801
5 -0.000345975
5.01 -0.000410119
5.02 -0.000471866
5.03 -0.000530685
5.04 -0.000586189
5.05 -0.000638143
5.06 -0.000686471
5.07 -0.000731277
5.08 -0.000772796
5.09 -0.000811339
5.1 -0.000847295
5.11 -0.000881118
5.12 -0.000913248
5.13 -0.000944072
5.14 -0.000973903
5.15 -0.00100293
5.16 -0.00103115
5.17 -0.00105835
5.18 -0.00108414
5.19 -0.00110799
5.2 -0.00112925
5.21 -0.00114717
5.22 -0.00116093
5.23 -0.00116977
5.24 -0.00117298
5.25 -0.00116991
5.26 -0.00115995
5.27 -0.00114245
5.28 -0.0011168
5.29 -0.00108245
5.3 -0.00103896
5.31 -0.000986006
5.32 -0.000923408
5.33 -0.000851229
5.34 -0.000769818
5.35 -0.000679796
5.36 -0.000582072
5.37 -0.000477886
5.38 -0.000368773
5.39 -0.000256433
5.4 -0.000142634
5.41 -2.91549e-05
5.42 8.22651e-05
5.43 0.000190007
5.44 0.000292637
5.45 0.000388943
5.46 0.00047793
5.47 0.000558786
5.48 0.000630832
5.49 0.000693513
5.5 0.000746435
5.51 0.000789385
5.52 0.000822292
5.53 0.000845172
5.54 0.000858136
5.55 0.000861415
5.56 0.00085535
5.57 0.000840316
5.58 0.000816665
5.59 0.000784745
5.6 0.000744942
5.61 0.000697724
5.62 0.000643649
5.63 0.000583343
5.64 0.000517516
5.65 0.000446928
5.66 0.00037236
5.67 0.000294647
5.68 0.000214693
5.69 0.000133484
5.7 5.20834e-05
5.71 -2.83718e-05
5.72 -0.00010667
5.73 -0.000181575
5.74 -0.000251879
5.75 -0.000316389
5.76 -0.000373979
5.77 -0.000423651
5.78 -0.000464582
5.79 -0.000496171
5.8 -0.000518079
5.81 -0.00053024
5.82 -0.000532888
5.83 -0.000526576
5.84 -0.00051214
5.85 -0.000490635
5.86 -0.000463277
5.87 -0.000431403
5.88 -0.000396424
5.89 -0.000359772
5.9 -0.000322855
5.91 -0.000286981
5.92 -0.000253312
5.93 -0.000222856
5.94 -0.00019645
5.95 -0.000174717
5.96 -0.000158003
5.97 -0.000146307
5.98 -0.000139304
5.99 -0.000136399
6 -0.000136754
6.01 -0.000139351
6.02 -0.000143091
6.03 -0.000146846
6.04 -0.000149466
6.05 -0.000149811
6.06 -0.000146821
6.07 -0.000139599
6.08 -0.000127472
6.09 -0.000109991
6.1 -8.68851e-05
6.11 -5.80471e-05
6.12 -2.35546e-05
6.13 1.63408e-05
6.14 6.12764e-05
6.15 0.000110855
6.16 0.00016469
6.17 0.00022248
6.18 0.000284092
6.19 0.000349565
6.2 0.000419022
6.21 0.000492617
6.22 0.00057054
6.23 0.000653017
6.24 0.000740233
6.25 0.000832296
6.26 0.000929265
6.27 0.00103115
6.28 0.0011379
6.29 0.00124948
6.3 0.00136582
6.31 0.00148689
6.32 0.00161266
6.33 0.00174314
6.34 0.00187833
6.35 0.00201823
6.36 0.00216273
6.37 0.00231153
6.38 0.00246397
6.39 0.00261908
6.4 0.00277564
6.41 0.00293225
6.42 0.00308745
6.43 0.00323985
6.44 0.00338817
6.45 0.00353136
6.46 0.0036687
6.47 0.00379971
6.48 0.00392403
6.49 0.00404131
6.5 0.00415106
6.51 0.00425249
6.52 0.00434447
6.53 0.00442557
6.54 0.00449404
6.55 0.00454776
6.56 0.00458434
6.57 0.00460124
6.58 0.00459588
6.59 0.00456586
6.6 0.00450915
6.61 0.00442421
6.62 0.00431009
6.63 0.00416644
6.64 0.00399345
6.65 0.0037918
6.66 0.00356241
6.67 0.00330643
6.68 0.00302515
6.69 0.00272006
6.7 0.00239278
6.71 0.00204512
6.72 0.00167905
6.73 0.0012967
6.74 0.000900363
6.75 0.000492534
6.76 7.59455e-05
6.77 -0.000346475
6.78 -0.000771623
6.79 -0.00119624
6.8 -0.00161695
6.81 -0.00203038
6.82 -0.00243325
6.83 -0.00282246
6.84 -0.00319515
6.85 -0.00354872
6.86 -0.0038809
6.87 -0.00418975
6.88 -0.00447365
6.89 -0.00473123
6.9 -0.00496125
6.91 -0.00516255
6.92 -0.00533397
6.93 -0.00547429
6.94 -0.00558225
6.95 -0.00565656
6.96 -0.00569599
6.97 -0.00569955
6.98 -0.00566665
6.99 -0.00559724
7 -0.00549188
7.01 -0.00535175
7.02 -0.00517865
7.03 -0.00497478
7.04 -0.0047426
7.05 -0.00448464
7.06 -0.00420335
7.07 -0.00390097
7.08 -0.0035795
7.09 -0.00324074
7.1 -0.00288631
7.11 -0.00251778
7.12 -0.00213672
7.13 -0.00174499
7.14 -0.00134486
7.15 -0.000939077
7.16 -0.000530842
7.17 -0.000123699
7.18 0.000278577
7.19 0.00067212
7.2 0.00105311
7.21 0.00141791
7.22 0.00176324
7.23 0.00208627
7.24 0.00238472
7.25 0.00265681
7.26 0.00290127
7.27 0.00311719
7.28 0.00330384
7.29 0.00346062
7.3 0.00358693
7.31 0.00368212
7.32 0.00374546
7.33 0.00377623
7.34 0.00377383
7.35 0.00373791
7.36 0.00366854
7.37 0.00356629
7.38 0.00343232
7.39 0.00326839
7.4 0.00307684
7.41 0.0028604
7.42 0.00262214
7.43 0.00236524
7.44 0.00209277
7.45 0.00180761
7.46 0.00151239
7.47 0.00120943
7.48 0.000900721
7.49 0.000587914
7.5 0.000272314
7.51 -4.50744e-05
7.52 -0.000363462
7.53 -0.000682147
7.54 -0.00100041
7.55 -0.00131743
7.56 -0.00163237
7.57 -0.00194438
7.58 -0.00225268
7.59 -0.0025565
7.6 -0.00285513
7.61 -0.00314787
7.62 -0.00343388
7.63 -0.00371197
7.64 -0.00398058
7.65 -0.00423779
7.66 -0.00448131
7.67 -0.00470842
7.68 -0.00491592
7.69 -0.00510026
7.7 -0.00525756
7.71 -0.00538383
7.72 -0.00547533
7.73 -0.00552885
7.74 -0.00554193
7.75 -0.00551295
7.76 -0.00544113
7.77 -0.00532641
7.78 -0.00516938
7.79 -0.00497125
7.8 -0.00473387
7.81 -0.00445964
7.82 -0.00415144
7.83 -0.0038126
7.84 -0.00344691
7.85 -0.00305847
7.86 -0.00265163
7.87 -0.00223091
7.88 -0.0018009
7.89 -0.00136614
7.9 -0.000930979
7.91 -0.000499541
7.92 -7.56563e-05
7.93 0.000337214
7.94 0.000736003
7.95 0.00111803
7.96 0.00148097
7.97 0.00182288
7.98 0.00214216
7.99 0.00243754
8 0.002708
8.01 0.00295261
8.02 0.00317056
8.03 0.00336113
8.04 0.00352361
8.05 0.00365723
8.06 0.00376119
8.07 0.00383466
8.08 0.00387689
8.09 0.00388733
8.1 0.00386573
8.11 0.00381229
8.12 0.00372783
8.13 0.00361375
8.14 0.00347202
8.15 0.00330514
8.16 0.00311602
8.17 0.00290798
8.18 0.00268453
8.19 0.00244935
8.2 0.0022061
8.21 0.00195838
8.22 0.00170962
8.23 0.00146304
8.24 0.00122168
8.25 0.000988351
8.26 0.000765539
8.27 0.000555401
8.28 0.000359749
8.29 0.00017998
8.3 1.70149e-05
8.31 -0.000128801
8.32 -0.0002578
8.33 -0.000371003
8.34 -0.000470047
8.35 -0.000557047
8.36 -0.000634425
8.37 -0.000704653
8.38 -0.00077002
8.39 -0.000832437
8.4 -0.000893262
8.41 -0.000953265
8.42 -0.00101271
8.43 -0.00107142
8.44 -0.00112883
8.45 -0.00118397
8.46 -0.00123549
8.47 -0.00128171
8.48 -0.00132067
8.49 -0.0013503
8.5 -0.00136849
8.51 -0.00137326
8.52 -0.00136281
8.53 -0.00133581
8.54 -0.00129145
8.55 -0.00122951
8.56 -0.00115034
8.57 -0.00105468
8.58 -0.000943583
8.59 -0.00081838
8.6 -0.000680541
8.61 -0.000531612
8.62 -0.000373088
8.63 -0.000206299
8.64 -3.23501e-05
8.65 0.000147911
8.66 0.000333901
8.67 0.000525251
8.68 0.00072172
8.69 0.000923102
8.7 0.00112914
8.71 0.00133952
8.72 0.00155383
8.73 0.00177142
8.74 0.0019914
8.75 0.00221266
8.76 0.00243379
8.77 0.00265305
8.78 0.00286835
8.79 0.00307736
8.8 0.00327751
8.81 0.00346604
8.82 0.00364007
8.83 0.00379675
8.84 0.00393347
8.85 0.00404793
8.86 0.00413821
8.87 0.00420273
8.88 0.00424029
8.89 0.0042501
8.9 0.00423191
8.91 0.00418593
8.92 0.00411283
8.93 0.00401362
8.94 0.00388957
8.95 0.00374211
8.96 0.00357276
8.97 0.00338312
8.98 0.00317486
8.99 0.00294966
9 0.00270908
9.01 0.00245454
9.02 0.00218725
9.03 0.00190826
9.04 0.00161844
9.05 0.00131865
9.06 0.00100987
9.07 0.000693285
9.08 0.000370285
9.09 4.24643e-05
9.1 -0.000288437
9.11 -0.00062063
9.12 -0.000952318
9.13 -0.0012817
9.14 -0.00160697
9.15 -0.00192637
9.16 -0.00223805
9.17 -0.00254001
9.18 -0.00282996
9.19 -0.00310531
9.2 -0.00336317
9.21 -0.00360027
9.22 -0.00381301
9.23 -0.00399753
9.24 -0.00414991
9.25 -0.00426643
9.26 -0.00434385
9.27 -0.0043796
9.28 -0.00437188
9.29 -0.00431981
9.3 -0.00422335
9.31 -0.00408304
9.32 -0.00389994
9.33 -0.00367551
9.34 -0.00341163
9.35 -0.00311053
9.36 -0.00277475
9.37 -0.00240714
9.38 -0.00201084
9.39 -0.00158918
9.4 -0.00114582
9.41 -0.000684766
9.42 -0.000210386
9.43 0.000272535
9.44 0.000758759
9.45 0.00124262
9.46 0.00171816
9.47 0.00217937
9.48 0.00262035
9.49 0.00303553
9.5 0.0034199
9.51 0.00376909
9.52 0.00407944
9.53 0.00434804
9.54 0.00457257
9.55 0.00475122
9.56 0.00488256
9.57 0.00496544
9.58 0.00499892
9.59 0.00498219
9.6 0.00491466
9.61 0.00479601
9.62 0.00462639
9.63 0.00440644
9.64 0.0041375
9.65 0.00382163
9.66 0.0034616
9.67 0.00306083
9.68 0.00262338
9.69 0.00215387
9.7 0.00165729
9.71 0.00113887
9.72 0.000603903
9.73 5.76715e-05
9.74 -0.000494687
9.75 -0.0010483
9.76 -0.00159863
9.77 -0.00214141
9.78 -0.00267274
9.79 -0.003189
9.8 -0.00368697
9.81 -0.0041638
9.82 -0.00461703
9.83 -0.00504451
9.84 -0.0054445
9.85 -0.00581556
9.86 -0.00615654
9.87 -0.00646644
9.88 -0.00674436
9.89 -0.00698952
9.9 -0.00720125
9.91 -0.00737888
9.92 -0.00752167
9.93 -0.00762891
9.94 -0.00769985
9.95 -0.00773379
9.96 -0.00773009
9.97 -0.00768843
9.98 -0.00760886
9.99 -0.00749194
10 -0.00733874
10.01 -0.00715079
10.02 -0.00693014
10.03 -0.00667933
10.04 -0.00640127
10.05 -0.00609902
10.06 -0.00577568
10.07 -0.0054343
10.08 -0.00507783
10.09 -0.00470914
10.1 -0.00433102
10.11 -0.00394614
10.12 -0.0035572
10.13 -0.00316701
10.14 -0.00277852
10.15 -0.00239477
10.16 -0.00201887
10.17 -0.00165393
10.18 -0.00130286
10.19 -0.000968347
10.2 -0.000652735
10.21 -0.000358027
10.22 -8.59415e-05
10.23 0.00016206
10.24 0.00038479
10.25 0.000581293
10.26 0.000750774
10.27 0.000892568
10.28 0.00100616
10.29 0.00109123
10.3 0.00114764
10.31 0.00117547
10.32 0.00117513
10.33 0.00114732
10.34 0.00109302
10.35 0.0010134
10.36 0.000909797
10.37 0.000783749
10.38 0.000636957
10.39 0.000471286
10.4 0.000288781
10.41 9.16826e-05
10.42 -0.000117512
10.43 -0.000336034
10.44 -0.000560851
10.45 -0.000788687
10.46 -0.00101609
10.47 -0.00123958
10.48 -0.0014558
10.49 -0.00166163
10.5 -0.00185434
10.51 -0.00203167
10.52 -0.0021918
10.53 -0.00233339
10.54 -0.00245545
10.55 -0.00255733
10.56 -0.0026386
10.57 -0.00269903
10.58 -0.00273863
10.59 -0.0027576
10.6 -0.00275628
10.61 -0.00273517
10.62 -0.00269503
10.63 -0.00263681
10.64 -0.00256169
10.65 -0.00247112
10.66 -0.00236673
10.67 -0.00225034
10.68 -0.00212384
10.69 -0.00198913
10.7 -0.00184796
10.71 -0.00170195
10.72 -0.00155258
10.73 -0.0014012
10.74 -0.00124906
10.75 -0.00109731
10.76 -0.000947058
10.77 -0.000799275
10.78 -0.000654817
10.79 -0.000514397
10.8 -0.000378623
10.81 -0.000248026
10.82 -0.000123032
10.83 -3.94818e-06
10.84 0.000109003
10.85 0.000215648
10.86 0.000315808
10.87 0.000409242
10.88 0.000495658
10.89 0.000574764
10.9 0.000646268
10.91 0.000709903
10.92 0.000765521
10.93 0.000813186
10.94 0.000853245
10.95 0.000886342
10.96 0.000913399
10.97 0.000935567
10.98 0.00095416
10.99 0.000970546
11 0.000986034
11.01 0.00100181
11.02 0.00101894
11.03 0.00103829
11.04 0.00106048
11.05 0.00108593
11.06 0.00111491
11.07 0.00114761
11.08 0.00118403
11.09 0.0012241
11.1 0.00126767
11.11 0.00131455
11.12 0.00136465
11.13 0.0014179
11.14 0.00147426
11.15 0.00153363
11.16 0.00159597
11.17 0.00166131
11.18 0.00172989
11.19 0.00180213
11.2 0.00187861
11.21 0.00196009
11.22 0.00204741
11.23 0.00214147
11.24 0.002243
11.25 0.00235234
11.26 0.00246929
11.27 0.00259316
11.28 0.00272278
11.29 0.00285671
11.3 0.00299332
11.31 0.00313089
11.32 0.00326773
11.33 0.0034022
11.34 0.00353293
11.35 0.00365887
11.36 0.00377941
11.37 0.00389428
11.38 0.00400341
11.39 0.00410677
11.4 0.00420436
11.41 0.00429614
11.42 0.00438189
11.43 0.00446115
11.44 0.00453329
11.45 0.00459752
11.46 0.00465301
11.47 0.00469904
11.48 0.0047351
11.49 0.00476101
11.5 0.00477707
11.51 0.004784
11.52 0.00478291
11.53 0.00477518
11.54 0.00476236
11.55 0.00474604
11.56 0.0047277
11.57 0.00470857
11.58 0.00468956
11.59 0.00467135
11.6 0.00465449
11.61 0.00463951
11.62 0.00462694
11.63 0.00461728
11.64 0.00461105
11.65 0.00460872
11.66 0.00461069
11.67 0.00461734
11.68 0.00462895
11.69 0.00464568
11.7 0.00466748
11.71 0.00469403
11.72 0.00472471
11.73 0.00475855
11.74 0.0047943
11.75 0.00483034
11.76 0.00486467
11.77 0.00489485
11.78 0.00491797
11.79 0.00493077
11.8 0.00492987
11.81 0.00491207
11.82 0.00487456
11.83 0.00481501
11.84 0.00473164
11.85 0.00462317
11.86 0.00448883
11.87 0.00432814
11.88 0.00414091
11.89 0.00392726
11.9 0.0036876
11.91 0.00342262
11.92 0.00313333
11.93 0.00282101
11.94 0.00248719
11.95 0.00213364
11.96 0.00176231
11.97 0.00137533
11.98 0.000975062
11.99 0.000564187
12 0.00014565
12.01 -0.00027739
12.02 -0.000701554
12.03 -0.0011232
12.04 -0.00153843
12.05 -0.00194322
12.06 -0.00233349
12.07 -0.00270526
12.08 -0.00305479
12.09 -0.00337877
12.1 -0.0036744
12.11 -0.00393938
12.12 -0.00417195
12.13 -0.00437094
12.14 -0.00453585
12.15 -0.00466677
12.16 -0.00476435
12.17 -0.00482965
12.18 -0.00486405
12.19 -0.00486917
12.2 -0.00484687
12.21 -0.00479921
12.22 -0.00472827
12.23 -0.00463618
12.24 -0.00452521
12.25 -0.00439765
12.26 -0.00425578
12.27 -0.00410177
12.28 -0.00393772
12.29 -0.00376566
12.3 -0.00358749
12.31 -0.00340502
12.32 -0.00321983
12.33 -0.00303324
12.34 -0.0028463
12.35 -0.00265985
12.36 -0.00247457
12.37 -0.00229084
12.38 -0.0021088
12.39 -0.00192837
12.4 -0.00174933
12.41 -0.00157136
12.42 -0.00139415
12.43 -0.00121757
12.44 -0.00104151
12.45 -0.000865926
12.46 -0.000690786
12.47 -0.00051605
12.48 -0.000341429
12.49 -0.000166234
12.5 1.06793e-05
12.51 0.00019091
12.52 0.000376442
12.53 0.000569526
12.54 0.000772462
12.55 0.000987367
12.56 0.00121603
12.57 0.00145983
12.58 0.00171973
12.59 0.00199642
12.6 0.00229036
12.61 0.00260183
12.62 0.00293081
12.63 0.00327687
12.64 0.0036391
12.65 0.00401624
12.66 0.00440667
12.67 0.00480834
12.68 0.00521867
12.69 0.0056346
12.7 0.00605256
12.71 0.00646867
12.72 0.00687886
12.73 0.00727896
12.74 0.00766483
12.75 0.00803241
12.76 0.0083779
12.77 0.00869779
12.78 0.00898885
12.79 0.00924821
12.8 0.0094733
12.81 0.00966186
12.82 0.00981181
12.83 0.00992128
12.84 0.00998868
12.85 0.0100128
12.86 0.00999277
12.87 0.00992832
12.88 0.00981966
12.89 0.00966764
12.9 0.00947373
12.91 0.00923986
12.92 0.00896836
12.93 0.00866179
12.94 0.00832289
12.95 0.00795455
12.96 0.00755971
12.97 0.0071414
12.98 0.00670275
12.99 0.00624695
13 0.00577729
13.01 0.00529719
13.02 0.0048103
13.03 0.00432051
13.04 0.00383183
13.05 0.00334829
13.06 0.00287379
13.07 0.00241199
13.08 0.00196623
13.09 0.00153943
13.1 0.00113403
13.11 0.00075204
13.12 0.000395042
13.13 6.43616e-05
13.14 -0.000238862
13.15 -0.000513602
13.16 -0.000758853
13.17 -0.000973609
13.18 -0.0011569
13.19 -0.00130784
13.2 -0.00142564
13.21 -0.00150979
13.22 -0.00156003
13.23 -0.00157642
13.24 -0.00155931
13.25 -0.00150938
13.26 -0.00142767
13.27 -0.00131554
13.28 -0.0011747
13.29 -0.00100718
13.3 -0.00081533
13.31 -0.000601823
13.32 -0.000369686
13.33 -0.000122271
13.34 0.000136845
13.35 0.000403959
13.36 0.000675364
13.37 0.000947463
13.38 0.00121684
13.39 0.00148027
13.4 0.00173477
13.41 0.00197768
13.42 0.00220664
13.43 0.0024197
13.44 0.00261528
13.45 0.00279219
13.46 0.00294964
13.47 0.00308723
13.48 0.00320489
13.49 0.00330284
13.5 0.00338157
13.51 0.00344183
13.52 0.00348454
13.53 0.00351085
13.54 0.00352212
13.55 0.00351997
13.56 0.00350616
13.57 0.00348254
13.58 0.00345094
13.59 0.00341302
13.6 0.00337027
13.61 0.00332407
13.62 0.00327571
13.63 0.00322647
13.64 0.00317763
13.65 0.00313036
13.66 0.00308584
13.67 0.00304523
13.68 0.00300961
13.69 0.00297987
13.7 0.00295666
13.71 0.00294039
13.72 0.00293128
13.73 0.00292928
13.74 0.00293407
13.75 0.00294498
13.76 0.002961
13.77 0.00298074
13.78 0.00300237
13.79 0.00302368
13.8 0.00304204
13.81 0.00305437
13.82 0.00305722
13.83 0.00304705
13.84 0.00302078
13.85 0.00297608
13.86 0.00291155
13.87 0.00282649
13.88 0.00272058
13.89 0.00259365
13.9 0.00244564
13.91 0.00227671
13.92 0.00208721
13.93 0.00187762
13.94 0.00164854
13.95 0.00140071
13.96 0.00113503
13.97 0.000852569
13.98 0.000554572
13.99 0.000242364
14 -8.26863e-05
14.01 -0.00041918
14.02 -0.000765665
14.03 -0.0011206
14.04 -0.00148233
14.05 -0.0018491
14.06 -0.00221916
14.07 -0.00259085
14.08 -0.00296268
14.09 -0.00333332
14.1 -0.00370177
14.11 -0.0040673
14.12 -0.00442953
14.13 -0.0047884
14.14 -0.00514426
14.15 -0.00549778
14.16 -0.00584994
14.17 -0.00620192
14.18 -0.00655485
14.19 -0.00690981
14.2 -0.00726781
14.21 -0.0076298
14.22 -0.0079967
14.23 -0.00836943
14.24 -0.00874893
14.25 -0.00913622
14.26 -0.00953234
14.27 -0.00993828
14.28 -0.0103549
14.29 -0.0107828
14.3 -0.0112222
14.31 -0.011673
14.32 -0.0121346
14.33 -0.0126059
14.34 -0.0130853
14.35 -0.0135714
14.36 -0.0140622
14.37 -0.0145582
14.38 -0.0150627
14.39 -0.015579
14.4 -0.0161102
14.41 -0.0166592
14.42 -0.0172287
14.43 -0.0178214
14.44 -0.0184399
14.45 -0.019086
14.46 -0.0197613
14.47 -0.0204666
14.48 -0.0212025
14.49 -0.0219694
14.5 -0.0227675
14.51 -0.023597
14.52 -0.0244582
14.53 -0.0253515
14.54 -0.0262774
14.55 -0.0272366
14.56 -0.0282298
14.57 -0.0292576
14.58 -0.0303207
14.59 -0.0314198
14.6 -0.0325556
14.61 -0.0337281
14.62 -0.0349373
14.63 -0.0361823
14.64 -0.0374616
14.65 -0.0387728
14.66 -0.0401126
14.67 -0.0414771
14.68 -0.0428622
14.69 -0.0442637
14.7 -0.0456779
14.71 -0.0471012
14.72 -0.0485302
14.73 -0.0499606
14.74 -0.0513871
14.75 -0.0528037
14.76 -0.0542037
14.77 -0.0555802
14.78 -0.0569269
14.79 -0.0582373
14.8 -0.0595048
14.81 -0.0607232
14.82 -0.061886
14.83 -0.0629871
14.84 -0.0640202
14.85 -0.0649794
14.86 -0.0658588
14.87 -0.0666526
14.88 -0.0673551
14.89 -0.0679604
14.9 -0.0684625
14.91 -0.0688554
14.92 -0.0691331
14.93 -0.0692894
14.94 -0.0693184
14.95 -0.0692139
14.96 -0.0689707
14.97 -0.0685855
14.98 -0.0680564
14.99 -0.0673838
15 -0.06657
15.01 -0.0656204
15.02 -0.0645428
15.03 -0.0633473
15.04 -0.0620454
15.05 -0.0606506
15.06 -0.0591776
15.07 -0.0576425
15.08 -0.0560623
15.09 -0.0544543
15.1 -0.0528359
15.11 -0.0512242
15.12 -0.0496365
15.13 -0.0480896
15.14 -0.0466001
15.15 -0.0451838
15.16 -0.0438555
15.17 -0.0426288
15.18 -0.0415161
15.19 -0.0405249
15.2 -0.0396572
15.21 -0.0389131
15.22 -0.0382943
15.23 -0.0378022
15.24 -0.0374388
15.25 -0.037206
15.26 -0.0371064
15.27 -0.0371429
15.28 -0.0373184
15.29 -0.0376349
15.3 -0.0380927
15.31 -0.0386907
15.32 -0.0394261
15.33 -0.0402943
15.34 -0.0412894
15.35 -0.0424044
15.36 -0.0436319
15.37 -0.0449635
15.38 -0.0463903
15.39 -0.0479026
15.4 -0.04949
15.41 -0.051141
15.42 -0.0528438
15.43 -0.0545852
15.44 -0.056352
15.45 -0.0581299
15.46 -0.0599045
15.47 -0.0616608
15.48 -0.0633835
15.49 -0.0650569
15.5 -0.0666691
15.51 -0.0682156
15.52 -0.0696931
15.53 -0.0710969
15.54 -0.0724221
15.55 -0.0736639
15.56 -0.0748176
15.57 -0.0758785
15.58 -0.0768419
15.59 -0.0777032
15.6 -0.0784579
15.61 -0.0791013
15.62 -0.079629
15.63 -0.0800364
15.64 -0.0803191
15.65 -0.0804725
15.66 -0.080492
15.67 -0.0803733
15.68 -0.0801128
15.69 -0.0797085
15.7 -0.0791596
15.71 -0.0784665
15.72 -0.0776305
15.73 -0.0766539
15.74 -0.0755403
15.75 -0.0742939
15.76 -0.0729203
15.77 -0.0714258
15.78 -0.0698176
15.79 -0.068104
15.8 -0.066294
15.81 -0.0643978
15.82 -0.0624262
15.83 -0.0603908
15.84 -0.0583043
15.85 -0.0561797
15.86 -0.0540308
15.87 -0.051869
15.88 -0.0496989
15.89 -0.0475193
15.9 -0.0453278
15.91 -0.0431219
15.92 -0.0408995
15.93 -0.0386584
15.94 -0.0363964
15.95 -0.0341113
15.96 -0.0318015
15.97 -0.0294656
15.98 -0.0271028
15.99 -0.0247124
16 -0.0222946
16.01 -0.01985
16.02 -0.0173799
16.03 -0.0148866
16.04 -0.0123733
16.05 -0.00984412
16.06 -0.00730368
16.07 -0.0047571
16.08 -0.00220945
16.09 0.000334344
16.1 0.00286943
16.11 0.00539107
16.12 0.00789453
16.13 0.0103751
16.14 0.0128279
16.15 0.0152482
16.16 0.017631
16.17 0.0199713
16.18 0.0222641
16.19 0.0245043
16.2 0.0266869
16.21 0.0288071
16.22 0.0308606
16.23 0.0328432
16.24 0.0347519
16.25 0.036584
16.26 0.038338
16.27 0.040013
16.28 0.0416088
16.29 0.0431251
16.3 0.0445621
16.31 0.0459201
16.32 0.0471996
16.33 0.0484012
16.34 0.0495257
16.35 0.0505738
16.36 0.0515464
16.37 0.0524445
16.38 0.0532691
16.39 0.0540212
16.4 0.0547019
16.41 0.0553125
16.42 0.0558541
16.43 0.056328
16.44 0.056735
16.45 0.0570762
16.46 0.0573525
16.47 0.0575647
16.48 0.0577139
16.49 0.0578008
16.5 0.0578263
16.51 0.0577912
16.52 0.0576965
16.53 0.0575439
16.54 0.0573355
16.55 0.0570736
16.56 0.0567612
16.57 0.0564012
16.58 0.0559969
16.59 0.0555518
16.6 0.0550694
16.61 0.0545533
16.62 0.0540072
16.63 0.0534344
16.64 0.0528382
16.65 0.0522217
16.66 0.0515877
16.67 0.0509389
16.68 0.0502775
16.69 0.0496055
16.7 0.0489247
16.71 0.0482368
16.72 0.0475442
16.73 0.0468492
16.74 0.0461552
16.75 0.0454657
16.76 0.0447846
16.77 0.0441159
16.78 0.0434637
16.79 0.0428321
16.8 0.0422254
16.81 0.0416476
16.82 0.0411029
16.83 0.040595
16.84 0.0401274
16.85 0.0397034
16.86 0.039326
16.87 0.0389974
16.88 0.0387195
16.89 0.0384935
16.9 0.03832
16.91 0.038199
16.92 0.03813
16.93 0.0381122
16.94 0.0381442
16.95 0.0382246
16.96 0.0383516
16.97 0.038523
16.98 0.0387366
16.99 0.0389898
17 0.0392798
17.01 0.0396036
17.02 0.0399582
17.03 0.0403399
17.04 0.0407452
17.05 0.0411701
17.06 0.0416106
17.07 0.0420626
17.08 0.042522
17.09 0.0429848
17.1 0.0434469
17.11 0.0439042
17.12 0.0443526
17.13 0.0447882
17.14 0.0452073
17.15 0.0456064
17.16 0.045982
17.17 0.0463311
17.18 0.0466506
17.19 0.0469378
17.2 0.0471905
17.21 0.0474067
17.22 0.0475847
17.23 0.0477232
17.24 0.047821
17.25 0.0478775
17.26 0.0478921
17.27 0.0478645
17.28 0.0477946
17.29 0.0476827
17.3 0.0475293
17.31 0.047335
17.32 0.0471011
17.33 0.0468288
17.34 0.04652
17.35 0.0461763
17.36 0.0457994
17.37 0.0453911
17.38 0.0449528
17.39 0.0444859
17.4 0.0439916
17.41 0.0434706
17.42 0.0429235
17.43 0.0423511
17.44 0.0417541
17.45 0.0411342
17.46 0.0404934
17.47 0.0398344
17.48 0.0391609
17.49 0.0384765
17.5 0.0377854
17.51 0.0370918
17.52 0.0363995
17.53 0.0357125
17.54 0.0350346
17.55 0.0343695
17.56 0.0337211
17.57 0.0330931
17.58 0.0324895
17.59 0.0319141
17.6 0.031371
17.61 0.0308644
17.62 0.0303985
17.63 0.0299767
17.64 0.0296007
17.65 0.0292715
17.66 0.0289909
17.67 0.0287609
17.68 0.0285835
17.69 0.0284609
17.7 0.0283954
17.71 0.0283891
17.72 0.0284435
17.73 0.0285596
17.74 0.0287374
17.75 0.0289764
17.76 0.0292756
17.77 0.0296341
17.78 0.0300509
17.79 0.0305251
17.8 0.0310555
17.81 0.0316409
17.82 0.0322797
17.83 0.0329698
17.84 0.0337087
17.85 0.0344936
17.86 0.0353212
17.87 0.0361877
17.88 0.0370891
17.89 0.0380205
17.9 0.0389764
17.91 0.0399508
17.92 0.0409368
17.93 0.0419275
17.94 0.0429156
17.95 0.0438938
17.96 0.0448547
17.97 0.0457911
17.98 0.0466957
17.99 0.0475617
18 0.0483822
18.01 0.0491511
18.02 0.0498626
18.03 0.0505112
18.04 0.0510923
18.05 0.0516019
18.06 0.0520366
18.07 0.0523936
18.08 0.052671
18.09 0.0528671
18.1 0.0529812
18.11 0.053013
18.12 0.0529629
18.13 0.052832
18.14 0.0526221
18.15 0.052336
18.16 0.0519769
18.17 0.0515489
18.18 0.0510567
18.19 0.0505059
18.2 0.0499023
18.21 0.0492525
18.22 0.0485634
18.23 0.047842
18.24 0.0470954
18.25 0.0463308
18.26 0.0455555
18.27 0.0447765
18.28 0.044001
18.29 0.0432362
18.3 0.0424889
18.31 0.0417661
18.32 0.0410744
18.33 0.0404203
18.34 0.0398096
18.35 0.0392479
18.36 0.0387402
18.37 0.0382907
18.38 0.037903
18.39 0.0375804
18.4 0.0373254
18.41 0.0371404
18.42 0.037027
18.43 0.0369866
18.44 0.0370203
18.45 0.0371289
18.46 0.0373125
18.47 0.0375712
18.48 0.0379043
18.49 0.038311
18.5 0.0387893
18.51 0.0393371
18.52 0.0399512
18.53 0.0406277
18.54 0.0413621
18.55 0.0421493
18.56 0.0429835
18.57 0.0438584
18.58 0.0447673
18.59 0.0457034
18.6 0.0466595
18.61 0.0476287
18.62 0.0486038
18.63 0.0495777
18.64 0.0505435
18.65 0.0514942
18.66 0.052423
18.67 0.053323
18.68 0.0541871
18.69 0.0550078
18.7 0.0557774
18.71 0.0564891
18.72 0.0571388
18.73 0.0577229
18.74 0.0582374
18.75 0.0586783
18.76 0.0590419
18.77 0.0593244
18.78 0.0595221
18.79 0.0596314
18.8 0.0596487
18.81 0.0595702
18.82 0.0593928
18.83 0.0591143
18.84 0.0587332
18.85 0.0582487
18.86 0.0576607
18.87 0.0569699
18.88 0.0561779
18.89 0.0552872
18.9 0.0543013
18.91 0.053225
18.92 0.0520642
18.93 0.0508262
18.94 0.0495192
18.95 0.0481525
18.96 0.0467357
18.97 0.045279
18.98 0.0437923
18.99 0.0422858
19 0.0407692
19.01 0.039252
19.02 0.0377433
19.03 0.0362515
19.04 0.0347851
19.05 0.0333521
19.06 0.0319607
19.07 0.0306155
19.08 0.0293152
19.09 0.0280566
19.1 0.0268377
19.11 0.0256565
19.12 0.0245109
19.13 0.0233984
19.14 0.0223164
19.15 0.0212625
19.16 0.0202342
19.17 0.0192294
19.18 0.0182469
19.19 0.0172861
19.2 0.0163472
19.21 0.0154315
19.22 0.0145404
19.23 0.0136762
19.24 0.0128411
19.25 0.0120376
19.26 0.0112672
19.27 0.0105308
19.28 0.00982889
19.29 0.00916142
19.3 0.00852856
19.31 0.00793074
19.32 0.00736868
19.33 0.00684344
19.34 0.00635652
19.35 0.00590987
19.36 0.00550589
19.37 0.00514726
19.38 0.00483676
19.39 0.00457702
19.4 0.0043706
19.41 0.00422002
19.42 0.00412786
19.43 0.00409664
19.44 0.00412885
19.45 0.00422671
19.46 0.00439182
19.47 0.00462517
19.48 0.00492729
19.49 0.00529809
19.5 0.00573678
19.51 0.00624181
19.52 0.00681094
19.53 0.00744134
19.54 0.00812942
19.55 0.00887075
19.56 0.00965998
19.57 0.010491
19.58 0.0113573
19.59 0.0122519
19.6 0.0131675
19.61 0.0140968
19.62 0.0150321
19.63 0.0159656
19.64 0.0168899
19.65 0.0177973
19.66 0.0186806
19.67 0.0195324
19.68 0.0203459
19.69 0.0211144
19.7 0.0218314
19.71 0.0224909
19.72 0.0230872
19.73 0.0236152
19.74 0.0240705
19.75 0.0244493
19.76 0.0247487
19.77 0.024967
19.78 0.025103
19.79 0.0251564
19.8 0.0251276
19.81 0.0250175
19.82 0.0248278
19.83 0.0245605
19.84 0.0242183
19.85 0.023804
19.86 0.0233211
19.87 0.0227732
19.88 0.0221645
19.89 0.0214994
19.9 0.0207831
19.91 0.020021
19.92 0.0192192
19.93 0.0183842
19.94 0.0175227
19.95 0.0166417
19.96 0.0157481
19.97 0.0148486
19.98 0.0139499
19.99 0.0130581
20 0.0121794
20.01 0.0113193
20.02 0.0104834
20.03 0.00967707
20.04 0.00890572
20.05 0.008175
20.06 0.00749065
20.07 0.00685843
20.08 0.00628415
20.09 0.00577354
20.1 0.00533224
20.11 0.00496564
20.12 0.00467862
20.13 0.0044753
20.14 0.00435901
20.15 0.00433236
20.16 0.0043972
20.17 0.00455447
20.18 0.00480418
20.19 0.00514538
20.2 0.00557609
20.21 0.00609336
20.22 0.00669331
20.23 0.00737144
20.24 0.0081227
20.25 0.00894149
20.26 0.00982164
20.27 0.0107564
20.28 0.0117383
20.29 0.0127595
20.3 0.0138118
20.31 0.0148865
20.32 0.0159744
20.33 0.0170666
20.34 0.0181538
20.35 0.0192271
20.36 0.0202775
20.37 0.021297
20.38 0.0222777
20.39 0.0232129
20.4 0.0240964
20.41 0.0249232
20.42 0.0256886
20.43 0.0263893
20.44 0.0270221
20.45 0.0275848
20.46 0.0280755
20.47 0.028493
20.48 0.0288367
20.49 0.0291065
20.5 0.0293033
20.51 0.0294282
20.52 0.0294832
20.53 0.0294707
20.54 0.0293939
20.55 0.0292561
20.56 0.0290614
20.57 0.0288138
20.58 0.0285178
20.59 0.0281774
20.6 0.0277966
20.61 0.0273793
20.62 0.0269292
20.63 0.02645
20.64 0.0259455
20.65 0.0254196
20.66 0.0248766
20.67 0.0243205
20.68 0.0237557
20.69 0.0231866
20.7 0.0226179
20.71 0.0220542
20.72 0.0215001
20.73 0.0209603
20.74 0.0204391
20.75 0.0199409
20.76 0.0194695
20.77 0.0190287
20.78 0.0186223
20.79 0.0182537
20.8 0.0179266
20.81 0.0176443
20.82 0.0174106
20.83 0.017229
20.84 0.0171028
20.85 0.0170348
20.86 0.0170272
20.87 0.0170813
20.88 0.0171977
20.89 0.0173762
20.9 0.0176155
20.91 0.0179139
20.92 0.0182691
20.93 0.0186782
20.94 0.019138
20.95 0.0196449
20.96 0.0201946
20.97 0.0207823
20.98 0.0214028
20.99 0.0220501
21 0.0227178
21.01 0.023399
21.02 0.0240863
21.03 0.0247719
21.04 0.0254478
21.05 0.0261062
21.06 0.0267396
21.07 0.0273406
21.08 0.0279024
21.09 0.0284183
21.1 0.0288822
21.11 0.0292887
21.12 0.029633
21.13 0.0299113
21.14 0.0301208
21.15 0.0302592
21.16 0.0303251
21.17 0.0303179
21.18 0.0302372
21.19 0.0300835
21.2 0.0298579
21.21 0.0295619
21.22 0.0291976
21.23 0.0287677
21.24 0.0282754
21.25 0.0277245
21.26 0.0271193
21.27 0.0264647
21.28 0.0257664
21.29 0.0250303
21.3 0.0242629
21.31 0.0234709
21.32 0.0226613
21.33 0.0218407
21.34 0.0210159
21.35 0.0201932
21.36 0.0193789
21.37 0.0185787
21.38 0.0177981
21.39 0.017042
21.4 0.0163148
21.41 0.0156205
21.42 0.0149626
21.43 0.0143442
21.44 0.013768
21.45 0.0132365
21.46 0.0127519
21.47 0.0123163
21.48 0.0119314
21.49 0.0115984
21.5 0.0113184
21.51 0.0110916
21.52 0.0109182
21.53 0.0107978
21.54 0.0107296
21.55 0.0107125
21.56 0.0107451
21.57 0.0108253
21.58 0.0109505
21.59 0.0111179
21.6 0.0113238
21.61 0.0115644
21.62 0.0118356
21.63 0.0121335
21.64 0.0124539
21.65 0.012793
21.66 0.0131473
21.67 0.0135132
21.68 0.0138876
21.69 0.0142672
21.7 0.0146489
21.71 0.0150294
21.72 0.0154055
21.73 0.0157742
21.74 0.0161326
21.75 0.0164782
21.76 0.0168087
21.77 0.0171225
21.78 0.017418
21.79 0.0176941
21.8 0.0179498
21.81 0.0181842
21.82 0.0183964
21.83 0.0185853
21.84 0.0187498
21.85 0.0188886
21.86 0.0190005
21.87 0.0190843
21.88 0.0191388
21.89 0.0191629
21.9 0.0191557
21.91 0.0191166
21.92 0.0190455
21.93 0.0189424
21.94 0.0188082
21.95 0.0186438
21.96 0.0184505
21.97 0.0182297
21.98 0.0179828
21.99 0.0177109
22 0.017415
22.01 0.017096
22.02 0.0167544
22.03 0.016391
22.04 0.0160066
22.05 0.0156026
22.06 0.0151813
22.07 0.0147456
22.08 0.0142992
22.09 0.0138461
22.1 0.0133905
22.11 0.0129368
22.12 0.0124896
22.13 0.0120533
22.14 0.0116322
22.15 0.0112305
22.16 0.0108517
22.17 0.0104992
22.18 0.0101759
22.19 0.00988453
22.2 0.00962723
22.21 0.00940617
22.22 0.00922333
22.23 0.00908056
22.24 0.00897955
22.25 0.00892176
22.26 0.00890833
22.27 0.00894008
22.28 0.00901737
22.29 0.00914004
22.3 0.00930735
22.31 0.00951781
22.32 0.00976924
22.33 0.0100589
22.34 0.0103833
22.35 0.010739
22.36 0.0111219
22.37 0.0115278
22.38 0.0119524
22.39 0.0123916
22.4 0.0128412
22.41 0.0132971
22.42 0.0137555
22.43 0.0142128
22.44 0.0146653
22.45 0.0151099
22.46 0.0155434
22.47 0.0159632
22.48 0.016367
22.49 0.0167529
22.5 0.0171195
22.51 0.0174657
22.52 0.0177908
22.53 0.0180947
22.54 0.0183773
22.55 0.0186391
22.56 0.0188804
22.57 0.019102
22.58 0.0193048
22.59 0.01949
22.6 0.0196588
22.61 0.0198125
22.62 0.0199527
22.63 0.0200807
22.64 0.020198
22.65 0.0203057
22.66 0.0204048
22.67 0.0204962
22.68 0.0205803
22.69 0.0206574
22.7 0.0207278
22.71 0.0207921
22.72 0.0208509
22.73 0.0209049
22.74 0.0209551
22.75 0.0210023
22.76 0.0210475
22.77 0.0210915
22.78 0.0211349
22.79 0.0211783
22.8 0.0212223
22.81 0.0212674
22.82 0.021314
22.83 0.0213626
22.84 0.0214134
22.85 0.0214667
22.86 0.0215228
22.87 0.0215816
22.88 0.0216432
22.89 0.0217073
22.9 0.0217736
22.91 0.0218415
22.92 0.0219101
22.93 0.0219786
22.94 0.0220458
22.95 0.0221102
22.96 0.0221705
22.97 0.0222251
22.98 0.0222723
22.99 0.022311
23 0.0223404
23.01 0.0223602
23.02 0.0223706
23.03 0.022372
23.04 0.0223652
23.05 0.0223512
23.06 0.0223311
23.07 0.0223059
23.08 0.0222763
23.09 0.0222429
23.1 0.0222058
23.11 0.0221651
23.12 0.0221211
23.13 0.0220738
23.14 0.0220235
23.15 0.0219704
23.16 0.0219149
23.17 0.0218572
23.18 0.0217978
23.19 0.0217372
23.2 0.021676
23.21 0.0216149
23.22 0.0215545
23.23 0.0214954
23.24 0.021438
23.25 0.0213831
23.26 0.0213309
23.27 0.0212821
23.28 0.021237
23.29 0.0211962
23.3 0.0211605
23.31 0.0211305
23.32 0.0211069
23.33 0.0210903
23.34 0.0210811
23.35 0.0210799
23.36 0.0210866
23.37 0.0211014
23.38 0.021124
23.39 0.0211539
23.4 0.0211903
23.41 0.0212321
23.42 0.021278
23.43 0.0213264
23.44 0.0213755
23.45 0.0214234
23.46 0.0214681
23.47 0.0215078
23.48 0.0215408
23.49 0.0215658
23.5 0.021582
23.51 0.0215887
23.52 0.0215852
23.53 0.0215712
23.54 0.0215464
23.55 0.0215107
23.56 0.0214641
23.57 0.0214068
23.58 0.0213391
23.59 0.0212615
23.6 0.0211748
23.61 0.0210797
23.62 0.0209772
23.63 0.0208681
23.64 0.0207539
23.65 0.0206357
23.66 0.020515
23.67 0.0203931
23.68 0.0202713
23.69 0.0201506
23.7 0.020032
23.71 0.0199162
23.72 0.0198036
23.73 0.0196948
23.74 0.0195897
23.75 0.0194882
23.76 0.0193898
23.77 0.0192938
23.78 0.0191988
23.79 0.0191033
23.8 0.0190054
23.81 0.0189032
23.82 0.018795
23.83 0.0186791
23.84 0.0185538
23.85 0.0184179
23.86 0.0182699
23.87 0.0181088
23.88 0.0179336
23.89 0.0177435
23.9 0.0175375
23.91 0.0173148
23.92 0.0170745
23.93 0.0168159
23.94 0.0165382
23.95 0.0162412
23.96 0.0159246
23.97 0.015589
23.98 0.0152352
23.99 0.0148648
24 0.0144799
24.01 0.0140833
24.02 0.0136782
24.03 0.0132681
24.04 0.012857
24.05 0.0124497
24.06 0.0120513
24.07 0.0116674
24.08 0.0113038
24.09 0.0109662
24.1 0.0106599
24.11 0.0103898
24.12 0.01016
24.13 0.00997418
24.14 0.00983479
24.15 0.00974349
24.16 0.00970095
24.17 0.00970708
24.18 0.00976123
24.19 0.0098623
24.2 0.0100087
24.21 0.0101985
24.22 0.0104293
24.23 0.0106981
24.24 0.0110018
24.25 0.0113367
24.26 0.0116991
24.27 0.0120848
24.28 0.0124891
24.29 0.0129074
24.3 0.0133344
24.31 0.0137648
24.32 0.0141932
24.33 0.0146144
24.34 0.0150238
24.35 0.0154175
24.36 0.0157923
24.37 0.0161454
24.38 0.0164747
24.39 0.0167782
24.4 0.0170546
24.41 0.0173025
24.42 0.017521
24.43 0.0177091
24.44 0.017866
24.45 0.0179909
24.46 0.0180835
24.47 0.0181433
24.48 0.0181708
24.49 0.0181663
24.5 0.0181306
24.51 0.0180649
24.52 0.0179703
24.53 0.0178485
24.54 0.0177008
24.55 0.0175291
24.56 0.0173351
24.57 0.0171204
24.58 0.0168868
24.59 0.016636
24.6 0.0163697
24.61 0.0160897
24.62 0.0157982
24.63 0.0154972
24.64 0.0151886
24.65 0.014875
24.66 0.0145588
24.67 0.0142429
24.68 0.0139303
24.69 0.0136241
24.7 0.0133277
24.71 0.0130444
24.72 0.0127774
24.73 0.01253
24.74 0.012305
24.75 0.0121054
24.76 0.0119339
24.77 0.0117929
24.78 0.0116847
24.79 0.0116109
24.8 0.0115729
24.81 0.0115715
24.82 0.011607
24.83 0.0116793
24.84 0.0117878
24.85 0.0119315
24.86 0.0121089
24.87 0.0123184
24.88 0.0125578
24.89 0.0128246
24.9 0.0131158
24.91 0.0134281
24.92 0.0137579
24.93 0.0141012
24.94 0.0144539
24.95 0.0148119
24.96 0.0151709
24.97 0.0155268
24.98 0.0158754
24.99 0.0162128
25 0.0165352
