0.01 3.16651e-09
0.02 1.5231e-08
0.03 3.75256e-08
0.04 6.75866e-08
0.05 1.02968e-07
0.06 1.41274e-07
0.07 1.80191e-07
0.08 2.17489e-07
0.09 2.51022e-07
0.1 2.78732e-07
0.11 2.98684e-07
0.12 3.09072e-07
0.13 3.08193e-07
0.14 2.94395e-07
0.15 2.66074e-07
0.16 2.21737e-07
0.17 1.60058e-07
0.18 7.98938e-08
0.19 -1.96989e-08
0.2 -1.39451e-07
0.21 -2.79869e-07
0.22 -4.4123e-07
0.23 -6.23585e-07
0.24 -8.26788e-07
0.25 -1.05052e-06
0.26 -1.29436e-06
0.27 -1.55783e-06
0.28 -1.84025e-06
0.29 -2.1405e-06
0.3 -2.45695e-06
0.31 -2.78737e-06
0.32 -3.12894e-06
0.33 -3.47805e-06
0.34 -3.83027e-06
0.35 -4.18057e-06
0.36 -4.52366e-06
0.37 -4.85408e-06
0.38 -5.16684e-06
0.39 -5.4582e-06
0.4 -5.7263e-06
0.41 -5.97147e-06
0.42 -6.19576e-06
0.43 -6.40231e-06
0.44 -6.59546e-06
0.45 -6.78051e-06
0.46 -6.96327e-06
0.47 -7.14957e-06
0.48 -7.34468e-06
0.49 -7.55303e-06
0.5 -7.77808e-06
0.51 -8.02255e-06
0.52 -8.2887e-06
0.53 -8.57787e-06
0.54 -8.8907e-06
0.55 -9.2276e-06
0.56 -9.58825e-06
0.57 -9.97177e-06
0.58 -1.03772e-05
0.59 -1.08034e-05
0.6 -1.12491e-05
0.61 -1.17126e-05
0.62 -1.21922e-05
0.63 -1.2686e-05
0.64 -1.31918e-05
0.65 -1.37077e-05
0.66 -1.42317e-05
0.67 -1.47623e-05
0.68 -1.5298e-05
0.69 -1.58377e-05
0.7 -1.63805e-05
0.71 -1.6925e-05
0.72 -1.74694e-05
0.73 -1.80101e-05
0.74 -1.8542e-05
0.75 -1.90572e-05
0.76 -1.95449e-05
0.77 -1.99921e-05
0.78 -2.03846e-05
0.79 -2.07094e-05
0.8 -2.09562e-05
0.81 -2.1118e-05
0.82 -2.11909e-05
0.83 -2.11732e-05
0.84 -2.10656e-05
0.85 -2.08726e-05
0.86 -2.06022e-05
0.87 -2.02613e-05
0.88 -1.98526e-05
0.89 -1.93734e-05
0.9 -1.8818e-05
0.91 -1.81797e-05
0.92 -1.74518e-05
0.93 -1.66299e-05
0.94 -1.57144e-05
0.95 -1.47115e-05
0.96 -1.36346e-05
0.97 -1.25023e-05
0.98 -1.13345e-05
0.99 -1.01464e-05
1 -8.94678e-06
1.01 -7.73879e-06
1.02 -6.51967e-06
1.03 -5.28192e-06
1.04 -4.01574e-06
1.05 -2.71135e-06
1.06 -1.36231e-06
1.07 3.28689e-08
1.08 1.47211e-06
1.09 2.9526e-06
1.1 4.47164e-06
1.11 6.02526e-06
1.12 7.60944e-06
1.13 9.22191e-06
1.14 1.08616e-05
1.15 1.25271e-05
1.16 1.42153e-05
1.17 1.59184e-05
1.18 1.76217e-05
1.19 1.93061e-05
1.2 2.09507e-05
1.21 2.2532e-05
1.22 2.40226e-05
1.23 2.5394e-05
1.24 2.66225e-05
1.25 2.7697e-05
1.26 2.86234e-05
1.27 2.94202e-05
1.28 3.01082e-05
1.29 3.07083e-05
1.3 3.12399e-05
1.31 3.17168e-05
1.32 3.21435e-05
1.33 3.25191e-05
1.34 3.28417e-05
1.35 3.31124e-05
1.36 3.33353e-05
1.37 3.35175e-05
1.38 3.36686e-05
1.39 3.3799e-05
1.4 3.39181e-05
1.41 3.40312e-05
1.42 3.41352e-05
1.43 3.42152e-05
1.44 3.42402e-05
1.45 3.41615e-05
1.46 3.39143e-05
1.47 3.34252e-05
1.48 3.26187e-05
1.49 3.14191e-05
1.5 2.97543e-05
1.51 2.7561e-05
1.52 2.47867e-05
1.53 2.13973e-05
1.54 1.73853e-05
1.55 1.27769e-05
1.56 7.63483e-06
1.57 2.04764e-06
1.58 -3.87879e-06
1.59 -1.00287e-05
1.6 -1.62894e-05
1.61 -2.25588e-05
1.62 -2.87425e-05
1.63 -3.47559e-05
1.64 -4.05237e-05
1.65 -4.59802e-05
1.66 -5.10719e-05
1.67 -5.57592e-05
1.68 -6.00151e-05
1.69 -6.38187e-05
1.7 -6.71524e-05
1.71 -7.00014e-05
1.72 -7.23536e-05
1.73 -7.4197e-05
1.74 -7.55166e-05
1.75 -7.62904e-05
1.76 -7.64944e-05
1.77 -7.61096e-05
1.78 -7.51179e-05
1.79 -7.34968e-05
1.8 -7.12218e-05
1.81 -6.82716e-05
1.82 -6.46278e-05
1.83 -6.02777e-05
1.84 -5.52236e-05
1.85 -4.94888e-05
1.86 -4.31123e-05
1.87 -3.61397e-05
1.88 -2.8616e-05
1.89 -2.0585e-05
1.9 -1.20891e-05
1.91 -3.16885e-06
1.92 6.13746e-06
1.93 1.57916e-05
1.94 2.57426e-05
1.95 3.59111e-05
1.96 4.6189e-05
1.97 5.64455e-05
1.98 6.65321e-05
1.99 7.62952e-05
2 8.55972e-05
2.01 9.43356e-05
2.02 0.000102445
2.03 0.000109896
2.04 0.000116688
2.05 0.000122847
2.06 0.000128405
2.07 0.0001334
2.08 0.000137851
2.09 0.000141755
2.1 0.000145078
2.11 0.000147762
2.12 0.000149723
2.13 0.000150844
2.14 0.000150992
2.15 0.000150026
2.16 0.000147803
2.17 0.000144186
2.18 0.000139045
2.19 0.000132252
2.2 0.000123673
2.21 0.000113178
2.22 0.000100646
2.23 8.59803e-05
2.24 6.9108e-05
2.25 4.99779e-05
2.26 2.85649e-05
2.27 4.89616e-06
2.28 -2.09431e-05
2.29 -4.88228e-05
2.3 -7.85732e-05
2.31 -0.000109985
2.32 -0.000142805
2.33 -0.000176724
2.34 -0.000211376
2.35 -0.000246345
2.36 -0.000281174
2.37 -0.000315383
2.38 -0.000348478
2.39 -0.000379953
2.4 -0.000409312
2.41 -0.000436114
2.42 -0.000459988
2.43 -0.000480626
2.44 -0.000497758
2.45 -0.000511154
2.46 -0.000520623
2.47 -0.000526025
2.48 -0.000527277
2.49 -0.000524334
2.5 -0.000517176
2.51 -0.000505791
2.52 -0.000490175
2.53 -0.000470348
2.54 -0.000446355
2.55 -0.000418259
2.56 -0.000386154
2.57 -0.00035018
2.58 -0.000310553
2.59 -0.000267563
2.6 -0.000221565
2.61 -0.000172966
2.62 -0.000122194
2.63 -6.96841e-05
2.64 -1.58575e-05
2.65 3.88782e-05
2.66 9.41319e-05
2.67 0.000149528
2.68 0.000204696
2.69 0.000259264
2.7 0.000312848
2.71 0.000365073
2.72 0.000415572
2.73 0.00046399
2.74 0.000510009
2.75 0.000553346
2.76 0.00059375
2.77 0.000630989
2.78 0.000664881
2.79 0.000695309
2.8 0.000722209
2.81 0.000745573
2.82 0.00076541
2.83 0.000781721
2.84 0.000794491
2.85 0.000803687
2.86 0.000809268
2.87 0.00081117
2.88 0.0008093
2.89 0.000803539
2.9 0.000793771
2.91 0.000779888
2.92 0.000761791
2.93 0.000739399
2.94 0.000712661
2.95 0.000681561
2.96 0.000646127
2.97 0.00060646
2.98 0.000562741
2.99 0.000515222
3 0.00046421
3.01 0.000410052
3.02 0.000353114
3.03 0.00029376
3.04 0.000232343
3.05 0.000169196
3.06 0.00010462
3.07 3.8882e-05
3.08 -2.77858e-05
3.09 -9.51699e-05
3.1 -0.000163045
3.11 -0.000231146
3.12 -0.000299155
3.13 -0.000366685
3.14 -0.000433301
3.15 -0.000498545
3.16 -0.000561954
3.17 -0.000623056
3.18 -0.000681382
3.19 -0.000736477
3.2 -0.000787934
3.21 -0.000835376
3.22 -0.000878427
3.23 -0.000916699
3.24 -0.000949799
3.25 -0.000977335
3.26 -0.000998932
3.27 -0.00101422
3.28 -0.00102281
3.29 -0.00102436
3.3 -0.00101856
3.31 -0.00100515
3.32 -0.000983941
3.33 -0.000954794
3.34 -0.000917733
3.35 -0.000872935
3.36 -0.000820755
3.37 -0.000761706
3.38 -0.000696447
3.39 -0.000625772
3.4 -0.000550589
3.41 -0.000471905
3.42 -0.000390778
3.43 -0.000308279
3.44 -0.000225465
3.45 -0.000143366
3.46 -6.29675e-05
3.47 1.48352e-05
3.48 8.92913e-05
3.49 0.000159815
3.5 0.000225984
3.51 0.000287522
3.52 0.000344296
3.53 0.000396297
3.54 0.000443606
3.55 0.000486342
3.56 0.000524605
3.57 0.000558463
3.58 0.000587999
3.59 0.000613319
3.6 0.000634513
3.61 0.000651636
3.62 0.000664712
3.63 0.000673741
3.64 0.000678688
3.65 0.000679495
3.66 0.00067607
3.67 0.00066828
3.68 0.000655951
3.69 0.000638893
3.7 0.000616949
3.71 0.000590012
3.72 0.00055801
3.73 0.000520923
3.74 0.000478816
3.75 0.000431822
3.76 0.000380131
3.77 0.000323998
3.78 0.000263741
3.79 0.000199734
3.8 0.000132411
3.81 6.22848e-05
3.82 -1.00649e-05
3.83 -8.4024e-05
3.84 -0.000158946
3.85 -0.000234166
3.86 -0.000309055
3.87 -0.000383064
3.88 -0.000455759
3.89 -0.000526828
3.9 -0.000596086
3.91 -0.000663478
3.92 -0.000729072
3.93 -0.000793027
3.94 -0.000855546
3.95 -0.000916849
3.96 -0.000977149
3.97 -0.00103661
3.98 -0.00109529
3.99 -0.00115311
4 -0.00120984
4.01 -0.00126512
4.02 -0.00131846
4.03 -0.00136929
4.04 -0.00141692
4.05 -0.00146058
4.06 -0.00149941
4.07 -0.00153247
4.08 -0.0015587
4.09 -0.001577
4.1 -0.0015862
4.11 -0.0015852
4.12 -0.001573
4.13 -0.00154888
4.14 -0.00151234
4.15 -0.00146324
4.16 -0.00140182
4.17 -0.0013287
4.18 -0.00124485
4.19 -0.00115152
4.2 -0.00105018
4.21 -0.000942486
4.22 -0.000830179
4.23 -0.000714962
4.24 -0.00059843
4.25 -0.000482077
4.26 -0.000367323
4.27 -0.000255484
4.28 -0.000147729
4.29 -4.5059e-05
4.3 5.17188e-05
4.31 0.000141979
4.32 0.000225253
4.33 0.000301225
4.34 0.000369752
4.35 0.000430884
4.36 0.000484861
4.37 0.000532091
4.38 0.000573117
4.39 0.000608572
4.4 0.000639167
4.41 0.000665687
4.42 0.000688966
4.43 0.00070985
4.44 0.000729168
4.45 0.000747687
4.46 0.000766031
4.47 0.000784631
4.48 0.000803722
4.49 0.000823394
4.5 0.000843672
4.51 0.000864542
4.52 0.000885906
4.53 0.000907547
4.54 0.000929139
4.55 0.000950268
4.56 0.000970444
4.57 0.000989117
4.58 0.00100568
4.59 0.00101948
4.6 0.00102986
4.61 0.00103617
4.62 0.00103786
4.63 0.00103445
4.64 0.00102554
4.65 0.00101086
4.66 0.00099024
4.67 0.000963702
4.68 0.00093145
4.69 0.000893849
4.7 0.000851363
4.71 0.000804492
4.72 0.00075373
4.73 0.000699586
4.74 0.00064256
4.75 0.000583073
4.76 0.000521469
4.77 0.000458051
4.78 0.000393097
4.79 0.000326883
4.8 0.000259681
4.81 0.000191705
4.82 0.000123116
4.83 5.40885e-05
4.84 -1.52025e-05
4.85 -8.46357e-05
4.86 -0.000154124
4.87 -0.00022354
4.88 -0.000292701
4.89 -0.000361405
4.9 -0.000429442
4.91 -0.000496554
4.92 -0.000562432
4.93 -0.000626728
4.94 -0.000689091
4.95 -0.000749169
4.96 -0.000806601
4.97 -0.000860999
4.98 -0.000911937
4.99 -0.000958956
5 -0.00100158
5.01 -0.00103935
5.02 -0.00107191
5.03 -0.00109904
5.04 -0.00112067
5.05 -0.0011369
5.06 -0.00114798
5.07 -0.00115433
5.08 -0.00115652
5.09 -0.00115518
5.1 -0.00115102
5.11 -0.00114481
5.12 -0.00113729
5.13 -0.00112915
5.14 -0.00112099
5.15 -0.00111328
5.16 -0.00110629
5.17 -0.00110007
5.18 -0.00109446
5.19 -0.00108914
5.2 -0.00108369
5.21 -0.00107752
5.22 -0.00106999
5.23 -0.00106044
5.24 -0.00104828
5.25 -0.00103293
5.26 -0.00101381
5.27 -0.00099028
5.28 -0.000961695
5.29 -0.000927446
5.3 -0.000886994
5.31 -0.000839876
5.32 -0.000785749
5.33 -0.000724474
5.34 -0.000656168
5.35 -0.000581192
5.36 -0.000500169
5.37 -0.000414034
5.38 -0.000323999
5.39 -0.000231431
5.4 -0.000137757
5.41 -4.44158e-05
5.42 4.71862e-05
5.43 0.000135755
5.44 0.000220167
5.45 0.000299499
5.46 0.000373023
5.47 0.000440169
5.48 0.000500472
5.49 0.000553556
5.5 0.000599176
5.51 0.000637237
5.52 0.000667745
5.53 0.000690765
5.54 0.000706417
5.55 0.00071491
5.56 0.000716529
5.57 0.000711561
5.58 0.00070024
5.59 0.000682766
5.6 0.000659353
5.61 0.000630269
5.62 0.000595849
5.63 0.000556482
5.64 0.000512617
5.65 0.000464743
5.66 0.000413359
5.67 0.00035901
5.68 0.000302307
5.69 0.000243943
5.7 0.00018469
5.71 0.000125405
5.72 6.70272e-05
5.73 1.05359e-05
5.74 -4.30948e-05
5.75 -9.28891e-05
5.76 -0.000137909
5.77 -0.000177315
5.78 -0.000210414
5.79 -0.000236701
5.8 -0.000255896
5.81 -0.000267961
5.82 -0.000273123
5.83 -0.000271894
5.84 -0.000265036
5.85 -0.000253505
5.86 -0.000238389
5.87 -0.000220877
5.88 -0.000202209
5.89 -0.000183638
5.9 -0.000166374
5.91 -0.000151526
5.92 -0.000140051
5.93 -0.000132753
5.94 -0.000130265
5.95 -0.000133014
5.96 -0.000141154
5.97 -0.000154506
5.98 -0.000172571
5.99 -0.000194592
6 -0.000219578
6.01 -0.000246364
6.02 -0.000273715
6.03 -0.000300367
6.04 -0.000325042
6.05 -0.000346474
6.06 -0.000363478
6.07 -0.000375033
6.08 -0.000380341
6.09 -0.000378828
6.1 -0.000370097
6.11 -0.000353916
6.12 -0.000330237
6.13 -0.00029919
6.14 -0.000261017
6.15 -0.000216001
6.16 -0.00016442
6.17 -0.000106474
6.18 -4.22022e-05
6.19 2.85167e-05
6.2 0.000105883
6.21 0.000190115
6.22 0.000281459
6.23 0.00038019
6.24 0.000486529
6.25 0.000600614
6.26 0.000722527
6.27 0.000852285
6.28 0.000989849
6.29 0.00113516
6.3 0.00128816
6.31 0.00144877
6.32 0.00161694
6.33 0.00179263
6.34 0.00197581
6.35 0.0021664
6.36 0.00236424
6.37 0.00256895
6.38 0.0027798
6.39 0.00299573
6.4 0.00321541
6.41 0.00343734
6.42 0.00365994
6.43 0.00388166
6.44 0.00410107
6.45 0.00431695
6.46 0.00452837
6.47 0.00473465
6.48 0.0049352
6.49 0.0051294
6.5 0.0053165
6.51 0.00549545
6.52 0.00566481
6.53 0.00582283
6.54 0.00596743
6.55 0.00609615
6.56 0.00620624
6.57 0.00629474
6.58 0.00635868
6.59 0.0063952
6.6 0.0064018
6.61 0.00637645
6.62 0.00631765
6.63 0.0062245
6.64 0.00609665
6.65 0.00593414
6.66 0.00573732
6.67 0.00550671
6.68 0.00524301
6.69 0.0049471
6.7 0.00462001
6.71 0.00426297
6.72 0.00387743
6.73 0.00346501
6.74 0.00302752
6.75 0.00256705
6.76 0.00208596
6.77 0.00158689
6.78 0.0010727
6.79 0.000546503
6.8 1.15935e-05
6.81 -0.00052863
6.82 -0.00107078
6.83 -0.00161155
6.84 -0.00214775
6.85 -0.00267639
6.86 -0.00319465
6.87 -0.00369998
6.88 -0.00419002
6.89 -0.00466256
6.9 -0.00511542
6.91 -0.00554643
6.92 -0.00595328
6.93 -0.00633359
6.94 -0.00668479
6.95 -0.00700424
6.96 -0.0072893
6.97 -0.0075375
6.98 -0.00774673
6.99 -0.00791536
7 -0.00804236
7.01 -0.00812729
7.02 -0.00817032
7.03 -0.00817204
7.04 -0.00813331
7.05 -0.00805512
7.06 -0.00793839
7.07 -0.00778394
7.08 -0.00759239
7.09 -0.00736426
7.1 -0.00709999
7.11 -0.00680007
7.12 -0.00646512
7.13 -0.00609616
7.14 -0.00569476
7.15 -0.00526311
7.16 -0.00480399
7.17 -0.00432068
7.18 -0.00381688
7.19 -0.0032965
7.2 -0.00276364
7.21 -0.00222235
7.22 -0.00167653
7.23 -0.00112979
7.24 -0.000585406
7.25 -4.62853e-05
7.26 0.000484965
7.27 0.00100594
7.28 0.00151429
7.29 0.00200762
7.3 0.00248341
7.31 0.00293895
7.32 0.00337139
7.33 0.00377774
7.34 0.00415506
7.35 0.00450062
7.36 0.00481201
7.37 0.0050873
7.38 0.00532514
7.39 0.00552479
7.4 0.00568604
7.41 0.00580919
7.42 0.00589489
7.43 0.00594396
7.44 0.00595727
7.45 0.00593556
7.46 0.00587947
7.47 0.00578949
7.48 0.00566592
7.49 0.00550891
7.5 0.00531846
7.51 0.00509444
7.52 0.00483673
7.53 0.0045453
7.54 0.00422038
7.55 0.00386248
7.56 0.00347238
7.57 0.00305106
7.58 0.00259967
7.59 0.00211954
7.6 0.00161216
7.61 0.00107918
7.62 0.000522664
7.63 -5.48592e-05
7.64 -0.000650267
7.65 -0.00125992
7.66 -0.00187963
7.67 -0.00250462
7.68 -0.0031295
7.69 -0.00374835
7.7 -0.00435482
7.71 -0.00494231
7.72 -0.00550434
7.73 -0.00603489
7.74 -0.00652857
7.75 -0.00698077
7.76 -0.00738763
7.77 -0.00774601
7.78 -0.00805337
7.79 -0.00830781
7.8 -0.00850807
7.81 -0.00865348
7.82 -0.00874395
7.83 -0.00877993
7.84 -0.00876239
7.85 -0.00869283
7.86 -0.00857309
7.87 -0.00840542
7.88 -0.00819232
7.89 -0.00793645
7.9 -0.00764055
7.91 -0.0073074
7.92 -0.00693973
7.93 -0.00654021
7.94 -0.00611139
7.95 -0.00565575
7.96 -0.0051757
7.97 -0.0046736
7.98 -0.00415174
7.99 -0.00361239
8 -0.00305788
8.01 -0.00249071
8.02 -0.00191351
8.03 -0.00132915
8.04 -0.000740693
8.05 -0.000151481
8.06 0.00043486
8.07 0.0010145
8.08 0.0015835
8.09 0.00213795
8.1 0.00267414
8.11 0.00318864
8.12 0.00367857
8.13 0.00414158
8.14 0.00457583
8.15 0.00497998
8.16 0.00535316
8.17 0.00569492
8.18 0.00600511
8.19 0.00628379
8.2 0.0065312
8.21 0.00674764
8.22 0.00693343
8.23 0.0070889
8.24 0.00721441
8.25 0.00731034
8.26 0.00737705
8.27 0.00741481
8.28 0.00742386
8.29 0.00740434
8.3 0.00735619
8.31 0.00727914
8.32 0.00717254
8.33 0.00703536
8.34 0.00686628
8.35 0.00666381
8.36 0.00642642
8.37 0.00615285
8.38 0.00584226
8.39 0.00549445
8.4 0.00511001
8.41 0.00469036
8.42 0.00423759
8.43 0.00375444
8.44 0.00324423
8.45 0.00271082
8.46 0.00215859
8.47 0.00159238
8.48 0.0010174
8.49 0.000439084
8.5 -0.000137051
8.51 -0.000705524
8.52 -0.00126105
8.53 -0.00179876
8.54 -0.00231431
8.55 -0.002804
8.56 -0.00326471
8.57 -0.00369379
8.58 -0.00408901
8.59 -0.0044485
8.6 -0.00477069
8.61 -0.00505421
8.62 -0.00529783
8.63 -0.00550035
8.64 -0.00566054
8.65 -0.00577714
8.66 -0.00584886
8.67 -0.00587443
8.68 -0.00585273
8.69 -0.00578283
8.7 -0.00566415
8.71 -0.0054964
8.72 -0.00527971
8.73 -0.00501466
8.74 -0.00470239
8.75 -0.00434452
8.76 -0.0039432
8.77 -0.00350124
8.78 -0.00302198
8.79 -0.00250933
8.8 -0.00196762
8.81 -0.00140166
8.82 -0.000816585
8.83 -0.000217709
8.84 0.000389662
8.85 0.00100036
8.86 0.00160939
8.87 0.00221198
8.88 0.00280355
8.89 0.00337985
8.9 0.00393701
8.91 0.00447161
8.92 0.00498057
8.93 0.00546117
8.94 0.00591092
8.95 0.00632753
8.96 0.00670881
8.97 0.00705276
8.98 0.00735754
8.99 0.00762142
9 0.00784272
9.01 0.00801974
9.02 0.00815083
9.03 0.00823431
9.04 0.00826858
9.05 0.00825226
9.06 0.00818434
9.07 0.00806425
9.08 0.00789194
9.09 0.00766781
9.1 0.00739272
9.11 0.00706787
9.12 0.00669476
9.13 0.00627521
9.14 0.00581134
9.15 0.00530554
9.16 0.00476058
9.17 0.0041797
9.18 0.00356668
9.19 0.00292591
9.2 0.00226237
9.21 0.00158166
9.22 0.000889977
9.23 0.000194036
9.24 -0.000499161
9.25 -0.0011826
9.26 -0.00184953
9.27 -0.00249368
9.28 -0.00310941
9.29 -0.00369183
9.3 -0.00423674
9.31 -0.00474051
9.32 -0.00519989
9.33 -0.00561201
9.34 -0.00597445
9.35 -0.00628513
9.36 -0.00654234
9.37 -0.00674479
9.38 -0.00689154
9.39 -0.00698208
9.4 -0.00701632
9.41 -0.00699475
9.42 -0.00691847
9.43 -0.00678925
9.44 -0.00660958
9.45 -0.00638272
9.46 -0.00611251
9.47 -0.00580325
9.48 -0.00545948
9.49 -0.00508578
9.5 -0.00468662
9.51 -0.00426621
9.52 -0.00382846
9.53 -0.00337699
9.54 -0.00291519
9.55 -0.0024464
9.56 -0.00197397
9.57 -0.00150132
9.58 -0.00103208
9.59 -0.000570073
9.6 -0.000119267
9.61 0.000316369
9.62 0.000732995
9.63 0.00112705
9.64 0.00149543
9.65 0.00183552
9.66 0.00214529
9.67 0.00242323
9.68 0.00266836
9.69 0.00288022
9.7 0.00305873
9.71 0.00320406
9.72 0.00331654
9.73 0.00339658
9.74 0.00344461
9.75 0.00346097
9.76 0.00344593
9.77 0.00339969
9.78 0.00332243
9.79 0.0032143
9.8 0.00307544
9.81 0.00290597
9.82 0.00270601
9.83 0.00247573
9.84 0.00221535
9.85 0.00192518
9.86 0.00160565
9.87 0.00125752
9.88 0.000881808
9.89 0.000479893
9.9 5.34447e-05
9.91 -0.000395452
9.92 -0.000864264
9.93 -0.00135006
9.94 -0.00184954
9.95 -0.00235906
9.96 -0.00287473
9.97 -0.00339263
9.98 -0.00390897
9.99 -0.00442016
10 -0.00492291
10.01 -0.00541419
10.02 -0.0058913
10.03 -0.00635191
10.04 -0.00679396
10.05 -0.00721547
10.06 -0.00761449
10.07 -0.00798901
10.08 -0.00833698
10.09 -0.00865636
10.1 -0.00894514
10.11 -0.00920135
10.12 -0.00942323
10.13 -0.00960935
10.14 -0.00975866
10.15 -0.00987047
10.16 -0.00994448
10.17 -0.00998069
10.18 -0.00997927
10.19 -0.00994051
10.2 -0.00986477
10.21 -0.00975244
10.22 -0.00960403
10.23 -0.00942024
10.24 -0.00920187
10.25 -0.00894994
10.26 -0.00866571
10.27 -0.00835071
10.28 -0.00800676
10.29 -0.00763586
10.3 -0.00724019
10.31 -0.0068221
10.32 -0.00638396
10.33 -0.00592815
10.34 -0.00545711
10.35 -0.00497335
10.36 -0.00447945
10.37 -0.00397803
10.38 -0.00347173
10.39 -0.00296319
10.4 -0.002455
10.41 -0.00194964
10.42 -0.0014494
10.43 -0.000956323
10.44 -0.000472176
10.45 1.56366e-06
10.46 0.000463673
10.47 0.00091307
10.48 0.00134871
10.49 0.00176948
10.5 0.00217408
10.51 0.00256101
10.52 0.00292854
10.53 0.00327482
10.54 0.00359788
10.55 0.00389579
10.56 0.0041667
10.57 0.00440892
10.58 0.00462088
10.59 0.00480119
10.6 0.0049487
10.61 0.00506241
10.62 0.0051415
10.63 0.0051853
10.64 0.00519325
10.65 0.00516489
10.66 0.0050999
10.67 0.00499812
10.68 0.00485959
10.69 0.00468467
10.7 0.00447409
10.71 0.00422901
10.72 0.00395093
10.73 0.00364169
10.74 0.00330341
10.75 0.00293845
10.76 0.0025494
10.77 0.00213901
10.78 0.0017103
10.79 0.00126644
10.8 0.000810767
10.81 0.00034667
10.82 -0.000122359
10.83 -0.00059276
10.84 -0.00106096
10.85 -0.00152342
10.86 -0.00197673
10.87 -0.00241769
10.88 -0.00284328
10.89 -0.00325068
10.9 -0.00363725
10.91 -0.00400054
10.92 -0.00433823
10.93 -0.00464799
10.94 -0.00492749
10.95 -0.00517435
10.96 -0.00538619
10.97 -0.00556066
10.98 -0.00569553
10.99 -0.00578881
11 -0.00583883
11.01 -0.0058443
11.02 -0.00580435
11.03 -0.00571857
11.04 -0.00558704
11.05 -0.0054103
11.06 -0.00518928
11.07 -0.00492525
11.08 -0.00461984
11.09 -0.00427501
11.1 -0.00389298
11.11 -0.00347618
11.12 -0.00302715
11.13 -0.00254851
11.14 -0.00204303
11.15 -0.00151363
11.16 -0.000963293
11.17 -0.000394989
11.18 0.000188435
11.19 0.000784277
11.2 0.00138999
11.21 0.00200318
11.22 0.00262157
11.23 0.00324299
11.24 0.00386513
11.25 0.00448539
11.26 0.00510074
11.27 0.00570774
11.28 0.00630263
11.29 0.00688149
11.3 0.00744038
11.31 0.00797543
11.32 0.00848295
11.33 0.0089595
11.34 0.00940208
11.35 0.0098082
11.36 0.010176
11.37 0.0105042
11.38 0.0107919
11.39 0.0110384
11.4 0.0112433
11.41 0.0114064
11.42 0.0115274
11.43 0.0116061
11.44 0.0116424
11.45 0.011636
11.46 0.0115869
11.47 0.0114955
11.48 0.0113623
11.49 0.0111885
11.5 0.010976
11.51 0.0107271
11.52 0.0104447
11.53 0.0101321
11.54 0.00979282
11.55 0.00943071
11.56 0.00904943
11.57 0.00865253
11.58 0.00824334
11.59 0.00782497
11.6 0.00740049
11.61 0.00697295
11.62 0.00654542
11.63 0.00612096
11.64 0.00570261
11.65 0.00529333
11.66 0.004896
11.67 0.00451336
11.68 0.00414806
11.69 0.00380249
11.7 0.00347873
11.71 0.00317852
11.72 0.00290313
11.73 0.00265338
11.74 0.00242965
11.75 0.00223178
11.76 0.00205909
11.77 0.00191024
11.78 0.00178326
11.79 0.00167561
11.8 0.00158444
11.81 0.00150683
11.82 0.00144006
11.83 0.00138165
11.84 0.0013294
11.85 0.00128147
11.86 0.00123622
11.87 0.00119214
11.88 0.00114777
11.89 0.00110177
11.9 0.00105288
11.91 0.000999989
11.92 0.000942098
11.93 0.000878352
11.94 0.000808012
11.95 0.000730458
11.96 0.00064517
11.97 0.000551732
11.98 0.00044991
11.99 0.00033974
12 0.000221529
12.01 9.58062e-05
12.02 -3.66469e-05
12.03 -0.000174726
12.04 -0.000317001
12.05 -0.000461797
12.06 -0.000607283
12.07 -0.00075157
12.08 -0.000892854
12.09 -0.00102958
12.1 -0.0011605
12.11 -0.00128469
12.12 -0.0014015
12.13 -0.00151071
12.14 -0.00161247
12.15 -0.00170734
12.16 -0.00179619
12.17 -0.00188006
12.18 -0.00196009
12.19 -0.00203744
12.2 -0.0021133
12.21 -0.00218886
12.22 -0.00226512
12.23 -0.00234298
12.24 -0.00242327
12.25 -0.00250675
12.26 -0.00259397
12.27 -0.00268526
12.28 -0.00278082
12.29 -0.00288064
12.3 -0.00298453
12.31 -0.00309215
12.32 -0.00320289
12.33 -0.00331586
12.34 -0.0034299
12.35 -0.00354364
12.36 -0.00365556
12.37 -0.00376391
12.38 -0.00386673
12.39 -0.00396191
12.4 -0.00404728
12.41 -0.00412063
12.42 -0.0041799
12.43 -0.00422327
12.44 -0.00424911
12.45 -0.00425592
12.46 -0.00424239
12.47 -0.00420731
12.48 -0.00414938
12.49 -0.00406705
12.5 -0.00395847
12.51 -0.00382145
12.52 -0.00365362
12.53 -0.00345246
12.54 -0.00321553
12.55 -0.00294075
12.56 -0.00262647
12.57 -0.00227159
12.58 -0.00187555
12.59 -0.0014382
12.6 -0.000959705
12.61 -0.000440535
12.62 0.000118442
12.63 0.000715838
12.64 0.00134971
12.65 0.00201767
12.66 0.0027169
12.67 0.00344403
12.68 0.00419515
12.69 0.00496574
12.7 0.00575075
12.71 0.00654472
12.72 0.00734196
12.73 0.00813662
12.74 0.00892279
12.75 0.00969465
12.76 0.0104465
12.77 0.011173
12.78 0.011869
12.79 0.0125296
12.8 0.0131503
12.81 0.0137269
12.82 0.0142551
12.83 0.0147313
12.84 0.0151517
12.85 0.0155131
12.86 0.0158129
12.87 0.0160487
12.88 0.0162189
12.89 0.0163226
12.9 0.0163595
12.91 0.01633
12.92 0.0162348
12.93 0.0160751
12.94 0.0158523
12.95 0.0155682
12.96 0.0152247
12.97 0.0148241
12.98 0.0143687
12.99 0.0138614
13 0.0133052
13.01 0.0127033
13.02 0.0120595
13.03 0.0113781
13.04 0.0106636
13.05 0.00992067
13.06 0.00915428
13.07 0.00836923
13.08 0.00757021
13.09 0.00676175
13.1 0.00594807
13.11 0.00513316
13.12 0.00432075
13.13 0.00351451
13.14 0.00271805
13.15 0.00193503
13.16 0.00116921
13.17 0.000424448
13.18 -0.000295324
13.19 -0.00098617
13.2 -0.00164423
13.21 -0.00226586
13.22 -0.00284763
13.23 -0.00338645
13.24 -0.00387953
13.25 -0.00432445
13.26 -0.0047192
13.27 -0.00506217
13.28 -0.0053522
13.29 -0.00558859
13.3 -0.00577106
13.31 -0.00589985
13.32 -0.0059757
13.33 -0.00599989
13.34 -0.00597414
13.35 -0.00590053
13.36 -0.00578137
13.37 -0.00561915
13.38 -0.00541643
13.39 -0.00517585
13.4 -0.00490013
13.41 -0.00459193
13.42 -0.00425392
13.43 -0.00388863
13.44 -0.00349856
13.45 -0.00308605
13.46 -0.00265336
13.47 -0.00220261
13.48 -0.00173585
13.49 -0.00125509
13.5 -0.000762276
13.51 -0.000259332
13.52 0.000251824
13.53 0.000769321
13.54 0.00129138
13.55 0.00181632
13.56 0.00234253
13.57 0.00286842
13.58 0.0033923
13.59 0.00391233
13.6 0.00442647
13.61 0.0049326
13.62 0.00542858
13.63 0.00591232
13.64 0.00638182
13.65 0.00683511
13.66 0.00727033
13.67 0.00768579
13.68 0.00807988
13.69 0.00845102
13.7 0.00879756
13.71 0.00911785
13.72 0.00941028
13.73 0.00967323
13.74 0.00990502
13.75 0.0101039
13.76 0.0102681
13.77 0.0103956
13.78 0.0104842
13.79 0.0105318
13.8 0.0105359
13.81 0.0104938
13.82 0.0104027
13.83 0.0102601
13.84 0.0100638
13.85 0.00981277
13.86 0.00950715
13.87 0.00914779
13.88 0.00873614
13.89 0.00827391
13.9 0.00776309
13.91 0.00720596
13.92 0.00660512
13.93 0.00596338
13.94 0.00528373
13.95 0.00456936
13.96 0.00382369
13.97 0.00305031
13.98 0.00225301
13.99 0.00143568
14 0.00060222
14.01 -0.00024344
14.02 -0.00109737
14.03 -0.00195558
14.04 -0.00281403
14.05 -0.00366868
14.06 -0.00451552
14.07 -0.00535077
14.08 -0.00617087
14.09 -0.00697259
14.1 -0.00775309
14.11 -0.00850996
14.12 -0.00924126
14.13 -0.00994552
14.14 -0.0106218
14.15 -0.0112697
14.16 -0.0118893
14.17 -0.0124809
14.18 -0.0130451
14.19 -0.0135826
14.2 -0.0140941
14.21 -0.0145806
14.22 -0.0150432
14.23 -0.015483
14.24 -0.0159016
14.25 -0.0163006
14.26 -0.016682
14.27 -0.0170478
14.28 -0.0174002
14.29 -0.017741
14.3 -0.0180721
14.31 -0.0183949
14.32 -0.0187108
14.33 -0.0190204
14.34 -0.0193244
14.35 -0.0196231
14.36 -0.0199171
14.37 -0.020207
14.38 -0.0204938
14.39 -0.0207787
14.4 -0.0210631
14.41 -0.0213481
14.42 -0.0216351
14.43 -0.0219253
14.44 -0.0222195
14.45 -0.0225182
14.46 -0.0228212
14.47 -0.0231278
14.48 -0.0234376
14.49 -0.0237511
14.5 -0.0240688
14.51 -0.0243912
14.52 -0.024719
14.53 -0.0250527
14.54 -0.0253933
14.55 -0.0257416
14.56 -0.0260987
14.57 -0.0264654
14.58 -0.0268429
14.59 -0.0272321
14.6 -0.0276337
14.61 -0.0280485
14.62 -0.0284764
14.63 -0.028917
14.64 -0.0293691
14.65 -0.0298304
14.66 -0.0302981
14.67 -0.0307685
14.68 -0.0312377
14.69 -0.0317019
14.7 -0.0321575
14.71 -0.0326015
14.72 -0.0330304
14.73 -0.0334403
14.74 -0.0338262
14.75 -0.0341822
14.76 -0.0345019
14.77 -0.0347787
14.78 -0.0350064
14.79 -0.0351788
14.8 -0.0352895
14.81 -0.0353323
14.82 -0.0353012
14.83 -0.0351902
14.84 -0.0349941
14.85 -0.0347083
14.86 -0.0343288
14.87 -0.0338522
14.88 -0.0332758
14.89 -0.0325972
14.9 -0.0318147
14.91 -0.030927
14.92 -0.0299332
14.93 -0.0288334
14.94 -0.0276279
14.95 -0.0263177
14.96 -0.0249047
14.97 -0.0233914
14.98 -0.0217817
14.99 -0.0200808
15 -0.0182958
15.01 -0.0164357
15.02 -0.0145116
15.03 -0.012536
15.04 -0.0105225
15.05 -0.00848575
15.06 -0.0064411
15.07 -0.00440488
15.08 -0.00239367
15.09 -0.000423834
15.1 0.00148868
15.11 0.00332834
15.12 0.00508011
15.13 0.00672951
15.14 0.00826274
15.15 0.0096669
15.16 0.0109302
15.17 0.0120441
15.18 0.0130049
15.19 0.0138112
15.2 0.0144618
15.21 0.0149555
15.22 0.015291
15.23 0.0154668
15.24 0.0154812
15.25 0.0153324
15.26 0.0150187
15.27 0.0145394
15.28 0.0138944
15.29 0.0130843
15.3 0.0121111
15.31 0.0109783
15.32 0.00969087
15.33 0.00825536
15.34 0.00667949
15.35 0.00497184
15.36 0.00314153
15.37 0.00119814
15.38 -0.000848164
15.39 -0.00298659
15.4 -0.0052057
15.41 -0.00749334
15.42 -0.00983661
15.43 -0.012222
15.44 -0.0146352
15.45 -0.0170615
15.46 -0.0194858
15.47 -0.0218925
15.48 -0.0242654
15.49 -0.026588
15.5 -0.0288433
15.51 -0.0310138
15.52 -0.0330855
15.53 -0.0350518
15.54 -0.0369084
15.55 -0.0386508
15.56 -0.0402743
15.57 -0.0417745
15.58 -0.0431467
15.59 -0.0443864
15.6 -0.0454892
15.61 -0.0464507
15.62 -0.0472663
15.63 -0.0479318
15.64 -0.0484427
15.65 -0.0487945
15.66 -0.0489828
15.67 -0.0490032
15.68 -0.0488515
15.69 -0.0485241
15.7 -0.0480193
15.71 -0.0473362
15.72 -0.046475
15.73 -0.0454368
15.74 -0.0442237
15.75 -0.0428387
15.76 -0.0412859
15.77 -0.0395705
15.78 -0.0376983
15.79 -0.0356765
15.8 -0.0335131
15.81 -0.0312171
15.82 -0.0287985
15.83 -0.0262685
15.84 -0.023639
15.85 -0.0209229
15.86 -0.0181341
15.87 -0.0152865
15.88 -0.0123949
15.89 -0.00947419
15.9 -0.00653968
15.91 -0.0036069
15.92 -0.000687999
15.93 0.00221285
15.94 0.0050971
15.95 0.00796709
15.96 0.0108249
15.97 0.0136721
15.98 0.01651
15.99 0.0193396
16 0.0221609
16.01 0.0249738
16.02 0.0277772
16.03 0.0305691
16.04 0.0333467
16.05 0.0361063
16.06 0.0388435
16.07 0.0415534
16.08 0.0442313
16.09 0.0468726
16.1 0.0494727
16.11 0.0520272
16.12 0.0545316
16.13 0.0569815
16.14 0.0593723
16.15 0.0616994
16.16 0.0639581
16.17 0.0661438
16.18 0.0682516
16.19 0.0702767
16.2 0.0722143
16.21 0.0740599
16.22 0.0758092
16.23 0.0774585
16.24 0.0790047
16.25 0.0804456
16.26 0.0817797
16.27 0.0830064
16.28 0.0841256
16.29 0.0851373
16.3 0.0860418
16.31 0.0868397
16.32 0.0875315
16.33 0.0881181
16.34 0.0886005
16.35 0.0889796
16.36 0.0892565
16.37 0.0894323
16.38 0.0895082
16.39 0.0894854
16.4 0.0893654
16.41 0.0891506
16.42 0.0888434
16.43 0.0884472
16.44 0.0879655
16.45 0.0874022
16.46 0.0867618
16.47 0.0860493
16.48 0.0852699
16.49 0.0844292
16.5 0.0835332
16.51 0.082588
16.52 0.0816
16.53 0.080576
16.54 0.0795227
16.55 0.0784472
16.56 0.0773564
16.57 0.0762572
16.58 0.0751565
16.59 0.0740607
16.6 0.0729763
16.61 0.0719091
16.62 0.0708648
16.63 0.0698484
16.64 0.0688642
16.65 0.0679163
16.66 0.0670079
16.67 0.0661416
16.68 0.0653193
16.69 0.0645423
16.7 0.0638114
16.71 0.0631269
16.72 0.0624892
16.73 0.061899
16.74 0.061357
16.75 0.0608642
16.76 0.0604217
16.77 0.0600304
16.78 0.0596912
16.79 0.0594048
16.8 0.0591719
16.81 0.058993
16.82 0.0588685
16.83 0.0587984
16.84 0.0587825
16.85 0.0588205
16.86 0.0589114
16.87 0.0590541
16.88 0.059247
16.89 0.0594879
16.9 0.0597742
16.91 0.0601028
16.92 0.0604706
16.93 0.0608738
16.94 0.0613088
16.95 0.0617719
16.96 0.0622594
16.97 0.0627673
16.98 0.0632918
16.99 0.0638291
17 0.0643754
17.01 0.0649271
17.02 0.0654803
17.03 0.0660313
17.04 0.0665764
17.05 0.0671118
17.06 0.0676338
17.07 0.0681389
17.08 0.0686239
17.09 0.0690856
17.1 0.0695209
17.11 0.069927
17.12 0.0703012
17.13 0.070641
17.14 0.0709444
17.15 0.0712093
17.16 0.0714341
17.17 0.0716174
17.18 0.0717578
17.19 0.0718547
17.2 0.0719073
17.21 0.0719154
17.22 0.0718791
17.23 0.0717987
17.24 0.0716746
17.25 0.0715077
17.26 0.0712989
17.27 0.0710493
17.28 0.07076
17.29 0.0704323
17.3 0.0700678
17.31 0.0696682
17.32 0.0692355
17.33 0.0687716
17.34 0.0682789
17.35 0.0677595
17.36 0.0672154
17.37 0.0666487
17.38 0.0660608
17.39 0.0654532
17.4 0.0648268
17.41 0.0641823
17.42 0.0635199
17.43 0.0628399
17.44 0.0621427
17.45 0.0614292
17.46 0.0607008
17.47 0.0599596
17.48 0.0592082
17.49 0.0584498
17.5 0.0576874
17.51 0.0569243
17.52 0.0561636
17.53 0.0554084
17.54 0.0546615
17.55 0.0539259
17.56 0.0532046
17.57 0.0525007
17.58 0.0518173
17.59 0.0511579
17.6 0.050526
17.61 0.0499253
17.62 0.0493599
17.63 0.048834
17.64 0.0483518
17.65 0.0479178
17.66 0.0475364
17.67 0.0472118
17.68 0.046948
17.69 0.0467489
17.7 0.0466181
17.71 0.0465581
17.72 0.0465711
17.73 0.0466582
17.74 0.0468198
17.75 0.047056
17.76 0.0473662
17.77 0.04775
17.78 0.0482069
17.79 0.0487363
17.8 0.0493377
17.81 0.0500103
17.82 0.0507531
17.83 0.0515643
17.84 0.052442
17.85 0.0533838
17.86 0.0543869
17.87 0.0554479
17.88 0.0565629
17.89 0.0577274
17.9 0.0589362
17.91 0.0601833
17.92 0.0614619
17.93 0.0627648
17.94 0.0640847
17.95 0.0654138
17.96 0.0667445
17.97 0.0680686
17.98 0.0693783
17.99 0.0706656
18 0.0719226
18.01 0.0731419
18.02 0.0743161
18.03 0.0754381
18.04 0.0765016
18.05 0.0775003
18.06 0.0784288
18.07 0.0792819
18.08 0.0800552
18.09 0.0807445
18.1 0.0813463
18.11 0.0818575
18.12 0.0822755
18.13 0.0825985
18.14 0.0828254
18.15 0.0829558
18.16 0.0829899
18.17 0.0829289
18.18 0.0827747
18.19 0.0825297
18.2 0.0821973
18.21 0.0817814
18.22 0.0812865
18.23 0.0807173
18.24 0.0800791
18.25 0.0793773
18.26 0.0786176
18.27 0.0778059
18.28 0.0769486
18.29 0.0760521
18.3 0.0751233
18.31 0.074169
18.32 0.0731965
18.33 0.0722131
18.34 0.0712258
18.35 0.0702419
18.36 0.0692681
18.37 0.0683111
18.38 0.0673772
18.39 0.0664726
18.4 0.0656031
18.41 0.0647748
18.42 0.0639931
18.43 0.0632637
18.44 0.0625921
18.45 0.0619835
18.46 0.061443
18.47 0.0609754
18.48 0.0605854
18.49 0.0602769
18.5 0.0600534
18.51 0.0599177
18.52 0.0598719
18.53 0.0599173
18.54 0.0600543
18.55 0.0602825
18.56 0.0606009
18.57 0.0610076
18.58 0.0615001
18.59 0.0620754
18.6 0.0627301
18.61 0.0634602
18.62 0.0642614
18.63 0.0651292
18.64 0.0660583
18.65 0.0670435
18.66 0.0680787
18.67 0.0691577
18.68 0.0702734
18.69 0.0714176
18.7 0.0725817
18.71 0.0737557
18.72 0.074929
18.73 0.0760904
18.74 0.0772281
18.75 0.078331
18.76 0.079388
18.77 0.0803886
18.78 0.0813229
18.79 0.0821811
18.8 0.0829543
18.81 0.0836337
18.82 0.0842115
18.83 0.0846803
18.84 0.0850331
18.85 0.0852641
18.86 0.0853677
18.87 0.0853395
18.88 0.0851758
18.89 0.0848739
18.9 0.0844323
18.91 0.0838508
18.92 0.0831305
18.93 0.0822741
18.94 0.0812856
18.95 0.0801704
18.96 0.0789344
18.97 0.0775843
18.98 0.0761276
18.99 0.0745717
19 0.0729246
19.01 0.0711943
19.02 0.069389
19.03 0.0675169
19.04 0.0655865
19.05 0.0636068
19.06 0.0615872
19.07 0.0595376
19.08 0.0574685
19.09 0.0553906
19.1 0.053315
19.11 0.0512526
19.12 0.0492141
19.13 0.0472096
19.14 0.0452488
19.15 0.0433409
19.16 0.0414923
19.17 0.0397033
19.18 0.0379724
19.19 0.0362987
19.2 0.0346825
19.21 0.0331244
19.22 0.031626
19.23 0.0301891
19.24 0.0288158
19.25 0.0275083
19.26 0.0262679
19.27 0.0250955
19.28 0.023991
19.29 0.0229545
19.3 0.0219857
19.31 0.0210849
19.32 0.0202526
19.33 0.0194897
19.34 0.0187975
19.35 0.0181777
19.36 0.0176325
19.37 0.0171643
19.38 0.0167758
19.39 0.0164695
19.4 0.0162476
19.41 0.0161125
19.42 0.0160666
19.43 0.0161123
19.44 0.0162516
19.45 0.0164858
19.46 0.0168158
19.47 0.0172417
19.48 0.0177633
19.49 0.0183795
19.5 0.0190885
19.51 0.019888
19.52 0.0207746
19.53 0.0217445
19.54 0.0227932
19.55 0.0239152
19.56 0.0251041
19.57 0.0263528
19.58 0.0276535
19.59 0.0289981
19.6 0.0303784
19.61 0.0317855
19.62 0.0332107
19.63 0.0346448
19.64 0.0360788
19.65 0.0375038
19.66 0.0389108
19.67 0.040291
19.68 0.0416356
19.69 0.0429363
19.7 0.0441847
19.71 0.0453727
19.72 0.0464927
19.73 0.0475374
19.74 0.0485001
19.75 0.0493749
19.76 0.0501565
19.77 0.0508408
19.78 0.0514243
19.79 0.0519041
19.8 0.0522782
19.81 0.0525451
19.82 0.0527041
19.83 0.0527549
19.84 0.0526977
19.85 0.0525333
19.86 0.0522629
19.87 0.0518883
19.88 0.0514117
19.89 0.0508359
19.9 0.0501645
19.91 0.0494017
19.92 0.0485523
19.93 0.047622
19.94 0.046617
19.95 0.0455437
19.96 0.0444089
19.97 0.0432197
19.98 0.041983
19.99 0.0407059
20 0.0393955
20.01 0.0380588
20.02 0.036703
20.03 0.0353355
20.04 0.033964
20.05 0.0325967
20.06 0.0312422
20.07 0.0299095
20.08 0.0286077
20.09 0.0273463
20.1 0.0261348
20.11 0.0249828
20.12 0.0238993
20.13 0.0228932
20.14 0.0219723
20.15 0.0211443
20.16 0.0204157
20.17 0.0197927
20.18 0.0192802
20.19 0.0188826
20.2 0.0186028
20.21 0.0184429
20.22 0.0184041
20.23 0.0184867
20.24 0.0186903
20.25 0.0190138
20.26 0.0194552
20.27 0.0200116
20.28 0.0206796
20.29 0.0214543
20.3 0.0223306
20.31 0.0233021
20.32 0.0243621
20.33 0.025503
20.34 0.0267167
20.35 0.0279951
20.36 0.0293292
20.37 0.0307106
20.38 0.0321304
20.39 0.0335805
20.4 0.0350527
20.41 0.0365391
20.42 0.0380322
20.43 0.0395248
20.44 0.0410099
20.45 0.0424805
20.46 0.0439298
20.47 0.0453509
20.48 0.0467377
20.49 0.0480838
20.5 0.0493836
20.51 0.0506317
20.52 0.0518231
20.53 0.0529532
20.54 0.0540179
20.55 0.0550135
20.56 0.0559367
20.57 0.0567845
20.58 0.0575542
20.59 0.058243
20.6 0.0588482
20.61 0.0593671
20.62 0.0597973
20.63 0.0601366
20.64 0.0603834
20.65 0.0605367
20.66 0.0605958
20.67 0.0605609
20.68 0.0604326
20.69 0.0602124
20.7 0.0599023
20.71 0.059505
20.72 0.0590239
20.73 0.0584627
20.74 0.0578258
20.75 0.0571179
20.76 0.056344
20.77 0.0555098
20.78 0.0546211
20.79 0.0536845
20.8 0.052707
20.81 0.0516962
20.82 0.0506604
20.83 0.0496081
20.84 0.0485484
20.85 0.04749
20.86 0.0464416
20.87 0.0454114
20.88 0.0444071
20.89 0.0434358
20.9 0.0425041
20.91 0.0416182
20.92 0.0407836
20.93 0.0400056
20.94 0.0392891
20.95 0.0386384
20.96 0.0380573
20.97 0.0375488
20.98 0.0371151
20.99 0.0367578
21 0.0364774
21.01 0.0362737
21.02 0.0361454
21.03 0.0360904
21.04 0.0361062
21.05 0.0361896
21.06 0.0363369
21.07 0.0365445
21.08 0.0368081
21.09 0.0371233
21.1 0.0374853
21.11 0.0378893
21.12 0.0383305
21.13 0.0388043
21.14 0.0393063
21.15 0.0398321
21.16 0.0403773
21.17 0.0409375
21.18 0.0415084
21.19 0.0420853
21.2 0.042664
21.21 0.0432399
21.22 0.0438087
21.23 0.044366
21.24 0.0449077
21.25 0.0454299
21.26 0.0459289
21.27 0.0464015
21.28 0.0468449
21.29 0.0472566
21.3 0.0476345
21.31 0.047977
21.32 0.0482825
21.33 0.0485495
21.34 0.0487767
21.35 0.0489629
21.36 0.0491068
21.37 0.0492072
21.38 0.049263
21.39 0.049273
21.4 0.0492362
21.41 0.0491515
21.42 0.049018
21.43 0.0488351
21.44 0.0486024
21.45 0.0483201
21.46 0.0479885
21.47 0.0476088
21.48 0.0471821
21.49 0.0467104
21.5 0.0461953
21.51 0.0456392
21.52 0.0450444
21.53 0.0444135
21.54 0.0437497
21.55 0.0430559
21.56 0.0423354
21.57 0.0415917
21.58 0.0408279
21.59 0.0400473
21.6 0.0392531
21.61 0.0384482
21.62 0.0376361
21.63 0.0368199
21.64 0.0360035
21.65 0.0351907
21.66 0.0343857
21.67 0.0335931
21.68 0.0328172
21.69 0.0320627
21.7 0.0313339
21.71 0.0306348
21.72 0.0299695
21.73 0.0293416
21.74 0.0287547
21.75 0.0282124
21.76 0.027718
21.77 0.027275
21.78 0.0268866
21.79 0.0265558
21.8 0.0262852
21.81 0.026077
21.82 0.0259328
21.83 0.0258533
21.84 0.0258387
21.85 0.0258884
21.86 0.0260014
21.87 0.0261757
21.88 0.0264092
21.89 0.026699
21.9 0.027042
21.91 0.0274346
21.92 0.0278732
21.93 0.0283542
21.94 0.0288739
21.95 0.0294284
21.96 0.0300138
21.97 0.0306258
21.98 0.0312598
21.99 0.0319108
22 0.0325731
22.01 0.0332408
22.02 0.0339077
22.03 0.0345673
22.04 0.0352137
22.05 0.0358409
22.06 0.0364441
22.07 0.0370193
22.08 0.0375631
22.09 0.0380729
22.1 0.0385462
22.11 0.0389812
22.12 0.0393765
22.13 0.0397309
22.14 0.0400434
22.15 0.0403134
22.16 0.04054
22.17 0.0407228
22.18 0.0408613
22.19 0.0409553
22.2 0.0410048
22.21 0.0410102
22.22 0.0409724
22.23 0.0408926
22.24 0.0407726
22.25 0.0406144
22.26 0.0404204
22.27 0.0401932
22.28 0.0399354
22.29 0.0396497
22.3 0.0393387
22.31 0.0390049
22.32 0.0386502
22.33 0.0382767
22.34 0.0378861
22.35 0.0374801
22.36 0.0370606
22.37 0.0366293
22.38 0.0361881
22.39 0.0357393
22.4 0.035285
22.41 0.0348278
22.42 0.0343704
22.43 0.0339155
22.44 0.0334662
22.45 0.0330253
22.46 0.0325959
22.47 0.0321814
22.48 0.031785
22.49 0.0314104
22.5 0.031061
22.51 0.0307405
22.52 0.0304527
22.53 0.0302012
22.54 0.0299896
22.55 0.0298212
22.56 0.0296992
22.57 0.0296264
22.58 0.0296053
22.59 0.0296384
22.6 0.0297275
22.61 0.0298742
22.62 0.0300798
22.63 0.030345
22.64 0.0306699
22.65 0.0310541
22.66 0.0314967
22.67 0.031996
22.68 0.0325496
22.69 0.0331545
22.7 0.0338076
22.71 0.0345055
22.72 0.0352446
22.73 0.0360214
22.74 0.0368319
22.75 0.0376723
22.76 0.0385384
22.77 0.0394258
22.78 0.0403301
22.79 0.0412463
22.8 0.0421698
22.81 0.0430955
22.82 0.0440188
22.83 0.0449346
22.84 0.0458382
22.85 0.0467249
22.86 0.0475899
22.87 0.0484287
22.88 0.0492367
22.89 0.0500096
22.9 0.0507431
22.91 0.051433
22.92 0.052075
22.93 0.0526653
22.94 0.0532
22.95 0.0536755
22.96 0.0540882
22.97 0.0544351
22.98 0.0547133
22.99 0.0549207
23 0.0550561
23.01 0.0551191
23.02 0.0551101
23.03 0.0550301
23.04 0.054881
23.05 0.054665
23.06 0.054385
23.07 0.0540438
23.08 0.0536447
23.09 0.0531906
23.1 0.0526848
23.11 0.0521305
23.12 0.0515313
23.13 0.050891
23.14 0.0502136
23.15 0.0495034
23.16 0.0487649
23.17 0.0480028
23.18 0.0472217
23.19 0.0464267
23.2 0.0456228
23.21 0.0448153
23.22 0.0440093
23.23 0.0432097
23.24 0.0424215
23.25 0.0416496
23.26 0.0408987
23.27 0.0401731
23.28 0.0394774
23.29 0.0388158
23.3 0.0381924
23.31 0.0376113
23.32 0.0370762
23.33 0.0365904
23.34 0.0361571
23.35 0.0357787
23.36 0.0354575
23.37 0.035195
23.38 0.0349925
23.39 0.0348503
23.4 0.0347684
23.41 0.0347462
23.42 0.0347823
23.43 0.0348749
23.44 0.0350216
23.45 0.0352196
23.46 0.0354655
23.47 0.035756
23.48 0.0360877
23.49 0.036457
23.5 0.0368607
23.51 0.0372954
23.52 0.0377575
23.53 0.0382435
23.54 0.0387497
23.55 0.0392725
23.56 0.0398081
23.57 0.0403529
23.58 0.0409033
23.59 0.0414556
23.6 0.0420066
23.61 0.0425528
23.62 0.043091
23.63 0.043618
23.64 0.0441311
23.65 0.0446275
23.66 0.0451048
23.67 0.0455605
23.68 0.0459922
23.69 0.0463976
23.7 0.0467743
23.71 0.0471202
23.72 0.0474329
23.73 0.0477102
23.74 0.0479499
23.75 0.0481501
23.76 0.0483083
23.77 0.0484226
23.78 0.0484903
23.79 0.0485093
23.8 0.0484771
23.81 0.0483916
23.82 0.0482511
23.83 0.0480544
23.84 0.0478004
23.85 0.0474887
23.86 0.0471192
23.87 0.0466922
23.88 0.0462083
23.89 0.0456686
23.9 0.0450743
23.91 0.0444269
23.92 0.0437279
23.93 0.042979
23.94 0.0421825
23.95 0.0413407
23.96 0.0404566
23.97 0.0395336
23.98 0.0385758
23.99 0.0375877
24 0.0365749
24.01 0.0355432
24.02 0.034499
24.03 0.033449
24.04 0.0324005
24.05 0.0313612
24.06 0.0303394
24.07 0.0293437
24.08 0.0283829
24.09 0.0274656
24.1 0.0265998
24.11 0.0257932
24.12 0.0250527
24.13 0.0243844
24.14 0.0237931
24.15 0.0232829
24.16 0.0228567
24.17 0.0225164
24.18 0.0222632
24.19 0.0220979
24.2 0.0220203
24.21 0.0220299
24.22 0.0221254
24.23 0.0223049
24.24 0.0225659
24.25 0.0229053
24.26 0.0233196
24.27 0.0238046
24.28 0.0243554
24.29 0.024967
24.3 0.0256332
24.31 0.0263477
24.32 0.0271038
24.33 0.0278949
24.34 0.0287144
24.35 0.0295565
24.36 0.0304155
24.37 0.0312861
24.38 0.0321633
24.39 0.0330423
24.4 0.0339184
24.41 0.0347869
24.42 0.0356434
24.43 0.0364832
24.44 0.0373017
24.45 0.0380942
24.46 0.0388564
24.47 0.0395841
24.48 0.0402734
24.49 0.0409208
24.5 0.0415232
24.51 0.0420777
24.52 0.0425818
24.53 0.0430333
24.54 0.0434302
24.55 0.0437706
24.56 0.0440531
24.57 0.0442764
24.58 0.0444395
24.59 0.0445413
24.6 0.0445813
24.61 0.0445594
24.62 0.0444759
24.63 0.0443314
24.64 0.0441267
24.65 0.0438635
24.66 0.0435439
24.67 0.0431704
24.68 0.0427464
24.69 0.0422754
24.7 0.0417617
24.71 0.0412098
24.72 0.0406244
24.73 0.0400107
24.74 0.0393738
24.75 0.038719
24.76 0.0380518
24.77 0.0373777
24.78 0.0367024
24.79 0.0360311
24.8 0.0353689
24.81 0.0347206
24.82 0.0340908
24.83 0.0334837
24.84 0.032903
24.85 0.0323524
24.86 0.0318351
24.87 0.0313539
24.88 0.0309114
24.89 0.0305096
24.9 0.0301501
24.91 0.029834
24.92 0.0295619
24.93 0.029334
24.94 0.0291502
24.95 0.0290099
24.96 0.0289124
24.97 0.0288567
24.98 0.0288414
24.99 0.0288651
25 0.0289262
