0.01 3.16891e-09
0.02 1.52493e-08
0.03 3.75975e-08
0.04 6.7785e-08
0.05 1.03408e-07
0.06 1.42118e-07
0.07 1.81647e-07
0.08 2.19811e-07
0.09 2.54503e-07
0.1 2.83695e-07
0.11 3.05471e-07
0.12 3.18034e-07
0.13 3.19669e-07
0.14 3.08698e-07
0.15 2.83472e-07
0.16 2.4243e-07
0.17 1.84157e-07
0.18 1.07398e-07
0.19 1.10705e-08
0.2 -1.05715e-07
0.21 -2.4365e-07
0.22 -4.03219e-07
0.23 -5.84704e-07
0.24 -7.88209e-07
0.25 -1.01368e-06
0.26 -1.261e-06
0.27 -1.52998e-06
0.28 -1.82025e-06
0.29 -2.13103e-06
0.3 -2.46101e-06
0.31 -2.8083e-06
0.32 -3.1704e-06
0.33 -3.54404e-06
0.34 -3.92508e-06
0.35 -4.30879e-06
0.36 -4.69011e-06
0.37 -5.06381e-06
0.38 -5.42506e-06
0.39 -5.77023e-06
0.4 -6.09753e-06
0.41 -6.40728e-06
0.42 -6.70146e-06
0.43 -6.98315e-06
0.44 -7.2565e-06
0.45 -7.52666e-06
0.46 -7.79921e-06
0.47 -8.07977e-06
0.48 -8.37334e-06
0.49 -8.68411e-06
0.5 -9.01532e-06
0.51 -9.36944e-06
0.52 -9.74851e-06
0.53 -1.01537e-05
0.54 -1.05853e-05
0.55 -1.10438e-05
0.56 -1.15286e-05
0.57 -1.20386e-05
0.58 -1.25728e-05
0.59 -1.313e-05
0.6 -1.37088e-05
0.61 -1.43075e-05
0.62 -1.49242e-05
0.63 -1.5557e-05
0.64 -1.62038e-05
0.65 -1.68625e-05
0.66 -1.75312e-05
0.67 -1.82081e-05
0.68 -1.8892e-05
0.69 -1.95816e-05
0.7 -2.02759e-05
0.71 -2.09737e-05
0.72 -2.16728e-05
0.73 -2.23698e-05
0.74 -2.30594e-05
0.75 -2.37336e-05
0.76 -2.43816e-05
0.77 -2.499e-05
0.78 -2.55445e-05
0.79 -2.60317e-05
0.8 -2.64408e-05
0.81 -2.67644e-05
0.82 -2.69978e-05
0.83 -2.71387e-05
0.84 -2.71867e-05
0.85 -2.71457e-05
0.86 -2.70224e-05
0.87 -2.68227e-05
0.88 -2.65481e-05
0.89 -2.61948e-05
0.9 -2.57558e-05
0.91 -2.52232e-05
0.92 -2.45889e-05
0.93 -2.38471e-05
0.94 -2.29967e-05
0.95 -2.20426e-05
0.96 -2.09965e-05
0.97 -1.98759e-05
0.98 -1.86989e-05
0.99 -1.74794e-05
1 -1.62252e-05
1.01 -1.49382e-05
1.02 -1.36146e-05
1.03 -1.22459e-05
1.04 -1.08217e-05
1.05 -9.3314e-06
1.06 -7.76795e-06
1.07 -6.12933e-06
1.08 -4.41716e-06
1.09 -2.63389e-06
1.1 -7.81947e-07
1.11 1.13485e-06
1.12 3.11255e-06
1.13 5.14881e-06
1.14 7.24238e-06
1.15 9.39169e-06
1.16 1.15931e-05
1.17 1.38383e-05
1.18 1.61122e-05
1.19 1.83945e-05
1.2 2.06637e-05
1.21 2.2895e-05
1.22 2.50597e-05
1.23 2.71276e-05
1.24 2.90732e-05
1.25 3.08831e-05
1.26 3.2561e-05
1.27 3.41224e-05
1.28 3.55855e-05
1.29 3.6968e-05
1.3 3.82863e-05
1.31 3.95508e-05
1.32 4.07631e-05
1.33 4.19186e-05
1.34 4.30123e-05
1.35 4.4042e-05
1.36 4.50084e-05
1.37 4.59155e-05
1.38 4.67696e-05
1.39 4.75781e-05
1.4 4.83474e-05
1.41 4.90799e-05
1.42 4.97701e-05
1.43 5.04003e-05
1.44 5.09374e-05
1.45 5.13301e-05
1.46 5.15118e-05
1.47 5.14064e-05
1.48 5.09361e-05
1.49 5.00226e-05
1.5 4.85909e-05
1.51 4.6574e-05
1.52 4.39158e-05
1.53 4.05781e-05
1.54 3.65484e-05
1.55 3.18481e-05
1.56 2.65342e-05
1.57 2.06897e-05
1.58 1.44149e-05
1.59 7.82002e-06
1.6 1.01241e-06
1.61 -5.91036e-06
1.62 -1.28582e-05
1.63 -1.97497e-05
1.64 -2.65121e-05
1.65 -3.30814e-05
1.66 -3.94043e-05
1.67 -4.54408e-05
1.68 -5.11621e-05
1.69 -5.65447e-05
1.7 -6.15668e-05
1.71 -6.62087e-05
1.72 -7.04519e-05
1.73 -7.42774e-05
1.74 -7.76617e-05
1.75 -8.05735e-05
1.76 -8.29785e-05
1.77 -8.48462e-05
1.78 -8.61462e-05
1.79 -8.68428e-05
1.8 -8.68975e-05
1.81 -8.6274e-05
1.82 -8.49384e-05
1.83 -8.28614e-05
1.84 -8.00285e-05
1.85 -7.64453e-05
1.86 -7.21332e-05
1.87 -6.71192e-05
1.88 -6.14303e-05
1.89 -5.50923e-05
1.9 -4.81293e-05
1.91 -4.05644e-05
1.92 -3.24186e-05
1.93 -2.37137e-05
1.94 -1.44847e-05
1.95 -4.79605e-06
1.96 5.25799e-06
1.97 1.55591e-05
1.98 2.597e-05
1.99 3.6346e-05
2 4.6557e-05
2.01 5.65054e-05
2.02 6.61288e-05
2.03 7.53972e-05
2.04 8.43102e-05
2.05 9.28869e-05
2.06 0.000101155
2.07 0.000109143
2.08 0.000116861
2.09 0.000124291
2.1 0.000131386
2.11 0.000138072
2.12 0.000144245
2.13 0.000149771
2.14 0.000154492
2.15 0.000158245
2.16 0.000160859
2.17 0.00016217
2.18 0.000162017
2.19 0.000160239
2.2 0.000156669
2.21 0.000151136
2.22 0.000143485
2.23 0.000133575
2.24 0.00012129
2.25 0.000106536
2.26 8.92398e-05
2.27 6.93815e-05
2.28 4.69976e-05
2.29 2.21685e-05
2.3 -4.98529e-06
2.31 -3.43039e-05
2.32 -6.55821e-05
2.33 -9.85585e-05
2.34 -0.000132911
2.35 -0.000168266
2.36 -0.000204205
2.37 -0.000240282
2.38 -0.000276031
2.39 -0.00031097
2.4 -0.000344619
2.41 -0.000376545
2.42 -0.00040638
2.43 -0.000433809
2.44 -0.000458546
2.45 -0.000480338
2.46 -0.000498961
2.47 -0.000514235
2.48 -0.000526027
2.49 -0.000534235
2.5 -0.000538771
2.51 -0.000539551
2.52 -0.000536491
2.53 -0.000529523
2.54 -0.000518598
2.55 -0.000503681
2.56 -0.000484758
2.57 -0.000461865
2.58 -0.000435103
2.59 -0.000404647
2.6 -0.000370737
2.61 -0.000333661
2.62 -0.000293733
2.63 -0.00025127
2.64 -0.000206583
2.65 -0.000159972
2.66 -0.000111723
2.67 -6.21162e-05
2.68 -1.14282e-05
2.69 4.00491e-05
2.7 9.20087e-05
2.71 0.00014414
2.72 0.000196132
2.73 0.000247677
2.74 0.000298486
2.75 0.000348303
2.76 0.000396884
2.77 0.000443996
2.78 0.000489443
2.79 0.00053308
2.8 0.000574804
2.81 0.000614555
2.82 0.000652279
2.83 0.000687902
2.84 0.000721325
2.85 0.000752417
2.86 0.00078103
2.87 0.000806988
2.88 0.00083007
2.89 0.000850026
2.9 0.000866597
2.91 0.000879528
2.92 0.000888566
2.93 0.000893467
2.94 0.000894016
2.95 0.000890025
2.96 0.000881348
2.97 0.000867909
2.98 0.000849713
2.99 0.000826831
3 0.000799393
3.01 0.000767571
3.02 0.000731559
3.03 0.000691553
3.04 0.000647745
3.05 0.000600314
3.06 0.000549416
3.07 0.000495182
3.08 0.000437716
3.09 0.000377117
3.1 0.000313508
3.11 0.000247063
3.12 0.000178021
3.13 0.000106705
3.14 3.35041e-05
3.15 -4.11592e-05
3.16 -0.000116838
3.17 -0.000193063
3.18 -0.000269344
3.19 -0.000345197
3.2 -0.000420158
3.21 -0.000493783
3.22 -0.000565605
3.23 -0.000635132
3.24 -0.000701847
3.25 -0.000765215
3.26 -0.000824703
3.27 -0.000879764
3.28 -0.000929823
3.29 -0.000974316
3.3 -0.00101272
3.31 -0.00104455
3.32 -0.00106934
3.33 -0.00108671
3.34 -0.00109639
3.35 -0.0010983
3.36 -0.00109248
3.37 -0.00107916
3.38 -0.0010587
3.39 -0.00103159
3.4 -0.000998447
3.41 -0.000959976
3.42 -0.000916954
3.43 -0.000870174
3.44 -0.00082043
3.45 -0.000768505
3.46 -0.000715153
3.47 -0.000661058
3.48 -0.000606782
3.49 -0.000552744
3.5 -0.000499227
3.51 -0.000446389
3.52 -0.000394274
3.53 -0.000342828
3.54 -0.000291932
3.55 -0.000241456
3.56 -0.000191316
3.57 -0.000141486
3.58 -9.19462e-05
3.59 -4.26835e-05
3.6 6.27892e-06
3.61 5.4857e-05
3.62 0.000102916
3.63 0.000150275
3.64 0.0001967
3.65 0.000241908
3.66 0.000285572
3.67 0.000327303
3.68 0.000366657
3.69 0.000403156
3.7 0.000436345
3.71 0.000465808
3.72 0.000491148
3.73 0.000512016
3.74 0.000528141
3.75 0.000539311
3.76 0.000545371
3.77 0.000546226
3.78 0.00054185
3.79 0.000532272
3.8 0.000517585
3.81 0.00049797
3.82 0.000473685
3.83 0.000445034
3.84 0.000412365
3.85 0.000376062
3.86 0.000336494
3.87 0.000293964
3.88 0.00024869
3.89 0.000200785
3.9 0.00015026
3.91 9.70243e-05
3.92 4.08868e-05
3.93 -1.84075e-05
3.94 -8.11325e-05
3.95 -0.000147552
3.96 -0.0002179
3.97 -0.000292334
3.98 -0.000370881
3.99 -0.000453402
4 -0.00053959
4.01 -0.000628981
4.02 -0.000720966
4.03 -0.000814808
4.04 -0.00090965
4.05 -0.00100452
4.06 -0.00109833
4.07 -0.00118989
4.08 -0.00127788
4.09 -0.00136089
4.1 -0.00143746
4.11 -0.0015061
4.12 -0.0015655
4.13 -0.00161451
4.14 -0.00165224
4.15 -0.00167813
4.16 -0.00169196
4.17 -0.00169391
4.18 -0.00168448
4.19 -0.00166444
4.2 -0.00163478
4.21 -0.00159671
4.22 -0.00155148
4.23 -0.00150034
4.24 -0.00144446
4.25 -0.00138489
4.26 -0.00132268
4.27 -0.00125875
4.28 -0.00119395
4.29 -0.00112895
4.3 -0.00106431
4.31 -0.00100039
4.32 -0.000937485
4.33 -0.00087574
4.34 -0.000815184
4.35 -0.000755688
4.36 -0.000696977
4.37 -0.000638645
4.38 -0.000580195
4.39 -0.000521071
4.4 -0.000460681
4.41 -0.000398391
4.42 -0.000333549
4.43 -0.000265524
4.44 -0.00019373
4.45 -0.000117668
4.46 -3.7003e-05
4.47 4.83842e-05
4.48 0.000138397
4.49 0.000232779
4.5 0.000331191
4.51 0.000433243
4.52 0.00053845
4.53 0.000646197
4.54 0.000755753
4.55 0.000866291
4.56 0.000976905
4.57 0.00108662
4.58 0.00119441
4.59 0.0012992
4.6 0.0013999
4.61 0.00149545
4.62 0.00158486
4.63 0.00166723
4.64 0.00174178
4.65 0.0018078
4.66 0.00186475
4.67 0.00191225
4.68 0.00195013
4.69 0.00197841
4.7 0.0019972
4.71 0.00200667
4.72 0.00200702
4.73 0.00199848
4.74 0.00198129
4.75 0.00195565
4.76 0.0019217
4.77 0.00187956
4.78 0.00182938
4.79 0.00177131
4.8 0.00170556
4.81 0.00163228
4.82 0.00155163
4.83 0.00146379
4.84 0.001369
4.85 0.00126744
4.86 0.00115932
4.87 0.00104491
4.88 0.000924566
4.89 0.000798693
4.9 0.000667733
4.91 0.000532201
4.92 0.000392691
4.93 0.000249859
4.94 0.000104393
4.95 -4.30003e-05
4.96 -0.000191583
4.97 -0.000340568
4.98 -0.000489115
4.99 -0.000636332
5 -0.000781293
5.01 -0.000923085
5.02 -0.00106088
5.03 -0.00119396
5.04 -0.0013218
5.05 -0.00144397
5.06 -0.00156023
5.07 -0.00167053
5.08 -0.00177493
5.09 -0.00187358
5.1 -0.00196672
5.11 -0.00205465
5.12 -0.00213767
5.13 -0.00221604
5.14 -0.00228997
5.15 -0.00235955
5.16 -0.0024247
5.17 -0.00248513
5.18 -0.0025404
5.19 -0.00258995
5.2 -0.00263308
5.21 -0.00266904
5.22 -0.00269701
5.23 -0.00271619
5.24 -0.00272589
5.25 -0.00272544
5.26 -0.00271422
5.27 -0.00269157
5.28 -0.00265687
5.29 -0.00260953
5.3 -0.00254907
5.31 -0.00247513
5.32 -0.00238747
5.33 -0.00228609
5.34 -0.00217125
5.35 -0.0020435
5.36 -0.00190365
5.37 -0.00175286
5.38 -0.00159258
5.39 -0.00142444
5.4 -0.00125015
5.41 -0.00107146
5.42 -0.000890085
5.43 -0.000707688
5.44 -0.000525758
5.45 -0.000345614
5.46 -0.000168398
5.47 4.88447e-06
5.48 0.000173318
5.49 0.000336061
5.5 0.000492387
5.51 0.000641708
5.52 0.00078353
5.53 0.00091741
5.54 0.00104296
5.55 0.00115987
5.56 0.00126791
5.57 0.00136688
5.58 0.0014565
5.59 0.00153648
5.6 0.00160657
5.61 0.00166657
5.62 0.00171636
5.63 0.00175593
5.64 0.00178531
5.65 0.00180461
5.66 0.00181399
5.67 0.00181368
5.68 0.001804
5.69 0.00178538
5.7 0.00175838
5.71 0.00172368
5.72 0.00168207
5.73 0.00163443
5.74 0.00158169
5.75 0.00152479
5.76 0.00146471
5.77 0.00140236
5.78 0.00133855
5.79 0.00127396
5.8 0.00120908
5.81 0.0011442
5.82 0.00107939
5.83 0.00101447
5.84 0.000949058
5.85 0.000882596
5.86 0.000814436
5.87 0.000743851
5.88 0.000670086
5.89 0.000592391
5.9 0.00051007
5.91 0.000422543
5.92 0.000329385
5.93 0.000230327
5.94 0.000125267
5.95 1.43087e-05
5.96 -0.000102182
5.97 -0.000223513
5.98 -0.000348687
5.99 -0.000476459
6 -0.000605365
6.01 -0.000733784
6.02 -0.000860039
6.03 -0.000982439
6.04 -0.0010993
6.05 -0.00120895
6.06 -0.00130985
6.07 -0.00140059
6.08 -0.00148006
6.09 -0.00154734
6.1 -0.00160174
6.11 -0.00164275
6.12 -0.00167004
6.13 -0.0016835
6.14 -0.00168317
6.15 -0.00166914
6.16 -0.0016415
6.17 -0.00160034
6.18 -0.00154556
6.19 -0.00147698
6.2 -0.00139432
6.21 -0.00129735
6.22 -0.00118582
6.23 -0.00105947
6.24 -0.000918149
6.25 -0.00076178
6.26 -0.00059039
6.27 -0.000404086
6.28 -0.000203058
6.29 1.24656e-05
6.3 0.000242226
6.31 0.000485936
6.32 0.000743315
6.33 0.00101407
6.34 0.0012979
6.35 0.00159443
6.36 0.00190322
6.37 0.00222357
6.38 0.00255442
6.39 0.00289437
6.4 0.00324177
6.41 0.00359473
6.42 0.0039513
6.43 0.00430956
6.44 0.00466769
6.45 0.00502404
6.46 0.00537727
6.47 0.00572627
6.48 0.00607001
6.49 0.00640744
6.5 0.00673735
6.51 0.00705822
6.52 0.00736816
6.53 0.00766497
6.54 0.00794608
6.55 0.00820858
6.56 0.00844921
6.57 0.00866455
6.58 0.00885111
6.59 0.00900555
6.6 0.00912483
6.61 0.00920639
6.62 0.00924821
6.63 0.00924883
6.64 0.00920732
6.65 0.0091232
6.66 0.00899623
6.67 0.00882637
6.68 0.00861377
6.69 0.00835874
6.7 0.0080618
6.71 0.00772366
6.72 0.00734525
6.73 0.00692773
6.74 0.00647246
6.75 0.00598114
6.76 0.00545574
6.77 0.00489857
6.78 0.00431223
6.79 0.00369958
6.8 0.00306378
6.81 0.0024081
6.82 0.00173589
6.83 0.00105051
6.84 0.000355242
6.85 -0.000346722
6.86 -0.00105232
6.87 -0.00175862
6.88 -0.00246285
6.89 -0.00316228
6.9 -0.00385414
6.91 -0.00453557
6.92 -0.00520351
6.93 -0.00585473
6.94 -0.00648576
6.95 -0.00709295
6.96 -0.00767261
6.97 -0.00822111
6.98 -0.00873512
6.99 -0.00921177
7 -0.00964867
7.01 -0.010044
7.02 -0.0103965
7.03 -0.0107052
7.04 -0.0109696
7.05 -0.0111891
7.06 -0.011363
7.07 -0.0114907
7.08 -0.0115713
7.09 -0.0116036
7.1 -0.0115867
7.11 -0.0115195
7.12 -0.0114013
7.13 -0.0112316
7.14 -0.0110107
7.15 -0.0107395
7.16 -0.0104195
7.17 -0.0100529
7.18 -0.00964233
7.19 -0.00919073
7.2 -0.00870136
7.21 -0.00817754
7.22 -0.00762258
7.23 -0.0070396
7.24 -0.00643154
7.25 -0.00580111
7.26 -0.00515087
7.27 -0.00448331
7.28 -0.00380102
7.29 -0.0031068
7.3 -0.00240371
7.31 -0.00169513
7.32 -0.000984775
7.33 -0.000276607
7.34 0.000425305
7.35 0.00111695
7.36 0.00179451
7.37 0.0024545
7.38 0.00309392
7.39 0.00371021
7.4 0.00430128
7.41 0.00486541
7.42 0.00540117
7.43 0.00590722
7.44 0.00638217
7.45 0.0068245
7.46 0.00723252
7.47 0.00760436
7.48 0.00793796
7.49 0.00823109
7.5 0.00848138
7.51 0.00868635
7.52 0.00884357
7.53 0.00895074
7.54 0.00900585
7.55 0.00900726
7.56 0.00895366
7.57 0.00884403
7.58 0.00867759
7.59 0.00845389
7.6 0.00817272
7.61 0.00783418
7.62 0.00743888
7.63 0.00698808
7.64 0.00648377
7.65 0.0059286
7.66 0.00532596
7.67 0.00468001
7.68 0.0039957
7.69 0.00327869
7.7 0.00253529
7.71 0.00177228
7.72 0.000996517
7.73 0.000214625
7.74 -0.000567181
7.75 -0.00134323
7.76 -0.00210839
7.77 -0.00285803
7.78 -0.00358789
7.79 -0.00429416
7.8 -0.00497347
7.81 -0.00562284
7.82 -0.00623971
7.83 -0.00682188
7.84 -0.00736754
7.85 -0.00787527
7.86 -0.00834388
7.87 -0.00877248
7.88 -0.00916038
7.89 -0.00950699
7.9 -0.00981173
7.91 -0.0100741
7.92 -0.0102934
7.93 -0.0104692
7.94 -0.0106007
7.95 -0.0106871
7.96 -0.0107279
7.97 -0.0107223
7.98 -0.0106697
7.99 -0.0105696
8 -0.0104217
8.01 -0.0102261
8.02 -0.00998301
8.03 -0.00969328
8.04 -0.00935803
8.05 -0.00897891
8.06 -0.00855807
8.07 -0.00809809
8.08 -0.00760191
8.09 -0.00707268
8.1 -0.00651365
8.11 -0.00592799
8.12 -0.00531863
8.13 -0.00468824
8.14 -0.00403922
8.15 -0.00337374
8.16 -0.00269378
8.17 -0.00200114
8.18 -0.00129757
8.19 -0.000584827
8.2 0.000135257
8.21 0.000860729
8.22 0.00158943
8.23 0.00231903
8.24 0.00304707
8.25 0.00377095
8.26 0.00448789
8.27 0.00519492
8.28 0.00588892
8.29 0.00656659
8.3 0.00722436
8.31 0.00785837
8.32 0.00846437
8.33 0.0090377
8.34 0.00957341
8.35 0.0100664
8.36 0.0105114
8.37 0.0109038
8.38 0.0112392
8.39 0.0115139
8.4 0.0117252
8.41 0.0118713
8.42 0.0119511
8.43 0.0119645
8.44 0.011912
8.45 0.0117947
8.46 0.0116147
8.47 0.0113745
8.48 0.0110774
8.49 0.0107271
8.5 0.0103275
8.51 0.00988286
8.52 0.00939758
8.53 0.00887584
8.54 0.00832159
8.55 0.00773846
8.56 0.00712981
8.57 0.0064988
8.58 0.00584851
8.59 0.00518192
8.6 0.00450205
8.61 0.00381194
8.62 0.00311481
8.63 0.00241413
8.64 0.00171361
8.65 0.00101726
8.66 0.000329352
8.67 -0.000345666
8.68 -0.00100327
8.69 -0.00163897
8.7 -0.00224843
8.71 -0.00282751
8.72 -0.00337229
8.73 -0.00387926
8.74 -0.00434535
8.75 -0.00476791
8.76 -0.00514481
8.77 -0.00547451
8.78 -0.0057561
8.79 -0.00598919
8.8 -0.00617393
8.81 -0.00631101
8.82 -0.00640157
8.83 -0.00644708
8.84 -0.00644916
8.85 -0.00640946
8.86 -0.0063297
8.87 -0.00621159
8.88 -0.00605691
8.89 -0.00586737
8.9 -0.00564457
8.91 -0.00539
8.92 -0.00510507
8.93 -0.00479118
8.94 -0.00444981
8.95 -0.0040826
8.96 -0.00369137
8.97 -0.00327815
8.98 -0.0028451
8.99 -0.00239464
9 -0.00192946
9.01 -0.00145257
9.02 -0.000967304
9.03 -0.000477288
9.04 1.35994e-05
9.05 0.000501414
9.06 0.000982301
9.07 0.0014526
9.08 0.00190888
9.09 0.00234799
9.1 0.00276698
9.11 0.00316308
9.12 0.00353364
9.13 0.0038762
9.14 0.00418847
9.15 0.00446834
9.16 0.00471401
9.17 0.00492413
9.18 0.00509786
9.19 0.005235
9.2 0.00533595
9.21 0.00540183
9.22 0.00543446
9.23 0.0054363
9.24 0.00541025
9.25 0.00535942
9.26 0.00528686
9.27 0.00519538
9.28 0.00508743
9.29 0.00496499
9.3 0.00482962
9.31 0.00468268
9.32 0.00452542
9.33 0.00435907
9.34 0.00418478
9.35 0.00400369
9.36 0.00381692
9.37 0.00362556
9.38 0.00343069
9.39 0.00323333
9.4 0.00303442
9.41 0.00283467
9.42 0.00263454
9.43 0.00243413
9.44 0.00223311
9.45 0.00203071
9.46 0.00182582
9.47 0.00161717
9.48 0.00140345
9.49 0.00118352
9.5 0.000956561
9.51 0.000722152
9.52 0.000480312
9.53 0.000231474
9.54 -2.36324e-05
9.55 -0.000284143
9.56 -0.00054917
9.57 -0.000817905
9.58 -0.00108974
9.59 -0.0013643
9.6 -0.00164143
9.61 -0.00192107
9.62 -0.00220312
9.63 -0.00248735
9.64 -0.00277325
9.65 -0.00305994
9.66 -0.00334622
9.67 -0.00363055
9.68 -0.00391106
9.69 -0.00418565
9.7 -0.00445206
9.71 -0.00470805
9.72 -0.00495149
9.73 -0.00518045
9.74 -0.00539324
9.75 -0.00558855
9.76 -0.00576545
9.77 -0.00592333
9.78 -0.00606192
9.79 -0.00618123
9.8 -0.00628159
9.81 -0.00636363
9.82 -0.00642821
9.83 -0.00647646
9.84 -0.00650967
9.85 -0.00652934
9.86 -0.006537
9.87 -0.00653418
9.88 -0.00652227
9.89 -0.00650256
9.9 -0.00647618
9.91 -0.00644405
9.92 -0.00640674
9.93 -0.00636459
9.94 -0.00631763
9.95 -0.00626565
9.96 -0.00620827
9.97 -0.00614508
9.98 -0.00607583
9.99 -0.00600048
10 -0.00591923
10.01 -0.00583249
10.02 -0.00574098
10.03 -0.00564564
10.04 -0.00554759
10.05 -0.00544793
10.06 -0.00534762
10.07 -0.00524742
10.08 -0.00514786
10.09 -0.00504933
10.1 -0.00495199
10.11 -0.0048559
10.12 -0.00476106
10.13 -0.00466758
10.14 -0.00457571
10.15 -0.00448585
10.16 -0.0043985
10.17 -0.00431422
10.18 -0.0042335
10.19 -0.0041567
10.2 -0.00408398
10.21 -0.00401531
10.22 -0.00395053
10.23 -0.00388944
10.24 -0.00383169
10.25 -0.00377696
10.26 -0.00372495
10.27 -0.00367542
10.28 -0.00362824
10.29 -0.00358327
10.3 -0.00354044
10.31 -0.00349965
10.32 -0.00346072
10.33 -0.00342336
10.34 -0.00338724
10.35 -0.00335203
10.36 -0.00331741
10.37 -0.00328306
10.38 -0.00324864
10.39 -0.00321381
10.4 -0.0031782
10.41 -0.00314136
10.42 -0.00310268
10.43 -0.00306137
10.44 -0.00301644
10.45 -0.00296673
10.46 -0.0029109
10.47 -0.0028476
10.48 -0.00277557
10.49 -0.00269378
10.5 -0.00260151
10.51 -0.00249844
10.52 -0.00238463
10.53 -0.00226045
10.54 -0.0021266
10.55 -0.00198392
10.56 -0.00183337
10.57 -0.001676
10.58 -0.0015129
10.59 -0.00134524
10.6 -0.00117417
10.61 -0.00100088
10.62 -0.000826603
10.63 -0.000652667
10.64 -0.000480473
10.65 -0.000311533
10.66 -0.000147424
10.67 1.02399e-05
10.68 0.000159876
10.69 0.000300028
10.7 0.000429463
10.71 0.000547211
10.72 0.000652516
10.73 0.000744815
10.74 0.000823739
10.75 0.000889064
10.76 0.000940688
10.77 0.000978659
10.78 0.0010032
10.79 0.0010147
10.8 0.00101367
10.81 0.00100072
10.82 0.000976572
10.83 0.000942063
10.84 0.000898113
10.85 0.000845677
10.86 0.000785689
10.87 0.000718995
10.88 0.000646362
10.89 0.000568523
10.9 0.000486167
10.91 0.000399963
10.92 0.000310648
10.93 0.000219114
10.94 0.000126481
10.95 3.41035e-05
10.96 -5.64445e-05
10.97 -0.000143421
10.98 -0.000224979
10.99 -0.000299271
11 -0.000364567
11.01 -0.000419301
11.02 -0.000462095
11.03 -0.000491806
11.04 -0.000507578
11.05 -0.00050881
11.06 -0.000495085
11.07 -0.000466142
11.08 -0.000421904
11.09 -0.000362454
11.1 -0.000287988
11.11 -0.000198754
11.12 -9.50035e-05
11.13 2.30382e-05
11.14 0.000155105
11.15 0.000300851
11.16 0.000459916
11.17 0.000632018
11.18 0.000817006
11.19 0.00101489
11.2 0.00122583
11.21 0.00145011
11.22 0.00168809
11.23 0.00194019
11.24 0.00220661
11.25 0.00248719
11.26 0.00278123
11.27 0.0030875
11.28 0.00340435
11.29 0.00372977
11.3 0.00406163
11.31 0.00439768
11.32 0.00473564
11.33 0.00507336
11.34 0.00540884
11.35 0.00574046
11.36 0.00606698
11.37 0.00638751
11.38 0.00670132
11.39 0.00700775
11.4 0.00730613
11.41 0.00759576
11.42 0.00787575
11.43 0.00814501
11.44 0.00840222
11.45 0.00864596
11.46 0.00887476
11.47 0.00908725
11.48 0.00928228
11.49 0.00945906
11.5 0.00961725
11.51 0.00975701
11.52 0.00987885
11.53 0.00998361
11.54 0.0100723
11.55 0.0101462
11.56 0.0102061
11.57 0.0102531
11.58 0.0102878
11.59 0.0103105
11.6 0.0103217
11.61 0.0103219
11.62 0.0103114
11.63 0.0102909
11.64 0.010261
11.65 0.0102223
11.66 0.0101756
11.67 0.0101215
11.68 0.0100608
11.69 0.00999399
11.7 0.00992167
11.71 0.00984411
11.72 0.00976134
11.73 0.00967314
11.74 0.00957899
11.75 0.00947808
11.76 0.00936924
11.77 0.00925086
11.78 0.00912087
11.79 0.00897685
11.8 0.00881622
11.81 0.00863653
11.82 0.00843567
11.83 0.00821197
11.84 0.0079642
11.85 0.00769157
11.86 0.00739371
11.87 0.00707046
11.88 0.00672184
11.89 0.0063481
11.9 0.00594968
11.91 0.00552723
11.92 0.00508164
11.93 0.00461396
11.94 0.00412545
11.95 0.00361751
11.96 0.00309168
11.97 0.00254966
11.98 0.00199329
11.99 0.00142474
12 0.000846399
12.01 0.000260892
12.02 -0.000328942
12.03 -0.000919972
12.04 -0.00150878
12.05 -0.00209177
12.06 -0.00266521
12.07 -0.0032254
12.08 -0.0037688
12.09 -0.00429215
12.1 -0.00479264
12.11 -0.0052678
12.12 -0.00571559
12.13 -0.00613444
12.14 -0.00652331
12.15 -0.00688163
12.16 -0.00720926
12.17 -0.0075064
12.18 -0.0077734
12.19 -0.00801082
12.2 -0.00821936
12.21 -0.00839984
12.22 -0.00855305
12.23 -0.0086798
12.24 -0.008781
12.25 -0.00885759
12.26 -0.00891047
12.27 -0.00894044
12.28 -0.0089483
12.29 -0.00893478
12.3 -0.00890055
12.31 -0.00884625
12.32 -0.00877237
12.33 -0.00867921
12.34 -0.00856689
12.35 -0.00843545
12.36 -0.00828483
12.37 -0.00811481
12.38 -0.00792503
12.39 -0.00771502
12.4 -0.00748429
12.41 -0.00723235
12.42 -0.00695886
12.43 -0.00666373
12.44 -0.00634704
12.45 -0.00600901
12.46 -0.00565
12.47 -0.00527046
12.48 -0.00487068
12.49 -0.00445065
12.5 -0.00401
12.51 -0.00354797
12.52 -0.00306348
12.53 -0.00255526
12.54 -0.00202201
12.55 -0.00146266
12.56 -0.000876486
12.57 -0.000263175
12.58 0.000377172
12.59 0.00104417
12.6 0.00173723
12.61 0.0024556
12.62 0.00319825
12.63 0.00396378
12.64 0.00475033
12.65 0.00555572
12.66 0.00637747
12.67 0.00721264
12.68 0.00805785
12.69 0.00890922
12.7 0.00976239
12.71 0.0106127
12.72 0.0114553
12.73 0.0122851
12.74 0.0130973
12.75 0.0138869
12.76 0.0146492
12.77 0.0153798
12.78 0.0160744
12.79 0.0167291
12.8 0.0173403
12.81 0.0179045
12.82 0.0184184
12.83 0.0188789
12.84 0.019283
12.85 0.019628
12.86 0.0199118
12.87 0.0201324
12.88 0.0202886
12.89 0.0203796
12.9 0.0204053
12.91 0.020366
12.92 0.0202626
12.93 0.0200959
12.94 0.0198672
12.95 0.019578
12.96 0.0192297
12.97 0.0188242
12.98 0.0183633
12.99 0.0178492
13 0.0172842
13.01 0.016671
13.02 0.0160126
13.03 0.0153123
13.04 0.0145741
13.05 0.0138017
13.06 0.0129994
13.07 0.0121711
13.08 0.0113208
13.09 0.0104523
13.1 0.0095691
13.11 0.00867452
13.12 0.00777174
13.13 0.00686387
13.14 0.00595408
13.15 0.00504564
13.16 0.004142
13.17 0.00324682
13.18 0.0023639
13.19 0.00149716
13.2 0.000650525
13.21 -0.000172149
13.22 -0.000967165
13.23 -0.00173101
13.24 -0.00246038
13.25 -0.00315222
13.26 -0.00380378
13.27 -0.0044126
13.28 -0.00497657
13.29 -0.00549392
13.3 -0.00596324
13.31 -0.00638349
13.32 -0.0067541
13.33 -0.00707497
13.34 -0.00734633
13.35 -0.00756874
13.36 -0.00774297
13.37 -0.00786989
13.38 -0.00795045
13.39 -0.00798567
13.4 -0.00797663
13.41 -0.0079244
13.42 -0.00783002
13.43 -0.0076945
13.44 -0.00751881
13.45 -0.00730384
13.46 -0.00705046
13.47 -0.00675947
13.48 -0.0064317
13.49 -0.006068
13.5 -0.00566927
13.51 -0.0052365
13.52 -0.00477078
13.53 -0.00427327
13.54 -0.00374515
13.55 -0.00318763
13.56 -0.002602
13.57 -0.00198965
13.58 -0.00135218
13.59 -0.000691526
13.6 -9.90766e-06
13.61 0.000690205
13.62 0.00140618
13.63 0.00213533
13.64 0.00287487
13.65 0.00362196
13.66 0.00437371
13.67 0.00512729
13.68 0.00587981
13.69 0.00662829
13.7 0.00736959
13.71 0.00810044
13.72 0.00881752
13.73 0.0095174
13.74 0.0101965
13.75 0.0108511
13.76 0.0114774
13.77 0.0120713
13.78 0.0126284
13.79 0.0131444
13.8 0.0136145
13.81 0.0140338
13.82 0.0143972
13.83 0.0146998
13.84 0.0149372
13.85 0.0151059
13.86 0.0152038
13.87 0.0152295
13.88 0.0151822
13.89 0.0150613
13.9 0.0148668
13.91 0.0145988
13.92 0.0142581
13.93 0.0138454
13.94 0.0133621
13.95 0.0128097
13.96 0.0121902
13.97 0.0115057
13.98 0.010759
13.99 0.00995276
14 0.00909016
14.01 0.00817442
14.02 0.00720901
14.03 0.00619764
14.04 0.00514427
14.05 0.0040531
14.06 0.00292844
14.07 0.00177466
14.08 0.000596055
14.09 -0.000603152
14.1 -0.00181894
14.11 -0.0030475
14.12 -0.00428532
14.13 -0.00552915
14.14 -0.0067761
14.15 -0.0080236
14.16 -0.00926939
14.17 -0.0105114
14.18 -0.0117477
14.19 -0.0129761
14.2 -0.0141947
14.21 -0.0154014
14.22 -0.0165944
14.23 -0.0177718
14.24 -0.018932
14.25 -0.0200737
14.26 -0.0211957
14.27 -0.0222968
14.28 -0.0233762
14.29 -0.0244327
14.3 -0.0254652
14.31 -0.0264723
14.32 -0.0274524
14.33 -0.0284037
14.34 -0.0293241
14.35 -0.0302116
14.36 -0.0310644
14.37 -0.0318829
14.38 -0.0326703
14.39 -0.0334305
14.4 -0.0341667
14.41 -0.0348821
14.42 -0.0355798
14.43 -0.0362629
14.44 -0.036934
14.45 -0.0375956
14.46 -0.0382494
14.47 -0.0388967
14.48 -0.0395383
14.49 -0.040175
14.5 -0.0408073
14.51 -0.0414358
14.52 -0.0420611
14.53 -0.0426841
14.54 -0.0433055
14.55 -0.0439263
14.56 -0.0445475
14.57 -0.0451703
14.58 -0.0457956
14.59 -0.0464245
14.6 -0.0470579
14.61 -0.0476965
14.62 -0.0483403
14.63 -0.0489889
14.64 -0.0496412
14.65 -0.050295
14.66 -0.0509475
14.67 -0.0515951
14.68 -0.052234
14.69 -0.0528603
14.7 -0.0534706
14.71 -0.0540618
14.72 -0.0546306
14.73 -0.0551729
14.74 -0.055684
14.75 -0.0561579
14.76 -0.0565881
14.77 -0.0569683
14.78 -0.0572921
14.79 -0.0575533
14.8 -0.0577455
14.81 -0.0578627
14.82 -0.0578986
14.83 -0.0578471
14.84 -0.0577025
14.85 -0.0574597
14.86 -0.0571141
14.87 -0.0566616
14.88 -0.0560988
14.89 -0.0554226
14.9 -0.0546301
14.91 -0.0537192
14.92 -0.0526882
14.93 -0.0515357
14.94 -0.0502611
14.95 -0.0488642
14.96 -0.0473455
14.97 -0.0457064
14.98 -0.0439495
14.99 -0.0420786
15 -0.0400996
15.01 -0.0380203
15.02 -0.0358504
15.03 -0.0336015
15.04 -0.0312859
15.05 -0.0289174
15.06 -0.0265106
15.07 -0.0240811
15.08 -0.021645
15.09 -0.0192184
15.1 -0.0168171
15.11 -0.014457
15.12 -0.0121534
15.13 -0.00992171
15.14 -0.00777659
15.15 -0.00573228
15.16 -0.00380219
15.17 -0.00199869
15.18 -0.000332946
15.19 0.00118513
15.2 0.00254682
15.21 0.0037443
15.22 0.00477249
15.23 0.00563011
15.24 0.00631628
15.25 0.00682897
15.26 0.00716574
15.27 0.00732365
15.28 0.00729936
15.29 0.0070898
15.3 0.00669299
15.31 0.00610842
15.32 0.00533708
15.33 0.0043814
15.34 0.00324505
15.35 0.00193263
15.36 0.000449325
15.37 -0.00119908
15.38 -0.00300607
15.39 -0.00496438
15.4 -0.00706583
15.41 -0.00930133
15.42 -0.0116608
15.43 -0.0141331
15.44 -0.0167064
15.45 -0.0193676
15.46 -0.0221031
15.47 -0.0248983
15.48 -0.0277378
15.49 -0.0306053
15.5 -0.0334834
15.51 -0.036354
15.52 -0.0391982
15.53 -0.0419971
15.54 -0.0447321
15.55 -0.047385
15.56 -0.0499381
15.57 -0.0523744
15.58 -0.0546774
15.59 -0.0568353
15.6 -0.0588435
15.61 -0.0606987
15.62 -0.0623964
15.63 -0.0639323
15.64 -0.0653017
15.65 -0.0665001
15.66 -0.067523
15.67 -0.0683659
15.68 -0.0690244
15.69 -0.0694943
15.7 -0.0697713
15.71 -0.0698513
15.72 -0.0697302
15.73 -0.0694043
15.74 -0.0688711
15.75 -0.0681291
15.76 -0.0671775
15.77 -0.0660167
15.78 -0.0646479
15.79 -0.0630735
15.8 -0.0612971
15.81 -0.0593234
15.82 -0.0571582
15.83 -0.0548085
15.84 -0.0522828
15.85 -0.0495905
15.86 -0.0467421
15.87 -0.0437491
15.88 -0.0406236
15.89 -0.0373787
15.9 -0.034028
15.91 -0.030586
15.92 -0.0270674
15.93 -0.0234874
15.94 -0.0198611
15.95 -0.016204
15.96 -0.0125321
15.97 -0.00886142
15.98 -0.00520397
15.99 -0.00156315
16 0.00206146
16.01 0.00566961
16.02 0.00926029
16.03 0.0128316
16.04 0.0163808
16.05 0.0199041
16.06 0.0233971
16.07 0.0268551
16.08 0.0302735
16.09 0.0336474
16.1 0.0369725
16.11 0.0402443
16.12 0.0434583
16.13 0.0466102
16.14 0.0496953
16.15 0.052709
16.16 0.0556467
16.17 0.0585037
16.18 0.0612751
16.19 0.063956
16.2 0.0665417
16.21 0.0690275
16.22 0.0714093
16.23 0.0736833
16.24 0.0758462
16.25 0.0778959
16.26 0.0798309
16.27 0.0816503
16.28 0.0833542
16.29 0.0849424
16.3 0.0864152
16.31 0.0877732
16.32 0.0890168
16.33 0.0901469
16.34 0.0911642
16.35 0.0920699
16.36 0.0928649
16.37 0.0935502
16.38 0.094127
16.39 0.0945964
16.4 0.0949598
16.41 0.0952186
16.42 0.0953739
16.43 0.0954272
16.44 0.0953795
16.45 0.0952322
16.46 0.0949871
16.47 0.0946465
16.48 0.094213
16.49 0.0936898
16.5 0.0930802
16.51 0.0923881
16.52 0.0916177
16.53 0.0907734
16.54 0.0898602
16.55 0.0888833
16.56 0.0878481
16.57 0.0867601
16.58 0.0856249
16.59 0.0844482
16.6 0.0832356
16.61 0.0819926
16.62 0.0807247
16.63 0.0794369
16.64 0.078134
16.65 0.0768207
16.66 0.075501
16.67 0.0741788
16.68 0.0728574
16.69 0.0715399
16.7 0.0702289
16.71 0.0689269
16.72 0.0676369
16.73 0.066362
16.74 0.0651058
16.75 0.0638724
16.76 0.062666
16.77 0.0614908
16.78 0.0603513
16.79 0.0592517
16.8 0.0581965
16.81 0.05719
16.82 0.0562363
16.83 0.0553395
16.84 0.0545033
16.85 0.0537313
16.86 0.0530266
16.87 0.052392
16.88 0.0518296
16.89 0.051341
16.9 0.0509275
16.91 0.0505896
16.92 0.0503274
16.93 0.0501407
16.94 0.0500289
16.95 0.0499912
16.96 0.0500266
16.97 0.0501338
16.98 0.0503111
16.99 0.0505567
17 0.0508686
17.01 0.0512445
17.02 0.0516819
17.03 0.0521778
17.04 0.052729
17.05 0.053332
17.06 0.0539831
17.07 0.0546784
17.08 0.0554138
17.09 0.0561852
17.1 0.0569882
17.11 0.0578183
17.12 0.0586709
17.13 0.0595412
17.14 0.0604246
17.15 0.0613163
17.16 0.0622117
17.17 0.0631059
17.18 0.0639942
17.19 0.064872
17.2 0.0657348
17.21 0.0665782
17.22 0.0673981
17.23 0.0681903
17.24 0.0689509
17.25 0.069676
17.26 0.070362
17.27 0.0710052
17.28 0.0716022
17.29 0.0721497
17.3 0.0726445
17.31 0.0730838
17.32 0.0734651
17.33 0.073786
17.34 0.0740446
17.35 0.0742389
17.36 0.0743672
17.37 0.0744277
17.38 0.0744185
17.39 0.0743377
17.4 0.0741833
17.41 0.0739531
17.42 0.0736452
17.43 0.0732573
17.44 0.0727882
17.45 0.0722372
17.46 0.0716043
17.47 0.0708909
17.48 0.0700987
17.49 0.0692307
17.5 0.06829
17.51 0.0672802
17.52 0.0662051
17.53 0.0650687
17.54 0.0638754
17.55 0.0626296
17.56 0.0613365
17.57 0.0600013
17.58 0.05863
17.59 0.0572286
17.6 0.0558038
17.61 0.054363
17.62 0.0529137
17.63 0.051464
17.64 0.0500224
17.65 0.0485975
17.66 0.0471984
17.67 0.0458338
17.68 0.0445127
17.69 0.043244
17.7 0.0420361
17.71 0.040897
17.72 0.0398339
17.73 0.0388533
17.74 0.0379609
17.75 0.037162
17.76 0.0364613
17.77 0.0358637
17.78 0.0353736
17.79 0.0349956
17.8 0.0347339
17.81 0.0345926
17.82 0.0345751
17.83 0.034684
17.84 0.0349216
17.85 0.0352892
17.86 0.0357876
17.87 0.0364167
17.88 0.0371758
17.89 0.0380629
17.9 0.0390751
17.91 0.0402085
17.92 0.0414578
17.93 0.0428172
17.94 0.0442801
17.95 0.0458392
17.96 0.0474867
17.97 0.0492142
17.98 0.0510128
17.99 0.0528734
18 0.0547864
18.01 0.0567421
18.02 0.0587305
18.03 0.0607416
18.04 0.0627654
18.05 0.064792
18.06 0.0668118
18.07 0.0688149
18.08 0.0707919
18.09 0.0727334
18.1 0.0746302
18.11 0.0764733
18.12 0.0782542
18.13 0.0799646
18.14 0.0815967
18.15 0.0831435
18.16 0.0845983
18.17 0.0859554
18.18 0.0872095
18.19 0.0883562
18.2 0.0893917
18.21 0.0903131
18.22 0.0911177
18.23 0.0918038
18.24 0.09237
18.25 0.0928153
18.26 0.0931392
18.27 0.093342
18.28 0.0934243
18.29 0.0933875
18.3 0.0932336
18.31 0.0929652
18.32 0.0925854
18.33 0.0920981
18.34 0.0915074
18.35 0.0908179
18.36 0.0900345
18.37 0.0891624
18.38 0.088207
18.39 0.0871741
18.4 0.0860699
18.41 0.084901
18.42 0.0836745
18.43 0.0823978
18.44 0.0810789
18.45 0.0797261
18.46 0.078348
18.47 0.0769536
18.48 0.0755519
18.49 0.0741521
18.5 0.0727632
18.51 0.071394
18.52 0.0700528
18.53 0.0687477
18.54 0.0674862
18.55 0.0662753
18.56 0.0651216
18.57 0.064031
18.58 0.0630091
18.59 0.0620611
18.6 0.0611918
18.61 0.0604056
18.62 0.0597064
18.63 0.0590979
18.64 0.0585832
18.65 0.0581649
18.66 0.057845
18.67 0.0576246
18.68 0.057504
18.69 0.0574823
18.7 0.0575572
18.71 0.0577252
18.72 0.0579815
18.73 0.05832
18.74 0.058734
18.75 0.0592165
18.76 0.0597602
18.77 0.0603575
18.78 0.061001
18.79 0.0616828
18.8 0.0623948
18.81 0.0631289
18.82 0.0638768
18.83 0.0646302
18.84 0.0653806
18.85 0.0661195
18.86 0.0668386
18.87 0.0675295
18.88 0.0681844
18.89 0.0687954
18.9 0.0693554
18.91 0.0698581
18.92 0.070298
18.93 0.0706705
18.94 0.070972
18.95 0.0711997
18.96 0.0713511
18.97 0.0714244
18.98 0.0714177
18.99 0.0713297
19 0.0711587
19.01 0.0709034
19.02 0.0705626
19.03 0.070135
19.04 0.0696199
19.05 0.0690169
19.06 0.0683266
19.07 0.0675501
19.08 0.0666894
19.09 0.0657472
19.1 0.0647268
19.11 0.063632
19.12 0.0624667
19.13 0.0612348
19.14 0.0599404
19.15 0.0585879
19.16 0.057182
19.17 0.055728
19.18 0.054232
19.19 0.0527013
19.2 0.0511438
19.21 0.0495686
19.22 0.0479851
19.23 0.0464035
19.24 0.0448338
19.25 0.043286
19.26 0.0417695
19.27 0.0402925
19.28 0.0388625
19.29 0.0374863
19.3 0.0361708
19.31 0.0349226
19.32 0.0337481
19.33 0.0326518
19.34 0.0316345
19.35 0.0306971
19.36 0.0298416
19.37 0.0290708
19.38 0.0283871
19.39 0.0277931
19.4 0.027291
19.41 0.0268834
19.42 0.0265726
19.43 0.0263611
19.44 0.0262511
19.45 0.026245
19.46 0.0263452
19.47 0.0265534
19.48 0.0268709
19.49 0.0272982
19.5 0.0278352
19.51 0.0284811
19.52 0.0292345
19.53 0.0300932
19.54 0.0310543
19.55 0.0321141
19.56 0.0332678
19.57 0.0345099
19.58 0.035834
19.59 0.0372336
19.6 0.0387015
19.61 0.0402301
19.62 0.0418117
19.63 0.0434379
19.64 0.0451005
19.65 0.0467909
19.66 0.0485005
19.67 0.0502204
19.68 0.051942
19.69 0.0536562
19.7 0.0553541
19.71 0.0570269
19.72 0.0586656
19.73 0.0602618
19.74 0.061807
19.75 0.0632935
19.76 0.0647139
19.77 0.0660616
19.78 0.0673305
19.79 0.0685151
19.8 0.0696102
19.81 0.0706112
19.82 0.0715138
19.83 0.0723143
19.84 0.0730091
19.85 0.0735953
19.86 0.0740701
19.87 0.0744312
19.88 0.0746768
19.89 0.0748057
19.9 0.0748171
19.91 0.0747113
19.92 0.0744891
19.93 0.074152
19.94 0.0737023
19.95 0.0731428
19.96 0.0724766
19.97 0.0717072
19.98 0.0708383
19.99 0.069874
20 0.0688186
20.01 0.0676764
20.02 0.0664525
20.03 0.0651523
20.04 0.0637818
20.05 0.0623479
20.06 0.0608584
20.07 0.0593214
20.08 0.0577461
20.09 0.0561419
20.1 0.0545191
20.11 0.052888
20.12 0.0512592
20.13 0.0496432
20.14 0.0480501
20.15 0.0464901
20.16 0.0449729
20.17 0.0435077
20.18 0.0421036
20.19 0.0407687
20.2 0.0395105
20.21 0.038336
20.22 0.0372514
20.23 0.0362622
20.24 0.0353737
20.25 0.0345906
20.26 0.033917
20.27 0.0333561
20.28 0.0329104
20.29 0.0325819
20.3 0.0323714
20.31 0.0322792
20.32 0.0323047
20.33 0.0324466
20.34 0.0327031
20.35 0.0330718
20.36 0.0335498
20.37 0.0341339
20.38 0.0348207
20.39 0.035607
20.4 0.0364892
20.41 0.0374637
20.42 0.0385269
20.43 0.039675
20.44 0.040904
20.45 0.0422093
20.46 0.0435863
20.47 0.0450298
20.48 0.0465343
20.49 0.0480943
20.5 0.0497041
20.51 0.0513576
20.52 0.0530489
20.53 0.0547717
20.54 0.0565199
20.55 0.0582871
20.56 0.0600669
20.57 0.0618526
20.58 0.0636374
20.59 0.065414
20.6 0.0671748
20.61 0.0689116
20.62 0.0706164
20.63 0.0722808
20.64 0.0738968
20.65 0.0754566
20.66 0.0769528
20.67 0.0783781
20.68 0.0797259
20.69 0.0809901
20.7 0.0821652
20.71 0.083246
20.72 0.0842284
20.73 0.0851084
20.74 0.0858827
20.75 0.0865484
20.76 0.0871034
20.77 0.0875459
20.78 0.0878758
20.79 0.0880949
20.8 0.0882054
20.81 0.0882092
20.82 0.0881088
20.83 0.0879076
20.84 0.0876096
20.85 0.0872193
20.86 0.0867415
20.87 0.0861808
20.88 0.0855421
20.89 0.0848303
20.9 0.0840502
20.91 0.0832067
20.92 0.082305
20.93 0.0813503
20.94 0.0803482
20.95 0.0793043
20.96 0.0782242
20.97 0.0771135
20.98 0.0759774
20.99 0.0748211
21 0.0736492
21.01 0.0724661
21.02 0.0712759
21.03 0.0700821
21.04 0.068888
21.05 0.067697
21.06 0.0665123
21.07 0.0653372
21.08 0.0641749
21.09 0.0630286
21.1 0.0619012
21.11 0.0607959
21.12 0.0597159
21.13 0.0586647
21.14 0.0576458
21.15 0.056663
21.16 0.0557198
21.17 0.0548195
21.18 0.0539655
21.19 0.0531605
21.2 0.0524074
21.21 0.0517085
21.22 0.051066
21.23 0.0504816
21.24 0.0499572
21.25 0.0494939
21.26 0.0490931
21.27 0.048756
21.28 0.0484835
21.29 0.0482766
21.3 0.048136
21.31 0.0480624
21.32 0.0480559
21.33 0.0481161
21.34 0.0482424
21.35 0.0484335
21.36 0.0486875
21.37 0.0490023
21.38 0.0493749
21.39 0.049802
21.4 0.0502797
21.41 0.0508039
21.42 0.0513698
21.43 0.0519725
21.44 0.0526071
21.45 0.0532684
21.46 0.0539515
21.47 0.0546515
21.48 0.0553634
21.49 0.0560824
21.5 0.0568038
21.51 0.0575225
21.52 0.0582339
21.53 0.0589333
21.54 0.0596161
21.55 0.0602779
21.56 0.0609145
21.57 0.0615217
21.58 0.0620953
21.59 0.0626311
21.6 0.0631249
21.61 0.0635728
21.62 0.0639711
21.63 0.0643166
21.64 0.0646066
21.65 0.064839
21.66 0.0650124
21.67 0.0651258
21.68 0.0651789
21.69 0.0651718
21.7 0.0651047
21.71 0.0649783
21.72 0.0647934
21.73 0.0645513
21.74 0.0642535
21.75 0.0639022
21.76 0.0634998
21.77 0.0630495
21.78 0.0625545
21.79 0.0620188
21.8 0.0614461
21.81 0.0608406
21.82 0.0602062
21.83 0.0595465
21.84 0.0588651
21.85 0.0581653
21.86 0.0574503
21.87 0.0567232
21.88 0.0559867
21.89 0.0552435
21.9 0.0544964
21.91 0.0537481
21.92 0.0530014
21.93 0.0522592
21.94 0.0515247
21.95 0.0508011
21.96 0.0500915
21.97 0.0493989
21.98 0.0487258
21.99 0.0480744
22 0.0474461
22.01 0.0468422
22.02 0.0462633
22.03 0.0457097
22.04 0.0451817
22.05 0.0446798
22.06 0.0442052
22.07 0.0437594
22.08 0.0433442
22.09 0.042962
22.1 0.0426149
22.11 0.042305
22.12 0.0420346
22.13 0.0418055
22.14 0.0416195
22.15 0.0414782
22.16 0.0413824
22.17 0.0413329
22.18 0.0413299
22.19 0.0413733
22.2 0.0414629
22.21 0.0415983
22.22 0.041779
22.23 0.0420046
22.24 0.0422745
22.25 0.0425883
22.26 0.042945
22.27 0.0433439
22.28 0.0437836
22.29 0.0442627
22.3 0.0447792
22.31 0.0453306
22.32 0.0459138
22.33 0.0465254
22.34 0.0471615
22.35 0.0478182
22.36 0.0484913
22.37 0.0491764
22.38 0.0498693
22.39 0.0505662
22.4 0.0512628
22.41 0.0519557
22.42 0.0526412
22.43 0.0533162
22.44 0.0539775
22.45 0.0546223
22.46 0.0552481
22.47 0.0558526
22.48 0.0564341
22.49 0.056991
22.5 0.0575223
22.51 0.0580274
22.52 0.0585058
22.53 0.0589577
22.54 0.0593834
22.55 0.0597833
22.56 0.0601581
22.57 0.0605086
22.58 0.0608358
22.59 0.0611409
22.6 0.0614251
22.61 0.0616898
22.62 0.0619364
22.63 0.0621662
22.64 0.0623805
22.65 0.0625806
22.66 0.0627672
22.67 0.0629411
22.68 0.0631027
22.69 0.0632521
22.7 0.0633897
22.71 0.0635158
22.72 0.063631
22.73 0.0637361
22.74 0.0638319
22.75 0.0639192
22.76 0.0639989
22.77 0.0640719
22.78 0.0641389
22.79 0.0642006
22.8 0.0642574
22.81 0.0643102
22.82 0.0643594
22.83 0.0644057
22.84 0.0644495
22.85 0.0644914
22.86 0.0645319
22.87 0.0645712
22.88 0.0646097
22.89 0.0646475
22.9 0.0646846
22.91 0.0647207
22.92 0.0647555
22.93 0.0647884
22.94 0.0648186
22.95 0.0648452
22.96 0.0648671
22.97 0.0648831
22.98 0.0648919
22.99 0.0648927
23 0.0648849
23.01 0.0648685
23.02 0.064844
23.03 0.0648119
23.04 0.0647731
23.05 0.0647289
23.06 0.0646802
23.07 0.0646282
23.08 0.0645737
23.09 0.0645171
23.1 0.0644586
23.11 0.0643984
23.12 0.0643366
23.13 0.0642731
23.14 0.0642082
23.15 0.064142
23.16 0.0640746
23.17 0.0640063
23.18 0.0639374
23.19 0.0638682
23.2 0.0637991
23.21 0.0637307
23.22 0.0636634
23.23 0.0635977
23.24 0.0635339
23.25 0.0634725
23.26 0.0634137
23.27 0.0633579
23.28 0.0633054
23.29 0.0632569
23.3 0.0632127
23.31 0.0631737
23.32 0.0631403
23.33 0.0631133
23.34 0.0630931
23.35 0.0630802
23.36 0.0630748
23.37 0.063077
23.38 0.0630866
23.39 0.0631033
23.4 0.0631266
23.41 0.0631555
23.42 0.0631889
23.43 0.0632254
23.44 0.0632635
23.45 0.0633013
23.46 0.0633372
23.47 0.0633694
23.48 0.0633964
23.49 0.0634171
23.5 0.0634307
23.51 0.0634364
23.52 0.0634337
23.53 0.0634222
23.54 0.0634015
23.55 0.0633713
23.56 0.0633315
23.57 0.063282
23.58 0.063223
23.59 0.0631547
23.6 0.0630774
23.61 0.0629917
23.62 0.062898
23.63 0.062797
23.64 0.0626895
23.65 0.0625765
23.66 0.0624589
23.67 0.0623377
23.68 0.0622138
23.69 0.0620879
23.7 0.0619606
23.71 0.0618323
23.72 0.0617033
23.73 0.0615736
23.74 0.0614432
23.75 0.0613117
23.76 0.0611786
23.77 0.0610429
23.78 0.0609032
23.79 0.060758
23.8 0.0606053
23.81 0.0604433
23.82 0.0602701
23.83 0.0600841
23.84 0.0598837
23.85 0.0596675
23.86 0.0594341
23.87 0.0591823
23.88 0.0589112
23.89 0.0586198
23.9 0.058307
23.91 0.0579721
23.92 0.0576138
23.93 0.0572312
23.94 0.0568234
23.95 0.0563899
23.96 0.0559302
23.97 0.0554444
23.98 0.0549333
23.99 0.0543978
24 0.05384
24.01 0.0532621
24.02 0.0526671
24.03 0.052058
24.04 0.0514388
24.05 0.0508139
24.06 0.0501882
24.07 0.0495674
24.08 0.0489573
24.09 0.0483637
24.1 0.0477922
24.11 0.0472481
24.12 0.0467363
24.13 0.0462611
24.14 0.0458259
24.15 0.0454336
24.16 0.0450861
24.17 0.0447848
24.18 0.0445307
24.19 0.0443244
24.2 0.0441663
24.21 0.0440564
24.22 0.0439944
24.23 0.0439795
24.24 0.0440109
24.25 0.0440871
24.26 0.0442066
24.27 0.0443676
24.28 0.0445676
24.29 0.0448041
24.3 0.0450739
24.31 0.0453736
24.32 0.0456997
24.33 0.0460486
24.34 0.0464172
24.35 0.0468028
24.36 0.0472032
24.37 0.0476164
24.38 0.0480409
24.39 0.0484749
24.4 0.0489171
24.41 0.049366
24.42 0.0498202
24.43 0.0502779
24.44 0.0507372
24.45 0.0511962
24.46 0.0516529
24.47 0.0521053
24.48 0.0525517
24.49 0.0529903
24.5 0.0534196
24.51 0.053838
24.52 0.0542441
24.53 0.0546365
24.54 0.0550136
24.55 0.0553741
24.56 0.0557165
24.57 0.0560391
24.58 0.0563404
24.59 0.0566186
24.6 0.0568723
24.61 0.0570999
24.62 0.0573002
24.63 0.0574719
24.64 0.0576141
24.65 0.0577261
24.66 0.0578075
24.67 0.0578585
24.68 0.0578795
24.69 0.0578712
24.7 0.0578349
24.71 0.0577719
24.72 0.057684
24.73 0.0575727
24.74 0.0574401
24.75 0.0572882
24.76 0.0571191
24.77 0.0569352
24.78 0.0567389
24.79 0.0565323
24.8 0.0563174
24.81 0.0560963
24.82 0.0558708
24.83 0.0556423
24.84 0.0554124
24.85 0.0551824
24.86 0.0549534
24.87 0.0547265
24.88 0.0545026
24.89 0.0542826
24.9 0.0540668
24.91 0.0538554
24.92 0.0536485
24.93 0.053446
24.94 0.0532475
24.95 0.0530528
24.96 0.0528614
24.97 0.0526729
24.98 0.052487
24.99 0.0523032
25 0.0521214
