0.01 3.17218e-09
0.02 1.52741e-08
0.03 3.76941e-08
0.04 6.80493e-08
0.05 1.03991e-07
0.06 1.4323e-07
0.07 1.83559e-07
0.08 2.22853e-07
0.09 2.59056e-07
0.1 2.90182e-07
0.11 3.14346e-07
0.12 3.29761e-07
0.13 3.3471e-07
0.14 3.27487e-07
0.15 3.06394e-07
0.16 2.69793e-07
0.17 2.16167e-07
0.18 1.44126e-07
0.19 5.2427e-08
0.2 -6.0017e-08
0.21 -1.94123e-07
0.22 -3.50633e-07
0.23 -5.3012e-07
0.24 -7.33005e-07
0.25 -9.59591e-07
0.26 -1.21012e-06
0.27 -1.48482e-06
0.28 -1.78374e-06
0.29 -2.10656e-06
0.3 -2.45242e-06
0.31 -2.8199e-06
0.32 -3.20702e-06
0.33 -3.61097e-06
0.34 -4.02809e-06
0.35 -4.45414e-06
0.36 -4.88448e-06
0.37 -5.31429e-06
0.38 -5.73911e-06
0.39 -6.15562e-06
0.4 -6.56227e-06
0.41 -6.9596e-06
0.42 -7.34973e-06
0.43 -7.73582e-06
0.44 -8.12211e-06
0.45 -8.51373e-06
0.46 -8.91627e-06
0.47 -9.33531e-06
0.48 -9.77584e-06
0.49 -1.0242e-05
0.5 -1.0737e-05
0.51 -1.12633e-05
0.52 -1.1823e-05
0.53 -1.24171e-05
0.54 -1.30461e-05
0.55 -1.37104e-05
0.56 -1.44094e-05
0.57 -1.51423e-05
0.58 -1.5908e-05
0.59 -1.67054e-05
0.6 -1.75332e-05
0.61 -1.83899e-05
0.62 -1.92736e-05
0.63 -2.01824e-05
0.64 -2.11144e-05
0.65 -2.20676e-05
0.66 -2.30401e-05
0.67 -2.40302e-05
0.68 -2.50366e-05
0.69 -2.60581e-05
0.7 -2.70938e-05
0.71 -2.81421e-05
0.72 -2.92011e-05
0.73 -3.02672e-05
0.74 -3.13348e-05
0.75 -3.23959e-05
0.76 -3.34393e-05
0.77 -3.44514e-05
0.78 -3.54173e-05
0.79 -3.63231e-05
0.8 -3.71574e-05
0.81 -3.79117e-05
0.82 -3.85805e-05
0.83 -3.916e-05
0.84 -3.96489e-05
0.85 -4.00493e-05
0.86 -4.03664e-05
0.87 -4.06044e-05
0.88 -4.07629e-05
0.89 -4.08361e-05
0.9 -4.08152e-05
0.91 -4.06901e-05
0.92 -4.04504e-05
0.93 -4.00879e-05
0.94 -3.9599e-05
0.95 -3.89863e-05
0.96 -3.82586e-05
0.97 -3.74306e-05
0.98 -3.65181e-05
0.99 -3.55322e-05
1 -3.44779e-05
1.01 -3.33548e-05
1.02 -3.21566e-05
1.03 -3.08725e-05
1.04 -2.94897e-05
1.05 -2.79954e-05
1.06 -2.63804e-05
1.07 -2.46403e-05
1.08 -2.27748e-05
1.09 -2.07843e-05
1.1 -1.86691e-05
1.11 -1.64313e-05
1.12 -1.4073e-05
1.13 -1.15949e-05
1.14 -8.99671e-06
1.15 -6.27848e-06
1.16 -3.44262e-06
1.17 -4.96236e-07
1.18 2.54648e-06
1.19 5.66618e-06
1.2 8.8417e-06
1.21 1.20486e-05
1.22 1.52581e-05
1.23 1.84397e-05
1.24 2.15668e-05
1.25 2.4625e-05
1.26 2.7616e-05
1.27 3.05535e-05
1.28 3.34531e-05
1.29 3.63297e-05
1.3 3.91968e-05
1.31 4.20613e-05
1.32 4.49214e-05
1.33 4.77687e-05
1.34 5.05943e-05
1.35 5.33917e-05
1.36 5.61573e-05
1.37 5.88906e-05
1.38 6.1593e-05
1.39 6.42673e-05
1.4 6.69149e-05
1.41 6.95331e-05
1.42 7.21115e-05
1.43 7.46273e-05
1.44 7.7042e-05
1.45 7.92992e-05
1.46 8.13265e-05
1.47 8.30419e-05
1.48 8.43612e-05
1.49 8.51991e-05
1.5 8.54731e-05
1.51 8.5108e-05
1.52 8.40385e-05
1.53 8.22163e-05
1.54 7.96185e-05
1.55 7.62547e-05
1.56 7.21699e-05
1.57 6.74345e-05
1.58 6.2136e-05
1.59 5.63715e-05
1.6 5.02357e-05
1.61 4.38138e-05
1.62 3.71841e-05
1.63 3.0417e-05
1.64 2.35747e-05
1.65 1.67124e-05
1.66 9.87511e-06
1.67 3.09591e-06
1.68 -3.60185e-06
1.69 -1.01989e-05
1.7 -1.66765e-05
1.71 -2.30163e-05
1.72 -2.91999e-05
1.73 -3.52069e-05
1.74 -4.10109e-05
1.75 -4.65762e-05
1.76 -5.18626e-05
1.77 -5.68322e-05
1.78 -6.14455e-05
1.79 -6.56562e-05
1.8 -6.94134e-05
1.81 -7.2667e-05
1.82 -7.53678e-05
1.83 -7.74691e-05
1.84 -7.89379e-05
1.85 -7.97596e-05
1.86 -7.99339e-05
1.87 -7.94651e-05
1.88 -7.83561e-05
1.89 -7.66076e-05
1.9 -7.4218e-05
1.91 -7.11833e-05
1.92 -6.74975e-05
1.93 -6.31542e-05
1.94 -5.81603e-05
1.95 -5.25519e-05
1.96 -4.63946e-05
1.97 -3.97787e-05
1.98 -3.28142e-05
1.99 -2.56189e-05
2 -1.82978e-05
2.01 -1.09248e-05
2.02 -3.53987e-06
2.03 3.84729e-06
2.04 1.12547e-05
2.05 1.8718e-05
2.06 2.62803e-05
2.07 3.39819e-05
2.08 4.18442e-05
2.09 4.98591e-05
2.1 5.79862e-05
2.11 6.61561e-05
2.12 7.42689e-05
2.13 8.21891e-05
2.14 8.97574e-05
2.15 9.68038e-05
2.16 0.000103151
2.17 0.000108621
2.18 0.000113038
2.19 0.000116222
2.2 0.000117981
2.21 0.000118119
2.22 0.000116446
2.23 0.000112786
2.24 0.000106984
2.25 9.88977e-05
2.26 8.84065e-05
2.27 7.54359e-05
2.28 5.99644e-05
2.29 4.20109e-05
2.3 2.16307e-05
2.31 -1.08384e-06
2.32 -2.59977e-05
2.33 -5.29213e-05
2.34 -8.16056e-05
2.35 -0.000111749
2.36 -0.000143005
2.37 -0.000174997
2.38 -0.000207329
2.39 -0.000239581
2.4 -0.000271332
2.41 -0.000302203
2.42 -0.000331874
2.43 -0.000360069
2.44 -0.000386536
2.45 -0.000411047
2.46 -0.000433394
2.47 -0.000453405
2.48 -0.000470945
2.49 -0.000485903
2.5 -0.000498173
2.51 -0.000507642
2.52 -0.000514188
2.53 -0.000517697
2.54 -0.000518064
2.55 -0.000515192
2.56 -0.000508994
2.57 -0.000499424
2.58 -0.000486496
2.59 -0.000470289
2.6 -0.000450942
2.61 -0.000428633
2.62 -0.000403565
2.63 -0.00037594
2.64 -0.000345948
2.65 -0.000313768
2.66 -0.000279565
2.67 -0.000243495
2.68 -0.000205713
2.69 -0.00016639
2.7 -0.000125714
2.71 -8.38816e-05
2.72 -4.10912e-05
2.73 2.45496e-06
2.74 4.65712e-05
2.75 9.10942e-05
2.76 0.000135868
2.77 0.00018074
2.78 0.000225587
2.79 0.000270326
2.8 0.000314909
2.81 0.00035932
2.82 0.000403543
2.83 0.00044753
2.84 0.000491196
2.85 0.00053442
2.86 0.000577049
2.87 0.000618892
2.88 0.000659707
2.89 0.000699206
2.9 0.000737087
2.91 0.000773036
2.92 0.00080673
2.93 0.000837848
2.94 0.00086608
2.95 0.000891137
2.96 0.000912758
2.97 0.000930742
2.98 0.000944956
2.99 0.000955328
3 0.000961829
3.01 0.000964469
3.02 0.00096327
3.03 0.000958252
3.04 0.000949421
3.05 0.000936767
3.06 0.000920256
3.07 0.00089982
3.08 0.000875369
3.09 0.000846801
3.1 0.000814039
3.11 0.000777057
3.12 0.000735899
3.13 0.000690691
3.14 0.00064163
3.15 0.000588951
3.16 0.000532923
3.17 0.000473841
3.18 0.000412029
3.19 0.000347822
3.2 0.000281537
3.21 0.00021349
3.22 0.000144031
3.23 7.35504e-05
3.24 2.4795e-06
3.25 -6.8717e-05
3.26 -0.000139558
3.27 -0.000209529
3.28 -0.000278069
3.29 -0.000344606
3.3 -0.000408593
3.31 -0.000469487
3.32 -0.000526755
3.33 -0.00057992
3.34 -0.000628608
3.35 -0.000672576
3.36 -0.000711726
3.37 -0.000746094
3.38 -0.00077584
3.39 -0.000801238
3.4 -0.000822664
3.41 -0.000840582
3.42 -0.000855502
3.43 -0.00086795
3.44 -0.000878438
3.45 -0.000887464
3.46 -0.000895498
3.47 -0.000902932
3.48 -0.000910042
3.49 -0.00091696
3.5 -0.000923687
3.51 -0.000930106
3.52 -0.000935988
3.53 -0.000941016
3.54 -0.000944814
3.55 -0.000947003
3.56 -0.00094726
3.57 -0.000945324
3.58 -0.00094096
3.59 -0.000933939
3.6 -0.000924089
3.61 -0.000911304
3.62 -0.000895544
3.63 -0.000876829
3.64 -0.000855248
3.65 -0.000830948
3.66 -0.000804142
3.67 -0.000775119
3.68 -0.000744242
3.69 -0.000711924
3.7 -0.000678577
3.71 -0.000644596
3.72 -0.000610372
3.73 -0.000576273
3.74 -0.000542613
3.75 -0.000509663
3.76 -0.000477663
3.77 -0.000446811
3.78 -0.00041726
3.79 -0.000389129
3.8 -0.000362489
3.81 -0.000337343
3.82 -0.000313637
3.83 -0.000291286
3.84 -0.000270175
3.85 -0.000250169
3.86 -0.000231158
3.87 -0.00021311
3.88 -0.000196087
3.89 -0.000180264
3.9 -0.000165927
3.91 -0.000153467
3.92 -0.000143383
3.93 -0.000136243
3.94 -0.000132636
3.95 -0.000133147
3.96 -0.000138333
3.97 -0.000148678
3.98 -0.000164536
3.99 -0.000186094
4 -0.00021337
4.01 -0.000246224
4.02 -0.000284363
4.03 -0.000327361
4.04 -0.00037466
4.05 -0.000425573
4.06 -0.000479294
4.07 -0.000534886
4.08 -0.000591268
4.09 -0.000647237
4.1 -0.00070151
4.11 -0.000752787
4.12 -0.000799853
4.13 -0.000841668
4.14 -0.000877407
4.15 -0.000906516
4.16 -0.000928774
4.17 -0.000944304
4.18 -0.000953522
4.19 -0.000957077
4.2 -0.000955828
4.21 -0.000950779
4.22 -0.000942993
4.23 -0.000933495
4.24 -0.000923191
4.25 -0.000912889
4.26 -0.000903334
4.27 -0.000895176
4.28 -0.000888941
4.29 -0.00088501
4.3 -0.000883601
4.31 -0.000884782
4.32 -0.000888499
4.33 -0.000894586
4.34 -0.000902744
4.35 -0.00091252
4.36 -0.000923314
4.37 -0.000934402
4.38 -0.000944966
4.39 -0.000954135
4.4 -0.000961001
4.41 -0.00096462
4.42 -0.000964029
4.43 -0.00095829
4.44 -0.000946512
4.45 -0.000927893
4.46 -0.000901798
4.47 -0.000867812
4.48 -0.000825738
4.49 -0.000775548
4.5 -0.000717302
4.51 -0.000651119
4.52 -0.000577223
4.53 -0.000495983
4.54 -0.000407895
4.55 -0.000313567
4.56 -0.000213704
4.57 -0.000109099
4.58 -6.2614e-07
4.59 0.000110778
4.6 0.000224134
4.61 0.000338456
4.62 0.000452809
4.63 0.000566319
4.64 0.00067817
4.65 0.000787626
4.66 0.000894053
4.67 0.000996961
4.68 0.00109603
4.69 0.00119109
4.7 0.00128204
4.71 0.00136882
4.72 0.00145133
4.73 0.0015295
4.74 0.00160324
4.75 0.00167239
4.76 0.0017367
4.77 0.00179591
4.78 0.00184973
4.79 0.00189787
4.8 0.00194006
4.81 0.00197601
4.82 0.00200536
4.83 0.0020278
4.84 0.00204306
4.85 0.0020508
4.86 0.00205072
4.87 0.00204255
4.88 0.00202613
4.89 0.00200133
4.9 0.00196808
4.91 0.00192638
4.92 0.0018763
4.93 0.00181803
4.94 0.00175176
4.95 0.00167774
4.96 0.00159626
4.97 0.00150769
4.98 0.00141247
4.99 0.00131113
5 0.00120424
5.01 0.00109242
5.02 0.000976214
5.03 0.000856098
5.04 0.00073242
5.05 0.000605423
5.06 0.00047523
5.07 0.000341823
5.08 0.000205088
5.09 6.48752e-05
5.1 -7.90143e-05
5.11 -0.000226812
5.12 -0.000378709
5.13 -0.000534819
5.14 -0.00069516
5.15 -0.000859604
5.16 -0.00102782
5.17 -0.00119926
5.18 -0.00137313
5.19 -0.00154854
5.2 -0.00172443
5.21 -0.00189962
5.22 -0.00207284
5.23 -0.00224284
5.24 -0.0024084
5.25 -0.00256834
5.26 -0.00272147
5.27 -0.00286655
5.28 -0.00300232
5.29 -0.00312758
5.3 -0.00324117
5.31 -0.00334203
5.32 -0.00342923
5.33 -0.00350203
5.34 -0.00355996
5.35 -0.00360281
5.36 -0.00363063
5.37 -0.0036438
5.38 -0.00364302
5.39 -0.00362915
5.4 -0.00360315
5.41 -0.00356604
5.42 -0.00351882
5.43 -0.00346247
5.44 -0.00339782
5.45 -0.00332557
5.46 -0.00324628
5.47 -0.00316041
5.48 -0.00306837
5.49 -0.00297057
5.5 -0.00286733
5.51 -0.00275889
5.52 -0.00264545
5.53 -0.00252721
5.54 -0.00240439
5.55 -0.00227716
5.56 -0.00214568
5.57 -0.00201015
5.58 -0.00187089
5.59 -0.00172829
5.6 -0.00158277
5.61 -0.00143474
5.62 -0.0012846
5.63 -0.0011327
5.64 -0.000979369
5.65 -0.00082494
5.66 -0.000669744
5.67 -0.000514084
5.68 -0.000358216
5.69 -0.000202322
5.7 -4.65037e-05
5.71 0.000109217
5.72 0.000264913
5.73 0.000420707
5.74 0.000576734
5.75 0.000733158
5.76 0.000890131
5.77 0.00104774
5.78 0.00120597
5.79 0.00136465
5.8 0.00152343
5.81 0.00168178
5.82 0.00183893
5.83 0.00199389
5.84 0.00214547
5.85 0.00229232
5.86 0.002433
5.87 0.00256603
5.88 0.0026899
5.89 0.00280312
5.9 0.00290429
5.91 0.00299214
5.92 0.00306557
5.93 0.00312366
5.94 0.00316569
5.95 0.00319116
5.96 0.00319987
5.97 0.00319198
5.98 0.00316798
5.99 0.00312865
6 0.00307504
6.01 0.00300839
6.02 0.00293005
6.03 0.00284144
6.04 0.00274402
6.05 0.00263929
6.06 0.00252871
6.07 0.00241364
6.08 0.00229524
6.09 0.0021745
6.1 0.0020523
6.11 0.00192938
6.12 0.00180635
6.13 0.00168368
6.14 0.00156179
6.15 0.00144105
6.16 0.00132193
6.17 0.00120495
6.18 0.00109086
6.19 0.000980572
6.2 0.000875114
6.21 0.000775545
6.22 0.000682974
6.23 0.000598554
6.24 0.0005234
6.25 0.000458555
6.26 0.000405013
6.27 0.000363714
6.28 0.000335541
6.29 0.00032136
6.3 0.000322026
6.31 0.000338381
6.32 0.000371279
6.33 0.000421578
6.34 0.000490106
6.35 0.00057765
6.36 0.000684892
6.37 0.000812259
6.38 0.0009598
6.39 0.0011272
6.4 0.00131385
6.41 0.00151889
6.42 0.00174136
6.43 0.00198027
6.44 0.00223465
6.45 0.00250371
6.46 0.00278685
6.47 0.00308366
6.48 0.00339372
6.49 0.00371652
6.5 0.00405135
6.51 0.00439707
6.52 0.00475209
6.53 0.00511443
6.54 0.00548166
6.55 0.00585089
6.56 0.00621879
6.57 0.00658177
6.58 0.00693605
6.59 0.00727789
6.6 0.00760374
6.61 0.00791041
6.62 0.0081951
6.63 0.00845548
6.64 0.00868966
6.65 0.00889601
6.66 0.00907309
6.67 0.00921954
6.68 0.00933408
6.69 0.0094155
6.7 0.00946272
6.71 0.00947474
6.72 0.00945074
6.73 0.00939004
6.74 0.00929212
6.75 0.00915671
6.76 0.00898383
6.77 0.00877376
6.78 0.00852707
6.79 0.00824461
6.8 0.00792746
6.81 0.00757691
6.82 0.00719433
6.83 0.00678109
6.84 0.00633859
6.85 0.0058682
6.86 0.0053712
6.87 0.00484885
6.88 0.00430233
6.89 0.00373289
6.9 0.0031419
6.91 0.00253098
6.92 0.00190203
6.93 0.00125732
6.94 0.000599436
6.95 -6.86746e-05
6.96 -0.00074386
6.97 -0.00142289
6.98 -0.00210265
6.99 -0.00278029
7 -0.00345329
7.01 -0.00411951
7.02 -0.00477719
7.03 -0.00542476
7.04 -0.00606073
7.05 -0.00668353
7.06 -0.00729135
7.07 -0.00788209
7.08 -0.00845331
7.09 -0.00900232
7.1 -0.00952622
7.11 -0.010022
7.12 -0.0104868
7.13 -0.0109178
7.14 -0.011313
7.15 -0.0116707
7.16 -0.0119899
7.17 -0.01227
7.18 -0.0125109
7.19 -0.0127127
7.2 -0.0128756
7.21 -0.0130001
7.22 -0.0130866
7.23 -0.0131351
7.24 -0.0131457
7.25 -0.0131181
7.26 -0.013052
7.27 -0.0129469
7.28 -0.0128028
7.29 -0.0126196
7.3 -0.0123978
7.31 -0.0121383
7.32 -0.0118423
7.33 -0.0115116
7.34 -0.0111479
7.35 -0.0107535
7.36 -0.0103302
7.37 -0.00987983
7.38 -0.00940404
7.39 -0.00890407
7.4 -0.00838094
7.41 -0.00783551
7.42 -0.00726856
7.43 -0.006681
7.44 -0.00607399
7.45 -0.00544904
7.46 -0.00480807
7.47 -0.00415337
7.48 -0.00348767
7.49 -0.00281406
7.5 -0.00213601
7.51 -0.00145731
7.52 -0.000781936
7.53 -0.000113927
7.54 0.000542753
7.55 0.00118429
7.56 0.00180701
7.57 0.00240732
7.58 0.00298172
7.59 0.00352682
7.6 0.0040393
7.61 0.00451605
7.62 0.00495428
7.63 0.00535172
7.64 0.00570673
7.65 0.00601825
7.66 0.00628583
7.67 0.00650977
7.68 0.00669111
7.69 0.00683157
7.7 0.00693355
7.71 0.00699992
7.72 0.00703368
7.73 0.0070377
7.74 0.0070145
7.75 0.00696621
7.76 0.00689452
7.77 0.00680082
7.78 0.00668623
7.79 0.00655168
7.8 0.00639783
7.81 0.00622513
7.82 0.00603391
7.83 0.0058243
7.84 0.00559632
7.85 0.00534985
7.86 0.00508477
7.87 0.00480094
7.88 0.00449828
7.89 0.00417688
7.9 0.00383706
7.91 0.00347938
7.92 0.0031047
7.93 0.00271419
7.94 0.00230937
7.95 0.001892
7.96 0.00146412
7.97 0.00102795
7.98 0.000585917
7.99 0.000140589
8 -0.000305457
8.01 -0.000749732
8.02 -0.00118988
8.03 -0.00162372
8.04 -0.0020493
8.05 -0.00246499
8.06 -0.0028695
8.07 -0.00326183
8.08 -0.00364121
8.09 -0.00400698
8.1 -0.00435847
8.11 -0.00469488
8.12 -0.00501511
8.13 -0.00531774
8.14 -0.0056011
8.15 -0.00586326
8.16 -0.00610213
8.17 -0.00631546
8.18 -0.006501
8.19 -0.00665658
8.2 -0.00678017
8.21 -0.00686996
8.22 -0.00692444
8.23 -0.00694242
8.24 -0.00692295
8.25 -0.0068654
8.26 -0.00676945
8.27 -0.00663518
8.28 -0.00646301
8.29 -0.00625373
8.3 -0.00600863
8.31 -0.00572952
8.32 -0.00541884
8.33 -0.0050797
8.34 -0.00471576
8.35 -0.00433115
8.36 -0.00393025
8.37 -0.00351747
8.38 -0.00309702
8.39 -0.00267269
8.4 -0.00224774
8.41 -0.00182479
8.42 -0.00140594
8.43 -0.000992835
8.44 -0.000586669
8.45 -0.000188208
8.46 0.00020223
8.47 0.000584728
8.48 0.000959721
8.49 0.00132787
8.5 0.00168997
8.51 0.00204684
8.52 0.0023992
8.53 0.00274752
8.54 0.00309186
8.55 0.00343183
8.56 0.00376669
8.57 0.00409541
8.58 0.0044168
8.59 0.00472957
8.6 0.00503242
8.61 0.00532407
8.62 0.00560344
8.63 0.00586972
8.64 0.00612242
8.65 0.0063614
8.66 0.00658688
8.67 0.00679939
8.68 0.00699965
8.69 0.0071885
8.7 0.00736677
8.71 0.00753535
8.72 0.00769505
8.73 0.00784651
8.74 0.00799016
8.75 0.00812625
8.76 0.00825477
8.77 0.00837535
8.78 0.00848731
8.79 0.00858969
8.8 0.00868125
8.81 0.00876051
8.82 0.00882581
8.83 0.00887543
8.84 0.00890778
8.85 0.00892146
8.86 0.00891533
8.87 0.00888845
8.88 0.0088401
8.89 0.00876984
8.9 0.00867759
8.91 0.00856361
8.92 0.00842843
8.93 0.00827279
8.94 0.00809757
8.95 0.00790367
8.96 0.00769193
8.97 0.00746322
8.98 0.00721835
8.99 0.00695803
9 0.00668282
9.01 0.00639303
9.02 0.00608877
9.03 0.00576987
9.04 0.005436
9.05 0.00508676
9.06 0.00472186
9.07 0.0043412
9.08 0.0039449
9.09 0.00353328
9.1 0.00310684
9.11 0.00266615
9.12 0.00221186
9.13 0.00174467
9.14 0.00126535
9.15 0.00077472
9.16 0.000273786
9.17 -0.000236185
9.18 -0.000753533
9.19 -0.00127616
9.2 -0.00180151
9.21 -0.00232651
9.22 -0.00284755
9.23 -0.00336057
9.24 -0.00386126
9.25 -0.00434526
9.26 -0.00480846
9.27 -0.00524717
9.28 -0.00565821
9.29 -0.00603907
9.3 -0.00638782
9.31 -0.0067029
9.32 -0.00698299
9.33 -0.00722702
9.34 -0.0074341
9.35 -0.00760353
9.36 -0.00773478
9.37 -0.0078275
9.38 -0.0078815
9.39 -0.00789675
9.4 -0.00787346
9.41 -0.0078122
9.42 -0.0077139
9.43 -0.00757997
9.44 -0.00741234
9.45 -0.0072135
9.46 -0.00698638
9.47 -0.00673417
9.48 -0.00646018
9.49 -0.00616763
9.5 -0.00585952
9.51 -0.0055385
9.52 -0.00520687
9.53 -0.00486656
9.54 -0.00451924
9.55 -0.00416651
9.56 -0.00380995
9.57 -0.00345127
9.58 -0.00309234
9.59 -0.00273532
9.6 -0.00238255
9.61 -0.00203645
9.62 -0.00169939
9.63 -0.00137356
9.64 -0.00106084
9.65 -0.000762712
9.66 -0.000480239
9.67 -0.000214096
9.68 3.54364e-05
9.69 0.000268421
9.7 0.000485156
9.71 0.000686042
9.72 0.000871468
9.73 0.00104177
9.74 0.00119715
9.75 0.00133759
9.76 0.00146281
9.77 0.00157237
9.78 0.00166564
9.79 0.00174187
9.8 0.00180013
9.81 0.00183934
9.82 0.00185835
9.83 0.0018559
9.84 0.00183069
9.85 0.0017814
9.86 0.00170677
9.87 0.0016057
9.88 0.00147739
9.89 0.00132122
9.9 0.00113687
9.91 0.000924385
9.92 0.000684207
9.93 0.000417175
9.94 0.0001245
9.95 -0.000192242
9.96 -0.000531211
9.97 -0.000890462
9.98 -0.00126811
9.99 -0.0016624
10 -0.00207174
10.01 -0.00249472
10.02 -0.00293011
10.03 -0.00337691
10.04 -0.00383423
10.05 -0.00430113
10.06 -0.00477651
10.07 -0.00525902
10.08 -0.00574713
10.09 -0.0062391
10.1 -0.00673303
10.11 -0.00722688
10.12 -0.00771858
10.13 -0.00820622
10.14 -0.00868804
10.15 -0.00916247
10.16 -0.00962808
10.17 -0.0100836
10.18 -0.0105276
10.19 -0.0109588
10.2 -0.0113757
10.21 -0.0117766
10.22 -0.0121598
10.23 -0.0125238
10.24 -0.0128668
10.25 -0.0131872
10.26 -0.0134837
10.27 -0.0137548
10.28 -0.0139995
10.29 -0.0142168
10.3 -0.0144059
10.31 -0.0145661
10.32 -0.0146965
10.33 -0.0147965
10.34 -0.0148655
10.35 -0.0149029
10.36 -0.0149082
10.37 -0.0148812
10.38 -0.0148215
10.39 -0.0147292
10.4 -0.0146041
10.41 -0.0144462
10.42 -0.0142554
10.43 -0.0140315
10.44 -0.0137742
10.45 -0.0134831
10.46 -0.0131578
10.47 -0.0127979
10.48 -0.012403
10.49 -0.0119733
10.5 -0.0115092
10.51 -0.0110114
10.52 -0.0104813
10.53 -0.00992063
10.54 -0.0093313
10.55 -0.00871554
10.56 -0.00807573
10.57 -0.00741431
10.58 -0.00673389
10.59 -0.00603709
10.6 -0.00532658
10.61 -0.00460509
10.62 -0.0038754
10.63 -0.00314041
10.64 -0.0024031
10.65 -0.00166657
10.66 -0.000933979
10.67 -0.000208552
10.68 0.000506535
10.69 0.00120823
10.7 0.00189371
10.71 0.00256041
10.72 0.00320602
10.73 0.00382842
10.74 0.0044257
10.75 0.00499612
10.76 0.00553812
10.77 0.00605029
10.78 0.00653145
10.79 0.00698063
10.8 0.00739702
10.81 0.00777998
10.82 0.00812903
10.83 0.00844387
10.84 0.00872435
10.85 0.00897044
10.86 0.00918215
10.87 0.00935949
10.88 0.00950248
10.89 0.00961119
10.9 0.00968573
10.91 0.0097263
10.92 0.00973324
10.93 0.00970718
10.94 0.00964903
10.95 0.00956007
10.96 0.0094419
10.97 0.00929638
10.98 0.00912559
10.99 0.00893172
11 0.00871695
11.01 0.00848342
11.02 0.00823317
11.03 0.00796814
11.04 0.00769008
11.05 0.00740057
11.06 0.00710116
11.07 0.00679328
11.08 0.00647833
11.09 0.00615759
11.1 0.00583235
11.11 0.0055039
11.12 0.00517362
11.13 0.00484296
11.14 0.00451342
11.15 0.00418644
11.16 0.00386352
11.17 0.00354627
11.18 0.00323647
11.19 0.00293607
11.2 0.00264721
11.21 0.00237216
11.22 0.00211328
11.23 0.00187299
11.24 0.0016535
11.25 0.00145662
11.26 0.00128363
11.27 0.00113525
11.28 0.00101172
11.29 0.000912937
11.3 0.000838564
11.31 0.000788109
11.32 0.000760998
11.33 0.000756661
11.34 0.000774641
11.35 0.00081473
11.36 0.000877025
11.37 0.000961844
11.38 0.00106958
11.39 0.00120056
11.4 0.001355
11.41 0.00153294
11.42 0.00173415
11.43 0.00195802
11.44 0.00220362
11.45 0.00246976
11.46 0.00275508
11.47 0.00305818
11.48 0.00337774
11.49 0.00371267
11.5 0.00406219
11.51 0.00442585
11.52 0.00480347
11.53 0.00519506
11.54 0.00560069
11.55 0.00602041
11.56 0.0064541
11.57 0.00690133
11.58 0.00736132
11.59 0.00783305
11.6 0.00831532
11.61 0.00880691
11.62 0.0093066
11.63 0.00981315
11.64 0.0103253
11.65 0.0108419
11.66 0.0113616
11.67 0.0118831
11.68 0.0124051
11.69 0.0129262
11.7 0.0134448
11.71 0.0139592
11.72 0.0144674
11.73 0.014967
11.74 0.0154555
11.75 0.0159301
11.76 0.0163877
11.77 0.0168245
11.78 0.0172366
11.79 0.0176197
11.8 0.0179693
11.81 0.0182811
11.82 0.0185512
11.83 0.0187761
11.84 0.018953
11.85 0.0190793
11.86 0.0191531
11.87 0.0191726
11.88 0.0191364
11.89 0.0190432
11.9 0.0188922
11.91 0.0186827
11.92 0.0184144
11.93 0.0180872
11.94 0.0177014
11.95 0.0172574
11.96 0.016756
11.97 0.0161981
11.98 0.015585
11.99 0.0149183
12 0.0142001
12.01 0.0134327
12.02 0.0126189
12.03 0.0117618
12.04 0.010865
12.05 0.00993235
12.06 0.00896809
12.07 0.00797649
12.08 0.00696187
12.09 0.00592837
12.1 0.00487989
12.11 0.0038201
12.12 0.00275244
12.13 0.00168002
12.14 0.000605547
12.15 -0.000468583
12.16 -0.00154027
12.17 -0.00260761
12.18 -0.00366876
12.19 -0.00472192
12.2 -0.00576539
12.21 -0.00679744
12.22 -0.00781629
12.23 -0.00882003
12.24 -0.00980685
12.25 -0.0107749
12.26 -0.0117222
12.27 -0.0126467
12.28 -0.0135463
12.29 -0.0144189
12.3 -0.0152622
12.31 -0.016074
12.32 -0.0168519
12.33 -0.0175933
12.34 -0.0182957
12.35 -0.0189563
12.36 -0.0195724
12.37 -0.020141
12.38 -0.0206595
12.39 -0.0211247
12.4 -0.0215339
12.41 -0.0218842
12.42 -0.0221732
12.43 -0.0223987
12.44 -0.0225588
12.45 -0.022652
12.46 -0.0226768
12.47 -0.0226321
12.48 -0.0225169
12.49 -0.0223296
12.5 -0.0220689
12.51 -0.021733
12.52 -0.0213199
12.53 -0.0208275
12.54 -0.0202541
12.55 -0.019598
12.56 -0.0188584
12.57 -0.0180347
12.58 -0.0171269
12.59 -0.0161357
12.6 -0.0150619
12.61 -0.0139067
12.62 -0.0126716
12.63 -0.0113587
12.64 -0.00997079
12.65 -0.00851093
12.66 -0.00698277
12.67 -0.00539048
12.68 -0.00373885
12.69 -0.00203329
12.7 -0.00027984
12.71 0.00151501
12.72 0.00334443
12.73 0.00520134
12.74 0.0070785
12.75 0.00896862
12.76 0.0108644
12.77 0.0127588
12.78 0.0146447
12.79 0.0165152
12.8 0.0183636
12.81 0.0201832
12.82 0.0219674
12.83 0.0237095
12.84 0.025403
12.85 0.0270417
12.86 0.0286195
12.87 0.0301308
12.88 0.0315703
12.89 0.0329334
12.9 0.0342158
12.91 0.035414
12.92 0.0365247
12.93 0.0375446
12.94 0.0384711
12.95 0.0393015
12.96 0.0400333
12.97 0.0406645
12.98 0.0411932
12.99 0.0416175
13 0.0419364
13.01 0.0421488
13.02 0.0422544
13.03 0.0422534
13.04 0.0421465
13.05 0.0419347
13.06 0.0416194
13.07 0.0412022
13.08 0.0406847
13.09 0.0400687
13.1 0.039356
13.11 0.0385484
13.12 0.0376477
13.13 0.0366561
13.14 0.0355762
13.15 0.0344106
13.16 0.0331628
13.17 0.0318366
13.18 0.0304363
13.19 0.0289665
13.2 0.0274323
13.21 0.025839
13.22 0.0241918
13.23 0.0224963
13.24 0.0207582
13.25 0.0189829
13.26 0.0171763
13.27 0.015344
13.28 0.0134914
13.29 0.011624
13.3 0.00974736
13.31 0.00786656
13.32 0.00598666
13.33 0.00411243
13.34 0.00224846
13.35 0.000399221
13.36 -0.00143085
13.37 -0.00323732
13.38 -0.00501567
13.39 -0.00676138
13.4 -0.00846989
13.41 -0.0101366
13.42 -0.0117568
13.43 -0.0133257
13.44 -0.0148386
13.45 -0.0162906
13.46 -0.0176769
13.47 -0.0189927
13.48 -0.0202332
13.49 -0.0213939
13.5 -0.0224703
13.51 -0.0234582
13.52 -0.0243537
13.53 -0.025153
13.54 -0.0258527
13.55 -0.0264494
13.56 -0.0269402
13.57 -0.0273224
13.58 -0.0275939
13.59 -0.0277531
13.6 -0.027799
13.61 -0.027731
13.62 -0.0275491
13.63 -0.0272537
13.64 -0.0268456
13.65 -0.0263259
13.66 -0.0256961
13.67 -0.024958
13.68 -0.0241139
13.69 -0.0231665
13.7 -0.022119
13.71 -0.0209751
13.72 -0.0197388
13.73 -0.0184149
13.74 -0.0170083
13.75 -0.0155247
13.76 -0.0139702
13.77 -0.0123515
13.78 -0.0106758
13.79 -0.00895102
13.8 -0.00718545
13.81 -0.00538802
13.82 -0.0035682
13.83 -0.00173562
13.84 0.000100396
13.85 0.00193117
13.86 0.00374885
13.87 0.00554621
13.88 0.00731634
13.89 0.00905241
13.9 0.0107477
13.91 0.0123958
13.92 0.0139903
13.93 0.0155252
13.94 0.0169945
13.95 0.0183926
13.96 0.0197141
13.97 0.0209539
13.98 0.0221072
13.99 0.0231697
14 0.024137
14.01 0.0250054
14.02 0.0257711
14.03 0.026431
14.04 0.0269822
14.05 0.0274224
14.06 0.0277495
14.07 0.0279618
14.08 0.0280577
14.09 0.028036
14.1 0.0278953
14.11 0.0276347
14.12 0.0272532
14.13 0.0267497
14.14 0.0261236
14.15 0.025374
14.16 0.0245002
14.17 0.0235018
14.18 0.0223789
14.19 0.0211317
14.2 0.0197613
14.21 0.0182689
14.22 0.0166562
14.23 0.0149252
14.24 0.0130782
14.25 0.0111178
14.26 0.00904675
14.27 0.00686816
14.28 0.00458555
14.29 0.00220287
14.3 -0.000275376
14.31 -0.00284407
14.32 -0.00549744
14.33 -0.00822908
14.34 -0.0110321
14.35 -0.0138991
14.36 -0.0168228
14.37 -0.0197958
14.38 -0.022811
14.39 -0.0258612
14.4 -0.0289392
14.41 -0.032038
14.42 -0.0351505
14.43 -0.0382694
14.44 -0.0413872
14.45 -0.044496
14.46 -0.0475876
14.47 -0.0506553
14.48 -0.0536972
14.49 -0.0567137
14.5 -0.0597054
14.51 -0.062673
14.52 -0.0656171
14.53 -0.0685385
14.54 -0.0714381
14.55 -0.074317
14.56 -0.0771762
14.57 -0.0800169
14.58 -0.0828401
14.59 -0.0856469
14.6 -0.0884384
14.61 -0.0912151
14.62 -0.0939773
14.63 -0.0967246
14.64 -0.0994559
14.65 -0.102169
14.66 -0.104862
14.67 -0.10753
14.68 -0.110169
14.69 -0.112777
14.7 -0.11535
14.71 -0.117884
14.72 -0.120376
14.73 -0.122823
14.74 -0.125219
14.75 -0.127558
14.76 -0.129835
14.77 -0.132043
14.78 -0.134174
14.79 -0.136224
14.8 -0.138186
14.81 -0.140053
14.82 -0.14182
14.83 -0.14348
14.84 -0.145027
14.85 -0.146455
14.86 -0.147758
14.87 -0.148932
14.88 -0.149969
14.89 -0.150863
14.9 -0.15161
14.91 -0.152203
14.92 -0.152635
14.93 -0.152901
14.94 -0.152994
14.95 -0.152908
14.96 -0.152637
14.97 -0.152177
14.98 -0.151523
14.99 -0.150674
15 -0.149629
15.01 -0.148391
15.02 -0.146963
15.03 -0.145352
15.04 -0.143564
15.05 -0.141609
15.06 -0.139497
15.07 -0.137239
15.08 -0.134847
15.09 -0.132334
15.1 -0.129714
15.11 -0.126999
15.12 -0.124204
15.13 -0.121341
15.14 -0.118427
15.15 -0.115474
15.16 -0.112496
15.17 -0.109508
15.18 -0.106522
15.19 -0.103551
15.2 -0.100607
15.21 -0.0977015
15.22 -0.0948461
15.23 -0.0920527
15.24 -0.0893329
15.25 -0.0866982
15.26 -0.0841605
15.27 -0.0817315
15.28 -0.0794231
15.29 -0.0772468
15.3 -0.0752131
15.31 -0.0733316
15.32 -0.0716109
15.33 -0.070058
15.34 -0.0686794
15.35 -0.0674808
15.36 -0.0664674
15.37 -0.0656441
15.38 -0.065015
15.39 -0.0645838
15.4 -0.0643531
15.41 -0.0643246
15.42 -0.0644988
15.43 -0.0648755
15.44 -0.0654528
15.45 -0.0662282
15.46 -0.0671977
15.47 -0.0683564
15.48 -0.0696979
15.49 -0.0712146
15.5 -0.0728974
15.51 -0.0747356
15.52 -0.0767175
15.53 -0.0788304
15.54 -0.0810615
15.55 -0.0833974
15.56 -0.0858245
15.57 -0.088329
15.58 -0.090897
15.59 -0.0935143
15.6 -0.0961666
15.61 -0.0988397
15.62 -0.101519
15.63 -0.104191
15.64 -0.106841
15.65 -0.109455
15.66 -0.112019
15.67 -0.11452
15.68 -0.116943
15.69 -0.119276
15.7 -0.121507
15.71 -0.123623
15.72 -0.125612
15.73 -0.127464
15.74 -0.129167
15.75 -0.130711
15.76 -0.132086
15.77 -0.133283
15.78 -0.134292
15.79 -0.135107
15.8 -0.13572
15.81 -0.136125
15.82 -0.136316
15.83 -0.13629
15.84 -0.136044
15.85 -0.135575
15.86 -0.134882
15.87 -0.133966
15.88 -0.132828
15.89 -0.131469
15.9 -0.129893
15.91 -0.128102
15.92 -0.126102
15.93 -0.123898
15.94 -0.121495
15.95 -0.1189
15.96 -0.116121
15.97 -0.113165
15.98 -0.110042
15.99 -0.106763
16 -0.103337
16.01 -0.0997784
16.02 -0.0960993
16.03 -0.0923144
16.04 -0.0884394
16.05 -0.0844911
16.06 -0.0804872
16.07 -0.0764456
16.08 -0.0723847
16.09 -0.0683224
16.1 -0.0642767
16.11 -0.0602651
16.12 -0.0563053
16.13 -0.0524106
16.14 -0.0485874
16.15 -0.0448397
16.16 -0.0411721
16.17 -0.0375896
16.18 -0.0340969
16.19 -0.030699
16.2 -0.0274007
16.21 -0.0242067
16.22 -0.0211213
16.23 -0.0181485
16.24 -0.0152914
16.25 -0.0125525
16.26 -0.00993331
16.27 -0.00743463
16.28 -0.00505682
16.29 -0.00279992
16.3 -0.000663784
16.31 0.00135192
16.32 0.00324766
16.33 0.00502408
16.34 0.00668194
16.35 0.00822211
16.36 0.00964549
16.37 0.010953
16.38 0.0121457
16.39 0.0132246
16.4 0.0141909
16.41 0.0150459
16.42 0.0157908
16.43 0.0164268
16.44 0.0169547
16.45 0.0173758
16.46 0.0176908
16.47 0.0179009
16.48 0.0180068
16.49 0.0180096
16.5 0.0179101
16.51 0.0177093
16.52 0.0174089
16.53 0.0170106
16.54 0.0165168
16.55 0.0159297
16.56 0.0152521
16.57 0.0144867
16.58 0.0136365
16.59 0.0127046
16.6 0.0116942
16.61 0.0106082
16.62 0.00944991
16.63 0.00822223
16.64 0.006928
16.65 0.00556989
16.66 0.00415041
16.67 0.00267188
16.68 0.00113639
16.69 -0.000454186
16.7 -0.00209807
16.71 -0.00379331
16.72 -0.00553755
16.73 -0.00732783
16.74 -0.0091605
16.75 -0.0110313
16.76 -0.0129356
16.77 -0.0148683
16.78 -0.0168242
16.79 -0.0187977
16.8 -0.0207829
16.81 -0.0227738
16.82 -0.0247642
16.83 -0.0267481
16.84 -0.0287191
16.85 -0.0306709
16.86 -0.0325976
16.87 -0.0344933
16.88 -0.0363522
16.89 -0.0381692
16.9 -0.0399393
16.91 -0.041658
16.92 -0.043321
16.93 -0.0449241
16.94 -0.0464634
16.95 -0.0479351
16.96 -0.0493355
16.97 -0.0506611
16.98 -0.0519087
16.99 -0.053075
17 -0.0541571
17.01 -0.0551524
17.02 -0.0560583
17.03 -0.0568727
17.04 -0.057594
17.05 -0.0582208
17.06 -0.058752
17.07 -0.0591869
17.08 -0.0595249
17.09 -0.0597658
17.1 -0.0599098
17.11 -0.0599573
17.12 -0.0599092
17.13 -0.0597666
17.14 -0.0595307
17.15 -0.0592034
17.16 -0.0587864
17.17 -0.0582821
17.18 -0.057693
17.19 -0.0570219
17.2 -0.0562716
17.21 -0.0554455
17.22 -0.0545468
17.23 -0.0535791
17.24 -0.0525464
17.25 -0.0514526
17.26 -0.0503022
17.27 -0.0490996
17.28 -0.0478499
17.29 -0.046558
17.3 -0.0452293
17.31 -0.043869
17.32 -0.0424826
17.33 -0.0410754
17.34 -0.0396533
17.35 -0.0382218
17.36 -0.036787
17.37 -0.0353552
17.38 -0.0339332
17.39 -0.0325278
17.4 -0.0311465
17.41 -0.029797
17.42 -0.0284873
17.43 -0.0272255
17.44 -0.0260192
17.45 -0.0248756
17.46 -0.0238011
17.47 -0.0228013
17.48 -0.0218811
17.49 -0.0210447
17.5 -0.0202958
17.51 -0.0196378
17.52 -0.019074
17.53 -0.0186072
17.54 -0.0182402
17.55 -0.017975
17.56 -0.0178135
17.57 -0.0177568
17.58 -0.0178054
17.59 -0.0179593
17.6 -0.0182177
17.61 -0.018579
17.62 -0.0190409
17.63 -0.0196004
17.64 -0.0202537
17.65 -0.0209962
17.66 -0.0218231
17.67 -0.0227287
17.68 -0.0237073
17.69 -0.0247524
17.7 -0.0258577
17.71 -0.0270166
17.72 -0.0282228
17.73 -0.0294704
17.74 -0.0307534
17.75 -0.0320661
17.76 -0.0334024
17.77 -0.0347557
17.78 -0.0361192
17.79 -0.0374856
17.8 -0.0388471
17.81 -0.0401958
17.82 -0.0415238
17.83 -0.0428235
17.84 -0.0440872
17.85 -0.0453076
17.86 -0.0464774
17.87 -0.0475899
17.88 -0.0486387
17.89 -0.0496179
17.9 -0.0505226
17.91 -0.0513484
17.92 -0.052092
17.93 -0.0527503
17.94 -0.053321
17.95 -0.0538022
17.96 -0.0541924
17.97 -0.0544906
17.98 -0.0546963
17.99 -0.0548093
18 -0.05483
18.01 -0.0547588
18.02 -0.0545966
18.03 -0.0543447
18.04 -0.0540045
18.05 -0.0535774
18.06 -0.0530655
18.07 -0.0524706
18.08 -0.0517951
18.09 -0.0510417
18.1 -0.0502133
18.11 -0.049313
18.12 -0.0483442
18.13 -0.0473106
18.14 -0.0462157
18.15 -0.0450633
18.16 -0.043857
18.17 -0.0426004
18.18 -0.0412974
18.19 -0.0399513
18.2 -0.0385659
18.21 -0.0371446
18.22 -0.035691
18.23 -0.0342088
18.24 -0.0327019
18.25 -0.0311744
18.26 -0.0296304
18.27 -0.0280742
18.28 -0.0265101
18.29 -0.0249422
18.3 -0.0233747
18.31 -0.0218117
18.32 -0.0202571
18.33 -0.0187148
18.34 -0.0171886
18.35 -0.0156824
18.36 -0.0142002
18.37 -0.0127459
18.38 -0.0113234
18.39 -0.00993673
18.4 -0.00858939
18.41 -0.00728481
18.42 -0.00602608
18.43 -0.00481591
18.44 -0.00365657
18.45 -0.00254991
18.46 -0.00149736
18.47 -0.000499958
18.48 0.000441567
18.49 0.00132675
18.5 0.00215527
18.51 0.00292688
18.52 0.00364127
18.53 0.00429815
18.54 0.00489713
18.55 0.00543786
18.56 0.00591989
18.57 0.00634281
18.58 0.00670628
18.59 0.00701015
18.6 0.00725447
18.61 0.00743951
18.62 0.0075658
18.63 0.00763404
18.64 0.00764515
18.65 0.00760017
18.66 0.00750019
18.67 0.00734618
18.68 0.00713879
18.69 0.00687819
18.7 0.00656388
18.71 0.00619465
18.72 0.00576864
18.73 0.00528344
18.74 0.00473642
18.75 0.00412516
18.76 0.00344756
18.77 0.00270182
18.78 0.00188637
18.79 0.00099988
18.8 4.119e-05
18.81 -0.000990673
18.82 -0.00209651
18.83 -0.00327696
18.84 -0.00453253
18.85 -0.00586351
18.86 -0.00727007
18.87 -0.00875213
18.88 -0.0103093
18.89 -0.0119409
18.9 -0.0136456
18.91 -0.0154215
18.92 -0.0172659
18.93 -0.0191753
18.94 -0.0211454
18.95 -0.0231712
18.96 -0.0252476
18.97 -0.0273695
18.98 -0.0295316
18.99 -0.0317287
19 -0.0339558
19.01 -0.0362086
19.02 -0.0384824
19.03 -0.0407734
19.04 -0.0430774
19.05 -0.0453902
19.06 -0.0477073
19.07 -0.050024
19.08 -0.0523352
19.09 -0.0546353
19.1 -0.0569189
19.11 -0.0591803
19.12 -0.0614142
19.13 -0.0636157
19.14 -0.0657802
19.15 -0.0679032
19.16 -0.0699804
19.17 -0.072007
19.18 -0.0739781
19.19 -0.0758879
19.2 -0.0777301
19.21 -0.0794981
19.22 -0.0811873
19.23 -0.0827972
19.24 -0.084327
19.25 -0.0857747
19.26 -0.0871387
19.27 -0.0884184
19.28 -0.0896136
19.29 -0.0907243
19.3 -0.0917508
19.31 -0.0926927
19.32 -0.0935495
19.33 -0.0943203
19.34 -0.0950038
19.35 -0.0955981
19.36 -0.0961012
19.37 -0.0965104
19.38 -0.0968231
19.39 -0.0970368
19.4 -0.097149
19.41 -0.0971574
19.42 -0.0970595
19.43 -0.096853
19.44 -0.0965363
19.45 -0.0961082
19.46 -0.0955675
19.47 -0.0949137
19.48 -0.0941465
19.49 -0.0932662
19.5 -0.0922735
19.51 -0.0911696
19.52 -0.0899563
19.53 -0.088636
19.54 -0.0872115
19.55 -0.0856864
19.56 -0.0840652
19.57 -0.0823531
19.58 -0.0805557
19.59 -0.078679
19.6 -0.0767294
19.61 -0.0747135
19.62 -0.0726385
19.63 -0.0705114
19.64 -0.0683397
19.65 -0.0661308
19.66 -0.0638925
19.67 -0.0616325
19.68 -0.0593587
19.69 -0.0570791
19.7 -0.0548017
19.71 -0.052535
19.72 -0.0502868
19.73 -0.0480655
19.74 -0.0458789
19.75 -0.0437346
19.76 -0.0416399
19.77 -0.0396015
19.78 -0.0376257
19.79 -0.0357187
19.8 -0.033886
19.81 -0.0321333
19.82 -0.0304658
19.83 -0.0288885
19.84 -0.0274065
19.85 -0.0260242
19.86 -0.0247464
19.87 -0.0235773
19.88 -0.0225209
19.89 -0.021581
19.9 -0.0207607
19.91 -0.0200627
19.92 -0.0194891
19.93 -0.0190412
19.94 -0.01872
19.95 -0.0185261
19.96 -0.0184597
19.97 -0.0185207
19.98 -0.0187089
19.99 -0.0190239
20 -0.0194651
20.01 -0.0200315
20.02 -0.0207217
20.03 -0.021534
20.04 -0.0224658
20.05 -0.0235136
20.06 -0.024673
20.07 -0.0259389
20.08 -0.0273055
20.09 -0.028766
20.1 -0.0303131
20.11 -0.0319387
20.12 -0.0336345
20.13 -0.035392
20.14 -0.0372028
20.15 -0.0390581
20.16 -0.0409492
20.17 -0.0428675
20.18 -0.0448046
20.19 -0.0467521
20.2 -0.048702
20.21 -0.0506468
20.22 -0.052579
20.23 -0.0544915
20.24 -0.056377
20.25 -0.0582285
20.26 -0.0600393
20.27 -0.0618027
20.28 -0.0635129
20.29 -0.065164
20.3 -0.0667508
20.31 -0.0682687
20.32 -0.0697131
20.33 -0.0710801
20.34 -0.0723662
20.35 -0.0735679
20.36 -0.0746821
20.37 -0.0757058
20.38 -0.076636
20.39 -0.0774695
20.4 -0.0782032
20.41 -0.0788337
20.42 -0.079358
20.43 -0.079773
20.44 -0.0800758
20.45 -0.080264
20.46 -0.0803356
20.47 -0.0802889
20.48 -0.0801227
20.49 -0.0798362
20.5 -0.0794286
20.51 -0.0788998
20.52 -0.07825
20.53 -0.0774797
20.54 -0.0765896
20.55 -0.0755811
20.56 -0.0744558
20.57 -0.0732159
20.58 -0.0718643
20.59 -0.0704045
20.6 -0.0688412
20.61 -0.0671796
20.62 -0.0654256
20.63 -0.0635856
20.64 -0.0616663
20.65 -0.0596747
20.66 -0.057618
20.67 -0.0555037
20.68 -0.053339
20.69 -0.0511316
20.7 -0.0488888
20.71 -0.046618
20.72 -0.0443265
20.73 -0.0420217
20.74 -0.0397109
20.75 -0.0374015
20.76 -0.0351007
20.77 -0.0328157
20.78 -0.0305535
20.79 -0.0283207
20.8 -0.0261234
20.81 -0.0239673
20.82 -0.0218575
20.83 -0.0197983
20.84 -0.0177939
20.85 -0.0158481
20.86 -0.0139649
20.87 -0.0121482
20.88 -0.0104018
20.89 -0.00872996
20.9 -0.00713675
20.91 -0.00562625
20.92 -0.00420231
20.93 -0.00286852
20.94 -0.00162819
20.95 -0.000484371
20.96 0.000561555
20.97 0.00151058
20.98 0.00236362
20.99 0.00312058
21 0.00378097
21.01 0.00434391
21.02 0.00480809
21.03 0.00517181
21.04 0.00543317
21.05 0.00559022
21.06 0.00564107
21.07 0.0055839
21.08 0.0054171
21.09 0.00513943
21.1 0.00475004
21.11 0.00424858
21.12 0.00363538
21.13 0.00291146
21.14 0.00207852
21.15 0.00113881
21.16 9.50175e-05
21.17 -0.00104977
21.18 -0.00229212
21.19 -0.00362831
21.2 -0.00505436
21.21 -0.00656599
21.22 -0.00815868
21.23 -0.00982764
21.24 -0.0115679
21.25 -0.013374
21.26 -0.0152404
21.27 -0.017161
21.28 -0.0191294
21.29 -0.0211389
21.3 -0.0231825
21.31 -0.025253
21.32 -0.0273432
21.33 -0.0294462
21.34 -0.0315549
21.35 -0.0336628
21.36 -0.0357633
21.37 -0.0378503
21.38 -0.039918
21.39 -0.0419609
21.4 -0.0439739
21.41 -0.0459523
21.42 -0.0478916
21.43 -0.0497875
21.44 -0.0516361
21.45 -0.0534332
21.46 -0.0551751
21.47 -0.0568577
21.48 -0.0584774
21.49 -0.0600304
21.5 -0.0615135
21.51 -0.0629236
21.52 -0.0642578
21.53 -0.0655136
21.54 -0.0666884
21.55 -0.0677801
21.56 -0.0687869
21.57 -0.0697072
21.58 -0.07054
21.59 -0.0712848
21.6 -0.0719415
21.61 -0.0725101
21.62 -0.0729913
21.63 -0.0733856
21.64 -0.0736936
21.65 -0.0739158
21.66 -0.0740528
21.67 -0.0741051
21.68 -0.0740731
21.69 -0.0739577
21.7 -0.0737597
21.71 -0.0734805
21.72 -0.0731215
21.73 -0.0726844
21.74 -0.0721712
21.75 -0.0715836
21.76 -0.0709235
21.77 -0.0701928
21.78 -0.0693934
21.79 -0.0685271
21.8 -0.0675961
21.81 -0.0666028
21.82 -0.0655501
21.83 -0.0644413
21.84 -0.0632801
21.85 -0.0620708
21.86 -0.0608179
21.87 -0.0595262
21.88 -0.0582011
21.89 -0.0568479
21.9 -0.055472
21.91 -0.0540792
21.92 -0.0526747
21.93 -0.051264
21.94 -0.0498519
21.95 -0.0484436
21.96 -0.0470437
21.97 -0.0456572
21.98 -0.0442893
21.99 -0.0429452
22 -0.0416307
22.01 -0.0403517
22.02 -0.0391141
22.03 -0.0379242
22.04 -0.0367876
22.05 -0.0357096
22.06 -0.0346947
22.07 -0.0337462
22.08 -0.032867
22.09 -0.032059
22.1 -0.031324
22.11 -0.0306633
22.12 -0.0300775
22.13 -0.0295673
22.14 -0.0291329
22.15 -0.0287746
22.16 -0.0284923
22.17 -0.0282861
22.18 -0.0281558
22.19 -0.0281013
22.2 -0.028122
22.21 -0.028217
22.22 -0.0283851
22.23 -0.0286245
22.24 -0.0289333
22.25 -0.0293089
22.26 -0.0297487
22.27 -0.0302498
22.28 -0.0308092
22.29 -0.0314239
22.3 -0.0320908
22.31 -0.0328074
22.32 -0.0335711
22.33 -0.0343795
22.34 -0.0352305
22.35 -0.0361217
22.36 -0.037051
22.37 -0.038016
22.38 -0.0390142
22.39 -0.0400426
22.4 -0.0410985
22.41 -0.0421784
22.42 -0.043279
22.43 -0.0443965
22.44 -0.045527
22.45 -0.0466666
22.46 -0.0478109
22.47 -0.0489557
22.48 -0.0500961
22.49 -0.0512272
22.5 -0.0523441
22.51 -0.0534415
22.52 -0.0545138
22.53 -0.0555557
22.54 -0.0565614
22.55 -0.0575258
22.56 -0.0584434
22.57 -0.059309
22.58 -0.0601176
22.59 -0.0608642
22.6 -0.0615443
22.61 -0.0621535
22.62 -0.0626875
22.63 -0.0631426
22.64 -0.0635156
22.65 -0.0638035
22.66 -0.0640042
22.67 -0.064116
22.68 -0.0641379
22.69 -0.0640695
22.7 -0.0639105
22.71 -0.063661
22.72 -0.0633212
22.73 -0.0628915
22.74 -0.0623726
22.75 -0.0617655
22.76 -0.0610712
22.77 -0.0602914
22.78 -0.0594281
22.79 -0.0584836
22.8 -0.0574606
22.81 -0.0563621
22.82 -0.0551911
22.83 -0.0539511
22.84 -0.0526457
22.85 -0.051279
22.86 -0.0498551
22.87 -0.0483783
22.88 -0.0468533
22.89 -0.0452851
22.9 -0.0436788
22.91 -0.0420398
22.92 -0.040374
22.93 -0.0386873
22.94 -0.0369859
22.95 -0.0352763
22.96 -0.0335651
22.97 -0.0318589
22.98 -0.0301645
22.99 -0.0284883
23 -0.0268361
23.01 -0.0252132
23.02 -0.0236246
23.03 -0.0220748
23.04 -0.0205678
23.05 -0.0191075
23.06 -0.0176975
23.07 -0.0163411
23.08 -0.0150421
23.09 -0.0138041
23.1 -0.0126309
23.11 -0.0115262
23.12 -0.0104933
23.13 -0.00953539
23.14 -0.00865544
23.15 -0.007856
23.16 -0.00713934
23.17 -0.00650746
23.18 -0.005962
23.19 -0.00550422
23.2 -0.00513498
23.21 -0.00485483
23.22 -0.00466402
23.23 -0.00456259
23.24 -0.00455024
23.25 -0.00462642
23.26 -0.00479032
23.27 -0.00504088
23.28 -0.00537663
23.29 -0.00579573
23.3 -0.00629599
23.31 -0.00687488
23.32 -0.00752956
23.33 -0.00825699
23.34 -0.00905396
23.35 -0.00991714
23.36 -0.0108431
23.37 -0.0118283
23.38 -0.0128694
23.39 -0.0139628
23.4 -0.0151052
23.41 -0.0162934
23.42 -0.017524
23.43 -0.0187942
23.44 -0.0201009
23.45 -0.0214412
23.46 -0.0228121
23.47 -0.0242107
23.48 -0.0256335
23.49 -0.0270768
23.5 -0.0285365
23.51 -0.0300086
23.52 -0.0314888
23.53 -0.0329727
23.54 -0.0344559
23.55 -0.0359341
23.56 -0.0374028
23.57 -0.0388576
23.58 -0.0402942
23.59 -0.0417079
23.6 -0.0430944
23.61 -0.0444493
23.62 -0.0457684
23.63 -0.0470474
23.64 -0.048282
23.65 -0.0494682
23.66 -0.050602
23.67 -0.0516797
23.68 -0.0526977
23.69 -0.053653
23.7 -0.054543
23.71 -0.0553652
23.72 -0.0561178
23.73 -0.0567993
23.74 -0.0574085
23.75 -0.0579449
23.76 -0.0584085
23.77 -0.0587996
23.78 -0.0591195
23.79 -0.0593698
23.8 -0.0595528
23.81 -0.0596709
23.82 -0.0597269
23.83 -0.0597234
23.84 -0.0596634
23.85 -0.0595499
23.86 -0.059386
23.87 -0.0591751
23.88 -0.0589205
23.89 -0.0586255
23.9 -0.058294
23.91 -0.0579299
23.92 -0.0575373
23.93 -0.0571207
23.94 -0.0566844
23.95 -0.0562326
23.96 -0.0557697
23.97 -0.0552994
23.98 -0.0548253
23.99 -0.0543504
24 -0.0538772
24.01 -0.0534077
24.02 -0.0529435
24.03 -0.0524859
24.04 -0.0520355
24.05 -0.0515926
24.06 -0.0511563
24.07 -0.0507258
24.08 -0.0502993
24.09 -0.0498754
24.1 -0.0494527
24.11 -0.0490296
24.12 -0.0486053
24.13 -0.0481791
24.14 -0.0477508
24.15 -0.0473211
24.16 -0.0468909
24.17 -0.0464616
24.18 -0.0460347
24.19 -0.045612
24.2 -0.045195
24.21 -0.0447855
24.22 -0.0443854
24.23 -0.0439964
24.24 -0.0436206
24.25 -0.04326
24.26 -0.0429164
24.27 -0.0425921
24.28 -0.0422891
24.29 -0.0420097
24.3 -0.0417564
24.31 -0.0415318
24.32 -0.0413383
24.33 -0.0411781
24.34 -0.041053
24.35 -0.0409637
24.36 -0.0409108
24.37 -0.0408939
24.38 -0.0409125
24.39 -0.0409659
24.4 -0.0410528
24.41 -0.0411721
24.42 -0.0413225
24.43 -0.0415028
24.44 -0.0417118
24.45 -0.0419484
24.46 -0.0422115
24.47 -0.0424998
24.48 -0.0428119
24.49 -0.0431461
24.5 -0.0435009
24.51 -0.0438743
24.52 -0.0442647
24.53 -0.0446701
24.54 -0.0450888
24.55 -0.0455192
24.56 -0.0459596
24.57 -0.0464085
24.58 -0.0468646
24.59 -0.0473269
24.6 -0.047794
24.61 -0.048265
24.62 -0.0487385
24.63 -0.0492135
24.64 -0.0496888
24.65 -0.0501631
24.66 -0.0506346
24.67 -0.0511018
24.68 -0.0515626
24.69 -0.0520148
24.7 -0.0524562
24.71 -0.0528842
24.72 -0.0532966
24.73 -0.0536907
24.74 -0.0540644
24.75 -0.0544152
24.76 -0.0547408
24.77 -0.0550389
24.78 -0.0553072
24.79 -0.0555441
24.8 -0.0557479
24.81 -0.0559173
24.82 -0.0560512
24.83 -0.0561489
24.84 -0.05621
24.85 -0.0562344
24.86 -0.0562221
24.87 -0.0561734
24.88 -0.0560888
24.89 -0.0559692
24.9 -0.0558156
24.91 -0.0556296
24.92 -0.055413
24.93 -0.0551677
24.94 -0.0548959
24.95 -0.0546
24.96 -0.0542823
24.97 -0.0539453
24.98 -0.0535915
24.99 -0.0532235
25 -0.0528435
