0.01 3.17335e-09
0.02 1.52829e-08
0.03 3.77278e-08
0.04 6.81409e-08
0.05 1.04192e-07
0.06 1.43611e-07
0.07 1.84212e-07
0.08 2.23889e-07
0.09 2.60602e-07
0.1 2.92382e-07
0.11 3.17354e-07
0.12 3.33735e-07
0.13 3.3981e-07
0.14 3.33865e-07
0.15 3.14186e-07
0.16 2.79115e-07
0.17 2.27101e-07
0.18 1.56715e-07
0.19 6.66611e-08
0.2 -4.42094e-08
0.21 -1.76885e-07
0.22 -3.32193e-07
0.23 -5.10799e-07
0.24 -7.1323e-07
0.25 -9.39903e-07
0.26 -1.19119e-06
0.27 -1.46744e-06
0.28 -1.76888e-06
0.29 -2.09531e-06
0.3 -2.44605e-06
0.31 -2.81986e-06
0.32 -3.2149e-06
0.33 -3.62858e-06
0.34 -4.0574e-06
0.35 -4.4973e-06
0.36 -4.94382e-06
0.37 -5.3923e-06
0.38 -5.83844e-06
0.39 -6.27908e-06
0.4 -6.71278e-06
0.41 -7.1402e-06
0.42 -7.56357e-06
0.43 -7.98615e-06
0.44 -8.41225e-06
0.45 -8.84709e-06
0.46 -9.29632e-06
0.47 -9.76561e-06
0.48 -1.026e-05
0.49 -1.07837e-05
0.5 -1.134e-05
0.51 -1.19315e-05
0.52 -1.25603e-05
0.53 -1.32275e-05
0.54 -1.39339e-05
0.55 -1.46797e-05
0.56 -1.54647e-05
0.57 -1.62881e-05
0.58 -1.71488e-05
0.59 -1.80461e-05
0.6 -1.89786e-05
0.61 -1.99449e-05
0.62 -2.09435e-05
0.63 -2.19725e-05
0.64 -2.303e-05
0.65 -2.41143e-05
0.66 -2.52234e-05
0.67 -2.6356e-05
0.68 -2.75107e-05
0.69 -2.86866e-05
0.7 -2.98825e-05
0.71 -3.10973e-05
0.72 -3.23289e-05
0.73 -3.35738e-05
0.74 -3.48265e-05
0.75 -3.60789e-05
0.76 -3.73199e-05
0.77 -3.85359e-05
0.78 -3.97118e-05
0.79 -4.08335e-05
0.8 -4.18896e-05
0.81 -4.28713e-05
0.82 -4.37727e-05
0.83 -4.45898e-05
0.84 -4.53208e-05
0.85 -4.59673e-05
0.86 -4.65339e-05
0.87 -4.70245e-05
0.88 -4.74378e-05
0.89 -4.77676e-05
0.9 -4.80041e-05
0.91 -4.81366e-05
0.92 -4.81538e-05
0.93 -4.80467e-05
0.94 -4.78108e-05
0.95 -4.74475e-05
0.96 -4.69647e-05
0.97 -4.63761e-05
0.98 -4.56963e-05
0.99 -4.49353e-05
1 -4.4097e-05
1.01 -4.31799e-05
1.02 -4.21765e-05
1.03 -4.1075e-05
1.04 -3.98613e-05
1.05 -3.85214e-05
1.06 -3.7045e-05
1.07 -3.54267e-05
1.08 -3.36648e-05
1.09 -3.17584e-05
1.1 -2.97067e-05
1.11 -2.75106e-05
1.12 -2.51709e-05
1.13 -2.26872e-05
1.14 -2.00578e-05
1.15 -1.72818e-05
1.16 -1.43602e-05
1.17 -1.12992e-05
1.18 -8.11179e-06
1.19 -4.81621e-06
1.2 -1.43263e-06
1.21 2.01548e-06
1.22 5.50006e-06
1.23 8.99137e-06
1.24 1.24635e-05
1.25 1.59024e-05
1.26 1.93103e-05
1.27 2.27009e-05
1.28 2.60899e-05
1.29 2.94923e-05
1.3 3.29213e-05
1.31 3.63836e-05
1.32 3.98771e-05
1.33 4.33931e-05
1.34 4.69219e-05
1.35 5.04565e-05
1.36 5.39926e-05
1.37 5.75286e-05
1.38 6.10653e-05
1.39 6.46041e-05
1.4 6.81454e-05
1.41 7.16854e-05
1.42 7.52122e-05
1.43 7.87016e-05
1.44 8.21136e-05
1.45 8.53902e-05
1.46 8.8457e-05
1.47 9.12301e-05
1.48 9.36231e-05
1.49 9.5548e-05
1.5 9.69195e-05
1.51 9.76592e-05
1.52 9.76982e-05
1.53 9.69843e-05
1.54 9.54901e-05
1.55 9.32207e-05
1.56 9.0216e-05
1.57 8.65411e-05
1.58 8.22777e-05
1.59 7.75176e-05
1.6 7.23496e-05
1.61 6.68532e-05
1.62 6.11007e-05
1.63 5.51569e-05
1.64 4.90788e-05
1.65 4.29159e-05
1.66 3.67081e-05
1.67 3.04838e-05
1.68 2.42616e-05
1.69 1.80564e-05
1.7 1.18832e-05
1.71 5.75636e-06
1.72 -3.08944e-07
1.73 -6.29518e-06
1.74 -1.21786e-05
1.75 -1.79257e-05
1.76 -2.34979e-05
1.77 -2.88587e-05
1.78 -3.39693e-05
1.79 -3.87837e-05
1.8 -4.3251e-05
1.81 -4.732e-05
1.82 -5.09402e-05
1.83 -5.40633e-05
1.84 -5.66533e-05
1.85 -5.86928e-05
1.86 -6.01777e-05
1.87 -6.1108e-05
1.88 -6.14818e-05
1.89 -6.12944e-05
1.9 -6.05382e-05
1.91 -5.92031e-05
1.92 -5.7276e-05
1.93 -5.47432e-05
1.94 -5.16039e-05
1.95 -4.78858e-05
1.96 -4.36463e-05
1.97 -3.89666e-05
1.98 -3.39479e-05
1.99 -2.86987e-05
2 -2.33151e-05
2.01 -1.78616e-05
2.02 -1.23695e-05
2.03 -6.83951e-06
2.04 -1.24484e-06
2.05 4.45877e-06
2.06 1.03228e-05
2.07 1.63957e-05
2.08 2.27075e-05
2.09 2.92577e-05
2.1 3.60137e-05
2.11 4.29138e-05
2.12 4.98651e-05
2.13 5.67389e-05
2.14 6.33821e-05
2.15 6.96304e-05
2.16 7.53111e-05
2.17 8.02506e-05
2.18 8.42762e-05
2.19 8.72094e-05
2.2 8.88597e-05
2.21 8.90303e-05
2.22 8.75303e-05
2.23 8.41808e-05
2.24 7.88213e-05
2.25 7.13044e-05
2.26 6.15016e-05
2.27 4.93294e-05
2.28 3.47555e-05
2.29 1.77867e-05
2.3 -1.53521e-06
2.31 -2.31331e-05
2.32 -4.6888e-05
2.33 -7.26277e-05
2.34 -0.000100121
2.35 -0.000129086
2.36 -0.000159195
2.37 -0.000190092
2.38 -0.000221398
2.39 -0.000252714
2.4 -0.000283639
2.41 -0.000313809
2.42 -0.000342923
2.43 -0.000370719
2.44 -0.000396961
2.45 -0.000421431
2.46 -0.000443933
2.47 -0.000464305
2.48 -0.000482419
2.49 -0.000498168
2.5 -0.000511449
2.51 -0.000522152
2.52 -0.000530152
2.53 -0.000535333
2.54 -0.000537586
2.55 -0.000536804
2.56 -0.000532891
2.57 -0.000525789
2.58 -0.000515498
2.59 -0.00050208
2.6 -0.000485655
2.61 -0.000466384
2.62 -0.000444444
2.63 -0.000420017
2.64 -0.000393267
2.65 -0.000364347
2.66 -0.000333396
2.67 -0.000300542
2.68 -0.000265912
2.69 -0.000229649
2.7 -0.000191912
2.71 -0.000152866
2.72 -0.000112684
2.73 -7.15368e-05
2.74 -2.9583e-05
2.75 1.30422e-05
2.76 5.62099e-05
2.77 9.9794e-05
2.78 0.000143696
2.79 0.000187856
2.8 0.000232251
2.81 0.000276886
2.82 0.000321764
2.83 0.000366856
2.84 0.000412096
2.85 0.000457377
2.86 0.000502561
2.87 0.000547469
2.88 0.000591868
2.89 0.000635481
2.9 0.000678009
2.91 0.000719142
2.92 0.000758558
2.93 0.000795934
2.94 0.000830955
2.95 0.000863323
2.96 0.000892767
2.97 0.000919071
2.98 0.000942083
2.99 0.000961712
3 0.000977904
3.01 0.000990641
3.02 0.000999917
3.03 0.00100572
3.04 0.00100801
3.05 0.00100675
3.06 0.00100186
3.07 0.000993236
3.08 0.000980732
3.09 0.000964202
3.1 0.000943521
3.11 0.000918608
3.12 0.000889453
3.13 0.000856128
3.14 0.000818771
3.15 0.000777561
3.16 0.000732704
3.17 0.000684439
3.18 0.00063303
3.19 0.000578751
3.2 0.000521861
3.21 0.000462617
3.22 0.000401313
3.23 0.000338282
3.24 0.000273904
3.25 0.000208591
3.26 0.000142776
3.27 7.6927e-05
3.28 1.15639e-05
3.29 -5.27808e-05
3.3 -0.000115594
3.31 -0.000176363
3.32 -0.000234578
3.33 -0.000289784
3.34 -0.000341619
3.35 -0.000389849
3.36 -0.00043438
3.37 -0.000475246
3.38 -0.000512599
3.39 -0.000546697
3.4 -0.000577902
3.41 -0.000606651
3.42 -0.00063343
3.43 -0.000658732
3.44 -0.000683035
3.45 -0.000706799
3.46 -0.000730451
3.47 -0.000754343
3.48 -0.000778702
3.49 -0.000803615
3.5 -0.000829032
3.51 -0.000854785
3.52 -0.000880592
3.53 -0.00090608
3.54 -0.000930819
3.55 -0.000954369
3.56 -0.000976347
3.57 -0.000996432
3.58 -0.00101432
3.59 -0.00102973
3.6 -0.0010424
3.61 -0.00105217
3.62 -0.00105894
3.63 -0.00106264
3.64 -0.00106329
3.65 -0.00106098
3.66 -0.00105583
3.67 -0.00104807
3.68 -0.00103799
3.69 -0.00102593
3.7 -0.00101223
3.71 -0.000997213
3.72 -0.000981213
3.73 -0.000964531
3.74 -0.000947418
3.75 -0.000930089
3.76 -0.000912729
3.77 -0.000895486
3.78 -0.000878465
3.79 -0.000861741
3.8 -0.000845346
3.81 -0.000829248
3.82 -0.000813363
3.83 -0.00079758
3.84 -0.00078176
3.85 -0.000765748
3.86 -0.000749424
3.87 -0.000732744
3.88 -0.000715764
3.89 -0.000698659
3.9 -0.000681716
3.91 -0.000665335
3.92 -0.000650025
3.93 -0.000636373
3.94 -0.000624991
3.95 -0.000616491
3.96 -0.000611462
3.97 -0.00061043
3.98 -0.000613792
3.99 -0.000621786
4 -0.000634489
4.01 -0.00065182
4.02 -0.000673554
4.03 -0.000699337
4.04 -0.000728687
4.05 -0.000760995
4.06 -0.000795538
4.07 -0.000831463
4.08 -0.000867774
4.09 -0.000903356
4.1 -0.000937011
4.11 -0.000967522
4.12 -0.000993758
4.13 -0.00101476
4.14 -0.00102977
4.15 -0.00103832
4.16 -0.00104024
4.17 -0.00103573
4.18 -0.00102526
4.19 -0.00100952
4.2 -0.000989442
4.21 -0.000966061
4.22 -0.000940488
4.23 -0.000913788
4.24 -0.000886905
4.25 -0.000860685
4.26 -0.000835907
4.27 -0.000813255
4.28 -0.000793287
4.29 -0.000776416
4.3 -0.000762889
4.31 -0.000752806
4.32 -0.000746139
4.33 -0.000742748
4.34 -0.000742361
4.35 -0.000744549
4.36 -0.000748733
4.37 -0.000754207
4.38 -0.000760168
4.39 -0.000765759
4.4 -0.00077008
4.41 -0.000772189
4.42 -0.000771124
4.43 -0.000765939
4.44 -0.000755731
4.45 -0.000739677
4.46 -0.000717119
4.47 -0.00068761
4.48 -0.000650914
4.49 -0.000606957
4.5 -0.000555747
4.51 -0.000497348
4.52 -0.00043192
4.53 -0.000359762
4.54 -0.000281297
4.55 -0.000197056
4.56 -0.000107663
4.57 -1.38235e-05
4.58 8.36736e-05
4.59 0.000183982
4.6 0.00028621
4.61 0.000389463
4.62 0.000492896
4.63 0.000595723
4.64 0.000697213
4.65 0.000796714
4.66 0.000893673
4.67 0.000987678
4.68 0.00107848
4.69 0.00116598
4.7 0.00125015
4.71 0.00133096
4.72 0.00140839
4.73 0.00148243
4.74 0.00155301
4.75 0.00162002
4.76 0.00168324
4.77 0.00174245
4.78 0.00179737
4.79 0.00184773
4.8 0.00189328
4.81 0.00193372
4.82 0.00196869
4.83 0.00199788
4.84 0.00202099
4.85 0.00203768
4.86 0.00204759
4.87 0.00205044
4.88 0.00204601
4.89 0.00203413
4.9 0.00201465
4.91 0.00198753
4.92 0.00195278
4.93 0.00191049
4.94 0.00186078
4.95 0.0018038
4.96 0.00173977
4.97 0.00166895
4.98 0.00159169
4.99 0.00150841
5 0.00141958
5.01 0.0013257
5.02 0.00122723
5.03 0.00112452
5.04 0.00101781
5.05 0.000907226
5.06 0.000792793
5.07 0.000674379
5.08 0.000551763
5.09 0.000424689
5.1 0.000292852
5.11 0.000155918
5.12 1.35915e-05
5.13 -0.00013434
5.14 -0.000287992
5.15 -0.000447334
5.16 -0.000612131
5.17 -0.000781909
5.18 -0.000955986
5.19 -0.00113353
5.2 -0.00131357
5.21 -0.00149498
5.22 -0.00167656
5.23 -0.00185712
5.24 -0.00203549
5.25 -0.00221052
5.26 -0.00238105
5.27 -0.00254584
5.28 -0.00270366
5.29 -0.00285328
5.3 -0.00299353
5.31 -0.00312334
5.32 -0.0032417
5.33 -0.00334783
5.34 -0.00344118
5.35 -0.00352146
5.36 -0.00358863
5.37 -0.00364296
5.38 -0.00368501
5.39 -0.00371552
5.4 -0.00373531
5.41 -0.00374524
5.42 -0.00374616
5.43 -0.00373888
5.44 -0.00372406
5.45 -0.00370221
5.46 -0.00367372
5.47 -0.00363886
5.48 -0.00359787
5.49 -0.00355095
5.5 -0.00349822
5.51 -0.00343975
5.52 -0.00337554
5.53 -0.0033056
5.54 -0.00322995
5.55 -0.00314858
5.56 -0.00306145
5.57 -0.0029686
5.58 -0.00287015
5.59 -0.00276632
5.6 -0.00265737
5.61 -0.00254353
5.62 -0.00242504
5.63 -0.0023021
5.64 -0.00217491
5.65 -0.00204365
5.66 -0.00190853
5.67 -0.00176973
5.68 -0.00162739
5.69 -0.0014816
5.7 -0.00133237
5.71 -0.00117964
5.72 -0.00102326
5.73 -0.000863065
5.74 -0.000698853
5.75 -0.000530429
5.76 -0.000357611
5.77 -0.000180292
5.78 1.51703e-06
5.79 0.000187647
5.8 0.000377738
5.81 0.000571227
5.82 0.000767321
5.83 0.000964982
5.84 0.00116295
5.85 0.00135982
5.86 0.00155407
5.87 0.00174411
5.88 0.00192833
5.89 0.00210513
5.9 0.00227295
5.91 0.00243039
5.92 0.00257616
5.93 0.00270918
5.94 0.00282852
5.95 0.00293348
5.96 0.00302363
5.97 0.00309889
5.98 0.00315952
5.99 0.00320603
6 0.0032392
6.01 0.00325999
6.02 0.00326948
6.03 0.00326878
6.04 0.00325909
6.05 0.00324159
6.06 0.00321747
6.07 0.00318778
6.08 0.0031534
6.09 0.00311503
6.1 0.00307327
6.11 0.00302859
6.12 0.00298133
6.13 0.00293171
6.14 0.00287988
6.15 0.002826
6.16 0.00277029
6.17 0.00271307
6.18 0.00265488
6.19 0.00259643
6.2 0.00253859
6.21 0.00248225
6.22 0.00242838
6.23 0.002378
6.24 0.00233212
6.25 0.0022917
6.26 0.00225765
6.27 0.00223087
6.28 0.00221221
6.29 0.00220254
6.3 0.00220271
6.31 0.00221361
6.32 0.00223615
6.33 0.00227125
6.34 0.00231987
6.35 0.0023829
6.36 0.00246116
6.37 0.00255527
6.38 0.00266545
6.39 0.0027916
6.4 0.00293333
6.41 0.00309005
6.42 0.00326105
6.43 0.00344562
6.44 0.00364309
6.45 0.00385296
6.46 0.00407498
6.47 0.00430905
6.48 0.0045551
6.49 0.00481297
6.5 0.00508229
6.51 0.00536229
6.52 0.00565176
6.53 0.00594907
6.54 0.00625215
6.55 0.00655848
6.56 0.0068651
6.57 0.00716875
6.58 0.007466
6.59 0.00775342
6.6 0.00802777
6.61 0.00828614
6.62 0.00852602
6.63 0.0087453
6.64 0.00894229
6.65 0.00911558
6.66 0.00926388
6.67 0.00938596
6.68 0.00948065
6.69 0.00954683
6.7 0.00958342
6.71 0.00958948
6.72 0.00956415
6.73 0.00950669
6.74 0.00941652
6.75 0.00929324
6.76 0.00913673
6.77 0.0089471
6.78 0.00872471
6.79 0.00847018
6.8 0.00818435
6.81 0.0078682
6.82 0.00752279
6.83 0.00714918
6.84 0.00674842
6.85 0.0063215
6.86 0.00586932
6.87 0.00539274
6.88 0.00489252
6.89 0.0043695
6.9 0.00382461
6.91 0.00325902
6.92 0.00267421
6.93 0.00207196
6.94 0.00145445
6.95 0.000824149
6.96 0.000183786
6.97 -0.000463845
6.98 -0.00111605
6.99 -0.0017704
7 -0.00242474
7.01 -0.00307733
7.02 -0.00372674
7.03 -0.00437176
7.04 -0.00501118
7.05 -0.00564373
7.06 -0.00626785
7.07 -0.00688166
7.08 -0.00748295
7.09 -0.00806916
7.1 -0.00863755
7.11 -0.00918521
7.12 -0.00970929
7.13 -0.0102071
7.14 -0.0106766
7.15 -0.0111159
7.16 -0.0115241
7.17 -0.0119003
7.18 -0.0122443
7.19 -0.012556
7.2 -0.0128354
7.21 -0.0130826
7.22 -0.0132977
7.23 -0.0134805
7.24 -0.0136304
7.25 -0.013747
7.26 -0.0138293
7.27 -0.0138766
7.28 -0.0138881
7.29 -0.0138634
7.3 -0.0138023
7.31 -0.0137051
7.32 -0.0135724
7.33 -0.0134054
7.34 -0.0132053
7.35 -0.0129735
7.36 -0.0127114
7.37 -0.01242
7.38 -0.0121003
7.39 -0.0117529
7.4 -0.0113781
7.41 -0.0109762
7.42 -0.0105472
7.43 -0.0100914
7.44 -0.00960938
7.45 -0.00910194
7.46 -0.00857041
7.47 -0.00801649
7.48 -0.00744233
7.49 -0.00685046
7.5 -0.00624384
7.51 -0.00562576
7.52 -0.00499974
7.53 -0.00436939
7.54 -0.00373829
7.55 -0.00310991
7.56 -0.00248763
7.57 -0.0018748
7.58 -0.00127472
7.59 -0.000690634
7.6 -0.000125758
7.61 0.000416816
7.62 0.00093428
7.63 0.0014243
7.64 0.00188509
7.65 0.00231539
7.66 0.00271451
7.67 0.00308244
7.68 0.00341985
7.69 0.00372807
7.7 0.004009
7.71 0.00426501
7.72 0.00449856
7.73 0.0047119
7.74 0.00490695
7.75 0.00508514
7.76 0.00524747
7.77 0.00539461
7.78 0.00552694
7.79 0.00564459
7.8 0.00574743
7.81 0.00583511
7.82 0.00590711
7.83 0.00596275
7.84 0.00600115
7.85 0.00602137
7.86 0.00602241
7.87 0.00600325
7.88 0.00596295
7.89 0.00590073
7.9 0.00581603
7.91 0.00570856
7.92 0.00557832
7.93 0.00542565
7.94 0.00525123
7.95 0.00505603
7.96 0.00484129
7.97 0.00460848
7.98 0.00435928
7.99 0.00409556
8 0.00381924
8.01 0.00353216
8.02 0.00323608
8.03 0.00293265
8.04 0.00262329
8.05 0.00230919
8.06 0.00199122
8.07 0.00167001
8.08 0.00134604
8.09 0.00101969
8.1 0.000691426
8.11 0.000361902
8.12 3.21117e-05
8.13 -0.000296574
8.14 -0.000622465
8.15 -0.000943584
8.16 -0.0012577
8.17 -0.0015624
8.18 -0.0018552
8.19 -0.00213362
8.2 -0.00239528
8.21 -0.00263798
8.22 -0.00285973
8.23 -0.00305882
8.24 -0.00323374
8.25 -0.0033832
8.26 -0.00350624
8.27 -0.00360218
8.28 -0.00367067
8.29 -0.0037117
8.3 -0.00372567
8.31 -0.00371352
8.32 -0.00367674
8.33 -0.00361749
8.34 -0.00353845
8.35 -0.00344273
8.36 -0.00333371
8.37 -0.00321476
8.38 -0.00308905
8.39 -0.00295937
8.4 -0.00282792
8.41 -0.00269633
8.42 -0.00256569
8.43 -0.00243664
8.44 -0.00230944
8.45 -0.00218388
8.46 -0.00205939
8.47 -0.00193498
8.48 -0.00180936
8.49 -0.00168104
8.5 -0.00154844
8.51 -0.00140998
8.52 -0.0012642
8.53 -0.00110997
8.54 -0.000946573
8.55 -0.000773793
8.56 -0.000591827
8.57 -0.000401175
8.58 -0.000202561
8.59 3.14341e-06
8.6 0.000214989
8.61 0.000432037
8.62 0.000653459
8.63 0.000878654
8.64 0.00110729
8.65 0.00133934
8.66 0.00157506
8.67 0.00181497
8.68 0.00205974
8.69 0.00231008
8.7 0.00256669
8.71 0.00283021
8.72 0.00310121
8.73 0.00338
8.74 0.00366667
8.75 0.00396107
8.76 0.00426273
8.77 0.0045708
8.78 0.00488408
8.79 0.00520102
8.8 0.0055198
8.81 0.00583828
8.82 0.00615411
8.83 0.00646487
8.84 0.0067682
8.85 0.00706194
8.86 0.00734412
8.87 0.00761296
8.88 0.00786686
8.89 0.0081045
8.9 0.00832488
8.91 0.00852731
8.92 0.00871137
8.93 0.00887685
8.94 0.00902363
8.95 0.00915163
8.96 0.00926072
8.97 0.00935076
8.98 0.00942158
8.99 0.00947291
9 0.00950434
9.01 0.00951522
9.02 0.00950469
9.03 0.00947168
9.04 0.00941493
9.05 0.00933314
9.06 0.00922518
9.07 0.00909008
9.08 0.00892715
9.09 0.00873592
9.1 0.00851613
9.11 0.00826765
9.12 0.00799043
9.13 0.00768452
9.14 0.00735009
9.15 0.0069874
9.16 0.00659692
9.17 0.00617945
9.18 0.00573622
9.19 0.00526895
9.2 0.00477988
9.21 0.0042718
9.22 0.0037481
9.23 0.00321269
9.24 0.00266978
9.25 0.0021237
9.26 0.00157859
9.27 0.00103824
9.28 0.000505979
9.29 -1.54293e-05
9.3 -0.000523756
9.31 -0.00101708
9.32 -0.00149364
9.33 -0.00195185
9.34 -0.00239027
9.35 -0.00280757
9.36 -0.00320251
9.37 -0.00357399
9.38 -0.00392102
9.39 -0.00424269
9.4 -0.00453831
9.41 -0.00480746
9.42 -0.00505008
9.43 -0.00526652
9.44 -0.00545761
9.45 -0.00562472
9.46 -0.00576962
9.47 -0.00589433
9.48 -0.00600095
9.49 -0.00609151
9.5 -0.00616776
9.51 -0.00623116
9.52 -0.00628277
9.53 -0.0063233
9.54 -0.00635322
9.55 -0.00637292
9.56 -0.00638282
9.57 -0.00638346
9.58 -0.00637559
9.59 -0.00636027
9.6 -0.00633876
9.61 -0.00631245
9.62 -0.00628272
9.63 -0.00625082
9.64 -0.00621774
9.65 -0.00618411
9.66 -0.00615019
9.67 -0.00611594
9.68 -0.00608095
9.69 -0.00604455
9.7 -0.00600587
9.71 -0.00596403
9.72 -0.0059182
9.73 -0.00586768
9.74 -0.00581196
9.75 -0.00575082
9.76 -0.00568435
9.77 -0.0056129
9.78 -0.00553704
9.79 -0.00545755
9.8 -0.00537544
9.81 -0.00529193
9.82 -0.00520841
9.83 -0.0051264
9.84 -0.00504757
9.85 -0.00497363
9.86 -0.00490633
9.87 -0.00484728
9.88 -0.00479792
9.89 -0.00475949
9.9 -0.00473303
9.91 -0.00471929
9.92 -0.00471862
9.93 -0.00473108
9.94 -0.00475635
9.95 -0.00479383
9.96 -0.00484269
9.97 -0.004902
9.98 -0.00497095
9.99 -0.00504888
10 -0.00513531
10.01 -0.00522997
10.02 -0.00533279
10.03 -0.00544391
10.04 -0.00556364
10.05 -0.00569219
10.06 -0.00582963
10.07 -0.00597581
10.08 -0.00613034
10.09 -0.00629265
10.1 -0.00646197
10.11 -0.00663737
10.12 -0.00681788
10.13 -0.00700266
10.14 -0.00719098
10.15 -0.00738227
10.16 -0.00757606
10.17 -0.00777197
10.18 -0.00796956
10.19 -0.00816827
10.2 -0.00836736
10.21 -0.00856595
10.22 -0.00876302
10.23 -0.00895754
10.24 -0.00914839
10.25 -0.00933448
10.26 -0.00951478
10.27 -0.00968836
10.28 -0.00985442
10.29 -0.0100122
10.3 -0.010161
10.31 -0.0103003
10.32 -0.0104292
10.33 -0.0105471
10.34 -0.0106532
10.35 -0.0107467
10.36 -0.010827
10.37 -0.0108934
10.38 -0.0109453
10.39 -0.0109822
10.4 -0.0110035
10.41 -0.0110086
10.42 -0.0109967
10.43 -0.010967
10.44 -0.0109185
10.45 -0.0108499
10.46 -0.01076
10.47 -0.0106474
10.48 -0.010511
10.49 -0.0103497
10.5 -0.0101631
10.51 -0.00995081
10.52 -0.00971311
10.53 -0.00945053
10.54 -0.00916391
10.55 -0.00885432
10.56 -0.00852291
10.57 -0.00817096
10.58 -0.00779984
10.59 -0.00741099
10.6 -0.00700587
10.61 -0.00658601
10.62 -0.00615301
10.63 -0.00570861
10.64 -0.00525463
10.65 -0.00479305
10.66 -0.00432596
10.67 -0.00385552
10.68 -0.00338389
10.69 -0.00291315
10.7 -0.00244521
10.71 -0.00198174
10.72 -0.00152427
10.73 -0.00107413
10.74 -0.000632546
10.75 -0.000200602
10.76 0.000220688
10.77 0.000630434
10.78 0.00102789
10.79 0.00141244
10.8 0.00178359
10.81 0.00214092
10.82 0.00248408
10.83 0.00281286
10.84 0.00312713
10.85 0.00342677
10.86 0.00371166
10.87 0.00398161
10.88 0.00423635
10.89 0.00447561
10.9 0.00469908
10.91 0.00490648
10.92 0.00509763
10.93 0.00527251
10.94 0.00543139
10.95 0.00557483
10.96 0.00570365
10.97 0.00581888
10.98 0.00592173
10.99 0.00601348
11 0.00609536
11.01 0.0061685
11.02 0.00623395
11.03 0.00629258
11.04 0.00634507
11.05 0.00639194
11.06 0.00643359
11.07 0.00647037
11.08 0.00650254
11.09 0.00653026
11.1 0.00655368
11.11 0.00657298
11.12 0.00658841
11.13 0.00660033
11.14 0.00660912
11.15 0.00661519
11.16 0.00661896
11.17 0.00662101
11.18 0.00662214
11.19 0.00662334
11.2 0.00662581
11.21 0.00663094
11.22 0.00664026
11.23 0.00665538
11.24 0.00667776
11.25 0.00670852
11.26 0.0067483
11.27 0.00679724
11.28 0.00685507
11.29 0.0069212
11.3 0.0069949
11.31 0.00707533
11.32 0.00716164
11.33 0.00725303
11.34 0.00734888
11.35 0.0074489
11.36 0.00755312
11.37 0.00766191
11.38 0.00777572
11.39 0.00789504
11.4 0.00802028
11.41 0.00815175
11.42 0.00828953
11.43 0.00843339
11.44 0.00858284
11.45 0.00873717
11.46 0.00889555
11.47 0.00905717
11.48 0.00922133
11.49 0.00938762
11.5 0.00955596
11.51 0.00972666
11.52 0.00990032
11.53 0.0100778
11.54 0.0102599
11.55 0.0104477
11.56 0.0106419
11.57 0.010843
11.58 0.0110512
11.59 0.0112664
11.6 0.0114883
11.61 0.0117169
11.62 0.0119518
11.63 0.0121927
11.64 0.0124395
11.65 0.012692
11.66 0.0129497
11.67 0.0132124
11.68 0.0134798
11.69 0.0137513
11.7 0.0140265
11.71 0.0143042
11.72 0.0145836
11.73 0.014863
11.74 0.0151407
11.75 0.0154148
11.76 0.0156827
11.77 0.0159415
11.78 0.0161879
11.79 0.0164182
11.8 0.0166284
11.81 0.0168146
11.82 0.0169734
11.83 0.0171018
11.84 0.017197
11.85 0.0172567
11.86 0.0172792
11.87 0.0172628
11.88 0.0172059
11.89 0.0171075
11.9 0.0169663
11.91 0.0167816
11.92 0.0165527
11.93 0.0162792
11.94 0.015961
11.95 0.015598
11.96 0.0151904
11.97 0.0147386
11.98 0.0142431
11.99 0.0137049
12 0.0131252
12.01 0.0125056
12.02 0.0118479
12.03 0.0111544
12.04 0.0104276
12.05 0.00967054
12.06 0.00888635
12.07 0.0080783
12.08 0.00724965
12.09 0.00640349
12.1 0.00554266
12.11 0.00466977
12.12 0.00378719
12.13 0.00289696
12.14 0.00200078
12.15 0.0011
12.16 0.000195724
12.17 -0.000711128
12.18 -0.00161967
12.19 -0.00252903
12.2 -0.00343838
12.21 -0.00434687
12.22 -0.0052535
12.23 -0.00615717
12.24 -0.00705674
12.25 -0.00795106
12.26 -0.00883879
12.27 -0.00971847
12.28 -0.0105885
12.29 -0.0114471
12.3 -0.0122926
12.31 -0.013123
12.32 -0.0139362
12.33 -0.0147298
12.34 -0.0155014
12.35 -0.0162482
12.36 -0.0169677
12.37 -0.0176568
12.38 -0.0183124
12.39 -0.0189316
12.4 -0.019511
12.41 -0.0200477
12.42 -0.0205385
12.43 -0.0209809
12.44 -0.0213724
12.45 -0.0217107
12.46 -0.0219937
12.47 -0.0222196
12.48 -0.0223862
12.49 -0.0224914
12.5 -0.0225327
12.51 -0.0225072
12.52 -0.0224118
12.53 -0.0222434
12.54 -0.021999
12.55 -0.0216757
12.56 -0.0212712
12.57 -0.0207836
12.58 -0.0202118
12.59 -0.0195548
12.6 -0.0188119
12.61 -0.0179829
12.62 -0.0170678
12.63 -0.0160673
12.64 -0.0149825
12.65 -0.0138149
12.66 -0.0125667
12.67 -0.0112406
12.68 -0.00983976
12.69 -0.00836816
12.7 -0.00683036
12.71 -0.00523143
12.72 -0.00357683
12.73 -0.0018723
12.74 -0.000123803
12.75 0.00166257
12.76 0.00348071
12.77 0.00532453
12.78 0.00718797
12.79 0.00906503
12.8 0.0109497
12.81 0.0128361
12.82 0.0147181
12.83 0.0165896
12.84 0.0184444
12.85 0.0202766
12.86 0.0220801
12.87 0.0238494
12.88 0.0255791
12.89 0.0272642
12.9 0.0289003
12.91 0.0304831
12.92 0.0320088
12.93 0.0334734
12.94 0.0348733
12.95 0.0362048
12.96 0.0374645
12.97 0.0386489
12.98 0.0397546
12.99 0.0407787
13 0.0417182
13.01 0.0425704
13.02 0.0433345
13.03 0.0440111
13.04 0.0446013
13.05 0.0451057
13.06 0.0455248
13.07 0.045859
13.08 0.0461084
13.09 0.0462731
13.1 0.0463525
13.11 0.0463462
13.12 0.0462534
13.13 0.0460734
13.14 0.0458059
13.15 0.045451
13.16 0.0450091
13.17 0.0444812
13.18 0.0438688
13.19 0.0431736
13.2 0.0423978
13.21 0.0415439
13.22 0.0406144
13.23 0.0396122
13.24 0.0385401
13.25 0.0374012
13.26 0.0361987
13.27 0.0349358
13.28 0.0336155
13.29 0.0322413
13.3 0.0308164
13.31 0.0293439
13.32 0.0278272
13.33 0.0262691
13.34 0.0246727
13.35 0.0230411
13.36 0.0213773
13.37 0.0196848
13.38 0.0179669
13.39 0.0162276
13.4 0.0144707
13.41 0.0127003
13.42 0.0109209
13.43 0.00913722
13.44 0.00735402
13.45 0.00557644
13.46 0.00380978
13.47 0.00205947
13.48 0.000331084
13.49 -0.00136978
13.5 -0.00303752
13.51 -0.00466655
13.52 -0.00625136
13.53 -0.00778654
13.54 -0.00926669
13.55 -0.0106865
13.56 -0.0120407
13.57 -0.0133244
13.58 -0.0145329
13.59 -0.0156619
13.6 -0.0167076
13.61 -0.0176665
13.62 -0.0185357
13.63 -0.0193123
13.64 -0.0199939
13.65 -0.0205782
13.66 -0.0210634
13.67 -0.0214478
13.68 -0.0217301
13.69 -0.0219094
13.7 -0.0219853
13.71 -0.0219579
13.72 -0.0218275
13.73 -0.0215953
13.74 -0.0212625
13.75 -0.0208312
13.76 -0.020304
13.77 -0.0196841
13.78 -0.0189752
13.79 -0.0181818
13.8 -0.0173089
13.81 -0.0163624
13.82 -0.0153486
13.83 -0.0142742
13.84 -0.0131458
13.85 -0.0119695
13.86 -0.0107506
13.87 -0.00949412
13.88 -0.00820483
13.89 -0.00688766
13.9 -0.00554762
13.91 -0.00418969
13.92 -0.00281888
13.93 -0.00144023
13.94 -5.87976e-05
13.95 0.00132035
13.96 0.0026922
13.97 0.00405182
13.98 0.00539439
13.99 0.00671514
14 0.00800929
14.01 0.00927214
14.02 0.010499
14.03 0.0116855
14.04 0.0128273
14.05 0.0139202
14.06 0.0149603
14.07 0.0159438
14.08 0.0168667
14.09 0.0177251
14.1 0.0185151
14.11 0.0192327
14.12 0.0198737
14.13 0.020434
14.14 0.0209094
14.15 0.0212953
14.16 0.0215875
14.17 0.0217816
14.18 0.0218736
14.19 0.02186
14.2 0.0217373
14.21 0.0215028
14.22 0.0211536
14.23 0.0206875
14.24 0.0201024
14.25 0.0193963
14.26 0.0185675
14.27 0.0176148
14.28 0.0165372
14.29 0.0153342
14.3 0.014006
14.31 0.0125534
14.32 0.0109778
14.33 0.00928156
14.34 0.00746751
14.35 0.005539
14.36 0.00349958
14.37 0.00135293
14.38 -0.000897266
14.39 -0.00324724
14.4 -0.00569305
14.41 -0.00823059
14.42 -0.0108555
14.43 -0.0135631
14.44 -0.0163482
14.45 -0.0192051
14.46 -0.0221273
14.47 -0.0251078
14.48 -0.028139
14.49 -0.031213
14.5 -0.0343218
14.51 -0.0374573
14.52 -0.0406137
14.53 -0.0437898
14.54 -0.0469865
14.55 -0.0502045
14.56 -0.0534448
14.57 -0.0567082
14.58 -0.0599956
14.59 -0.0633079
14.6 -0.0666458
14.61 -0.0700098
14.62 -0.0733998
14.63 -0.0768152
14.64 -0.0802548
14.65 -0.0837163
14.66 -0.0871965
14.67 -0.0906918
14.68 -0.0941981
14.69 -0.0977115
14.7 -0.101228
14.71 -0.104745
14.72 -0.108259
14.73 -0.111764
14.74 -0.115257
14.75 -0.118732
14.76 -0.12218
14.77 -0.125597
14.78 -0.128975
14.79 -0.132307
14.8 -0.135587
14.81 -0.13881
14.82 -0.141967
14.83 -0.145053
14.84 -0.148062
14.85 -0.150986
14.86 -0.153821
14.87 -0.15656
14.88 -0.159197
14.89 -0.161725
14.9 -0.16414
14.91 -0.166433
14.92 -0.168599
14.93 -0.170631
14.94 -0.172523
14.95 -0.174268
14.96 -0.17586
14.97 -0.177292
14.98 -0.17856
14.99 -0.179659
15 -0.180584
15.01 -0.181336
15.02 -0.181913
15.03 -0.182316
15.04 -0.182549
15.05 -0.182613
15.06 -0.182512
15.07 -0.182252
15.08 -0.181837
15.09 -0.181274
15.1 -0.180569
15.11 -0.179731
15.12 -0.178764
15.13 -0.177679
15.14 -0.176482
15.15 -0.175182
15.16 -0.173787
15.17 -0.172305
15.18 -0.170744
15.19 -0.169112
15.2 -0.167415
15.21 -0.165662
15.22 -0.163859
15.23 -0.162014
15.24 -0.160137
15.25 -0.158234
15.26 -0.156316
15.27 -0.154391
15.28 -0.15247
15.29 -0.150562
15.3 -0.148676
15.31 -0.146823
15.32 -0.145009
15.33 -0.143242
15.34 -0.141528
15.35 -0.139876
15.36 -0.13829
15.37 -0.136778
15.38 -0.135345
15.39 -0.133999
15.4 -0.132745
15.41 -0.131587
15.42 -0.13053
15.43 -0.129578
15.44 -0.128734
15.45 -0.127999
15.46 -0.127375
15.47 -0.126862
15.48 -0.126459
15.49 -0.126166
15.5 -0.125978
15.51 -0.125892
15.52 -0.125902
15.53 -0.126002
15.54 -0.126187
15.55 -0.12645
15.56 -0.126785
15.57 -0.127184
15.58 -0.127642
15.59 -0.12815
15.6 -0.128703
15.61 -0.129292
15.62 -0.129911
15.63 -0.130552
15.64 -0.131207
15.65 -0.13187
15.66 -0.132533
15.67 -0.133188
15.68 -0.133827
15.69 -0.134445
15.7 -0.135033
15.71 -0.135584
15.72 -0.136093
15.73 -0.136552
15.74 -0.136954
15.75 -0.137293
15.76 -0.137563
15.77 -0.137757
15.78 -0.13787
15.79 -0.137895
15.8 -0.137829
15.81 -0.137665
15.82 -0.1374
15.83 -0.137031
15.84 -0.136554
15.85 -0.135968
15.86 -0.135271
15.87 -0.134462
15.88 -0.13354
15.89 -0.132505
15.9 -0.131359
15.91 -0.130102
15.92 -0.128735
15.93 -0.12726
15.94 -0.12568
15.95 -0.123997
15.96 -0.122214
15.97 -0.120334
15.98 -0.118362
15.99 -0.116303
16 -0.114162
16.01 -0.111946
16.02 -0.109662
16.03 -0.107319
16.04 -0.104926
16.05 -0.102494
16.06 -0.100033
16.07 -0.0975565
16.08 -0.0950723
16.09 -0.092585
16.1 -0.0900986
16.11 -0.0876175
16.12 -0.0851466
16.13 -0.0826905
16.14 -0.0802541
16.15 -0.0778422
16.16 -0.0754598
16.17 -0.073112
16.18 -0.0708039
16.19 -0.0685406
16.2 -0.0663273
16.21 -0.0641689
16.22 -0.0620701
16.23 -0.0600349
16.24 -0.0580668
16.25 -0.0561686
16.26 -0.054342
16.27 -0.0525882
16.28 -0.0509077
16.29 -0.0493009
16.3 -0.0477679
16.31 -0.0463087
16.32 -0.044923
16.33 -0.0436105
16.34 -0.0423707
16.35 -0.041203
16.36 -0.0401068
16.37 -0.0390814
16.38 -0.0381261
16.39 -0.0372401
16.4 -0.0364225
16.41 -0.0356722
16.42 -0.0349884
16.43 -0.0343702
16.44 -0.0338169
16.45 -0.0333276
16.46 -0.0329018
16.47 -0.0325387
16.48 -0.0322376
16.49 -0.031998
16.5 -0.0318193
16.51 -0.0317008
16.52 -0.031642
16.53 -0.0316424
16.54 -0.0317013
16.55 -0.031818
16.56 -0.0319915
16.57 -0.0322211
16.58 -0.0325059
16.59 -0.032845
16.6 -0.0332375
16.61 -0.0336827
16.62 -0.0341799
16.63 -0.0347287
16.64 -0.035329
16.65 -0.0359807
16.66 -0.036684
16.67 -0.0374393
16.68 -0.0382475
16.69 -0.0391095
16.7 -0.0400263
16.71 -0.0409988
16.72 -0.0420276
16.73 -0.0431125
16.74 -0.0442527
16.75 -0.0454467
16.76 -0.0466927
16.77 -0.0479882
16.78 -0.0493308
16.79 -0.0507173
16.8 -0.0521445
16.81 -0.0536086
16.82 -0.055106
16.83 -0.0566325
16.84 -0.058184
16.85 -0.0597563
16.86 -0.0613451
16.87 -0.0629462
16.88 -0.0645556
16.89 -0.0661693
16.9 -0.0677838
16.91 -0.0693954
16.92 -0.0710009
16.93 -0.0725967
16.94 -0.0741796
16.95 -0.0757461
16.96 -0.0772928
16.97 -0.0788161
16.98 -0.0803126
16.99 -0.0817788
17 -0.0832113
17.01 -0.0846067
17.02 -0.0859615
17.03 -0.0872727
17.04 -0.0885373
17.05 -0.0897525
17.06 -0.0909158
17.07 -0.0920247
17.08 -0.0930767
17.09 -0.0940696
17.1 -0.0950013
17.11 -0.0958701
17.12 -0.0966743
17.13 -0.0974125
17.14 -0.0980833
17.15 -0.0986856
17.16 -0.0992185
17.17 -0.0996812
17.18 -0.100073
17.19 -0.100394
17.2 -0.100644
17.21 -0.100823
17.22 -0.100931
17.23 -0.100968
17.24 -0.100935
17.25 -0.100832
17.26 -0.100661
17.27 -0.100424
17.28 -0.100121
17.29 -0.0997545
17.3 -0.0993271
17.31 -0.0988408
17.32 -0.0982981
17.33 -0.0977015
17.34 -0.0970539
17.35 -0.0963583
17.36 -0.0956183
17.37 -0.0948376
17.38 -0.0940208
17.39 -0.0931726
17.4 -0.0922985
17.41 -0.0914042
17.42 -0.0904963
17.43 -0.0895812
17.44 -0.0886653
17.45 -0.0877548
17.46 -0.086855
17.47 -0.0859711
17.48 -0.0851072
17.49 -0.0842673
17.5 -0.0834551
17.51 -0.0826741
17.52 -0.0819279
17.53 -0.08122
17.54 -0.0805538
17.55 -0.0799325
17.56 -0.079359
17.57 -0.0788358
17.58 -0.078365
17.59 -0.0779484
17.6 -0.0775871
17.61 -0.0772818
17.62 -0.0770323
17.63 -0.0768381
17.64 -0.076698
17.65 -0.0766103
17.66 -0.0765729
17.67 -0.0765834
17.68 -0.0766388
17.69 -0.0767362
17.7 -0.0768722
17.71 -0.0770439
17.72 -0.0772483
17.73 -0.077483
17.74 -0.0777454
17.75 -0.0780334
17.76 -0.0783442
17.77 -0.078675
17.78 -0.0790224
17.79 -0.0793825
17.8 -0.0797508
17.81 -0.080123
17.82 -0.0804944
17.83 -0.0808604
17.84 -0.0812166
17.85 -0.0815585
17.86 -0.0818819
17.87 -0.0821826
17.88 -0.0824568
17.89 -0.0827013
17.9 -0.0829132
17.91 -0.0830903
17.92 -0.0832311
17.93 -0.0833345
17.94 -0.0833997
17.95 -0.083426
17.96 -0.0834133
17.97 -0.0833614
17.98 -0.0832707
17.99 -0.0831417
18 -0.082975
18.01 -0.0827712
18.02 -0.0825314
18.03 -0.0822565
18.04 -0.0819475
18.05 -0.0816054
18.06 -0.0812312
18.07 -0.0808261
18.08 -0.0803913
18.09 -0.079928
18.1 -0.0794376
18.11 -0.0789218
18.12 -0.0783822
18.13 -0.0778203
18.14 -0.0772377
18.15 -0.0766359
18.16 -0.0760163
18.17 -0.0753801
18.18 -0.0747284
18.19 -0.0740621
18.2 -0.0733821
18.21 -0.0726891
18.22 -0.0719838
18.23 -0.0712671
18.24 -0.0705398
18.25 -0.0698029
18.26 -0.0690578
18.27 -0.0683055
18.28 -0.0675474
18.29 -0.0667845
18.3 -0.066018
18.31 -0.0652491
18.32 -0.0644787
18.33 -0.0637077
18.34 -0.0629372
18.35 -0.0621684
18.36 -0.0614024
18.37 -0.0606406
18.38 -0.0598845
18.39 -0.0591355
18.4 -0.058395
18.41 -0.0576641
18.42 -0.056944
18.43 -0.0562354
18.44 -0.0555387
18.45 -0.0548543
18.46 -0.054182
18.47 -0.0535216
18.48 -0.0528725
18.49 -0.0522343
18.5 -0.0516063
18.51 -0.0509881
18.52 -0.0503795
18.53 -0.0497804
18.54 -0.0491909
18.55 -0.0486114
18.56 -0.0480424
18.57 -0.0474845
18.58 -0.0469386
18.59 -0.0464053
18.6 -0.0458854
18.61 -0.0453795
18.62 -0.0448881
18.63 -0.0444117
18.64 -0.0439507
18.65 -0.0435056
18.66 -0.0430767
18.67 -0.042665
18.68 -0.0422716
18.69 -0.0418983
18.7 -0.0415476
18.71 -0.0412229
18.72 -0.0409284
18.73 -0.0406688
18.74 -0.0404492
18.75 -0.0402745
18.76 -0.0401495
18.77 -0.0400785
18.78 -0.040066
18.79 -0.0401159
18.8 -0.0402324
18.81 -0.0404191
18.82 -0.0406799
18.83 -0.0410182
18.84 -0.0414376
18.85 -0.0419412
18.86 -0.0425321
18.87 -0.0432133
18.88 -0.0439873
18.89 -0.0448561
18.9 -0.0458215
18.91 -0.0468843
18.92 -0.0480445
18.93 -0.0493014
18.94 -0.0506533
18.95 -0.0520978
18.96 -0.0536323
18.97 -0.0552539
18.98 -0.0569597
18.99 -0.0587467
19 -0.060612
19.01 -0.0625529
19.02 -0.0645668
19.03 -0.0666513
19.04 -0.0688038
19.05 -0.0710215
19.06 -0.0733009
19.07 -0.0756384
19.08 -0.0780296
19.09 -0.0804699
19.1 -0.082954
19.11 -0.0854768
19.12 -0.088033
19.13 -0.0906177
19.14 -0.0932259
19.15 -0.0958529
19.16 -0.0984937
19.17 -0.101143
19.18 -0.103794
19.19 -0.106441
19.2 -0.109075
19.21 -0.111689
19.22 -0.114274
19.23 -0.11682
19.24 -0.11932
19.25 -0.121774
19.26 -0.124181
19.27 -0.126539
19.28 -0.128848
19.29 -0.131108
19.3 -0.13332
19.31 -0.135481
19.32 -0.137592
19.33 -0.139651
19.34 -0.141657
19.35 -0.143608
19.36 -0.145501
19.37 -0.147334
19.38 -0.149103
19.39 -0.150806
19.4 -0.152441
19.41 -0.154003
19.42 -0.155492
19.43 -0.156903
19.44 -0.158235
19.45 -0.159485
19.46 -0.16065
19.47 -0.161727
19.48 -0.162714
19.49 -0.163608
19.5 -0.164408
19.51 -0.16511
19.52 -0.165713
19.53 -0.166216
19.54 -0.166616
19.55 -0.166913
19.56 -0.167106
19.57 -0.167195
19.58 -0.167181
19.59 -0.167062
19.6 -0.166841
19.61 -0.166517
19.62 -0.166094
19.63 -0.165572
19.64 -0.164953
19.65 -0.164241
19.66 -0.163437
19.67 -0.162544
19.68 -0.161567
19.69 -0.160509
19.7 -0.159373
19.71 -0.158164
19.72 -0.156886
19.73 -0.155545
19.74 -0.154144
19.75 -0.15269
19.76 -0.151187
19.77 -0.149638
19.78 -0.14805
19.79 -0.146426
19.8 -0.14477
19.81 -0.143089
19.82 -0.141385
19.83 -0.139665
19.84 -0.137933
19.85 -0.136194
19.86 -0.134454
19.87 -0.132719
19.88 -0.130993
19.89 -0.129283
19.9 -0.127594
19.91 -0.125931
19.92 -0.124299
19.93 -0.122703
19.94 -0.121146
19.95 -0.119634
19.96 -0.11817
19.97 -0.116759
19.98 -0.115404
19.99 -0.114111
20 -0.112883
20.01 -0.111725
20.02 -0.110641
20.03 -0.109635
20.04 -0.108709
20.05 -0.107866
20.06 -0.107107
20.07 -0.106434
20.08 -0.105846
20.09 -0.105344
20.1 -0.104925
20.11 -0.104589
20.12 -0.104333
20.13 -0.104154
20.14 -0.104051
20.15 -0.104021
20.16 -0.104061
20.17 -0.104168
20.18 -0.10434
20.19 -0.104574
20.2 -0.104867
20.21 -0.105217
20.22 -0.105621
20.23 -0.106078
20.24 -0.106585
20.25 -0.107138
20.26 -0.107736
20.27 -0.108375
20.28 -0.109053
20.29 -0.109768
20.3 -0.110516
20.31 -0.111297
20.32 -0.112107
20.33 -0.112945
20.34 -0.113808
20.35 -0.114696
20.36 -0.115604
20.37 -0.116531
20.38 -0.117474
20.39 -0.11843
20.4 -0.119395
20.41 -0.120364
20.42 -0.121334
20.43 -0.1223
20.44 -0.123257
20.45 -0.1242
20.46 -0.125125
20.47 -0.126028
20.48 -0.126903
20.49 -0.127747
20.5 -0.128556
20.51 -0.129324
20.52 -0.130048
20.53 -0.130724
20.54 -0.131347
20.55 -0.131915
20.56 -0.132423
20.57 -0.132869
20.58 -0.133249
20.59 -0.133562
20.6 -0.133806
20.61 -0.13398
20.62 -0.134085
20.63 -0.13412
20.64 -0.134086
20.65 -0.133984
20.66 -0.133815
20.67 -0.13358
20.68 -0.13328
20.69 -0.132916
20.7 -0.132491
20.71 -0.132004
20.72 -0.131458
20.73 -0.130854
20.74 -0.130194
20.75 -0.129479
20.76 -0.128713
20.77 -0.127896
20.78 -0.127031
20.79 -0.126121
20.8 -0.125166
20.81 -0.124168
20.82 -0.12313
20.83 -0.12205
20.84 -0.120931
20.85 -0.119773
20.86 -0.118578
20.87 -0.117347
20.88 -0.116082
20.89 -0.114785
20.9 -0.11346
20.91 -0.112109
20.92 -0.110737
20.93 -0.109345
20.94 -0.107937
20.95 -0.106518
20.96 -0.10509
20.97 -0.103658
20.98 -0.102225
20.99 -0.100797
21 -0.0993782
21.01 -0.0979736
21.02 -0.096589
21.03 -0.0952304
21.04 -0.0939037
21.05 -0.092615
21.06 -0.0913702
21.07 -0.0901746
21.08 -0.0890339
21.09 -0.0879532
21.1 -0.0869377
21.11 -0.085992
21.12 -0.0851203
21.13 -0.0843261
21.14 -0.0836126
21.15 -0.0829819
21.16 -0.082435
21.17 -0.0819724
21.18 -0.0815944
21.19 -0.0813016
21.2 -0.0810943
21.21 -0.0809731
21.22 -0.0809383
21.23 -0.0809904
21.24 -0.0811295
21.25 -0.0813557
21.26 -0.0816683
21.27 -0.0820663
21.28 -0.0825485
21.29 -0.083113
21.3 -0.0837576
21.31 -0.0844798
21.32 -0.085277
21.33 -0.0861464
21.34 -0.0870852
21.35 -0.0880908
21.36 -0.0891604
21.37 -0.0902914
21.38 -0.0914814
21.39 -0.0927278
21.4 -0.0940284
21.41 -0.0953809
21.42 -0.0967833
21.43 -0.0982331
21.44 -0.0997281
21.45 -0.101266
21.46 -0.102843
21.47 -0.104457
21.48 -0.106105
21.49 -0.107783
21.5 -0.109487
21.51 -0.111215
21.52 -0.112962
21.53 -0.114726
21.54 -0.116502
21.55 -0.118286
21.56 -0.120076
21.57 -0.121867
21.58 -0.123656
21.59 -0.12544
21.6 -0.127215
21.61 -0.128979
21.62 -0.130729
21.63 -0.132461
21.64 -0.134173
21.65 -0.135861
21.66 -0.137521
21.67 -0.139149
21.68 -0.140742
21.69 -0.142294
21.7 -0.143803
21.71 -0.145265
21.72 -0.146675
21.73 -0.148031
21.74 -0.149328
21.75 -0.150564
21.76 -0.151735
21.77 -0.152838
21.78 -0.153868
21.79 -0.154822
21.8 -0.155698
21.81 -0.156492
21.82 -0.157201
21.83 -0.157824
21.84 -0.158359
21.85 -0.158805
21.86 -0.159163
21.87 -0.159431
21.88 -0.159611
21.89 -0.159703
21.9 -0.159709
21.91 -0.15963
21.92 -0.159468
21.93 -0.159223
21.94 -0.158898
21.95 -0.158494
21.96 -0.158012
21.97 -0.157456
21.98 -0.156828
21.99 -0.15613
22 -0.155367
22.01 -0.154542
22.02 -0.153661
22.03 -0.152728
22.04 -0.151748
22.05 -0.150727
22.06 -0.149668
22.07 -0.148575
22.08 -0.147451
22.09 -0.146299
22.1 -0.145122
22.11 -0.143922
22.12 -0.142703
22.13 -0.141465
22.14 -0.140213
22.15 -0.138948
22.16 -0.137673
22.17 -0.136392
22.18 -0.135108
22.19 -0.133823
22.2 -0.132542
22.21 -0.131267
22.22 -0.130001
22.23 -0.128747
22.24 -0.127508
22.25 -0.126285
22.26 -0.125082
22.27 -0.123899
22.28 -0.122739
22.29 -0.121604
22.3 -0.120497
22.31 -0.11942
22.32 -0.118376
22.33 -0.117368
22.34 -0.1164
22.35 -0.115474
22.36 -0.114594
22.37 -0.113763
22.38 -0.112983
22.39 -0.112258
22.4 -0.111589
22.41 -0.110978
22.42 -0.110427
22.43 -0.109936
22.44 -0.109508
22.45 -0.109142
22.46 -0.108839
22.47 -0.108598
22.48 -0.108419
22.49 -0.1083
22.5 -0.108241
22.51 -0.108239
22.52 -0.108293
22.53 -0.108399
22.54 -0.108554
22.55 -0.108757
22.56 -0.109002
22.57 -0.109288
22.58 -0.10961
22.59 -0.109966
22.6 -0.11035
22.61 -0.110759
22.62 -0.11119
22.63 -0.111639
22.64 -0.112102
22.65 -0.112576
22.66 -0.113058
22.67 -0.113544
22.68 -0.114033
22.69 -0.114521
22.7 -0.115008
22.71 -0.115489
22.72 -0.115964
22.73 -0.11643
22.74 -0.116883
22.75 -0.117323
22.76 -0.117745
22.77 -0.118149
22.78 -0.118531
22.79 -0.118891
22.8 -0.119226
22.81 -0.119535
22.82 -0.119816
22.83 -0.120068
22.84 -0.12029
22.85 -0.120479
22.86 -0.120637
22.87 -0.12076
22.88 -0.12085
22.89 -0.120905
22.9 -0.120926
22.91 -0.120913
22.92 -0.120865
22.93 -0.120784
22.94 -0.120671
22.95 -0.120527
22.96 -0.120354
22.97 -0.120153
22.98 -0.119926
22.99 -0.119676
23 -0.119402
23.01 -0.119107
23.02 -0.118791
23.03 -0.118454
23.04 -0.118097
23.05 -0.117721
23.06 -0.117324
23.07 -0.116908
23.08 -0.116474
23.09 -0.116021
23.1 -0.115553
23.11 -0.11507
23.12 -0.114574
23.13 -0.114067
23.14 -0.113551
23.15 -0.113026
23.16 -0.112494
23.17 -0.111958
23.18 -0.111419
23.19 -0.110878
23.2 -0.110337
23.21 -0.109796
23.22 -0.109258
23.23 -0.108723
23.24 -0.108194
23.25 -0.10767
23.26 -0.107154
23.27 -0.106648
23.28 -0.106151
23.29 -0.105665
23.3 -0.105192
23.31 -0.104732
23.32 -0.104285
23.33 -0.103852
23.34 -0.103434
23.35 -0.103032
23.36 -0.102646
23.37 -0.102278
23.38 -0.101928
23.39 -0.101597
23.4 -0.101286
23.41 -0.100998
23.42 -0.100734
23.43 -0.100495
23.44 -0.100283
23.45 -0.100101
23.46 -0.0999502
23.47 -0.0998325
23.48 -0.0997494
23.49 -0.099702
23.5 -0.0996911
23.51 -0.0997171
23.52 -0.0997805
23.53 -0.0998812
23.54 -0.100019
23.55 -0.100195
23.56 -0.100407
23.57 -0.100656
23.58 -0.100941
23.59 -0.101261
23.6 -0.101615
23.61 -0.102002
23.62 -0.10242
23.63 -0.102868
23.64 -0.103345
23.65 -0.103848
23.66 -0.104376
23.67 -0.104926
23.68 -0.105498
23.69 -0.106088
23.7 -0.106696
23.71 -0.10732
23.72 -0.107958
23.73 -0.108609
23.74 -0.109273
23.75 -0.109947
23.76 -0.110632
23.77 -0.111328
23.78 -0.112033
23.79 -0.112749
23.8 -0.113476
23.81 -0.114215
23.82 -0.114966
23.83 -0.115731
23.84 -0.116508
23.85 -0.1173
23.86 -0.118105
23.87 -0.118924
23.88 -0.119757
23.89 -0.120605
23.9 -0.121466
23.91 -0.122342
23.92 -0.123234
23.93 -0.12414
23.94 -0.125062
23.95 -0.126
23.96 -0.126953
23.97 -0.127922
23.98 -0.128906
23.99 -0.129902
24 -0.130911
24.01 -0.131928
24.02 -0.132952
24.03 -0.133979
24.04 -0.135006
24.05 -0.136028
24.06 -0.137042
24.07 -0.138041
24.08 -0.13902
24.09 -0.139973
24.1 -0.140896
24.11 -0.141784
24.12 -0.14263
24.13 -0.143433
24.14 -0.144187
24.15 -0.14489
24.16 -0.145541
24.17 -0.146138
24.18 -0.146679
24.19 -0.147163
24.2 -0.147591
24.21 -0.147961
24.22 -0.148273
24.23 -0.148528
24.24 -0.148725
24.25 -0.148866
24.26 -0.148951
24.27 -0.148981
24.28 -0.148957
24.29 -0.148882
24.3 -0.148758
24.31 -0.148587
24.32 -0.148371
24.33 -0.148114
24.34 -0.147817
24.35 -0.147482
24.36 -0.147111
24.37 -0.146705
24.38 -0.146264
24.39 -0.14579
24.4 -0.145282
24.41 -0.144743
24.42 -0.144172
24.43 -0.143572
24.44 -0.142943
24.45 -0.142287
24.46 -0.141605
24.47 -0.1409
24.48 -0.140174
24.49 -0.139427
24.5 -0.138661
24.51 -0.137879
24.52 -0.137082
24.53 -0.136271
24.54 -0.135449
24.55 -0.134618
24.56 -0.13378
24.57 -0.132937
24.58 -0.132091
24.59 -0.131246
24.6 -0.130404
24.61 -0.129568
24.62 -0.12874
24.63 -0.127924
24.64 -0.127121
24.65 -0.126334
24.66 -0.125565
24.67 -0.124815
24.68 -0.124087
24.69 -0.123381
24.7 -0.122698
24.71 -0.12204
24.72 -0.121406
24.73 -0.120797
24.74 -0.120213
24.75 -0.119654
24.76 -0.119122
24.77 -0.118614
24.78 -0.118132
24.79 -0.117676
24.8 -0.117245
24.81 -0.11684
24.82 -0.116461
24.83 -0.116108
24.84 -0.115783
24.85 -0.115485
24.86 -0.115215
24.87 -0.114974
24.88 -0.114762
24.89 -0.114581
24.9 -0.114431
24.91 -0.114313
24.92 -0.114228
24.93 -0.114178
24.94 -0.114163
24.95 -0.114185
24.96 -0.114245
24.97 -0.114344
24.98 -0.114483
24.99 -0.114662
25 -0.114881
