0.01 3.17511e-09
0.02 1.5296e-08
0.03 3.77781e-08
0.04 6.82765e-08
0.05 1.04487e-07
0.06 1.4417e-07
0.07 1.85166e-07
0.08 2.25397e-07
0.09 2.6285e-07
0.1 2.95576e-07
0.11 3.21714e-07
0.12 3.39492e-07
0.13 3.47194e-07
0.14 3.43099e-07
0.15 3.25473e-07
0.16 2.92628e-07
0.17 2.4297e-07
0.18 1.75013e-07
0.19 8.73906e-08
0.2 -2.11311e-08
0.21 -1.51642e-07
0.22 -3.05085e-07
0.23 -4.82258e-07
0.24 -6.83838e-07
0.25 -9.10404e-07
0.26 -1.1625e-06
0.27 -1.4407e-06
0.28 -1.7454e-06
0.29 -2.07665e-06
0.3 -2.434e-06
0.31 -2.81647e-06
0.32 -3.22247e-06
0.33 -3.64968e-06
0.34 -4.09489e-06
0.35 -4.55428e-06
0.36 -5.0237e-06
0.37 -5.49873e-06
0.38 -5.97533e-06
0.39 -6.45057e-06
0.4 -6.92327e-06
0.41 -7.39428e-06
0.42 -7.86603e-06
0.43 -8.34197e-06
0.44 -8.82658e-06
0.45 -9.32526e-06
0.46 -9.84383e-06
0.47 -1.03881e-05
0.48 -1.09634e-05
0.49 -1.15741e-05
0.5 -1.22236e-05
0.51 -1.29147e-05
0.52 -1.36498e-05
0.53 -1.44304e-05
0.54 -1.52572e-05
0.55 -1.6131e-05
0.56 -1.70517e-05
0.57 -1.80187e-05
0.58 -1.90315e-05
0.59 -2.00895e-05
0.6 -2.11916e-05
0.61 -2.23368e-05
0.62 -2.35239e-05
0.63 -2.47513e-05
0.64 -2.60176e-05
0.65 -2.73211e-05
0.66 -2.86604e-05
0.67 -3.00343e-05
0.68 -3.14419e-05
0.69 -3.28824e-05
0.7 -3.43551e-05
0.71 -3.5859e-05
0.72 -3.73923e-05
0.73 -3.89517e-05
0.74 -4.05321e-05
0.75 -4.21254e-05
0.76 -4.37208e-05
0.77 -4.53046e-05
0.78 -4.6862e-05
0.79 -4.83788e-05
0.8 -4.98434e-05
0.81 -5.1247e-05
0.82 -5.25833e-05
0.83 -5.38481e-05
0.84 -5.50391e-05
0.85 -5.61573e-05
0.86 -5.7207e-05
0.87 -5.8191e-05
0.88 -5.91077e-05
0.89 -5.99498e-05
0.9 -6.07067e-05
0.91 -6.13666e-05
0.92 -6.19173e-05
0.93 -6.23485e-05
0.94 -6.26544e-05
0.95 -6.28352e-05
0.96 -6.28972e-05
0.97 -6.28527e-05
0.98 -6.27144e-05
0.99 -6.2491e-05
1 -6.21847e-05
1.01 -6.17921e-05
1.02 -6.13041e-05
1.03 -6.0707e-05
1.04 -5.9985e-05
1.05 -5.91221e-05
1.06 -5.81061e-05
1.07 -5.69294e-05
1.08 -5.55884e-05
1.09 -5.40799e-05
1.1 -5.24012e-05
1.11 -5.05507e-05
1.12 -4.8527e-05
1.13 -4.63274e-05
1.14 -4.39479e-05
1.15 -4.13851e-05
1.16 -3.86379e-05
1.17 -3.57098e-05
1.18 -3.26115e-05
1.19 -2.93589e-05
1.2 -2.59697e-05
1.21 -2.24653e-05
1.22 -1.88714e-05
1.23 -1.52157e-05
1.24 -1.15222e-05
1.25 -7.80313e-06
1.26 -4.05466e-06
1.27 -2.61513e-07
1.28 3.59339e-06
1.29 7.5262e-06
1.3 1.15514e-05
1.31 1.56766e-05
1.32 1.99005e-05
1.33 2.42154e-05
1.34 2.86121e-05
1.35 3.30842e-05
1.36 3.76277e-05
1.37 4.22413e-05
1.38 4.69258e-05
1.39 5.16827e-05
1.4 5.6512e-05
1.41 6.14098e-05
1.42 6.63634e-05
1.43 7.13483e-05
1.44 7.63235e-05
1.45 8.123e-05
1.46 8.5992e-05
1.47 9.0524e-05
1.48 9.47373e-05
1.49 9.85418e-05
1.5 0.000101849
1.51 0.000104576
1.52 0.000106651
1.53 0.000108017
1.54 0.00010864
1.55 0.00010852
1.56 0.00010769
1.57 0.000106207
1.58 0.000104147
1.59 0.000101592
1.6 9.86231e-05
1.61 9.53119e-05
1.62 9.1722e-05
1.63 8.79095e-05
1.64 8.39228e-05
1.65 7.98031e-05
1.66 7.55817e-05
1.67 7.12788e-05
1.68 6.6905e-05
1.69 6.24672e-05
1.7 5.79727e-05
1.71 5.34286e-05
1.72 4.88428e-05
1.73 4.4226e-05
1.74 3.95954e-05
1.75 3.49784e-05
1.76 3.04078e-05
1.77 2.59148e-05
1.78 2.15332e-05
1.79 1.73047e-05
1.8 1.32767e-05
1.81 9.49683e-06
1.82 6.01325e-06
1.83 2.87251e-06
1.84 1.09168e-07
1.85 -2.25955e-06
1.86 -4.22932e-06
1.87 -5.79923e-06
1.88 -6.96553e-06
1.89 -7.72114e-06
1.9 -8.05543e-06
1.91 -7.9543e-06
1.92 -7.40019e-06
1.93 -6.37429e-06
1.94 -4.86972e-06
1.95 -2.90773e-06
1.96 -5.38422e-07
1.97 2.1645e-06
1.98 5.10821e-06
1.99 8.19238e-06
2 1.13298e-05
2.01 1.44646e-05
2.02 1.75747e-05
2.03 2.06683e-05
2.04 2.37815e-05
2.05 2.69677e-05
2.06 3.0288e-05
2.07 3.38005e-05
2.08 3.75448e-05
2.09 4.15306e-05
2.1 4.57352e-05
2.11 5.01071e-05
2.12 5.45634e-05
2.13 5.89851e-05
2.14 6.32289e-05
2.15 6.71395e-05
2.16 7.05529e-05
2.17 7.33032e-05
2.18 7.52248e-05
2.19 7.61452e-05
2.2 7.58785e-05
2.21 7.42317e-05
2.22 7.10159e-05
2.23 6.60528e-05
2.24 5.91808e-05
2.25 5.02497e-05
2.26 3.91261e-05
2.27 2.57198e-05
2.28 9.99027e-06
2.29 -8.06622e-06
2.3 -2.84202e-05
2.31 -5.10082e-05
2.32 -7.5727e-05
2.33 -0.000102421
2.34 -0.000130878
2.35 -0.000160833
2.36 -0.000191981
2.37 -0.000223984
2.38 -0.000256485
2.39 -0.000289104
2.4 -0.000321459
2.41 -0.000353206
2.42 -0.00038406
2.43 -0.000413775
2.44 -0.000442129
2.45 -0.000468918
2.46 -0.000493957
2.47 -0.00051709
2.48 -0.000538198
2.49 -0.000557178
2.5 -0.00057393
2.51 -0.00058834
2.52 -0.000600284
2.53 -0.00060964
2.54 -0.000616289
2.55 -0.000620116
2.56 -0.000621011
2.57 -0.000618901
2.58 -0.000613766
2.59 -0.000605648
2.6 -0.000594645
2.61 -0.00058089
2.62 -0.000564535
2.63 -0.000545729
2.64 -0.000524609
2.65 -0.000501295
2.66 -0.00047589
2.67 -0.000448489
2.68 -0.000419184
2.69 -0.000388079
2.7 -0.000355298
2.71 -0.000320968
2.72 -0.000285224
2.73 -0.0002482
2.74 -0.000210017
2.75 -0.000170772
2.76 -0.00013056
2.77 -8.94691e-05
2.78 -4.75645e-05
2.79 -4.87089e-06
2.8 3.86204e-05
2.81 8.29462e-05
2.82 0.00012814
2.83 0.000174203
2.84 0.000221096
2.85 0.000268739
2.86 0.000317019
2.87 0.00036578
2.88 0.00041481
2.89 0.000463851
2.9 0.00051262
2.91 0.000560821
2.92 0.000608143
2.93 0.00065427
2.94 0.000698891
2.95 0.00074171
2.96 0.000782451
2.97 0.000820889
2.98 0.000856865
2.99 0.000890267
3 0.000921026
3.01 0.000949099
3.02 0.00097445
3.03 0.000997034
3.04 0.00101679
3.05 0.00103362
3.06 0.00104742
3.07 0.00105803
3.08 0.00106525
3.09 0.0010689
3.1 0.00106877
3.11 0.00106473
3.12 0.00105671
3.13 0.00104472
3.14 0.00102881
3.15 0.00100909
3.16 0.000985694
3.17 0.000958783
3.18 0.00092854
3.19 0.000895158
3.2 0.000858814
3.21 0.000819682
3.22 0.000777973
3.23 0.000733937
3.24 0.000687872
3.25 0.000640109
3.26 0.000591
3.27 0.000540937
3.28 0.000490364
3.29 0.000439742
3.3 0.000389515
3.31 0.000340132
3.32 0.000292041
3.33 0.000245647
3.34 0.000201257
3.35 0.000159064
3.36 0.000119125
3.37 8.13712e-05
3.38 4.56265e-05
3.39 1.16092e-05
3.4 -2.10565e-05
3.41 -5.28203e-05
3.42 -8.41733e-05
3.43 -0.00011561
3.44 -0.000147607
3.45 -0.00018062
3.46 -0.000215068
3.47 -0.000251289
3.48 -0.000289498
3.49 -0.000329765
3.5 -0.000372021
3.51 -0.000416075
3.52 -0.000461623
3.53 -0.000508263
3.54 -0.000555533
3.55 -0.000602961
3.56 -0.000650125
3.57 -0.000696662
3.58 -0.000742224
3.59 -0.00078647
3.6 -0.000829104
3.61 -0.000869896
3.62 -0.000908672
3.63 -0.000945316
3.64 -0.000979774
3.65 -0.00101205
3.66 -0.0010422
3.67 -0.00107037
3.68 -0.00109677
3.69 -0.00112165
3.7 -0.00114526
3.71 -0.00116786
3.72 -0.00118966
3.73 -0.0012109
3.74 -0.00123173
3.75 -0.00125227
3.76 -0.00127263
3.77 -0.00129286
3.78 -0.00131299
3.79 -0.001333
3.8 -0.00135284
3.81 -0.00137239
3.82 -0.0013915
3.83 -0.00140997
3.84 -0.00142759
3.85 -0.00144412
3.86 -0.00145938
3.87 -0.00147324
3.88 -0.0014857
3.89 -0.00149686
3.9 -0.00150695
3.91 -0.0015163
3.92 -0.00152537
3.93 -0.0015347
3.94 -0.00154483
3.95 -0.00155636
3.96 -0.00156982
3.97 -0.0015857
3.98 -0.0016044
3.99 -0.00162612
4 -0.00165092
4.01 -0.00167874
4.02 -0.00170933
4.03 -0.00174236
4.04 -0.00177735
4.05 -0.00181373
4.06 -0.00185078
4.07 -0.00188769
4.08 -0.00192349
4.09 -0.0019571
4.1 -0.00198736
4.11 -0.00201307
4.12 -0.00203316
4.13 -0.00204669
4.14 -0.00205294
4.15 -0.00205146
4.16 -0.00204213
4.17 -0.00202515
4.18 -0.00200102
4.19 -0.00197047
4.2 -0.00193442
4.21 -0.00189394
4.22 -0.00185017
4.23 -0.00180419
4.24 -0.00175697
4.25 -0.00170937
4.26 -0.00166222
4.27 -0.00161622
4.28 -0.00157197
4.29 -0.00152992
4.3 -0.00149037
4.31 -0.00145347
4.32 -0.00141923
4.33 -0.00138758
4.34 -0.0013583
4.35 -0.00133103
4.36 -0.00130525
4.37 -0.00128032
4.38 -0.00125552
4.39 -0.00123004
4.4 -0.00120305
4.41 -0.00117369
4.42 -0.00114104
4.43 -0.00110423
4.44 -0.00106241
4.45 -0.0010148
4.46 -0.000960802
4.47 -0.0009
4.48 -0.000832199
4.49 -0.000757352
4.5 -0.000675493
4.51 -0.000586701
4.52 -0.000491151
4.53 -0.000389147
4.54 -0.000281114
4.55 -0.00016758
4.56 -4.91614e-05
4.57 7.34464e-05
4.58 0.00019947
4.59 0.00032808
4.6 0.000458403
4.61 0.000589563
4.62 0.000720737
4.63 0.000851156
4.64 0.00098011
4.65 0.00110697
4.66 0.00123118
4.67 0.00135237
4.68 0.00147028
4.69 0.00158483
4.7 0.00169598
4.71 0.00180374
4.72 0.00190808
4.73 0.00200896
4.74 0.00210635
4.75 0.00220011
4.76 0.00229002
4.77 0.00237584
4.78 0.00245729
4.79 0.00253408
4.8 0.00260594
4.81 0.00267253
4.82 0.0027335
4.83 0.00278848
4.84 0.00283714
4.85 0.0028791
4.86 0.00291398
4.87 0.00294142
4.88 0.00296117
4.89 0.002973
4.9 0.00297672
4.91 0.00297219
4.92 0.00295937
4.93 0.00293827
4.94 0.00290894
4.95 0.00287146
4.96 0.00282596
4.97 0.00277262
4.98 0.00271169
4.99 0.00264351
5 0.00256846
5.01 0.00248696
5.02 0.00239937
5.03 0.00230594
5.04 0.00220684
5.05 0.0021021
5.06 0.00199166
5.07 0.0018753
5.08 0.00175271
5.09 0.00162356
5.1 0.00148746
5.11 0.00134399
5.12 0.00119279
5.13 0.00103354
5.14 0.000866073
5.15 0.000690331
5.16 0.000506475
5.17 0.000314907
5.18 0.000116238
5.19 -8.87673e-05
5.2 -0.000299195
5.21 -0.000513987
5.22 -0.000731998
5.23 -0.000952067
5.24 -0.00117306
5.25 -0.00139387
5.26 -0.00161334
5.27 -0.00183026
5.28 -0.00204336
5.29 -0.00225143
5.3 -0.00245325
5.31 -0.0026477
5.32 -0.00283373
5.33 -0.00301048
5.34 -0.00317731
5.35 -0.00333383
5.36 -0.00347988
5.37 -0.0036156
5.38 -0.00374141
5.39 -0.0038579
5.4 -0.0039657
5.41 -0.0040655
5.42 -0.00415797
5.43 -0.00424371
5.44 -0.00432318
5.45 -0.00439669
5.46 -0.0044644
5.47 -0.00452637
5.48 -0.00458259
5.49 -0.00463304
5.5 -0.00467763
5.51 -0.00471616
5.52 -0.00474839
5.53 -0.0047741
5.54 -0.00479307
5.55 -0.00480504
5.56 -0.00480973
5.57 -0.00480692
5.58 -0.0047965
5.59 -0.00477844
5.6 -0.00475276
5.61 -0.00471946
5.62 -0.00467853
5.63 -0.00462994
5.64 -0.00457368
5.65 -0.00450968
5.66 -0.00443795
5.67 -0.00435846
5.68 -0.00427115
5.69 -0.0041759
5.7 -0.00407253
5.71 -0.00396081
5.72 -0.00384042
5.73 -0.003711
5.74 -0.00357222
5.75 -0.00342372
5.76 -0.00326518
5.77 -0.00309637
5.78 -0.00291716
5.79 -0.00272762
5.8 -0.00252801
5.81 -0.00231878
5.82 -0.00210065
5.83 -0.00187459
5.84 -0.0016418
5.85 -0.00140364
5.86 -0.00116161
5.87 -0.000917263
5.88 -0.000672235
5.89 -0.000428147
5.9 -0.000186588
5.91 5.09545e-05
5.92 0.000283134
5.93 0.000508745
5.94 0.000726742
5.95 0.000936271
5.96 0.00113674
5.97 0.00132786
5.98 0.00150968
5.99 0.00168249
6 0.0018468
6.01 0.00200331
6.02 0.00215281
6.03 0.00229612
6.04 0.0024341
6.05 0.00256763
6.06 0.00269755
6.07 0.00282456
6.08 0.0029492
6.09 0.00307181
6.1 0.00319262
6.11 0.00331174
6.12 0.00342915
6.13 0.00354468
6.14 0.00365812
6.15 0.00376926
6.16 0.00387794
6.17 0.00398412
6.18 0.00408796
6.19 0.00418984
6.2 0.00429023
6.21 0.00438971
6.22 0.00448888
6.23 0.00458844
6.24 0.00468908
6.25 0.00479145
6.26 0.00489616
6.27 0.00500385
6.28 0.00511508
6.29 0.00523048
6.3 0.00535068
6.31 0.00547635
6.32 0.00560821
6.33 0.00574703
6.34 0.00589359
6.35 0.00604867
6.36 0.006213
6.37 0.0063871
6.38 0.00657115
6.39 0.00676502
6.4 0.00696832
6.41 0.00718046
6.42 0.00740078
6.43 0.00762864
6.44 0.00786345
6.45 0.00810481
6.46 0.0083526
6.47 0.00860685
6.48 0.00886767
6.49 0.00913508
6.5 0.0094089
6.51 0.00968859
6.52 0.00997316
6.53 0.0102612
6.54 0.010551
6.55 0.0108402
6.56 0.0111261
6.57 0.0114059
6.58 0.0116762
6.59 0.011934
6.6 0.0121763
6.61 0.0124004
6.62 0.0126042
6.63 0.0127856
6.64 0.0129434
6.65 0.0130761
6.66 0.0131829
6.67 0.0132625
6.68 0.0133141
6.69 0.0133366
6.7 0.013329
6.71 0.0132905
6.72 0.0132203
6.73 0.0131178
6.74 0.0129823
6.75 0.0128136
6.76 0.0126113
6.77 0.0123757
6.78 0.0121069
6.79 0.0118055
6.8 0.0114723
6.81 0.0111081
6.82 0.0107138
6.83 0.0102903
6.84 0.00983847
6.85 0.00935905
6.86 0.00885277
6.87 0.00832024
6.88 0.00776198
6.89 0.00717858
6.9 0.00657071
6.91 0.00593926
6.92 0.00528543
6.93 0.00461072
6.94 0.00391702
6.95 0.00320651
6.96 0.00248163
6.97 0.0017449
6.98 0.000998737
6.99 0.00024531
7 -0.000513497
7.01 -0.00127616
7.02 -0.0020415
7.03 -0.00280849
7.04 -0.00357613
7.05 -0.0043433
7.06 -0.00510863
7.07 -0.00587035
7.08 -0.00662635
7.09 -0.00737418
7.1 -0.00811114
7.11 -0.00883435
7.12 -0.00954095
7.13 -0.0102283
7.14 -0.010894
7.15 -0.0115365
7.16 -0.0121544
7.17 -0.0127468
7.18 -0.0133131
7.19 -0.0138532
7.2 -0.0143666
7.21 -0.0148533
7.22 -0.0153128
7.23 -0.0157447
7.24 -0.016148
7.25 -0.0165217
7.26 -0.0168645
7.27 -0.0171751
7.28 -0.0174521
7.29 -0.0176946
7.3 -0.0179019
7.31 -0.0180735
7.32 -0.0182096
7.33 -0.0183106
7.34 -0.018377
7.35 -0.0184096
7.36 -0.0184088
7.37 -0.0183753
7.38 -0.0183091
7.39 -0.0182101
7.4 -0.0180779
7.41 -0.017912
7.42 -0.0177117
7.43 -0.0174764
7.44 -0.0172061
7.45 -0.0169007
7.46 -0.0165609
7.47 -0.0161876
7.48 -0.0157823
7.49 -0.0153467
7.5 -0.0148831
7.51 -0.0143941
7.52 -0.0138825
7.53 -0.0133515
7.54 -0.0128039
7.55 -0.0122427
7.56 -0.0116708
7.57 -0.0110909
7.58 -0.0105061
7.59 -0.00991914
7.6 -0.00933293
7.61 -0.00875032
7.62 -0.00817388
7.63 -0.00760581
7.64 -0.0070478
7.65 -0.00650108
7.66 -0.00596636
7.67 -0.00544375
7.68 -0.00493274
7.69 -0.00443221
7.7 -0.00394051
7.71 -0.0034556
7.72 -0.0029754
7.73 -0.00249806
7.74 -0.00202216
7.75 -0.00154676
7.76 -0.0010714
7.77 -0.000596036
7.78 -0.000120903
7.79 0.000353463
7.8 0.000826228
7.81 0.0012963
7.82 0.00176238
7.83 0.00222299
7.84 0.00267643
7.85 0.00312088
7.86 0.00355443
7.87 0.00397518
7.88 0.00438122
7.89 0.00477079
7.9 0.00514236
7.91 0.00549461
7.92 0.00582651
7.93 0.00613736
7.94 0.00642676
7.95 0.0066946
7.96 0.00694106
7.97 0.0071665
7.98 0.00737153
7.99 0.00755692
8 0.00772351
8.01 0.00787207
8.02 0.00800332
8.03 0.00811784
8.04 0.00821606
8.05 0.00829813
8.06 0.00836398
8.07 0.00841328
8.08 0.00844557
8.09 0.00846036
8.1 0.00845727
8.11 0.00843612
8.12 0.00839711
8.13 0.00834089
8.14 0.00826843
8.15 0.00818106
8.16 0.0080804
8.17 0.0079683
8.18 0.00784674
8.19 0.00771775
8.2 0.00758331
8.21 0.00744531
8.22 0.00730544
8.23 0.00716522
8.24 0.00702602
8.25 0.00688904
8.26 0.00675525
8.27 0.00662537
8.28 0.00649989
8.29 0.00637899
8.3 0.00626252
8.31 0.00614988
8.32 0.00603994
8.33 0.00593098
8.34 0.00582082
8.35 0.00570689
8.36 0.0055864
8.37 0.00545662
8.38 0.00531504
8.39 0.00515962
8.4 0.00498887
8.41 0.00480198
8.42 0.00459863
8.43 0.00437903
8.44 0.00414379
8.45 0.00389397
8.46 0.00363107
8.47 0.00335699
8.48 0.00307397
8.49 0.00278445
8.5 0.00249099
8.51 0.00219616
8.52 0.00190243
8.53 0.00161195
8.54 0.00132648
8.55 0.00104727
8.56 0.000775192
8.57 0.000510793
8.58 0.000254418
8.59 6.25572e-06
8.6 -0.00023358
8.61 -0.000464976
8.62 -0.000687709
8.63 -0.000901347
8.64 -0.0011052
8.65 -0.00129828
8.66 -0.00147934
8.67 -0.00164689
8.68 -0.00179931
8.69 -0.00193494
8.7 -0.00205219
8.71 -0.00214952
8.72 -0.0022255
8.73 -0.00227898
8.74 -0.00230905
8.75 -0.00231511
8.76 -0.00229685
8.77 -0.00225441
8.78 -0.00218833
8.79 -0.00209949
8.8 -0.00198912
8.81 -0.00185878
8.82 -0.00171032
8.83 -0.00154569
8.84 -0.00136683
8.85 -0.00117553
8.86 -0.000973456
8.87 -0.000762121
8.88 -0.000542925
8.89 -0.000317058
8.9 -8.54398e-05
8.91 0.000151266
8.92 0.000392599
8.93 0.00063825
8.94 0.000887951
8.95 0.00114139
8.96 0.00139818
8.97 0.00165783
8.98 0.00191979
8.99 0.00218336
9 0.00244762
9.01 0.00271136
9.02 0.00297313
9.03 0.0032312
9.04 0.00348358
9.05 0.00372824
9.06 0.00396321
9.07 0.00418668
9.08 0.00439703
9.09 0.00459286
9.1 0.00477289
9.11 0.00493596
9.12 0.00508093
9.13 0.00520675
9.14 0.00531241
9.15 0.00539701
9.16 0.00545979
9.17 0.00550032
9.18 0.00551856
9.19 0.00551495
9.2 0.00549042
9.21 0.00544648
9.22 0.00538519
9.23 0.00530915
9.24 0.00522127
9.25 0.00512459
9.26 0.00502197
9.27 0.00491596
9.28 0.00480866
9.29 0.00470164
9.3 0.00459598
9.31 0.00449249
9.32 0.00439185
9.33 0.00429463
9.34 0.00420129
9.35 0.00411224
9.36 0.00402784
9.37 0.00394838
9.38 0.0038741
9.39 0.00380521
9.4 0.00374178
9.41 0.00368363
9.42 0.00363035
9.43 0.00358115
9.44 0.0035348
9.45 0.00348962
9.46 0.00344361
9.47 0.00339457
9.48 0.00334026
9.49 0.00327859
9.5 0.00320779
9.51 0.00312646
9.52 0.00303366
9.53 0.00292881
9.54 0.00281166
9.55 0.00268209
9.56 0.00253998
9.57 0.00238518
9.58 0.00221734
9.59 0.00203586
9.6 0.00183999
9.61 0.00162888
9.62 0.00140174
9.63 0.00115795
9.64 0.000897191
9.65 0.000619523
9.66 0.000325399
9.67 1.5639e-05
9.68 -0.000308573
9.69 -0.00064574
9.7 -0.000994164
9.71 -0.00135208
9.72 -0.00171778
9.73 -0.00208964
9.74 -0.00246621
9.75 -0.00284632
9.76 -0.00322909
9.77 -0.00361386
9.78 -0.00400021
9.79 -0.00438791
9.8 -0.00477695
9.81 -0.00516751
9.82 -0.00555997
9.83 -0.00595483
9.84 -0.00635271
9.85 -0.00675434
9.86 -0.00716046
9.87 -0.0075717
9.88 -0.00798853
9.89 -0.00841124
9.9 -0.00883996
9.91 -0.00927452
9.92 -0.00971443
9.93 -0.0101589
9.94 -0.0106067
9.95 -0.0110567
9.96 -0.011507
9.97 -0.0119563
9.98 -0.0124028
9.99 -0.0128453
10 -0.0132828
10.01 -0.0137144
10.02 -0.0141395
10.03 -0.0145577
10.04 -0.0149688
10.05 -0.0153727
10.06 -0.015769
10.07 -0.0161573
10.08 -0.0165369
10.09 -0.0169068
10.1 -0.0172663
10.11 -0.017614
10.12 -0.0179491
10.13 -0.0182704
10.14 -0.0185772
10.15 -0.018869
10.16 -0.0191452
10.17 -0.0194056
10.18 -0.0196498
10.19 -0.0198774
10.2 -0.0200878
10.21 -0.0202803
10.22 -0.0204541
10.23 -0.0206085
10.24 -0.0207427
10.25 -0.0208558
10.26 -0.0209473
10.27 -0.0210164
10.28 -0.021063
10.29 -0.0210865
10.3 -0.0210868
10.31 -0.0210638
10.32 -0.0210171
10.33 -0.0209465
10.34 -0.0208518
10.35 -0.0207327
10.36 -0.0205892
10.37 -0.0204211
10.38 -0.0202284
10.39 -0.020011
10.4 -0.0197691
10.41 -0.0195024
10.42 -0.019211
10.43 -0.0188945
10.44 -0.0185523
10.45 -0.0181841
10.46 -0.0177888
10.47 -0.0173659
10.48 -0.0169147
10.49 -0.0164347
10.5 -0.0159258
10.51 -0.0153884
10.52 -0.0148232
10.53 -0.0142312
10.54 -0.0136136
10.55 -0.012972
10.56 -0.0123081
10.57 -0.0116233
10.58 -0.0109196
10.59 -0.0101988
10.6 -0.00946268
10.61 -0.00871312
10.62 -0.00795209
10.63 -0.00718163
10.64 -0.00640391
10.65 -0.0056212
10.66 -0.00483588
10.67 -0.00405039
10.68 -0.00326718
10.69 -0.00248859
10.7 -0.0017168
10.71 -0.000953732
10.72 -0.000201151
10.73 0.000539338
10.74 0.00126629
10.75 0.00197838
10.76 0.00267435
10.77 0.00335308
10.78 0.00401361
10.79 0.0046551
10.8 0.00527683
10.81 0.00587815
10.82 0.00645852
10.83 0.00701753
10.84 0.00755481
10.85 0.00807007
10.86 0.00856299
10.87 0.00903319
10.88 0.00948022
10.89 0.00990362
10.9 0.0103029
10.91 0.0106777
10.92 0.0110276
10.93 0.0113524
10.94 0.0116523
10.95 0.0119276
10.96 0.0121791
10.97 0.0124078
10.98 0.0126145
10.99 0.0128007
11 0.0129673
11.01 0.0131155
11.02 0.0132463
11.03 0.0133604
11.04 0.0134585
11.05 0.0135412
11.06 0.0136087
11.07 0.0136616
11.08 0.0137001
11.09 0.0137244
11.1 0.0137347
11.11 0.0137312
11.12 0.0137144
11.13 0.0136848
11.14 0.0136427
11.15 0.0135888
11.16 0.0135237
11.17 0.0134481
11.18 0.013363
11.19 0.0132697
11.2 0.0131694
11.21 0.013064
11.22 0.0129552
11.23 0.0128448
11.24 0.0127346
11.25 0.0126262
11.26 0.0125203
11.27 0.0124177
11.28 0.0123182
11.29 0.0122219
11.3 0.0121282
11.31 0.0120369
11.32 0.0119474
11.33 0.0118594
11.34 0.0117728
11.35 0.0116877
11.36 0.0116046
11.37 0.0115243
11.38 0.0114478
11.39 0.0113759
11.4 0.0113097
11.41 0.0112499
11.42 0.011197
11.43 0.0111514
11.44 0.0111129
11.45 0.0110814
11.46 0.0110566
11.47 0.011038
11.48 0.0110255
11.49 0.0110192
11.5 0.0110192
11.51 0.0110266
11.52 0.0110422
11.53 0.0110673
11.54 0.0111032
11.55 0.0111513
11.56 0.0112128
11.57 0.0112885
11.58 0.0113789
11.59 0.0114844
11.6 0.0116051
11.61 0.0117411
11.62 0.0118925
11.63 0.0120592
11.64 0.0122415
11.65 0.0124392
11.66 0.0126524
11.67 0.012881
11.68 0.0131249
11.69 0.0133837
11.7 0.013657
11.71 0.0139442
11.72 0.0142441
11.73 0.0145555
11.74 0.0148768
11.75 0.0152058
11.76 0.0155403
11.77 0.0158772
11.78 0.0162133
11.79 0.0165447
11.8 0.0168673
11.81 0.0171772
11.82 0.0174708
11.83 0.0177447
11.84 0.0179959
11.85 0.018222
11.86 0.0184206
11.87 0.0185898
11.88 0.0187276
11.89 0.0188322
11.9 0.018902
11.91 0.0189357
11.92 0.0189319
11.93 0.0188895
11.94 0.0188077
11.95 0.0186856
11.96 0.0185227
11.97 0.0183185
11.98 0.0180726
11.99 0.0177851
12 0.0174564
12.01 0.0170869
12.02 0.0166777
12.03 0.0162299
12.04 0.0157451
12.05 0.0152252
12.06 0.0146725
12.07 0.014089
12.08 0.0134772
12.09 0.012839
12.1 0.0121762
12.11 0.0114906
12.12 0.0107834
12.13 0.0100559
12.14 0.00930873
12.15 0.00854239
12.16 0.00775713
12.17 0.00695304
12.18 0.00613021
12.19 0.00528876
12.2 0.0044288
12.21 0.00355051
12.22 0.00265424
12.23 0.00174053
12.24 0.000809949
12.25 -0.000136826
12.26 -0.00109891
12.27 -0.00207521
12.28 -0.00306449
12.29 -0.0040653
12.3 -0.00507606
12.31 -0.006095
12.32 -0.00712015
12.33 -0.0081492
12.34 -0.00917963
12.35 -0.0102087
12.36 -0.0112335
12.37 -0.012251
12.38 -0.0132578
12.39 -0.0142503
12.4 -0.0152251
12.41 -0.0161784
12.42 -0.0171068
12.43 -0.0180069
12.44 -0.0188755
12.45 -0.0197096
12.46 -0.0205062
12.47 -0.0212624
12.48 -0.0219753
12.49 -0.0226414
12.5 -0.0232571
12.51 -0.0238183
12.52 -0.0243207
12.53 -0.0247597
12.54 -0.0251309
12.55 -0.0254298
12.56 -0.0256527
12.57 -0.025796
12.58 -0.0258569
12.59 -0.0258325
12.6 -0.0257204
12.61 -0.0255186
12.62 -0.0252252
12.63 -0.0248388
12.64 -0.0243586
12.65 -0.0237841
12.66 -0.0231154
12.67 -0.0223531
12.68 -0.0214984
12.69 -0.0205532
12.7 -0.0195198
12.71 -0.0184014
12.72 -0.0172012
12.73 -0.015923
12.74 -0.0145708
12.75 -0.0131487
12.76 -0.0116609
12.77 -0.0101116
12.78 -0.00850512
12.79 -0.00684574
12.8 -0.0051378
12.81 -0.00338573
12.82 -0.00159414
12.83 0.00023219
12.84 0.00208834
12.85 0.00396939
12.86 0.00587044
12.87 0.00778669
12.88 0.00971354
12.89 0.0116467
12.9 0.013582
12.91 0.0155157
12.92 0.0174439
12.93 0.0193629
12.94 0.0212688
12.95 0.0231577
12.96 0.0250257
12.97 0.0268687
12.98 0.0286827
12.99 0.0304637
13 0.0322077
13.01 0.033911
13.02 0.0355699
13.03 0.0371823
13.04 0.0387477
13.05 0.0402667
13.06 0.0417393
13.07 0.0431658
13.08 0.0445461
13.09 0.0458798
13.1 0.0471664
13.11 0.0484049
13.12 0.0495943
13.13 0.0507334
13.14 0.0518213
13.15 0.0528568
13.16 0.0538394
13.17 0.0547685
13.18 0.0556439
13.19 0.0564654
13.2 0.0572332
13.21 0.0579474
13.22 0.0586081
13.23 0.0592153
13.24 0.0597691
13.25 0.0602695
13.26 0.0607163
13.27 0.0611094
13.28 0.0614484
13.29 0.061733
13.3 0.0619625
13.31 0.0621364
13.32 0.0622537
13.33 0.0623134
13.34 0.0623142
13.35 0.0622549
13.36 0.0621343
13.37 0.0619516
13.38 0.0617062
13.39 0.0613978
13.4 0.0610264
13.41 0.0605922
13.42 0.060096
13.43 0.0595387
13.44 0.0589218
13.45 0.058247
13.46 0.0575162
13.47 0.056732
13.48 0.0558971
13.49 0.0550142
13.5 0.0540865
13.51 0.0531173
13.52 0.05211
13.53 0.051068
13.54 0.0499951
13.55 0.0488951
13.56 0.0477721
13.57 0.0466299
13.58 0.0454726
13.59 0.0443038
13.6 0.0431271
13.61 0.0419459
13.62 0.0407636
13.63 0.0395832
13.64 0.0384082
13.65 0.0372415
13.66 0.0360864
13.67 0.0349459
13.68 0.0338231
13.69 0.0327208
13.7 0.0316415
13.71 0.0305876
13.72 0.0295613
13.73 0.0285645
13.74 0.0275987
13.75 0.0266652
13.76 0.0257648
13.77 0.024898
13.78 0.0240647
13.79 0.0232644
13.8 0.0224961
13.81 0.0217583
13.82 0.0210488
13.83 0.0203654
13.84 0.0197059
13.85 0.019069
13.86 0.0184539
13.87 0.0178604
13.88 0.0172882
13.89 0.0167373
13.9 0.0162075
13.91 0.0156984
13.92 0.0152098
13.93 0.0147414
13.94 0.0142928
13.95 0.0138634
13.96 0.0134529
13.97 0.0130607
13.98 0.0126864
13.99 0.0123295
14 0.0119892
14.01 0.011665
14.02 0.011356
14.03 0.0110615
14.04 0.0107807
14.05 0.0105129
14.06 0.0102574
14.07 0.0100133
14.08 0.00977953
14.09 0.00955483
14.1 0.00933768
14.11 0.00912626
14.12 0.00891844
14.13 0.00871181
14.14 0.00850357
14.15 0.00829064
14.16 0.00806965
14.17 0.00783712
14.18 0.00758957
14.19 0.00732364
14.2 0.00703609
14.21 0.00672371
14.22 0.00638337
14.23 0.00601199
14.24 0.00560643
14.25 0.00516355
14.26 0.00468017
14.27 0.00415319
14.28 0.00357966
14.29 0.0029569
14.3 0.00228256
14.31 0.00155474
14.32 0.000772041
14.33 -6.64229e-05
14.34 -0.000961105
14.35 -0.00191221
14.36 -0.00291987
14.37 -0.00398429
14.38 -0.00510582
14.39 -0.00628486
14.4 -0.00752182
14.41 -0.008817
14.42 -0.0101715
14.43 -0.0115877
14.44 -0.0130684
14.45 -0.0146153
14.46 -0.0162299
14.47 -0.0179132
14.48 -0.0196656
14.49 -0.0214876
14.5 -0.0233793
14.51 -0.025341
14.52 -0.0273729
14.53 -0.0294754
14.54 -0.0316492
14.55 -0.0338947
14.56 -0.0362128
14.57 -0.038604
14.58 -0.0410692
14.59 -0.043609
14.6 -0.046224
14.61 -0.0489145
14.62 -0.0516804
14.63 -0.0545208
14.64 -0.0574342
14.65 -0.0604183
14.66 -0.0634698
14.67 -0.0665848
14.68 -0.0697591
14.69 -0.0729885
14.7 -0.0762693
14.71 -0.0795978
14.72 -0.0829704
14.73 -0.0863828
14.74 -0.0898295
14.75 -0.0933044
14.76 -0.0968006
14.77 -0.100311
14.78 -0.103829
14.79 -0.107348
14.8 -0.110861
14.81 -0.114361
14.82 -0.117842
14.83 -0.121296
14.84 -0.124718
14.85 -0.128101
14.86 -0.131439
14.87 -0.134725
14.88 -0.137952
14.89 -0.141116
14.9 -0.144208
14.91 -0.147222
14.92 -0.150152
14.93 -0.152991
14.94 -0.155731
14.95 -0.158367
14.96 -0.160891
14.97 -0.163297
14.98 -0.16558
14.99 -0.167733
15 -0.169755
15.01 -0.171642
15.02 -0.173394
15.03 -0.175013
15.04 -0.176499
15.05 -0.177856
15.06 -0.179087
15.07 -0.180195
15.08 -0.181186
15.09 -0.182064
15.1 -0.182834
15.11 -0.183501
15.12 -0.184069
15.13 -0.184544
15.14 -0.18493
15.15 -0.185232
15.16 -0.185454
15.17 -0.185602
15.18 -0.185678
15.19 -0.185685
15.2 -0.185627
15.21 -0.185505
15.22 -0.185324
15.23 -0.185086
15.24 -0.184795
15.25 -0.184455
15.26 -0.184071
15.27 -0.183647
15.28 -0.183189
15.29 -0.182704
15.3 -0.182196
15.31 -0.18167
15.32 -0.181131
15.33 -0.180582
15.34 -0.180027
15.35 -0.179469
15.36 -0.178912
15.37 -0.178359
15.38 -0.177814
15.39 -0.17728
15.4 -0.176762
15.41 -0.176262
15.42 -0.175783
15.43 -0.175326
15.44 -0.174895
15.45 -0.174488
15.46 -0.174108
15.47 -0.173754
15.48 -0.173424
15.49 -0.173118
15.5 -0.172833
15.51 -0.172565
15.52 -0.172309
15.53 -0.172061
15.54 -0.171815
15.55 -0.171568
15.56 -0.171313
15.57 -0.171046
15.58 -0.170763
15.59 -0.170458
15.6 -0.170127
15.61 -0.169764
15.62 -0.169367
15.63 -0.168929
15.64 -0.168446
15.65 -0.167915
15.66 -0.16733
15.67 -0.166687
15.68 -0.165983
15.69 -0.165213
15.7 -0.164374
15.71 -0.163462
15.72 -0.162474
15.73 -0.161407
15.74 -0.160257
15.75 -0.159021
15.76 -0.157698
15.77 -0.156282
15.78 -0.154774
15.79 -0.153169
15.8 -0.151466
15.81 -0.149664
15.82 -0.147762
15.83 -0.145758
15.84 -0.143654
15.85 -0.14145
15.86 -0.139147
15.87 -0.136746
15.88 -0.13425
15.89 -0.131661
15.9 -0.128982
15.91 -0.126215
15.92 -0.123365
15.93 -0.120434
15.94 -0.117428
15.95 -0.114348
15.96 -0.111199
15.97 -0.107979
15.98 -0.104687
15.99 -0.101323
16 -0.0978865
16.01 -0.0943783
16.02 -0.0907997
16.03 -0.0871529
16.04 -0.083441
16.05 -0.0796682
16.06 -0.0758391
16.07 -0.0719589
16.08 -0.0680326
16.09 -0.0640654
16.1 -0.0600622
16.11 -0.0560278
16.12 -0.051967
16.13 -0.0478849
16.14 -0.0437864
16.15 -0.0396766
16.16 -0.0355606
16.17 -0.0314437
16.18 -0.0273313
16.19 -0.0232287
16.2 -0.0191412
16.21 -0.015074
16.22 -0.011032
16.23 -0.00701942
16.24 -0.00304007
16.25 0.000903169
16.26 0.00480822
16.27 0.00867377
16.28 0.012499
16.29 0.0162833
16.3 0.0200264
16.31 0.023728
16.32 0.0273882
16.33 0.031007
16.34 0.0345847
16.35 0.0381217
16.36 0.0416184
16.37 0.0450751
16.38 0.0484925
16.39 0.051871
16.4 0.0552113
16.41 0.0585142
16.42 0.0617805
16.43 0.0650106
16.44 0.0682053
16.45 0.0713649
16.46 0.0744899
16.47 0.0775808
16.48 0.080638
16.49 0.0836619
16.5 0.086653
16.51 0.0896115
16.52 0.0925377
16.53 0.095432
16.54 0.0982948
16.55 0.101127
16.56 0.103927
16.57 0.106698
16.58 0.109437
16.59 0.112146
16.6 0.114824
16.61 0.11747
16.62 0.120084
16.63 0.122665
16.64 0.125211
16.65 0.12772
16.66 0.13019
16.67 0.132619
16.68 0.135004
16.69 0.137341
16.7 0.139627
16.71 0.141858
16.72 0.144032
16.73 0.146145
16.74 0.148195
16.75 0.15018
16.76 0.152099
16.77 0.153952
16.78 0.155736
16.79 0.157452
16.8 0.159099
16.81 0.160677
16.82 0.162185
16.83 0.163624
16.84 0.164994
16.85 0.166295
16.86 0.167527
16.87 0.16869
16.88 0.169784
16.89 0.170809
16.9 0.171764
16.91 0.172649
16.92 0.173464
16.93 0.174206
16.94 0.174876
16.95 0.175474
16.96 0.175998
16.97 0.176448
16.98 0.176825
16.99 0.177128
17 0.177357
17.01 0.177512
17.02 0.177593
17.03 0.1776
17.04 0.177533
17.05 0.177392
17.06 0.177177
17.07 0.176888
17.08 0.176527
17.09 0.176093
17.1 0.175588
17.11 0.175013
17.12 0.174368
17.13 0.173655
17.14 0.172875
17.15 0.17203
17.16 0.171121
17.17 0.17015
17.18 0.169119
17.19 0.16803
17.2 0.166886
17.21 0.165687
17.22 0.164437
17.23 0.163138
17.24 0.161793
17.25 0.160404
17.26 0.158974
17.27 0.157505
17.28 0.155999
17.29 0.15446
17.3 0.15289
17.31 0.151291
17.32 0.149665
17.33 0.148016
17.34 0.146345
17.35 0.144656
17.36 0.142949
17.37 0.141228
17.38 0.139494
17.39 0.137747
17.4 0.135989
17.41 0.134219
17.42 0.132438
17.43 0.130644
17.44 0.128839
17.45 0.127021
17.46 0.125192
17.47 0.123353
17.48 0.121506
17.49 0.119652
17.5 0.117793
17.51 0.115933
17.52 0.114074
17.53 0.112216
17.54 0.110363
17.55 0.108517
17.56 0.106679
17.57 0.104852
17.58 0.103034
17.59 0.101226
17.6 0.0994264
17.61 0.0976357
17.62 0.0958544
17.63 0.0940835
17.64 0.0923245
17.65 0.0905791
17.66 0.0888494
17.67 0.0871376
17.68 0.0854463
17.69 0.0837782
17.7 0.0821358
17.71 0.0805216
17.72 0.0789377
17.73 0.0773859
17.74 0.0758675
17.75 0.074384
17.76 0.072937
17.77 0.0715281
17.78 0.0701598
17.79 0.0688346
17.8 0.0675558
17.81 0.0663267
17.82 0.0651505
17.83 0.0640306
17.84 0.0629704
17.85 0.061973
17.86 0.0610417
17.87 0.0601795
17.88 0.0593892
17.89 0.0586732
17.9 0.0580335
17.91 0.0574715
17.92 0.0569881
17.93 0.056584
17.94 0.0562594
17.95 0.0560148
17.96 0.05585
17.97 0.055765
17.98 0.0557595
17.99 0.0558331
18 0.0559854
18.01 0.0562154
18.02 0.0565222
18.03 0.0569048
18.04 0.0573618
18.05 0.0578922
18.06 0.0584945
18.07 0.0591674
18.08 0.0599092
18.09 0.0607181
18.1 0.0615923
18.11 0.0625297
18.12 0.0635278
18.13 0.0645846
18.14 0.0656977
18.15 0.0668648
18.16 0.0680837
18.17 0.0693523
18.18 0.0706686
18.19 0.0720305
18.2 0.0734363
18.21 0.0748841
18.22 0.076372
18.23 0.0778981
18.24 0.0794603
18.25 0.0810562
18.26 0.0826834
18.27 0.0843393
18.28 0.0860213
18.29 0.0877269
18.3 0.0894535
18.31 0.0911986
18.32 0.0929597
18.33 0.0947344
18.34 0.09652
18.35 0.098314
18.36 0.100114
18.37 0.101916
18.38 0.103718
18.39 0.105516
18.4 0.107308
18.41 0.109091
18.42 0.110862
18.43 0.112619
18.44 0.11436
18.45 0.116082
18.46 0.117786
18.47 0.119468
18.48 0.121128
18.49 0.122766
18.5 0.12438
18.51 0.125969
18.52 0.127532
18.53 0.129069
18.54 0.130582
18.55 0.132072
18.56 0.133541
18.57 0.13499
18.58 0.136419
18.59 0.137829
18.6 0.139221
18.61 0.140596
18.62 0.141954
18.63 0.143297
18.64 0.144625
18.65 0.145939
18.66 0.147239
18.67 0.148526
18.68 0.149801
18.69 0.151061
18.7 0.152306
18.71 0.153533
18.72 0.154738
18.73 0.155918
18.74 0.157068
18.75 0.158184
18.76 0.159262
18.77 0.160296
18.78 0.161284
18.79 0.16222
18.8 0.1631
18.81 0.163921
18.82 0.164678
18.83 0.165366
18.84 0.165981
18.85 0.166519
18.86 0.166975
18.87 0.167344
18.88 0.167622
18.89 0.167804
18.9 0.167887
18.91 0.167867
18.92 0.16774
18.93 0.167506
18.94 0.167161
18.95 0.166707
18.96 0.166142
18.97 0.165467
18.98 0.16468
18.99 0.163783
19 0.162775
19.01 0.161655
19.02 0.160424
19.03 0.159081
19.04 0.157625
19.05 0.156057
19.06 0.154377
19.07 0.152587
19.08 0.150688
19.09 0.148681
19.1 0.146571
19.11 0.14436
19.12 0.14205
19.13 0.139646
19.14 0.137149
19.15 0.134562
19.16 0.13189
19.17 0.129136
19.18 0.126304
19.19 0.123401
19.2 0.120432
19.21 0.117406
19.22 0.11433
19.23 0.111213
19.24 0.108064
19.25 0.104892
19.26 0.101706
19.27 0.0985119
19.28 0.0953183
19.29 0.092129
19.3 0.0889439
19.31 0.0857631
19.32 0.0825875
19.33 0.0794184
19.34 0.0762578
19.35 0.0731079
19.36 0.0699714
19.37 0.0668514
19.38 0.063751
19.39 0.0606733
19.4 0.0576212
19.41 0.0545976
19.42 0.0516056
19.43 0.0486481
19.44 0.045728
19.45 0.0428483
19.46 0.040012
19.47 0.0372218
19.48 0.0344807
19.49 0.0317914
19.5 0.0291566
19.51 0.0265786
19.52 0.0240596
19.53 0.0216018
19.54 0.0192069
19.55 0.0168763
19.56 0.0146108
19.57 0.0124109
19.58 0.0102766
19.59 0.00820818
19.6 0.00620546
19.61 0.00426827
19.62 0.00239628
19.63 0.000589112
19.64 -0.00115366
19.65 -0.00283247
19.66 -0.00444785
19.67 -0.00600039
19.68 -0.00749076
19.69 -0.00891973
19.7 -0.0102882
19.71 -0.0115973
19.72 -0.012848
19.73 -0.0140416
19.74 -0.015179
19.75 -0.0162614
19.76 -0.0172893
19.77 -0.0182632
19.78 -0.0191834
19.79 -0.0200501
19.8 -0.0208633
19.81 -0.0216234
19.82 -0.0223306
19.83 -0.0229852
19.84 -0.0235877
19.85 -0.0241387
19.86 -0.0246392
19.87 -0.02509
19.88 -0.0254923
19.89 -0.0258472
19.9 -0.0261556
19.91 -0.0264184
19.92 -0.0266363
19.93 -0.0268098
19.94 -0.0269393
19.95 -0.0270252
19.96 -0.0270679
19.97 -0.0270683
19.98 -0.027027
19.99 -0.0269455
20 -0.026825
20.01 -0.0266672
20.02 -0.0264738
20.03 -0.0262466
20.04 -0.0259869
20.05 -0.0256955
20.06 -0.0253729
20.07 -0.0250193
20.08 -0.0246342
20.09 -0.024217
20.1 -0.0237664
20.11 -0.023281
20.12 -0.0227594
20.13 -0.0222002
20.14 -0.0216022
20.15 -0.0209644
20.16 -0.0202858
20.17 -0.0195656
20.18 -0.0188033
20.19 -0.0179989
20.2 -0.0171525
20.21 -0.0162647
20.22 -0.0153365
20.23 -0.0143688
20.24 -0.0133627
20.25 -0.0123194
20.26 -0.01124
20.27 -0.0101262
20.28 -0.00897965
20.29 -0.00780244
20.3 -0.00659684
20.31 -0.00536543
20.32 -0.00411095
20.33 -0.00283634
20.34 -0.00154464
20.35 -0.000238904
20.36 0.00107789
20.37 0.00240297
20.38 0.00373386
20.39 0.00506851
20.4 0.00640524
20.41 0.00774275
20.42 0.00908009
20.43 0.0104165
20.44 0.0117515
20.45 0.0130844
20.46 0.0144147
20.47 0.0157417
20.48 0.0170649
20.49 0.0183837
20.5 0.0196978
20.51 0.0210067
20.52 0.0223101
20.53 0.0236077
20.54 0.0248993
20.55 0.0261846
20.56 0.0274634
20.57 0.0287352
20.58 0.0299994
20.59 0.0312548
20.6 0.0324998
20.61 0.0337324
20.62 0.0349501
20.63 0.0361505
20.64 0.037331
20.65 0.0384889
20.66 0.0396217
20.67 0.040727
20.68 0.0418023
20.69 0.0428456
20.7 0.0438549
20.71 0.044829
20.72 0.045768
20.73 0.0466723
20.74 0.0475424
20.75 0.0483785
20.76 0.0491811
20.77 0.0499505
20.78 0.0506872
20.79 0.051392
20.8 0.0520659
20.81 0.0527104
20.82 0.0533273
20.83 0.0539189
20.84 0.0544876
20.85 0.0550358
20.86 0.0555656
20.87 0.0560791
20.88 0.0565779
20.89 0.0570631
20.9 0.0575358
20.91 0.0579966
20.92 0.0584462
20.93 0.0588851
20.94 0.059314
20.95 0.0597332
20.96 0.0601431
20.97 0.0605438
20.98 0.060935
20.99 0.061316
21 0.0616861
21.01 0.0620436
21.02 0.0623869
21.03 0.0627139
21.04 0.0630219
21.05 0.0633088
21.06 0.0635719
21.07 0.0638091
21.08 0.064018
21.09 0.0641962
21.1 0.0643416
21.11 0.0644519
21.12 0.0645254
21.13 0.0645607
21.14 0.0645566
21.15 0.0645122
21.16 0.0644269
21.17 0.0643
21.18 0.0641313
21.19 0.0639203
21.2 0.0636667
21.21 0.0633704
21.22 0.0630313
21.23 0.0626494
21.24 0.0622248
21.25 0.0617578
21.26 0.061249
21.27 0.0606992
21.28 0.0601097
21.29 0.0594817
21.3 0.0588169
21.31 0.0581172
21.32 0.0573844
21.33 0.0566203
21.34 0.0558265
21.35 0.0550047
21.36 0.0541561
21.37 0.0532819
21.38 0.0523832
21.39 0.0514606
21.4 0.0505149
21.41 0.0495463
21.42 0.0485551
21.43 0.0475416
21.44 0.046506
21.45 0.0454488
21.46 0.0443706
21.47 0.0432721
21.48 0.0421543
21.49 0.0410183
21.5 0.0398651
21.51 0.0386957
21.52 0.0375112
21.53 0.0363128
21.54 0.0351018
21.55 0.0338795
21.56 0.032647
21.57 0.0314058
21.58 0.0301568
21.59 0.0289009
21.6 0.0276389
21.61 0.0263716
21.62 0.0250995
21.63 0.0238238
21.64 0.0225455
21.65 0.0212662
21.66 0.0199877
21.67 0.0187122
21.68 0.0174419
21.69 0.0161792
21.7 0.0149266
21.71 0.0136863
21.72 0.0124606
21.73 0.011252
21.74 0.0100626
21.75 0.00889516
21.76 0.00775228
21.77 0.00663689
21.78 0.00555202
21.79 0.00450077
21.8 0.00348616
21.81 0.00251103
21.82 0.00157792
21.83 0.000688973
21.84 -0.000154086
21.85 -0.00094989
21.86 -0.00169741
21.87 -0.00239592
21.88 -0.00304501
21.89 -0.00364453
21.9 -0.00419446
21.91 -0.00469484
21.92 -0.0051457
21.93 -0.00554702
21.94 -0.00589867
21.95 -0.00620045
21.96 -0.00645241
21.97 -0.00665514
21.98 -0.00680957
21.99 -0.00691692
22 -0.00697882
22.01 -0.00699728
22.02 -0.00697461
22.03 -0.00691333
22.04 -0.00681593
22.05 -0.00668462
22.06 -0.00652108
22.07 -0.0063263
22.08 -0.0061008
22.09 -0.00584482
22.1 -0.00555846
22.11 -0.00524168
22.12 -0.00489435
22.13 -0.00451636
22.14 -0.00410768
22.15 -0.00366842
22.16 -0.00319896
22.17 -0.0026999
22.18 -0.00217201
22.19 -0.00161623
22.2 -0.00103354
22.21 -0.000424878
22.22 0.000208949
22.23 0.000867294
22.24 0.00154964
22.25 0.00225552
22.26 0.0029845
22.27 0.0037361
22.28 0.00450973
22.29 0.00530464
22.3 0.00611974
22.31 0.00695359
22.32 0.0078043
22.33 0.00866967
22.34 0.00954727
22.35 0.0104345
22.36 0.0113286
22.37 0.0122269
22.38 0.0131269
22.39 0.0140259
22.4 0.0149218
22.41 0.0158123
22.42 0.0166956
22.43 0.0175699
22.44 0.0184337
22.45 0.0192855
22.46 0.0201242
22.47 0.0209487
22.48 0.0217586
22.49 0.0225534
22.5 0.023333
22.51 0.0240977
22.52 0.024848
22.53 0.0255846
22.54 0.0263085
22.55 0.0270205
22.56 0.0277217
22.57 0.0284133
22.58 0.0290964
22.59 0.0297722
22.6 0.0304422
22.61 0.0311074
22.62 0.0317692
22.63 0.0324287
22.64 0.0330869
22.65 0.0337444
22.66 0.0344019
22.67 0.0350594
22.68 0.0357169
22.69 0.0363738
22.7 0.0370298
22.71 0.0376845
22.72 0.0383379
22.73 0.0389897
22.74 0.0396399
22.75 0.0402885
22.76 0.0409354
22.77 0.0415807
22.78 0.0422239
22.79 0.0428647
22.8 0.0435027
22.81 0.0441376
22.82 0.0447689
22.83 0.0453961
22.84 0.0460188
22.85 0.0466364
22.86 0.0472483
22.87 0.0478538
22.88 0.0484523
22.89 0.0490429
22.9 0.0496245
22.91 0.0501961
22.92 0.0507563
22.93 0.0513036
22.94 0.0518363
22.95 0.0523527
22.96 0.0528507
22.97 0.0533283
22.98 0.0537834
22.99 0.0542144
23 0.0546198
23.01 0.054999
23.02 0.0553515
23.03 0.0556771
23.04 0.055976
23.05 0.0562487
23.06 0.0564955
23.07 0.056717
23.08 0.0569133
23.09 0.0570842
23.1 0.0572296
23.11 0.057349
23.12 0.057442
23.13 0.0575085
23.14 0.057548
23.15 0.0575607
23.16 0.0575463
23.17 0.0575049
23.18 0.0574366
23.19 0.0573418
23.2 0.0572208
23.21 0.0570741
23.22 0.0569024
23.23 0.0567062
23.24 0.056486
23.25 0.0562425
23.26 0.0559764
23.27 0.0556884
23.28 0.0553792
23.29 0.0550498
23.3 0.0547014
23.31 0.0543351
23.32 0.0539524
23.33 0.0535545
23.34 0.0531427
23.35 0.0527183
23.36 0.0522824
23.37 0.0518361
23.38 0.0513802
23.39 0.0509154
23.4 0.0504424
23.41 0.0499612
23.42 0.049472
23.43 0.0489746
23.44 0.0484686
23.45 0.0479536
23.46 0.047429
23.47 0.0468944
23.48 0.0463495
23.49 0.0457945
23.5 0.0452296
23.51 0.0446554
23.52 0.0440726
23.53 0.0434818
23.54 0.0428838
23.55 0.0422793
23.56 0.0416692
23.57 0.0410545
23.58 0.0404363
23.59 0.0398156
23.6 0.0391938
23.61 0.0385721
23.62 0.0379517
23.63 0.0373341
23.64 0.0367209
23.65 0.0361135
23.66 0.0355135
23.67 0.0349226
23.68 0.0343421
23.69 0.0337732
23.7 0.0332169
23.71 0.0326742
23.72 0.0321458
23.73 0.0316319
23.74 0.031133
23.75 0.0306489
23.76 0.0301793
23.77 0.0297235
23.78 0.0292804
23.79 0.0288484
23.8 0.0284257
23.81 0.0280104
23.82 0.0276007
23.83 0.0271948
23.84 0.0267908
23.85 0.0263871
23.86 0.025982
23.87 0.025574
23.88 0.0251613
23.89 0.0247425
23.9 0.024316
23.91 0.02388
23.92 0.0234325
23.93 0.0229716
23.94 0.0224954
23.95 0.0220021
23.96 0.0214902
23.97 0.0209585
23.98 0.0204062
23.99 0.019833
24 0.0192392
24.01 0.0186257
24.02 0.0179936
24.03 0.0173445
24.04 0.0166806
24.05 0.0160046
24.06 0.0153199
24.07 0.0146304
24.08 0.0139404
24.09 0.0132542
24.1 0.012576
24.11 0.0119099
24.12 0.0112595
24.13 0.0106282
24.14 0.0100185
24.15 0.00943255
24.16 0.00887177
24.17 0.00833719
24.18 0.00782958
24.19 0.0073496
24.2 0.00689778
24.21 0.00647447
24.22 0.00607986
24.23 0.00571397
24.24 0.00537666
24.25 0.00506767
24.26 0.00478659
24.27 0.0045328
24.28 0.00430547
24.29 0.00410354
24.3 0.00392558
24.31 0.00376996
24.32 0.00363496
24.33 0.00351903
24.34 0.003421
24.35 0.00334023
24.36 0.0032766
24.37 0.00323028
24.38 0.00320165
24.39 0.00319131
24.4 0.00319991
24.41 0.00322813
24.42 0.00327651
24.43 0.00334541
24.44 0.003435
24.45 0.00354527
24.46 0.00367612
24.47 0.00382747
24.48 0.00399926
24.49 0.00419152
24.5 0.00440422
24.51 0.00463736
24.52 0.00489089
24.53 0.00516467
24.54 0.0054584
24.55 0.00577164
24.56 0.00610384
24.57 0.00645424
24.58 0.00682183
24.59 0.00720544
24.6 0.00760382
24.61 0.00801573
24.62 0.00843991
24.63 0.00887503
24.64 0.00931981
24.65 0.00977308
24.66 0.010234
24.67 0.0107017
24.68 0.0111759
24.69 0.0116562
24.7 0.0121425
24.71 0.0126349
24.72 0.0131335
24.73 0.0136385
24.74 0.0141499
24.75 0.0146679
24.76 0.0151929
24.77 0.0157252
24.78 0.0162649
24.79 0.0168122
24.8 0.0173668
24.81 0.0179284
24.82 0.0184967
24.83 0.0190709
24.84 0.0196502
24.85 0.0202334
24.86 0.0208195
24.87 0.0214072
24.88 0.0219953
24.89 0.0225823
24.9 0.0231662
24.91 0.0237453
24.92 0.0243174
24.93 0.0248802
24.94 0.0254314
24.95 0.0259687
24.96 0.0264898
24.97 0.0269925
24.98 0.0274743
24.99 0.0279333
25 0.0283675
