0.01 3.17579e-09
0.02 1.53011e-08
0.03 3.77972e-08
0.04 6.8328e-08
0.05 1.04599e-07
0.06 1.44379e-07
0.07 1.85522e-07
0.08 2.25959e-07
0.09 2.63685e-07
0.1 2.9676e-07
0.11 3.23329e-07
0.12 3.41623e-07
0.13 3.49925e-07
0.14 3.46513e-07
0.15 3.29646e-07
0.16 2.97625e-07
0.17 2.48841e-07
0.18 1.81789e-07
0.19 9.50758e-08
0.2 -1.25614e-08
0.21 -1.42249e-07
0.22 -2.94972e-07
0.23 -4.71576e-07
0.24 -6.7279e-07
0.25 -8.99254e-07
0.26 -1.15158e-06
0.27 -1.4304e-06
0.28 -1.73621e-06
0.29 -2.06912e-06
0.3 -2.42879e-06
0.31 -2.8143e-06
0.32 -3.2242e-06
0.33 -3.65625e-06
0.34 -4.10733e-06
0.35 -4.57375e-06
0.36 -5.05145e-06
0.37 -5.53613e-06
0.38 -6.02383e-06
0.39 -6.51174e-06
0.4 -6.99875e-06
0.41 -7.48581e-06
0.42 -7.97545e-06
0.43 -8.47118e-06
0.44 -8.97758e-06
0.45 -9.50013e-06
0.46 -1.00447e-05
0.47 -1.06173e-05
0.48 -1.12232e-05
0.49 -1.18669e-05
0.5 -1.2552e-05
0.51 -1.32814e-05
0.52 -1.40575e-05
0.53 -1.4882e-05
0.54 -1.57557e-05
0.55 -1.66795e-05
0.56 -1.76534e-05
0.57 -1.86772e-05
0.58 -1.97503e-05
0.59 -2.08723e-05
0.6 -2.20423e-05
0.61 -2.32595e-05
0.62 -2.45228e-05
0.63 -2.58308e-05
0.64 -2.71822e-05
0.65 -2.85755e-05
0.66 -3.00096e-05
0.67 -3.14834e-05
0.68 -3.29961e-05
0.69 -3.45471e-05
0.7 -3.61358e-05
0.71 -3.77615e-05
0.72 -3.94225e-05
0.73 -4.11157e-05
0.74 -4.28361e-05
0.75 -4.45758e-05
0.76 -4.63239e-05
0.77 -4.80672e-05
0.78 -4.97907e-05
0.79 -5.14804e-05
0.8 -5.31246e-05
0.81 -5.47147e-05
0.82 -5.62445e-05
0.83 -5.77095e-05
0.84 -5.91073e-05
0.85 -6.0439e-05
0.86 -6.17086e-05
0.87 -6.29189e-05
0.88 -6.4068e-05
0.89 -6.51483e-05
0.9 -6.61492e-05
0.91 -6.70584e-05
0.92 -6.78635e-05
0.93 -6.85539e-05
0.94 -6.91233e-05
0.95 -6.95713e-05
0.96 -6.9904e-05
0.97 -7.0133e-05
0.98 -7.02707e-05
0.99 -7.0325e-05
1 -7.02977e-05
1.01 -7.01846e-05
1.02 -6.99762e-05
1.03 -6.96581e-05
1.04 -6.92137e-05
1.05 -6.86264e-05
1.06 -6.78832e-05
1.07 -6.69759e-05
1.08 -6.58998e-05
1.09 -6.46511e-05
1.1 -6.32261e-05
1.11 -6.16223e-05
1.12 -5.98374e-05
1.13 -5.78677e-05
1.14 -5.57083e-05
1.15 -5.33547e-05
1.16 -5.08048e-05
1.17 -4.8061e-05
1.18 -4.5133e-05
1.19 -4.20355e-05
1.2 -3.87853e-05
1.21 -3.54024e-05
1.22 -3.19117e-05
1.23 -2.83398e-05
1.24 -2.47095e-05
1.25 -2.10322e-05
1.26 -1.73031e-05
1.27 -1.3506e-05
1.28 -9.62284e-06
1.29 -5.6367e-06
1.3 -1.53226e-06
1.31 2.69905e-06
1.32 7.05666e-06
1.33 1.15335e-05
1.34 1.61213e-05
1.35 2.08143e-05
1.36 2.56092e-05
1.37 3.05053e-05
1.38 3.55039e-05
1.39 4.06072e-05
1.4 4.58157e-05
1.41 5.11258e-05
1.42 5.65255e-05
1.43 6.19905e-05
1.44 6.74801e-05
1.45 7.29354e-05
1.46 7.82811e-05
1.47 8.34314e-05
1.48 8.82977e-05
1.49 9.27893e-05
1.5 9.68171e-05
1.51 0.000100299
1.52 0.00010316
1.53 0.000105342
1.54 0.000106812
1.55 0.000107566
1.56 0.000107636
1.57 0.000107077
1.58 0.000105962
1.59 0.000104372
1.6 0.000102385
1.61 0.000100068
1.62 9.74848e-05
1.63 9.4687e-05
1.64 9.17204e-05
1.65 8.86234e-05
1.66 8.54245e-05
1.67 8.21408e-05
1.68 7.878e-05
1.69 7.53463e-05
1.7 7.1844e-05
1.71 6.82773e-05
1.72 6.46513e-05
1.73 6.0974e-05
1.74 5.72597e-05
1.75 5.35331e-05
1.76 4.98243e-05
1.77 4.61621e-05
1.78 4.25778e-05
1.79 3.91109e-05
1.8 3.58062e-05
1.81 3.27095e-05
1.82 2.98671e-05
1.83 2.73236e-05
1.84 2.51122e-05
1.85 2.32485e-05
1.86 2.17359e-05
1.87 2.05742e-05
1.88 1.97663e-05
1.89 1.93188e-05
1.9 1.92419e-05
1.91 1.95495e-05
1.92 2.0259e-05
1.93 2.13897e-05
1.94 2.29488e-05
1.95 2.49156e-05
1.96 2.7241e-05
1.97 2.98522e-05
1.98 3.26576e-05
1.99 3.55579e-05
2 3.84675e-05
2.01 4.13318e-05
2.02 4.41301e-05
2.03 4.68723e-05
2.04 4.95959e-05
2.05 5.23562e-05
2.06 5.52157e-05
2.07 5.82347e-05
2.08 6.14547e-05
2.09 6.48873e-05
2.1 6.85122e-05
2.11 7.22801e-05
2.12 7.61103e-05
2.13 7.98864e-05
2.14 8.34672e-05
2.15 8.66998e-05
2.16 8.94222e-05
2.17 9.14705e-05
2.18 9.26808e-05
2.19 9.28822e-05
2.2 9.189e-05
2.21 8.95119e-05
2.22 8.55596e-05
2.23 7.98547e-05
2.24 7.2235e-05
2.25 6.25492e-05
2.26 5.06625e-05
2.27 3.64825e-05
2.28 1.99658e-05
2.29 1.10531e-06
2.3 -2.00733e-05
2.31 -4.3511e-05
2.32 -6.91095e-05
2.33 -9.67185e-05
2.34 -0.000126131
2.35 -0.00015709
2.36 -0.000189294
2.37 -0.000222413
2.38 -0.000256095
2.39 -0.000289968
2.4 -0.000323654
2.41 -0.000356815
2.42 -0.000389172
2.43 -0.000420483
2.44 -0.000450531
2.45 -0.000479114
2.46 -0.000506051
2.47 -0.000531189
2.48 -0.000554408
2.49 -0.000575607
2.5 -0.000594686
2.51 -0.000611531
2.52 -0.000626015
2.53 -0.000638013
2.54 -0.000647404
2.55 -0.000654068
2.56 -0.00065789
2.57 -0.00065879
2.58 -0.000656742
2.59 -0.00065178
2.6 -0.000643992
2.61 -0.000633503
2.62 -0.000620454
2.63 -0.000604983
2.64 -0.000587216
2.65 -0.00056726
2.66 -0.000545206
2.67 -0.000521136
2.68 -0.000495128
2.69 -0.000467273
2.7 -0.000437681
2.71 -0.000406464
2.72 -0.000373743
2.73 -0.000339638
2.74 -0.000304254
2.75 -0.000267675
2.76 -0.000229979
2.77 -0.000191242
2.78 -0.000151515
2.79 -0.000110807
2.8 -6.90953e-05
2.81 -2.63305e-05
2.82 1.75354e-05
2.83 6.25161e-05
2.84 0.000108585
2.85 0.000155677
2.86 0.000203689
2.87 0.000252479
2.88 0.000301845
2.89 0.000351541
2.9 0.000401293
2.91 0.000450815
2.92 0.000499805
2.93 0.000547953
2.94 0.000594956
2.95 0.000640522
2.96 0.000684381
2.97 0.00072631
2.98 0.00076615
2.99 0.000803793
3 0.000839165
3.01 0.000872222
3.02 0.000902925
3.03 0.000931223
3.04 0.000957047
3.05 0.000980301
3.06 0.00100086
3.07 0.00101855
3.08 0.00103317
3.09 0.00104451
3.1 0.00105238
3.11 0.0010566
3.12 0.0010571
3.13 0.00105385
3.14 0.0010469
3.15 0.00103633
3.16 0.00102226
3.17 0.00100482
3.18 0.000984163
3.19 0.000960461
3.2 0.000933863
3.21 0.000904516
3.22 0.000872603
3.23 0.000838345
3.24 0.00080201
3.25 0.000763901
3.26 0.000724341
3.27 0.000683691
3.28 0.000642368
3.29 0.000600802
3.3 0.000559411
3.31 0.000518615
3.32 0.000478837
3.33 0.000440455
3.34 0.000403755
3.35 0.000368903
3.36 0.000335936
3.37 0.000304766
3.38 0.000275196
3.39 0.000246928
3.4 0.000219568
3.41 0.000192652
3.42 0.000165674
3.43 0.000138126
3.44 0.000109517
3.45 7.93801e-05
3.46 4.72852e-05
3.47 1.28812e-05
3.48 -2.40573e-05
3.49 -6.36103e-05
3.5 -0.000105719
3.51 -0.000150202
3.52 -0.000196763
3.53 -0.000245009
3.54 -0.000294485
3.55 -0.000344724
3.56 -0.00039531
3.57 -0.000445882
3.58 -0.000496096
3.59 -0.000545611
3.6 -0.00059413
3.61 -0.00064142
3.62 -0.000687304
3.63 -0.000731661
3.64 -0.000774428
3.65 -0.000815601
3.66 -0.00085523
3.67 -0.000893442
3.68 -0.000930432
3.69 -0.000966442
3.7 -0.00100171
3.71 -0.00103647
3.72 -0.00107092
3.73 -0.00110528
3.74 -0.00113968
3.75 -0.00117422
3.76 -0.00120898
3.77 -0.00124401
3.78 -0.0012793
3.79 -0.0013148
3.8 -0.00135046
3.81 -0.00138613
3.82 -0.00142162
3.83 -0.00145672
3.84 -0.00149118
3.85 -0.00152475
3.86 -0.00155721
3.87 -0.00158842
3.88 -0.00161834
3.89 -0.00164704
3.9 -0.00167472
3.91 -0.00170169
3.92 -0.00172838
3.93 -0.00175529
3.94 -0.00178295
3.95 -0.00181191
3.96 -0.0018427
3.97 -0.00187577
3.98 -0.00191149
3.99 -0.00195005
4 -0.00199148
4.01 -0.00203569
4.02 -0.00208243
4.03 -0.00213134
4.04 -0.00218193
4.05 -0.0022336
4.06 -0.00228563
4.07 -0.00233718
4.08 -0.00238727
4.09 -0.00243481
4.1 -0.00247861
4.11 -0.00251749
4.12 -0.00255033
4.13 -0.00257617
4.14 -0.0025943
4.15 -0.00260423
4.16 -0.00260582
4.17 -0.00259926
4.18 -0.00258501
4.19 -0.00256379
4.2 -0.0025365
4.21 -0.00250418
4.22 -0.00246793
4.23 -0.00242883
4.24 -0.00238782
4.25 -0.00234575
4.26 -0.00230341
4.27 -0.0022615
4.28 -0.0022206
4.29 -0.00218115
4.3 -0.00214342
4.31 -0.00210757
4.32 -0.0020736
4.33 -0.00204143
4.34 -0.00201084
4.35 -0.00198146
4.36 -0.00195278
4.37 -0.00192416
4.38 -0.00189488
4.39 -0.00186414
4.4 -0.00183112
4.41 -0.00179495
4.42 -0.00175473
4.43 -0.00170959
4.44 -0.00165869
4.45 -0.00160126
4.46 -0.00153669
4.47 -0.0014646
4.48 -0.00138477
4.49 -0.00129718
4.5 -0.00120186
4.51 -0.00109888
4.52 -0.00098844
4.53 -0.000870831
4.54 -0.000746484
4.55 -0.00061593
4.56 -0.000479785
4.57 -0.000338749
4.58 -0.000193595
4.59 -4.51583e-05
4.6 0.000105686
4.61 0.000258058
4.62 0.000411125
4.63 0.000564115
4.64 0.000716307
4.65 0.000867056
4.66 0.00101581
4.67 0.00116216
4.68 0.00130586
4.69 0.00144678
4.7 0.00158489
4.71 0.00172015
4.72 0.00185252
4.73 0.00198195
4.74 0.00210835
4.75 0.00223157
4.76 0.00235137
4.77 0.00246747
4.78 0.00257953
4.79 0.00268727
4.8 0.00279035
4.81 0.00288841
4.82 0.00298104
4.83 0.00306785
4.84 0.00314845
4.85 0.00322242
4.86 0.00328933
4.87 0.00334878
4.88 0.00340046
4.89 0.00344408
4.9 0.0034794
4.91 0.00350624
4.92 0.00352449
4.93 0.0035341
4.94 0.00353506
4.95 0.0035274
4.96 0.00351117
4.97 0.00348649
4.98 0.00345356
4.99 0.00341264
5 0.00336406
5.01 0.00330817
5.02 0.00324525
5.03 0.00317552
5.04 0.00309905
5.05 0.00301584
5.06 0.00292574
5.07 0.00282848
5.08 0.00272371
5.09 0.002611
5.1 0.00248994
5.11 0.00236003
5.12 0.00222084
5.13 0.00207204
5.14 0.00191337
5.15 0.00174473
5.16 0.00156622
5.17 0.0013782
5.18 0.00118122
5.19 0.00097601
5.2 0.000763427
5.21 0.000544487
5.22 0.000320296
5.23 9.19759e-05
5.24 -0.000139378
5.25 -0.000372681
5.26 -0.000606804
5.27 -0.000840555
5.28 -0.0010727
5.29 -0.00130201
5.3 -0.0015273
5.31 -0.00174743
5.32 -0.00196135
5.33 -0.00216818
5.34 -0.00236729
5.35 -0.00255823
5.36 -0.00274082
5.37 -0.00291516
5.38 -0.00308164
5.39 -0.00324077
5.4 -0.00339316
5.41 -0.00353942
5.42 -0.00368016
5.43 -0.00381591
5.44 -0.00394705
5.45 -0.00407381
5.46 -0.00419628
5.47 -0.00431441
5.48 -0.00442813
5.49 -0.00453731
5.5 -0.00464176
5.51 -0.00474119
5.52 -0.00483525
5.53 -0.00492363
5.54 -0.00500598
5.55 -0.00508193
5.56 -0.0051511
5.57 -0.00521315
5.58 -0.00526785
5.59 -0.00531505
5.6 -0.00535465
5.61 -0.00538652
5.62 -0.00541054
5.63 -0.00542655
5.64 -0.00543439
5.65 -0.00543389
5.66 -0.00542493
5.67 -0.00540734
5.68 -0.00538094
5.69 -0.00534548
5.7 -0.00530066
5.71 -0.00524611
5.72 -0.00518139
5.73 -0.00510603
5.74 -0.00501955
5.75 -0.00492149
5.76 -0.0048114
5.77 -0.00468891
5.78 -0.00455381
5.79 -0.00440602
5.8 -0.00424569
5.81 -0.00407317
5.82 -0.00388907
5.83 -0.00369424
5.84 -0.00348977
5.85 -0.00327694
5.86 -0.00305714
5.87 -0.00283186
5.88 -0.00260262
5.89 -0.00237098
5.9 -0.00213845
5.91 -0.00190646
5.92 -0.0016763
5.93 -0.00144914
5.94 -0.00122597
5.95 -0.00100762
5.96 -0.000794664
5.97 -0.000587368
5.98 -0.000385694
5.99 -0.000189357
6 2.14742e-06
6.01 0.000189495
6.02 0.000373436
6.03 0.000554758
6.04 0.000734278
6.05 0.00091282
6.06 0.00109116
6.07 0.00126994
6.08 0.00144962
6.09 0.00163047
6.1 0.00181263
6.11 0.00199612
6.12 0.00218082
6.13 0.00236648
6.14 0.00255276
6.15 0.00273936
6.16 0.00292599
6.17 0.0031125
6.18 0.00329892
6.19 0.0034855
6.2 0.00367259
6.21 0.00386062
6.22 0.00405007
6.23 0.0042415
6.24 0.00443544
6.25 0.00463241
6.26 0.00483289
6.27 0.00503734
6.28 0.00524621
6.29 0.00545996
6.3 0.0056791
6.31 0.00590414
6.32 0.00613566
6.33 0.00637429
6.34 0.00662068
6.35 0.00687547
6.36 0.00713927
6.37 0.00741245
6.38 0.00769509
6.39 0.00798692
6.4 0.00828745
6.41 0.00859598
6.42 0.00891173
6.43 0.00923395
6.44 0.00956196
6.45 0.00989528
6.46 0.0102337
6.47 0.0105771
6.48 0.0109256
6.49 0.0112791
6.5 0.0116373
6.51 0.0119996
6.52 0.0123651
6.53 0.0127322
6.54 0.013099
6.55 0.0134634
6.56 0.0138225
6.57 0.0141732
6.58 0.0145126
6.59 0.0148372
6.6 0.0151441
6.61 0.0154306
6.62 0.0156944
6.63 0.0159337
6.64 0.0161467
6.65 0.0163324
6.66 0.0164896
6.67 0.0166171
6.68 0.0167139
6.69 0.0167789
6.7 0.0168111
6.71 0.0168096
6.72 0.0167735
6.73 0.0167021
6.74 0.0165948
6.75 0.0164509
6.76 0.0162704
6.77 0.0160532
6.78 0.0157996
6.79 0.0155098
6.8 0.0151846
6.81 0.0148248
6.82 0.014431
6.83 0.0140043
6.84 0.0135452
6.85 0.0130545
6.86 0.0125328
6.87 0.0119806
6.88 0.0113984
6.89 0.0107866
6.9 0.0101458
6.91 0.00947677
6.92 0.00878071
6.93 0.008059
6.94 0.00731345
6.95 0.00654617
6.96 0.00575953
6.97 0.00495598
6.98 0.00413788
6.99 0.00330736
7 0.00246626
7.01 0.00161608
7.02 0.000757964
7.03 -0.00010707
7.04 -0.000978031
7.05 -0.0018538
7.06 -0.00273297
7.07 -0.00361377
7.08 -0.00449405
7.09 -0.00537131
7.1 -0.00624279
7.11 -0.00710556
7.12 -0.00795665
7.13 -0.0087933
7.14 -0.00961315
7.15 -0.0104143
7.16 -0.0111953
7.17 -0.0119552
7.18 -0.0126932
7.19 -0.0134089
7.2 -0.0141017
7.21 -0.0147714
7.22 -0.0154173
7.23 -0.0160387
7.24 -0.0166344
7.25 -0.0172031
7.26 -0.0177433
7.27 -0.0182533
7.28 -0.0187317
7.29 -0.019177
7.3 -0.0195883
7.31 -0.0199649
7.32 -0.0203065
7.33 -0.0206132
7.34 -0.0208851
7.35 -0.0211228
7.36 -0.0213263
7.37 -0.0214958
7.38 -0.0216311
7.39 -0.0217317
7.4 -0.0217967
7.41 -0.0218253
7.42 -0.0218164
7.43 -0.0217692
7.44 -0.021683
7.45 -0.0215575
7.46 -0.021393
7.47 -0.02119
7.48 -0.0209495
7.49 -0.020673
7.5 -0.0203623
7.51 -0.0200198
7.52 -0.0196478
7.53 -0.0192491
7.54 -0.0188262
7.55 -0.0183818
7.56 -0.0179185
7.57 -0.0174387
7.58 -0.0169451
7.59 -0.0164403
7.6 -0.0159268
7.61 -0.0154074
7.62 -0.0148843
7.63 -0.0143595
7.64 -0.0138346
7.65 -0.0133106
7.66 -0.0127882
7.67 -0.0122673
7.68 -0.0117472
7.69 -0.0112269
7.7 -0.0107046
7.71 -0.0101783
7.72 -0.00964578
7.73 -0.00910535
7.74 -0.00855555
7.75 -0.00799551
7.76 -0.00742484
7.77 -0.00684357
7.78 -0.00625206
7.79 -0.00565096
7.8 -0.00504125
7.81 -0.00442418
7.82 -0.00380122
7.83 -0.00317407
7.84 -0.00254462
7.85 -0.00191494
7.86 -0.00128717
7.87 -0.000663498
7.88 -4.61142e-05
7.89 0.000562924
7.9 0.00116175
7.91 0.00174872
7.92 0.00232243
7.93 0.00288182
7.94 0.00342609
7.95 0.00395475
7.96 0.00446752
7.97 0.00496437
7.98 0.00544544
7.99 0.00591107
8 0.0063616
8.01 0.00679735
8.02 0.00721855
8.03 0.00762529
8.04 0.0080175
8.05 0.00839484
8.06 0.00875672
8.07 0.0091023
8.08 0.00943063
8.09 0.0097407
8.1 0.0100316
8.11 0.0103026
8.12 0.0105535
8.13 0.0107843
8.14 0.0109956
8.15 0.0111881
8.16 0.0113629
8.17 0.0115215
8.18 0.0116653
8.19 0.0117959
8.2 0.0119148
8.21 0.0120234
8.22 0.0121229
8.23 0.0122146
8.24 0.0122992
8.25 0.0123777
8.26 0.0124507
8.27 0.0125184
8.28 0.012581
8.29 0.0126385
8.3 0.0126903
8.31 0.0127355
8.32 0.0127728
8.33 0.0128003
8.34 0.0128155
8.35 0.0128155
8.36 0.0127976
8.37 0.0127587
8.38 0.0126963
8.39 0.0126081
8.4 0.0124925
8.41 0.0123486
8.42 0.0121761
8.43 0.0119751
8.44 0.0117461
8.45 0.0114903
8.46 0.011209
8.47 0.0109042
8.48 0.0105781
8.49 0.0102333
8.5 0.00987244
8.51 0.0094981
8.52 0.00911288
8.53 0.0087191
8.54 0.00831864
8.55 0.00791295
8.56 0.00750308
8.57 0.00708982
8.58 0.00667375
8.59 0.00625531
8.6 0.0058349
8.61 0.00541294
8.62 0.00498996
8.63 0.00456673
8.64 0.0041443
8.65 0.00372402
8.66 0.00330754
8.67 0.00289673
8.68 0.00249364
8.69 0.00210037
8.7 0.00171895
8.71 0.0013514
8.72 0.000999619
8.73 0.000665256
8.74 0.00034971
8.75 5.4123e-05
8.76 -0.000220685
8.77 -0.000474303
8.78 -0.00070672
8.79 -0.000918267
8.8 -0.00110961
8.81 -0.00128175
8.82 -0.00143594
8.83 -0.00157358
8.84 -0.00169602
8.85 -0.00180449
8.86 -0.00190007
8.87 -0.00198371
8.88 -0.00205626
8.89 -0.00211835
8.9 -0.00217034
8.91 -0.00221236
8.92 -0.00224434
8.93 -0.00226607
8.94 -0.00227731
8.95 -0.00227788
8.96 -0.00226768
8.97 -0.00224673
8.98 -0.00221513
8.99 -0.00217316
9 -0.0021213
9.01 -0.00206036
9.02 -0.0019914
9.03 -0.00191582
9.04 -0.00183523
9.05 -0.00175136
9.06 -0.00166589
9.07 -0.00158035
9.08 -0.0014961
9.09 -0.00141435
9.1 -0.00133614
9.11 -0.0012625
9.12 -0.00119442
9.13 -0.00113283
9.14 -0.00107865
9.15 -0.00103273
9.16 -0.00099579
9.17 -0.000968274
9.18 -0.000950238
9.19 -0.000941301
9.2 -0.00094061
9.21 -0.000946776
9.22 -0.000957859
9.23 -0.000971437
9.24 -0.000984764
9.25 -0.000995023
9.26 -0.000999575
9.27 -0.000996122
9.28 -0.000982823
9.29 -0.000958398
9.3 -0.000922072
9.31 -0.000873353
9.32 -0.000811895
9.33 -0.000737484
9.34 -0.000650017
9.35 -0.000549461
9.36 -0.000435852
9.37 -0.000309298
9.38 -0.000169966
9.39 -1.80821e-05
9.4 0.000145988
9.41 0.000321647
9.42 0.000508012
9.43 0.00070384
9.44 0.000907449
9.45 0.00111669
9.46 0.00132908
9.47 0.00154193
9.48 0.00175252
9.49 0.00195828
9.5 0.00215692
9.51 0.00234656
9.52 0.00252574
9.53 0.00269339
9.54 0.00284873
9.55 0.00299113
9.56 0.00311998
9.57 0.00323459
9.58 0.00333412
9.59 0.00341747
9.6 0.00348336
9.61 0.00353047
9.62 0.00355749
9.63 0.00356332
9.64 0.00354715
9.65 0.00350856
9.66 0.00344753
9.67 0.00336443
9.68 0.00325997
9.69 0.00313522
9.7 0.00299143
9.71 0.00282995
9.72 0.0026521
9.73 0.0024591
9.74 0.00225202
9.75 0.00203168
9.76 0.00179864
9.77 0.00155321
9.78 0.00129553
9.79 0.00102554
9.8 0.000742998
9.81 0.000447466
9.82 0.00013836
9.83 -0.000185021
9.84 -0.000523484
9.85 -0.000877913
9.86 -0.00124918
9.87 -0.00163804
9.88 -0.00204504
9.89 -0.00247057
9.9 -0.0029148
9.91 -0.00337759
9.92 -0.00385846
9.93 -0.0043566
9.94 -0.00487087
9.95 -0.00539982
9.96 -0.00594179
9.97 -0.00649506
9.98 -0.00705801
9.99 -0.0076292
10 -0.00820739
10.01 -0.00879151
10.02 -0.00938076
10.03 -0.00997457
10.04 -0.0105725
10.05 -0.0111741
10.06 -0.0117788
10.07 -0.0123858
10.08 -0.012994
10.09 -0.0136022
10.1 -0.0142092
10.11 -0.0148134
10.12 -0.0154134
10.13 -0.0160077
10.14 -0.0165952
10.15 -0.0171748
10.16 -0.0177457
10.17 -0.0183069
10.18 -0.0188577
10.19 -0.0193971
10.2 -0.0199242
10.21 -0.0204375
10.22 -0.0209359
10.23 -0.021418
10.24 -0.0218824
10.25 -0.0223278
10.26 -0.022753
10.27 -0.0231569
10.28 -0.0235384
10.29 -0.0238966
10.3 -0.0242308
10.31 -0.0245401
10.32 -0.0248238
10.33 -0.025081
10.34 -0.0253108
10.35 -0.0255125
10.36 -0.0256854
10.37 -0.0258287
10.38 -0.0259419
10.39 -0.0260244
10.4 -0.0260755
10.41 -0.0260948
10.42 -0.0260815
10.43 -0.0260348
10.44 -0.0259537
10.45 -0.025837
10.46 -0.0256836
10.47 -0.0254921
10.48 -0.0252615
10.49 -0.0249908
10.5 -0.0246796
10.51 -0.0243276
10.52 -0.0239352
10.53 -0.023503
10.54 -0.0230319
10.55 -0.0225229
10.56 -0.0219775
10.57 -0.0213969
10.58 -0.0207826
10.59 -0.0201361
10.6 -0.0194591
10.61 -0.0187531
10.62 -0.0180199
10.63 -0.0172613
10.64 -0.0164795
10.65 -0.0156765
10.66 -0.0148545
10.67 -0.0140161
10.68 -0.0131635
10.69 -0.0122991
10.7 -0.0114251
10.71 -0.0105435
10.72 -0.00965609
10.73 -0.00876464
10.74 -0.00787071
10.75 -0.00697581
10.76 -0.0060814
10.77 -0.00518883
10.78 -0.00429935
10.79 -0.00341408
10.8 -0.00253408
10.81 -0.00166034
10.82 -0.000793798
10.83 6.47105e-05
10.84 0.000914396
10.85 0.00175449
10.86 0.00258418
10.87 0.00340256
10.88 0.00420864
10.89 0.00500141
10.9 0.00577981
10.91 0.00654278
10.92 0.00728933
10.93 0.00801867
10.94 0.00873026
10.95 0.00942382
10.96 0.0100993
10.97 0.010757
10.98 0.0113973
10.99 0.0120205
11 0.0126272
11.01 0.0132176
11.02 0.0137919
11.03 0.0143502
11.04 0.0148925
11.05 0.0154185
11.06 0.0159277
11.07 0.0164199
11.08 0.0168946
11.09 0.0173512
11.1 0.0177893
11.11 0.0182083
11.12 0.0186078
11.13 0.0189878
11.14 0.0193479
11.15 0.019688
11.16 0.0200081
11.17 0.0203082
11.18 0.0205887
11.19 0.0208502
11.2 0.0210935
11.21 0.0213196
11.22 0.0215299
11.23 0.0217256
11.24 0.021908
11.25 0.022078
11.26 0.0222363
11.27 0.0223828
11.28 0.0225172
11.29 0.0226391
11.3 0.0227476
11.31 0.0228422
11.32 0.022922
11.33 0.0229865
11.34 0.0230353
11.35 0.0230683
11.36 0.0230859
11.37 0.0230887
11.38 0.0230778
11.39 0.0230538
11.4 0.0230177
11.41 0.0229704
11.42 0.0229123
11.43 0.0228438
11.44 0.022765
11.45 0.0226759
11.46 0.0225762
11.47 0.0224658
11.48 0.0223447
11.49 0.0222132
11.5 0.022072
11.51 0.0219221
11.52 0.0217649
11.53 0.021602
11.54 0.0214352
11.55 0.0212663
11.56 0.0210968
11.57 0.0209281
11.58 0.0207612
11.59 0.0205971
11.6 0.0204363
11.61 0.0202796
11.62 0.0201276
11.63 0.019981
11.64 0.0198405
11.65 0.0197068
11.66 0.0195805
11.67 0.0194623
11.68 0.0193526
11.69 0.0192519
11.7 0.0191606
11.71 0.0190785
11.72 0.0190055
11.73 0.018941
11.74 0.0188841
11.75 0.0188335
11.76 0.0187875
11.77 0.0187441
11.78 0.0187007
11.79 0.018654
11.8 0.0186008
11.81 0.018538
11.82 0.0184625
11.83 0.0183718
11.84 0.0182635
11.85 0.0181358
11.86 0.017987
11.87 0.0178159
11.88 0.0176209
11.89 0.0174011
11.9 0.0171552
11.91 0.0168824
11.92 0.0165819
11.93 0.0162531
11.94 0.0158956
11.95 0.0155089
11.96 0.0150928
11.97 0.0146471
11.98 0.014172
11.99 0.0136676
12 0.0131345
12.01 0.0125736
12.02 0.0119859
12.03 0.0113728
12.04 0.010736
12.05 0.0100774
12.06 0.00939932
12.07 0.00870392
12.08 0.00799345
12.09 0.00726993
12.1 0.00653512
12.11 0.00579054
12.12 0.00503744
12.13 0.00427677
12.14 0.00350911
12.15 0.0027347
12.16 0.00195354
12.17 0.00116547
12.18 0.000370273
12.19 -0.000432241
12.2 -0.0012423
12.21 -0.00206009
12.22 -0.00288563
12.23 -0.0037188
12.24 -0.00455945
12.25 -0.00540734
12.26 -0.00626205
12.27 -0.00712297
12.28 -0.00798933
12.29 -0.00886023
12.3 -0.00973457
12.31 -0.0106111
12.32 -0.0114885
12.33 -0.0123648
12.34 -0.0132383
12.35 -0.0141066
12.36 -0.0149674
12.37 -0.0158183
12.38 -0.0166564
12.39 -0.0174787
12.4 -0.0182823
12.41 -0.0190641
12.42 -0.0198211
12.43 -0.0205504
12.44 -0.0212495
12.45 -0.0219157
12.46 -0.0225466
12.47 -0.0231398
12.48 -0.0236927
12.49 -0.0242025
12.5 -0.0246658
12.51 -0.025079
12.52 -0.0254381
12.53 -0.0257389
12.54 -0.0259773
12.55 -0.0261491
12.56 -0.0262508
12.57 -0.026279
12.58 -0.0262311
12.59 -0.0261045
12.6 -0.0258969
12.61 -0.0256062
12.62 -0.0252306
12.63 -0.0247688
12.64 -0.0242199
12.65 -0.0235834
12.66 -0.0228593
12.67 -0.0220481
12.68 -0.0211507
12.69 -0.0201688
12.7 -0.0191047
12.71 -0.017961
12.72 -0.016741
12.73 -0.0154479
12.74 -0.0140854
12.75 -0.0126572
12.76 -0.0111672
12.77 -0.00961914
12.78 -0.0080169
12.79 -0.0063643
12.8 -0.00466522
12.81 -0.00292361
12.82 -0.00114359
12.83 0.000670545
12.84 0.00251441
12.85 0.00438358
12.86 0.00627366
12.87 0.00818038
12.88 0.0100996
12.89 0.0120276
12.9 0.0139607
12.91 0.0158957
12.92 0.0178291
12.93 0.0197576
12.94 0.0216779
12.95 0.0235866
12.96 0.02548
12.97 0.0273546
12.98 0.0292066
12.99 0.0310326
13 0.0328288
13.01 0.0345918
13.02 0.0363184
13.03 0.0380055
13.04 0.039652
13.05 0.0412588
13.06 0.0428268
13.07 0.0443561
13.08 0.0458466
13.09 0.0472979
13.1 0.0487094
13.11 0.0500801
13.12 0.051409
13.13 0.0526948
13.14 0.0539365
13.15 0.055133
13.16 0.0562835
13.17 0.0573876
13.18 0.0584449
13.19 0.0594553
13.2 0.0604189
13.21 0.0613357
13.22 0.0622057
13.23 0.063029
13.24 0.0638056
13.25 0.0645354
13.26 0.0652183
13.27 0.065854
13.28 0.0664421
13.29 0.0669822
13.3 0.0674738
13.31 0.067916
13.32 0.0683079
13.33 0.0686485
13.34 0.0689365
13.35 0.0691704
13.36 0.0693492
13.37 0.0694715
13.38 0.0695365
13.39 0.0695431
13.4 0.0694908
13.41 0.0693792
13.42 0.0692082
13.43 0.0689781
13.44 0.0686896
13.45 0.0683436
13.46 0.0679414
13.47 0.0674848
13.48 0.0669754
13.49 0.0664156
13.5 0.0658075
13.51 0.0651536
13.52 0.0644565
13.53 0.0637189
13.54 0.0629438
13.55 0.0621342
13.56 0.0612934
13.57 0.0604245
13.58 0.0595308
13.59 0.0586152
13.6 0.0576807
13.61 0.0567298
13.62 0.0557653
13.63 0.0547898
13.64 0.0538059
13.65 0.0528161
13.66 0.051823
13.67 0.0508292
13.68 0.0498373
13.69 0.0488496
13.7 0.0478682
13.71 0.0468953
13.72 0.0459325
13.73 0.0449815
13.74 0.0440435
13.75 0.0431198
13.76 0.0422108
13.77 0.0413169
13.78 0.0404381
13.79 0.0395736
13.8 0.0387226
13.81 0.0378834
13.82 0.037054
13.83 0.0362324
13.84 0.0354165
13.85 0.0346051
13.86 0.0337976
13.87 0.0329942
13.88 0.0321948
13.89 0.0313998
13.9 0.0306092
13.91 0.0298232
13.92 0.029042
13.93 0.0282656
13.94 0.0274942
13.95 0.0267277
13.96 0.0259663
13.97 0.0252101
13.98 0.0244592
13.99 0.0237136
14 0.0229734
14.01 0.0222386
14.02 0.021509
14.03 0.0207847
14.04 0.0200654
14.05 0.0193514
14.06 0.0186426
14.07 0.0179388
14.08 0.0172399
14.09 0.0165452
14.1 0.0158541
14.11 0.0151656
14.12 0.0144782
14.13 0.0137905
14.14 0.0131003
14.15 0.0124055
14.16 0.0117033
14.17 0.0109912
14.18 0.0102664
14.19 0.00952626
14.2 0.00876833
14.21 0.00799012
14.22 0.00718921
14.23 0.00636318
14.24 0.0055096
14.25 0.00462593
14.26 0.00370963
14.27 0.00275817
14.28 0.00176917
14.29 0.000740475
14.3 -0.000329777
14.31 -0.00144303
14.32 -0.00260024
14.33 -0.00380192
14.34 -0.00504898
14.35 -0.00634351
14.36 -0.00768789
14.37 -0.00908435
14.38 -0.0105354
14.39 -0.0120437
14.4 -0.013612
14.41 -0.0152431
14.42 -0.0169398
14.43 -0.0187047
14.44 -0.0205401
14.45 -0.0224481
14.46 -0.0244299
14.47 -0.0264866
14.48 -0.0286187
14.49 -0.0308264
14.5 -0.0331101
14.51 -0.0354699
14.52 -0.0379061
14.53 -0.040419
14.54 -0.0430093
14.55 -0.0456776
14.56 -0.0484245
14.57 -0.0512507
14.58 -0.0541569
14.59 -0.0571439
14.6 -0.0602122
14.61 -0.0633621
14.62 -0.0665935
14.63 -0.0699055
14.64 -0.0732967
14.65 -0.0767646
14.66 -0.080306
14.67 -0.0839169
14.68 -0.0875932
14.69 -0.0913307
14.7 -0.0951256
14.71 -0.0989743
14.72 -0.102873
14.73 -0.106818
14.74 -0.110803
14.75 -0.114822
14.76 -0.118868
14.77 -0.122935
14.78 -0.127015
14.79 -0.131101
14.8 -0.135188
14.81 -0.139268
14.82 -0.143334
14.83 -0.14738
14.84 -0.151399
14.85 -0.155385
14.86 -0.159331
14.87 -0.163231
14.88 -0.167078
14.89 -0.170866
14.9 -0.174589
14.91 -0.17824
14.92 -0.181811
14.93 -0.185296
14.94 -0.188689
14.95 -0.191982
14.96 -0.195169
14.97 -0.198243
14.98 -0.201198
14.99 -0.204029
15 -0.206733
15.01 -0.209308
15.02 -0.211753
15.03 -0.214068
15.04 -0.216257
15.05 -0.21832
15.06 -0.220261
15.07 -0.222084
15.08 -0.223795
15.09 -0.225397
15.1 -0.226895
15.11 -0.228294
15.12 -0.229599
15.13 -0.230815
15.14 -0.231945
15.15 -0.232996
15.16 -0.233971
15.17 -0.234875
15.18 -0.235711
15.19 -0.236483
15.2 -0.237192
15.21 -0.237842
15.22 -0.238436
15.23 -0.238975
15.24 -0.239464
15.25 -0.239906
15.26 -0.240304
15.27 -0.240663
15.28 -0.240988
15.29 -0.241283
15.3 -0.241552
15.31 -0.241801
15.32 -0.242032
15.33 -0.242247
15.34 -0.242449
15.35 -0.24264
15.36 -0.242823
15.37 -0.243
15.38 -0.243174
15.39 -0.243348
15.4 -0.243523
15.41 -0.243703
15.42 -0.243888
15.43 -0.24408
15.44 -0.24428
15.45 -0.244488
15.46 -0.244703
15.47 -0.244925
15.48 -0.245153
15.49 -0.245383
15.5 -0.245614
15.51 -0.24584
15.52 -0.246057
15.53 -0.246259
15.54 -0.246442
15.55 -0.246599
15.56 -0.246726
15.57 -0.246817
15.58 -0.246867
15.59 -0.24687
15.6 -0.246823
15.61 -0.246718
15.62 -0.246552
15.63 -0.246319
15.64 -0.246014
15.65 -0.245633
15.66 -0.245172
15.67 -0.244624
15.68 -0.243987
15.69 -0.243256
15.7 -0.242427
15.71 -0.241497
15.72 -0.240462
15.73 -0.239319
15.74 -0.238064
15.75 -0.236695
15.76 -0.235209
15.77 -0.233603
15.78 -0.231874
15.79 -0.230021
15.8 -0.228041
15.81 -0.225933
15.82 -0.223697
15.83 -0.221332
15.84 -0.218838
15.85 -0.216216
15.86 -0.213468
15.87 -0.210595
15.88 -0.207601
15.89 -0.204486
15.9 -0.201255
15.91 -0.197911
15.92 -0.194458
15.93 -0.190899
15.94 -0.18724
15.95 -0.183483
15.96 -0.179635
15.97 -0.1757
15.98 -0.171685
15.99 -0.167592
16 -0.163422
16.01 -0.159175
16.02 -0.15485
16.03 -0.150451
16.04 -0.145981
16.05 -0.141444
16.06 -0.136844
16.07 -0.132187
16.08 -0.127478
16.09 -0.122722
16.1 -0.117924
16.11 -0.113089
16.12 -0.108221
16.13 -0.103326
16.14 -0.0984079
16.15 -0.0934729
16.16 -0.0885259
16.17 -0.083572
16.18 -0.0786167
16.19 -0.0736653
16.2 -0.0687232
16.21 -0.0637957
16.22 -0.0588875
16.23 -0.0540031
16.24 -0.0491462
16.25 -0.0443197
16.26 -0.0395258
16.27 -0.0347659
16.28 -0.0300408
16.29 -0.0253511
16.3 -0.0206971
16.31 -0.0160793
16.32 -0.0114975
16.33 -0.00695175
16.34 -0.00244181
16.35 0.00203263
16.36 0.00647195
16.37 0.0108765
16.38 0.0152468
16.39 0.0195833
16.4 0.0238866
16.41 0.0281576
16.42 0.0323968
16.43 0.0366048
16.44 0.0407822
16.45 0.0449294
16.46 0.0490468
16.47 0.0531348
16.48 0.0571939
16.49 0.0612244
16.5 0.0652266
16.51 0.0692008
16.52 0.0731473
16.53 0.0770665
16.54 0.0809586
16.55 0.084824
16.56 0.088663
16.57 0.0924757
16.58 0.0962621
16.59 0.100022
16.6 0.103755
16.61 0.107461
16.62 0.111139
16.63 0.114788
16.64 0.118405
16.65 0.12199
16.66 0.125541
16.67 0.129054
16.68 0.132526
16.69 0.135955
16.7 0.139337
16.71 0.142668
16.72 0.145945
16.73 0.149164
16.74 0.152325
16.75 0.155424
16.76 0.158462
16.77 0.161435
16.78 0.164344
16.79 0.167188
16.8 0.169967
16.81 0.172679
16.82 0.175325
16.83 0.177906
16.84 0.18042
16.85 0.182868
16.86 0.185251
16.87 0.187568
16.88 0.189818
16.89 0.192003
16.9 0.19412
16.91 0.196171
16.92 0.198153
16.93 0.200066
16.94 0.201909
16.95 0.203682
16.96 0.205385
16.97 0.207016
16.98 0.208576
16.99 0.210065
17 0.211482
17.01 0.212827
17.02 0.2141
17.03 0.215302
17.04 0.216432
17.05 0.21749
17.06 0.218475
17.07 0.219388
17.08 0.220229
17.09 0.220997
17.1 0.221692
17.11 0.222315
17.12 0.222865
17.13 0.223342
17.14 0.223747
17.15 0.224078
17.16 0.224336
17.17 0.224521
17.18 0.224632
17.19 0.224671
17.2 0.224636
17.21 0.224527
17.22 0.224346
17.23 0.224092
17.24 0.223766
17.25 0.223368
17.26 0.2229
17.27 0.22236
17.28 0.221751
17.29 0.221072
17.3 0.220325
17.31 0.21951
17.32 0.218628
17.33 0.21768
17.34 0.216667
17.35 0.21559
17.36 0.21445
17.37 0.213247
17.38 0.211982
17.39 0.210655
17.4 0.209266
17.41 0.207814
17.42 0.206297
17.43 0.204715
17.44 0.203067
17.45 0.201353
17.46 0.199573
17.47 0.197727
17.48 0.195817
17.49 0.193845
17.5 0.191814
17.51 0.189725
17.52 0.187581
17.53 0.185385
17.54 0.183138
17.55 0.180843
17.56 0.178503
17.57 0.176122
17.58 0.173702
17.59 0.171246
17.6 0.168761
17.61 0.166249
17.62 0.163715
17.63 0.161167
17.64 0.158609
17.65 0.156047
17.66 0.153489
17.67 0.150941
17.68 0.148408
17.69 0.145893
17.7 0.1434
17.71 0.140929
17.72 0.138484
17.73 0.136065
17.74 0.133675
17.75 0.131315
17.76 0.128987
17.77 0.126691
17.78 0.124432
17.79 0.122211
17.8 0.120031
17.81 0.117897
17.82 0.115811
17.83 0.113776
17.84 0.111797
17.85 0.109876
17.86 0.108016
17.87 0.106222
17.88 0.104495
17.89 0.102837
17.9 0.101252
17.91 0.099741
17.92 0.0983041
17.93 0.0969423
17.94 0.0956561
17.95 0.0944459
17.96 0.0933116
17.97 0.0922533
17.98 0.0912707
17.99 0.0903636
18 0.0895315
18.01 0.088774
18.02 0.0880907
18.03 0.0874812
18.04 0.0869451
18.05 0.0864821
18.06 0.086092
18.07 0.0857745
18.08 0.0855296
18.09 0.0853568
18.1 0.0852559
18.11 0.0852265
18.12 0.0852682
18.13 0.0853807
18.14 0.0855636
18.15 0.0858163
18.16 0.0861386
18.17 0.0865303
18.18 0.0869909
18.19 0.0875204
18.2 0.0881185
18.21 0.0887853
18.22 0.0895204
18.23 0.0903234
18.24 0.0911939
18.25 0.0921309
18.26 0.0931334
18.27 0.0942004
18.28 0.0953304
18.29 0.0965223
18.3 0.0977746
18.31 0.0990858
18.32 0.100455
18.33 0.10188
18.34 0.103359
18.35 0.104891
18.36 0.106474
18.37 0.108105
18.38 0.109781
18.39 0.111501
18.4 0.113262
18.41 0.115062
18.42 0.116897
18.43 0.118765
18.44 0.120666
18.45 0.122596
18.46 0.124555
18.47 0.12654
18.48 0.12855
18.49 0.130585
18.5 0.132642
18.51 0.13472
18.52 0.136817
18.53 0.138931
18.54 0.14106
18.55 0.143202
18.56 0.145352
18.57 0.14751
18.58 0.14967
18.59 0.151831
18.6 0.153989
18.61 0.156141
18.62 0.158284
18.63 0.160416
18.64 0.162538
18.65 0.164651
18.66 0.166754
18.67 0.168849
18.68 0.170935
18.69 0.173012
18.7 0.175077
18.71 0.177129
18.72 0.179164
18.73 0.181177
18.74 0.183165
18.75 0.185122
18.76 0.187045
18.77 0.188929
18.78 0.19077
18.79 0.192564
18.8 0.194306
18.81 0.195992
18.82 0.197618
18.83 0.199179
18.84 0.200671
18.85 0.202089
18.86 0.203429
18.87 0.204686
18.88 0.205855
18.89 0.206931
18.9 0.207912
18.91 0.208793
18.92 0.209571
18.93 0.210244
18.94 0.210809
18.95 0.211266
18.96 0.211613
18.97 0.211848
18.98 0.211971
18.99 0.21198
19 0.211872
19.01 0.211645
19.02 0.211298
19.03 0.210828
19.04 0.210233
19.05 0.209511
19.06 0.20866
19.07 0.207681
19.08 0.206572
19.09 0.205334
19.1 0.203969
19.11 0.202477
19.12 0.20086
19.13 0.199118
19.14 0.197254
19.15 0.195267
19.16 0.193161
19.17 0.190937
19.18 0.188598
19.19 0.18615
19.2 0.183596
19.21 0.180943
19.22 0.178198
19.23 0.175368
19.24 0.172461
19.25 0.169485
19.26 0.166448
19.27 0.163355
19.28 0.160214
19.29 0.157031
19.3 0.153811
19.31 0.150561
19.32 0.147287
19.33 0.143998
19.34 0.1407
19.35 0.137402
19.36 0.134109
19.37 0.130826
19.38 0.127553
19.39 0.124295
19.4 0.121054
19.41 0.117833
19.42 0.114635
19.43 0.111463
19.44 0.10832
19.45 0.10521
19.46 0.102135
19.47 0.0990975
19.48 0.0961012
19.49 0.0931486
19.5 0.0902425
19.51 0.0873852
19.52 0.084579
19.53 0.0818261
19.54 0.0791283
19.55 0.0764871
19.56 0.0739032
19.57 0.0713772
19.58 0.0689092
19.59 0.0664995
19.6 0.064148
19.61 0.0618546
19.62 0.059619
19.63 0.0574408
19.64 0.0553197
19.65 0.0532553
19.66 0.0512472
19.67 0.0492947
19.68 0.0473973
19.69 0.0455543
19.7 0.0437647
19.71 0.0420276
19.72 0.040342
19.73 0.0387066
19.74 0.0371206
19.75 0.0355829
19.76 0.034093
19.77 0.0326504
19.78 0.031255
19.79 0.0299066
19.8 0.028605
19.81 0.0273502
19.82 0.0261418
19.83 0.0249798
19.84 0.0238635
19.85 0.0227924
19.86 0.0217657
19.87 0.0207824
19.88 0.0198416
19.89 0.0189422
19.9 0.0180833
19.91 0.0172639
19.92 0.0164835
19.93 0.0157417
19.94 0.0150381
19.95 0.0143724
19.96 0.013744
19.97 0.0131523
19.98 0.0125966
19.99 0.0120757
20 0.0115885
20.01 0.0111335
20.02 0.0107094
20.03 0.0103151
20.04 0.00994949
20.05 0.00961239
20.06 0.0093039
20.07 0.00902462
20.08 0.00877563
20.09 0.00855847
20.1 0.00837515
20.11 0.00822802
20.12 0.00811954
20.13 0.0080521
20.14 0.00802799
20.15 0.00804951
20.16 0.00811884
20.17 0.00823797
20.18 0.00840856
20.19 0.00863198
20.2 0.00890919
20.21 0.00924077
20.22 0.00962697
20.23 0.0100679
20.24 0.0105637
20.25 0.0111143
20.26 0.0117195
20.27 0.0123787
20.28 0.0130914
20.29 0.0138563
20.3 0.0146722
20.31 0.0155374
20.32 0.01645
20.33 0.0174079
20.34 0.0184089
20.35 0.0194506
20.36 0.0205307
20.37 0.0216472
20.38 0.0227981
20.39 0.0239819
20.4 0.0251975
20.41 0.0264439
20.42 0.0277207
20.43 0.0290273
20.44 0.0303635
20.45 0.031729
20.46 0.0331233
20.47 0.0345458
20.48 0.0359961
20.49 0.0374736
20.5 0.0389778
20.51 0.0405083
20.52 0.0420644
20.53 0.0436457
20.54 0.0452516
20.55 0.0468816
20.56 0.0485349
20.57 0.0502107
20.58 0.0519079
20.59 0.0536247
20.6 0.055359
20.61 0.0571079
20.62 0.0588685
20.63 0.0606374
20.64 0.0624113
20.65 0.0641867
20.66 0.0659601
20.67 0.0677282
20.68 0.0694877
20.69 0.0712354
20.7 0.0729683
20.71 0.0746834
20.72 0.0763782
20.73 0.0780498
20.74 0.0796958
20.75 0.0813136
20.76 0.0829016
20.77 0.0844599
20.78 0.0859894
20.79 0.0874907
20.8 0.0889648
20.81 0.0904132
20.82 0.0918376
20.83 0.0932403
20.84 0.0946237
20.85 0.0959901
20.86 0.0973417
20.87 0.0986804
20.88 0.100008
20.89 0.101325
20.9 0.102633
20.91 0.103933
20.92 0.105224
20.93 0.106509
20.94 0.107786
20.95 0.109057
20.96 0.110322
20.97 0.111581
20.98 0.112833
20.99 0.114079
21 0.115316
21.01 0.116544
21.02 0.117761
21.03 0.118965
21.04 0.120152
21.05 0.121321
21.06 0.12247
21.07 0.123595
21.08 0.124695
21.09 0.125766
21.1 0.126808
21.11 0.127818
21.12 0.128793
21.13 0.129732
21.14 0.130635
21.15 0.1315
21.16 0.132327
21.17 0.133114
21.18 0.133861
21.19 0.134568
21.2 0.135233
21.21 0.135855
21.22 0.136435
21.23 0.136971
21.24 0.137463
21.25 0.13791
21.26 0.138312
21.27 0.138669
21.28 0.13898
21.29 0.139246
21.3 0.139467
21.31 0.139644
21.32 0.139778
21.33 0.139868
21.34 0.139914
21.35 0.139918
21.36 0.139878
21.37 0.139794
21.38 0.139665
21.39 0.139492
21.4 0.139272
21.41 0.139006
21.42 0.138691
21.43 0.138327
21.44 0.137912
21.45 0.137447
21.46 0.13693
21.47 0.13636
21.48 0.135739
21.49 0.135065
21.5 0.134339
21.51 0.133562
21.52 0.132732
21.53 0.131851
21.54 0.13092
21.55 0.129938
21.56 0.128907
21.57 0.127827
21.58 0.126699
21.59 0.125523
21.6 0.124301
21.61 0.123032
21.62 0.121716
21.63 0.120356
21.64 0.118952
21.65 0.117505
21.66 0.116018
21.67 0.114492
21.68 0.112931
21.69 0.111338
21.7 0.109714
21.71 0.108063
21.72 0.106388
21.73 0.104692
21.74 0.102977
21.75 0.101247
21.76 0.0995065
21.77 0.0977579
21.78 0.0960058
21.79 0.0942542
21.8 0.0925074
21.81 0.0907692
21.82 0.0890435
21.83 0.0873336
21.84 0.0856428
21.85 0.0839736
21.86 0.0823286
21.87 0.08071
21.88 0.0791197
21.89 0.0775595
21.9 0.0760311
21.91 0.074536
21.92 0.0730758
21.93 0.0716525
21.94 0.0702677
21.95 0.0689236
21.96 0.067622
21.97 0.0663646
21.98 0.0651517
21.99 0.0639821
22 0.0628538
22.01 0.0617648
22.02 0.0607128
22.03 0.0596954
22.04 0.0587104
22.05 0.0577557
22.06 0.05683
22.07 0.0559326
22.08 0.0550635
22.09 0.0542228
22.1 0.0534112
22.11 0.0526291
22.12 0.0518774
22.13 0.0511569
22.14 0.0504685
22.15 0.0498128
22.16 0.0491904
22.17 0.0486016
22.18 0.0480467
22.19 0.0475257
22.2 0.0470389
22.21 0.0465864
22.22 0.0461685
22.23 0.0457861
22.24 0.0454396
22.25 0.0451302
22.26 0.0448587
22.27 0.044626
22.28 0.044433
22.29 0.0442804
22.3 0.0441687
22.31 0.044098
22.32 0.0440681
22.33 0.0440782
22.34 0.0441276
22.35 0.0442152
22.36 0.0443399
22.37 0.0445004
22.38 0.0446954
22.39 0.0449239
22.4 0.0451847
22.41 0.045477
22.42 0.0457999
22.43 0.0461528
22.44 0.046535
22.45 0.0469461
22.46 0.0473856
22.47 0.0478534
22.48 0.0483495
22.49 0.0488741
22.5 0.0494277
22.51 0.0500108
22.52 0.0506243
22.53 0.0512691
22.54 0.0519465
22.55 0.0526572
22.56 0.0534025
22.57 0.0541833
22.58 0.0550007
22.59 0.0558557
22.6 0.0567491
22.61 0.0576819
22.62 0.0586548
22.63 0.0596685
22.64 0.0607231
22.65 0.0618189
22.66 0.0629555
22.67 0.0641322
22.68 0.065348
22.69 0.0666015
22.7 0.0678911
22.71 0.0692157
22.72 0.0705737
22.73 0.0719638
22.74 0.0733848
22.75 0.0748354
22.76 0.076314
22.77 0.0778193
22.78 0.0793494
22.79 0.0809025
22.8 0.0824767
22.81 0.08407
22.82 0.0856804
22.83 0.0873058
22.84 0.0889439
22.85 0.0905926
22.86 0.0922497
22.87 0.0939125
22.88 0.0955788
22.89 0.097246
22.9 0.0989111
22.91 0.100571
22.92 0.102224
22.93 0.103865
22.94 0.105491
22.95 0.107099
22.96 0.108685
22.97 0.110245
22.98 0.111775
22.99 0.113272
23 0.114733
23.01 0.116155
23.02 0.117536
23.03 0.118876
23.04 0.120175
23.05 0.121434
23.06 0.122655
23.07 0.123839
23.08 0.124986
23.09 0.126097
23.1 0.127171
23.11 0.128209
23.12 0.12921
23.13 0.130175
23.14 0.131102
23.15 0.131994
23.16 0.132848
23.17 0.133666
23.18 0.134447
23.19 0.135192
23.2 0.1359
23.21 0.136572
23.22 0.137209
23.23 0.13781
23.24 0.138377
23.25 0.138908
23.26 0.139404
23.27 0.139866
23.28 0.140294
23.29 0.140687
23.3 0.141048
23.31 0.141375
23.32 0.14167
23.33 0.141934
23.34 0.142167
23.35 0.142369
23.36 0.142541
23.37 0.142683
23.38 0.142795
23.39 0.142877
23.4 0.142929
23.41 0.14295
23.42 0.142939
23.43 0.142895
23.44 0.142817
23.45 0.142704
23.46 0.142555
23.47 0.142368
23.48 0.142142
23.49 0.141878
23.5 0.141574
23.51 0.141231
23.52 0.140849
23.53 0.140429
23.54 0.13997
23.55 0.139473
23.56 0.13894
23.57 0.13837
23.58 0.137765
23.59 0.137126
23.6 0.136454
23.61 0.13575
23.62 0.135016
23.63 0.134254
23.64 0.133464
23.65 0.13265
23.66 0.131812
23.67 0.130953
23.68 0.130075
23.69 0.129179
23.7 0.128267
23.71 0.12734
23.72 0.126401
23.73 0.125449
23.74 0.124486
23.75 0.123512
23.76 0.122529
23.77 0.121536
23.78 0.120534
23.79 0.11952
23.8 0.118496
23.81 0.117459
23.82 0.11641
23.83 0.115347
23.84 0.114269
23.85 0.113177
23.86 0.112069
23.87 0.110945
23.88 0.109806
23.89 0.108649
23.9 0.107476
23.91 0.106286
23.92 0.105077
23.93 0.103849
23.94 0.102602
23.95 0.101335
23.96 0.100047
23.97 0.0987396
23.98 0.0974119
23.99 0.0960651
24 0.0947009
24.01 0.0933212
24.02 0.0919283
24.03 0.0905251
24.04 0.0891147
24.05 0.087701
24.06 0.0862885
24.07 0.0848821
24.08 0.0834871
24.09 0.0821089
24.1 0.0807527
24.11 0.0794234
24.12 0.0781258
24.13 0.0768638
24.14 0.0756411
24.15 0.0744606
24.16 0.0733246
24.17 0.0722348
24.18 0.0711928
24.19 0.0702
24.2 0.0692571
24.21 0.0683639
24.22 0.0675197
24.23 0.0667237
24.24 0.0659748
24.25 0.0652721
24.26 0.0646145
24.27 0.0640009
24.28 0.0634297
24.29 0.0628994
24.3 0.0624081
24.31 0.0619539
24.32 0.0615345
24.33 0.0611483
24.34 0.0607936
24.35 0.0604696
24.36 0.060176
24.37 0.0599128
24.38 0.0596802
24.39 0.0594788
24.4 0.0593091
24.41 0.0591717
24.42 0.0590672
24.43 0.0589961
24.44 0.0589585
24.45 0.0589547
24.46 0.0589847
24.47 0.0590485
24.48 0.0591463
24.49 0.0592782
24.5 0.0594442
24.51 0.0596445
24.52 0.059879
24.53 0.0601477
24.54 0.0604504
24.55 0.0607865
24.56 0.0611554
24.57 0.0615566
24.58 0.0619887
24.59 0.0624507
24.6 0.0629412
24.61 0.0634587
24.62 0.064002
24.63 0.0645696
24.64 0.0651599
24.65 0.0657717
24.66 0.0664038
24.67 0.0670554
24.68 0.0677255
24.69 0.0684138
24.7 0.0691198
24.71 0.0698433
24.72 0.070584
24.73 0.0713418
24.74 0.0721164
24.75 0.0729077
24.76 0.0737155
24.77 0.0745399
24.78 0.0753805
24.79 0.076237
24.8 0.0771088
24.81 0.0779953
24.82 0.0788954
24.83 0.079808
24.84 0.0807317
24.85 0.0816651
24.86 0.0826066
24.87 0.0835544
24.88 0.0845067
24.89 0.0854616
24.9 0.0864166
24.91 0.0873694
24.92 0.0883173
24.93 0.0892576
24.94 0.0901874
24.95 0.0911039
24.96 0.0920042
24.97 0.0928855
24.98 0.0937451
24.99 0.0945801
25 0.0953883
