0.01 3.17687e-09
0.02 1.53091e-08
0.03 3.78276e-08
0.04 6.8409e-08
0.05 1.04774e-07
0.06 1.44707e-07
0.07 1.86078e-07
0.08 2.26833e-07
0.09 2.64982e-07
0.1 2.98595e-07
0.11 3.25826e-07
0.12 3.44913e-07
0.13 3.54138e-07
0.14 3.51776e-07
0.15 3.36076e-07
0.16 3.05323e-07
0.17 2.57886e-07
0.18 1.92229e-07
0.19 1.06923e-07
0.2 6.59074e-10
0.21 -1.27744e-07
0.22 -2.79334e-07
0.23 -4.55028e-07
0.24 -6.55636e-07
0.25 -8.81888e-07
0.26 -1.1345e-06
0.27 -1.4142e-06
0.28 -1.72161e-06
0.29 -2.05697e-06
0.3 -2.42007e-06
0.31 -2.81015e-06
0.32 -3.22588e-06
0.33 -3.6652e-06
0.34 -4.12515e-06
0.35 -4.60221e-06
0.36 -5.09247e-06
0.37 -5.5918e-06
0.38 -6.09641e-06
0.39 -6.60365e-06
0.4 -7.11255e-06
0.41 -7.62422e-06
0.42 -8.14133e-06
0.43 -8.66754e-06
0.44 -9.20758e-06
0.45 -9.76705e-06
0.46 -1.0352e-05
0.47 -1.09686e-05
0.48 -1.16222e-05
0.49 -1.23177e-05
0.5 -1.30586e-05
0.51 -1.38481e-05
0.52 -1.46889e-05
0.53 -1.55827e-05
0.54 -1.65309e-05
0.55 -1.75343e-05
0.56 -1.85933e-05
0.57 -1.9708e-05
0.58 -2.0878e-05
0.59 -2.21031e-05
0.6 -2.33829e-05
0.61 -2.47168e-05
0.62 -2.6104e-05
0.63 -2.75434e-05
0.64 -2.90341e-05
0.65 -3.05749e-05
0.66 -3.2165e-05
0.67 -3.38036e-05
0.68 -3.54902e-05
0.69 -3.72247e-05
0.7 -3.90068e-05
0.71 -4.0836e-05
0.72 -4.27111e-05
0.73 -4.46292e-05
0.74 -4.65856e-05
0.75 -4.85728e-05
0.76 -5.05802e-05
0.77 -5.25948e-05
0.78 -5.4602e-05
0.79 -5.65879e-05
0.8 -5.85411e-05
0.81 -6.0453e-05
0.82 -6.23175e-05
0.83 -6.41303e-05
0.84 -6.58889e-05
0.85 -6.75945e-05
0.86 -6.92508e-05
0.87 -7.08607e-05
0.88 -7.24221e-05
0.89 -7.39271e-05
0.9 -7.5365e-05
0.91 -7.67231e-05
0.92 -7.79887e-05
0.93 -7.91507e-05
0.94 -8.02024e-05
0.95 -8.11429e-05
0.96 -8.19777e-05
0.97 -8.27177e-05
0.98 -8.33746e-05
0.99 -8.39557e-05
1 -8.44618e-05
1.01 -8.48881e-05
1.02 -8.52242e-05
1.03 -8.54548e-05
1.04 -8.55623e-05
1.05 -8.55293e-05
1.06 -8.53415e-05
1.07 -8.49896e-05
1.08 -8.44677e-05
1.09 -8.3771e-05
1.1 -8.28942e-05
1.11 -8.18335e-05
1.12 -8.05852e-05
1.13 -7.91441e-05
1.14 -7.75038e-05
1.15 -7.56581e-05
1.16 -7.36033e-05
1.17 -7.13401e-05
1.18 -6.88763e-05
1.19 -6.62251e-05
1.2 -6.34012e-05
1.21 -6.04229e-05
1.22 -5.73132e-05
1.23 -5.40969e-05
1.24 -5.0795e-05
1.25 -4.74172e-05
1.26 -4.39567e-05
1.27 -4.03958e-05
1.28 -3.67147e-05
1.29 -3.28947e-05
1.3 -2.89189e-05
1.31 -2.47768e-05
1.32 -2.04676e-05
1.33 -1.59965e-05
1.34 -1.13701e-05
1.35 -6.59271e-06
1.36 -1.66598e-06
1.37 3.41101e-06
1.38 8.64107e-06
1.39 1.40277e-05
1.4 1.95732e-05
1.41 2.52751e-05
1.42 3.11228e-05
1.43 3.70934e-05
1.44 4.31474e-05
1.45 4.92271e-05
1.46 5.5258e-05
1.47 6.11554e-05
1.48 6.68311e-05
1.49 7.21949e-05
1.5 7.71579e-05
1.51 8.16371e-05
1.52 8.55581e-05
1.53 8.88618e-05
1.54 9.15126e-05
1.55 9.35062e-05
1.56 9.4872e-05
1.57 9.56636e-05
1.58 9.59504e-05
1.59 9.58108e-05
1.6 9.532e-05
1.61 9.45431e-05
1.62 9.35381e-05
1.63 9.23549e-05
1.64 9.10355e-05
1.65 8.96145e-05
1.66 8.81169e-05
1.67 8.65562e-05
1.68 8.49362e-05
1.69 8.32573e-05
1.7 8.152e-05
1.71 7.97248e-05
1.72 7.78728e-05
1.73 7.59682e-05
1.74 7.40214e-05
1.75 7.20534e-05
1.76 7.00904e-05
1.77 6.81574e-05
1.78 6.62822e-05
1.79 6.45003e-05
1.8 6.28535e-05
1.81 6.13841e-05
1.82 6.0135e-05
1.83 5.9148e-05
1.84 5.84534e-05
1.85 5.80644e-05
1.86 5.79816e-05
1.87 5.82029e-05
1.88 5.87293e-05
1.89 5.95653e-05
1.9 6.07197e-05
1.91 6.2205e-05
1.92 6.40378e-05
1.93 6.62362e-05
1.94 6.88069e-05
1.95 7.1729e-05
1.96 7.4953e-05
1.97 7.84063e-05
1.98 8.19974e-05
1.99 8.56274e-05
2 8.92109e-05
2.01 9.26938e-05
2.02 9.60559e-05
2.03 9.93074e-05
2.04 0.000102486
2.05 0.000105649
2.06 0.000108859
2.07 0.000112176
2.08 0.000115644
2.09 0.000119275
2.1 0.00012305
2.11 0.000126922
2.12 0.000130812
2.13 0.000134603
2.14 0.000138158
2.15 0.000141324
2.16 0.000143941
2.17 0.000145845
2.18 0.000146874
2.19 0.000146857
2.2 0.00014561
2.21 0.000142938
2.22 0.000138654
2.23 0.000132577
2.24 0.000124542
2.25 0.000114395
2.26 0.000101997
2.27 8.72498e-05
2.28 7.01055e-05
2.29 5.05502e-05
2.3 2.86025e-05
2.31 4.31299e-06
2.32 -2.22283e-05
2.33 -5.08808e-05
2.34 -8.14473e-05
2.35 -0.00011368
2.36 -0.000147289
2.37 -0.000181955
2.38 -0.000217337
2.39 -0.000253071
2.4 -0.000288791
2.41 -0.000324168
2.42 -0.000358931
2.43 -0.000392848
2.44 -0.000425707
2.45 -0.000457314
2.46 -0.000487493
2.47 -0.000516094
2.48 -0.000543002
2.49 -0.000568119
2.5 -0.000591343
2.51 -0.000612561
2.52 -0.000631647
2.53 -0.00064847
2.54 -0.000662907
2.55 -0.000674831
2.56 -0.000684122
2.57 -0.000690691
2.58 -0.000694502
2.59 -0.000695579
2.6 -0.000693997
2.61 -0.000689868
2.62 -0.000683318
2.63 -0.000674471
2.64 -0.000663433
2.65 -0.000650296
2.66 -0.000635133
2.67 -0.000618006
2.68 -0.000598972
2.69 -0.000578103
2.7 -0.000555486
2.71 -0.000531214
2.72 -0.000505382
2.73 -0.000478091
2.74 -0.000449421
2.75 -0.000419433
2.76 -0.000388183
2.77 -0.000355724
2.78 -0.00032208
2.79 -0.00028724
2.8 -0.000251157
2.81 -0.000213758
2.82 -0.000174971
2.83 -0.00013476
2.84 -9.31266e-05
2.85 -5.01145e-05
2.86 -5.80249e-06
2.87 3.96889e-05
2.88 8.61815e-05
2.89 0.000133449
2.9 0.00018124
2.91 0.000229288
2.92 0.00027731
2.93 0.000325015
2.94 0.000372117
2.95 0.000418338
2.96 0.000463422
2.97 0.000507159
2.98 0.000549402
2.99 0.000590049
3 0.000629035
3.01 0.000666321
3.02 0.000701872
3.03 0.000735638
3.04 0.000767551
3.05 0.000797512
3.06 0.000825389
3.07 0.00085101
3.08 0.000874168
3.09 0.000894637
3.1 0.000912205
3.11 0.000926702
3.12 0.000938019
3.13 0.000946121
3.14 0.000951035
3.15 0.000952822
3.16 0.000951565
3.17 0.000947374
3.18 0.000940379
3.19 0.000930717
3.2 0.000918509
3.21 0.000903868
3.22 0.000886942
3.23 0.000867918
3.24 0.000847029
3.25 0.00082454
3.26 0.000800736
3.27 0.000775941
3.28 0.000750533
3.29 0.000724906
3.3 0.000699437
3.31 0.000674512
3.32 0.000650514
3.33 0.000627787
3.34 0.00060658
3.35 0.000587028
3.36 0.000569134
3.37 0.000552777
3.38 0.000537732
3.39 0.000523669
3.4 0.000510167
3.41 0.000496734
3.42 0.000482836
3.43 0.000467938
3.44 0.000451523
3.45 0.000433096
3.46 0.000412201
3.47 0.000388461
3.48 0.000361622
3.49 0.000331577
3.5 0.000298357
3.51 0.000262117
3.52 0.000223126
3.53 0.00018175
3.54 0.000138418
3.55 9.35713e-05
3.56 4.76021e-05
3.57 8.47192e-07
3.58 -4.63697e-05
3.59 -9.37286e-05
3.6 -0.000140951
3.61 -0.00018782
3.62 -0.000234175
3.63 -0.000279908
3.64 -0.000324966
3.65 -0.000369354
3.66 -0.000413132
3.67 -0.00045643
3.68 -0.000499447
3.69 -0.000542429
3.7 -0.000585617
3.71 -0.00062923
3.72 -0.000673487
3.73 -0.00071858
3.74 -0.000764648
3.75 -0.00081179
3.76 -0.000860074
3.77 -0.00090953
3.78 -0.000960147
3.79 -0.00101188
3.8 -0.00106464
3.81 -0.00111828
3.82 -0.0011726
3.83 -0.00122736
3.84 -0.00128231
3.85 -0.00133717
3.86 -0.00139171
3.87 -0.00144575
3.88 -0.00149924
3.89 -0.00155224
3.9 -0.00160491
3.91 -0.00165754
3.92 -0.00171052
3.93 -0.00176433
3.94 -0.00181948
3.95 -0.00187648
3.96 -0.00193583
3.97 -0.00199797
3.98 -0.00206322
3.99 -0.00213175
4 -0.00220359
4.01 -0.00227858
4.02 -0.00235648
4.03 -0.00243689
4.04 -0.0025193
4.05 -0.00260307
4.06 -0.00268748
4.07 -0.00277166
4.08 -0.00285459
4.09 -0.00293517
4.1 -0.00301217
4.11 -0.00308437
4.12 -0.00315063
4.13 -0.00320996
4.14 -0.0032616
4.15 -0.00330502
4.16 -0.00334002
4.17 -0.00336676
4.18 -0.00338566
4.19 -0.00339735
4.2 -0.0034027
4.21 -0.00340268
4.22 -0.00339836
4.23 -0.00339073
4.24 -0.00338068
4.25 -0.00336901
4.26 -0.00335645
4.27 -0.00334365
4.28 -0.00333114
4.29 -0.00331929
4.3 -0.00330835
4.31 -0.0032984
4.32 -0.00328942
4.33 -0.00328128
4.34 -0.00327371
4.35 -0.00326632
4.36 -0.00325854
4.37 -0.00324972
4.38 -0.00323908
4.39 -0.0032258
4.4 -0.00320903
4.41 -0.00318786
4.42 -0.00316137
4.43 -0.00312865
4.44 -0.00308882
4.45 -0.00304109
4.46 -0.00298482
4.47 -0.00291958
4.48 -0.00284512
4.49 -0.00276139
4.5 -0.00266837
4.51 -0.00256611
4.52 -0.00245475
4.53 -0.00233455
4.54 -0.00220591
4.55 -0.00206931
4.56 -0.00192534
4.57 -0.00177465
4.58 -0.00161799
4.59 -0.00145614
4.6 -0.00128996
4.61 -0.00112029
4.62 -0.000947927
4.63 -0.00077363
4.64 -0.000598093
4.65 -0.000421941
4.66 -0.00024571
4.67 -6.98001e-05
4.68 0.000105547
4.69 0.000280217
4.7 0.000454168
4.71 0.000627366
4.72 0.00079975
4.73 0.000971258
4.74 0.0011418
4.75 0.00131119
4.76 0.00147917
4.77 0.00164543
4.78 0.00180961
4.79 0.00197136
4.8 0.00213033
4.81 0.0022861
4.82 0.00243822
4.83 0.00258623
4.84 0.0027297
4.85 0.00286814
4.86 0.00300105
4.87 0.00312794
4.88 0.00324845
4.89 0.00336219
4.9 0.00346884
4.91 0.00356812
4.92 0.00365983
4.93 0.00374382
4.94 0.00381997
4.95 0.0038882
4.96 0.00394845
4.97 0.00400073
4.98 0.0040451
4.99 0.00408172
5 0.00411078
5.01 0.00413249
5.02 0.00414703
5.03 0.00415446
5.04 0.00415473
5.05 0.0041477
5.06 0.00413308
5.07 0.00411047
5.08 0.00407936
5.09 0.00403921
5.1 0.00398943
5.11 0.00392941
5.12 0.00385856
5.13 0.0037764
5.14 0.00368253
5.15 0.0035767
5.16 0.00345886
5.17 0.00332923
5.18 0.0031882
5.19 0.00303635
5.2 0.0028744
5.21 0.00270322
5.22 0.00252378
5.23 0.00233704
5.24 0.00214398
5.25 0.00194556
5.26 0.00174276
5.27 0.00153666
5.28 0.0013284
5.29 0.00111907
5.3 0.000909778
5.31 0.000701561
5.32 0.000495389
5.33 0.00029206
5.34 9.21571e-05
5.35 -0.000103945
5.36 -0.000296105
5.37 -0.000484468
5.38 -0.000669436
5.39 -0.000851557
5.4 -0.00103144
5.41 -0.00120969
5.42 -0.00138693
5.43 -0.00156366
5.44 -0.00174024
5.45 -0.00191688
5.46 -0.00209362
5.47 -0.00227038
5.48 -0.00244703
5.49 -0.00262338
5.5 -0.00279916
5.51 -0.00297402
5.52 -0.00314754
5.53 -0.00331929
5.54 -0.00348885
5.55 -0.00365574
5.56 -0.00381945
5.57 -0.00397955
5.58 -0.00413566
5.59 -0.00428751
5.6 -0.00443485
5.61 -0.00457741
5.62 -0.00471491
5.63 -0.00484705
5.64 -0.00497348
5.65 -0.00509389
5.66 -0.00520794
5.67 -0.0053153
5.68 -0.0054156
5.69 -0.0055084
5.7 -0.0055932
5.71 -0.00566942
5.72 -0.00573641
5.73 -0.00579349
5.74 -0.00583997
5.75 -0.00587516
5.76 -0.00589838
5.77 -0.00590904
5.78 -0.00590668
5.79 -0.005891
5.8 -0.0058619
5.81 -0.00581949
5.82 -0.00576411
5.83 -0.0056964
5.84 -0.00561719
5.85 -0.0055275
5.86 -0.00542848
5.87 -0.00532137
5.88 -0.00520747
5.89 -0.00508808
5.9 -0.0049645
5.91 -0.00483791
5.92 -0.0047094
5.93 -0.00457991
5.94 -0.00445024
5.95 -0.00432101
5.96 -0.00419262
5.97 -0.00406516
5.98 -0.0039384
5.99 -0.00381192
6 -0.00368505
6.01 -0.00355698
6.02 -0.00342683
6.03 -0.00329369
6.04 -0.00315662
6.05 -0.00301469
6.06 -0.00286704
6.07 -0.00271293
6.08 -0.00255181
6.09 -0.00238336
6.1 -0.00220735
6.11 -0.00202372
6.12 -0.00183254
6.13 -0.00163402
6.14 -0.00142845
6.15 -0.00121614
6.16 -0.000997343
6.17 -0.000772215
6.18 -0.000540719
6.19 -0.000302628
6.2 -5.76036e-05
6.21 0.000194741
6.22 0.000454857
6.23 0.000723251
6.24 0.00100042
6.25 0.0012868
6.26 0.00158281
6.27 0.00188885
6.28 0.00220528
6.29 0.00253248
6.3 0.00287086
6.31 0.00322084
6.32 0.0035829
6.33 0.00395756
6.34 0.00434537
6.35 0.00474685
6.36 0.00516249
6.37 0.00559255
6.38 0.00603698
6.39 0.00649539
6.4 0.00696716
6.41 0.00745147
6.42 0.00794739
6.43 0.00845404
6.44 0.00897062
6.45 0.00949648
6.46 0.0100313
6.47 0.0105747
6.48 0.0111268
6.49 0.0116873
6.5 0.0122557
6.51 0.0128314
6.52 0.013413
6.53 0.013999
6.54 0.0145874
6.55 0.0151757
6.56 0.015761
6.57 0.01634
6.58 0.0169094
6.59 0.0174658
6.6 0.0180059
6.61 0.018527
6.62 0.0190263
6.63 0.0195019
6.64 0.0199518
6.65 0.0203747
6.66 0.020769
6.67 0.0211335
6.68 0.0214667
6.69 0.0217673
6.7 0.022034
6.71 0.0222654
6.72 0.0224606
6.73 0.0226182
6.74 0.0227374
6.75 0.0228173
6.76 0.0228574
6.77 0.0228571
6.78 0.0228164
6.79 0.0227353
6.8 0.0226139
6.81 0.0224528
6.82 0.0222522
6.83 0.0220125
6.84 0.0217342
6.85 0.0214174
6.86 0.0210625
6.87 0.0206693
6.88 0.020238
6.89 0.0197687
6.9 0.0192615
6.91 0.0187168
6.92 0.0181353
6.93 0.0175181
6.94 0.0168665
6.95 0.0161822
6.96 0.0154673
6.97 0.0147239
6.98 0.0139539
6.99 0.0131591
7 0.012341
7.01 0.0115008
7.02 0.0106394
7.03 0.00975752
7.04 0.00885584
7.05 0.00793525
7.06 0.00699692
7.07 0.00604243
7.08 0.00507374
7.09 0.00409318
7.1 0.00310337
7.11 0.00210712
7.12 0.0011073
7.13 0.000106624
7.14 -0.000892593
7.15 -0.00188846
7.16 -0.00287954
7.17 -0.00386474
7.18 -0.00484328
7.19 -0.00581453
7.2 -0.00677796
7.21 -0.00773297
7.22 -0.00867882
7.23 -0.00961447
7.24 -0.0105386
7.25 -0.0114496
7.26 -0.0123455
7.27 -0.0132245
7.28 -0.0140846
7.29 -0.0149241
7.3 -0.0157416
7.31 -0.0165358
7.32 -0.0173062
7.33 -0.0180521
7.34 -0.0187733
7.35 -0.0194697
7.36 -0.0201408
7.37 -0.0207861
7.38 -0.0214049
7.39 -0.0219958
7.4 -0.0225575
7.41 -0.0230884
7.42 -0.0235867
7.43 -0.0240509
7.44 -0.0244794
7.45 -0.0248713
7.46 -0.0252261
7.47 -0.0255434
7.48 -0.0258234
7.49 -0.0260669
7.5 -0.0262748
7.51 -0.0264486
7.52 -0.0265899
7.53 -0.0267005
7.54 -0.0267822
7.55 -0.0268368
7.56 -0.0268659
7.57 -0.0268713
7.58 -0.0268547
7.59 -0.026818
7.6 -0.0267629
7.61 -0.0266913
7.62 -0.0266047
7.63 -0.0265044
7.64 -0.0263911
7.65 -0.0262652
7.66 -0.0261266
7.67 -0.0259747
7.68 -0.0258081
7.69 -0.025625
7.7 -0.0254232
7.71 -0.0252
7.72 -0.0249527
7.73 -0.0246791
7.74 -0.0243771
7.75 -0.0240455
7.76 -0.0236833
7.77 -0.0232902
7.78 -0.0228661
7.79 -0.0224113
7.8 -0.0219264
7.81 -0.0214123
7.82 -0.0208702
7.83 -0.0203015
7.84 -0.0197078
7.85 -0.0190911
7.86 -0.0184533
7.87 -0.0177964
7.88 -0.0171225
7.89 -0.0164336
7.9 -0.0157315
7.91 -0.0150179
7.92 -0.0142942
7.93 -0.0135615
7.94 -0.0128208
7.95 -0.0120727
7.96 -0.0113177
7.97 -0.010556
7.98 -0.00978771
7.99 -0.00901284
8 -0.00823134
8.01 -0.00744327
8.02 -0.0066488
8.03 -0.00584825
8.04 -0.00504218
8.05 -0.0042314
8.06 -0.00341703
8.07 -0.00260047
8.08 -0.00178326
8.09 -0.000967013
8.1 -0.000153291
8.11 0.000656551
8.12 0.00146151
8.13 0.00226099
8.14 0.0030547
8.15 0.00384269
8.16 0.00462529
8.17 0.00540304
8.18 0.00617662
8.19 0.00694671
8.2 0.00771396
8.21 0.00847896
8.22 0.00924205
8.23 0.0100034
8.24 0.0107632
8.25 0.0115212
8.26 0.0122771
8.27 0.0130303
8.28 0.0137802
8.29 0.0145256
8.3 0.0152652
8.31 0.0159971
8.32 0.0167191
8.33 0.0174283
8.34 0.0181213
8.35 0.0187945
8.36 0.019444
8.37 0.020066
8.38 0.0206569
8.39 0.0212137
8.4 0.0217338
8.41 0.0222155
8.42 0.0226576
8.43 0.0230591
8.44 0.02342
8.45 0.0237402
8.46 0.0240206
8.47 0.0242621
8.48 0.0244662
8.49 0.0246346
8.5 0.0247692
8.51 0.0248718
8.52 0.0249444
8.53 0.0249884
8.54 0.0250052
8.55 0.0249955
8.56 0.0249597
8.57 0.0248981
8.58 0.0248106
8.59 0.0246972
8.6 0.0245578
8.61 0.0243924
8.62 0.024201
8.63 0.023984
8.64 0.0237422
8.65 0.0234766
8.66 0.0231885
8.67 0.0228795
8.68 0.0225516
8.69 0.0222067
8.7 0.0218467
8.71 0.0214735
8.72 0.021089
8.73 0.0206949
8.74 0.0202926
8.75 0.0198834
8.76 0.0194683
8.77 0.0190478
8.78 0.0186222
8.79 0.0181915
8.8 0.0177553
8.81 0.017313
8.82 0.0168637
8.83 0.0164064
8.84 0.0159404
8.85 0.0154648
8.86 0.0149792
8.87 0.0144832
8.88 0.0139766
8.89 0.0134593
8.9 0.0129317
8.91 0.0123944
8.92 0.0118482
8.93 0.011294
8.94 0.010733
8.95 0.010166
8.96 0.00959399
8.97 0.00901787
8.98 0.00843838
8.99 0.00785618
9 0.00727166
9.01 0.00668497
9.02 0.00609601
9.03 0.00550433
9.04 0.00490931
9.05 0.00431019
9.06 0.00370629
9.07 0.00309708
9.08 0.00248219
9.09 0.00186143
9.1 0.00123473
9.11 0.000602086
9.12 -3.65094e-05
9.13 -0.000681005
9.14 -0.00133133
9.15 -0.00198737
9.16 -0.00264888
9.17 -0.00331536
9.18 -0.00398592
9.19 -0.00465927
9.2 -0.00533364
9.21 -0.00600676
9.22 -0.00667581
9.23 -0.00733752
9.24 -0.00798828
9.25 -0.00862448
9.26 -0.00924264
9.27 -0.00983969
9.28 -0.010413
9.29 -0.0109605
9.3 -0.0114808
9.31 -0.0119725
9.32 -0.0124347
9.33 -0.0128665
9.34 -0.013267
9.35 -0.0136357
9.36 -0.0139719
9.37 -0.0142752
9.38 -0.0145451
9.39 -0.0147813
9.4 -0.0149838
9.41 -0.0151525
9.42 -0.0152879
9.43 -0.0153909
9.44 -0.0154627
9.45 -0.015505
9.46 -0.0155201
9.47 -0.0155104
9.48 -0.0154781
9.49 -0.0154258
9.5 -0.0153555
9.51 -0.0152689
9.52 -0.0151674
9.53 -0.0150519
9.54 -0.0149233
9.55 -0.0147821
9.56 -0.014629
9.57 -0.0144647
9.58 -0.0142903
9.59 -0.014107
9.6 -0.0139162
9.61 -0.0137197
9.62 -0.0135188
9.63 -0.0133151
9.64 -0.0131098
9.65 -0.0129037
9.66 -0.0126971
9.67 -0.0124904
9.68 -0.0122832
9.69 -0.012075
9.7 -0.0118653
9.71 -0.0116531
9.72 -0.011438
9.73 -0.0112194
9.74 -0.0109968
9.75 -0.0107703
9.76 -0.01054
9.77 -0.0103064
9.78 -0.0100701
9.79 -0.00983216
9.8 -0.00959356
9.81 -0.00935563
9.82 -0.00911987
9.83 -0.00888786
9.84 -0.00866137
9.85 -0.0084422
9.86 -0.0082322
9.87 -0.00803309
9.88 -0.00784641
9.89 -0.00767353
9.9 -0.00751564
9.91 -0.00737362
9.92 -0.00724801
9.93 -0.00713902
9.94 -0.00704654
9.95 -0.00697016
9.96 -0.00690926
9.97 -0.00686313
9.98 -0.00683119
9.99 -0.00681301
10 -0.00680834
10.01 -0.00681714
10.02 -0.00683958
10.03 -0.00687606
10.04 -0.00692712
10.05 -0.00699322
10.06 -0.0070747
10.07 -0.00717164
10.08 -0.00728393
10.09 -0.00741123
10.1 -0.00755304
10.11 -0.00770868
10.12 -0.00787744
10.13 -0.00805869
10.14 -0.00825197
10.15 -0.00845691
10.16 -0.00867326
10.17 -0.00890085
10.18 -0.00913944
10.19 -0.00938865
10.2 -0.00964791
10.21 -0.00991648
10.22 -0.0101935
10.23 -0.010478
10.24 -0.0107691
10.25 -0.0110657
10.26 -0.0113668
10.27 -0.0116715
10.28 -0.0119791
10.29 -0.0122888
10.3 -0.0125998
10.31 -0.0129115
10.32 -0.013223
10.33 -0.0135335
10.34 -0.013842
10.35 -0.0141477
10.36 -0.0144496
10.37 -0.0147468
10.38 -0.0150385
10.39 -0.0153238
10.4 -0.0156017
10.41 -0.0158714
10.42 -0.0161315
10.43 -0.016381
10.44 -0.0166181
10.45 -0.0168413
10.46 -0.0170486
10.47 -0.0172382
10.48 -0.0174083
10.49 -0.0175572
10.5 -0.0176837
10.51 -0.0177868
10.52 -0.0178659
10.53 -0.0179208
10.54 -0.0179515
10.55 -0.0179582
10.56 -0.0179411
10.57 -0.0179007
10.58 -0.0178373
10.59 -0.0177516
10.6 -0.0176438
10.61 -0.0175147
10.62 -0.0173649
10.63 -0.0171952
10.64 -0.0170063
10.65 -0.0167993
10.66 -0.0165754
10.67 -0.0163358
10.68 -0.0160816
10.69 -0.0158142
10.7 -0.0155345
10.71 -0.0152434
10.72 -0.0149416
10.73 -0.0146297
10.74 -0.0143081
10.75 -0.0139773
10.76 -0.0136376
10.77 -0.0132893
10.78 -0.0129326
10.79 -0.0125677
10.8 -0.0121945
10.81 -0.011813
10.82 -0.0114234
10.83 -0.0110254
10.84 -0.010619
10.85 -0.010204
10.86 -0.00978051
10.87 -0.00934856
10.88 -0.00890837
10.89 -0.00846025
10.9 -0.00800455
10.91 -0.00754169
10.92 -0.00707203
10.93 -0.0065958
10.94 -0.00611301
10.95 -0.00562344
10.96 -0.00512666
10.97 -0.00462205
10.98 -0.00410886
10.99 -0.00358635
11 -0.00305383
11.01 -0.00251075
11.02 -0.0019567
11.03 -0.00139146
11.04 -0.000815031
11.05 -0.000227619
11.06 0.00037045
11.07 0.000978752
11.08 0.00159675
11.09 0.00222379
11.1 0.0028592
11.11 0.00350228
11.12 0.00415243
11.13 0.00480911
11.14 0.00547181
11.15 0.00614
11.16 0.00681318
11.17 0.00749101
11.18 0.00817331
11.19 0.00886016
11.2 0.00955179
11.21 0.0102487
11.22 0.0109513
11.23 0.0116605
11.24 0.0123767
11.25 0.0131002
11.26 0.0138307
11.27 0.0145675
11.28 0.0153095
11.29 0.0160553
11.3 0.0168032
11.31 0.0175518
11.32 0.0182993
11.33 0.0190443
11.34 0.0197853
11.35 0.0205214
11.36 0.021252
11.37 0.0219766
11.38 0.0226952
11.39 0.0234076
11.4 0.0241136
11.41 0.0248129
11.42 0.0255052
11.43 0.0261896
11.44 0.0268652
11.45 0.0275308
11.46 0.0281853
11.47 0.0288273
11.48 0.0294558
11.49 0.03007
11.5 0.0306697
11.51 0.0312546
11.52 0.0318253
11.53 0.0323823
11.54 0.0329262
11.55 0.033458
11.56 0.0339782
11.57 0.0344871
11.58 0.034985
11.59 0.0354718
11.6 0.0359471
11.61 0.0364108
11.62 0.0368627
11.63 0.0373028
11.64 0.0377309
11.65 0.0381469
11.66 0.0385507
11.67 0.0389422
11.68 0.0393214
11.69 0.0396881
11.7 0.0400419
11.71 0.0403823
11.72 0.0407085
11.73 0.0410194
11.74 0.0413138
11.75 0.04159
11.76 0.0418458
11.77 0.042079
11.78 0.0422864
11.79 0.0424648
11.8 0.0426107
11.81 0.0427206
11.82 0.0427914
11.83 0.0428204
11.84 0.0428051
11.85 0.0427436
11.86 0.0426343
11.87 0.0424757
11.88 0.0422665
11.89 0.0420055
11.9 0.0416918
11.91 0.0413245
11.92 0.0409029
11.93 0.0404266
11.94 0.0398953
11.95 0.0393087
11.96 0.0386668
11.97 0.0379697
11.98 0.0372177
11.99 0.0364113
12 0.0355514
12.01 0.0346392
12.02 0.0336759
12.03 0.0326634
12.04 0.0316037
12.05 0.0304993
12.06 0.0293527
12.07 0.0281666
12.08 0.0269438
12.09 0.0256867
12.1 0.0243977
12.11 0.0230787
12.12 0.0217317
12.13 0.0203581
12.14 0.0189592
12.15 0.0175357
12.16 0.0160884
12.17 0.0146178
12.18 0.0131242
12.19 0.0116083
12.2 0.0100705
12.21 0.00851135
12.22 0.00693157
12.23 0.00533203
12.24 0.00371364
12.25 0.00207743
12.26 0.000424577
12.27 -0.0012435
12.28 -0.00292525
12.29 -0.00461894
12.3 -0.0063227
12.31 -0.00803448
12.32 -0.009752
12.33 -0.0114727
12.34 -0.0131938
12.35 -0.0149123
12.36 -0.016625
12.37 -0.0183285
12.38 -0.0200192
12.39 -0.0216933
12.4 -0.023347
12.41 -0.0249762
12.42 -0.0265772
12.43 -0.0281464
12.44 -0.0296801
12.45 -0.031175
12.46 -0.0326277
12.47 -0.034035
12.48 -0.0353934
12.49 -0.0366991
12.5 -0.0379481
12.51 -0.0391357
12.52 -0.0402571
12.53 -0.0413072
12.54 -0.042281
12.55 -0.0431735
12.56 -0.0439801
12.57 -0.0446969
12.58 -0.0453199
12.59 -0.0458459
12.6 -0.0462716
12.61 -0.046594
12.62 -0.0468104
12.63 -0.0469186
12.64 -0.0469167
12.65 -0.0468034
12.66 -0.0465777
12.67 -0.0462391
12.68 -0.0457878
12.69 -0.0452246
12.7 -0.0445506
12.71 -0.0437679
12.72 -0.0428787
12.73 -0.0418854
12.74 -0.0407909
12.75 -0.0395982
12.76 -0.0383101
12.77 -0.0369299
12.78 -0.0354606
12.79 -0.0339053
12.8 -0.0322673
12.81 -0.0305499
12.82 -0.0287566
12.83 -0.0268911
12.84 -0.0249574
12.85 -0.0229594
12.86 -0.020901
12.87 -0.0187862
12.88 -0.0166188
12.89 -0.0144022
12.9 -0.01214
12.91 -0.00983522
12.92 -0.00749115
12.93 -0.00511108
12.94 -0.00269839
12.95 -0.00025662
12.96 0.00221053
12.97 0.00469925
12.98 0.0072056
12.99 0.00972563
13 0.0122553
13.01 0.0147907
13.02 0.0173281
13.03 0.0198639
13.04 0.0223947
13.05 0.0249173
13.06 0.0274283
13.07 0.0299242
13.08 0.0324015
13.09 0.0348563
13.1 0.0372846
13.11 0.0396822
13.12 0.0420445
13.13 0.0443673
13.14 0.0466461
13.15 0.0488769
13.16 0.0510559
13.17 0.0531795
13.18 0.0552448
13.19 0.0572498
13.2 0.059195
13.21 0.0610811
13.22 0.062908
13.23 0.0646758
13.24 0.0663845
13.25 0.068034
13.26 0.0696243
13.27 0.071155
13.28 0.0726259
13.29 0.0740364
13.3 0.0753861
13.31 0.0766741
13.32 0.0778996
13.33 0.0790615
13.34 0.0801585
13.35 0.0811893
13.36 0.0821526
13.37 0.0830473
13.38 0.0838723
13.39 0.0846269
13.4 0.0853103
13.41 0.0859221
13.42 0.086462
13.43 0.08693
13.44 0.0873264
13.45 0.0876517
13.46 0.0879065
13.47 0.0880918
13.48 0.0882088
13.49 0.0882587
13.5 0.0882428
13.51 0.0881626
13.52 0.0880197
13.53 0.0878159
13.54 0.0875531
13.55 0.0872334
13.56 0.0868593
13.57 0.0864329
13.58 0.0859566
13.59 0.0854327
13.6 0.0848631
13.61 0.0842498
13.62 0.0835946
13.63 0.0828995
13.64 0.0821665
13.65 0.0813975
13.66 0.0805945
13.67 0.0797596
13.68 0.0788947
13.69 0.0780019
13.7 0.0770828
13.71 0.0761393
13.72 0.0751727
13.73 0.0741845
13.74 0.0731757
13.75 0.0721473
13.76 0.0710999
13.77 0.0700337
13.78 0.0689486
13.79 0.0678441
13.8 0.0667194
13.81 0.0655731
13.82 0.0644033
13.83 0.0632082
13.84 0.0619862
13.85 0.0607364
13.86 0.0594586
13.87 0.0581533
13.88 0.0568211
13.89 0.0554628
13.9 0.0540791
13.91 0.0526707
13.92 0.0512384
13.93 0.0497831
13.94 0.0483056
13.95 0.0468066
13.96 0.0452871
13.97 0.0437479
13.98 0.0421901
13.99 0.0406147
14 0.0390226
14.01 0.0374147
14.02 0.0357919
14.03 0.0341551
14.04 0.0325055
14.05 0.030844
14.06 0.0291717
14.07 0.0274897
14.08 0.0257987
14.09 0.0240994
14.1 0.0223922
14.11 0.0206772
14.12 0.0189544
14.13 0.0172232
14.14 0.0154828
14.15 0.0137322
14.16 0.0119698
14.17 0.0101943
14.18 0.00840408
14.19 0.0065977
14.2 0.0047738
14.21 0.0029311
14.22 0.00106828
14.23 -0.000815947
14.24 -0.00272294
14.25 -0.00465413
14.26 -0.00661104
14.27 -0.00859516
14.28 -0.0106079
14.29 -0.0126504
14.3 -0.0147237
14.31 -0.0168283
14.32 -0.0189642
14.33 -0.0211312
14.34 -0.0233301
14.35 -0.0255634
14.36 -0.027834
14.37 -0.0301442
14.38 -0.0324965
14.39 -0.0348938
14.4 -0.0373387
14.41 -0.0398343
14.42 -0.0423832
14.43 -0.0449883
14.44 -0.0476519
14.45 -0.0503762
14.46 -0.0531625
14.47 -0.0560118
14.48 -0.0589248
14.49 -0.0619019
14.5 -0.0649433
14.51 -0.0680494
14.52 -0.0712205
14.53 -0.0744571
14.54 -0.0777599
14.55 -0.0811294
14.56 -0.0845664
14.57 -0.0880718
14.58 -0.0916464
14.59 -0.0952908
14.6 -0.0990059
14.61 -0.102792
14.62 -0.106649
14.63 -0.110576
14.64 -0.114572
14.65 -0.118634
14.66 -0.122759
14.67 -0.126944
14.68 -0.131184
14.69 -0.135475
14.7 -0.139814
14.71 -0.144197
14.72 -0.14862
14.73 -0.153079
14.74 -0.157569
14.75 -0.162083
14.76 -0.166615
14.77 -0.171157
14.78 -0.175704
14.79 -0.180248
14.8 -0.184783
14.81 -0.189301
14.82 -0.193797
14.83 -0.198263
14.84 -0.202693
14.85 -0.20708
14.86 -0.211419
14.87 -0.215702
14.88 -0.219924
14.89 -0.224078
14.9 -0.228157
14.91 -0.232155
14.92 -0.236064
14.93 -0.239879
14.94 -0.243592
14.95 -0.247196
14.96 -0.250685
14.97 -0.254051
14.98 -0.25729
14.99 -0.260396
15 -0.263366
15.01 -0.266197
15.02 -0.268889
15.03 -0.271443
15.04 -0.27386
15.05 -0.276142
15.06 -0.278294
15.07 -0.280318
15.08 -0.28222
15.09 -0.284005
15.1 -0.285676
15.11 -0.287239
15.12 -0.288698
15.13 -0.290058
15.14 -0.291324
15.15 -0.292501
15.16 -0.293593
15.17 -0.294605
15.18 -0.295539
15.19 -0.296399
15.2 -0.297188
15.21 -0.297908
15.22 -0.298562
15.23 -0.299152
15.24 -0.299683
15.25 -0.300157
15.26 -0.300579
15.27 -0.300952
15.28 -0.301281
15.29 -0.301572
15.3 -0.301828
15.31 -0.302053
15.32 -0.302252
15.33 -0.302425
15.34 -0.302577
15.35 -0.302709
15.36 -0.302823
15.37 -0.302923
15.38 -0.30301
15.39 -0.303088
15.4 -0.303159
15.41 -0.303225
15.42 -0.303288
15.43 -0.303349
15.44 -0.303409
15.45 -0.303467
15.46 -0.303525
15.47 -0.303581
15.48 -0.303634
15.49 -0.303682
15.5 -0.30372
15.51 -0.303746
15.52 -0.303754
15.53 -0.303739
15.54 -0.303695
15.55 -0.303619
15.56 -0.303503
15.57 -0.303344
15.58 -0.303136
15.59 -0.302874
15.6 -0.302553
15.61 -0.302169
15.62 -0.301717
15.63 -0.301192
15.64 -0.30059
15.65 -0.299905
15.66 -0.299134
15.67 -0.298273
15.68 -0.297317
15.69 -0.296262
15.7 -0.295105
15.71 -0.293842
15.72 -0.29247
15.73 -0.290985
15.74 -0.289384
15.75 -0.287664
15.76 -0.285823
15.77 -0.283856
15.78 -0.281763
15.79 -0.279539
15.8 -0.277184
15.81 -0.274695
15.82 -0.272071
15.83 -0.269312
15.84 -0.266417
15.85 -0.263388
15.86 -0.260224
15.87 -0.256927
15.88 -0.253499
15.89 -0.249942
15.9 -0.246259
15.91 -0.242451
15.92 -0.238523
15.93 -0.234478
15.94 -0.230318
15.95 -0.226049
15.96 -0.221673
15.97 -0.217195
15.98 -0.212621
15.99 -0.207956
16 -0.203206
16.01 -0.198379
16.02 -0.193482
16.03 -0.188521
16.04 -0.1835
16.05 -0.178421
16.06 -0.173288
16.07 -0.168108
16.08 -0.162885
16.09 -0.157624
16.1 -0.152329
16.11 -0.147007
16.12 -0.14166
16.13 -0.136296
16.14 -0.130917
16.15 -0.12553
16.16 -0.12014
16.17 -0.114751
16.18 -0.10937
16.19 -0.104001
16.2 -0.0986498
16.21 -0.0933215
16.22 -0.0880211
16.23 -0.0827527
16.24 -0.0775203
16.25 -0.0723266
16.26 -0.0671737
16.27 -0.0620631
16.28 -0.0569955
16.29 -0.0519715
16.3 -0.0469915
16.31 -0.0420556
16.32 -0.037164
16.33 -0.0323165
16.34 -0.0275129
16.35 -0.0227529
16.36 -0.0180359
16.37 -0.0133617
16.38 -0.00872983
16.39 -0.00413965
16.4 0.000409485
16.41 0.00491832
16.42 0.00938756
16.43 0.0138178
16.44 0.0182096
16.45 0.0225634
16.46 0.0268796
16.47 0.0311588
16.48 0.0354013
16.49 0.0396075
16.5 0.0437778
16.51 0.0479125
16.52 0.0520119
16.53 0.0560764
16.54 0.0601064
16.55 0.0641021
16.56 0.0680639
16.57 0.071992
16.58 0.0758863
16.59 0.0797468
16.6 0.0835732
16.61 0.087365
16.62 0.0911213
16.63 0.0948411
16.64 0.0985228
16.65 0.102165
16.66 0.105765
16.67 0.10932
16.68 0.112828
16.69 0.116285
16.7 0.119687
16.71 0.123032
16.72 0.126315
16.73 0.129534
16.74 0.132687
16.75 0.135772
16.76 0.138788
16.77 0.141733
16.78 0.144606
16.79 0.147407
16.8 0.150136
16.81 0.152791
16.82 0.155373
16.83 0.157883
16.84 0.160319
16.85 0.162682
16.86 0.164973
16.87 0.16719
16.88 0.169335
16.89 0.171406
16.9 0.173404
16.91 0.175327
16.92 0.177175
16.93 0.178947
16.94 0.180642
16.95 0.18226
16.96 0.1838
16.97 0.185263
16.98 0.186647
16.99 0.187952
17 0.189179
17.01 0.190327
17.02 0.191397
17.03 0.192387
17.04 0.193299
17.05 0.194132
17.06 0.194885
17.07 0.195559
17.08 0.196153
17.09 0.196668
17.1 0.197104
17.11 0.197459
17.12 0.197735
17.13 0.197931
17.14 0.198047
17.15 0.198083
17.16 0.198038
17.17 0.197914
17.18 0.197709
17.19 0.197425
17.2 0.197061
17.21 0.196618
17.22 0.196097
17.23 0.195498
17.24 0.194822
17.25 0.194071
17.26 0.193244
17.27 0.192343
17.28 0.191369
17.29 0.190322
17.3 0.189203
17.31 0.188014
17.32 0.186755
17.33 0.185428
17.34 0.184034
17.35 0.182573
17.36 0.181047
17.37 0.179456
17.38 0.177802
17.39 0.176083
17.4 0.174299
17.41 0.172451
17.42 0.170536
17.43 0.168553
17.44 0.166503
17.45 0.164383
17.46 0.162195
17.47 0.159939
17.48 0.157616
17.49 0.155228
17.5 0.152777
17.51 0.150265
17.52 0.147694
17.53 0.145067
17.54 0.142385
17.55 0.13965
17.56 0.136866
17.57 0.134035
17.58 0.131159
17.59 0.128243
17.6 0.12529
17.61 0.122304
17.62 0.119291
17.63 0.116254
17.64 0.113201
17.65 0.110137
17.66 0.107069
17.67 0.104002
17.68 0.100943
17.69 0.0979005
17.7 0.0948799
17.71 0.091888
17.72 0.0889311
17.73 0.0860134
17.74 0.0831361
17.75 0.0803
17.76 0.0775068
17.77 0.0747582
17.78 0.0720565
17.79 0.0694045
17.8 0.0668053
17.81 0.0642622
17.82 0.0617787
17.83 0.059358
17.84 0.0570035
17.85 0.0547185
17.86 0.0525062
17.87 0.0503697
17.88 0.0483118
17.89 0.0463351
17.9 0.0444414
17.91 0.0426324
17.92 0.0409089
17.93 0.0392716
17.94 0.037721
17.95 0.0362573
17.96 0.0348806
17.97 0.0335909
17.98 0.0323879
17.99 0.0312714
18 0.0302409
18.01 0.029296
18.02 0.0284364
18.03 0.0276615
18.04 0.026971
18.05 0.0263646
18.06 0.025842
18.07 0.0254031
18.08 0.0250476
18.09 0.0247753
18.1 0.0245858
18.11 0.0244788
18.12 0.0244539
18.13 0.0245107
18.14 0.0246491
18.15 0.0248687
18.16 0.0251692
18.17 0.0255505
18.18 0.0260126
18.19 0.0265554
18.2 0.0271789
18.21 0.0278832
18.22 0.0286683
18.23 0.029534
18.24 0.03048
18.25 0.0315055
18.26 0.03261
18.27 0.0337923
18.28 0.0350514
18.29 0.0363864
18.3 0.0377961
18.31 0.0392793
18.32 0.0408348
18.33 0.0424614
18.34 0.0441576
18.35 0.045922
18.36 0.0477528
18.37 0.0496478
18.38 0.0516049
18.39 0.0536217
18.4 0.055696
18.41 0.0578255
18.42 0.060008
18.43 0.0622415
18.44 0.0645241
18.45 0.0668541
18.46 0.06923
18.47 0.0716506
18.48 0.0741146
18.49 0.0766207
18.5 0.0791676
18.51 0.0817538
18.52 0.0843775
18.53 0.0870368
18.54 0.0897292
18.55 0.0924522
18.56 0.0952031
18.57 0.0979788
18.58 0.100776
18.59 0.103592
18.6 0.106422
18.61 0.109265
18.62 0.112117
18.63 0.114975
18.64 0.117835
18.65 0.120694
18.66 0.12355
18.67 0.126399
18.68 0.129236
18.69 0.132057
18.7 0.134858
18.71 0.137635
18.72 0.140384
18.73 0.143103
18.74 0.145786
18.75 0.14843
18.76 0.151028
18.77 0.153578
18.78 0.156076
18.79 0.158516
18.8 0.160894
18.81 0.163207
18.82 0.16545
18.83 0.167618
18.84 0.169708
18.85 0.171713
18.86 0.173631
18.87 0.175455
18.88 0.177182
18.89 0.178807
18.9 0.180326
18.91 0.181736
18.92 0.183033
18.93 0.184214
18.94 0.185279
18.95 0.186224
18.96 0.18705
18.97 0.187755
18.98 0.188337
18.99 0.188795
19 0.189126
19.01 0.189328
19.02 0.189399
19.03 0.189336
19.04 0.189135
19.05 0.188795
19.06 0.188312
19.07 0.187686
19.08 0.186916
19.09 0.186
19.1 0.18494
19.11 0.183734
19.12 0.182384
19.13 0.18089
19.14 0.179251
19.15 0.177469
19.16 0.175544
19.17 0.173476
19.18 0.17127
19.19 0.168926
19.2 0.16645
19.21 0.163847
19.22 0.161122
19.23 0.158282
19.24 0.155333
19.25 0.152283
19.26 0.149139
19.27 0.145904
19.28 0.142586
19.29 0.13919
19.3 0.13572
19.31 0.132182
19.32 0.128582
19.33 0.124927
19.34 0.121224
19.35 0.11748
19.36 0.113704
19.37 0.109903
19.38 0.106086
19.39 0.102261
19.4 0.0984369
19.41 0.0946214
19.42 0.0908229
19.43 0.0870495
19.44 0.0833093
19.45 0.0796103
19.46 0.0759585
19.47 0.0723564
19.48 0.068806
19.49 0.0653103
19.5 0.0618717
19.51 0.0584929
19.52 0.0551759
19.53 0.051923
19.54 0.0487358
19.55 0.0456159
19.56 0.0425641
19.57 0.0395809
19.58 0.0366664
19.59 0.0338208
19.6 0.0310441
19.61 0.028336
19.62 0.0256964
19.63 0.0231248
19.64 0.0206209
19.65 0.0181843
19.66 0.0158145
19.67 0.0135109
19.68 0.0112729
19.69 0.00909978
19.7 0.00699063
19.71 0.00494446
19.72 0.00296018
19.73 0.0010367
19.74 -0.000827056
19.75 -0.00263202
19.76 -0.00437884
19.77 -0.00606792
19.78 -0.00769949
19.79 -0.00927372
19.8 -0.0107907
19.81 -0.0122507
19.82 -0.0136539
19.83 -0.0150005
19.84 -0.0162911
19.85 -0.0175262
19.86 -0.0187067
19.87 -0.0198335
19.88 -0.0209077
19.89 -0.0219303
19.9 -0.0229024
19.91 -0.0238246
19.92 -0.0246978
19.93 -0.0255223
19.94 -0.0262986
19.95 -0.0270269
19.96 -0.0277078
19.97 -0.028342
19.98 -0.0289302
19.99 -0.0294737
20 -0.0299735
20.01 -0.0304311
20.02 -0.0308479
20.03 -0.0312252
20.04 -0.0315638
20.05 -0.0318641
20.06 -0.0321259
20.07 -0.0323488
20.08 -0.0325316
20.09 -0.0326728
20.1 -0.0327705
20.11 -0.0328222
20.12 -0.0328257
20.13 -0.0327784
20.14 -0.0326782
20.15 -0.032523
20.16 -0.0323107
20.17 -0.0320396
20.18 -0.0317081
20.19 -0.031315
20.2 -0.0308595
20.21 -0.0303413
20.22 -0.02976
20.23 -0.0291159
20.24 -0.0284088
20.25 -0.0276389
20.26 -0.0268066
20.27 -0.0259122
20.28 -0.0249568
20.29 -0.0239414
20.3 -0.0228674
20.31 -0.0217364
20.32 -0.0205505
20.33 -0.0193117
20.34 -0.0180223
20.35 -0.0166846
20.36 -0.015301
20.37 -0.0138736
20.38 -0.0124042
20.39 -0.0108943
20.4 -0.00934519
20.41 -0.00775769
20.42 -0.00613236
20.43 -0.00446961
20.44 -0.00276972
20.45 -0.00103303
20.46 0.000740024
20.47 0.00254891
20.48 0.00439311
20.49 0.00627214
20.5 0.00818551
20.51 0.0101327
20.52 0.0121132
20.53 0.0141265
20.54 0.016172
20.55 0.0182493
20.56 0.0203576
20.57 0.022496
20.58 0.0246634
20.59 0.0268582
20.6 0.029078
20.61 0.0313202
20.62 0.0335816
20.63 0.035859
20.64 0.0381488
20.65 0.0404478
20.66 0.0427523
20.67 0.0450588
20.68 0.0473641
20.69 0.0496648
20.7 0.0519577
20.71 0.05424
20.72 0.0565087
20.73 0.0587611
20.74 0.0609943
20.75 0.0632055
20.76 0.0653922
20.77 0.0675515
20.78 0.0696811
20.79 0.0717788
20.8 0.0738428
20.81 0.0758717
20.82 0.0778656
20.83 0.0798271
20.84 0.0817588
20.85 0.0836633
20.86 0.0855427
20.87 0.087399
20.88 0.0892337
20.89 0.0910481
20.9 0.0928432
20.91 0.0946196
20.92 0.0963781
20.93 0.098119
20.94 0.0998431
20.95 0.101551
20.96 0.103243
20.97 0.104918
20.98 0.106577
20.99 0.10822
21 0.109845
21.01 0.11145
21.02 0.113034
21.03 0.114596
21.04 0.116131
21.05 0.117639
21.06 0.119116
21.07 0.12056
21.08 0.12197
21.09 0.123341
21.1 0.124674
21.11 0.125964
21.12 0.12721
21.13 0.128412
21.14 0.129567
21.15 0.130675
21.16 0.131735
21.17 0.132746
21.18 0.133707
21.19 0.134619
21.2 0.135479
21.21 0.136288
21.22 0.137045
21.23 0.137749
21.24 0.138399
21.25 0.138995
21.26 0.139536
21.27 0.140023
21.28 0.140455
21.29 0.140833
21.3 0.141156
21.31 0.141426
21.32 0.141644
21.33 0.141808
21.34 0.14192
21.35 0.14198
21.36 0.141986
21.37 0.14194
21.38 0.14184
21.39 0.141685
21.4 0.141475
21.41 0.141209
21.42 0.140884
21.43 0.1405
21.44 0.140056
21.45 0.139551
21.46 0.138984
21.47 0.138355
21.48 0.137664
21.49 0.136909
21.5 0.136092
21.51 0.135213
21.52 0.13427
21.53 0.133266
21.54 0.132199
21.55 0.131071
21.56 0.129881
21.57 0.128632
21.58 0.127322
21.59 0.125953
21.6 0.124524
21.61 0.123037
21.62 0.121491
21.63 0.119887
21.64 0.118226
21.65 0.11651
21.66 0.11474
21.67 0.112918
21.68 0.111048
21.69 0.10913
21.7 0.10717
21.71 0.105168
21.72 0.103127
21.73 0.101051
21.74 0.0989428
21.75 0.096805
21.76 0.0946413
21.77 0.0924556
21.78 0.0902518
21.79 0.088034
21.8 0.0858063
21.81 0.0835729
21.82 0.0813375
21.83 0.0791036
21.84 0.0768744
21.85 0.0746528
21.86 0.0724415
21.87 0.0702428
21.88 0.068059
21.89 0.065892
21.9 0.0637438
21.91 0.0616163
21.92 0.0595115
21.93 0.0574315
21.94 0.0553786
21.95 0.0533553
21.96 0.0513638
21.97 0.0494064
21.98 0.047485
21.99 0.0456009
22 0.0437552
22.01 0.0419485
22.02 0.040181
22.03 0.0384526
22.04 0.0367633
22.05 0.0351136
22.06 0.0335042
22.07 0.0319357
22.08 0.030408
22.09 0.0289208
22.1 0.0274746
22.11 0.02607
22.12 0.0247078
22.13 0.0233887
22.14 0.0221137
22.15 0.0208833
22.16 0.0196981
22.17 0.0185584
22.18 0.0174644
22.19 0.0164162
22.2 0.0154139
22.21 0.0144578
22.22 0.0135481
22.23 0.0126855
22.24 0.0118707
22.25 0.0111045
22.26 0.010388
22.27 0.00972193
22.28 0.00910724
22.29 0.0085446
22.3 0.00803447
22.31 0.00757691
22.32 0.00717163
22.33 0.00681802
22.34 0.00651525
22.35 0.00626236
22.36 0.00605828
22.37 0.00590195
22.38 0.00579243
22.39 0.00572887
22.4 0.0057106
22.41 0.00573708
22.42 0.00580798
22.43 0.00592307
22.44 0.00608212
22.45 0.00628503
22.46 0.00653182
22.47 0.00682268
22.48 0.00715806
22.49 0.00753853
22.5 0.00796484
22.51 0.00843796
22.52 0.00895906
22.53 0.00952944
22.54 0.0101505
22.55 0.0108234
22.56 0.0115497
22.57 0.0123305
22.58 0.0131671
22.59 0.0140608
22.6 0.0150128
22.61 0.0160241
22.62 0.0170956
22.63 0.0182282
22.64 0.0194224
22.65 0.0206783
22.66 0.0219959
22.67 0.0233746
22.68 0.0248134
22.69 0.0263111
22.7 0.0278664
22.71 0.0294778
22.72 0.0311442
22.73 0.0328642
22.74 0.0346365
22.75 0.0364599
22.76 0.0383329
22.77 0.040254
22.78 0.0422213
22.79 0.044233
22.8 0.046287
22.81 0.0483813
22.82 0.0505136
22.83 0.0526818
22.84 0.0548834
22.85 0.0571161
22.86 0.0593773
22.87 0.0616644
22.88 0.0639746
22.89 0.066305
22.9 0.0686525
22.91 0.0710139
22.92 0.0733856
22.93 0.075764
22.94 0.078145
22.95 0.0805248
22.96 0.0828989
22.97 0.0852632
22.98 0.0876132
22.99 0.0899448
23 0.0922544
23.01 0.0945388
23.02 0.0967952
23.03 0.0990211
23.04 0.101214
23.05 0.103373
23.06 0.105495
23.07 0.107578
23.08 0.109621
23.09 0.11162
23.1 0.113573
23.11 0.115479
23.12 0.117337
23.13 0.119146
23.14 0.120907
23.15 0.12262
23.16 0.124285
23.17 0.125902
23.18 0.12747
23.19 0.128991
23.2 0.130464
23.21 0.13189
23.22 0.133268
23.23 0.1346
23.24 0.135886
23.25 0.137125
23.26 0.138318
23.27 0.139465
23.28 0.140567
23.29 0.141623
23.3 0.142635
23.31 0.143603
23.32 0.144527
23.33 0.145409
23.34 0.146248
23.35 0.147046
23.36 0.147803
23.37 0.148518
23.38 0.149193
23.39 0.149826
23.4 0.150418
23.41 0.150968
23.42 0.151475
23.43 0.151939
23.44 0.152357
23.45 0.152729
23.46 0.153053
23.47 0.153328
23.48 0.153552
23.49 0.153726
23.5 0.153847
23.51 0.153916
23.52 0.153932
23.53 0.153894
23.54 0.153804
23.55 0.15366
23.56 0.153463
23.57 0.153212
23.58 0.152909
23.59 0.152553
23.6 0.152146
23.61 0.151687
23.62 0.151179
23.63 0.150621
23.64 0.150015
23.65 0.149363
23.66 0.148666
23.67 0.147925
23.68 0.147143
23.69 0.146319
23.7 0.145456
23.71 0.144554
23.72 0.143615
23.73 0.142639
23.74 0.141628
23.75 0.140581
23.76 0.139499
23.77 0.138383
23.78 0.13723
23.79 0.136042
23.8 0.134817
23.81 0.133555
23.82 0.132253
23.83 0.130913
23.84 0.129532
23.85 0.128112
23.86 0.12665
23.87 0.125148
23.88 0.123604
23.89 0.122019
23.9 0.120392
23.91 0.118724
23.92 0.117013
23.93 0.11526
23.94 0.113463
23.95 0.111624
23.96 0.109741
23.97 0.107815
23.98 0.105848
23.99 0.10384
24 0.101793
24.01 0.09971
24.02 0.0975939
24.03 0.0954477
24.04 0.0932752
24.05 0.0910809
24.06 0.0888698
24.07 0.0866474
24.08 0.0844198
24.09 0.0821929
24.1 0.0799726
24.11 0.0777645
24.12 0.0755742
24.13 0.0734065
24.14 0.0712657
24.15 0.0691557
24.16 0.0670795
24.17 0.0650399
24.18 0.0630394
24.19 0.0610802
24.2 0.0591646
24.21 0.0572946
24.22 0.055472
24.23 0.0536986
24.24 0.0519758
24.25 0.0503049
24.26 0.0486872
24.27 0.0471235
24.28 0.0456147
24.29 0.0441603
24.3 0.0427585
24.31 0.0414067
24.32 0.040103
24.33 0.0388454
24.34 0.0376326
24.35 0.0364635
24.36 0.0353378
24.37 0.0342555
24.38 0.0332168
24.39 0.0322222
24.4 0.0312723
24.41 0.0303676
24.42 0.0295087
24.43 0.0286961
24.44 0.0279299
24.45 0.0272102
24.46 0.0265372
24.47 0.0259108
24.48 0.0253314
24.49 0.0247991
24.5 0.0243143
24.51 0.0238773
24.52 0.0234885
24.53 0.0231481
24.54 0.0228563
24.55 0.0226132
24.56 0.0224188
24.57 0.0222728
24.58 0.0221749
24.59 0.0221246
24.6 0.0221213
24.61 0.0221643
24.62 0.0222532
24.63 0.0223872
24.64 0.0225656
24.65 0.0227877
24.66 0.0230532
24.67 0.0233617
24.68 0.0237133
24.69 0.0241078
24.7 0.0245455
24.71 0.0250268
24.72 0.025552
24.73 0.0261213
24.74 0.026735
24.75 0.0273933
24.76 0.0280965
24.77 0.0288449
24.78 0.0296387
24.79 0.0304776
24.8 0.0313615
24.81 0.0322898
24.82 0.0332618
24.83 0.0342764
24.84 0.0353324
24.85 0.0364284
24.86 0.0375628
24.87 0.0387338
24.88 0.0399397
24.89 0.0411783
24.9 0.0424473
24.91 0.0437438
24.92 0.0450653
24.93 0.0464085
24.94 0.0477704
24.95 0.0491478
24.96 0.0505374
24.97 0.0519361
24.98 0.0533404
24.99 0.0547473
25 0.0561537
