0.01 3.17732e-09
0.02 1.53123e-08
0.03 3.78399e-08
0.04 6.84415e-08
0.05 1.04843e-07
0.06 1.44837e-07
0.07 1.86298e-07
0.08 2.27178e-07
0.09 2.65492e-07
0.1 2.99316e-07
0.11 3.26806e-07
0.12 3.46202e-07
0.13 3.55787e-07
0.14 3.53834e-07
0.15 3.38588e-07
0.16 3.0833e-07
0.17 2.61418e-07
0.18 1.96306e-07
0.19 1.1155e-07
0.2 5.82348e-09
0.21 -1.22075e-07
0.22 -2.73216e-07
0.23 -4.48547e-07
0.24 -6.48908e-07
0.25 -8.75063e-07
0.26 -1.12776e-06
0.27 -1.40779e-06
0.28 -1.7158e-06
0.29 -2.05208e-06
0.3 -2.41648e-06
0.31 -2.80829e-06
0.32 -3.22626e-06
0.33 -3.66836e-06
0.34 -4.13172e-06
0.35 -4.61286e-06
0.36 -5.10796e-06
0.37 -5.61294e-06
0.38 -6.12409e-06
0.39 -6.63881e-06
0.4 -7.1562e-06
0.41 -7.67742e-06
0.42 -8.20522e-06
0.43 -8.74331e-06
0.44 -9.29648e-06
0.45 -9.8704e-06
0.46 -1.04712e-05
0.47 -1.11051e-05
0.48 -1.17775e-05
0.49 -1.24933e-05
0.5 -1.32563e-05
0.51 -1.40697e-05
0.52 -1.49361e-05
0.53 -1.58576e-05
0.54 -1.68354e-05
0.55 -1.78707e-05
0.56 -1.89639e-05
0.57 -2.01151e-05
0.58 -2.13241e-05
0.59 -2.25909e-05
0.6 -2.39152e-05
0.61 -2.52965e-05
0.62 -2.67341e-05
0.63 -2.82272e-05
0.64 -2.97748e-05
0.65 -3.13761e-05
0.66 -3.30303e-05
0.67 -3.47367e-05
0.68 -3.64952e-05
0.69 -3.83056e-05
0.7 -4.0168e-05
0.71 -4.20818e-05
0.72 -4.4046e-05
0.73 -4.60581e-05
0.74 -4.81134e-05
0.75 -5.02045e-05
0.76 -5.23211e-05
0.77 -5.44502e-05
0.78 -5.65774e-05
0.79 -5.8689e-05
0.8 -6.07736e-05
0.81 -6.28227e-05
0.82 -6.48303e-05
0.83 -6.67923e-05
0.84 -6.87061e-05
0.85 -7.0573e-05
0.86 -7.23967e-05
0.87 -7.41802e-05
0.88 -7.59211e-05
0.89 -7.7612e-05
0.9 -7.92416e-05
0.91 -8.07975e-05
0.92 -8.22668e-05
0.93 -8.36384e-05
0.94 -8.49053e-05
0.95 -8.60666e-05
0.96 -8.71276e-05
0.97 -8.80989e-05
0.98 -8.89921e-05
0.99 -8.98142e-05
1 -9.05659e-05
1.01 -9.1242e-05
1.02 -9.18319e-05
1.03 -9.232e-05
1.04 -9.26884e-05
1.05 -9.29192e-05
1.06 -9.29979e-05
1.07 -9.29148e-05
1.08 -9.26636e-05
1.09 -9.22389e-05
1.1 -9.16351e-05
1.11 -9.08478e-05
1.12 -8.98728e-05
1.13 -8.87043e-05
1.14 -8.73354e-05
1.15 -8.57593e-05
1.16 -8.39715e-05
1.17 -8.19722e-05
1.18 -7.97685e-05
1.19 -7.73727e-05
1.2 -7.47991e-05
1.21 -7.20651e-05
1.22 -6.9193e-05
1.23 -6.62067e-05
1.24 -6.31266e-05
1.25 -5.99616e-05
1.26 -5.67043e-05
1.27 -5.33361e-05
1.28 -4.98365e-05
1.29 -4.6186e-05
1.3 -4.23669e-05
1.31 -3.83682e-05
1.32 -3.4188e-05
1.33 -2.98309e-05
1.34 -2.53028e-05
1.35 -2.06071e-05
1.36 -1.57447e-05
1.37 -1.07139e-05
1.38 -5.51108e-06
1.39 -1.32012e-07
1.4 5.42624e-06
1.41 1.11621e-05
1.42 1.70659e-05
1.43 2.31151e-05
1.44 2.92712e-05
1.45 3.54771e-05
1.46 4.1659e-05
1.47 4.77328e-05
1.48 5.36107e-05
1.49 5.92031e-05
1.5 6.44213e-05
1.51 6.91827e-05
1.52 7.34128e-05
1.53 7.70527e-05
1.54 8.00665e-05
1.55 8.24498e-05
1.56 8.42314e-05
1.57 8.54645e-05
1.58 8.62177e-05
1.59 8.6569e-05
1.6 8.65926e-05
1.61 8.63529e-05
1.62 8.59068e-05
1.63 8.53034e-05
1.64 8.45837e-05
1.65 8.37814e-05
1.66 8.29202e-05
1.67 8.20126e-05
1.68 8.10615e-05
1.69 8.0066e-05
1.7 7.90255e-05
1.71 7.79394e-05
1.72 7.68075e-05
1.73 7.56329e-05
1.74 7.44248e-05
1.75 7.32028e-05
1.76 7.19922e-05
1.77 7.08165e-05
1.78 6.97023e-05
1.79 6.86841e-05
1.8 6.78023e-05
1.81 6.70982e-05
1.82 6.66135e-05
1.83 6.63891e-05
1.84 6.64542e-05
1.85 6.68209e-05
1.86 6.74892e-05
1.87 6.84559e-05
1.88 6.97212e-05
1.89 7.12891e-05
1.9 7.31675e-05
1.91 7.53685e-05
1.92 7.79079e-05
1.93 8.08034e-05
1.94 8.40614e-05
1.95 8.76605e-05
1.96 9.15511e-05
1.97 9.56601e-05
1.98 9.98959e-05
1.99 0.000104159
2 0.000108365
2.01 0.000112459
2.02 0.000116419
2.03 0.000120258
2.04 0.000124011
2.05 0.000127736
2.06 0.000131495
2.07 0.000135349
2.08 0.00013934
2.09 0.000143482
2.1 0.000147756
2.11 0.000152113
2.12 0.000156475
2.13 0.000160726
2.14 0.000164728
2.15 0.000168328
2.16 0.000171366
2.17 0.000173678
2.18 0.000175101
2.19 0.000175464
2.2 0.000174582
2.21 0.000172261
2.22 0.000168311
2.23 0.000162549
2.24 0.00015481
2.25 0.000144938
2.26 0.00013279
2.27 0.000118268
2.28 0.00010132
2.29 8.19281e-05
2.3 6.01084e-05
2.31 3.59075e-05
2.32 9.41147e-06
2.33 -1.92433e-05
2.34 -4.98643e-05
2.35 -8.22083e-05
2.36 -0.00011599
2.37 -0.000150895
2.38 -0.000186586
2.39 -0.000222705
2.4 -0.000258891
2.41 -0.000294818
2.42 -0.00033022
2.43 -0.000364868
2.44 -0.000398554
2.45 -0.000431088
2.46 -0.000462296
2.47 -0.000492031
2.48 -0.00052018
2.49 -0.000546646
2.5 -0.00057133
2.51 -0.000594118
2.52 -0.000614885
2.53 -0.000633501
2.54 -0.000649841
2.55 -0.000663778
2.56 -0.000675189
2.57 -0.000683984
2.58 -0.000690125
2.59 -0.000693631
2.6 -0.000694575
2.61 -0.000693063
2.62 -0.000689218
2.63 -0.000683158
2.64 -0.000674985
2.65 -0.000664783
2.66 -0.00065262
2.67 -0.000638551
2.68 -0.000622628
2.69 -0.000604913
2.7 -0.000585488
2.71 -0.000564437
2.72 -0.000541848
2.73 -0.000517812
2.74 -0.000492403
2.75 -0.000465673
2.76 -0.000437668
2.77 -0.000408433
2.78 -0.000377983
2.79 -0.000346299
2.8 -0.000313324
2.81 -0.000278976
2.82 -0.000243174
2.83 -0.000205871
2.84 -0.000167062
2.85 -0.000126779
2.86 -8.50914e-05
2.87 -4.21107e-05
2.88 1.99474e-06
2.89 4.70078e-05
2.9 9.2687e-05
2.91 0.000138775
2.92 0.000184998
2.93 0.000231072
2.94 0.000276721
2.95 0.000321674
2.96 0.000365683
2.97 0.000408546
2.98 0.00045012
2.99 0.00049031
3 0.000529058
3.01 0.000566329
3.02 0.000602091
3.03 0.0006363
3.04 0.00066889
3.05 0.000699765
3.06 0.000728795
3.07 0.000755809
3.08 0.000780601
3.09 0.000802946
3.1 0.00082263
3.11 0.000839482
3.12 0.000853391
3.13 0.000864318
3.14 0.000872288
3.15 0.000877357
3.16 0.000879602
3.17 0.000879128
3.18 0.000876058
3.19 0.000870523
3.2 0.000862635
3.21 0.0008525
3.22 0.000840255
3.23 0.000826081
3.24 0.000810199
3.25 0.000792864
3.26 0.000774352
3.27 0.000754976
3.28 0.000735102
3.29 0.000715113
3.3 0.000695377
3.31 0.000676267
3.32 0.000658157
3.33 0.000641378
3.34 0.000626171
3.35 0.000612658
3.36 0.000600834
3.37 0.000590568
3.38 0.000581625
3.39 0.000573666
3.4 0.00056626
3.41 0.000558906
3.42 0.00055106
3.43 0.000542179
3.44 0.000531734
3.45 0.000519223
3.46 0.000504178
3.47 0.000486211
3.48 0.000465058
3.49 0.000440601
3.5 0.00041286
3.51 0.000381977
3.52 0.000348209
3.53 0.000311911
3.54 0.000273498
3.55 0.0002334
3.56 0.000191998
3.57 0.000149617
3.58 0.000106567
3.59 6.3159e-05
3.6 1.96595e-05
3.61 -2.37261e-05
3.62 -6.68465e-05
3.63 -0.000109602
3.64 -0.000151952
3.65 -0.000193908
3.66 -0.00023554
3.67 -0.000276985
3.68 -0.00031845
3.69 -0.000360187
3.7 -0.000402445
3.71 -0.000445449
3.72 -0.000489424
3.73 -0.000534569
3.74 -0.000581027
3.75 -0.000628903
3.76 -0.000678271
3.77 -0.000729165
3.78 -0.000781578
3.79 -0.000835469
3.8 -0.000890757
3.81 -0.000947294
3.82 -0.00100488
3.83 -0.00106329
3.84 -0.00112226
3.85 -0.00118153
3.86 -0.00124085
3.87 -0.00130007
3.88 -0.00135911
3.89 -0.00141805
3.9 -0.00147703
3.91 -0.00153636
3.92 -0.00159642
3.93 -0.00165768
3.94 -0.00172066
3.95 -0.00178586
3.96 -0.00185379
3.97 -0.00192487
3.98 -0.00199942
3.99 -0.00207762
4 -0.00215948
4.01 -0.00224487
4.02 -0.00233351
4.03 -0.00242501
4.04 -0.00251886
4.05 -0.00261444
4.06 -0.00271099
4.07 -0.00280765
4.08 -0.00290341
4.09 -0.00299713
4.1 -0.00308762
4.11 -0.00317362
4.12 -0.003254
4.13 -0.00332775
4.14 -0.00339409
4.15 -0.00345249
4.16 -0.00350274
4.17 -0.00354497
4.18 -0.00357959
4.19 -0.00360722
4.2 -0.00362869
4.21 -0.00364497
4.22 -0.00365709
4.23 -0.00366603
4.24 -0.00367266
4.25 -0.00367775
4.26 -0.00368201
4.27 -0.00368606
4.28 -0.00369042
4.29 -0.00369544
4.3 -0.00370133
4.31 -0.00370816
4.32 -0.00371589
4.33 -0.00372436
4.34 -0.0037333
4.35 -0.00374227
4.36 -0.0037507
4.37 -0.00375791
4.38 -0.0037631
4.39 -0.00376544
4.4 -0.00376405
4.41 -0.00375799
4.42 -0.00374634
4.43 -0.00372815
4.44 -0.00370253
4.45 -0.00366865
4.46 -0.00362586
4.47 -0.0035737
4.48 -0.0035119
4.49 -0.00344037
4.5 -0.00335907
4.51 -0.00326803
4.52 -0.00316734
4.53 -0.00305726
4.54 -0.00293813
4.55 -0.00281043
4.56 -0.00267469
4.57 -0.00253155
4.58 -0.00238171
4.59 -0.00222595
4.6 -0.00206507
4.61 -0.0018999
4.62 -0.0017312
4.63 -0.00155971
4.64 -0.00138609
4.65 -0.00121095
4.66 -0.00103478
4.67 -0.000857982
4.68 -0.000680762
4.69 -0.000503218
4.7 -0.000325373
4.71 -0.000147246
4.72 3.11212e-05
4.73 0.000209678
4.74 0.000388347
4.75 0.000566962
4.76 0.000745264
4.77 0.000922945
4.78 0.00109967
4.79 0.00127508
4.8 0.00144884
4.81 0.00162052
4.82 0.00178967
4.83 0.00195583
4.84 0.00211856
4.85 0.00227737
4.86 0.00243174
4.87 0.00258119
4.88 0.00272532
4.89 0.00286375
4.9 0.00299611
4.91 0.00312213
4.92 0.00324157
4.93 0.00335425
4.94 0.00346005
4.95 0.00355882
4.96 0.0036505
4.97 0.00373505
4.98 0.00381251
4.99 0.00388299
5 0.00394663
5.01 0.00400363
5.02 0.00405409
5.03 0.00409804
5.04 0.00413539
5.05 0.00416593
5.06 0.00418936
5.07 0.00420519
5.08 0.00421287
5.09 0.0042118
5.1 0.00420135
5.11 0.00418084
5.12 0.00414962
5.13 0.00410715
5.14 0.00405296
5.15 0.00398675
5.16 0.0039084
5.17 0.00381805
5.18 0.00371604
5.19 0.00360287
5.2 0.00347919
5.21 0.0033458
5.22 0.00320359
5.23 0.00305347
5.24 0.00289633
5.25 0.00273306
5.26 0.00256458
5.27 0.00239191
5.28 0.00221608
5.29 0.00203817
5.3 0.00185917
5.31 0.00168009
5.32 0.00150181
5.33 0.0013251
5.34 0.00115046
5.35 0.000978219
5.36 0.000808467
5.37 0.000641009
5.38 0.000475395
5.39 0.000311033
5.4 0.000147275
5.41 -1.65392e-05
5.42 -0.000181049
5.43 -0.000346802
5.44 -0.000514196
5.45 -0.000683462
5.46 -0.000854669
5.47 -0.00102777
5.48 -0.00120265
5.49 -0.00137914
5.5 -0.00155701
5.51 -0.00173591
5.52 -0.00191542
5.53 -0.00209515
5.54 -0.00227467
5.55 -0.0024535
5.56 -0.00263116
5.57 -0.00280719
5.58 -0.00298122
5.59 -0.00315298
5.6 -0.00332219
5.61 -0.0034886
5.62 -0.00365188
5.63 -0.00381172
5.64 -0.00396776
5.65 -0.00411964
5.66 -0.00426703
5.67 -0.00440954
5.68 -0.00454678
5.69 -0.00467825
5.7 -0.00480343
5.71 -0.00492169
5.72 -0.00503234
5.73 -0.00513463
5.74 -0.00522784
5.75 -0.00531119
5.76 -0.00538397
5.77 -0.00544552
5.78 -0.0054953
5.79 -0.00553295
5.8 -0.00555828
5.81 -0.00557134
5.82 -0.0055724
5.83 -0.00556199
5.84 -0.00554086
5.85 -0.00550996
5.86 -0.00547034
5.87 -0.00542316
5.88 -0.0053696
5.89 -0.0053109
5.9 -0.00524824
5.91 -0.00518273
5.92 -0.00511534
5.93 -0.00504694
5.94 -0.00497822
5.95 -0.00490973
5.96 -0.00484175
5.97 -0.00477429
5.98 -0.00470704
5.99 -0.00463947
6 -0.00457085
6.01 -0.00450026
6.02 -0.00442673
6.03 -0.00434928
6.04 -0.00426688
6.05 -0.00417852
6.06 -0.00408325
6.07 -0.00398024
6.08 -0.00386889
6.09 -0.00374876
6.1 -0.00361956
6.11 -0.00348115
6.12 -0.00333352
6.13 -0.0031768
6.14 -0.00301121
6.15 -0.00283698
6.16 -0.00265429
6.17 -0.00246324
6.18 -0.00226371
6.19 -0.00205541
6.2 -0.00183793
6.21 -0.00161083
6.22 -0.0013736
6.23 -0.00112566
6.24 -0.000866469
6.25 -0.000595525
6.26 -0.000312356
6.27 -1.65172e-05
6.28 0.000292407
6.29 0.000614846
6.3 0.000951251
6.31 0.00130209
6.32 0.0016679
6.33 0.00204922
6.34 0.00244664
6.35 0.00286074
6.36 0.00329203
6.37 0.00374081
6.38 0.00420705
6.39 0.00469041
6.4 0.00519029
6.41 0.00570588
6.42 0.00623631
6.43 0.00678071
6.44 0.00733828
6.45 0.0079084
6.46 0.00849072
6.47 0.00908506
6.48 0.00969128
6.49 0.0103092
6.5 0.0109384
6.51 0.0115781
6.52 0.0122272
6.53 0.0128839
6.54 0.0135463
6.55 0.0142118
6.56 0.0148776
6.57 0.0155404
6.58 0.0161967
6.59 0.0168432
6.6 0.0174767
6.61 0.018094
6.62 0.0186927
6.63 0.0192706
6.64 0.0198257
6.65 0.0203566
6.66 0.0208617
6.67 0.0213396
6.68 0.0217887
6.69 0.0222076
6.7 0.022595
6.71 0.0229493
6.72 0.0232694
6.73 0.0235539
6.74 0.0238017
6.75 0.0240118
6.76 0.0241836
6.77 0.0243163
6.78 0.0244098
6.79 0.0244637
6.8 0.0244782
6.81 0.0244534
6.82 0.0243896
6.83 0.0242868
6.84 0.0241454
6.85 0.0239652
6.86 0.0237463
6.87 0.0234885
6.88 0.0231917
6.89 0.0228556
6.9 0.0224802
6.91 0.0220658
6.92 0.0216126
6.93 0.0211215
6.94 0.0205937
6.95 0.0200307
6.96 0.0194341
6.97 0.0188059
6.98 0.0181477
6.99 0.0174612
7 0.0167476
7.01 0.0160078
7.02 0.0152424
7.03 0.014452
7.04 0.0136371
7.05 0.0127982
7.06 0.0119364
7.07 0.011053
7.08 0.0101498
7.09 0.00922878
7.1 0.0082925
7.11 0.00734353
7.12 0.00638457
7.13 0.00541815
7.14 0.00444642
7.15 0.00347111
7.16 0.00249353
7.17 0.00151462
7.18 0.000535035
7.19 -0.000444715
7.2 -0.00142419
7.21 -0.0024029
7.22 -0.00338018
7.23 -0.00435506
7.24 -0.00532628
7.25 -0.00629226
7.26 -0.00725118
7.27 -0.0082011
7.28 -0.00914013
7.29 -0.0100665
7.3 -0.0109789
7.31 -0.011876
7.32 -0.012757
7.33 -0.0136215
7.34 -0.0144691
7.35 -0.0152995
7.36 -0.0161123
7.37 -0.0169068
7.38 -0.0176821
7.39 -0.0184369
7.4 -0.0191695
7.41 -0.0198783
7.42 -0.0205613
7.43 -0.0212167
7.44 -0.0218429
7.45 -0.0224388
7.46 -0.0230034
7.47 -0.0235363
7.48 -0.0240375
7.49 -0.0245074
7.5 -0.0249467
7.51 -0.0253566
7.52 -0.0257385
7.53 -0.0260937
7.54 -0.026424
7.55 -0.0267306
7.56 -0.0270149
7.57 -0.0272785
7.58 -0.0275226
7.59 -0.0277488
7.6 -0.0279586
7.61 -0.0281533
7.62 -0.0283343
7.63 -0.0285024
7.64 -0.0286581
7.65 -0.0288014
7.66 -0.0289317
7.67 -0.0290482
7.68 -0.0291491
7.69 -0.0292324
7.7 -0.0292953
7.71 -0.0293349
7.72 -0.0293481
7.73 -0.0293324
7.74 -0.0292853
7.75 -0.0292052
7.76 -0.029091
7.77 -0.0289417
7.78 -0.0287571
7.79 -0.0285371
7.8 -0.0282818
7.81 -0.027992
7.82 -0.0276685
7.83 -0.0273122
7.84 -0.0269247
7.85 -0.0265073
7.86 -0.0260618
7.87 -0.0255899
7.88 -0.0250934
7.89 -0.0245739
7.9 -0.0240331
7.91 -0.0234722
7.92 -0.0228925
7.93 -0.0222949
7.94 -0.0216799
7.95 -0.0210481
7.96 -0.0203996
7.97 -0.0197346
7.98 -0.0190529
7.99 -0.0183543
8 -0.0176387
8.01 -0.0169058
8.02 -0.0161558
8.03 -0.0153888
8.04 -0.0146052
8.05 -0.0138058
8.06 -0.0129917
8.07 -0.012164
8.08 -0.0113242
8.09 -0.0104741
8.1 -0.00961493
8.11 -0.0087482
8.12 -0.00787484
8.13 -0.00699548
8.14 -0.00611041
8.15 -0.00521962
8.16 -0.00432283
8.17 -0.00341957
8.18 -0.00250924
8.19 -0.00159124
8.2 -0.000665026
8.21 0.000269849
8.22 0.00121362
8.23 0.00216633
8.24 0.00312789
8.25 0.00409802
8.26 0.00507621
8.27 0.00606171
8.28 0.00705354
8.29 0.00805043
8.3 0.00905077
8.31 0.0100525
8.32 0.0110531
8.33 0.0120494
8.34 0.0130378
8.35 0.0140144
8.36 0.0149749
8.37 0.0159152
8.38 0.0168315
8.39 0.0177203
8.4 0.0185789
8.41 0.0194049
8.42 0.0201968
8.43 0.0209535
8.44 0.0216742
8.45 0.0223588
8.46 0.0230074
8.47 0.0236207
8.48 0.0241997
8.49 0.0247457
8.5 0.02526
8.51 0.0257441
8.52 0.0261995
8.53 0.0266272
8.54 0.0270279
8.55 0.0274021
8.56 0.0277496
8.57 0.0280702
8.58 0.0283634
8.59 0.0286287
8.6 0.0288655
8.61 0.0290732
8.62 0.0292516
8.63 0.0294005
8.64 0.0295202
8.65 0.0296111
8.66 0.0296744
8.67 0.029711
8.68 0.0297225
8.69 0.0297103
8.7 0.0296759
8.71 0.0296209
8.72 0.0295466
8.73 0.0294543
8.74 0.0293452
8.75 0.02922
8.76 0.0290793
8.77 0.0289235
8.78 0.0287523
8.79 0.0285655
8.8 0.0283623
8.81 0.0281418
8.82 0.0279028
8.83 0.0276441
8.84 0.0273646
8.85 0.0270633
8.86 0.0267394
8.87 0.0263923
8.88 0.0260217
8.89 0.0256272
8.9 0.0252091
8.91 0.0247678
8.92 0.0243038
8.93 0.0238182
8.94 0.0233116
8.95 0.0227852
8.96 0.0222396
8.97 0.0216758
8.98 0.0210943
8.99 0.0204959
9 0.0198809
9.01 0.0192494
9.02 0.0186014
9.03 0.0179365
9.04 0.017254
9.05 0.0165534
9.06 0.0158339
9.07 0.0150953
9.08 0.0143371
9.09 0.0135594
9.1 0.0127622
9.11 0.0119456
9.12 0.01111
9.13 0.0102554
9.14 0.00938223
9.15 0.00849074
9.16 0.00758143
9.17 0.00665506
9.18 0.00571275
9.19 0.00475609
9.2 0.00378712
9.21 0.00280841
9.22 0.00182309
9.23 0.000834774
9.24 -0.000152625
9.25 -0.00113511
9.26 -0.00210887
9.27 -0.00307043
9.28 -0.00401678
9.29 -0.00494549
9.3 -0.00585463
9.31 -0.00674253
9.32 -0.00760773
9.33 -0.00844887
9.34 -0.00926472
9.35 -0.0100541
9.36 -0.0108161
9.37 -0.0115495
9.38 -0.0122536
9.39 -0.0129275
9.4 -0.0135705
9.41 -0.0141823
9.42 -0.0147627
9.43 -0.0153119
9.44 -0.0158308
9.45 -0.0163206
9.46 -0.0167828
9.47 -0.0172193
9.48 -0.0176321
9.49 -0.0180228
9.5 -0.0183931
9.51 -0.0187442
9.52 -0.0190768
9.53 -0.0193914
9.54 -0.0196882
9.55 -0.0199674
9.56 -0.020229
9.57 -0.0204734
9.58 -0.020701
9.59 -0.0209125
9.6 -0.021109
9.61 -0.0212916
9.62 -0.0214613
9.63 -0.0216193
9.64 -0.0217661
9.65 -0.0219023
9.66 -0.0220278
9.67 -0.0221424
9.68 -0.0222455
9.69 -0.0223362
9.7 -0.0224135
9.71 -0.0224764
9.72 -0.0225238
9.73 -0.0225549
9.74 -0.022569
9.75 -0.0225659
9.76 -0.0225454
9.77 -0.0225078
9.78 -0.0224535
9.79 -0.0223832
9.8 -0.0222978
9.81 -0.0221985
9.82 -0.0220866
9.83 -0.0219635
9.84 -0.0218309
9.85 -0.0216906
9.86 -0.0215442
9.87 -0.0213935
9.88 -0.0212399
9.89 -0.0210849
9.9 -0.0209295
9.91 -0.0207748
9.92 -0.0206214
9.93 -0.0204694
9.94 -0.0203189
9.95 -0.0201695
9.96 -0.0200209
9.97 -0.0198724
9.98 -0.0197237
9.99 -0.0195744
10 -0.0194246
10.01 -0.0192744
10.02 -0.0191243
10.03 -0.0189749
10.04 -0.0188271
10.05 -0.0186815
10.06 -0.0185389
10.07 -0.0183996
10.08 -0.018264
10.09 -0.0181319
10.1 -0.0180034
10.11 -0.0178781
10.12 -0.0177556
10.13 -0.0176359
10.14 -0.0175188
10.15 -0.0174044
10.16 -0.017293
10.17 -0.0171848
10.18 -0.0170801
10.19 -0.0169789
10.2 -0.0168812
10.21 -0.0167867
10.22 -0.0166951
10.23 -0.0166059
10.24 -0.0165188
10.25 -0.0164331
10.26 -0.0163484
10.27 -0.0162644
10.28 -0.0161808
10.29 -0.0160974
10.3 -0.0160139
10.31 -0.0159302
10.32 -0.0158461
10.33 -0.0157611
10.34 -0.0156749
10.35 -0.015587
10.36 -0.0154971
10.37 -0.0154049
10.38 -0.01531
10.39 -0.0152118
10.4 -0.0151102
10.41 -0.0150045
10.42 -0.0148941
10.43 -0.0147782
10.44 -0.0146556
10.45 -0.0145253
10.46 -0.0143856
10.47 -0.0142353
10.48 -0.0140728
10.49 -0.013897
10.5 -0.0137069
10.51 -0.013502
10.52 -0.0132821
10.53 -0.0130472
10.54 -0.0127977
10.55 -0.012534
10.56 -0.0122568
10.57 -0.0119667
10.58 -0.0116643
10.59 -0.0113505
10.6 -0.0110259
10.61 -0.0106913
10.62 -0.0103476
10.63 -0.0099956
10.64 -0.00963641
10.65 -0.00927115
10.66 -0.00890107
10.67 -0.0085275
10.68 -0.00815176
10.69 -0.0077751
10.7 -0.00739861
10.71 -0.00702317
10.72 -0.00664948
10.73 -0.00627815
10.74 -0.00590962
10.75 -0.00554426
10.76 -0.0051824
10.77 -0.00482424
10.78 -0.00446991
10.79 -0.00411941
10.8 -0.00377266
10.81 -0.00342956
10.82 -0.00308994
10.83 -0.00275355
10.84 -0.00242011
10.85 -0.00208933
10.86 -0.00176099
10.87 -0.00143497
10.88 -0.00111127
10.89 -0.000789923
10.9 -0.000471041
10.91 -0.000154765
10.92 0.000158823
10.93 0.000469791
10.94 0.000778428
10.95 0.00108527
10.96 0.00139108
10.97 0.00169681
10.98 0.00200354
10.99 0.00231239
11 0.0026244
11.01 0.00294049
11.02 0.00326145
11.03 0.00358791
11.04 0.00392024
11.05 0.00425864
11.06 0.0046032
11.07 0.00495391
11.08 0.00531065
11.09 0.00567319
11.1 0.00604128
11.11 0.00641466
11.12 0.00679316
11.13 0.00717666
11.14 0.0075651
11.15 0.00795838
11.16 0.00835644
11.17 0.00875938
11.18 0.00916745
11.19 0.00958114
11.2 0.0100012
11.21 0.0104283
11.22 0.0108637
11.23 0.0113084
11.24 0.0117633
11.25 0.0122291
11.26 0.012706
11.27 0.0131936
11.28 0.0136912
11.29 0.0141979
11.3 0.0147123
11.31 0.0152333
11.32 0.0157597
11.33 0.0162901
11.34 0.0168237
11.35 0.0173598
11.36 0.017898
11.37 0.0184384
11.38 0.018981
11.39 0.019526
11.4 0.0200735
11.41 0.0206236
11.42 0.0211759
11.43 0.0217301
11.44 0.0222854
11.45 0.0228407
11.46 0.0233951
11.47 0.0239476
11.48 0.0244972
11.49 0.0250433
11.5 0.0255856
11.51 0.0261243
11.52 0.0266599
11.53 0.0271929
11.54 0.0277243
11.55 0.0282547
11.56 0.0287849
11.57 0.0293153
11.58 0.0298461
11.59 0.030377
11.6 0.0309079
11.61 0.0314385
11.62 0.0319686
11.63 0.0324981
11.64 0.0330266
11.65 0.0335541
11.66 0.0340803
11.67 0.034605
11.68 0.035128
11.69 0.0356489
11.7 0.0361673
11.71 0.0366823
11.72 0.0371931
11.73 0.0376983
11.74 0.0381964
11.75 0.0386854
11.76 0.0391632
11.77 0.039627
11.78 0.0400734
11.79 0.040499
11.8 0.0408998
11.81 0.0412722
11.82 0.0416126
11.83 0.041918
11.84 0.0421855
11.85 0.042413
11.86 0.0425982
11.87 0.0427395
11.88 0.042835
11.89 0.0428832
11.9 0.0428825
11.91 0.0428318
11.92 0.04273
11.93 0.042576
11.94 0.042369
11.95 0.0421085
11.96 0.0417937
11.97 0.0414244
11.98 0.0410002
11.99 0.0405213
12 0.0399879
12.01 0.0394007
12.02 0.0387604
12.03 0.0380683
12.04 0.037326
12.05 0.0365353
12.06 0.0356982
12.07 0.034817
12.08 0.0338937
12.09 0.0329305
12.1 0.0319289
12.11 0.0308906
12.12 0.0298169
12.13 0.0287088
12.14 0.0275669
12.15 0.0263916
12.16 0.0251832
12.17 0.0239416
12.18 0.0226668
12.19 0.0213589
12.2 0.0200179
12.21 0.018644
12.22 0.0172374
12.23 0.0157986
12.24 0.0143281
12.25 0.0128266
12.26 0.0112949
12.27 0.00973398
12.28 0.00814519
12.29 0.00652989
12.3 0.00488967
12.31 0.00322629
12.32 0.00154177
12.33 -0.000161574
12.34 -0.00188115
12.35 -0.00361417
12.36 -0.00535763
12.37 -0.00710831
12.38 -0.00886271
12.39 -0.0106172
12.4 -0.0123679
12.41 -0.014111
12.42 -0.0158427
12.43 -0.0175593
12.44 -0.0192574
12.45 -0.0209334
12.46 -0.0225839
12.47 -0.0242056
12.48 -0.025795
12.49 -0.027348
12.5 -0.0288604
12.51 -0.0303274
12.52 -0.031744
12.53 -0.0331048
12.54 -0.0344044
12.55 -0.0356375
12.56 -0.0367994
12.57 -0.0378854
12.58 -0.0388915
12.59 -0.0398137
12.6 -0.0406485
12.61 -0.0413923
12.62 -0.0420419
12.63 -0.0425944
12.64 -0.0430475
12.65 -0.0433992
12.66 -0.0436479
12.67 -0.0437924
12.68 -0.0438322
12.69 -0.0437674
12.7 -0.0435984
12.71 -0.0433265
12.72 -0.042953
12.73 -0.0424798
12.74 -0.0419088
12.75 -0.041242
12.76 -0.0404818
12.77 -0.0396302
12.78 -0.0386896
12.79 -0.0376622
12.8 -0.0365502
12.81 -0.0353563
12.82 -0.0340829
12.83 -0.0327329
12.84 -0.0313093
12.85 -0.0298152
12.86 -0.0282536
12.87 -0.0266276
12.88 -0.02494
12.89 -0.0231936
12.9 -0.0213907
12.91 -0.0195338
12.92 -0.0176252
12.93 -0.0156674
12.94 -0.0136629
12.95 -0.0116145
12.96 -0.00952507
12.97 -0.00739765
12.98 -0.00523541
12.99 -0.0030416
13 -0.000819509
13.01 0.0014276
13.02 0.00369662
13.03 0.00598463
13.04 0.00828886
13.05 0.0106066
13.06 0.012935
13.07 0.0152712
13.08 0.0176121
13.09 0.0199542
13.1 0.022294
13.11 0.0246275
13.12 0.0269507
13.13 0.0292594
13.14 0.0315496
13.15 0.0338175
13.16 0.0360593
13.17 0.0382719
13.18 0.040452
13.19 0.0425969
13.2 0.044704
13.21 0.0467707
13.22 0.0487944
13.23 0.0507728
13.24 0.0527033
13.25 0.0545837
13.26 0.0564113
13.27 0.0581838
13.28 0.0598987
13.29 0.0615533
13.3 0.0631452
13.31 0.0646724
13.32 0.0661341
13.33 0.0675295
13.34 0.0688573
13.35 0.0701161
13.36 0.0713049
13.37 0.0724222
13.38 0.0734672
13.39 0.0744391
13.4 0.075337
13.41 0.0761606
13.42 0.0769095
13.43 0.0775839
13.44 0.0781838
13.45 0.0787099
13.46 0.0791628
13.47 0.0795434
13.48 0.0798528
13.49 0.0800924
13.5 0.0802633
13.51 0.0803672
13.52 0.0804054
13.53 0.0803795
13.54 0.0802913
13.55 0.0801425
13.56 0.0799354
13.57 0.0796719
13.58 0.0793541
13.59 0.078984
13.6 0.0785633
13.61 0.0780937
13.62 0.0775769
13.63 0.0770144
13.64 0.0764081
13.65 0.0757596
13.66 0.0750707
13.67 0.0743432
13.68 0.0735788
13.69 0.0727794
13.7 0.0719464
13.71 0.0710813
13.72 0.0701854
13.73 0.0692598
13.74 0.0683055
13.75 0.0673231
13.76 0.0663132
13.77 0.0652757
13.78 0.0642105
13.79 0.0631168
13.8 0.0619936
13.81 0.0608395
13.82 0.0596524
13.83 0.0584305
13.84 0.0571719
13.85 0.0558756
13.86 0.0545414
13.87 0.0531697
13.88 0.051761
13.89 0.0503161
13.9 0.0488354
13.91 0.0473198
13.92 0.04577
13.93 0.0441868
13.94 0.0425709
13.95 0.0409231
13.96 0.0392444
13.97 0.0375356
13.98 0.0357978
13.99 0.0340319
14 0.032239
14.01 0.03042
14.02 0.0285758
14.03 0.0267075
14.04 0.0248161
14.05 0.0229028
14.06 0.0209688
14.07 0.0190152
14.08 0.0170429
14.09 0.0150527
14.1 0.0130451
14.11 0.0110205
14.12 0.00897872
14.13 0.00691961
14.14 0.0048425
14.15 0.00274646
14.16 0.000630288
14.17 -0.00150735
14.18 -0.00366777
14.19 -0.00585218
14.2 -0.00806173
14.21 -0.0102975
14.22 -0.0125606
14.23 -0.014852
14.24 -0.0171729
14.25 -0.0195245
14.26 -0.021908
14.27 -0.0243247
14.28 -0.0267757
14.29 -0.0292621
14.3 -0.0317843
14.31 -0.0343429
14.32 -0.0369376
14.33 -0.0395678
14.34 -0.0422326
14.35 -0.0449309
14.36 -0.0476628
14.37 -0.0504303
14.38 -0.0532362
14.39 -0.0560834
14.4 -0.0589746
14.41 -0.0619128
14.42 -0.0649008
14.43 -0.0679413
14.44 -0.0710369
14.45 -0.0741895
14.46 -0.0774006
14.47 -0.0806713
14.48 -0.0840023
14.49 -0.0873938
14.5 -0.0908463
14.51 -0.0943601
14.52 -0.0979356
14.53 -0.101573
14.54 -0.105274
14.55 -0.109037
14.56 -0.112866
14.57 -0.116759
14.58 -0.120718
14.59 -0.124744
14.6 -0.128837
14.61 -0.132999
14.62 -0.137228
14.63 -0.141524
14.64 -0.145885
14.65 -0.150311
14.66 -0.154796
14.67 -0.159338
14.68 -0.163932
14.69 -0.168574
14.7 -0.173261
14.71 -0.177989
14.72 -0.182754
14.73 -0.187553
14.74 -0.192379
14.75 -0.197227
14.76 -0.20209
14.77 -0.206962
14.78 -0.211834
14.79 -0.216701
14.8 -0.221555
14.81 -0.226391
14.82 -0.231201
14.83 -0.23598
14.84 -0.240719
14.85 -0.245413
14.86 -0.250055
14.87 -0.25464
14.88 -0.25916
14.89 -0.263609
14.9 -0.267981
14.91 -0.27227
14.92 -0.276467
14.93 -0.280566
14.94 -0.284561
14.95 -0.288445
14.96 -0.29221
14.97 -0.295851
14.98 -0.299361
14.99 -0.302735
15 -0.30597
15.01 -0.309064
15.02 -0.312016
15.03 -0.314826
15.04 -0.317497
15.05 -0.320031
15.06 -0.322431
15.07 -0.324701
15.08 -0.326845
15.09 -0.328869
15.1 -0.330777
15.11 -0.332573
15.12 -0.334263
15.13 -0.335851
15.14 -0.337341
15.15 -0.33874
15.16 -0.34005
15.17 -0.341277
15.18 -0.342423
15.19 -0.343493
15.2 -0.344488
15.21 -0.345411
15.22 -0.346265
15.23 -0.347052
15.24 -0.347777
15.25 -0.348442
15.26 -0.349051
15.27 -0.349609
15.28 -0.35012
15.29 -0.350589
15.3 -0.35102
15.31 -0.351418
15.32 -0.351786
15.33 -0.352126
15.34 -0.35244
15.35 -0.352732
15.36 -0.353003
15.37 -0.353257
15.38 -0.353495
15.39 -0.353721
15.4 -0.353936
15.41 -0.354144
15.42 -0.354346
15.43 -0.354542
15.44 -0.354735
15.45 -0.354923
15.46 -0.355108
15.47 -0.355288
15.48 -0.355461
15.49 -0.355627
15.5 -0.35578
15.51 -0.355918
15.52 -0.356035
15.53 -0.356126
15.54 -0.356185
15.55 -0.356209
15.56 -0.35619
15.57 -0.356124
15.58 -0.356007
15.59 -0.355832
15.6 -0.355594
15.61 -0.355289
15.62 -0.354913
15.63 -0.354459
15.64 -0.353923
15.65 -0.353301
15.66 -0.352589
15.67 -0.35178
15.68 -0.350872
15.69 -0.34986
15.7 -0.34874
15.71 -0.347509
15.72 -0.346162
15.73 -0.344697
15.74 -0.34311
15.75 -0.341397
15.76 -0.339555
15.77 -0.337582
15.78 -0.335473
15.79 -0.333227
15.8 -0.330841
15.81 -0.328314
15.82 -0.325643
15.83 -0.322827
15.84 -0.319867
15.85 -0.316762
15.86 -0.313513
15.87 -0.310121
15.88 -0.306586
15.89 -0.302912
15.9 -0.2991
15.91 -0.295151
15.92 -0.291071
15.93 -0.28686
15.94 -0.282522
15.95 -0.27806
15.96 -0.273479
15.97 -0.268782
15.98 -0.263974
15.99 -0.25906
16 -0.254047
16.01 -0.24894
16.02 -0.243748
16.03 -0.238479
16.04 -0.233142
16.05 -0.227747
16.06 -0.222301
16.07 -0.216808
16.08 -0.211274
16.09 -0.205705
16.1 -0.200104
16.11 -0.194477
16.12 -0.188829
16.13 -0.183164
16.14 -0.177487
16.15 -0.171804
16.16 -0.166119
16.17 -0.160438
16.18 -0.154765
16.19 -0.149107
16.2 -0.143469
16.21 -0.137856
16.22 -0.132272
16.23 -0.126723
16.24 -0.121211
16.25 -0.115739
16.26 -0.110311
16.27 -0.104926
16.28 -0.0995862
16.29 -0.094292
16.3 -0.0890435
16.31 -0.0838411
16.32 -0.0786848
16.33 -0.0735744
16.34 -0.0685097
16.35 -0.0634905
16.36 -0.0585161
16.37 -0.0535864
16.38 -0.0487008
16.39 -0.0438587
16.4 -0.0390595
16.41 -0.0343025
16.42 -0.0295868
16.43 -0.024912
16.44 -0.0202775
16.45 -0.0156828
16.46 -0.0111274
16.47 -0.00661097
16.48 -0.00213301
16.49 0.00230688
16.5 0.00670904
16.51 0.0110738
16.52 0.0154015
16.53 0.0196924
16.54 0.023947
16.55 0.0281655
16.56 0.0323484
16.57 0.0364957
16.58 0.0406075
16.59 0.0446837
16.6 0.048724
16.61 0.0527279
16.62 0.0566945
16.63 0.0606228
16.64 0.0645113
16.65 0.0683582
16.66 0.0721613
16.67 0.075918
16.68 0.0796254
16.69 0.0832803
16.7 0.0868789
16.71 0.0904178
16.72 0.0938937
16.73 0.0973037
16.74 0.100646
16.75 0.103918
16.76 0.107119
16.77 0.110247
16.78 0.113302
16.79 0.116283
16.8 0.119189
16.81 0.122021
16.82 0.124778
16.83 0.12746
16.84 0.130066
16.85 0.132599
16.86 0.135056
16.87 0.137439
16.88 0.139746
16.89 0.141979
16.9 0.144136
16.91 0.146216
16.92 0.14822
16.93 0.150145
16.94 0.151992
16.95 0.15376
16.96 0.155448
16.97 0.157057
16.98 0.158584
16.99 0.160032
17 0.161399
17.01 0.162685
17.02 0.16389
17.03 0.165014
17.04 0.166058
17.05 0.16702
17.06 0.167902
17.07 0.168701
17.08 0.169419
17.09 0.170056
17.1 0.170611
17.11 0.171084
17.12 0.171475
17.13 0.171784
17.14 0.172011
17.15 0.172156
17.16 0.172219
17.17 0.172199
17.18 0.172096
17.19 0.171912
17.2 0.171645
17.21 0.171296
17.22 0.170866
17.23 0.170355
17.24 0.169764
17.25 0.169093
17.26 0.168343
17.27 0.167515
17.28 0.166609
17.29 0.165626
17.3 0.164567
17.31 0.163432
17.32 0.162222
17.33 0.160938
17.34 0.159581
17.35 0.158152
17.36 0.156652
17.37 0.15508
17.38 0.153438
17.39 0.151724
17.4 0.149939
17.41 0.148081
17.42 0.146149
17.43 0.144142
17.44 0.142058
17.45 0.139897
17.46 0.137659
17.47 0.135343
17.48 0.132952
17.49 0.130486
17.5 0.127947
17.51 0.125338
17.52 0.12266
17.53 0.119914
17.54 0.117104
17.55 0.11423
17.56 0.111296
17.57 0.108303
17.58 0.105254
17.59 0.102154
17.6 0.0990047
17.61 0.0958111
17.62 0.0925776
17.63 0.0893093
17.64 0.0860117
17.65 0.0826907
17.66 0.0793525
17.67 0.0760035
17.68 0.0726505
17.69 0.0693002
17.7 0.0659594
17.71 0.0626347
17.72 0.0593322
17.73 0.0560577
17.74 0.0528166
17.75 0.0496144
17.76 0.0464563
17.77 0.0433467
17.78 0.0402881
17.79 0.0372826
17.8 0.0343335
17.81 0.0314441
17.82 0.0286177
17.83 0.0258578
17.84 0.0231677
17.85 0.0205505
17.86 0.0180097
17.87 0.0155482
17.88 0.0131688
17.89 0.0108742
17.9 0.0086663
17.91 0.00654655
17.92 0.00451596
17.93 0.00257515
17.94 0.000724572
17.95 -0.00103546
17.96 -0.00270484
17.97 -0.00428362
17.98 -0.00577203
17.99 -0.00717038
18 -0.00847904
18.01 -0.00969842
18.02 -0.0108289
18.03 -0.011871
18.04 -0.0128251
18.05 -0.0136914
18.06 -0.0144701
18.07 -0.0151615
18.08 -0.0157658
18.09 -0.0162832
18.1 -0.016714
18.11 -0.0170587
18.12 -0.0173176
18.13 -0.0174909
18.14 -0.017579
18.15 -0.0175818
18.16 -0.0174994
18.17 -0.0173314
18.18 -0.0170778
18.19 -0.0167382
18.2 -0.0163123
18.21 -0.0157996
18.22 -0.0152
18.23 -0.0145131
18.24 -0.0137391
18.25 -0.0128782
18.26 -0.0119309
18.27 -0.0108978
18.28 -0.00977942
18.29 -0.00857663
18.3 -0.00729021
18.31 -0.00592097
18.32 -0.00446974
18.33 -0.00293743
18.34 -0.00132512
18.35 0.000365967
18.36 0.00213437
18.37 0.00397836
18.38 0.00589604
18.39 0.00788543
18.4 0.00994449
18.41 0.0120713
18.42 0.0142638
18.43 0.0165204
18.44 0.0188395
18.45 0.0212195
18.46 0.0236594
18.47 0.026158
18.48 0.0287143
18.49 0.0313272
18.5 0.0339956
18.51 0.0367182
18.52 0.0394934
18.53 0.0423193
18.54 0.0451938
18.55 0.0481143
18.56 0.0510783
18.57 0.0540828
18.58 0.0571246
18.59 0.0602007
18.6 0.0633079
18.61 0.0664429
18.62 0.0696028
18.63 0.0727844
18.64 0.0759845
18.65 0.0791999
18.66 0.0824273
18.67 0.085663
18.68 0.088903
18.69 0.0921424
18.7 0.0953757
18.71 0.0985964
18.72 0.101797
18.73 0.10497
18.74 0.108108
18.75 0.111202
18.76 0.114248
18.77 0.117243
18.78 0.120183
18.79 0.123062
18.8 0.125878
18.81 0.128625
18.82 0.131299
18.83 0.133896
18.84 0.136411
18.85 0.13884
18.86 0.141177
18.87 0.143419
18.88 0.145561
18.89 0.147598
18.9 0.149526
18.91 0.151342
18.92 0.153042
18.93 0.154624
18.94 0.156085
18.95 0.157426
18.96 0.158644
18.97 0.159737
18.98 0.160705
18.99 0.161545
19 0.162256
19.01 0.162835
19.02 0.163279
19.03 0.163586
19.04 0.163753
19.05 0.163777
19.06 0.163654
19.07 0.163383
19.08 0.162963
19.09 0.162392
19.1 0.16167
19.11 0.160797
19.12 0.159771
19.13 0.158594
19.14 0.157263
19.15 0.15578
19.16 0.154144
19.17 0.152356
19.18 0.150417
19.19 0.14833
19.2 0.146098
19.21 0.143725
19.22 0.141218
19.23 0.138581
19.24 0.135821
19.25 0.132944
19.26 0.129956
19.27 0.126862
19.28 0.123666
19.29 0.120374
19.3 0.11699
19.31 0.11352
19.32 0.109967
19.33 0.10634
19.34 0.102644
19.35 0.0988853
19.36 0.0950727
19.37 0.0912135
19.38 0.0873158
19.39 0.0833874
19.4 0.0794364
19.41 0.0754705
19.42 0.0714978
19.43 0.067526
19.44 0.0635631
19.45 0.0596169
19.46 0.0556952
19.47 0.0518057
19.48 0.047956
19.49 0.0441536
19.5 0.0404057
19.51 0.0367194
19.52 0.0330993
19.53 0.0295472
19.54 0.026064
19.55 0.0226511
19.56 0.0193094
19.57 0.0160394
19.58 0.0128412
19.59 0.00971508
19.6 0.00666089
19.61 0.00367851
19.62 0.000767654
19.63 -0.00207202
19.64 -0.0048409
19.65 -0.00753937
19.66 -0.0101679
19.67 -0.0127271
19.68 -0.0152176
19.69 -0.0176401
19.7 -0.0199954
19.71 -0.0222847
19.72 -0.0245089
19.73 -0.0266691
19.74 -0.0287665
19.75 -0.030802
19.76 -0.0327762
19.77 -0.0346895
19.78 -0.0365421
19.79 -0.0383343
19.8 -0.0400661
19.81 -0.0417377
19.82 -0.0433493
19.83 -0.0449012
19.84 -0.046394
19.85 -0.0478281
19.86 -0.0492045
19.87 -0.050524
19.88 -0.0517877
19.89 -0.0529967
19.9 -0.054152
19.91 -0.0552543
19.92 -0.0563044
19.93 -0.0573027
19.94 -0.0582496
19.95 -0.0591453
19.96 -0.0599906
19.97 -0.0607859
19.98 -0.0615321
19.99 -0.0622303
20 -0.0628819
20.01 -0.063488
20.02 -0.0640502
20.03 -0.0645697
20.04 -0.0650473
20.05 -0.0654835
20.06 -0.0658781
20.07 -0.0662306
20.08 -0.0665399
20.09 -0.0668045
20.1 -0.0670224
20.11 -0.0671912
20.12 -0.0673086
20.13 -0.0673722
20.14 -0.0673796
20.15 -0.0673286
20.16 -0.0672171
20.17 -0.067043
20.18 -0.0668048
20.19 -0.0665011
20.2 -0.0661308
20.21 -0.0656934
20.22 -0.0651886
20.23 -0.0646162
20.24 -0.0639761
20.25 -0.0632682
20.26 -0.0624926
20.27 -0.0616496
20.28 -0.06074
20.29 -0.0597646
20.3 -0.0587247
20.31 -0.0576218
20.32 -0.0564575
20.33 -0.0552338
20.34 -0.0539528
20.35 -0.0526167
20.36 -0.0512276
20.37 -0.0497873
20.38 -0.0482977
20.39 -0.04676
20.4 -0.0451752
20.41 -0.0435442
20.42 -0.0418672
20.43 -0.0401445
20.44 -0.0383762
20.45 -0.0365626
20.46 -0.034704
20.47 -0.0328006
20.48 -0.030853
20.49 -0.0288615
20.5 -0.0268265
20.51 -0.0247483
20.52 -0.0226274
20.53 -0.0204642
20.54 -0.0182592
20.55 -0.0160127
20.56 -0.0137255
20.57 -0.0113984
20.58 -0.00903237
20.59 -0.00662914
20.6 -0.00419087
20.61 -0.00172024
20.62 0.000779654
20.63 0.0033055
20.64 0.00585388
20.65 0.00842133
20.66 0.0110043
20.67 0.0135993
20.68 0.016203
20.69 0.0188119
20.7 0.0214229
20.71 0.0240328
20.72 0.0266389
20.73 0.029238
20.74 0.0318273
20.75 0.034404
20.76 0.036965
20.77 0.0395077
20.78 0.0420293
20.79 0.0445276
20.8 0.0470004
20.81 0.0494461
20.82 0.0518637
20.83 0.0542523
20.84 0.0566116
20.85 0.0589411
20.86 0.0612414
20.87 0.063515
20.88 0.065764
20.89 0.0679897
20.9 0.070193
20.91 0.0723746
20.92 0.0745352
20.93 0.0766754
20.94 0.0787958
20.95 0.0808967
20.96 0.0829786
20.97 0.0850415
20.98 0.0870851
20.99 0.0891089
21 0.0911118
21.01 0.0930926
21.02 0.0950495
21.03 0.0969802
21.04 0.0988823
21.05 0.100753
21.06 0.102591
21.07 0.104393
21.08 0.106157
21.09 0.107881
21.1 0.109562
21.11 0.111198
21.12 0.112787
21.13 0.114329
21.14 0.115821
21.15 0.117263
21.16 0.118654
21.17 0.119993
21.18 0.12128
21.19 0.122514
21.2 0.123694
21.21 0.124819
21.22 0.125889
21.23 0.126903
21.24 0.127861
21.25 0.128761
21.26 0.129604
21.27 0.130389
21.28 0.131117
21.29 0.131787
21.3 0.1324
21.31 0.132956
21.32 0.133457
21.33 0.133902
21.34 0.134291
21.35 0.134625
21.36 0.134904
21.37 0.135126
21.38 0.135291
21.39 0.135399
21.4 0.135447
21.41 0.135435
21.42 0.135362
21.43 0.135224
21.44 0.135022
21.45 0.134754
21.46 0.134418
21.47 0.134014
21.48 0.133541
21.49 0.132999
21.5 0.132388
21.51 0.131706
21.52 0.130954
21.53 0.130132
21.54 0.12924
21.55 0.128277
21.56 0.127244
21.57 0.126141
21.58 0.124969
21.59 0.123727
21.6 0.122415
21.61 0.121034
21.62 0.119583
21.63 0.118062
21.64 0.116474
21.65 0.114817
21.66 0.113095
21.67 0.111308
21.68 0.10946
21.69 0.107552
21.7 0.105587
21.71 0.103567
21.72 0.101495
21.73 0.0993728
21.74 0.0972042
21.75 0.0949918
21.76 0.0927388
21.77 0.090449
21.78 0.0881261
21.79 0.0857741
21.8 0.083397
21.81 0.0809989
21.82 0.0785834
21.83 0.0761539
21.84 0.0737138
21.85 0.0712657
21.86 0.0688124
21.87 0.0663562
21.88 0.0638995
21.89 0.0614443
21.9 0.0589926
21.91 0.0565465
21.92 0.054108
21.93 0.0516794
21.94 0.0492633
21.95 0.0468623
21.96 0.0444788
21.97 0.0421154
21.98 0.0397741
21.99 0.0374567
22 0.0351645
22.01 0.0328984
22.02 0.030659
22.03 0.0284465
22.04 0.0262615
22.05 0.0241045
22.06 0.021977
22.07 0.0198808
22.08 0.0178183
22.09 0.0157925
22.1 0.013806
22.11 0.011862
22.12 0.00996354
22.13 0.00811288
22.14 0.0063107
22.15 0.00455736
22.16 0.00285336
22.17 0.00119904
22.18 -0.000405413
22.19 -0.00195989
22.2 -0.00346429
22.21 -0.00491841
22.22 -0.00632188
22.23 -0.00767412
22.24 -0.00897437
22.25 -0.0102218
22.26 -0.0114154
22.27 -0.0125544
22.28 -0.0136379
22.29 -0.0146652
22.3 -0.0156357
22.31 -0.0165495
22.32 -0.0174069
22.33 -0.0182085
22.34 -0.018955
22.35 -0.0196474
22.36 -0.0202869
22.37 -0.0208745
22.38 -0.021411
22.39 -0.0218974
22.4 -0.0223344
22.41 -0.0227225
22.42 -0.0230619
22.43 -0.0233528
22.44 -0.0235952
22.45 -0.0237892
22.46 -0.0239342
22.47 -0.02403
22.48 -0.0240755
22.49 -0.0240698
22.5 -0.0240116
22.51 -0.0238996
22.52 -0.0237319
22.53 -0.0235069
22.54 -0.0232226
22.55 -0.0228774
22.56 -0.0224693
22.57 -0.0219967
22.58 -0.0214578
22.59 -0.0208508
22.6 -0.0201742
22.61 -0.0194265
22.62 -0.0186062
22.63 -0.0177122
22.64 -0.0167434
22.65 -0.0156994
22.66 -0.0145797
22.67 -0.0133846
22.68 -0.0121145
22.69 -0.0107705
22.7 -0.00935342
22.71 -0.00786432
22.72 -0.00630412
22.73 -0.00467375
22.74 -0.00297421
22.75 -0.00120651
22.76 0.000628244
22.77 0.00252874
22.78 0.00449346
22.79 0.00652074
22.8 0.00860875
22.81 0.0107556
22.82 0.0129594
22.83 0.0152179
22.84 0.0175291
22.85 0.0198905
22.86 0.0222999
22.87 0.0247545
22.88 0.0272518
22.89 0.0297889
22.9 0.0323628
22.91 0.0349701
22.92 0.0376073
22.93 0.0402706
22.94 0.0429562
22.95 0.0456599
22.96 0.0483773
22.97 0.0511039
22.98 0.0538353
22.99 0.056567
23 0.0592954
23.01 0.0620169
23.02 0.0647285
23.03 0.0674274
23.04 0.0701111
23.05 0.0727772
23.06 0.0754234
23.07 0.0780475
23.08 0.0806467
23.09 0.0832183
23.1 0.0857591
23.11 0.0882659
23.12 0.0907356
23.13 0.0931651
23.14 0.0955514
23.15 0.0978914
23.16 0.100183
23.17 0.102422
23.18 0.104608
23.19 0.106742
23.2 0.108825
23.21 0.110856
23.22 0.112837
23.23 0.114768
23.24 0.116648
23.25 0.118478
23.26 0.120258
23.27 0.121989
23.28 0.12367
23.29 0.125302
23.3 0.126886
23.31 0.128423
23.32 0.129912
23.33 0.131354
23.34 0.132751
23.35 0.134102
23.36 0.135408
23.37 0.13667
23.38 0.137886
23.39 0.139058
23.4 0.140185
23.41 0.141266
23.42 0.1423
23.43 0.143287
23.44 0.144225
23.45 0.145112
23.46 0.145948
23.47 0.146731
23.48 0.14746
23.49 0.148134
23.5 0.148752
23.51 0.149314
23.52 0.149819
23.53 0.150267
23.54 0.150658
23.55 0.150992
23.56 0.151268
23.57 0.151487
23.58 0.151648
23.59 0.151751
23.6 0.151797
23.61 0.151785
23.62 0.151717
23.63 0.151592
23.64 0.151411
23.65 0.151175
23.66 0.150885
23.67 0.150542
23.68 0.150146
23.69 0.149698
23.7 0.1492
23.71 0.148651
23.72 0.148052
23.73 0.147404
23.74 0.146706
23.75 0.145959
23.76 0.145162
23.77 0.144316
23.78 0.143418
23.79 0.142469
23.8 0.141467
23.81 0.140411
23.82 0.139299
23.83 0.13813
23.84 0.136904
23.85 0.135619
23.86 0.134275
23.87 0.132871
23.88 0.131407
23.89 0.129883
23.9 0.128297
23.91 0.12665
23.92 0.12494
23.93 0.123168
23.94 0.121333
23.95 0.119433
23.96 0.11747
23.97 0.115444
23.98 0.113354
23.99 0.111204
24 0.108993
24.01 0.106726
24.02 0.104404
24.03 0.102031
24.04 0.0996111
24.05 0.0971482
24.06 0.0946476
24.07 0.0921151
24.08 0.0895566
24.09 0.0869784
24.1 0.0843864
24.11 0.0817866
24.12 0.0791846
24.13 0.0765856
24.14 0.0739941
24.15 0.0714143
24.16 0.0688496
24.17 0.0663032
24.18 0.0637778
24.19 0.0612762
24.2 0.058801
24.21 0.0563548
24.22 0.0539399
24.23 0.0515584
24.24 0.0492125
24.25 0.046904
24.26 0.0446346
24.27 0.042406
24.28 0.0402196
24.29 0.0380763
24.3 0.035977
24.31 0.0339221
24.32 0.0319121
24.33 0.0299476
24.34 0.0280294
24.35 0.026159
24.36 0.0243373
24.37 0.0225641
24.38 0.0208393
24.39 0.0191633
24.4 0.0175367
24.41 0.0159602
24.42 0.0144342
24.43 0.0129591
24.44 0.0115353
24.45 0.0101627
24.46 0.00884152
24.47 0.00757177
24.48 0.00635365
24.49 0.00518745
24.5 0.00407347
24.51 0.00301206
24.52 0.00200354
24.53 0.00104822
24.54 0.000146255
24.55 -0.000702278
24.56 -0.0014974
24.57 -0.0022393
24.58 -0.00292835
24.59 -0.00356511
24.6 -0.00415016
24.61 -0.00468404
24.62 -0.00516729
24.63 -0.00560051
24.64 -0.00598424
24.65 -0.00631885
24.66 -0.00660446
24.67 -0.00684098
24.68 -0.00702812
24.69 -0.00716534
24.7 -0.00725191
24.71 -0.00728695
24.72 -0.00726949
24.73 -0.00719859
24.74 -0.00707335
24.75 -0.00689286
24.76 -0.00665618
24.77 -0.00636238
24.78 -0.00601072
24.79 -0.00560067
24.8 -0.00513195
24.81 -0.00460445
24.82 -0.00401834
24.83 -0.00337406
24.84 -0.00267231
24.85 -0.00191397
24.86 -0.0011001
24.87 -0.000231898
24.88 0.000689243
24.89 0.00166168
24.9 0.00268347
24.91 0.00375241
24.92 0.00486604
24.93 0.00602175
24.94 0.00721674
24.95 0.00844815
24.96 0.00971308
24.97 0.0110085
24.98 0.0123315
24.99 0.0136791
25 0.0150484
