0.01 3.17771e-09
0.02 1.53152e-08
0.03 3.78506e-08
0.04 6.84699e-08
0.05 1.04904e-07
0.06 1.44951e-07
0.07 1.86489e-07
0.08 2.27477e-07
0.09 2.65934e-07
0.1 2.99939e-07
0.11 3.27652e-07
0.12 3.47314e-07
0.13 3.57209e-07
0.14 3.55607e-07
0.15 3.40752e-07
0.16 3.10918e-07
0.17 2.64457e-07
0.18 1.99813e-07
0.19 1.1553e-07
0.2 1.0266e-08
0.21 -1.17198e-07
0.22 -2.67952e-07
0.23 -4.42969e-07
0.24 -6.43112e-07
0.25 -8.69178e-07
0.26 -1.12195e-06
0.27 -1.40224e-06
0.28 -1.71075e-06
0.29 -2.04782e-06
0.3 -2.41333e-06
0.31 -2.80661e-06
0.32 -3.22648e-06
0.33 -3.67095e-06
0.34 -4.13721e-06
0.35 -4.62184e-06
0.36 -5.12108e-06
0.37 -5.63089e-06
0.38 -6.14763e-06
0.39 -6.66875e-06
0.4 -7.19342e-06
0.41 -7.72284e-06
0.42 -8.25981e-06
0.43 -8.8081e-06
0.44 -9.37256e-06
0.45 -9.95891e-06
0.46 -1.05734e-05
0.47 -1.12221e-05
0.48 -1.19108e-05
0.49 -1.26442e-05
0.5 -1.34263e-05
0.51 -1.42603e-05
0.52 -1.5149e-05
0.53 -1.60945e-05
0.54 -1.70982e-05
0.55 -1.81612e-05
0.56 -1.92841e-05
0.57 -2.04671e-05
0.58 -2.17103e-05
0.59 -2.30135e-05
0.6 -2.43768e-05
0.61 -2.57996e-05
0.62 -2.72814e-05
0.63 -2.88216e-05
0.64 -3.04193e-05
0.65 -3.20739e-05
0.66 -3.37845e-05
0.67 -3.55509e-05
0.68 -3.73729e-05
0.69 -3.92505e-05
0.7 -4.11839e-05
0.71 -4.31728e-05
0.72 -4.52163e-05
0.73 -4.7312e-05
0.74 -4.94552e-05
0.75 -5.1639e-05
0.76 -5.3853e-05
0.77 -5.60845e-05
0.78 -5.83191e-05
0.79 -6.05432e-05
0.8 -6.27457e-05
0.81 -6.49181e-05
0.82 -6.70546e-05
0.83 -6.91509e-05
0.84 -7.12047e-05
0.85 -7.32174e-05
0.86 -7.51927e-05
0.87 -7.71335e-05
0.88 -7.90376e-05
0.89 -8.08974e-05
0.9 -8.27019e-05
0.91 -8.44385e-05
0.92 -8.60942e-05
0.93 -8.76579e-05
0.94 -8.91226e-05
0.95 -9.04873e-05
0.96 -9.1757e-05
0.97 -9.29423e-05
0.98 -9.40548e-05
0.99 -9.51011e-05
1 -9.60818e-05
1.01 -9.69917e-05
1.02 -9.78197e-05
1.03 -9.85501e-05
1.04 -9.91648e-05
1.05 -9.96457e-05
1.06 -9.99779e-05
1.07 -0.000100151
1.08 -0.00010016
1.09 -9.99968e-05
1.1 -9.96568e-05
1.11 -9.91351e-05
1.12 -9.8427e-05
1.13 -9.75261e-05
1.14 -9.64251e-05
1.15 -9.51167e-05
1.16 -9.35959e-05
1.17 -9.18623e-05
1.18 -8.99225e-05
1.19 -8.77882e-05
1.2 -8.54729e-05
1.21 -8.29937e-05
1.22 -8.03719e-05
1.23 -7.76311e-05
1.24 -7.47909e-05
1.25 -7.18596e-05
1.26 -6.88291e-05
1.27 -6.56801e-05
1.28 -6.23915e-05
1.29 -5.89432e-05
1.3 -5.53168e-05
1.31 -5.15006e-05
1.32 -4.7492e-05
1.33 -4.32949e-05
1.34 -3.89144e-05
1.35 -3.43533e-05
1.36 -2.96117e-05
1.37 -2.46872e-05
1.38 -1.95756e-05
1.39 -1.42717e-05
1.4 -8.77197e-06
1.41 -3.07717e-06
1.42 2.80359e-06
1.43 8.84872e-06
1.44 1.50203e-05
1.45 2.1262e-05
1.46 2.75007e-05
1.47 3.36527e-05
1.48 3.96311e-05
1.49 4.53465e-05
1.5 5.07109e-05
1.51 5.56419e-05
1.52 6.00653e-05
1.53 6.39222e-05
1.54 6.71769e-05
1.55 6.98247e-05
1.56 7.18945e-05
1.57 7.34389e-05
1.58 7.45265e-05
1.59 7.52346e-05
1.6 7.5637e-05
1.61 7.57975e-05
1.62 7.57727e-05
1.63 7.56108e-05
1.64 7.53521e-05
1.65 7.50298e-05
1.66 7.46669e-05
1.67 7.42752e-05
1.68 7.38566e-05
1.69 7.34098e-05
1.7 7.29333e-05
1.71 7.24254e-05
1.72 7.18856e-05
1.73 7.13157e-05
1.74 7.07243e-05
1.75 7.013e-05
1.76 6.95573e-05
1.77 6.90288e-05
1.78 6.85702e-05
1.79 6.82153e-05
1.8 6.80034e-05
1.81 6.79751e-05
1.82 6.81713e-05
1.83 6.86321e-05
1.84 6.93859e-05
1.85 7.04443e-05
1.86 7.18063e-05
1.87 7.34684e-05
1.88 7.54301e-05
1.89 7.76947e-05
1.9 8.02698e-05
1.91 8.3167e-05
1.92 8.64015e-05
1.93 8.99909e-05
1.94 9.39411e-05
1.95 9.82304e-05
1.96 0.000102809
1.97 0.000107604
1.98 0.000112522
1.99 0.000117466
2 0.000122349
2.01 0.000127116
2.02 0.000131748
2.03 0.000136253
2.04 0.000140669
2.05 0.000145052
2.06 0.000149465
2.07 0.000153969
2.08 0.000158605
2.09 0.000163386
2.1 0.000168294
2.11 0.000173281
2.12 0.000178266
2.13 0.000183135
2.14 0.000187749
2.15 0.000191956
2.16 0.000195593
2.17 0.000198499
2.18 0.000200509
2.19 0.000201451
2.2 0.000201139
2.21 0.000199379
2.22 0.000195979
2.23 0.000190756
2.24 0.000183541
2.25 0.000174178
2.26 0.000162522
2.27 0.000148472
2.28 0.000131972
2.29 0.000113003
2.3 9.15778e-05
2.31 6.77386e-05
2.32 4.1568e-05
2.33 1.31985e-05
2.34 -1.71813e-05
2.35 -4.93327e-05
2.36 -8.29749e-05
2.37 -0.000117797
2.38 -0.000153468
2.39 -0.000189632
2.4 -0.000225933
2.41 -0.000262051
2.42 -0.000297721
2.43 -0.00033272
2.44 -0.000366843
2.45 -0.000399902
2.46 -0.000431726
2.47 -0.000462173
2.48 -0.000491131
2.49 -0.000518504
2.5 -0.000544195
2.51 -0.000568093
2.52 -0.000590072
2.53 -0.000610003
2.54 -0.000627763
2.55 -0.000643221
2.56 -0.000656257
2.57 -0.000666778
2.58 -0.000674744
2.59 -0.000680173
2.6 -0.000683134
2.61 -0.000683733
2.62 -0.000682087
2.63 -0.000678312
2.64 -0.000672505
2.65 -0.000664747
2.66 -0.0006551
2.67 -0.000643615
2.68 -0.000630339
2.69 -0.000615329
2.7 -0.000598659
2.71 -0.00058041
2.72 -0.000560662
2.73 -0.000539501
2.74 -0.000516993
2.75 -0.000493184
2.76 -0.000468114
2.77 -0.00044182
2.78 -0.000414311
2.79 -0.000385559
2.8 -0.000355502
2.81 -0.000324047
2.82 -0.000291109
2.83 -0.000256632
2.84 -0.000220602
2.85 -0.000183044
2.86 -0.00014402
2.87 -0.000103632
2.88 -6.20415e-05
2.89 -1.94562e-05
2.9 2.38899e-05
2.91 6.77476e-05
2.92 0.000111851
2.93 0.000155924
2.94 0.000199697
2.95 0.000242908
2.96 0.000285315
2.97 0.000326721
2.98 0.000366992
2.99 0.000406038
3 0.000443805
3.01 0.000480264
3.02 0.000515389
3.03 0.000549139
3.04 0.000581451
3.05 0.000612234
3.06 0.000641361
3.07 0.000668663
3.08 0.000693936
3.09 0.000716956
3.1 0.00073751
3.11 0.000755429
3.12 0.0007706
3.13 0.000782984
3.14 0.000792605
3.15 0.000799515
3.16 0.000803791
3.17 0.000805532
3.18 0.000804861
3.19 0.000801903
3.2 0.000796765
3.21 0.000789548
3.22 0.000780386
3.23 0.000769451
3.24 0.00075696
3.25 0.00074316
3.26 0.000728321
3.27 0.00071275
3.28 0.000696804
3.29 0.000680861
3.3 0.00066528
3.31 0.000650427
3.32 0.00063667
3.33 0.000624331
3.34 0.000613645
3.35 0.000604729
3.36 0.000597567
3.37 0.000592026
3.38 0.000587862
3.39 0.00058473
3.4 0.000582194
3.41 0.000579745
3.42 0.000576833
3.43 0.000572909
3.44 0.000567437
3.45 0.000559908
3.46 0.000549846
3.47 0.000536856
3.48 0.000520665
3.49 0.000501146
3.5 0.000478311
3.51 0.000452292
3.52 0.000423338
3.53 0.000391791
3.54 0.00035806
3.55 0.000322562
3.56 0.00028567
3.57 0.000247697
3.58 0.000208945
3.59 0.000169714
3.6 0.000130261
3.61 9.07828e-05
3.62 5.1421e-05
3.63 1.22661e-05
3.64 -2.66492e-05
3.65 -6.53458e-05
3.66 -0.0001039
3.67 -0.000142459
3.68 -0.000181236
3.69 -0.000220492
3.7 -0.000260482
3.71 -0.000301438
3.72 -0.000343593
3.73 -0.000387151
3.74 -0.000432265
3.75 -0.000479044
3.76 -0.00052757
3.77 -0.000577882
3.78 -0.000629981
3.79 -0.000683832
3.8 -0.00073936
3.81 -0.000796422
3.82 -0.000854825
3.83 -0.000914346
3.84 -0.000974736
3.85 -0.00103573
3.86 -0.00109709
3.87 -0.00115865
3.88 -0.00122037
3.89 -0.00128229
3.9 -0.0013446
3.91 -0.00140757
3.92 -0.00147161
3.93 -0.00153719
3.94 -0.00160481
3.95 -0.001675
3.96 -0.00174825
3.97 -0.00182499
3.98 -0.00190556
3.99 -0.00199011
4 -0.00207867
4.01 -0.00217111
4.02 -0.00226716
4.03 -0.00236642
4.04 -0.0024684
4.05 -0.00257245
4.06 -0.00267785
4.07 -0.00278371
4.08 -0.00288903
4.09 -0.00299269
4.1 -0.00309347
4.11 -0.00319013
4.12 -0.00328151
4.13 -0.00336662
4.14 -0.00344468
4.15 -0.00351513
4.16 -0.00357777
4.17 -0.00363271
4.18 -0.00368034
4.19 -0.00372128
4.2 -0.00375635
4.21 -0.00378651
4.22 -0.00381275
4.23 -0.00383606
4.24 -0.00385729
4.25 -0.00387718
4.26 -0.00389644
4.27 -0.00391567
4.28 -0.00393536
4.29 -0.00395585
4.3 -0.00397734
4.31 -0.00399989
4.32 -0.00402342
4.33 -0.00404778
4.34 -0.00407265
4.35 -0.00409761
4.36 -0.00412206
4.37 -0.00414529
4.38 -0.0041665
4.39 -0.00418484
4.4 -0.00419939
4.41 -0.00420924
4.42 -0.0042134
4.43 -0.00421092
4.44 -0.0042009
4.45 -0.00418249
4.46 -0.004155
4.47 -0.00411794
4.48 -0.00407105
4.49 -0.00401419
4.5 -0.0039473
4.51 -0.00387037
4.52 -0.0037835
4.53 -0.00368688
4.54 -0.00358085
4.55 -0.00346583
4.56 -0.00334235
4.57 -0.00321101
4.58 -0.00307248
4.59 -0.0029275
4.6 -0.00277685
4.61 -0.00262132
4.62 -0.00246167
4.63 -0.00229857
4.64 -0.00213267
4.65 -0.00196454
4.66 -0.00179467
4.67 -0.00162341
4.68 -0.00145095
4.69 -0.00127736
4.7 -0.00110264
4.71 -0.000926795
4.72 -0.000749833
4.73 -0.000571787
4.74 -0.000392716
4.75 -0.000212767
4.76 -3.21808e-05
4.77 0.000148752
4.78 0.000329706
4.79 0.000510349
4.8 0.000690342
4.81 0.000869282
4.82 0.00104671
4.83 0.0012222
4.84 0.0013953
4.85 0.00156553
4.86 0.00173236
4.87 0.00189533
4.88 0.00205403
4.89 0.00220808
4.9 0.00235712
4.91 0.00250084
4.92 0.00263902
4.93 0.00277146
4.94 0.00289802
4.95 0.00301857
4.96 0.00313299
4.97 0.00324124
4.98 0.00334334
4.99 0.00343938
5 0.00352948
5.01 0.00361381
5.02 0.00369244
5.03 0.00376538
5.04 0.00383251
5.05 0.00389358
5.06 0.00394825
5.07 0.00399601
5.08 0.00403628
5.09 0.00406841
5.1 0.00409172
5.11 0.0041055
5.12 0.00410906
5.13 0.00410181
5.14 0.00408323
5.15 0.00405297
5.16 0.00401087
5.17 0.003957
5.18 0.00389167
5.19 0.0038153
5.2 0.00372849
5.21 0.00363199
5.22 0.00352663
5.23 0.00341326
5.24 0.00329271
5.25 0.0031658
5.26 0.0030334
5.27 0.00289646
5.28 0.00275598
5.29 0.00261293
5.3 0.00246829
5.31 0.00232298
5.32 0.00217784
5.33 0.00203357
5.34 0.00189063
5.35 0.00174928
5.36 0.00160958
5.37 0.00147126
5.38 0.00133383
5.39 0.00119665
5.4 0.00105903
5.41 0.000920263
5.42 0.00077966
5.43 0.000636634
5.44 0.000490745
5.45 0.000341721
5.46 0.000189453
5.47 3.39531e-05
5.48 -0.000124702
5.49 -0.000286388
5.5 -0.000450893
5.51 -0.000617903
5.52 -0.000787044
5.53 -0.000957934
5.54 -0.00113017
5.55 -0.00130332
5.56 -0.00147691
5.57 -0.0016505
5.58 -0.00182375
5.59 -0.00199638
5.6 -0.00216817
5.61 -0.00233883
5.62 -0.00250808
5.63 -0.0026756
5.64 -0.00284104
5.65 -0.00300405
5.66 -0.00316428
5.67 -0.00332135
5.68 -0.00347486
5.69 -0.00362433
5.7 -0.00376919
5.71 -0.00390882
5.72 -0.0040425
5.73 -0.00416948
5.74 -0.004289
5.75 -0.00440028
5.76 -0.00450256
5.77 -0.00459515
5.78 -0.0046775
5.79 -0.00474919
5.8 -0.00481
5.81 -0.00485993
5.82 -0.00489921
5.83 -0.00492833
5.84 -0.00494798
5.85 -0.00495905
5.86 -0.00496255
5.87 -0.00495957
5.88 -0.00495124
5.89 -0.00493874
5.9 -0.00492318
5.91 -0.00490561
5.92 -0.00488695
5.93 -0.00486798
5.94 -0.00484934
5.95 -0.00483151
5.96 -0.00481472
5.97 -0.00479889
5.98 -0.00478367
5.99 -0.00476844
6 -0.00475241
6.01 -0.00473459
6.02 -0.00471396
6.03 -0.00468946
6.04 -0.00465998
6.05 -0.00462446
6.06 -0.00458187
6.07 -0.00453132
6.08 -0.00447212
6.09 -0.00440377
6.1 -0.00432592
6.11 -0.00423834
6.12 -0.00414095
6.13 -0.00403381
6.14 -0.00391707
6.15 -0.00379088
6.16 -0.00365536
6.17 -0.00351052
6.18 -0.00335618
6.19 -0.00319197
6.2 -0.00301741
6.21 -0.002832
6.22 -0.00263513
6.23 -0.00242618
6.24 -0.00220451
6.25 -0.00196957
6.26 -0.00172081
6.27 -0.00145772
6.28 -0.0011798
6.29 -0.000886566
6.3 -0.000577493
6.31 -0.000252041
6.32 9.03796e-05
6.33 0.000450398
6.34 0.000828657
6.35 0.0012258
6.36 0.00164241
6.37 0.00207885
6.38 0.00253516
6.39 0.00301105
6.4 0.003506
6.41 0.00401926
6.42 0.00455001
6.43 0.00509744
6.44 0.00566082
6.45 0.00623959
6.46 0.00683343
6.47 0.00744223
6.48 0.0080659
6.49 0.00870431
6.5 0.00935709
6.51 0.0100235
6.52 0.0107024
6.53 0.0113922
6.54 0.0120909
6.55 0.0127961
6.56 0.0135048
6.57 0.0142138
6.58 0.0149197
6.59 0.0156192
6.6 0.016309
6.61 0.0169861
6.62 0.0176479
6.63 0.0182922
6.64 0.0189172
6.65 0.0195212
6.66 0.0201028
6.67 0.0206604
6.68 0.0211924
6.69 0.0216975
6.7 0.0221741
6.71 0.0226207
6.72 0.023036
6.73 0.0234187
6.74 0.0237674
6.75 0.0240813
6.76 0.0243593
6.77 0.0246008
6.78 0.0248054
6.79 0.0249727
6.8 0.0251028
6.81 0.0251955
6.82 0.025251
6.83 0.0252694
6.84 0.0252505
6.85 0.0251942
6.86 0.0251005
6.87 0.0249689
6.88 0.0247991
6.89 0.0245907
6.9 0.0243435
6.91 0.0240574
6.92 0.0237327
6.93 0.02337
6.94 0.0229702
6.95 0.0225347
6.96 0.0220648
6.97 0.0215623
6.98 0.0210287
6.99 0.0204652
7 0.0198731
7.01 0.0192529
7.02 0.0186051
7.03 0.0179299
7.04 0.0172277
7.05 0.0164988
7.06 0.015744
7.07 0.0149644
7.08 0.0141615
7.09 0.0133373
7.1 0.012494
7.11 0.011634
7.12 0.0107598
7.13 0.00987362
7.14 0.00897753
7.15 0.00807305
7.16 0.00716129
7.17 0.00624302
7.18 0.00531872
7.19 0.00438874
7.2 0.00345337
7.21 0.00251292
7.22 0.00156795
7.23 0.000619256
7.24 -0.000332006
7.25 -0.00128439
7.26 -0.00223618
7.27 -0.00318555
7.28 -0.00413071
7.29 -0.00507
7.3 -0.00600204
7.31 -0.00692574
7.32 -0.00784036
7.33 -0.00874544
7.34 -0.00964067
7.35 -0.0105258
7.36 -0.0114003
7.37 -0.0122637
7.38 -0.0131149
7.39 -0.0139528
7.4 -0.0147755
7.41 -0.0155814
7.42 -0.0163685
7.43 -0.0171349
7.44 -0.017879
7.45 -0.0185994
7.46 -0.0192953
7.47 -0.0199662
7.48 -0.0206117
7.49 -0.0212323
7.5 -0.0218286
7.51 -0.0224015
7.52 -0.0229522
7.53 -0.0234822
7.54 -0.0239927
7.55 -0.0244849
7.56 -0.0249602
7.57 -0.0254197
7.58 -0.0258646
7.59 -0.0262961
7.6 -0.0267156
7.61 -0.0271243
7.62 -0.0275232
7.63 -0.027913
7.64 -0.0282938
7.65 -0.0286655
7.66 -0.0290273
7.67 -0.0293779
7.68 -0.0297155
7.69 -0.0300377
7.7 -0.0303415
7.71 -0.0306237
7.72 -0.0308811
7.73 -0.0311106
7.74 -0.0313097
7.75 -0.0314764
7.76 -0.0316092
7.77 -0.0317071
7.78 -0.0317694
7.79 -0.0317957
7.8 -0.0317859
7.81 -0.0317405
7.82 -0.0316597
7.83 -0.0315446
7.84 -0.031396
7.85 -0.0312153
7.86 -0.0310037
7.87 -0.0307627
7.88 -0.0304938
7.89 -0.0301983
7.9 -0.0298775
7.91 -0.0295325
7.92 -0.0291642
7.93 -0.0287731
7.94 -0.0283596
7.95 -0.0279239
7.96 -0.0274659
7.97 -0.0269854
7.98 -0.0264821
7.99 -0.0259554
8 -0.0254049
8.01 -0.0248303
8.02 -0.0242313
8.03 -0.0236079
8.04 -0.0229603
8.05 -0.022289
8.06 -0.0215947
8.07 -0.0208786
8.08 -0.020142
8.09 -0.0193862
8.1 -0.0186125
8.11 -0.0178222
8.12 -0.0170161
8.13 -0.0161946
8.14 -0.0153578
8.15 -0.0145057
8.16 -0.0136377
8.17 -0.0127535
8.18 -0.0118521
8.19 -0.0109331
8.2 -0.00999558
8.21 -0.00903922
8.22 -0.00806367
8.23 -0.00706883
8.24 -0.00605476
8.25 -0.0050217
8.26 -0.00397014
8.27 -0.00290083
8.28 -0.00181474
8.29 -0.000713169
8.3 0.000402267
8.31 0.00152949
8.32 0.00266587
8.33 0.00380823
8.34 0.00495289
8.35 0.00609579
8.36 0.00723268
8.37 0.00835931
8.38 0.00947168
8.39 0.0105662
8.4 0.01164
8.41 0.0126906
8.42 0.0137162
8.43 0.0147156
8.44 0.0156877
8.45 0.0166322
8.46 0.0175491
8.47 0.0184387
8.48 0.0193018
8.49 0.0201394
8.5 0.0209526
8.51 0.0217426
8.52 0.0225105
8.53 0.023257
8.54 0.0239826
8.55 0.0246873
8.56 0.0253707
8.57 0.0260321
8.58 0.0266709
8.59 0.027286
8.6 0.0278766
8.61 0.0284417
8.62 0.0289805
8.63 0.0294927
8.64 0.029978
8.65 0.0304367
8.66 0.0308691
8.67 0.0312762
8.68 0.0316589
8.69 0.0320182
8.7 0.0323554
8.71 0.0326714
8.72 0.0329673
8.73 0.0332439
8.74 0.0335019
8.75 0.0337418
8.76 0.0339638
8.77 0.0341675
8.78 0.0343527
8.79 0.0345184
8.8 0.0346636
8.81 0.0347869
8.82 0.0348869
8.83 0.0349619
8.84 0.0350103
8.85 0.0350309
8.86 0.0350225
8.87 0.034984
8.88 0.0349148
8.89 0.0348143
8.9 0.0346822
8.91 0.0345187
8.92 0.0343241
8.93 0.0340988
8.94 0.0338434
8.95 0.0335586
8.96 0.0332449
8.97 0.0329028
8.98 0.0325327
8.99 0.032135
9 0.0317098
9.01 0.0312569
9.02 0.0307761
9.03 0.0302667
9.04 0.0297279
9.05 0.0291589
9.06 0.0285588
9.07 0.027927
9.08 0.0272631
9.09 0.0265669
9.1 0.0258383
9.11 0.0250774
9.12 0.0242841
9.13 0.0234586
9.14 0.0226011
9.15 0.0217118
9.16 0.0207912
9.17 0.0198399
9.18 0.018859
9.19 0.01785
9.2 0.0168151
9.21 0.0157567
9.22 0.014678
9.23 0.0135826
9.24 0.0124745
9.25 0.0113578
9.26 0.0102362
9.27 0.00911342
9.28 0.00799252
9.29 0.00687606
9.3 0.00576612
9.31 0.00466448
9.32 0.00357281
9.33 0.00249263
9.34 0.00142539
9.35 0.000372435
9.36 -0.000664931
9.37 -0.00168548
9.38 -0.00268805
9.39 -0.00367154
9.4 -0.00463497
9.41 -0.00557763
9.42 -0.00649907
9.43 -0.00739925
9.44 -0.00827854
9.45 -0.00913781
9.46 -0.0099783
9.47 -0.0108014
9.48 -0.0116088
9.49 -0.0124016
9.5 -0.0131812
9.51 -0.0139481
9.52 -0.0147029
9.53 -0.0154455
9.54 -0.0161757
9.55 -0.0168932
9.56 -0.0175975
9.57 -0.0182886
9.58 -0.0189664
9.59 -0.0196312
9.6 -0.0202835
9.61 -0.0209239
9.62 -0.0215531
9.63 -0.0221715
9.64 -0.0227795
9.65 -0.0233768
9.66 -0.0239632
9.67 -0.0245378
9.68 -0.0250995
9.69 -0.025647
9.7 -0.0261788
9.71 -0.0266933
9.72 -0.0271891
9.73 -0.0276648
9.74 -0.0281193
9.75 -0.0285519
9.76 -0.0289619
9.77 -0.0293492
9.78 -0.0297137
9.79 -0.0300557
9.8 -0.0303757
9.81 -0.0306744
9.82 -0.0309526
9.83 -0.0312114
9.84 -0.0314521
9.85 -0.031676
9.86 -0.0318844
9.87 -0.0320787
9.88 -0.03226
9.89 -0.0324293
9.9 -0.0325875
9.91 -0.0327351
9.92 -0.0328724
9.93 -0.0329994
9.94 -0.0331159
9.95 -0.0332212
9.96 -0.0333145
9.97 -0.0333952
9.98 -0.0334626
9.99 -0.0335161
10 -0.0335557
10.01 -0.0335812
10.02 -0.0335929
10.03 -0.0335914
10.04 -0.0335774
10.05 -0.0335514
10.06 -0.033514
10.07 -0.0334656
10.08 -0.0334063
10.09 -0.0333361
10.1 -0.0332548
10.11 -0.0331622
10.12 -0.0330579
10.13 -0.0329417
10.14 -0.0328136
10.15 -0.0326737
10.16 -0.0325224
10.17 -0.0323599
10.18 -0.0321866
10.19 -0.0320027
10.2 -0.0318083
10.21 -0.0316032
10.22 -0.0313873
10.23 -0.0311602
10.24 -0.0309218
10.25 -0.0306716
10.26 -0.0304095
10.27 -0.0301354
10.28 -0.0298491
10.29 -0.0295508
10.3 -0.0292404
10.31 -0.0289181
10.32 -0.0285839
10.33 -0.0282378
10.34 -0.0278796
10.35 -0.0275093
10.36 -0.0271269
10.37 -0.0267322
10.38 -0.0263254
10.39 -0.0259063
10.4 -0.025475
10.41 -0.0250312
10.42 -0.0245748
10.43 -0.0241052
10.44 -0.0236219
10.45 -0.0231239
10.46 -0.0226103
10.47 -0.0220799
10.48 -0.0215319
10.49 -0.0209654
10.5 -0.0203799
10.51 -0.0197753
10.52 -0.0191518
10.53 -0.0185098
10.54 -0.0178502
10.55 -0.0171738
10.56 -0.0164817
10.57 -0.0157749
10.58 -0.0150545
10.59 -0.0143217
10.6 -0.0135777
10.61 -0.0128236
10.62 -0.0120606
10.63 -0.0112902
10.64 -0.0105137
10.65 -0.00973267
10.66 -0.00894879
10.67 -0.00816376
10.68 -0.00737932
10.69 -0.0065971
10.7 -0.00581857
10.71 -0.00504499
10.72 -0.00427745
10.73 -0.00351691
10.74 -0.00276419
10.75 -0.00202001
10.76 -0.00128505
10.77 -0.00055986
10.78 0.000155102
10.79 0.000859507
10.8 0.0015531
10.81 0.00223569
10.82 0.00290712
10.83 0.00356736
10.84 0.0042164
10.85 0.00485425
10.86 0.00548088
10.87 0.00609613
10.88 0.00669977
10.89 0.00729153
10.9 0.00787107
10.91 0.00843804
10.92 0.00899215
10.93 0.00953328
10.94 0.0100615
10.95 0.0105773
10.96 0.0110812
10.97 0.011574
10.98 0.0120566
10.99 0.0125302
11 0.0129955
11.01 0.0134535
11.02 0.0139049
11.03 0.0143501
11.04 0.0147896
11.05 0.0152235
11.06 0.0156519
11.07 0.0160747
11.08 0.0164918
11.09 0.0169031
11.1 0.0173083
11.11 0.0177072
11.12 0.0180996
11.13 0.0184856
11.14 0.0188652
11.15 0.0192383
11.16 0.019605
11.17 0.0199655
11.18 0.0203202
11.19 0.0206697
11.2 0.021015
11.21 0.021357
11.22 0.0216969
11.23 0.022036
11.24 0.0223755
11.25 0.0227163
11.26 0.0230587
11.27 0.0234026
11.28 0.0237476
11.29 0.024093
11.3 0.0244377
11.31 0.0247809
11.32 0.0251216
11.33 0.0254589
11.34 0.0257921
11.35 0.0261208
11.36 0.026445
11.37 0.0267651
11.38 0.0270815
11.39 0.0273946
11.4 0.027705
11.41 0.0280129
11.42 0.0283186
11.43 0.0286218
11.44 0.0289223
11.45 0.0292193
11.46 0.0295122
11.47 0.0298004
11.48 0.0300832
11.49 0.0303605
11.5 0.0306324
11.51 0.0308993
11.52 0.031162
11.53 0.0314217
11.54 0.0316795
11.55 0.0319364
11.56 0.0321937
11.57 0.032452
11.58 0.0327119
11.59 0.0329736
11.6 0.0332371
11.61 0.0335027
11.62 0.0337704
11.63 0.0340404
11.64 0.0343128
11.65 0.0345879
11.66 0.0348656
11.67 0.0351462
11.68 0.0354296
11.69 0.0357159
11.7 0.0360049
11.71 0.0362961
11.72 0.0365889
11.73 0.0368822
11.74 0.0371748
11.75 0.037465
11.76 0.0377508
11.77 0.0380297
11.78 0.0382987
11.79 0.0385544
11.8 0.0387932
11.81 0.0390115
11.82 0.0392061
11.83 0.0393739
11.84 0.0395125
11.85 0.0396196
11.86 0.0396932
11.87 0.0397318
11.88 0.0397336
11.89 0.039697
11.9 0.0396208
11.91 0.0395037
11.92 0.0393445
11.93 0.0391425
11.94 0.0388966
11.95 0.0386063
11.96 0.0382709
11.97 0.03789
11.98 0.0374633
11.99 0.0369907
12 0.0364724
12.01 0.0359089
12.02 0.0353009
12.03 0.0346495
12.04 0.033956
12.05 0.0332222
12.06 0.0324499
12.07 0.031641
12.08 0.0307975
12.09 0.0299212
12.1 0.0290135
12.11 0.0280757
12.12 0.0271089
12.13 0.0261138
12.14 0.0250908
12.15 0.0240399
12.16 0.0229611
12.17 0.021854
12.18 0.0207183
12.19 0.0195538
12.2 0.0183601
12.21 0.017137
12.22 0.0158845
12.23 0.0146026
12.24 0.0132915
12.25 0.0119515
12.26 0.0105831
12.27 0.00918685
12.28 0.00776367
12.29 0.00631457
12.3 0.00484075
12.31 0.00334358
12.32 0.00182469
12.33 0.000286
12.34 -0.00127029
12.35 -0.00284178
12.36 -0.00442586
12.37 -0.00601968
12.38 -0.00762014
12.39 -0.00922394
12.4 -0.0108277
12.41 -0.0124278
12.42 -0.014021
12.43 -0.0156038
12.44 -0.0171731
12.45 -0.0187257
12.46 -0.0202586
12.47 -0.0217687
12.48 -0.0232528
12.49 -0.0247072
12.5 -0.0261279
12.51 -0.0275104
12.52 -0.0288498
12.53 -0.030141
12.54 -0.0313789
12.55 -0.0325584
12.56 -0.0336747
12.57 -0.0347236
12.58 -0.035701
12.59 -0.0366032
12.6 -0.0374266
12.61 -0.0381678
12.62 -0.0388236
12.63 -0.0393912
12.64 -0.0398682
12.65 -0.0402526
12.66 -0.0405428
12.67 -0.0407376
12.68 -0.0408363
12.69 -0.0408388
12.7 -0.0407457
12.71 -0.0405578
12.72 -0.0402765
12.73 -0.0399033
12.74 -0.03944
12.75 -0.0388884
12.76 -0.0382505
12.77 -0.0375283
12.78 -0.0367236
12.79 -0.0358384
12.8 -0.0348748
12.81 -0.0338347
12.82 -0.0327206
12.83 -0.0315349
12.84 -0.0302802
12.85 -0.0289591
12.86 -0.0275744
12.87 -0.0261286
12.88 -0.0246242
12.89 -0.0230635
12.9 -0.0214484
12.91 -0.019781
12.92 -0.018063
12.93 -0.0162966
12.94 -0.0144838
12.95 -0.0126269
12.96 -0.0107282
12.97 -0.00879044
12.98 -0.00681623
12.99 -0.00480835
13 -0.00276963
13.01 -0.00070285
13.02 0.00138936
13.03 0.00350454
13.04 0.00564039
13.05 0.00779463
13.06 0.00996493
13.07 0.0121488
13.08 0.0143436
13.09 0.0165463
13.1 0.0187538
13.11 0.0209625
13.12 0.0231688
13.13 0.0253689
13.14 0.0275592
13.15 0.0297362
13.16 0.0318965
13.17 0.0340373
13.18 0.0361557
13.19 0.0382492
13.2 0.0403154
13.21 0.0423522
13.22 0.0443571
13.23 0.046328
13.24 0.0482627
13.25 0.0501589
13.26 0.0520143
13.27 0.0538266
13.28 0.0555935
13.29 0.0573125
13.3 0.0589811
13.31 0.0605967
13.32 0.0621566
13.33 0.063658
13.34 0.065098
13.35 0.0664736
13.36 0.0677821
13.37 0.0690208
13.38 0.0701874
13.39 0.0712798
13.4 0.0722961
13.41 0.0732347
13.42 0.0740946
13.43 0.0748756
13.44 0.0755781
13.45 0.0762024
13.46 0.0767493
13.47 0.0772198
13.48 0.0776149
13.49 0.0779359
13.5 0.0781842
13.51 0.0783611
13.52 0.0784681
13.53 0.0785069
13.54 0.0784791
13.55 0.0783865
13.56 0.078231
13.57 0.0780148
13.58 0.0777397
13.59 0.0774077
13.6 0.0770204
13.61 0.0765794
13.62 0.0760863
13.63 0.0755426
13.64 0.0749501
13.65 0.0743102
13.66 0.0736247
13.67 0.0728954
13.68 0.0721238
13.69 0.0713117
13.7 0.0704606
13.71 0.0695718
13.72 0.0686465
13.73 0.0676859
13.74 0.0666907
13.75 0.0656617
13.76 0.0645992
13.77 0.0635032
13.78 0.0623735
13.79 0.0612092
13.8 0.0600094
13.81 0.0587725
13.82 0.0574965
13.83 0.0561794
13.84 0.0548193
13.85 0.0534154
13.86 0.0519672
13.87 0.0504752
13.88 0.0489398
13.89 0.0473618
13.9 0.0457417
13.91 0.0440802
13.92 0.0423781
13.93 0.0406361
13.94 0.0388549
13.95 0.0370355
13.96 0.0351786
13.97 0.0332852
13.98 0.0313563
13.99 0.0293929
14 0.027396
14.01 0.0253666
14.02 0.0233057
14.03 0.0212142
14.04 0.0190933
14.05 0.0169441
14.06 0.014768
14.07 0.012566
14.08 0.0103391
14.09 0.00808819
14.1 0.0058138
14.11 0.00351628
14.12 0.00119571
14.13 -0.00114816
14.14 -0.00351586
14.15 -0.00590826
14.16 -0.00832648
14.17 -0.0107718
14.18 -0.0132454
14.19 -0.0157484
14.2 -0.0182819
14.21 -0.0208469
14.22 -0.0234444
14.23 -0.0260753
14.24 -0.0287406
14.25 -0.0314415
14.26 -0.0341791
14.27 -0.0369545
14.28 -0.0397689
14.29 -0.0426231
14.3 -0.0455176
14.31 -0.0484526
14.32 -0.0514279
14.33 -0.0544429
14.34 -0.0574964
14.35 -0.0605874
14.36 -0.0637145
14.37 -0.0668768
14.38 -0.0700734
14.39 -0.0733051
14.4 -0.0765753
14.41 -0.0798876
14.42 -0.0832447
14.43 -0.0866495
14.44 -0.0901045
14.45 -0.0936116
14.46 -0.0971726
14.47 -0.100788
14.48 -0.104459
14.49 -0.108186
14.5 -0.11197
14.51 -0.11581
14.52 -0.119707
14.53 -0.123661
14.54 -0.127674
14.55 -0.131746
14.56 -0.135877
14.57 -0.140069
14.58 -0.144322
14.59 -0.148638
14.6 -0.153017
14.61 -0.157459
14.62 -0.161965
14.63 -0.166533
14.64 -0.171163
14.65 -0.175852
14.66 -0.180597
14.67 -0.185394
14.68 -0.190239
14.69 -0.195128
14.7 -0.200058
14.71 -0.205025
14.72 -0.210025
14.73 -0.215054
14.74 -0.220107
14.75 -0.225178
14.76 -0.230259
14.77 -0.235345
14.78 -0.240427
14.79 -0.245501
14.8 -0.250558
14.81 -0.255593
14.82 -0.260598
14.83 -0.265567
14.84 -0.270493
14.85 -0.275371
14.86 -0.280192
14.87 -0.284952
14.88 -0.289644
14.89 -0.294261
14.9 -0.298797
14.91 -0.303246
14.92 -0.307599
14.93 -0.311851
14.94 -0.315994
14.95 -0.320023
14.96 -0.323929
14.97 -0.327706
14.98 -0.331349
14.99 -0.334853
15 -0.338213
15.01 -0.341429
15.02 -0.344498
15.03 -0.347422
15.04 -0.350203
15.05 -0.352842
15.06 -0.355344
15.07 -0.357711
15.08 -0.35995
15.09 -0.362064
15.1 -0.364057
15.11 -0.365935
15.12 -0.367703
15.13 -0.369365
15.14 -0.370925
15.15 -0.372389
15.16 -0.373762
15.17 -0.375046
15.18 -0.376246
15.19 -0.377366
15.2 -0.378406
15.21 -0.379371
15.22 -0.380263
15.23 -0.381084
15.24 -0.381839
15.25 -0.38253
15.26 -0.38316
15.27 -0.383736
15.28 -0.384261
15.29 -0.384739
15.3 -0.385176
15.31 -0.385576
15.32 -0.385942
15.33 -0.386275
15.34 -0.38658
15.35 -0.386858
15.36 -0.387111
15.37 -0.387342
15.38 -0.387555
15.39 -0.387751
15.4 -0.387933
15.41 -0.388104
15.42 -0.388264
15.43 -0.388415
15.44 -0.388559
15.45 -0.388695
15.46 -0.388823
15.47 -0.388942
15.48 -0.389051
15.49 -0.389148
15.5 -0.38923
15.51 -0.389292
15.52 -0.38933
15.53 -0.389338
15.54 -0.389311
15.55 -0.389244
15.56 -0.389131
15.57 -0.388968
15.58 -0.388749
15.59 -0.38847
15.6 -0.388125
15.61 -0.38771
15.62 -0.387219
15.63 -0.386649
15.64 -0.385994
15.65 -0.385249
15.66 -0.384411
15.67 -0.383475
15.68 -0.382436
15.69 -0.381291
15.7 -0.380035
15.71 -0.378664
15.72 -0.377176
15.73 -0.375567
15.74 -0.373833
15.75 -0.37197
15.76 -0.369975
15.77 -0.367846
15.78 -0.365578
15.79 -0.36317
15.8 -0.360619
15.81 -0.357922
15.82 -0.355079
15.83 -0.352087
15.84 -0.348947
15.85 -0.345658
15.86 -0.342221
15.87 -0.338635
15.88 -0.334904
15.89 -0.331027
15.9 -0.327006
15.91 -0.322845
15.92 -0.318545
15.93 -0.314109
15.94 -0.30954
15.95 -0.304841
15.96 -0.300015
15.97 -0.295066
15.98 -0.289998
15.99 -0.284817
16 -0.279529
16.01 -0.274139
16.02 -0.268654
16.03 -0.263084
16.04 -0.257436
16.05 -0.251722
16.06 -0.245951
16.07 -0.240136
16.08 -0.234284
16.09 -0.228402
16.1 -0.222493
16.11 -0.216561
16.12 -0.210612
16.13 -0.204651
16.14 -0.198682
16.15 -0.19271
16.16 -0.186741
16.17 -0.180779
16.18 -0.17483
16.19 -0.1689
16.2 -0.162993
16.21 -0.157115
16.22 -0.151271
16.23 -0.145464
16.24 -0.139699
16.25 -0.133979
16.26 -0.128305
16.27 -0.122679
16.28 -0.117102
16.29 -0.111574
16.3 -0.106095
16.31 -0.100667
16.32 -0.0952882
16.33 -0.0899594
16.34 -0.0846801
16.35 -0.0794499
16.36 -0.0742686
16.37 -0.0691355
16.38 -0.0640504
16.39 -0.0590125
16.4 -0.0540213
16.41 -0.049076
16.42 -0.0441758
16.43 -0.0393201
16.44 -0.0345085
16.45 -0.0297404
16.46 -0.0250153
16.47 -0.0203328
16.48 -0.0156925
16.49 -0.0110939
16.5 -0.00653674
16.51 -0.0020206
16.52 0.00245479
16.53 0.00688981
16.54 0.0112848
16.55 0.0156403
16.56 0.0199564
16.57 0.0242334
16.58 0.0284712
16.59 0.0326699
16.6 0.0368291
16.61 0.0409483
16.62 0.0450267
16.63 0.0490633
16.64 0.0530565
16.65 0.0570046
16.66 0.0609054
16.67 0.0647563
16.68 0.0685543
16.69 0.0722963
16.7 0.0759786
16.71 0.0795977
16.72 0.0831503
16.73 0.0866335
16.74 0.0900451
16.75 0.0933835
16.76 0.0966471
16.77 0.0998348
16.78 0.102946
16.79 0.105979
16.8 0.108934
16.81 0.111811
16.82 0.11461
16.83 0.11733
16.84 0.119972
16.85 0.122536
16.86 0.125021
16.87 0.127428
16.88 0.129757
16.89 0.132007
16.9 0.134179
16.91 0.13627
16.92 0.13828
16.93 0.14021
16.94 0.142057
16.95 0.143822
16.96 0.145503
16.97 0.147101
16.98 0.148616
16.99 0.150046
17 0.151392
17.01 0.152654
17.02 0.153832
17.03 0.154926
17.04 0.155935
17.05 0.156859
17.06 0.157699
17.07 0.158454
17.08 0.159124
17.09 0.159708
17.1 0.160208
17.11 0.160622
17.12 0.160951
17.13 0.161194
17.14 0.161352
17.15 0.161424
17.16 0.16141
17.17 0.161311
17.18 0.161125
17.19 0.160854
17.2 0.160497
17.21 0.160055
17.22 0.159529
17.23 0.158919
17.24 0.158225
17.25 0.157449
17.26 0.156591
17.27 0.155651
17.28 0.154631
17.29 0.15353
17.3 0.152351
17.31 0.151092
17.32 0.149756
17.33 0.148343
17.34 0.146854
17.35 0.14529
17.36 0.143651
17.37 0.141938
17.38 0.140151
17.39 0.138289
17.4 0.136353
17.41 0.13434
17.42 0.13225
17.43 0.130082
17.44 0.127833
17.45 0.125503
17.46 0.123092
17.47 0.120601
17.48 0.118029
17.49 0.11538
17.5 0.112653
17.51 0.109851
17.52 0.106976
17.53 0.10403
17.54 0.101014
17.55 0.0979296
17.56 0.0947798
17.57 0.0915668
17.58 0.0882933
17.59 0.0849623
17.6 0.0815773
17.61 0.0781425
17.62 0.0746622
17.63 0.0711414
17.64 0.0675855
17.65 0.0640002
17.66 0.0603917
17.67 0.0567664
17.68 0.0531306
17.69 0.0494913
17.7 0.0458551
17.71 0.0422284
17.72 0.0386175
17.73 0.035028
17.74 0.0314652
17.75 0.0279347
17.76 0.0244416
17.77 0.0209917
17.78 0.0175911
17.79 0.0142461
17.8 0.0109623
17.81 0.00774346
17.82 0.00459264
17.83 0.0015132
17.84 -0.00149154
17.85 -0.00441829
17.86 -0.00726384
17.87 -0.0100251
17.88 -0.0126992
17.89 -0.0152837
17.9 -0.0177765
17.91 -0.0201763
17.92 -0.0224819
17.93 -0.0246928
17.94 -0.0268085
17.95 -0.0288288
17.96 -0.0307534
17.97 -0.0325826
17.98 -0.0343163
17.99 -0.0359551
18 -0.0374993
18.01 -0.0389492
18.02 -0.0403053
18.03 -0.041568
18.04 -0.0427378
18.05 -0.0438148
18.06 -0.0447993
18.07 -0.0456915
18.08 -0.0464917
18.09 -0.0472
18.1 -0.0478168
18.11 -0.0483425
18.12 -0.0487774
18.13 -0.0491218
18.14 -0.049376
18.15 -0.04954
18.16 -0.0496138
18.17 -0.049597
18.18 -0.0494892
18.19 -0.0492901
18.2 -0.048999
18.21 -0.0486154
18.22 -0.0481387
18.23 -0.0475686
18.24 -0.0469049
18.25 -0.0461477
18.26 -0.0452971
18.27 -0.0443537
18.28 -0.0433177
18.29 -0.0421898
18.3 -0.0409705
18.31 -0.0396603
18.32 -0.03826
18.33 -0.0367703
18.34 -0.0351918
18.35 -0.0335257
18.36 -0.0317732
18.37 -0.0299358
18.38 -0.0280152
18.39 -0.0260131
18.4 -0.0239314
18.41 -0.0217718
18.42 -0.019536
18.43 -0.0172256
18.44 -0.0148419
18.45 -0.0123863
18.46 -0.00985962
18.47 -0.00726291
18.48 -0.004597
18.49 -0.00186274
18.5 0.000938897
18.51 0.00380675
18.52 0.00673936
18.53 0.00973501
18.54 0.0127917
18.55 0.015907
18.56 0.0190785
18.57 0.0223032
18.58 0.0255783
18.59 0.0289006
18.6 0.032267
18.61 0.0356745
18.62 0.03912
18.63 0.0426004
18.64 0.0461126
18.65 0.0496534
18.66 0.0532195
18.67 0.0568073
18.68 0.0604125
18.69 0.0640304
18.7 0.0676553
18.71 0.0712807
18.72 0.0748994
18.73 0.0785032
18.74 0.0820836
18.75 0.0856324
18.76 0.0891412
18.77 0.0926021
18.78 0.0960069
18.79 0.0993478
18.8 0.102618
18.81 0.105815
18.82 0.108935
18.83 0.111972
18.84 0.114923
18.85 0.117782
18.86 0.120546
18.87 0.12321
18.88 0.125769
18.89 0.128218
18.9 0.130554
18.91 0.132773
18.92 0.134871
18.93 0.136846
18.94 0.138697
18.95 0.140421
18.96 0.142018
18.97 0.143486
18.98 0.144823
18.99 0.146029
19 0.1471
19.01 0.148034
19.02 0.148829
19.03 0.149482
19.04 0.14999
19.05 0.150349
19.06 0.150558
19.07 0.150614
19.08 0.150514
19.09 0.150258
19.1 0.149845
19.11 0.149274
19.12 0.148543
19.13 0.147653
19.14 0.146602
19.15 0.14539
19.16 0.144016
19.17 0.14248
19.18 0.140784
19.19 0.138929
19.2 0.136918
19.21 0.134756
19.22 0.132446
19.23 0.129995
19.24 0.127407
19.25 0.124689
19.26 0.121846
19.27 0.118882
19.28 0.115802
19.29 0.11261
19.3 0.10931
19.31 0.105906
19.32 0.102404
19.33 0.0988101
19.34 0.0951289
19.35 0.0913675
19.36 0.0875331
19.37 0.083633
19.38 0.079675
19.39 0.0756666
19.4 0.0716152
19.41 0.0675286
19.42 0.0634142
19.43 0.0592798
19.44 0.055133
19.45 0.0509814
19.46 0.0468325
19.47 0.042694
19.48 0.0385732
19.49 0.0344776
19.5 0.0304144
19.51 0.0263904
19.52 0.0224125
19.53 0.018487
19.54 0.01462
19.55 0.0108172
19.56 0.00708371
19.57 0.00342388
19.58 -0.000159292
19.59 -0.00366526
19.6 -0.00709431
19.61 -0.0104466
19.62 -0.0137224
19.63 -0.0169222
19.64 -0.0200462
19.65 -0.0230948
19.66 -0.0260687
19.67 -0.0289682
19.68 -0.0317941
19.69 -0.0345471
19.7 -0.037228
19.71 -0.039838
19.72 -0.0423779
19.73 -0.0448491
19.74 -0.0472525
19.75 -0.049589
19.76 -0.0518594
19.77 -0.054064
19.78 -0.0562031
19.79 -0.0582768
19.8 -0.0602853
19.81 -0.0622287
19.82 -0.0641073
19.83 -0.0659213
19.84 -0.0676713
19.85 -0.0693578
19.86 -0.0709817
19.87 -0.0725439
19.88 -0.0740455
19.89 -0.0754875
19.9 -0.076871
19.91 -0.0781967
19.92 -0.0794653
19.93 -0.0806774
19.94 -0.0818331
19.95 -0.082933
19.96 -0.0839776
19.97 -0.0849674
19.98 -0.0859034
19.99 -0.0867866
20 -0.0876183
20.01 -0.0883999
20.02 -0.0891327
20.03 -0.0898181
20.04 -0.0904569
20.05 -0.0910496
20.06 -0.0915959
20.07 -0.0920953
20.08 -0.0925469
20.09 -0.092949
20.1 -0.0932997
20.11 -0.0935966
20.12 -0.0938374
20.13 -0.0940197
20.14 -0.0941412
20.15 -0.0941995
20.16 -0.0941926
20.17 -0.0941183
20.18 -0.0939749
20.19 -0.0937607
20.2 -0.0934749
20.21 -0.0931165
20.22 -0.0926852
20.23 -0.0921806
20.24 -0.0916025
20.25 -0.0909507
20.26 -0.090225
20.27 -0.0894259
20.28 -0.0885537
20.29 -0.0876092
20.3 -0.0865935
20.31 -0.085508
20.32 -0.0843541
20.33 -0.0831339
20.34 -0.081849
20.35 -0.0805017
20.36 -0.0790937
20.37 -0.0776271
20.38 -0.0761032
20.39 -0.0745234
20.4 -0.0728884
20.41 -0.071199
20.42 -0.0694553
20.43 -0.0676575
20.44 -0.0658057
20.45 -0.0638998
20.46 -0.0619402
20.47 -0.059927
20.48 -0.0578606
20.49 -0.0557413
20.5 -0.0535693
20.51 -0.051345
20.52 -0.0490687
20.53 -0.0467407
20.54 -0.0443615
20.55 -0.0419314
20.56 -0.039451
20.57 -0.036921
20.58 -0.0343426
20.59 -0.0317173
20.6 -0.0290473
20.61 -0.0263351
20.62 -0.023584
20.63 -0.0207972
20.64 -0.0179781
20.65 -0.0151301
20.66 -0.0122569
20.67 -0.00936197
20.68 -0.00644874
20.69 -0.00352059
20.7 -0.0005808
20.71 0.0023675
20.72 0.00532127
20.73 0.0082775
20.74 0.0112332
20.75 0.0141853
20.76 0.0171309
20.77 0.0200669
20.78 0.0229907
20.79 0.0258996
20.8 0.0287915
20.81 0.0316646
20.82 0.0345175
20.83 0.0373494
20.84 0.0401595
20.85 0.0429472
20.86 0.0457116
20.87 0.0484516
20.88 0.0511659
20.89 0.0538528
20.9 0.0565116
20.91 0.0591432
20.92 0.0617488
20.93 0.0643291
20.94 0.0668846
20.95 0.0694158
20.96 0.071923
20.97 0.0744063
20.98 0.0768654
20.99 0.0792998
21 0.0817086
21.01 0.0840904
21.02 0.0864433
21.03 0.0887653
21.04 0.0910539
21.05 0.0933066
21.06 0.0955212
21.07 0.0976952
21.08 0.0998264
21.09 0.101912
21.1 0.103951
21.11 0.10594
21.12 0.107878
21.13 0.109762
21.14 0.111593
21.15 0.113369
21.16 0.115089
21.17 0.116752
21.18 0.118359
21.19 0.119907
21.2 0.121397
21.21 0.122828
21.22 0.124199
21.23 0.125509
21.24 0.126758
21.25 0.127945
21.26 0.129069
21.27 0.130132
21.28 0.131131
21.29 0.132069
21.3 0.132945
21.31 0.13376
21.32 0.134514
21.33 0.135208
21.34 0.135842
21.35 0.136415
21.36 0.136928
21.37 0.137381
21.38 0.137771
21.39 0.1381
21.4 0.138364
21.41 0.138564
21.42 0.138697
21.43 0.138762
21.44 0.138756
21.45 0.13868
21.46 0.13853
21.47 0.138307
21.48 0.138009
21.49 0.137636
21.5 0.137187
21.51 0.136661
21.52 0.136058
21.53 0.135378
21.54 0.13462
21.55 0.133784
21.56 0.13287
21.57 0.131878
21.58 0.130808
21.59 0.12966
21.6 0.128434
21.61 0.127128
21.62 0.125744
21.63 0.124281
21.64 0.122739
21.65 0.12112
21.66 0.119425
21.67 0.117655
21.68 0.115813
21.69 0.1139
21.7 0.111919
21.71 0.109872
21.72 0.107761
21.73 0.105589
21.74 0.103358
21.75 0.101071
21.76 0.0987318
21.77 0.0963432
21.78 0.093909
21.79 0.0914331
21.8 0.0889194
21.81 0.0863717
21.82 0.0837938
21.83 0.0811889
21.84 0.0785601
21.85 0.0759103
21.86 0.0732421
21.87 0.0705578
21.88 0.0678597
21.89 0.0651499
21.9 0.0624303
21.91 0.0597031
21.92 0.0569704
21.93 0.0542346
21.94 0.0514983
21.95 0.048764
21.96 0.0460346
21.97 0.0433125
21.98 0.0406
21.99 0.037899
22 0.035211
22.01 0.0325372
22.02 0.0298781
22.03 0.0272345
22.04 0.024607
22.05 0.0219965
22.06 0.0194045
22.07 0.0168334
22.08 0.0142858
22.09 0.0117648
22.1 0.00927367
22.11 0.00681572
22.12 0.00439444
22.13 0.00201331
22.14 -0.000324279
22.15 -0.00261509
22.16 -0.00485611
22.17 -0.0070446
22.18 -0.00917797
22.19 -0.0112549
22.2 -0.0132756
22.21 -0.0152403
22.22 -0.0171488
22.23 -0.0190005
22.24 -0.0207945
22.25 -0.0225301
22.26 -0.0242064
22.27 -0.0258224
22.28 -0.0273772
22.29 -0.0288702
22.3 -0.030301
22.31 -0.0316695
22.32 -0.0329759
22.33 -0.0342209
22.34 -0.0354053
22.35 -0.0365301
22.36 -0.0375963
22.37 -0.0386051
22.38 -0.0395573
22.39 -0.0404538
22.4 -0.0412954
22.41 -0.0420824
22.42 -0.0428153
22.43 -0.0434942
22.44 -0.0441191
22.45 -0.04469
22.46 -0.0452065
22.47 -0.0456682
22.48 -0.0460741
22.49 -0.0464234
22.5 -0.0467146
22.51 -0.0469464
22.52 -0.0471169
22.53 -0.0472241
22.54 -0.047266
22.55 -0.0472403
22.56 -0.0471449
22.57 -0.0469777
22.58 -0.0467365
22.59 -0.0464193
22.6 -0.0460241
22.61 -0.045549
22.62 -0.0449922
22.63 -0.0443521
22.64 -0.0436274
22.65 -0.0428171
22.66 -0.0419206
22.67 -0.0409377
22.68 -0.0398685
22.69 -0.0387136
22.7 -0.0374736
22.71 -0.0361492
22.72 -0.034741
22.73 -0.0332496
22.74 -0.0316756
22.75 -0.0300198
22.76 -0.0282829
22.77 -0.0264659
22.78 -0.0245701
22.79 -0.0225969
22.8 -0.0205478
22.81 -0.0184244
22.82 -0.0162284
22.83 -0.0139618
22.84 -0.0116263
22.85 -0.00922425
22.86 -0.00675772
22.87 -0.00422909
22.88 -0.00164087
22.89 0.00100424
22.9 0.00370334
22.91 0.00645326
22.92 0.00925061
22.93 0.0120917
22.94 0.0149728
22.95 0.0178896
22.96 0.020838
22.97 0.0238135
22.98 0.0268115
22.99 0.0298278
23 0.0328584
23.01 0.0359
23.02 0.0389494
23.03 0.0420036
23.04 0.0450601
23.05 0.0481164
23.06 0.05117
23.07 0.0542185
23.08 0.0572589
23.09 0.0602883
23.1 0.0633033
23.11 0.0663004
23.12 0.0692763
23.13 0.0722274
23.14 0.0751504
23.15 0.0780422
23.16 0.0808994
23.17 0.083719
23.18 0.0864979
23.19 0.0892333
23.2 0.0919224
23.21 0.0945626
23.22 0.0971513
23.23 0.099686
23.24 0.102165
23.25 0.104588
23.26 0.106957
23.27 0.10927
23.28 0.111528
23.29 0.113732
23.3 0.115883
23.31 0.11798
23.32 0.120024
23.33 0.122017
23.34 0.123958
23.35 0.125849
23.36 0.127689
23.37 0.129479
23.38 0.131219
23.39 0.132908
23.4 0.134547
23.41 0.136135
23.42 0.137671
23.43 0.139155
23.44 0.140584
23.45 0.141957
23.46 0.143274
23.47 0.144532
23.48 0.14573
23.49 0.146869
23.5 0.147946
23.51 0.148961
23.52 0.149915
23.53 0.150807
23.54 0.151636
23.55 0.152403
23.56 0.153106
23.57 0.153747
23.58 0.154324
23.59 0.154839
23.6 0.155291
23.61 0.15568
23.62 0.156007
23.63 0.156273
23.64 0.156477
23.65 0.15662
23.66 0.156703
23.67 0.156726
23.68 0.15669
23.69 0.156595
23.7 0.156441
23.71 0.156229
23.72 0.155958
23.73 0.155629
23.74 0.155242
23.75 0.154795
23.76 0.154289
23.77 0.153723
23.78 0.153095
23.79 0.152404
23.8 0.151648
23.81 0.150825
23.82 0.149935
23.83 0.148976
23.84 0.147946
23.85 0.146844
23.86 0.145669
23.87 0.14442
23.88 0.143097
23.89 0.141699
23.9 0.140224
23.91 0.138673
23.92 0.137044
23.93 0.135337
23.94 0.13355
23.95 0.131684
23.96 0.129737
23.97 0.12771
23.98 0.125603
23.99 0.123418
24 0.121156
24.01 0.11882
24.02 0.116411
24.03 0.113934
24.04 0.111392
24.05 0.108788
24.06 0.10613
24.07 0.10342
24.08 0.100667
24.09 0.0978759
24.1 0.0950525
24.11 0.092203
24.12 0.0893329
24.13 0.0864475
24.14 0.0835515
24.15 0.0806489
24.16 0.0777433
24.17 0.074838
24.18 0.0719359
24.19 0.06904
24.2 0.066153
24.21 0.0632777
24.22 0.0604166
24.23 0.0575721
24.24 0.0547466
24.25 0.0519423
24.26 0.0491612
24.27 0.0464053
24.28 0.0436763
24.29 0.0409756
24.3 0.0383043
24.31 0.0356635
24.32 0.033054
24.33 0.0304767
24.34 0.0279331
24.35 0.0254251
24.36 0.0229551
24.37 0.0205257
24.38 0.01814
24.39 0.0158008
24.4 0.0135114
24.41 0.0112749
24.42 0.00909425
24.43 0.00697117
24.44 0.00490572
24.45 0.00289761
24.46 0.000946885
24.47 -0.000946351
24.48 -0.00278192
24.49 -0.00455954
24.5 -0.00627892
24.51 -0.00793973
24.52 -0.00954162
24.53 -0.0110843
24.54 -0.0125677
24.55 -0.0139916
24.56 -0.0153561
24.57 -0.0166614
24.58 -0.0179079
24.59 -0.0190961
24.6 -0.0202266
24.61 -0.0213
24.62 -0.0223168
24.63 -0.0232777
24.64 -0.024183
24.65 -0.0250334
24.66 -0.0258287
24.67 -0.0265691
24.68 -0.0272541
24.69 -0.0278833
24.7 -0.028456
24.71 -0.0289712
24.72 -0.029428
24.73 -0.0298254
24.74 -0.0301624
24.75 -0.0304381
24.76 -0.0306511
24.77 -0.0308004
24.78 -0.0308849
24.79 -0.0309035
24.8 -0.0308555
24.81 -0.0307403
24.82 -0.0305576
24.83 -0.0303074
24.84 -0.0299898
24.85 -0.0296052
24.86 -0.0291543
24.87 -0.0286378
24.88 -0.0280565
24.89 -0.0274117
24.9 -0.0267048
24.91 -0.0259377
24.92 -0.0251123
24.93 -0.024231
24.94 -0.0232959
24.95 -0.0223097
24.96 -0.0212748
24.97 -0.0201939
24.98 -0.0190696
24.99 -0.0179045
25 -0.0167012
