0.01 3.06025e-09
0.02 1.43798e-08
0.03 3.40617e-08
0.04 5.78145e-08
0.05 8.11349e-08
0.06 9.97587e-08
0.07 1.10073e-07
0.08 1.09432e-07
0.09 9.63609e-08
0.1 7.06578e-08
0.11 3.33917e-08
0.12 -1.32382e-08
0.13 -6.61824e-08
0.14 -1.21914e-07
0.15 -1.76793e-07
0.16 -2.27357e-07
0.17 -2.70606e-07
0.18 -3.04259e-07
0.19 -3.2694e-07
0.2 -3.38274e-07
0.21 -3.38877e-07
0.22 -3.30274e-07
0.23 -3.14724e-07
0.24 -2.95008e-07
0.25 -2.74178e-07
0.26 -2.55317e-07
0.27 -2.41294e-07
0.28 -2.34341e-07
0.29 -2.35649e-07
0.3 -2.4517e-07
0.31 -2.61601e-07
0.32 -2.82514e-07
0.33 -3.04422e-07
0.34 -3.2304e-07
0.35 -3.33976e-07
0.36 -3.33357e-07
0.37 -3.18297e-07
0.38 -2.87702e-07
0.39 -2.4306e-07
0.4 -1.88789e-07
0.41 -1.32057e-07
0.42 -8.15818e-08
0.43 -4.61846e-08
0.44 -3.40388e-08
0.45 -5.17696e-08
0.46 -1.03438e-07
0.47 -1.89827e-07
0.48 -3.07904e-07
0.49 -4.51018e-07
0.5 -6.09525e-07
0.51 -7.72004e-07
0.52 -9.26708e-07
0.53 -1.06222e-06
0.54 -1.16879e-06
0.55 -1.2396e-06
0.56 -1.27088e-06
0.57 -1.26234e-06
0.58 -1.21748e-06
0.59 -1.14315e-06
0.6 -1.04869e-06
0.61 -9.44944e-07
0.62 -8.43184e-07
0.63 -7.54076e-07
0.64 -6.86739e-07
0.65 -6.48029e-07
0.66 -6.4206e-07
0.67 -6.69984e-07
0.68 -7.30016e-07
0.69 -8.17642e-07
0.7 -9.25965e-07
0.71 -1.04611e-06
0.72 -1.16763e-06
0.73 -1.27897e-06
0.74 -1.3679e-06
0.75 -1.42214e-06
0.76 -1.43022e-06
0.77 -1.3828e-06
0.78 -1.27468e-06
0.79 -1.10724e-06
0.8 -8.89681e-07
0.81 -6.38301e-07
0.82 -3.74473e-07
0.83 -1.21683e-07
0.84 9.65142e-08
0.85 2.57306e-07
0.86 3.41429e-07
0.87 3.3857e-07
0.88 2.51724e-07
0.89 9.71432e-08
0.9 -9.96332e-08
0.91 -3.08277e-07
0.92 -4.97799e-07
0.93 -6.41461e-07
0.94 -7.21795e-07
0.95 -7.33161e-07
0.96 -6.82631e-07
0.97 -5.88167e-07
0.98 -4.71972e-07
0.99 -3.53254e-07
1 -2.44694e-07
1.01 -1.52097e-07
1.02 -7.3886e-08
1.03 -2.46325e-09
1.04 7.25362e-08
1.05 1.61066e-07
1.06 2.6857e-07
1.07 3.94039e-07
1.08 5.31651e-07
1.09 6.74136e-07
1.1 8.14304e-07
1.11 9.44389e-07
1.12 1.05794e-06
1.13 1.15212e-06
1.14 1.22728e-06
1.15 1.28556e-06
1.16 1.32884e-06
1.17 1.35615e-06
1.18 1.36154e-06
1.19 1.33656e-06
1.2 1.27428e-06
1.21 1.1685e-06
1.22 1.0129e-06
1.23 8.04417e-07
1.24 5.48734e-07
1.25 2.66928e-07
1.26 -2.39475e-09
1.27 -2.11987e-07
1.28 -3.19755e-07
1.29 -2.95263e-07
1.3 -1.22967e-07
1.31 1.91993e-07
1.32 6.22517e-07
1.33 1.12532e-06
1.34 1.65064e-06
1.35 2.15045e-06
1.36 2.58338e-06
1.37 2.9182e-06
1.38 3.13606e-06
1.39 3.23062e-06
1.4 3.20633e-06
1.41 3.07471e-06
1.42 2.84936e-06
1.43 2.54043e-06
1.44 2.15013e-06
1.45 1.67059e-06
1.46 1.08626e-06
1.47 3.81887e-07
1.48 -4.49757e-07
1.49 -1.40617e-06
1.5 -2.47259e-06
1.51 -3.61924e-06
1.52 -4.80258e-06
1.53 -5.96301e-06
1.54 -7.02318e-06
1.55 -7.88855e-06
1.56 -8.45437e-06
1.57 -8.62477e-06
1.58 -8.32973e-06
1.59 -7.53709e-06
1.6 -6.2664e-06
1.61 -4.59177e-06
1.62 -2.63049e-06
1.63 -5.31275e-07
1.64 1.54075e-06
1.65 3.42109e-06
1.66 4.9589e-06
1.67 6.02937e-06
1.68 6.54658e-06
1.69 6.47619e-06
1.7 5.84065e-06
1.71 4.71529e-06
1.72 3.22024e-06
1.73 1.50976e-06
1.74 -2.39866e-07
1.75 -1.84414e-06
1.76 -3.13254e-06
1.77 -3.97091e-06
1.78 -4.26906e-06
1.79 -3.98282e-06
1.8 -3.11899e-06
1.81 -1.73785e-06
1.82 5.41131e-08
1.83 2.11387e-06
1.84 4.26667e-06
1.85 6.31834e-06
1.86 8.07858e-06
1.87 9.38802e-06
1.88 1.01383e-05
1.89 1.02815e-05
1.9 9.83288e-06
1.91 8.86765e-06
1.92 7.51195e-06
1.93 5.92736e-06
1.94 4.28175e-06
1.95 2.71759e-06
1.96 1.33827e-06
1.97 2.04376e-07
1.98 -6.66745e-07
1.99 -1.29035e-06
2 -1.69221e-06
2.01 -1.88845e-06
2.02 -1.88194e-06
2.03 -1.66549e-06
2.04 -1.22543e-06
2.05 -5.52476e-07
2.06 3.47703e-07
2.07 1.44595e-06
2.08 2.67792e-06
2.09 3.94013e-06
2.1 5.09904e-06
2.11 6.00712e-06
2.12 6.51507e-06
2.13 6.48121e-06
2.14 5.79536e-06
2.15 4.40001e-06
2.16 2.29699e-06
2.17 -4.48199e-07
2.18 -3.71297e-06
2.19 -7.33799e-06
2.2 -1.11502e-05
2.21 -1.49738e-05
2.22 -1.86373e-05
2.23 -2.19824e-05
2.24 -2.48746e-05
2.25 -2.72195e-05
2.26 -2.89658e-05
2.27 -3.00838e-05
2.28 -3.05614e-05
2.29 -3.04167e-05
2.3 -2.96987e-05
2.31 -2.84811e-05
2.32 -2.68483e-05
2.33 -2.48749e-05
2.34 -2.26137e-05
2.35 -2.00962e-05
2.36 -1.73381e-05
2.37 -1.43489e-05
2.38 -1.11403e-05
2.39 -7.72241e-06
2.4 -4.12054e-06
2.41 -4.13128e-07
2.42 3.26204e-06
2.43 6.73769e-06
2.44 9.85149e-06
2.45 1.2467e-05
2.46 1.44843e-05
2.47 1.58386e-05
2.48 1.65009e-05
2.49 1.64957e-05
2.5 1.59134e-05
2.51 1.49119e-05
2.52 1.37015e-05
2.53 1.25096e-05
2.54 1.15544e-05
2.55 1.10307e-05
2.56 1.10848e-05
2.57 1.17764e-05
2.58 1.30559e-05
2.59 1.47671e-05
2.6 1.66696e-05
2.61 1.84815e-05
2.62 1.99261e-05
2.63 2.0776e-05
2.64 2.08848e-05
2.65 2.01999e-05
2.66 1.87637e-05
2.67 1.67034e-05
2.68 1.42063e-05
2.69 1.14858e-05
2.7 8.75665e-06
2.71 6.22496e-06
2.72 4.06961e-06
2.73 2.42836e-06
2.74 1.40312e-06
2.75 1.05634e-06
2.76 1.39195e-06
2.77 2.35234e-06
2.78 3.84909e-06
2.79 5.78458e-06
2.8 8.05643e-06
2.81 1.05622e-05
2.82 1.3179e-05
2.83 1.5747e-05
2.84 1.80792e-05
2.85 1.99797e-05
2.86 2.12667e-05
2.87 2.17831e-05
2.88 2.13957e-05
2.89 2.00148e-05
2.9 1.76246e-05
2.91 1.429e-05
2.92 1.01476e-05
2.93 5.39666e-06
2.94 2.91792e-07
2.95 -4.8786e-06
2.96 -9.81205e-06
2.97 -1.41941e-05
2.98 -1.77161e-05
2.99 -2.01168e-05
3 -2.12172e-05
3.01 -2.09446e-05
3.02 -1.93577e-05
3.03 -1.66534e-05
3.04 -1.31509e-05
3.05 -9.26509e-06
3.06 -5.47155e-06
3.07 -2.26385e-06
3.08 -1.02736e-07
3.09 6.42576e-07
3.1 -2.42656e-07
3.11 -2.77611e-06
3.12 -6.76507e-06
3.13 -1.18169e-05
3.14 -1.73946e-05
3.15 -2.29002e-05
3.16 -2.77417e-05
3.17 -3.13871e-05
3.18 -3.34165e-05
3.19 -3.35732e-05
3.2 -3.18061e-05
3.21 -2.82555e-05
3.22 -2.31984e-05
3.23 -1.70089e-05
3.24 -1.01181e-05
3.25 -2.97917e-06
3.26 3.96326e-06
3.27 1.03329e-05
3.28 1.58696e-05
3.29 2.04172e-05
3.3 2.3905e-05
3.31 2.637e-05
3.32 2.79507e-05
3.33 2.88242e-05
3.34 2.91455e-05
3.35 2.9007e-05
3.36 2.84188e-05
3.37 2.73177e-05
3.38 2.55892e-05
3.39 2.30844e-05
3.4 1.96438e-05
3.41 1.51313e-05
3.42 9.47606e-06
3.43 2.71409e-06
3.44 -5.00132e-06
3.45 -1.34121e-05
3.46 -2.21708e-05
3.47 -3.08364e-05
3.48 -3.88741e-05
3.49 -4.56899e-05
3.5 -5.06948e-05
3.51 -5.3375e-05
3.52 -5.33457e-05
3.53 -5.03999e-05
3.54 -4.45542e-05
3.55 -3.60899e-05
3.56 -2.5575e-05
3.57 -1.38091e-05
3.58 -1.69859e-06
3.59 9.84203e-06
3.6 1.9941e-05
3.61 2.78301e-05
3.62 3.2923e-05
3.63 3.48671e-05
3.64 3.35639e-05
3.65 2.9175e-05
3.66 2.20959e-05
3.67 1.28989e-05
3.68 2.27294e-06
3.69 -9.02221e-06
3.7 -2.01835e-05
3.71 -3.04252e-05
3.72 -3.90724e-05
3.73 -4.55992e-05
3.74 -4.96457e-05
3.75 -5.10625e-05
3.76 -4.99264e-05
3.77 -4.65181e-05
3.78 -4.12874e-05
3.79 -3.48131e-05
3.8 -2.7736e-05
3.81 -2.06737e-05
3.82 -1.41723e-05
3.83 -8.68388e-06
3.84 -4.52451e-06
3.85 -1.85768e-06
3.86 -7.30869e-07
3.87 -1.11733e-06
3.88 -2.94482e-06
3.89 -6.11757e-06
3.9 -1.05251e-05
3.91 -1.60542e-05
3.92 -2.25979e-05
3.93 -3.00342e-05
3.94 -3.81938e-05
3.95 -4.6853e-05
3.96 -5.57358e-05
3.97 -6.45022e-05
3.98 -7.27265e-05
3.99 -7.99048e-05
4 -8.55055e-05
4.01 -8.90248e-05
4.02 -9.00434e-05
4.03 -8.82782e-05
4.04 -8.36033e-05
4.05 -7.60599e-05
4.06 -6.58524e-05
4.07 -5.33087e-05
4.08 -3.88311e-05
4.09 -2.28728e-05
4.1 -5.92776e-06
4.11 1.14611e-05
4.12 2.86574e-05
4.13 4.49149e-05
4.14 5.9413e-05
4.15 7.1285e-05
4.16 7.96434e-05
4.17 8.36494e-05
4.18 8.26421e-05
4.19 7.62471e-05
4.2 6.44255e-05
4.21 4.75247e-05
4.22 2.6312e-05
4.23 1.98106e-06
4.24 -2.39013e-05
4.25 -4.95752e-05
4.26 -7.32974e-05
4.27 -9.34783e-05
4.28 -0.000108799
4.29 -0.000118313
4.3 -0.000121502
4.31 -0.000118331
4.32 -0.000109258
4.33 -9.51866e-05
4.34 -7.7347e-05
4.35 -5.71453e-05
4.36 -3.60309e-05
4.37 -1.5374e-05
4.38 3.6324e-06
4.39 2.00441e-05
4.4 3.32379e-05
4.41 4.2962e-05
4.42 4.93324e-05
4.43 5.2777e-05
4.44 5.39632e-05
4.45 5.36904e-05
4.46 5.27374e-05
4.47 5.17379e-05
4.48 5.11272e-05
4.49 5.11562e-05
4.5 5.19475e-05
4.51 5.35137e-05
4.52 5.57172e-05
4.53 5.82498e-05
4.54 6.06776e-05
4.55 6.24997e-05
4.56 6.32113e-05
4.57 6.23582e-05
4.58 5.95786e-05
4.59 5.4653e-05
4.6 4.75328e-05
4.61 3.83755e-05
4.62 2.75739e-05
4.63 1.5717e-05
4.64 3.52568e-06
4.65 -8.20172e-06
4.66 -1.86483e-05
4.67 -2.70167e-05
4.68 -3.25781e-05
4.69 -3.47719e-05
4.7 -3.33049e-05
4.71 -2.82346e-05
4.72 -1.99826e-05
4.73 -9.26657e-06
4.74 2.95769e-06
4.75 1.55342e-05
4.76 2.72187e-05
4.77 3.6842e-05
4.78 4.34323e-05
4.79 4.63259e-05
4.8 4.52213e-05
4.81 4.01436e-05
4.82 3.14424e-05
4.83 1.98102e-05
4.84 6.19435e-06
4.85 -8.34848e-06
4.86 -2.27391e-05
4.87 -3.59078e-05
4.88 -4.68738e-05
4.89 -5.48792e-05
4.9 -5.94532e-05
4.91 -6.04144e-05
4.92 -5.78731e-05
4.93 -5.22229e-05
4.94 -4.4121e-05
4.95 -3.4427e-05
4.96 -2.40981e-05
4.97 -1.40787e-05
4.98 -5.19852e-06
4.99 1.90346e-06
5 6.81988e-06
5.01 9.36814e-06
5.02 9.53943e-06
5.03 7.44751e-06
5.04 3.30092e-06
5.05 -2.61697e-06
5.06 -9.9899e-06
5.07 -1.85182e-05
5.08 -2.79025e-05
5.09 -3.78198e-05
5.1 -4.79628e-05
5.11 -5.80574e-05
5.12 -6.78175e-05
5.13 -7.69351e-05
5.14 -8.50943e-05
5.15 -9.19539e-05
5.16 -9.71248e-05
5.17 -0.000100171
5.18 -0.000100684
5.19 -9.83689e-05
5.2 -9.30744e-05
5.21 -8.48037e-05
5.22 -7.37615e-05
5.23 -6.0397e-05
5.24 -4.53938e-05
5.25 -2.95815e-05
5.26 -1.37998e-05
5.27 1.20775e-06
5.28 1.48385e-05
5.29 2.66373e-05
5.3 3.63072e-05
5.31 4.37294e-05
5.32 4.89296e-05
5.33 5.19886e-05
5.34 5.29851e-05
5.35 5.19966e-05
5.36 4.90697e-05
5.37 4.41623e-05
5.38 3.71787e-05
5.39 2.80856e-05
5.4 1.69982e-05
5.41 4.20124e-06
5.42 -9.84691e-06
5.43 -2.44972e-05
5.44 -3.89244e-05
5.45 -5.21906e-05
5.46 -6.33431e-05
5.47 -7.15473e-05
5.48 -7.62138e-05
5.49 -7.70627e-05
5.5 -7.41059e-05
5.51 -6.76177e-05
5.52 -5.81438e-05
5.53 -4.6488e-05
5.54 -3.36254e-05
5.55 -2.05735e-05
5.56 -8.30461e-06
5.57 2.27644e-06
5.58 1.03638e-05
5.59 1.53433e-05
5.6 1.68932e-05
5.61 1.50459e-05
5.62 1.0188e-05
5.63 3.00138e-06
5.64 -5.59723e-06
5.65 -1.45716e-05
5.66 -2.28911e-05
5.67 -2.95902e-05
5.68 -3.38359e-05
5.69 -3.49856e-05
5.7 -3.2634e-05
5.71 -2.66417e-05
5.72 -1.71296e-05
5.73 -4.50005e-06
5.74 1.05757e-05
5.75 2.72401e-05
5.76 4.45051e-05
5.77 6.12942e-05
5.78 7.65085e-05
5.79 8.90914e-05
5.8 9.80947e-05
5.81 0.000102749
5.82 0.000102506
5.83 9.70661e-05
5.84 8.64182e-05
5.85 7.08909e-05
5.86 5.11555e-05
5.87 2.81804e-05
5.88 3.16441e-06
5.89 -2.25467e-05
5.9 -4.75557e-05
5.91 -7.04888e-05
5.92 -9.00883e-05
5.93 -0.00010533
5.94 -0.0001155
5.95 -0.000120221
5.96 -0.000119414
5.97 -0.000113239
5.98 -0.00010208
5.99 -8.65564e-05
6 -6.74751e-05
6.01 -4.58003e-05
6.02 -2.26435e-05
6.03 8.0787e-07
6.04 2.34038e-05
6.05 4.4117e-05
6.06 6.20831e-05
6.07 7.66003e-05
6.08 8.71387e-05
6.09 9.33896e-05
6.1 9.5333e-05
6.11 9.3246e-05
6.12 8.76459e-05
6.13 7.92424e-05
6.14 6.89222e-05
6.15 5.77291e-05
6.16 4.6802e-05
6.17 3.73309e-05
6.18 3.05234e-05
6.19 2.74919e-05
6.2 2.90715e-05
6.21 3.56917e-05
6.22 4.73636e-05
6.23 6.36865e-05
6.24 8.38277e-05
6.25 0.000106582
6.26 0.000130525
6.27 0.000154149
6.28 0.000176014
6.29 0.000194916
6.3 0.00021001
6.31 0.000220875
6.32 0.000227569
6.33 0.000230604
6.34 0.000230854
6.35 0.000229456
6.36 0.000227628
6.37 0.000226412
6.38 0.000226463
6.39 0.000228007
6.4 0.000230897
6.41 0.000234691
6.42 0.000238805
6.43 0.000242677
6.44 0.000245866
6.45 0.000248193
6.46 0.000249823
6.47 0.000251178
6.48 0.000252751
6.49 0.000254944
6.5 0.000257906
6.51 0.000261362
6.52 0.00026459
6.53 0.000266527
6.54 0.000265865
6.55 0.000261134
6.56 0.000250874
6.57 0.000233897
6.58 0.000209492
6.59 0.00017764
6.6 0.000139173
6.61 9.57888e-05
6.62 4.99229e-05
6.63 4.52246e-06
6.64 -3.72799e-05
6.65 -7.2587e-05
6.66 -9.91465e-05
6.67 -0.000115622
6.68 -0.000121703
6.69 -0.000118095
6.7 -0.000106423
6.71 -8.90237e-05
6.72 -6.8675e-05
6.73 -4.83296e-05
6.74 -3.08047e-05
6.75 -1.84494e-05
6.76 -1.28961e-05
6.77 -1.49346e-05
6.78 -2.44623e-05
6.79 -4.05098e-05
6.8 -6.13804e-05
6.81 -8.49031e-05
6.82 -0.000108735
6.83 -0.000130639
6.84 -0.000148716
6.85 -0.000161604
6.86 -0.000168612
6.87 -0.000169765
6.88 -0.000165753
6.89 -0.00015776
6.9 -0.000147247
6.91 -0.000135705
6.92 -0.000124439
6.93 -0.000114414
6.94 -0.000106135
6.95 -9.96378e-05
6.96 -9.45931e-05
6.97 -9.04746e-05
6.98 -8.67929e-05
6.99 -8.32714e-05
7 -7.99178e-05
7.01 -7.70713e-05
7.02 -7.53322e-05
7.03 -7.53459e-05
7.04 -7.75864e-05
7.05 -8.21856e-05
7.06 -8.87835e-05
7.07 -9.64797e-05
7.08 -0.000103928
7.09 -0.000109507
7.1 -0.000111547
7.11 -0.000108586
7.12 -9.96215e-05
7.13 -8.44088e-05
7.14 -6.36533e-05
7.15 -3.89847e-05
7.16 -1.27603e-05
7.17 1.22383e-05
7.18 3.31662e-05
7.19 4.7496e-05
7.2 5.33442e-05
7.21 4.97361e-05
7.22 3.68029e-05
7.23 1.58362e-05
7.24 -1.08404e-05
7.25 -4.01346e-05
7.26 -6.8547e-05
7.27 -9.26426e-05
7.28 -0.000109525
7.29 -0.000117211
7.3 -0.000114876
7.31 -0.000102954
7.32 -8.30939e-05
7.33 -5.7913e-05
7.34 -3.05834e-05
7.35 -4.39196e-06
7.36 1.76951e-05
7.37 3.34341e-05
7.38 4.15765e-05
7.39 4.19792e-05
7.4 3.55487e-05
7.41 2.40446e-05
7.42 9.78208e-06
7.43 -4.76768e-06
7.44 -1.73878e-05
7.45 -2.63949e-05
7.46 -3.08187e-05
7.47 -3.05096e-05
7.48 -2.61258e-05
7.49 -1.90482e-05
7.5 -1.1225e-05
7.51 -4.91832e-06
7.52 -2.38904e-06
7.53 -5.55884e-06
7.54 -1.57248e-05
7.55 -3.33921e-05
7.56 -5.82753e-05
7.57 -8.94124e-05
7.58 -0.000125279
7.59 -0.000163946
7.6 -0.000203294
7.61 -0.000241165
7.62 -0.000275398
7.63 -0.000303873
7.64 -0.000324631
7.65 -0.00033608
7.66 -0.000337101
7.67 -0.000327032
7.68 -0.000305701
7.69 -0.000273461
7.7 -0.000231186
7.71 -0.000180311
7.72 -0.000123
7.73 -6.22057e-05
7.74 -1.50414e-06
7.75 5.51667e-05
7.76 0.0001039
7.77 0.000141293
7.78 0.000164826
7.79 0.000173088
7.8 0.000165868
7.81 0.000144173
7.82 0.000110152
7.83 6.68527e-05
7.84 1.79002e-05
7.85 -3.28048e-05
7.86 -8.13986e-05
7.87 -0.0001244
7.88 -0.000158967
7.89 -0.000183045
7.9 -0.00019547
7.91 -0.000196035
7.92 -0.00018544
7.93 -0.000165158
7.94 -0.00013727
7.95 -0.00010428
7.96 -6.89e-05
7.97 -3.38018e-05
7.98 -1.38188e-06
7.99 2.64193e-05
8 4.81789e-05
8.01 6.30114e-05
8.02 7.06086e-05
8.03 7.12203e-05
8.04 6.55484e-05
8.05 5.46065e-05
8.06 3.95907e-05
8.07 2.17975e-05
8.08 2.58392e-06
8.09 -1.66629e-05
8.1 -3.45488e-05
8.11 -4.96645e-05
8.12 -6.05743e-05
8.13 -6.59178e-05
8.14 -6.45869e-05
8.15 -5.58483e-05
8.16 -3.94242e-05
8.17 -1.55718e-05
8.18 1.48692e-05
8.19 5.04794e-05
8.2 8.93582e-05
8.21 0.000129255
8.22 0.000167706
8.23 0.000202287
8.24 0.000230888
8.25 0.000251866
8.26 0.000264135
8.27 0.000267244
8.28 0.000261409
8.29 0.000247415
8.3 0.000226472
8.31 0.000199994
8.32 0.000169357
8.33 0.00013575
8.34 0.00010013
8.35 6.32429e-05
8.36 2.57141e-05
8.37 -1.17838e-05
8.38 -4.83918e-05
8.39 -8.29772e-05
8.4 -0.000114091
8.41 -0.000140089
8.42 -0.000159372
8.43 -0.000170602
8.44 -0.00017285
8.45 -0.000165674
8.46 -0.000149143
8.47 -0.000123843
8.48 -9.08653e-05
8.49 -5.17932e-05
8.5 -8.64424e-06
8.51 3.62639e-05
8.52 8.04095e-05
8.53 0.00012115
8.54 0.000155855
8.55 0.000182104
8.56 0.000197976
8.57 0.000202318
8.58 0.000194919
8.59 0.000176554
8.6 0.000148962
8.61 0.00011472
8.62 7.70792e-05
8.63 3.97373e-05
8.64 6.52174e-06
8.65 -1.89532e-05
8.66 -3.36168e-05
8.67 -3.52738e-05
8.68 -2.28635e-05
8.69 3.37859e-06
8.7 4.18957e-05
8.71 9.00004e-05
8.72 0.000144105
8.73 0.000199962
8.74 0.000253071
8.75 0.000299121
8.76 0.000334328
8.77 0.000355697
8.78 0.000361285
8.79 0.000350415
8.8 0.000323698
8.81 0.000282946
8.82 0.00023102
8.83 0.000171656
8.84 0.00010924
8.85 4.84537e-05
8.86 -6.15395e-06
8.87 -5.06189e-05
8.88 -8.19266e-05
8.89 -9.81928e-05
8.9 -9.87486e-05
8.91 -8.4183e-05
8.92 -5.62964e-05
8.93 -1.79499e-05
8.94 2.71417e-05
8.95 7.46958e-05
8.96 0.000120255
8.97 0.000159611
8.98 0.000189192
8.99 0.000206328
9 0.000209395
9.01 0.000197893
9.02 0.000172455
9.03 0.000134733
9.04 8.7262e-05
9.05 3.33372e-05
9.06 -2.31906e-05
9.07 -7.82112e-05
9.08 -0.000127719
9.09 -0.000168198
9.1 -0.000196979
9.11 -0.000212542
9.12 -0.000214656
9.13 -0.000204344
9.14 -0.000183757
9.15 -0.000155926
9.16 -0.000124352
9.17 -9.2545e-05
9.18 -6.35768e-05
9.19 -3.97494e-05
9.2 -2.23681e-05
9.21 -1.15814e-05
9.22 -6.38133e-06
9.23 -4.79689e-06
9.24 -4.25673e-06
9.25 -2.08718e-06
9.26 3.99473e-06
9.27 1.55247e-05
9.28 3.30548e-05
9.29 5.60367e-05
9.3 8.29592e-05
9.31 0.000111732
9.32 0.000140036
9.33 0.000165559
9.34 0.000186244
9.35 0.000200504
9.36 0.00020737
9.37 0.000206552
9.38 0.000198465
9.39 0.000184165
9.4 0.00016515
9.41 0.000143116
9.42 0.000119736
9.43 9.64307e-05
9.44 7.41534e-05
9.45 5.3294e-05
9.46 3.37625e-05
9.47 1.51627e-05
9.48 -3.03306e-06
9.49 -2.12493e-05
9.5 -3.96196e-05
9.51 -5.79127e-05
9.52 -7.55259e-05
9.53 -9.15724e-05
9.54 -0.000105086
9.55 -0.000115265
9.56 -0.000121642
9.57 -0.000124219
9.58 -0.000123559
9.59 -0.000120766
9.6 -0.000117317
9.61 -0.00011481
9.62 -0.000114694
9.63 -0.000118018
9.64 -0.000125213
9.65 -0.000135995
9.66 -0.000149409
9.67 -0.000163953
9.68 -0.00017774
9.69 -0.000188732
9.7 -0.000195043
9.71 -0.000195239
9.72 -0.000188568
9.73 -0.000175047
9.74 -0.000155523
9.75 -0.000131649
9.76 -0.000105713
9.77 -8.03702e-05
9.78 -5.83426e-05
9.79 -4.21562e-05
9.8 -3.39153e-05
9.81 -3.51083e-05
9.82 -4.64499e-05
9.83 -6.78093e-05
9.84 -9.82387e-05
9.85 -0.000136061
9.86 -0.000178968
9.87 -0.000224151
9.88 -0.000268521
9.89 -0.000309014
9.9 -0.000342869
9.91 -0.000367772
9.92 -0.000382015
9.93 -0.000384667
9.94 -0.000375643
9.95 -0.000355691
9.96 -0.000326382
9.97 -0.00029009
9.98 -0.000249884
9.99 -0.000209294
10 -0.000171978
10.01 -0.000141369
10.02 -0.000120395
10.03 -0.00011122
10.04 -0.000114963
10.05 -0.000131466
10.06 -0.000159221
10.07 -0.000195513
10.08 -0.000236703
10.09 -0.000278622
10.1 -0.000317
10.11 -0.000347891
10.12 -0.000368156
10.13 -0.000375867
10.14 -0.000370492
10.15 -0.000352886
10.16 -0.000325168
10.17 -0.000290421
10.18 -0.000252259
10.19 -0.000214396
10.2 -0.000180236
10.21 -0.000152564
10.22 -0.00013337
10.23 -0.000123721
10.24 -0.000123682
10.25 -0.000132381
10.26 -0.000148205
10.27 -0.000169
10.28 -0.00019228
10.29 -0.000215442
10.3 -0.000236011
10.31 -0.000251839
10.32 -0.000261217
10.33 -0.000263
10.34 -0.00025676
10.35 -0.000242858
10.36 -0.000222376
10.37 -0.000196979
10.38 -0.000168748
10.39 -0.00013996
10.4 -0.000112829
10.41 -8.92703e-05
10.42 -7.06469e-05
10.43 -5.76224e-05
10.44 -5.01032e-05
10.45 -4.72607e-05
10.46 -4.76755e-05
10.47 -4.96022e-05
10.48 -5.12569e-05
10.49 -5.10857e-05
10.5 -4.80259e-05
10.51 -4.16436e-05
10.52 -3.21357e-05
10.53 -2.02727e-05
10.54 -7.25398e-06
10.55 5.51858e-06
10.56 1.66467e-05
10.57 2.48776e-05
10.58 2.92224e-05
10.59 2.90779e-05
10.6 2.42972e-05
10.61 1.51545e-05
10.62 2.26822e-06
10.63 -1.34734e-05
10.64 -3.10353e-05
10.65 -4.93593e-05
10.66 -6.74394e-05
10.67 -8.43894e-05
10.68 -9.94688e-05
10.69 -0.000112062
10.7 -0.000121648
10.71 -0.00012781
10.72 -0.000130324
10.73 -0.000129195
10.74 -0.000124653
10.75 -0.000117165
10.76 -0.000107418
10.77 -9.62057e-05
10.78 -8.43363e-05
10.79 -7.25552e-05
10.8 -6.1514e-05
10.81 -5.174e-05
10.82 -4.35677e-05
10.83 -3.71005e-05
10.84 -3.22455e-05
10.85 -2.87607e-05
10.86 -2.63355e-05
10.87 -2.46833e-05
10.88 -2.35531e-05
10.89 -2.27107e-05
10.9 -2.19603e-05
10.91 -2.11397e-05
10.92 -2.00483e-05
10.93 -1.8374e-05
10.94 -1.56577e-05
10.95 -1.1319e-05
10.96 -4.73153e-06
10.97 4.68333e-06
10.98 1.73464e-05
10.99 3.33969e-05
11 5.25821e-05
11.01 7.42529e-05
11.02 9.74253e-05
11.03 0.000120837
11.04 0.000143037
11.05 0.000162555
11.06 0.000178115
11.07 0.000188777
11.08 0.00019399
11.09 0.000193654
11.1 0.000188159
11.11 0.000178391
11.12 0.000165683
11.13 0.000151692
11.14 0.000138179
11.15 0.000126787
11.16 0.000118963
11.17 0.0001159
11.18 0.000118495
11.19 0.000127295
11.2 0.000142443
11.21 0.000163654
11.22 0.00019024
11.23 0.000221108
11.24 0.000254687
11.25 0.000288886
11.26 0.000321179
11.27 0.000348846
11.28 0.000369308
11.29 0.000380484
11.3 0.000381096
11.31 0.000370833
11.32 0.000350415
11.33 0.000321579
11.34 0.000286987
11.35 0.000250071
11.36 0.000214743
11.37 0.000184933
11.38 0.000164069
11.39 0.000154641
11.4 0.000157942
11.41 0.000173935
11.42 0.00020117
11.43 0.000236902
11.44 0.000277418
11.45 0.000318467
11.46 0.000355775
11.47 0.000385565
11.48 0.000405015
11.49 0.000412625
11.5 0.000408418
11.51 0.000393896
11.52 0.000371792
11.53 0.000345692
11.54 0.000319573
11.55 0.000297316
11.56 0.000282186
11.57 0.000276424
11.58 0.000281032
11.59 0.000295767
11.6 0.000319322
11.61 0.000349592
11.62 0.000383914
11.63 0.000419324
11.64 0.000452872
11.65 0.000481873
11.66 0.000504119
11.67 0.000518108
11.68 0.000523145
11.69 0.000519305
11.7 0.000507343
11.71 0.000488542
11.72 0.000464532
11.73 0.000437101
11.74 0.000408015
11.75 0.000378817
11.76 0.00035063
11.77 0.000323983
11.78 0.000298742
11.79 0.000274224
11.8 0.000249475
11.81 0.000223624
11.82 0.000196158
11.83 0.000167023
11.84 0.00013664
11.85 0.000105864
11.86 7.58052e-05
11.87 4.75776e-05
11.88 2.21503e-05
11.89 2.78473e-07
11.9 -1.75603e-05
11.91 -3.11953e-05
11.92 -4.0758e-05
11.93 -4.66756e-05
11.94 -4.96331e-05
11.95 -5.05045e-05
11.96 -5.02869e-05
11.97 -5.00012e-05
11.98 -5.0518e-05
11.99 -5.23951e-05
12 -5.5834e-05
12.01 -6.07104e-05
12.02 -6.65661e-05
12.03 -7.25841e-05
12.04 -7.76688e-05
12.05 -8.06219e-05
12.06 -8.0335e-05
12.07 -7.59764e-05
12.08 -6.71851e-05
12.09 -5.42374e-05
12.1 -3.80675e-05
12.11 -2.01327e-05
12.12 -2.2632e-06
12.13 1.34492e-05
12.14 2.48212e-05
12.15 2.98236e-05
12.16 2.68339e-05
12.17 1.48733e-05
12.18 -6.20446e-06
12.19 -3.56879e-05
12.2 -7.21283e-05
12.21 -0.000113429
12.22 -0.000156956
12.23 -0.000199826
12.24 -0.000239276
12.25 -0.000272888
12.26 -0.000298702
12.27 -0.000315384
12.28 -0.000322373
12.29 -0.000319892
12.3 -0.000308912
12.31 -0.000291038
12.32 -0.000268262
12.33 -0.000242704
12.34 -0.000216433
12.35 -0.000191338
12.36 -0.000168958
12.37 -0.000150297
12.38 -0.000135725
12.39 -0.000125041
12.4 -0.000117544
12.41 -0.000112149
12.42 -0.000107654
12.43 -0.00010295
12.44 -9.70449e-05
12.45 -8.91067e-05
12.46 -7.85799e-05
12.47 -6.51456e-05
12.48 -4.85367e-05
12.49 -2.84081e-05
12.5 -4.30478e-06
12.51 2.42975e-05
12.52 5.78928e-05
12.53 9.68034e-05
12.54 0.000140963
12.55 0.00018973
12.56 0.000241835
12.57 0.000295455
12.58 0.00034842
12.59 0.000398531
12.6 0.00044386
12.61 0.000482943
12.62 0.000514811
12.63 0.000538931
12.64 0.000555203
12.65 0.000564047
12.66 0.000566337
12.67 0.00056319
12.68 0.000555798
12.69 0.000545268
12.7 0.000532521
12.71 0.000518329
12.72 0.000503348
12.73 0.00048812
12.74 0.000473093
12.75 0.000458642
12.76 0.00044512
12.77 0.000432865
12.78 0.00042215
12.79 0.000413161
12.8 0.000405963
12.81 0.000400423
12.82 0.000396158
12.83 0.00039256
12.84 0.000388909
12.85 0.000384518
12.86 0.000378858
12.87 0.000371647
12.88 0.000362951
12.89 0.000353251
12.9 0.000343358
12.91 0.000334235
12.92 0.000326805
12.93 0.000321775
12.94 0.000319534
12.95 0.00032009
12.96 0.000323054
12.97 0.000327715
12.98 0.000333156
12.99 0.000338363
13 0.000342344
13.01 0.000344322
13.02 0.000343895
13.03 0.000341093
13.04 0.000336322
13.05 0.000330222
13.06 0.000323486
13.07 0.000316716
13.08 0.000310312
13.09 0.000304383
13.1 0.000298711
13.11 0.000292797
13.12 0.000285995
13.13 0.000277706
13.14 0.000267531
13.15 0.000255375
13.16 0.00024154
13.17 0.000226718
13.18 0.00021188
13.19 0.00019816
13.2 0.000186674
13.21 0.000178328
13.22 0.000173702
13.23 0.000172975
13.24 0.000175919
13.25 0.000181903
13.26 0.000189942
13.27 0.000198799
13.28 0.000207087
13.29 0.000213403
13.3 0.000216465
13.31 0.000215196
13.32 0.000208756
13.33 0.000196626
13.34 0.000178718
13.35 0.000155429
13.36 0.000127682
13.37 9.69052e-05
13.38 6.49142e-05
13.39 3.37264e-05
13.4 5.38207e-06
13.41 -1.82117e-05
13.42 -3.54394e-05
13.43 -4.51069e-05
13.44 -4.65379e-05
13.45 -3.96311e-05
13.46 -2.48483e-05
13.47 -3.17069e-06
13.48 2.39642e-05
13.49 5.47748e-05
13.5 8.72961e-05
13.51 0.000119543
13.52 0.000149673
13.53 0.000176173
13.54 0.000198038
13.55 0.000214841
13.56 0.000226713
13.57 0.000234266
13.58 0.000238409
13.59 0.000240147
13.6 0.000240488
13.61 0.000240393
13.62 0.00024075
13.63 0.000242364
13.64 0.000245875
13.65 0.000251669
13.66 0.0002599
13.67 0.000270522
13.68 0.000283224
13.69 0.000297362
13.7 0.000311998
13.71 0.000326011
13.72 0.000338225
13.73 0.000347492
13.74 0.000352743
13.75 0.000353057
13.76 0.000347715
13.77 0.000336208
13.78 0.000318243
13.79 0.000293759
13.8 0.000262895
13.81 0.000225905
13.82 0.000183177
13.83 0.00013548
13.84 8.42955e-05
13.85 3.20017e-05
13.86 -1.82715e-05
13.87 -6.3162e-05
13.88 -9.97212e-05
13.89 -0.000125904
13.9 -0.000140752
13.91 -0.000144375
13.92 -0.00013792
13.93 -0.000123484
13.94 -0.000103891
13.95 -8.2383e-05
13.96 -6.2272e-05
13.97 -4.65932e-05
13.98 -3.78345e-05
13.99 -3.77753e-05
14 -4.7376e-05
14.01 -6.67075e-05
14.02 -9.49424e-05
14.03 -0.00013041
14.04 -0.000170748
14.05 -0.000213151
14.06 -0.00025472
14.07 -0.000292825
14.08 -0.000325395
14.09 -0.000351129
14.1 -0.000369657
14.11 -0.000381585
14.12 -0.000388406
14.13 -0.000392361
14.14 -0.000396233
14.15 -0.000403046
14.16 -0.000415735
14.17 -0.000436754
14.18 -0.0004677
14.19 -0.000509115
14.2 -0.000560492
14.21 -0.000620376
14.22 -0.00068656
14.23 -0.000756346
14.24 -0.000826859
14.25 -0.000895361
14.26 -0.000962042
14.27 -0.00103147
14.28 -0.00110865
14.29 -0.00119726
14.3 -0.00130062
14.31 -0.00142163
14.32 -0.00156267
14.33 -0.00172567
14.34 -0.00191213
14.35 -0.00212338
14.36 -0.0023607
14.37 -0.00262552
14.38 -0.00291944
14.39 -0.00324414
14.4 -0.00360133
14.41 -0.00399268
14.42 -0.00441979
14.43 -0.00488402
14.44 -0.00538644
14.45 -0.00592762
14.46 -0.00650752
14.47 -0.00712562
14.48 -0.00778104
14.49 -0.00847266
14.5 -0.00919925
14.51 -0.00995958
14.52 -0.0107525
14.53 -0.0115769
14.54 -0.0124321
14.55 -0.013317
14.56 -0.0142311
14.57 -0.0151736
14.58 -0.0161437
14.59 -0.0171408
14.6 -0.0181641
14.61 -0.0192122
14.62 -0.0202838
14.63 -0.0213766
14.64 -0.0224879
14.65 -0.023614
14.66 -0.0247505
14.67 -0.0258925
14.68 -0.0270349
14.69 -0.0281728
14.7 -0.0293018
14.71 -0.0304179
14.72 -0.031517
14.73 -0.0325945
14.74 -0.0336451
14.75 -0.0346626
14.76 -0.0356404
14.77 -0.0365722
14.78 -0.0374518
14.79 -0.0382736
14.8 -0.0390319
14.81 -0.0397213
14.82 -0.0403367
14.83 -0.0408732
14.84 -0.0413262
14.85 -0.0416914
14.86 -0.0419647
14.87 -0.0421425
14.88 -0.042221
14.89 -0.0421967
14.9 -0.0420697
14.91 -0.0418492
14.92 -0.0415526
14.93 -0.0412036
14.94 -0.0408299
14.95 -0.0404608
14.96 -0.0401149
14.97 -0.0397914
14.98 -0.0394825
14.99 -0.0391827
15 -0.0388879
15.01 -0.0385957
15.02 -0.0383054
15.03 -0.0380174
15.04 -0.0377331
15.05 -0.0374545
15.06 -0.0371843
15.07 -0.0369264
15.08 -0.0366846
15.09 -0.0364629
15.1 -0.036265
15.11 -0.0360946
15.12 -0.0359553
15.13 -0.0358505
15.14 -0.0357838
15.15 -0.0357585
15.16 -0.0357773
15.17 -0.0358408
15.18 -0.0359442
15.19 -0.0360788
15.2 -0.0362332
15.21 -0.0363944
15.22 -0.0365493
15.23 -0.036686
15.24 -0.0367949
15.25 -0.0368696
15.26 -0.0369075
15.27 -0.0369101
15.28 -0.0368827
15.29 -0.0368332
15.3 -0.0367712
15.31 -0.0367065
15.32 -0.0366484
15.33 -0.0366048
15.34 -0.0365815
15.35 -0.0365822
15.36 -0.0366084
15.37 -0.0366594
15.38 -0.0367322
15.39 -0.0368216
15.4 -0.0369211
15.41 -0.0370228
15.42 -0.0371187
15.43 -0.0372011
15.44 -0.0372633
15.45 -0.0373002
15.46 -0.0373091
15.47 -0.0372891
15.48 -0.0372416
15.49 -0.0371697
15.5 -0.037078
15.51 -0.0369716
15.52 -0.0368564
15.53 -0.0367384
15.54 -0.0366238
15.55 -0.0365181
15.56 -0.0364258
15.57 -0.0363502
15.58 -0.0362926
15.59 -0.0362528
15.6 -0.0362288
15.61 -0.036217
15.62 -0.036213
15.63 -0.0362116
15.64 -0.0362075
15.65 -0.0361958
15.66 -0.0361722
15.67 -0.0361341
15.68 -0.03608
15.69 -0.0360101
15.7 -0.0359264
15.71 -0.0358319
15.72 -0.0357305
15.73 -0.0356236
15.74 -0.035507
15.75 -0.0353746
15.76 -0.0352215
15.77 -0.0350426
15.78 -0.0348332
15.79 -0.034589
15.8 -0.0343056
15.81 -0.0339794
15.82 -0.0336069
15.83 -0.0331851
15.84 -0.0327119
15.85 -0.0321851
15.86 -0.0316035
15.87 -0.0309657
15.88 -0.0302709
15.89 -0.0295184
15.9 -0.028708
15.91 -0.0278395
15.92 -0.0269133
15.93 -0.0259294
15.94 -0.0248881
15.95 -0.0237897
15.96 -0.022635
15.97 -0.0214252
15.98 -0.0201617
15.99 -0.0188466
16 -0.0174823
16.01 -0.0160719
16.02 -0.0146191
16.03 -0.0131284
16.04 -0.0116052
16.05 -0.0100556
16.06 -0.00848628
16.07 -0.00690409
16.08 -0.00531571
16.09 -0.00372755
16.1 -0.00214575
16.11 -0.000576241
16.12 0.00097526
16.13 0.00250315
16.14 0.00400194
16.15 0.00546621
16.16 0.00689063
16.17 0.00826996
16.18 0.00959911
16.19 0.0108731
16.2 0.0120871
16.21 0.0132368
16.22 0.0143183
16.23 0.0153283
16.24 0.0162642
16.25 0.0171247
16.26 0.017909
16.27 0.0186173
16.28 0.0192504
16.29 0.0198093
16.3 0.0202953
16.31 0.02071
16.32 0.0210549
16.33 0.0213319
16.34 0.0215431
16.35 0.0216903
16.36 0.0217759
16.37 0.0218019
16.38 0.0217705
16.39 0.0216867
16.4 0.0215613
16.41 0.021409
16.42 0.0212454
16.43 0.0210871
16.44 0.0209492
16.45 0.0208447
16.46 0.0207827
16.47 0.0207683
16.48 0.0208017
16.49 0.0208785
16.5 0.0209906
16.51 0.0211263
16.52 0.0212724
16.53 0.0214149
16.54 0.0215407
16.55 0.0216387
16.56 0.0217006
16.57 0.0217217
16.58 0.0217012
16.59 0.0216422
16.6 0.021551
16.61 0.0214367
16.62 0.02131
16.63 0.0211821
16.64 0.0210638
16.65 0.020964
16.66 0.0208896
16.67 0.0208442
16.68 0.0208284
16.69 0.0208394
16.7 0.0208718
16.71 0.0209183
16.72 0.0209708
16.73 0.0210212
16.74 0.0210624
16.75 0.0210889
16.76 0.0210972
16.77 0.0210856
16.78 0.0210547
16.79 0.0210072
16.8 0.0209474
16.81 0.0208809
16.82 0.0208139
16.83 0.0207524
16.84 0.020702
16.85 0.020667
16.86 0.0206501
16.87 0.0206522
16.88 0.0206721
16.89 0.0207068
16.9 0.020752
16.91 0.020802
16.92 0.020851
16.93 0.0208936
16.94 0.0209249
16.95 0.0209415
16.96 0.0209417
16.97 0.0209251
16.98 0.0208934
16.99 0.0208496
17 0.0207979
17.01 0.0207429
17.02 0.0206899
17.03 0.0206435
17.04 0.0206074
17.05 0.0205843
17.06 0.0205756
17.07 0.0205812
17.08 0.0206
17.09 0.0206293
17.1 0.0206658
17.11 0.0207054
17.12 0.0207437
17.13 0.0207769
17.14 0.0208015
17.15 0.0208153
17.16 0.0208168
17.17 0.0208059
17.18 0.0207836
17.19 0.0207521
17.2 0.0207143
17.21 0.0206737
17.22 0.020634
17.23 0.0205987
17.24 0.0205707
17.25 0.0205521
17.26 0.0205439
17.27 0.0205462
17.28 0.0205577
17.29 0.0205763
17.3 0.0205993
17.31 0.0206236
17.32 0.0206461
17.33 0.0206638
17.34 0.0206745
17.35 0.0206762
17.36 0.0206679
17.37 0.020649
17.38 0.0206196
17.39 0.0205806
17.4 0.0205331
17.41 0.0204787
17.42 0.020419
17.43 0.020356
17.44 0.020292
17.45 0.0202298
17.46 0.0201721
17.47 0.020122
17.48 0.020082
17.49 0.020053
17.5 0.0200336
17.51 0.0200216
17.52 0.0200153
17.53 0.0200129
17.54 0.0200126
17.55 0.0200128
17.56 0.0200122
17.57 0.0200094
17.58 0.0200037
17.59 0.0199944
17.6 0.0199813
17.61 0.0199647
17.62 0.0199452
17.63 0.019924
17.64 0.0199026
17.65 0.0198826
17.66 0.0198662
17.67 0.0198555
17.68 0.0198529
17.69 0.0198609
17.7 0.019881
17.71 0.0199133
17.72 0.0199562
17.73 0.0200072
17.74 0.0200626
17.75 0.0201186
17.76 0.0201713
17.77 0.0202178
17.78 0.0202561
17.79 0.0202857
17.8 0.0203072
17.81 0.020322
17.82 0.0203326
17.83 0.0203413
17.84 0.0203508
17.85 0.0203636
17.86 0.0203816
17.87 0.0204063
17.88 0.0204379
17.89 0.020476
17.9 0.020519
17.91 0.0205642
17.92 0.0206087
17.93 0.0206489
17.94 0.0206821
17.95 0.0207057
17.96 0.0207184
17.97 0.0207193
17.98 0.0207089
17.99 0.0206884
18 0.0206601
18.01 0.0206267
18.02 0.0205915
18.03 0.0205577
18.04 0.0205284
18.05 0.0205063
18.06 0.0204932
18.07 0.0204904
18.08 0.0204977
18.09 0.0205143
18.1 0.0205382
18.11 0.0205669
18.12 0.0205975
18.13 0.020627
18.14 0.0206527
18.15 0.0206725
18.16 0.0206851
18.17 0.02069
18.18 0.0206877
18.19 0.0206795
18.2 0.0206674
18.21 0.0206538
18.22 0.0206413
18.23 0.0206321
18.24 0.0206281
18.25 0.0206305
18.26 0.0206397
18.27 0.0206554
18.28 0.0206768
18.29 0.0207027
18.3 0.0207313
18.31 0.0207608
18.32 0.0207895
18.33 0.0208158
18.34 0.0208383
18.35 0.020856
18.36 0.0208681
18.37 0.0208744
18.38 0.0208749
18.39 0.0208705
18.4 0.0208623
18.41 0.020852
18.42 0.0208414
18.43 0.0208326
18.44 0.0208279
18.45 0.020829
18.46 0.0208375
18.47 0.0208543
18.48 0.0208798
18.49 0.0209135
18.5 0.020954
18.51 0.0209994
18.52 0.0210471
18.53 0.021094
18.54 0.0211371
18.55 0.0211737
18.56 0.0212014
18.57 0.0212187
18.58 0.0212249
18.59 0.0212205
18.6 0.0212068
18.61 0.0211861
18.62 0.0211614
18.63 0.0211358
18.64 0.0211127
18.65 0.0210948
18.66 0.0210844
18.67 0.0210824
18.68 0.0210887
18.69 0.0211016
18.7 0.0211181
18.71 0.0211342
18.72 0.0211449
18.73 0.0211456
18.74 0.021132
18.75 0.0211016
18.76 0.0210533
18.77 0.0209881
18.78 0.0209084
18.79 0.0208181
18.8 0.0207217
18.81 0.0206242
18.82 0.0205305
18.83 0.0204449
18.84 0.0203706
18.85 0.0203097
18.86 0.0202629
18.87 0.0202294
18.88 0.0202072
18.89 0.0201936
18.9 0.0201853
18.91 0.020179
18.92 0.020172
18.93 0.020162
18.94 0.020148
18.95 0.0201297
18.96 0.0201072
18.97 0.0200809
18.98 0.0200518
18.99 0.0200205
19 0.0199878
19.01 0.0199541
19.02 0.0199196
19.03 0.0198844
19.04 0.0198483
19.05 0.0198107
19.06 0.0197692
19.07 0.0197211
19.08 0.0196642
19.09 0.019597
19.1 0.0195179
19.11 0.0194257
19.12 0.019319
19.13 0.0191963
19.14 0.0190557
19.15 0.0188956
19.16 0.0187145
19.17 0.0185115
19.18 0.0182862
19.19 0.018039
19.2 0.0177715
19.21 0.0174854
19.22 0.0171836
19.23 0.0168691
19.24 0.0165449
19.25 0.0162143
19.26 0.0158795
19.27 0.0155422
19.28 0.0152034
19.29 0.0148637
19.3 0.0145239
19.31 0.014185
19.32 0.0138482
19.33 0.0135153
19.34 0.0131881
19.35 0.0128689
19.36 0.0125607
19.37 0.0122662
19.38 0.0119886
19.39 0.0117305
19.4 0.0114945
19.41 0.0112832
19.42 0.011099
19.43 0.0109442
19.44 0.0108212
19.45 0.010732
19.46 0.0106786
19.47 0.0106631
19.48 0.0106872
19.49 0.0107505
19.5 0.0108478
19.51 0.010971
19.52 0.0111098
19.53 0.0112528
19.54 0.0113882
19.55 0.0115051
19.56 0.0115938
19.57 0.0116474
19.58 0.0116625
19.59 0.0116389
19.6 0.0115803
19.61 0.0114933
19.62 0.0113871
19.63 0.011272
19.64 0.0111592
19.65 0.0110591
19.66 0.0109806
19.67 0.0109301
19.68 0.0109111
19.69 0.010924
19.7 0.010966
19.71 0.0110315
19.72 0.0111126
19.73 0.0112003
19.74 0.0112853
19.75 0.0113589
19.76 0.011414
19.77 0.0114458
19.78 0.0114518
19.79 0.0114324
19.8 0.0113901
19.81 0.0113297
19.82 0.0112575
19.83 0.0111805
19.84 0.011106
19.85 0.0110405
19.86 0.0109894
19.87 0.0109563
19.88 0.0109429
19.89 0.0109493
19.9 0.0109732
19.91 0.0110114
19.92 0.0110593
19.93 0.0111117
19.94 0.0111635
19.95 0.0112094
19.96 0.0112451
19.97 0.0112668
19.98 0.0112725
19.99 0.011261
20 0.0112331
20.01 0.0111905
20.02 0.0111367
20.03 0.011076
20.04 0.0110137
20.05 0.0109554
20.06 0.0109069
20.07 0.0108731
20.08 0.0108579
20.09 0.0108639
20.1 0.0108919
20.11 0.0109409
20.12 0.0110083
20.13 0.0110894
20.14 0.0111785
20.15 0.0112695
20.16 0.0113558
20.17 0.0114317
20.18 0.0114923
20.19 0.0115341
20.2 0.0115553
20.21 0.0115556
20.22 0.0115368
20.23 0.0115022
20.24 0.0114565
20.25 0.0114056
20.26 0.0113552
20.27 0.011311
20.28 0.0112775
20.29 0.0112581
20.3 0.0112543
20.31 0.011266
20.32 0.0112915
20.33 0.0113276
20.34 0.0113702
20.35 0.0114148
20.36 0.0114566
20.37 0.0114919
20.38 0.0115176
20.39 0.0115322
20.4 0.0115357
20.41 0.0115293
20.42 0.0115158
20.43 0.0114984
20.44 0.0114809
20.45 0.0114672
20.46 0.0114602
20.47 0.0114625
20.48 0.0114756
20.49 0.0114999
20.5 0.011535
20.51 0.0115793
20.52 0.0116304
20.53 0.0116857
20.54 0.011742
20.55 0.0117961
20.56 0.0118452
20.57 0.0118868
20.58 0.011919
20.59 0.0119403
20.6 0.0119499
20.61 0.0119476
20.62 0.011934
20.63 0.0119107
20.64 0.0118797
20.65 0.0118441
20.66 0.0118071
20.67 0.0117718
20.68 0.0117413
20.69 0.0117184
20.7 0.0117048
20.71 0.0117018
20.72 0.0117094
20.73 0.0117269
20.74 0.0117526
20.75 0.0117838
20.76 0.0118178
20.77 0.0118514
20.78 0.0118819
20.79 0.011907
20.8 0.0119255
20.81 0.0119369
20.82 0.0119421
20.83 0.011943
20.84 0.0119417
20.85 0.0119407
20.86 0.0119421
20.87 0.0119474
20.88 0.0119577
20.89 0.0119728
20.9 0.0119921
20.91 0.0120143
20.92 0.0120376
20.93 0.0120605
20.94 0.0120812
20.95 0.0120982
20.96 0.0121104
20.97 0.0121167
20.98 0.0121164
20.99 0.0121092
21 0.012095
21.01 0.0120739
21.02 0.0120464
21.03 0.0120132
21.04 0.0119752
21.05 0.0119337
21.06 0.0118903
21.07 0.011847
21.08 0.0118054
21.09 0.0117672
21.1 0.0117334
21.11 0.011705
21.12 0.0116827
21.13 0.0116668
21.14 0.0116575
21.15 0.0116542
21.16 0.0116564
21.17 0.0116626
21.18 0.0116714
21.19 0.011681
21.2 0.0116896
21.21 0.0116956
21.22 0.0116976
21.23 0.0116948
21.24 0.0116867
21.25 0.0116737
21.26 0.0116564
21.27 0.0116363
21.28 0.0116153
21.29 0.0115955
21.3 0.0115788
21.31 0.0115672
21.32 0.0115617
21.33 0.011563
21.34 0.0115707
21.35 0.0115836
21.36 0.0116
21.37 0.0116176
21.38 0.0116339
21.39 0.0116462
21.4 0.0116522
21.41 0.0116499
21.42 0.0116381
21.43 0.0116164
21.44 0.0115853
21.45 0.0115465
21.46 0.0115022
21.47 0.0114554
21.48 0.0114094
21.49 0.0113671
21.5 0.0113314
21.51 0.011304
21.52 0.0112859
21.53 0.0112775
21.54 0.011278
21.55 0.0112861
21.56 0.0112994
21.57 0.0113154
21.58 0.011331
21.59 0.0113432
21.6 0.0113492
21.61 0.0113469
21.62 0.0113348
21.63 0.011313
21.64 0.0112824
21.65 0.0112452
21.66 0.0112043
21.67 0.0111634
21.68 0.011126
21.69 0.0110956
21.7 0.0110746
21.71 0.0110647
21.72 0.0110662
21.73 0.0110787
21.74 0.0111007
21.75 0.0111299
21.76 0.0111639
21.77 0.0111999
21.78 0.0112355
21.79 0.0112681
21.8 0.0112959
21.81 0.0113173
21.82 0.0113312
21.83 0.0113369
21.84 0.0113343
21.85 0.0113237
21.86 0.0113061
21.87 0.0112828
21.88 0.0112554
21.89 0.0112257
21.9 0.0111958
21.91 0.0111675
21.92 0.0111428
21.93 0.0111232
21.94 0.0111099
21.95 0.0111039
21.96 0.011105
21.97 0.0111128
21.98 0.0111254
21.99 0.0111406
22 0.0111556
22.01 0.0111671
22.02 0.0111721
22.03 0.0111682
22.04 0.0111538
22.05 0.011129
22.06 0.0110951
22.07 0.0110551
22.08 0.011013
22.09 0.0109732
22.1 0.01094
22.11 0.010917
22.12 0.010907
22.13 0.0109114
22.14 0.0109303
22.15 0.0109622
22.16 0.0110044
22.17 0.011053
22.18 0.0111035
22.19 0.0111514
22.2 0.0111924
22.21 0.0112232
22.22 0.0112417
22.23 0.0112472
22.24 0.0112405
22.25 0.0112235
22.26 0.0111992
22.27 0.0111713
22.28 0.0111433
22.29 0.011119
22.3 0.0111009
22.31 0.011091
22.32 0.0110899
22.33 0.0110968
22.34 0.0111104
22.35 0.0111284
22.36 0.0111481
22.37 0.0111667
22.38 0.0111818
22.39 0.0111914
22.4 0.0111942
22.41 0.0111898
22.42 0.0111788
22.43 0.0111624
22.44 0.0111424
22.45 0.0111212
22.46 0.0111011
22.47 0.0110848
22.48 0.0110746
22.49 0.0110725
22.5 0.0110798
22.51 0.0110972
22.52 0.0111246
22.53 0.0111613
22.54 0.0112057
22.55 0.0112556
22.56 0.0113085
22.57 0.0113617
22.58 0.0114125
22.59 0.0114587
22.6 0.0114985
22.61 0.0115309
22.62 0.0115555
22.63 0.0115725
22.64 0.0115827
22.65 0.0115874
22.66 0.0115881
22.67 0.0115862
22.68 0.0115831
22.69 0.01158
22.7 0.011578
22.71 0.0115784
22.72 0.011582
22.73 0.0115896
22.74 0.0116015
22.75 0.0116177
22.76 0.0116379
22.77 0.011661
22.78 0.0116857
22.79 0.0117107
22.8 0.0117342
22.81 0.0117551
22.82 0.0117722
22.83 0.0117847
22.84 0.0117923
22.85 0.0117952
22.86 0.0117937
22.87 0.0117887
22.88 0.0117812
22.89 0.0117724
22.9 0.0117631
22.91 0.0117544
22.92 0.0117468
22.93 0.0117405
22.94 0.0117356
22.95 0.0117316
22.96 0.011728
22.97 0.0117239
22.98 0.0117187
22.99 0.011712
23 0.011704
23.01 0.0116953
23.02 0.011687
23.03 0.0116803
23.04 0.0116765
23.05 0.0116767
23.06 0.0116816
23.07 0.0116915
23.08 0.0117056
23.09 0.0117228
23.1 0.0117412
23.11 0.0117588
23.12 0.0117739
23.13 0.0117847
23.14 0.0117903
23.15 0.01179
23.16 0.011784
23.17 0.0117729
23.18 0.0117578
23.19 0.0117402
23.2 0.0117221
23.21 0.0117054
23.22 0.0116916
23.23 0.0116822
23.24 0.0116779
23.25 0.0116792
23.26 0.0116857
23.27 0.0116968
23.28 0.0117114
23.29 0.0117282
23.3 0.011746
23.31 0.0117634
23.32 0.0117793
23.33 0.0117928
23.34 0.0118029
23.35 0.0118093
23.36 0.0118115
23.37 0.0118098
23.38 0.0118042
23.39 0.0117952
23.4 0.0117833
23.41 0.0117691
23.42 0.0117529
23.43 0.0117353
23.44 0.0117166
23.45 0.0116972
23.46 0.0116773
23.47 0.0116574
23.48 0.0116381
23.49 0.0116202
23.5 0.0116045
23.51 0.0115918
23.52 0.0115827
23.53 0.0115775
23.54 0.011576
23.55 0.0115779
23.56 0.0115826
23.57 0.0115891
23.58 0.0115967
23.59 0.0116045
23.6 0.0116117
23.61 0.0116177
23.62 0.011622
23.63 0.0116243
23.64 0.0116249
23.65 0.011624
23.66 0.0116221
23.67 0.0116199
23.68 0.0116177
23.69 0.011616
23.7 0.0116147
23.71 0.0116139
23.72 0.0116131
23.73 0.0116121
23.74 0.0116101
23.75 0.0116065
23.76 0.0116004
23.77 0.011591
23.78 0.0115773
23.79 0.0115585
23.8 0.0115339
23.81 0.0115036
23.82 0.0114679
23.83 0.011428
23.84 0.0113852
23.85 0.0113413
23.86 0.011298
23.87 0.0112572
23.88 0.0112203
23.89 0.0111884
23.9 0.0111619
23.91 0.0111407
23.92 0.0111238
23.93 0.0111099
23.94 0.0110975
23.95 0.011085
23.96 0.0110711
23.97 0.0110549
23.98 0.0110361
23.99 0.0110151
24 0.0109932
24.01 0.010972
24.02 0.0109534
24.03 0.0109392
24.04 0.0109314
24.05 0.0109318
24.06 0.0109422
24.07 0.0109635
24.08 0.0109962
24.09 0.0110398
24.1 0.0110924
24.11 0.0111514
24.12 0.0112135
24.13 0.0112744
24.14 0.0113299
24.15 0.0113758
24.16 0.0114085
24.17 0.0114251
24.18 0.0114244
24.19 0.0114069
24.2 0.0113743
24.21 0.0113298
24.22 0.0112775
24.23 0.0112219
24.24 0.0111677
24.25 0.0111192
24.26 0.01108
24.27 0.0110525
24.28 0.0110377
24.29 0.0110354
24.3 0.0110437
24.31 0.0110597
24.32 0.0110798
24.33 0.0111003
24.34 0.0111179
24.35 0.0111305
24.36 0.0111366
24.37 0.011136
24.38 0.0111295
24.39 0.0111182
24.4 0.0111043
24.41 0.0110897
24.42 0.0110766
24.43 0.0110667
24.44 0.0110612
24.45 0.0110608
24.46 0.0110655
24.47 0.011075
24.48 0.0110887
24.49 0.0111055
24.5 0.0111241
24.51 0.0111433
24.52 0.0111617
24.53 0.0111779
24.54 0.011191
24.55 0.0111999
24.56 0.0112042
24.57 0.0112034
24.58 0.0111977
24.59 0.0111874
24.6 0.0111732
24.61 0.0111562
24.62 0.0111377
24.63 0.0111192
24.64 0.0111021
24.65 0.0110876
24.66 0.0110772
24.67 0.0110721
24.68 0.0110728
24.69 0.01108
24.7 0.0110935
24.71 0.0111129
24.72 0.0111374
24.73 0.0111655
24.74 0.0111956
24.75 0.0112259
24.76 0.011255
24.77 0.0112815
24.78 0.0113041
24.79 0.011322
24.8 0.0113345
24.81 0.0113415
24.82 0.0113431
24.83 0.0113398
24.84 0.0113323
24.85 0.0113217
24.86 0.0113091
24.87 0.0112957
24.88 0.0112827
24.89 0.011271
24.9 0.0112611
24.91 0.0112531
24.92 0.0112467
24.93 0.0112416
24.94 0.0112368
24.95 0.0112316
24.96 0.0112254
24.97 0.0112174
24.98 0.0112071
24.99 0.0111945
25 0.0111797
