0.01 3.1398e-09
0.02 1.50213e-08
0.03 3.66831e-08
0.04 6.52187e-08
0.05 9.76446e-08
0.06 1.30993e-07
0.07 1.62398e-07
0.08 1.89159e-07
0.09 2.0878e-07
0.1 2.19031e-07
0.11 2.1801e-07
0.12 2.04189e-07
0.13 1.76402e-07
0.14 1.33811e-07
0.15 7.59064e-08
0.16 2.57075e-09
0.17 -8.58816e-08
0.18 -1.88707e-07
0.19 -3.04748e-07
0.2 -4.32456e-07
0.21 -5.69931e-07
0.22 -7.14963e-07
0.23 -8.65105e-07
0.24 -1.01775e-06
0.25 -1.17022e-06
0.26 -1.31991e-06
0.27 -1.4644e-06
0.28 -1.60133e-06
0.29 -1.72823e-06
0.3 -1.84252e-06
0.31 -1.94146e-06
0.32 -2.02219e-06
0.33 -2.08163e-06
0.34 -2.11643e-06
0.35 -2.12333e-06
0.36 -2.09944e-06
0.37 -2.04246e-06
0.38 -1.95123e-06
0.39 -1.82657e-06
0.4 -1.6718e-06
0.41 -1.49291e-06
0.42 -1.29799e-06
0.43 -1.09634e-06
0.44 -8.98399e-07
0.45 -7.15251e-07
0.46 -5.57945e-07
0.47 -4.3679e-07
0.48 -3.60548e-07
0.49 -3.36029e-07
0.5 -3.67839e-07
0.51 -4.58516e-07
0.52 -6.08829e-07
0.53 -8.17301e-07
0.54 -1.08054e-06
0.55 -1.39379e-06
0.56 -1.75056e-06
0.57 -2.14301e-06
0.58 -2.56258e-06
0.59 -3.00017e-06
0.6 -3.44628e-06
0.61 -3.89124e-06
0.62 -4.32542e-06
0.63 -4.73951e-06
0.64 -5.12485e-06
0.65 -5.47363e-06
0.66 -5.77929e-06
0.67 -6.03668e-06
0.68 -6.2422e-06
0.69 -6.39387e-06
0.7 -6.49115e-06
0.71 -6.53457e-06
0.72 -6.52528e-06
0.73 -6.46432e-06
0.74 -6.35195e-06
0.75 -6.18706e-06
0.76 -5.96691e-06
0.77 -5.68751e-06
0.78 -5.34487e-06
0.79 -4.93733e-06
0.8 -4.46714e-06
0.81 -3.94069e-06
0.82 -3.36806e-06
0.83 -2.76195e-06
0.84 -2.13753e-06
0.85 -1.51352e-06
0.86 -9.10974e-07
0.87 -3.49004e-07
0.88 1.59447e-07
0.89 6.08457e-07
0.9 9.97079e-07
0.91 1.32745e-06
0.92 1.60355e-06
0.93 1.82909e-06
0.94 2.00471e-06
0.95 2.12685e-06
0.96 2.18714e-06
0.97 2.17348e-06
0.98 2.07512e-06
0.99 1.88804e-06
1 1.61679e-06
1.01 1.27357e-06
1.02 8.7798e-07
1.03 4.55422e-07
1.04 3.39718e-08
1.05 -3.58512e-07
1.06 -6.98303e-07
1.07 -9.67938e-07
1.08 -1.15514e-06
1.09 -1.25033e-06
1.1 -1.24597e-06
1.11 -1.13811e-06
1.12 -9.2523e-07
1.13 -6.06529e-07
1.14 -1.82467e-07
1.15 3.43931e-07
1.16 9.65352e-07
1.17 1.66794e-06
1.18 2.42942e-06
1.19 3.22151e-06
1.2 4.014e-06
1.21 4.77399e-06
1.22 5.46539e-06
1.23 6.0526e-06
1.24 6.50685e-06
1.25 6.81441e-06
1.26 6.98146e-06
1.27 7.02874e-06
1.28 6.98161e-06
1.29 6.86656e-06
1.3 6.70988e-06
1.31 6.5321e-06
1.32 6.34514e-06
1.33 6.15477e-06
1.34 5.96578e-06
1.35 5.78534e-06
1.36 5.62307e-06
1.37 5.4907e-06
1.38 5.40117e-06
1.39 5.36709e-06
1.4 5.39837e-06
1.41 5.49902e-06
1.42 5.66331e-06
1.43 5.87186e-06
1.44 6.0885e-06
1.45 6.25925e-06
1.46 6.3153e-06
1.47 6.18126e-06
1.48 5.78365e-06
1.49 5.05392e-06
1.5 3.93317e-06
1.51 2.37804e-06
1.52 3.63718e-07
1.53 -2.10885e-06
1.54 -5.00529e-06
1.55 -8.25162e-06
1.56 -1.17341e-05
1.57 -1.53119e-05
1.58 -1.88289e-05
1.59 -2.21242e-05
1.6 -2.50488e-05
1.61 -2.74746e-05
1.62 -2.92953e-05
1.63 -3.04287e-05
1.64 -3.08187e-05
1.65 -3.04352e-05
1.66 -2.92773e-05
1.67 -2.73742e-05
1.68 -2.4782e-05
1.69 -2.15767e-05
1.7 -1.78476e-05
1.71 -1.36959e-05
1.72 -9.23036e-06
1.73 -4.56336e-06
1.74 1.9619e-07
1.75 4.9488e-06
1.76 9.60227e-06
1.77 1.40669e-05
1.78 1.82619e-05
1.79 2.21224e-05
1.8 2.55986e-05
1.81 2.8652e-05
1.82 3.12561e-05
1.83 3.33948e-05
1.84 3.50528e-05
1.85 3.62105e-05
1.86 3.68486e-05
1.87 3.69585e-05
1.88 3.6548e-05
1.89 3.56418e-05
1.9 3.42802e-05
1.91 3.25187e-05
1.92 3.04259e-05
1.93 2.80793e-05
1.94 2.55511e-05
1.95 2.28897e-05
1.96 2.01182e-05
1.97 1.72395e-05
1.98 1.42402e-05
1.99 1.1103e-05
2 7.82672e-06
2.01 4.44462e-06
2.02 1.02489e-06
2.03 -2.33439e-06
2.04 -5.51079e-06
2.05 -8.37059e-06
2.06 -1.07822e-05
2.07 -1.26291e-05
2.08 -1.38282e-05
2.09 -1.43424e-05
2.1 -1.4183e-05
2.11 -1.34061e-05
2.12 -1.21128e-05
2.13 -1.04507e-05
2.14 -8.59935e-06
2.15 -6.75251e-06
2.16 -5.111e-06
2.17 -3.87101e-06
2.18 -3.21779e-06
2.19 -3.32856e-06
2.2 -4.37514e-06
2.21 -6.51424e-06
2.22 -9.87313e-06
2.23 -1.45407e-05
2.24 -2.05607e-05
2.25 -2.79362e-05
2.26 -3.66255e-05
2.27 -4.65177e-05
2.28 -5.74306e-05
2.29 -6.91278e-05
2.3 -8.13295e-05
2.31 -9.37191e-05
2.32 -0.000105945
2.33 -0.000117616
2.34 -0.000128309
2.35 -0.000137583
2.36 -0.000144996
2.37 -0.000150131
2.38 -0.000152613
2.39 -0.000152112
2.4 -0.000148376
2.41 -0.000141267
2.42 -0.00013079
2.43 -0.000117066
2.44 -0.000100314
2.45 -8.08364e-05
2.46 -5.90128e-05
2.47 -3.52993e-05
2.48 -1.02206e-05
2.49 1.566e-05
2.5 4.17719e-05
2.51 6.75637e-05
2.52 9.25179e-05
2.53 0.000116149
2.54 0.000138012
2.55 0.000157716
2.56 0.000174926
2.57 0.000189349
2.58 0.000200711
2.59 0.000208767
2.6 0.000213305
2.61 0.000214171
2.62 0.00021129
2.63 0.000204686
2.64 0.000194492
2.65 0.000180946
2.66 0.00016438
2.67 0.000145213
2.68 0.000123922
2.69 0.000101023
2.7 7.70445e-05
2.71 5.25333e-05
2.72 2.80371e-05
2.73 4.09489e-06
2.74 -1.87585e-05
2.75 -4.00006e-05
2.76 -5.9148e-05
2.77 -7.57727e-05
2.78 -8.94871e-05
2.79 -9.99405e-05
2.8 -0.000106832
2.81 -0.000109923
2.82 -0.000109071
2.83 -0.000104265
2.84 -9.56261e-05
2.85 -8.34051e-05
2.86 -6.79699e-05
2.87 -4.98007e-05
2.88 -2.94922e-05
2.89 -7.72962e-06
2.9 1.47536e-05
2.91 3.72021e-05
2.92 5.88564e-05
2.93 7.8978e-05
2.94 9.68811e-05
2.95 0.000111953
2.96 0.000123674
2.97 0.000131663
2.98 0.00013569
2.99 0.000135669
3 0.000131649
3.01 0.000123798
3.02 0.000112374
3.03 9.77045e-05
3.04 8.01664e-05
3.05 6.01712e-05
3.06 3.81455e-05
3.07 1.45167e-05
3.08 -1.0294e-05
3.09 -3.58656e-05
3.1 -6.17556e-05
3.11 -8.7484e-05
3.12 -0.000112527
3.13 -0.000136317
3.14 -0.000158267
3.15 -0.000177818
3.16 -0.000194458
3.17 -0.000207731
3.18 -0.000217254
3.19 -0.000222736
3.2 -0.000224013
3.21 -0.00022103
3.22 -0.00021381
3.23 -0.000202438
3.24 -0.000187061
3.25 -0.000167887
3.26 -0.000145195
3.27 -0.000119309
3.28 -9.05716e-05
3.29 -5.93746e-05
3.3 -2.61753e-05
3.31 8.53201e-06
3.32 4.42297e-05
3.33 8.03422e-05
3.34 0.000116206
3.35 0.000151062
3.36 0.00018406
3.37 0.000214289
3.38 0.000240817
3.39 0.000262715
3.4 0.00027909
3.41 0.000289126
3.42 0.000292132
3.43 0.000287595
3.44 0.000275206
3.45 0.000254873
3.46 0.000226731
3.47 0.000191174
3.48 0.00014889
3.49 0.000100859
3.5 4.8318e-05
3.51 -7.28907e-06
3.52 -6.43555e-05
3.53 -0.000121171
3.54 -0.000175997
3.55 -0.00022716
3.56 -0.000273149
3.57 -0.000312659
3.58 -0.000344576
3.59 -0.000367988
3.6 -0.000382247
3.61 -0.000386998
3.62 -0.000382174
3.63 -0.000367994
3.64 -0.000344957
3.65 -0.000313823
3.66 -0.000275591
3.67 -0.000231487
3.68 -0.000182929
3.69 -0.000131467
3.7 -7.86937e-05
3.71 -2.61899e-05
3.72 2.44951e-05
3.73 7.19036e-05
3.74 0.000114732
3.75 0.000151847
3.76 0.000182297
3.77 0.000205346
3.78 0.00022049
3.79 0.000227453
3.8 0.000226204
3.81 0.000216975
3.82 0.000200241
3.83 0.000176676
3.84 0.000147138
3.85 0.000112635
3.86 7.42469e-05
3.87 3.30583e-05
3.88 -9.89579e-06
3.89 -5.36672e-05
3.9 -9.74154e-05
3.91 -0.000140427
3.92 -0.00018213
3.93 -0.000222074
3.94 -0.000259891
3.95 -0.000295281
3.96 -0.000327996
3.97 -0.000357803
3.98 -0.000384436
3.99 -0.000407562
4 -0.000426794
4.01 -0.000441703
4.02 -0.000451842
4.03 -0.000456768
4.04 -0.000456056
4.05 -0.000449307
4.06 -0.000436165
4.07 -0.000416311
4.08 -0.000389449
4.09 -0.00035534
4.1 -0.000313831
4.11 -0.000264926
4.12 -0.000208875
4.13 -0.000146251
4.14 -7.79689e-05
4.15 -5.3094e-06
4.16 7.00549e-05
4.17 0.000146092
4.18 0.000220519
4.19 0.000290912
4.2 0.000354791
4.21 0.000409741
4.22 0.000453547
4.23 0.000484343
4.24 0.000500724
4.25 0.000501753
4.26 0.000486939
4.27 0.000456269
4.28 0.000410235
4.29 0.000349827
4.3 0.00027652
4.31 0.000192221
4.32 9.91875e-05
4.33 -4.37297e-08
4.34 -0.000102699
4.35 -0.000205817
4.36 -0.00030633
4.37 -0.000401154
4.38 -0.000487297
4.39 -0.000561969
4.4 -0.000622651
4.41 -0.000667159
4.42 -0.000693702
4.43 -0.000700957
4.44 -0.000688116
4.45 -0.000654939
4.46 -0.000601819
4.47 -0.000529823
4.48 -0.000440646
4.49 -0.000336515
4.5 -0.000220047
4.51 -9.41522e-05
4.52 3.79938e-05
4.53 0.000172997
4.54 0.000307341
4.55 0.000437484
4.56 0.000559966
4.57 0.000671495
4.58 0.000769022
4.59 0.000849838
4.6 0.000911638
4.61 0.000952614
4.62 0.000971539
4.63 0.000967798
4.64 0.000941384
4.65 0.000892915
4.66 0.000823622
4.67 0.000735354
4.68 0.000630552
4.69 0.000512143
4.7 0.000383409
4.71 0.000247841
4.72 0.000109015
4.73 -2.94735e-05
4.74 -0.000164122
4.75 -0.000291664
4.76 -0.000409146
4.77 -0.000513956
4.78 -0.000603865
4.79 -0.000677048
4.8 -0.000732127
4.81 -0.000768247
4.82 -0.000785081
4.83 -0.000782768
4.84 -0.000761912
4.85 -0.000723609
4.86 -0.000669399
4.87 -0.000601145
4.88 -0.000520965
4.89 -0.000431214
4.9 -0.00033443
4.91 -0.000233229
4.92 -0.000130238
4.93 -2.80366e-05
4.94 7.0871e-05
4.95 0.000164112
4.96 0.000249516
4.97 0.000325183
4.98 0.000389537
4.99 0.00044136
5 0.000479803
5.01 0.000504362
5.02 0.000514821
5.03 0.000511202
5.04 0.000493752
5.05 0.000462933
5.06 0.000419397
5.07 0.000363943
5.08 0.000297548
5.09 0.000221389
5.1 0.000136801
5.11 4.5263e-05
5.12 -5.15791e-05
5.13 -0.00015191
5.14 -0.000253778
5.15 -0.000355094
5.16 -0.00045363
5.17 -0.000547035
5.18 -0.000632927
5.19 -0.000709003
5.2 -0.000773093
5.21 -0.000823221
5.22 -0.000857695
5.23 -0.000875219
5.24 -0.000874958
5.25 -0.000856535
5.26 -0.000819976
5.27 -0.000765679
5.28 -0.000694423
5.29 -0.000607386
5.3 -0.000506143
5.31 -0.000392626
5.32 -0.000269108
5.33 -0.000138228
5.34 -2.97307e-06
5.35 0.00013341
5.36 0.000267476
5.37 0.00039561
5.38 0.000514149
5.39 0.000619579
5.4 0.000708706
5.41 0.000778764
5.42 0.000827516
5.43 0.000853365
5.44 0.00085544
5.45 0.000833623
5.46 0.000788538
5.47 0.000721478
5.48 0.000634313
5.49 0.000529417
5.5 0.000409643
5.51 0.000278257
5.52 0.00013882
5.53 -4.96303e-06
5.54 -0.000149323
5.55 -0.000290493
5.56 -0.00042481
5.57 -0.000548869
5.58 -0.00065966
5.59 -0.000754612
5.6 -0.000831603
5.61 -0.000888959
5.62 -0.000925478
5.63 -0.00094046
5.64 -0.000933704
5.65 -0.000905531
5.66 -0.000856784
5.67 -0.000788767
5.68 -0.000703182
5.69 -0.000602061
5.7 -0.000487704
5.71 -0.00036262
5.72 -0.000229446
5.73 -9.09261e-05
5.74 5.01236e-05
5.75 0.000190895
5.76 0.000328625
5.77 0.000460603
5.78 0.000584199
5.79 0.000696884
5.8 0.000796254
5.81 0.000880074
5.82 0.000946303
5.83 0.000993115
5.84 0.00101897
5.85 0.00102271
5.86 0.00100361
5.87 0.000961424
5.88 0.000896435
5.89 0.000809461
5.9 0.000701867
5.91 0.000575587
5.92 0.000433107
5.93 0.00027739
5.94 0.000111816
5.95 -5.98804e-05
5.96 -0.000233636
5.97 -0.000405105
5.98 -0.000569777
5.99 -0.000723147
6 -0.000860837
6.01 -0.000978764
6.02 -0.00107331
6.03 -0.00114147
6.04 -0.00118086
6.05 -0.00118986
6.06 -0.00116766
6.07 -0.00111432
6.08 -0.00103088
6.09 -0.00091923
6.1 -0.000782081
6.11 -0.000622824
6.12 -0.000445471
6.13 -0.000254545
6.14 -5.48971e-05
6.15 0.000148487
6.16 0.000350652
6.17 0.000546864
6.18 0.000732803
6.19 0.000904664
6.2 0.00105916
6.21 0.00119355
6.22 0.00130567
6.23 0.00139402
6.24 0.00145771
6.25 0.00149641
6.26 0.0015104
6.27 0.00150053
6.28 0.00146824
6.29 0.00141548
6.3 0.00134476
6.31 0.00125897
6.32 0.00116144
6.33 0.00105576
6.34 0.000945705
6.35 0.000835133
6.36 0.0007278
6.37 0.000627147
6.38 0.000536093
6.39 0.000456979
6.4 0.000391593
6.41 0.000341181
6.42 0.000306537
6.43 0.000288093
6.44 0.000285965
6.45 0.000300055
6.46 0.00033014
6.47 0.00037581
6.48 0.00043634
6.49 0.000510601
6.5 0.000596958
6.51 0.000693153
6.52 0.000796303
6.53 0.000903007
6.54 0.00100942
6.55 0.00111131
6.56 0.00120417
6.57 0.0012835
6.58 0.00134499
6.59 0.00138479
6.6 0.0013998
6.61 0.00138782
6.62 0.00134769
6.63 0.00127931
6.64 0.00118358
6.65 0.00106227
6.66 0.000917816
6.67 0.000753136
6.68 0.000571581
6.69 0.000376837
6.7 0.000172832
6.71 -3.63388e-05
6.72 -0.000246485
6.73 -0.000453435
6.74 -0.000653114
6.75 -0.000841567
6.76 -0.00101501
6.77 -0.00116995
6.78 -0.00130322
6.79 -0.00141207
6.8 -0.00149427
6.81 -0.00154818
6.82 -0.00157289
6.83 -0.00156829
6.84 -0.00153507
6.85 -0.00147472
6.86 -0.00138952
6.87 -0.00128244
6.88 -0.00115708
6.89 -0.00101743
6.9 -0.000867713
6.91 -0.000712147
6.92 -0.000554797
6.93 -0.00039942
6.94 -0.000249348
6.95 -0.000107436
6.96 2.39062e-05
6.97 0.000142631
6.98 0.000246919
6.99 0.000335086
7 0.000405565
7.01 0.000456889
7.02 0.000487751
7.03 0.00049719
7.04 0.000484766
7.05 0.000450698
7.06 0.000395999
7.07 0.000322538
7.08 0.000232992
7.09 0.000130737
7.1 1.96834e-05
7.11 -9.5918e-05
7.12 -0.000211712
7.13 -0.000323569
7.14 -0.000427877
7.15 -0.000521695
7.16 -0.0006028
7.17 -0.000669668
7.18 -0.000721416
7.19 -0.000757701
7.2 -0.000778623
7.21 -0.000784603
7.22 -0.000776237
7.23 -0.000754174
7.24 -0.000719068
7.25 -0.000671576
7.26 -0.000612388
7.27 -0.000542339
7.28 -0.00046254
7.29 -0.000374471
7.3 -0.000280019
7.31 -0.000181489
7.32 -8.15761e-05
7.33 1.6761e-05
7.34 0.000110515
7.35 0.00019683
7.36 0.000273191
7.37 0.000337615
7.38 0.000388774
7.39 0.000426038
7.4 0.000449446
7.41 0.000459611
7.42 0.000457588
7.43 0.000444677
7.44 0.000422211
7.45 0.000391444
7.46 0.000353482
7.47 0.000309226
7.48 0.000259353
7.49 0.000204298
7.5 0.000144255
7.51 7.92253e-05
7.52 9.1167e-06
7.53 -6.61291e-05
7.54 -0.000146417
7.55 -0.000231441
7.56 -0.000320717
7.57 -0.000413665
7.58 -0.000509628
7.59 -0.000607881
7.6 -0.000707675
7.61 -0.000808193
7.62 -0.000908404
7.63 -0.00100691
7.64 -0.00110194
7.65 -0.00119137
7.66 -0.00127279
7.67 -0.00134344
7.68 -0.00140027
7.69 -0.00144005
7.7 -0.0014595
7.71 -0.00145549
7.72 -0.00142551
7.73 -0.00136792
7.74 -0.00128221
7.75 -0.00116903
7.76 -0.00103017
7.77 -0.00086841
7.78 -0.000687334
7.79 -0.000491234
7.8 -0.000285001
7.81 -7.3958e-05
7.82 0.000136329
7.83 0.000340189
7.84 0.000531979
7.85 0.00070628
7.86 0.000858098
7.87 0.000982994
7.88 0.00107725
7.89 0.00113805
7.9 0.00116361
7.91 0.00115322
7.92 0.00110728
7.93 0.00102733
7.94 0.000915978
7.95 0.000776797
7.96 0.000614197
7.97 0.00043327
7.98 0.000239653
7.99 3.93356e-05
8 -0.000161602
8.01 -0.000357239
8.02 -0.000541983
8.03 -0.000710737
8.04 -0.000859079
8.05 -0.000983421
8.06 -0.00108111
8.07 -0.00115044
8.08 -0.0011906
8.09 -0.00120153
8.1 -0.00118389
8.11 -0.00113878
8.12 -0.00106765
8.13 -0.000972166
8.14 -0.000854238
8.15 -0.000715996
8.16 -0.000559753
8.17 -0.000388017
8.18 -0.000203517
8.19 -9.2285e-06
8.2 0.000191645
8.21 0.000395689
8.22 0.000599278
8.23 0.000798676
8.24 0.000990174
8.25 0.00117015
8.26 0.00133509
8.27 0.00148169
8.28 0.00160689
8.29 0.00170794
8.3 0.00178238
8.31 0.00182802
8.32 0.00184285
8.33 0.00182509
8.34 0.0017733
8.35 0.00168651
8.36 0.00156438
8.37 0.00140745
8.38 0.00121731
8.39 0.000996723
8.4 0.000749714
8.41 0.000481468
8.42 0.000198111
8.43 -9.35233e-05
8.44 -0.000386102
8.45 -0.000671978
8.46 -0.000943379
8.47 -0.00119263
8.48 -0.00141239
8.49 -0.00159595
8.5 -0.00173748
8.51 -0.00183223
8.52 -0.0018768
8.53 -0.00186931
8.54 -0.00180959
8.55 -0.00169919
8.56 -0.00154127
8.57 -0.00134036
8.58 -0.00110216
8.59 -0.000833346
8.6 -0.000541269
8.61 -0.000233725
8.62 8.13609e-05
8.63 0.000396228
8.64 0.000703521
8.65 0.000996483
8.66 0.00126912
8.67 0.00151627
8.68 0.00173364
8.69 0.00191781
8.7 0.0020662
8.71 0.00217712
8.72 0.00224976
8.73 0.00228402
8.74 0.00228056
8.75 0.00224069
8.76 0.00216633
8.77 0.00205984
8.78 0.00192397
8.79 0.00176184
8.8 0.00157687
8.81 0.00137266
8.82 0.00115304
8.83 0.000922002
8.84 0.000683846
8.85 0.000443112
8.86 0.000204496
8.87 -2.72843e-05
8.88 -0.000247615
8.89 -0.000452019
8.9 -0.0006362
8.91 -0.000796161
8.92 -0.000928347
8.93 -0.00102978
8.94 -0.00109822
8.95 -0.00113232
8.96 -0.00113163
8.97 -0.00109667
8.98 -0.00102884
8.99 -0.000930469
9 -0.000804799
9.01 -0.000655964
9.02 -0.000488867
9.03 -0.000309069
9.04 -0.000122593
9.05 6.43786e-05
9.06 0.00024579
9.07 0.000415949
9.08 0.00056969
9.09 0.000702486
9.1 0.000810508
9.11 0.000890633
9.12 0.000940474
9.13 0.00095845
9.14 0.000943798
9.15 0.000896593
9.16 0.000817828
9.17 0.000709497
9.18 0.000574646
9.19 0.000417336
9.2 0.000242563
9.21 5.61914e-05
9.22 -0.000135186
9.23 -0.000324478
9.24 -0.000504433
9.25 -0.000668051
9.26 -0.000809001
9.27 -0.000921915
9.28 -0.00100262
9.29 -0.00104833
9.3 -0.00105761
9.31 -0.00103021
9.32 -0.000966875
9.33 -0.000869342
9.34 -0.000740227
9.35 -0.000582922
9.36 -0.000401501
9.37 -0.000200607
9.38 1.46771e-05
9.39 0.000238961
9.4 0.000466599
9.41 0.000691746
9.42 0.00090844
9.43 0.00111068
9.44 0.00129247
9.45 0.00144799
9.46 0.00157176
9.47 0.00165901
9.48 0.00170585
9.49 0.00170958
9.5 0.00166886
9.51 0.00158382
9.52 0.00145605
9.53 0.00128854
9.54 0.00108546
9.55 0.000851893
9.56 0.000593577
9.57 0.000316681
9.58 2.75195e-05
9.59 -0.000267649
9.6 -0.000562729
9.61 -0.000851821
9.62 -0.00112926
9.63 -0.00138961
9.64 -0.00162768
9.65 -0.00183854
9.66 -0.00201767
9.67 -0.00216105
9.68 -0.00226525
9.69 -0.00232758
9.7 -0.00234621
9.71 -0.00232038
9.72 -0.00225044
9.73 -0.00213794
9.74 -0.00198563
9.75 -0.00179743
9.76 -0.00157837
9.77 -0.00133438
9.78 -0.00107215
9.79 -0.000798879
9.8 -0.000522156
9.81 -0.000249739
9.82 1.06678e-05
9.83 0.000251631
9.84 0.000466171
9.85 0.000647954
9.86 0.000791524
9.87 0.000892526
9.88 0.000947863
9.89 0.000955746
9.9 0.000915731
9.91 0.000828817
9.92 0.000697452
9.93 0.00052542
9.94 0.000317726
9.95 8.04467e-05
9.96 -0.000179516
9.97 -0.000454778
9.98 -0.000737804
9.99 -0.00102117
10 -0.00129778
10.01 -0.00156099
10.02 -0.00180483
10.03 -0.00202415
10.04 -0.00221462
10.05 -0.00237264
10.06 -0.00249534
10.07 -0.00258053
10.08 -0.00262679
10.09 -0.00263348
10.1 -0.00260077
10.11 -0.00252965
10.12 -0.00242199
10.13 -0.00228064
10.14 -0.00210938
10.15 -0.0019128
10.16 -0.00169614
10.17 -0.00146515
10.18 -0.00122577
10.19 -0.000983945
10.2 -0.000745421
10.21 -0.000515594
10.22 -0.000299473
10.23 -0.000101592
10.24 7.40942e-05
10.25 0.000224253
10.26 0.000346164
10.27 0.000437748
10.28 0.00049762
10.29 0.000525139
10.3 0.000520428
10.31 0.000484383
10.32 0.000418726
10.33 0.000325973
10.34 0.000209304
10.35 7.24131e-05
10.36 -8.05756e-05
10.37 -0.0002452
10.38 -0.000416787
10.39 -0.00059055
10.4 -0.000761685
10.41 -0.00092544
10.42 -0.00107716
10.43 -0.00121237
10.44 -0.00132683
10.45 -0.00141668
10.46 -0.00147852
10.47 -0.00150962
10.48 -0.00150812
10.49 -0.00147312
10.5 -0.00140481
10.51 -0.00130455
10.52 -0.00117475
10.53 -0.00101879
10.54 -0.000840879
10.55 -0.000645816
10.56 -0.000438815
10.57 -0.00022535
10.58 -1.10194e-05
10.59 0.000198632
10.6 0.000398272
10.61 0.000582869
10.62 0.000747775
10.63 0.000888823
10.64 0.00100239
10.65 0.00108546
10.66 0.00113571
10.67 0.00115159
10.68 0.00113237
10.69 0.00107831
10.7 0.000990624
10.71 0.000871573
10.72 0.000724271
10.73 0.000552601
10.74 0.000361107
10.75 0.000154822
10.76 -6.08871e-05
10.77 -0.000280424
10.78 -0.000498078
10.79 -0.000708173
10.8 -0.000905237
10.81 -0.00108417
10.82 -0.00124032
10.83 -0.00136961
10.84 -0.00146864
10.85 -0.00153479
10.86 -0.00156635
10.87 -0.00156259
10.88 -0.00152375
10.89 -0.00145098
10.9 -0.00134632
10.91 -0.00121256
10.92 -0.00105312
10.93 -0.000871849
10.94 -0.000672835
10.95 -0.000460308
10.96 -0.000238533
10.97 -1.17446e-05
10.98 0.000215897
10.99 0.000440315
11 0.000657506
11.01 0.000863596
11.02 0.00105492
11.03 0.00122806
11.04 0.00137987
11.05 0.00150762
11.06 0.00160907
11.07 0.00168258
11.08 0.00172713
11.09 0.00174231
11.1 0.00172841
11.11 0.00168642
11.12 0.0016181
11.13 0.00152587
11.14 0.00141277
11.15 0.00128225
11.16 0.0011382
11.17 0.000984901
11.18 0.000827007
11.19 0.000669414
11.2 0.000517149
11.21 0.000375214
11.22 0.000248447
11.23 0.000141332
11.24 5.76969e-05
11.25 4.17421e-07
11.26 -2.87627e-05
11.27 -2.92758e-05
11.28 -1.65049e-06
11.29 5.26394e-05
11.3 0.000131348
11.31 0.000231594
11.32 0.000350009
11.33 0.000482911
11.34 0.000626503
11.35 0.000777102
11.36 0.000931286
11.37 0.00108589
11.38 0.00123793
11.39 0.00138455
11.4 0.00152302
11.41 0.00165079
11.42 0.00176537
11.43 0.00186436
11.44 0.00194553
11.45 0.0020069
11.46 0.00204691
11.47 0.00206457
11.48 0.00205957
11.49 0.0020324
11.5 0.00198447
11.51 0.00191803
11.52 0.00183606
11.53 0.00174209
11.54 0.00164
11.55 0.00153384
11.56 0.00142757
11.57 0.00132481
11.58 0.00122878
11.59 0.00114222
11.6 0.0010675
11.61 0.00100666
11.62 0.000961389
11.63 0.000932974
11.64 0.000922298
11.65 0.000929798
11.66 0.000955426
11.67 0.000998693
11.68 0.00105867
11.69 0.00113392
11.7 0.0012225
11.71 0.00132196
11.72 0.00142933
11.73 0.00154123
11.74 0.00165388
11.75 0.00176324
11.76 0.001865
11.77 0.00195464
11.78 0.00202749
11.79 0.0020789
11.8 0.00210463
11.81 0.00210113
11.82 0.00206587
11.83 0.00199741
11.84 0.00189549
11.85 0.00176097
11.86 0.00159578
11.87 0.00140264
11.88 0.00118499
11.89 0.000946901
11.9 0.000692942
11.91 0.000428108
11.92 0.000157678
11.93 -0.000112923
11.94 -0.000378274
11.95 -0.000633092
11.96 -0.000872383
11.97 -0.00109156
11.98 -0.00128646
11.99 -0.00145336
12 -0.00158908
12.01 -0.00169104
12.02 -0.00175734
12.03 -0.00178668
12.04 -0.00177839
12.05 -0.00173248
12.06 -0.00164974
12.07 -0.00153177
12.08 -0.00138106
12.09 -0.00120109
12.1 -0.000996255
12.11 -0.000771743
12.12 -0.000533401
12.13 -0.000287652
12.14 -4.13676e-05
12.15 0.000198341
12.16 0.000424369
12.17 0.000629884
12.18 0.000808611
12.19 0.000955013
12.2 0.00106438
12.21 0.00113303
12.22 0.00115843
12.23 0.0011393
12.24 0.00107548
12.25 0.000967954
12.26 0.000818941
12.27 0.000631805
12.28 0.000410927
12.29 0.000161593
12.3 -0.000110149
12.31 -0.000397655
12.32 -0.000693775
12.33 -0.000990976
12.34 -0.00128156
12.35 -0.00155792
12.36 -0.00181272
12.37 -0.00203903
12.38 -0.00223046
12.39 -0.0023814
12.4 -0.00248717
12.41 -0.00254415
12.42 -0.00255001
12.43 -0.00250385
12.44 -0.00240613
12.45 -0.00225854
12.46 -0.00206406
12.47 -0.00182671
12.48 -0.00155125
12.49 -0.00124291
12.5 -0.000907164
12.51 -0.000549603
12.52 -0.000175834
12.53 0.000208552
12.54 0.000597923
12.55 0.000986527
12.56 0.00136851
12.57 0.00173798
12.58 0.00208919
12.59 0.00241674
12.6 0.00271585
12.61 0.00298244
12.62 0.00321314
12.63 0.00340523
12.64 0.00355664
12.65 0.00366607
12.66 0.00373306
12.67 0.00375833
12.68 0.00374369
12.69 0.00369083
12.7 0.00360157
12.71 0.00347819
12.72 0.00332348
12.73 0.00314077
12.74 0.0029339
12.75 0.00270721
12.76 0.00246549
12.77 0.00221392
12.78 0.0019579
12.79 0.00170292
12.8 0.00145443
12.81 0.00121757
12.82 0.000997059
12.83 0.000797005
12.84 0.000620891
12.85 0.000471569
12.86 0.000351266
12.87 0.000261578
12.88 0.000203533
12.89 0.000177653
12.9 0.000183926
12.91 0.000221723
12.92 0.000289716
12.93 0.000385839
12.94 0.0005073
12.95 0.000650629
12.96 0.000811741
12.97 0.000986072
12.98 0.00116874
12.99 0.00135469
13 0.00153883
13.01 0.00171624
13.02 0.00188245
13.03 0.00203349
13.04 0.002166
13.05 0.00227716
13.06 0.00236468
13.07 0.00242674
13.08 0.00246198
13.09 0.00246944
13.1 0.0024486
13.11 0.00239934
13.12 0.00232206
13.13 0.00221777
13.14 0.00208815
13.15 0.00193562
13.16 0.0017633
13.17 0.001575
13.18 0.00137508
13.19 0.00116829
13.2 0.00095963
13.21 0.000754078
13.22 0.000556466
13.23 0.000371332
13.24 0.000202801
13.25 5.44712e-05
13.26 -7.06959e-05
13.27 -0.000170437
13.28 -0.000243254
13.29 -0.000288442
13.3 -0.000306091
13.31 -0.000297108
13.32 -0.000263241
13.33 -0.000207021
13.34 -0.000131609
13.35 -4.06511e-05
13.36 6.19114e-05
13.37 0.000172029
13.38 0.00028568
13.39 0.000398962
13.4 0.000508207
13.41 0.000610105
13.42 0.000701799
13.43 0.000780962
13.44 0.000845847
13.45 0.000895319
13.46 0.000928867
13.47 0.0009466
13.48 0.000949178
13.49 0.000937756
13.5 0.000913926
13.51 0.000879641
13.52 0.000837138
13.53 0.000788892
13.54 0.000737602
13.55 0.000686109
13.56 0.000637283
13.57 0.000593901
13.58 0.000558469
13.59 0.000533054
13.6 0.000519248
13.61 0.000518182
13.62 0.000530576
13.63 0.000556792
13.64 0.000596831
13.65 0.000650302
13.66 0.000716488
13.67 0.000794411
13.68 0.000882781
13.69 0.000979928
13.7 0.00108381
13.71 0.00119208
13.72 0.00130218
13.73 0.00141136
13.74 0.00151668
13.75 0.00161509
13.76 0.00170343
13.77 0.00177851
13.78 0.00183707
13.79 0.00187595
13.8 0.00189206
13.81 0.00188242
13.82 0.00184427
13.83 0.00177544
13.84 0.00167479
13.85 0.00154262
13.86 0.00138072
13.87 0.00119211
13.88 0.00098062
13.89 0.00075054
13.9 0.000506519
13.91 0.000253502
13.92 -3.39807e-06
13.93 -0.000259079
13.94 -0.000508583
13.95 -0.000747195
13.96 -0.000970523
13.97 -0.00117457
13.98 -0.00135583
13.99 -0.00151144
14 -0.00163926
14.01 -0.0017379
14.02 -0.00180677
14.03 -0.00184595
14.04 -0.0018562
14.05 -0.00183892
14.06 -0.00179618
14.07 -0.00173073
14.08 -0.00164598
14.09 -0.00154598
14.1 -0.00143529
14.11 -0.00131898
14.12 -0.00120246
14.13 -0.00109137
14.14 -0.000991475
14.15 -0.000908515
14.16 -0.000848009
14.17 -0.000815019
14.18 -0.000813862
14.19 -0.000847949
14.2 -0.00091974
14.21 -0.00103072
14.22 -0.00118141
14.23 -0.0013714
14.24 -0.0015994
14.25 -0.00186337
14.26 -0.00216049
14.27 -0.00248725
14.28 -0.00283937
14.29 -0.0032119
14.3 -0.00359923
14.31 -0.00399771
14.32 -0.00440806
14.33 -0.00483283
14.34 -0.00527407
14.35 -0.00573365
14.36 -0.00621346
14.37 -0.00671554
14.38 -0.00724214
14.39 -0.00779566
14.4 -0.00837854
14.41 -0.00899322
14.42 -0.00964211
14.43 -0.0103274
14.44 -0.0110511
14.45 -0.0118147
14.46 -0.012619
14.47 -0.0134645
14.48 -0.0143512
14.49 -0.015279
14.5 -0.0162475
14.51 -0.0172565
14.52 -0.0183056
14.53 -0.0193948
14.54 -0.0205241
14.55 -0.0216935
14.56 -0.0229032
14.57 -0.0241532
14.58 -0.0254439
14.59 -0.0267753
14.6 -0.0281475
14.61 -0.02956
14.62 -0.0310122
14.63 -0.0325027
14.64 -0.0340294
14.65 -0.0355895
14.66 -0.0371791
14.67 -0.0387938
14.68 -0.0404291
14.69 -0.0420804
14.7 -0.0437437
14.71 -0.0454149
14.72 -0.0470903
14.73 -0.0487653
14.74 -0.0504345
14.75 -0.0520914
14.76 -0.0537293
14.77 -0.0553413
14.78 -0.0569208
14.79 -0.0584614
14.8 -0.0599566
14.81 -0.0614001
14.82 -0.0627856
14.83 -0.0641072
14.84 -0.065359
14.85 -0.0665351
14.86 -0.0676301
14.87 -0.0686386
14.88 -0.0695552
14.89 -0.0703745
14.9 -0.071091
14.91 -0.0716994
14.92 -0.0721941
14.93 -0.0725699
14.94 -0.0728212
14.95 -0.0729429
14.96 -0.0729298
14.97 -0.0727782
14.98 -0.0724879
14.99 -0.0720627
15 -0.0715112
15.01 -0.070846
15.02 -0.0700842
15.03 -0.0692462
15.04 -0.0683545
15.05 -0.0674335
15.06 -0.0665089
15.07 -0.0656068
15.08 -0.0647479
15.09 -0.0639414
15.1 -0.0631907
15.11 -0.0624994
15.12 -0.061871
15.13 -0.0613093
15.14 -0.0608176
15.15 -0.0603995
15.16 -0.0600581
15.17 -0.059796
15.18 -0.0596153
15.19 -0.0595177
15.2 -0.0595041
15.21 -0.0595757
15.22 -0.0597322
15.23 -0.0599707
15.24 -0.0602866
15.25 -0.0606741
15.26 -0.0611263
15.27 -0.0616353
15.28 -0.0621924
15.29 -0.0627877
15.3 -0.0634107
15.31 -0.0640492
15.32 -0.0646908
15.33 -0.0653223
15.34 -0.0659308
15.35 -0.0665039
15.36 -0.0670307
15.37 -0.0675056
15.38 -0.0679311
15.39 -0.0683115
15.4 -0.0686499
15.41 -0.068949
15.42 -0.0692109
15.43 -0.0694374
15.44 -0.0696298
15.45 -0.0697888
15.46 -0.0699147
15.47 -0.0700073
15.48 -0.0700656
15.49 -0.0700879
15.5 -0.0700714
15.51 -0.0700133
15.52 -0.0699106
15.53 -0.0697614
15.54 -0.0695649
15.55 -0.0693211
15.56 -0.0690314
15.57 -0.0686982
15.58 -0.0683249
15.59 -0.067916
15.6 -0.0674764
15.61 -0.067012
15.62 -0.0665291
15.63 -0.0660342
15.64 -0.0655341
15.65 -0.0650354
15.66 -0.0645447
15.67 -0.0640682
15.68 -0.0636117
15.69 -0.0631806
15.7 -0.0627794
15.71 -0.0624122
15.72 -0.0620777
15.73 -0.0617682
15.74 -0.0614755
15.75 -0.0611938
15.76 -0.0609172
15.77 -0.06064
15.78 -0.0603564
15.79 -0.060061
15.8 -0.0597485
15.81 -0.059414
15.82 -0.0590527
15.83 -0.0586605
15.84 -0.0582335
15.85 -0.0577685
15.86 -0.0572625
15.87 -0.0567129
15.88 -0.0561169
15.89 -0.0554726
15.9 -0.0547778
15.91 -0.054031
15.92 -0.0532308
15.93 -0.0523755
15.94 -0.0514637
15.95 -0.050494
15.96 -0.0494656
15.97 -0.0483779
15.98 -0.0472306
15.99 -0.0460241
16 -0.0447592
16.01 -0.0434373
16.02 -0.0420605
16.03 -0.040632
16.04 -0.0391555
16.05 -0.0376359
16.06 -0.0360786
16.07 -0.0344893
16.08 -0.0328736
16.09 -0.0312372
16.1 -0.0295854
16.11 -0.0279234
16.12 -0.0262564
16.13 -0.0245896
16.14 -0.0229282
16.15 -0.0212774
16.16 -0.0196424
16.17 -0.0180285
16.18 -0.0164411
16.19 -0.0148853
16.2 -0.0133663
16.21 -0.0118891
16.22 -0.0104581
16.23 -0.00907728
16.24 -0.00775004
16.25 -0.0064788
16.26 -0.00526512
16.27 -0.00410982
16.28 -0.00301318
16.29 -0.00197524
16.3 -0.000995788
16.31 -7.44454e-05
16.32 0.000789331
16.33 0.00159623
16.34 0.00234709
16.35 0.00304284
16.36 0.00368447
16.37 0.00427298
16.38 0.0048094
16.39 0.00529489
16.4 0.00573069
16.41 0.00611813
16.42 0.00645848
16.43 0.0067529
16.44 0.00700247
16.45 0.00720824
16.46 0.0073712
16.47 0.00749235
16.48 0.00757264
16.49 0.00761301
16.5 0.00761437
16.51 0.00757755
16.52 0.00750405
16.53 0.00739672
16.54 0.00725923
16.55 0.00709569
16.56 0.00691066
16.57 0.00670909
16.58 0.00649608
16.59 0.00627683
16.6 0.00605641
16.61 0.00583962
16.62 0.00563082
16.63 0.00543377
16.64 0.00525155
16.65 0.00508648
16.66 0.00494005
16.67 0.00481292
16.68 0.00470487
16.69 0.00461483
16.7 0.00454103
16.71 0.00448137
16.72 0.00443365
16.73 0.00439592
16.74 0.00436651
16.75 0.00434408
16.76 0.00432748
16.77 0.00431568
16.78 0.00430771
16.79 0.0043028
16.8 0.00430038
16.81 0.0043
16.82 0.00430128
16.83 0.00430386
16.84 0.00430751
16.85 0.004312
16.86 0.00431709
16.87 0.0043224
16.88 0.00432742
16.89 0.00433146
16.9 0.00433371
16.91 0.00433325
16.92 0.00432914
16.93 0.00432056
16.94 0.00430688
16.95 0.00428771
16.96 0.00426287
16.97 0.00423237
16.98 0.00419651
16.99 0.00415579
17 0.00411088
17.01 0.00406262
17.02 0.00401195
17.03 0.00395982
17.04 0.00390711
17.05 0.00385466
17.06 0.00380326
17.07 0.00375376
17.08 0.00370702
17.09 0.0036638
17.1 0.00362472
17.11 0.00359027
17.12 0.00356079
17.13 0.00353653
17.14 0.00351766
17.15 0.0035042
17.16 0.00349605
17.17 0.00349293
17.18 0.00349447
17.19 0.00350017
17.2 0.00350954
17.21 0.00352199
17.22 0.00353695
17.23 0.00355374
17.24 0.00357161
17.25 0.00358976
17.26 0.00360732
17.27 0.00362335
17.28 0.00363681
17.29 0.00364668
17.3 0.00365196
17.31 0.00365182
17.32 0.00364555
17.33 0.00363256
17.34 0.00361241
17.35 0.00358464
17.36 0.00354874
17.37 0.0035041
17.38 0.00344992
17.39 0.00338526
17.4 0.003309
17.41 0.00321982
17.42 0.00311634
17.43 0.00299731
17.44 0.00286204
17.45 0.00271058
17.46 0.00254384
17.47 0.00236362
17.48 0.00217251
17.49 0.0019737
17.5 0.00177066
17.51 0.00156691
17.52 0.00136586
17.53 0.00117074
17.54 0.000984566
17.55 0.000810144
17.56 0.000650131
17.57 0.000506992
17.58 0.000382978
17.59 0.000280127
17.6 0.000200298
17.61 0.000144378
17.62 0.000112105
17.63 0.000103633
17.64 0.000119989
17.65 0.000162206
17.66 0.000230823
17.67 0.000325953
17.68 0.000447395
17.69 0.000594478
17.7 0.000765894
17.71 0.000959585
17.72 0.00117268
17.73 0.00140151
17.74 0.0016418
17.75 0.001889
17.76 0.00213862
17.77 0.0023865
17.78 0.00262902
17.79 0.00286321
17.8 0.0030867
17.81 0.0032977
17.82 0.00349478
17.83 0.00367688
17.84 0.00384326
17.85 0.00399357
17.86 0.00412781
17.87 0.00424624
17.88 0.00434928
17.89 0.00443738
17.9 0.00451089
17.91 0.00456996
17.92 0.00461463
17.93 0.00464492
17.94 0.00466108
17.95 0.00466351
17.96 0.00465276
17.97 0.00462953
17.98 0.00459467
17.99 0.00454918
18 0.00449426
18.01 0.00443127
18.02 0.00436176
18.03 0.00428739
18.04 0.00420995
18.05 0.00413138
18.06 0.00405368
18.07 0.00397885
18.08 0.00390873
18.09 0.00384497
18.1 0.00378901
18.11 0.00374204
18.12 0.00370497
18.13 0.00367856
18.14 0.00366336
18.15 0.00365977
18.16 0.00366809
18.17 0.00368849
18.18 0.00372101
18.19 0.00376554
18.2 0.00382188
18.21 0.00388967
18.22 0.00396831
18.23 0.0040569
18.24 0.00415422
18.25 0.00425875
18.26 0.00436871
18.27 0.00448217
18.28 0.00459721
18.29 0.00471192
18.3 0.00482446
18.31 0.00493314
18.32 0.00503648
18.33 0.00513319
18.34 0.00522208
18.35 0.00530209
18.36 0.00537228
18.37 0.00543178
18.38 0.0054799
18.39 0.00551625
18.4 0.00554076
18.41 0.00555378
18.42 0.00555608
18.43 0.00554888
18.44 0.00553387
18.45 0.00551314
18.46 0.00548914
18.47 0.00546457
18.48 0.0054422
18.49 0.00542479
18.5 0.00541492
18.51 0.0054148
18.52 0.00542614
18.53 0.00545017
18.54 0.00548754
18.55 0.00553834
18.56 0.00560214
18.57 0.00567798
18.58 0.00576451
18.59 0.00586016
18.6 0.00596314
18.61 0.00607157
18.62 0.00618349
18.63 0.00629691
18.64 0.00640983
18.65 0.00652027
18.66 0.00662619
18.67 0.00672541
18.68 0.00681548
18.69 0.00689353
18.7 0.00695621
18.71 0.00699975
18.72 0.00702003
18.73 0.00701284
18.74 0.00697429
18.75 0.00690128
18.76 0.00679174
18.77 0.00664456
18.78 0.00645956
18.79 0.00623749
18.8 0.00597993
18.81 0.00568925
18.82 0.00536851
18.83 0.00502137
18.84 0.00465197
18.85 0.00426487
18.86 0.00386492
18.87 0.00345717
18.88 0.00304682
18.89 0.00263921
18.9 0.00223979
18.91 0.00185416
18.92 0.00148804
18.93 0.00114722
18.94 0.000837369
18.95 0.000563696
18.96 0.000330533
18.97 0.000141131
18.98 -2.45365e-06
18.99 -0.00010075
19 -0.000157293
19.01 -0.000176161
19.02 -0.000161056
19.03 -0.000116256
19.04 -4.68659e-05
19.05 4.16207e-05
19.06 0.000143695
19.07 0.000253925
19.08 0.000367119
19.09 0.000478434
19.1 0.000583402
19.11 0.000677835
19.12 0.000757706
19.13 0.000819147
19.14 0.000858613
19.15 0.000873111
19.16 0.000860446
19.17 0.000819506
19.18 0.000750525
19.19 0.00065521
19.2 0.000536694
19.21 0.000399374
19.22 0.000248668
19.23 9.07106e-05
19.24 -6.80257e-05
19.25 -0.000221257
19.26 -0.000364594
19.27 -0.000496599
19.28 -0.000617109
19.29 -0.000725977
19.3 -0.00082296
19.31 -0.000907531
19.32 -0.000978883
19.33 -0.00103587
19.34 -0.00107692
19.35 -0.00110003
19.36 -0.00110276
19.37 -0.0010824
19.38 -0.00103659
19.39 -0.000963924
19.4 -0.000863772
19.41 -0.000736027
19.42 -0.000581202
19.43 -0.000400463
19.44 -0.000195611
19.45 3.10112e-05
19.46 0.00027656
19.47 0.000537738
19.48 0.000810913
19.49 0.00109218
19.5 0.00137733
19.51 0.00166192
19.52 0.00194142
19.53 0.00221137
19.54 0.00246735
19.55 0.00270492
19.56 0.00291965
19.57 0.00310731
19.58 0.0032642
19.59 0.00338727
19.6 0.00347426
19.61 0.00352368
19.62 0.00353481
19.63 0.00350786
19.64 0.00344391
19.65 0.0033449
19.66 0.00321352
19.67 0.00305311
19.68 0.00286764
19.69 0.00266148
19.7 0.00243929
19.71 0.00220593
19.72 0.00196642
19.73 0.00172577
19.74 0.00148899
19.75 0.00126107
19.76 0.00104694
19.77 0.000851418
19.78 0.000678918
19.79 0.0005333
19.8 0.000417746
19.81 0.000334639
19.82 0.000285472
19.83 0.000270788
19.84 0.000290149
19.85 0.000342132
19.86 0.000424356
19.87 0.000533585
19.88 0.000665883
19.89 0.000816818
19.9 0.000981643
19.91 0.00115546
19.92 0.00133343
19.93 0.00151087
19.94 0.00168329
19.95 0.00184636
19.96 0.00199593
19.97 0.00212809
19.98 0.00223921
19.99 0.00232602
20 0.00238569
20.01 0.002416
20.02 0.00241543
20.03 0.00238337
20.04 0.00232036
20.05 0.00222818
20.06 0.00210978
20.07 0.00196915
20.08 0.00181124
20.09 0.00164181
20.1 0.00146727
20.11 0.00129439
20.12 0.00112995
20.13 0.000980333
20.14 0.000851384
20.15 0.000748361
20.16 0.000675768
20.17 0.000637179
20.18 0.000635082
20.19 0.000670809
20.2 0.000744475
20.21 0.000854966
20.22 0.00100007
20.23 0.00117674
20.24 0.00138126
20.25 0.00160929
20.26 0.00185587
20.27 0.00211552
20.28 0.00238233
20.29 0.00265011
20.3 0.00291254
20.31 0.00316329
20.32 0.00339629
20.33 0.00360584
20.34 0.00378681
20.35 0.00393486
20.36 0.00404662
20.37 0.00411983
20.38 0.00415356
20.39 0.00414822
20.4 0.00410556
20.41 0.00402858
20.42 0.00392138
20.43 0.00378899
20.44 0.0036371
20.45 0.00347182
20.46 0.0032994
20.47 0.00312615
20.48 0.00295836
20.49 0.00280215
20.5 0.00266332
20.51 0.00254716
20.52 0.0024584
20.53 0.00240107
20.54 0.00237837
20.55 0.00239263
20.56 0.00244516
20.57 0.00253622
20.58 0.00266481
20.59 0.00282858
20.6 0.00302386
20.61 0.00324583
20.62 0.00348868
20.63 0.00374601
20.64 0.0040111
20.65 0.00427707
20.66 0.00453711
20.67 0.00478467
20.68 0.0050137
20.69 0.00521879
20.7 0.0053953
20.71 0.00553948
20.72 0.00564853
20.73 0.00572057
20.74 0.00575464
20.75 0.00575072
20.76 0.00570968
20.77 0.00563335
20.78 0.00552453
20.79 0.00538698
20.8 0.00522538
20.81 0.00504534
20.82 0.00485325
20.83 0.00465609
20.84 0.00446103
20.85 0.00427507
20.86 0.00410467
20.87 0.00395558
20.88 0.00383265
20.89 0.00373965
20.9 0.00367923
20.91 0.00365302
20.92 0.0036617
20.93 0.00370507
20.94 0.00378203
20.95 0.00389065
20.96 0.00402804
20.97 0.00419044
20.98 0.00437322
20.99 0.004571
21 0.00477775
21.01 0.0049869
21.02 0.00519149
21.03 0.00538441
21.04 0.00555869
21.05 0.00570789
21.06 0.00582631
21.07 0.00590917
21.08 0.00595261
21.09 0.00595375
21.1 0.00591082
21.11 0.00582332
21.12 0.00569215
21.13 0.00551959
21.14 0.00530919
21.15 0.00506561
21.16 0.00479432
21.17 0.00450147
21.18 0.00419364
21.19 0.00387771
21.2 0.0035606
21.21 0.00324919
21.22 0.0029501
21.23 0.00266955
21.24 0.00241327
21.25 0.00218639
21.26 0.00199341
21.27 0.00183813
21.28 0.00172361
21.29 0.00165205
21.3 0.00162475
21.31 0.00164201
21.32 0.001703
21.33 0.00180571
21.34 0.001947
21.35 0.00212262
21.36 0.00232738
21.37 0.00255521
21.38 0.00279933
21.39 0.00305242
21.4 0.00330683
21.41 0.00355472
21.42 0.0037884
21.43 0.00400058
21.44 0.00418461
21.45 0.00433469
21.46 0.00444608
21.47 0.00451524
21.48 0.00453982
21.49 0.00451862
21.5 0.00445156
21.51 0.00433963
21.52 0.00418495
21.53 0.00399068
21.54 0.00376098
21.55 0.00350079
21.56 0.00321572
21.57 0.0029118
21.58 0.00259528
21.59 0.00227245
21.6 0.00194946
21.61 0.00163233
21.62 0.00132691
21.63 0.00103882
21.64 0.000773404
21.65 0.000535719
21.66 0.000330403
21.67 0.0001615
21.68 3.23087e-05
21.69 -5.47534e-05
21.7 -9.83278e-05
21.71 -9.81798e-05
21.72 -5.51402e-05
21.73 2.89926e-05
21.74 0.000151575
21.75 0.000309256
21.76 0.000498115
21.77 0.000713778
21.78 0.000951488
21.79 0.00120616
21.8 0.00147239
21.81 0.00174448
21.82 0.00201646
21.83 0.00228216
21.84 0.00253535
21.85 0.00276996
21.86 0.00298019
21.87 0.00316077
21.88 0.00330698
21.89 0.0034149
21.9 0.00348152
21.91 0.00350496
21.92 0.0034845
21.93 0.00342067
21.94 0.00331526
21.95 0.00317118
21.96 0.00299226
21.97 0.00278296
21.98 0.00254817
21.99 0.002293
22 0.00202257
22.01 0.00174191
22.02 0.00145591
22.03 0.00116935
22.04 0.000887063
22.05 0.000614011
22.06 0.000355462
22.07 0.000116959
22.08 -9.59818e-05
22.09 -0.000278241
22.1 -0.000425307
22.11 -0.000533406
22.12 -0.000599626
22.13 -0.000622058
22.14 -0.000599912
22.15 -0.000533604
22.16 -0.000424784
22.17 -0.000276279
22.18 -9.19706e-05
22.19 0.000123356
22.2 0.000364234
22.21 0.000624761
22.22 0.000898818
22.23 0.00118026
22.24 0.00146302
22.25 0.00174121
22.26 0.00200919
22.27 0.00226169
22.28 0.00249382
22.29 0.00270112
22.3 0.00287954
22.31 0.00302546
22.32 0.00313572
22.33 0.00320776
22.34 0.00323981
22.35 0.00323091
22.36 0.00318105
22.37 0.00309121
22.38 0.00296343
22.39 0.00280074
22.4 0.00260713
22.41 0.00238745
22.42 0.0021473
22.43 0.00189288
22.44 0.00163071
22.45 0.00136755
22.46 0.00111027
22.47 0.000865746
22.48 0.000640698
22.49 0.000441496
22.5 0.000274
22.51 0.000143492
22.52 5.45364e-05
22.53 1.08201e-05
22.54 1.50007e-05
22.55 6.85623e-05
22.56 0.0001718
22.57 0.000323895
22.58 0.000522923
22.59 0.000765865
22.6 0.00104868
22.61 0.00136642
22.62 0.00171336
22.63 0.00208302
22.64 0.00246831
22.65 0.00286164
22.66 0.00325512
22.67 0.00364067
22.68 0.00401014
22.69 0.00435568
22.7 0.00467015
22.71 0.00494737
22.72 0.00518228
22.73 0.00537102
22.74 0.00551094
22.75 0.00560065
22.76 0.00564002
22.77 0.00563001
22.78 0.00557266
22.79 0.005471
22.8 0.00532905
22.81 0.00515177
22.82 0.00494483
22.83 0.00471452
22.84 0.00446753
22.85 0.00421083
22.86 0.00395141
22.87 0.00369618
22.88 0.00345174
22.89 0.00322419
22.9 0.00301898
22.91 0.00284072
22.92 0.00269309
22.93 0.00257877
22.94 0.00249943
22.95 0.00245567
22.96 0.00244699
22.97 0.00247195
22.98 0.00252826
22.99 0.00261313
23 0.00272352
23.01 0.00285625
23.02 0.00300795
23.03 0.0031751
23.04 0.00335411
23.05 0.00354129
23.06 0.00373284
23.07 0.00392483
23.08 0.0041131
23.09 0.0042933
23.1 0.00446109
23.11 0.00461241
23.12 0.0047436
23.13 0.00485154
23.14 0.00493375
23.15 0.0049885
23.16 0.00501473
23.17 0.0050121
23.18 0.00498106
23.19 0.00492284
23.2 0.00483938
23.21 0.00473327
23.22 0.00460758
23.23 0.00446575
23.24 0.00431159
23.25 0.00414914
23.26 0.00398253
23.27 0.00381592
23.28 0.0036535
23.29 0.00349944
23.3 0.00335769
23.31 0.00323196
23.32 0.00312557
23.33 0.00304127
23.34 0.0029812
23.35 0.0029468
23.36 0.00293875
23.37 0.00295694
23.38 0.00300046
23.39 0.00306764
23.4 0.003156
23.41 0.00326233
23.42 0.00338281
23.43 0.00351313
23.44 0.00364861
23.45 0.00378434
23.46 0.0039154
23.47 0.00403715
23.48 0.00414547
23.49 0.00423688
23.5 0.0043086
23.51 0.00435856
23.52 0.00438531
23.53 0.00438803
23.54 0.00436656
23.55 0.00432136
23.56 0.00425355
23.57 0.00416482
23.58 0.00405747
23.59 0.0039343
23.6 0.00379851
23.61 0.0036536
23.62 0.00350331
23.63 0.00335154
23.64 0.00320226
23.65 0.00305944
23.66 0.00292684
23.67 0.00280791
23.68 0.00270556
23.69 0.00262213
23.7 0.00255933
23.71 0.00251817
23.72 0.00249895
23.73 0.00250126
23.74 0.00252398
23.75 0.00256529
23.76 0.00262267
23.77 0.00269286
23.78 0.002772
23.79 0.0028557
23.8 0.00293926
23.81 0.00301798
23.82 0.00308738
23.83 0.00314334
23.84 0.00318217
23.85 0.00320068
23.86 0.00319631
23.87 0.00316712
23.88 0.00311182
23.89 0.00302979
23.9 0.00292097
23.91 0.00278578
23.92 0.00262512
23.93 0.00244041
23.94 0.00223367
23.95 0.00200752
23.96 0.00176518
23.97 0.00151048
23.98 0.00124788
23.99 0.00098247
24 0.000719806
24.01 0.000465774
24.02 0.000226301
24.03 7.23072e-06
24.04 -0.000185692
24.05 -0.000346855
24.06 -0.000470871
24.07 -0.000552787
24.08 -0.000588443
24.09 -0.000574796
24.1 -0.000510112
24.11 -0.000394075
24.12 -0.000227915
24.13 -1.44803e-05
24.14 0.000241777
24.15 0.000534879
24.16 0.000857498
24.17 0.00120133
24.18 0.0015575
24.19 0.00191692
24.2 0.00227047
24.21 0.00260923
24.22 0.00292466
24.23 0.0032088
24.24 0.00345448
24.25 0.00365551
24.26 0.00380682
24.27 0.00390444
24.28 0.00394562
24.29 0.00392884
24.3 0.00385372
24.31 0.00372112
24.32 0.00353326
24.33 0.00329384
24.34 0.0030082
24.35 0.00268325
24.36 0.00232729
24.37 0.00194959
24.38 0.00156005
24.39 0.00116893
24.4 0.000786482
24.41 0.000422644
24.42 8.66669e-05
24.43 -0.000213161
24.44 -0.000469722
24.45 -0.000677183
24.46 -0.000831035
24.47 -0.0009281
24.48 -0.000966548
24.49 -0.000945919
24.5 -0.000867156
24.51 -0.000732586
24.52 -0.000545836
24.53 -0.000311806
24.54 -3.65833e-05
24.55 0.00027274
24.56 0.00060826
24.57 0.000961405
24.58 0.0013231
24.59 0.00168404
24.6 0.00203506
24.61 0.00236741
24.62 0.0026729
24.63 0.00294413
24.64 0.00317464
24.65 0.00335925
24.66 0.00349423
24.67 0.00357733
24.68 0.00360778
24.69 0.00358634
24.7 0.00351524
24.71 0.00339802
24.72 0.00323938
24.73 0.00304496
24.74 0.00282122
24.75 0.00257528
24.76 0.00231481
24.77 0.00204776
24.78 0.00178205
24.79 0.00152522
24.8 0.00128439
24.81 0.00106603
24.82 0.000875778
24.83 0.000718292
24.84 0.000597183
24.85 0.000515004
24.86 0.000473221
24.87 0.000472201
24.88 0.000511191
24.89 0.000588286
24.9 0.000700456
24.91 0.000843633
24.92 0.00101288
24.93 0.00120258
24.94 0.00140657
24.95 0.00161843
24.96 0.00183158
24.97 0.00203953
24.98 0.00223596
24.99 0.00241508
25 0.00257169
