0.01 3.15159e-09
0.02 1.51147e-08
0.03 3.70614e-08
0.04 6.62881e-08
0.05 1.00057e-07
0.06 1.35656e-07
0.07 1.7046e-07
0.08 2.01959e-07
0.09 2.27779e-07
0.1 2.45716e-07
0.11 2.53784e-07
0.12 2.50246e-07
0.13 2.33593e-07
0.14 2.02513e-07
0.15 1.55889e-07
0.16 9.28734e-08
0.17 1.29386e-08
0.18 -8.4104e-08
0.19 -1.98098e-07
0.2 -3.28536e-07
0.21 -4.74567e-07
0.22 -6.35007e-07
0.23 -8.08371e-07
0.24 -9.92916e-07
0.25 -1.1867e-06
0.26 -1.3877e-06
0.27 -1.59384e-06
0.28 -1.80293e-06
0.29 -2.01241e-06
0.3 -2.21935e-06
0.31 -2.4204e-06
0.32 -2.61179e-06
0.33 -2.78925e-06
0.34 -2.94793e-06
0.35 -3.0828e-06
0.36 -3.18886e-06
0.37 -3.26143e-06
0.38 -3.29675e-06
0.39 -3.29279e-06
0.4 -3.24984e-06
0.41 -3.17086e-06
0.42 -3.06087e-06
0.43 -2.92633e-06
0.44 -2.77508e-06
0.45 -2.61605e-06
0.46 -2.45866e-06
0.47 -2.31227e-06
0.48 -2.18542e-06
0.49 -2.08553e-06
0.5 -2.01864e-06
0.51 -1.9896e-06
0.52 -2.00229e-06
0.53 -2.0591e-06
0.54 -2.1612e-06
0.55 -2.30893e-06
0.56 -2.50133e-06
0.57 -2.73635e-06
0.58 -3.01133e-06
0.59 -3.32303e-06
0.6 -3.66754e-06
0.61 -4.04038e-06
0.62 -4.43658e-06
0.63 -4.85073e-06
0.64 -5.27723e-06
0.65 -5.71041e-06
0.66 -6.14477e-06
0.67 -6.57512e-06
0.68 -6.99672e-06
0.69 -7.40532e-06
0.7 -7.797e-06
0.71 -8.16793e-06
0.72 -8.51393e-06
0.73 -8.82991e-06
0.74 -9.10927e-06
0.75 -9.34344e-06
0.76 -9.52173e-06
0.77 -9.63179e-06
0.78 -9.66103e-06
0.79 -9.59897e-06
0.8 -9.43899e-06
0.81 -9.17877e-06
0.82 -8.82004e-06
0.83 -8.36765e-06
0.84 -7.82974e-06
0.85 -7.21903e-06
0.86 -6.5519e-06
0.87 -5.84425e-06
0.88 -5.10756e-06
0.89 -4.34806e-06
0.9 -3.56881e-06
0.91 -2.77154e-06
0.92 -1.95778e-06
0.93 -1.13084e-06
0.94 -2.98423e-07
0.95 5.26314e-07
0.96 1.32433e-06
0.97 2.07184e-06
0.98 2.74552e-06
0.99 3.32801e-06
1 3.80994e-06
1.01 4.18936e-06
1.02 4.47178e-06
1.03 4.66901e-06
1.04 4.79647e-06
1.05 4.87072e-06
1.06 4.90593e-06
1.07 4.91211e-06
1.08 4.89633e-06
1.09 4.86544e-06
1.1 4.82679e-06
1.11 4.78671e-06
1.12 4.75158e-06
1.13 4.72955e-06
1.14 4.72976e-06
1.15 4.76089e-06
1.16 4.82919e-06
1.17 4.93585e-06
1.18 5.07481e-06
1.19 5.23462e-06
1.2 5.40201e-06
1.21 5.56062e-06
1.22 5.68991e-06
1.23 5.76831e-06
1.24 5.77905e-06
1.25 5.71809e-06
1.26 5.59867e-06
1.27 5.44613e-06
1.28 5.28798e-06
1.29 5.15077e-06
1.3 5.05887e-06
1.31 5.02931e-06
1.32 5.06907e-06
1.33 5.17774e-06
1.34 5.35287e-06
1.35 5.5935e-06
1.36 5.90044e-06
1.37 6.27616e-06
1.38 6.72415e-06
1.39 7.24764e-06
1.4 7.84748e-06
1.41 8.51917e-06
1.42 9.24909e-06
1.43 1.00107e-05
1.44 1.0761e-05
1.45 1.14399e-05
1.46 1.19719e-05
1.47 1.22744e-05
1.48 1.22657e-05
1.49 1.1867e-05
1.5 1.10074e-05
1.51 9.62908e-06
1.52 7.69035e-06
1.53 5.17312e-06
1.54 2.09094e-06
1.55 -1.50408e-06
1.56 -5.51998e-06
1.57 -9.83597e-06
1.58 -1.43131e-05
1.59 -1.8803e-05
1.6 -2.31624e-05
1.61 -2.72623e-05
1.62 -3.09864e-05
1.63 -3.42337e-05
1.64 -3.69201e-05
1.65 -3.89784e-05
1.66 -4.03619e-05
1.67 -4.10463e-05
1.68 -4.1028e-05
1.69 -4.0318e-05
1.7 -3.89382e-05
1.71 -3.69204e-05
1.72 -3.43057e-05
1.73 -3.1141e-05
1.74 -2.74749e-05
1.75 -2.33531e-05
1.76 -1.88223e-05
1.77 -1.39362e-05
1.78 -8.7508e-06
1.79 -3.31759e-06
1.8 2.31452e-06
1.81 8.09529e-06
1.82 1.39739e-05
1.83 1.98977e-05
1.84 2.58032e-05
1.85 3.16115e-05
1.86 3.72344e-05
1.87 4.25851e-05
1.88 4.75856e-05
1.89 5.21686e-05
1.9 5.62787e-05
1.91 5.98725e-05
1.92 6.29199e-05
1.93 6.5402e-05
1.94 6.72977e-05
1.95 6.8569e-05
1.96 6.91598e-05
1.97 6.90028e-05
1.98 6.80245e-05
1.99 6.61577e-05
2 6.33629e-05
2.01 5.96463e-05
2.02 5.50618e-05
2.03 4.97062e-05
2.04 4.37145e-05
2.05 3.72479e-05
2.06 3.04804e-05
2.07 2.35866e-05
2.08 1.67229e-05
2.09 1.00144e-05
2.1 3.5505e-06
2.11 -2.61256e-06
2.12 -8.45509e-06
2.13 -1.39985e-05
2.14 -1.92934e-05
2.15 -2.44067e-05
2.16 -2.94171e-05
2.17 -3.44078e-05
2.18 -3.94628e-05
2.19 -4.46733e-05
2.2 -5.0143e-05
2.21 -5.59807e-05
2.22 -6.22874e-05
2.23 -6.9149e-05
2.24 -7.66295e-05
2.25 -8.47755e-05
2.26 -9.36108e-05
2.27 -0.00010311
2.28 -0.000113194
2.29 -0.000123742
2.3 -0.000134602
2.31 -0.000145587
2.32 -0.000156477
2.33 -0.000167007
2.34 -0.000176868
2.35 -0.000185716
2.36 -0.000193189
2.37 -0.000198919
2.38 -0.000202551
2.39 -0.000203745
2.4 -0.000202198
2.41 -0.000197692
2.42 -0.000190109
2.43 -0.000179422
2.44 -0.000165669
2.45 -0.000148952
2.46 -0.000129431
2.47 -0.000107334
2.48 -8.29581e-05
2.49 -5.66431e-05
2.5 -2.8753e-05
2.51 3.44551e-07
2.52 3.02853e-05
2.53 6.07002e-05
2.54 9.12168e-05
2.55 0.000121471
2.56 0.000151107
2.57 0.000179754
2.58 0.000207012
2.59 0.000232454
2.6 0.00025564
2.61 0.000276135
2.62 0.000293543
2.63 0.000307525
2.64 0.000317819
2.65 0.000324243
2.66 0.000326698
2.67 0.000325161
2.68 0.000319678
2.69 0.000310347
2.7 0.000297309
2.71 0.00028076
2.72 0.000260945
2.73 0.000238157
2.74 0.000212751
2.75 0.00018514
2.76 0.000155773
2.77 0.000125126
2.78 9.37162e-05
2.79 6.21069e-05
2.8 3.08917e-05
2.81 6.80492e-07
2.82 -2.79413e-05
2.83 -5.44517e-05
2.84 -7.84057e-05
2.85 -9.94419e-05
2.86 -0.000117283
2.87 -0.000131744
2.88 -0.000142753
2.89 -0.000150339
2.9 -0.000154607
2.91 -0.00015573
2.92 -0.000153945
2.93 -0.000149539
2.94 -0.000142836
2.95 -0.000134181
2.96 -0.00012393
2.97 -0.000112413
2.98 -9.99199e-05
2.99 -8.67056e-05
3 -7.30012e-05
3.01 -5.90193e-05
3.02 -4.49729e-05
3.03 -3.10894e-05
3.04 -1.76134e-05
3.05 -4.8109e-06
3.06 7.02821e-06
3.07 1.75903e-05
3.08 2.65468e-05
3.09 3.3576e-05
3.1 3.83997e-05
3.11 4.08145e-05
3.12 4.07123e-05
3.13 3.80955e-05
3.14 3.30625e-05
3.15 2.57768e-05
3.16 1.64542e-05
3.17 5.36131e-06
3.18 -7.19287e-06
3.19 -2.08777e-05
3.2 -3.53696e-05
3.21 -5.0344e-05
3.22 -6.54437e-05
3.23 -8.02756e-05
3.24 -9.44152e-05
3.25 -0.000107422
3.26 -0.000118859
3.27 -0.000128282
3.28 -0.000135234
3.29 -0.000139281
3.3 -0.000140056
3.31 -0.000137241
3.32 -0.000130574
3.33 -0.000119897
3.34 -0.000105204
3.35 -8.66662e-05
3.36 -6.46373e-05
3.37 -3.96423e-05
3.38 -1.23499e-05
3.39 1.64427e-05
3.4 4.58338e-05
3.41 7.4851e-05
3.42 0.000102499
3.43 0.00012781
3.44 0.000149882
3.45 0.000167891
3.46 0.000181122
3.47 0.000189015
3.48 0.00019122
3.49 0.000187618
3.5 0.000178318
3.51 0.000163632
3.52 0.000144064
3.53 0.000120279
3.54 9.30648e-05
3.55 6.32599e-05
3.56 3.16859e-05
3.57 -8.73839e-07
3.58 -3.36432e-05
3.59 -6.58553e-05
3.6 -9.68015e-05
3.61 -0.000125863
3.62 -0.000152511
3.63 -0.000176312
3.64 -0.000196938
3.65 -0.000214168
3.66 -0.000227893
3.67 -0.000238128
3.68 -0.00024501
3.69 -0.000248774
3.7 -0.000249698
3.71 -0.000248079
3.72 -0.000244251
3.73 -0.000238555
3.74 -0.000231305
3.75 -0.000222797
3.76 -0.000213315
3.77 -0.00020312
3.78 -0.000192438
3.79 -0.000181471
3.8 -0.000170384
3.81 -0.000159275
3.82 -0.000148193
3.83 -0.000137157
3.84 -0.000126162
3.85 -0.000115181
3.86 -0.00010422
3.87 -9.3362e-05
3.88 -8.27846e-05
3.89 -7.27746e-05
3.9 -6.37195e-05
3.91 -5.61013e-05
3.92 -5.04864e-05
3.93 -4.74824e-05
3.94 -4.7684e-05
3.95 -5.16375e-05
3.96 -5.98115e-05
3.97 -7.25504e-05
3.98 -9.00128e-05
3.99 -0.000112135
4 -0.000138633
4.01 -0.00016902
4.02 -0.000202618
4.03 -0.000238592
4.04 -0.000275963
4.05 -0.000313623
4.06 -0.000350365
4.07 -0.000384883
4.08 -0.000415782
4.09 -0.000441616
4.1 -0.000460948
4.11 -0.000472429
4.12 -0.00047492
4.13 -0.000467589
4.14 -0.000449959
4.15 -0.000421963
4.16 -0.000384005
4.17 -0.000336958
4.18 -0.000282095
4.19 -0.000221011
4.2 -0.00015557
4.21 -8.78159e-05
4.22 -1.9855e-05
4.23 4.62704e-05
4.24 0.000108689
4.25 0.000165707
4.26 0.000215794
4.27 0.000257633
4.28 0.000290169
4.29 0.00031264
4.3 0.000324603
4.31 0.000325924
4.32 0.000316749
4.33 0.000297493
4.34 0.000268846
4.35 0.000231782
4.36 0.000187543
4.37 0.000137587
4.38 8.35426e-05
4.39 2.71385e-05
4.4 -2.98336e-05
4.41 -8.55465e-05
4.42 -0.000138183
4.43 -0.000186001
4.44 -0.000227378
4.45 -0.000260881
4.46 -0.000285352
4.47 -0.000299984
4.48 -0.00030432
4.49 -0.000298211
4.5 -0.000281733
4.51 -0.000255158
4.52 -0.000218992
4.53 -0.000174002
4.54 -0.00012119
4.55 -6.17609e-05
4.56 2.91346e-06
4.57 7.13239e-05
4.58 0.00014185
4.59 0.000212806
4.6 0.000282479
4.61 0.000349194
4.62 0.000411392
4.63 0.000467657
4.64 0.000516734
4.65 0.000557566
4.66 0.000589328
4.67 0.000611476
4.68 0.000623782
4.69 0.000626296
4.7 0.000619294
4.71 0.000603201
4.72 0.000578556
4.73 0.000546015
4.74 0.000506325
4.75 0.000460246
4.76 0.000408537
4.77 0.000351984
4.78 0.000291407
4.79 0.000227671
4.8 0.000161666
4.81 9.42476e-05
4.82 2.62268e-05
4.83 -4.15751e-05
4.84 -0.000108353
4.85 -0.000173379
4.86 -0.000235998
4.87 -0.000295559
4.88 -0.000351409
4.89 -0.000402942
4.9 -0.000449612
4.91 -0.000490904
4.92 -0.000526333
4.93 -0.000555468
4.94 -0.000577959
4.95 -0.000593555
4.96 -0.000602087
4.97 -0.000603453
4.98 -0.000597606
4.99 -0.000584553
5 -0.00056437
5.01 -0.000537235
5.02 -0.000503494
5.03 -0.000463695
5.04 -0.000418597
5.05 -0.000369147
5.06 -0.00031648
5.07 -0.000261916
5.08 -0.000206893
5.09 -0.000152886
5.1 -0.000101398
5.11 -5.39163e-05
5.12 -1.18239e-05
5.13 2.36624e-05
5.14 5.15245e-05
5.15 7.10058e-05
5.16 8.16772e-05
5.17 8.34777e-05
5.18 7.66789e-05
5.19 6.18255e-05
5.2 3.97208e-05
5.21 1.14068e-05
5.22 -2.19069e-05
5.23 -5.89351e-05
5.24 -9.83786e-05
5.25 -0.000138929
5.26 -0.000179233
5.27 -0.000217888
5.28 -0.00025349
5.29 -0.0002847
5.3 -0.000310295
5.31 -0.000329187
5.32 -0.000340485
5.33 -0.000343583
5.34 -0.000338221
5.35 -0.000324476
5.36 -0.000302777
5.37 -0.000273951
5.38 -0.000239179
5.39 -0.000199857
5.4 -0.000157494
5.41 -0.00011364
5.42 -6.98312e-05
5.43 -2.74949e-05
5.44 1.21254e-05
5.45 4.80076e-05
5.46 7.93583e-05
5.47 0.00010558
5.48 0.000126223
5.49 0.000140977
5.5 0.000149707
5.51 0.000152478
5.52 0.000149502
5.53 0.000141087
5.54 0.000127634
5.55 0.000109664
5.56 8.77928e-05
5.57 6.26532e-05
5.58 3.48302e-05
5.59 4.87228e-06
5.6 -2.66672e-05
5.61 -5.91976e-05
5.62 -9.20859e-05
5.63 -0.00012468
5.64 -0.000156303
5.65 -0.000186292
5.66 -0.000214023
5.67 -0.000238891
5.68 -0.000260287
5.69 -0.000277598
5.7 -0.000290203
5.71 -0.00029748
5.72 -0.000298808
5.73 -0.000293616
5.74 -0.000281426
5.75 -0.000261851
5.76 -0.000234628
5.77 -0.000199682
5.78 -0.00015716
5.79 -0.000107473
5.8 -5.13156e-05
5.81 1.03302e-05
5.82 7.61881e-05
5.83 0.00014469
5.84 0.000214028
5.85 0.000282245
5.86 0.000347311
5.87 0.000407187
5.88 0.000459889
5.89 0.000503562
5.9 0.000536542
5.91 0.000557438
5.92 0.000565195
5.93 0.000559097
5.94 0.000538793
5.95 0.000504333
5.96 0.000456218
5.97 0.000395458
5.98 0.000323533
5.99 0.000242314
6 0.000154009
6.01 6.1067e-05
6.02 -3.39478e-05
6.03 -0.000128439
6.04 -0.000219819
6.05 -0.000305577
6.06 -0.000383366
6.07 -0.000451123
6.08 -0.000507148
6.09 -0.000550123
6.1 -0.000579082
6.11 -0.000593405
6.12 -0.000592848
6.13 -0.000577529
6.14 -0.000547866
6.15 -0.000504495
6.16 -0.000448212
6.17 -0.00037989
6.18 -0.000300385
6.19 -0.000210514
6.2 -0.00011113
6.21 -3.16452e-06
6.22 0.000112403
6.23 0.000234555
6.24 0.000362183
6.25 0.00049407
6.26 0.000628937
6.27 0.000765464
6.28 0.000902309
6.29 0.00103817
6.3 0.00117183
6.31 0.00130213
6.32 0.00142809
6.33 0.00154882
6.34 0.0016636
6.35 0.00177181
6.36 0.00187291
6.37 0.00196628
6.38 0.00205115
6.39 0.00212656
6.4 0.0021915
6.41 0.00224496
6.42 0.00228604
6.43 0.00231408
6.44 0.00232872
6.45 0.00233001
6.46 0.00231847
6.47 0.00229501
6.48 0.00226076
6.49 0.00221699
6.5 0.00216487
6.51 0.00210536
6.52 0.00203908
6.53 0.00196638
6.54 0.00188726
6.55 0.0018014
6.56 0.00170811
6.57 0.00160655
6.58 0.00149582
6.59 0.00137513
6.6 0.00124399
6.61 0.00110237
6.62 0.000950738
6.63 0.00079006
6.64 0.000621766
6.65 0.000447594
6.66 0.000269411
6.67 8.91055e-05
6.68 -9.14532e-05
6.69 -0.000270437
6.7 -0.000446088
6.71 -0.000616717
6.72 -0.000780702
6.73 -0.000936524
6.74 -0.00108276
6.75 -0.00121804
6.76 -0.00134103
6.77 -0.00145042
6.78 -0.00154502
6.79 -0.00162369
6.8 -0.00168543
6.81 -0.00172943
6.82 -0.00175519
6.83 -0.00176258
6.84 -0.00175182
6.85 -0.00172356
6.86 -0.00167885
6.87 -0.00161911
6.88 -0.0015461
6.89 -0.00146181
6.9 -0.00136828
6.91 -0.00126753
6.92 -0.0011614
6.93 -0.00105152
6.94 -0.000939233
6.95 -0.00082561
6.96 -0.000711522
6.97 -0.00059777
6.98 -0.00048525
6.99 -0.000375073
7 -0.000268604
7.01 -0.000167485
7.02 -7.35878e-05
7.03 1.1181e-05
7.04 8.50657e-05
7.05 0.000146623
7.06 0.000194892
7.07 0.000229504
7.08 0.000250688
7.09 0.000259231
7.1 0.000256387
7.11 0.000243761
7.12 0.000223147
7.13 0.000196282
7.14 0.000164618
7.15 0.000129232
7.16 9.08262e-05
7.17 4.9785e-05
7.18 6.257e-06
7.19 -3.97315e-05
7.2 -8.81757e-05
7.21 -0.000138984
7.22 -0.000191845
7.23 -0.000246129
7.24 -0.000300875
7.25 -0.000354822
7.26 -0.000406476
7.27 -0.000454267
7.28 -0.000496735
7.29 -0.000532665
7.3 -0.000561191
7.31 -0.000581868
7.32 -0.000594704
7.33 -0.000600105
7.34 -0.000598721
7.35 -0.000591305
7.36 -0.00057858
7.37 -0.000561091
7.38 -0.000539116
7.39 -0.000512643
7.4 -0.00048141
7.41 -0.000444992
7.42 -0.00040292
7.43 -0.000354857
7.44 -0.000300777
7.45 -0.000241037
7.46 -0.000176412
7.47 -0.000108107
7.48 -3.77372e-05
7.49 3.27056e-05
7.5 0.000100888
7.51 0.00016423
7.52 0.000220042
7.53 0.000265697
7.54 0.000298784
7.55 0.000317211
7.56 0.000319208
7.57 0.000303283
7.58 0.00026824
7.59 0.000213203
7.6 0.000137596
7.61 4.12149e-05
7.62 -7.56044e-05
7.63 -0.000211828
7.64 -0.00036567
7.65 -0.000534659
7.66 -0.000715637
7.67 -0.000904723
7.68 -0.00109735
7.69 -0.0012884
7.7 -0.00147231
7.71 -0.00164334
7.72 -0.00179595
7.73 -0.00192524
7.74 -0.00202711
7.75 -0.00209844
7.76 -0.0021371
7.77 -0.00214188
7.78 -0.00211244
7.79 -0.00204923
7.8 -0.00195355
7.81 -0.00182745
7.82 -0.00167364
7.83 -0.00149543
7.84 -0.0012967
7.85 -0.00108175
7.86 -0.000855171
7.87 -0.000621749
7.88 -0.000386316
7.89 -0.000153576
7.9 7.20384e-05
7.91 0.000286451
7.92 0.000486042
7.93 0.000667742
7.94 0.000829073
7.95 0.000968147
7.96 0.00108366
7.97 0.00117487
7.98 0.00124162
7.99 0.00128424
8 0.00130348
8.01 0.00130036
8.02 0.00127611
8.03 0.00123216
8.04 0.00117001
8.05 0.00109113
8.06 0.000996983
8.07 0.000888962
8.08 0.000768501
8.09 0.000637147
8.1 0.000496643
8.11 0.000349044
8.12 0.000196834
8.13 4.29169e-05
8.14 -0.000109489
8.15 -0.000256928
8.16 -0.000395787
8.17 -0.000522422
8.18 -0.000633309
8.19 -0.000725196
8.2 -0.000795198
8.21 -0.000840912
8.22 -0.000860533
8.23 -0.000852864
8.24 -0.00081728
8.25 -0.000753767
8.26 -0.000662972
8.27 -0.000546189
8.28 -0.000405328
8.29 -0.000242927
8.3 -6.21694e-05
8.31 0.000133085
8.32 0.000338263
8.33 0.000548136
8.34 0.000756974
8.35 0.000958751
8.36 0.0011474
8.37 0.00131715
8.38 0.00146279
8.39 0.00157998
8.4 0.0016654
8.41 0.00171688
8.42 0.00173331
8.43 0.00171456
8.44 0.00166147
8.45 0.00157583
8.46 0.00146028
8.47 0.00131833
8.48 0.00115412
8.49 0.000972346
8.5 0.000777984
8.51 0.000576188
8.52 0.000372049
8.53 0.000170357
8.54 -2.46032e-05
8.55 -0.000209155
8.56 -0.000380223
8.57 -0.000535257
8.58 -0.000672188
8.59 -0.000789388
8.6 -0.000885616
8.61 -0.000959956
8.62 -0.00101172
8.63 -0.00104037
8.64 -0.00104542
8.65 -0.00102649
8.66 -0.000983262
8.67 -0.000915547
8.68 -0.000823374
8.69 -0.00070708
8.7 -0.000567393
8.71 -0.000405409
8.72 -0.000222635
8.73 -2.10892e-05
8.74 0.000196721
8.75 0.000427854
8.76 0.000668913
8.77 0.000916022
8.78 0.0011649
8.79 0.001411
8.8 0.00164955
8.81 0.0018757
8.82 0.00208457
8.83 0.00227156
8.84 0.0024325
8.85 0.00256382
8.86 0.00266264
8.87 0.00272675
8.88 0.00275467
8.89 0.00274569
8.9 0.00269998
8.91 0.00261855
8.92 0.00250315
8.93 0.00235619
8.94 0.00218061
8.95 0.00197972
8.96 0.00175711
8.97 0.00151658
8.98 0.00126208
8.99 0.000997608
9 0.000727032
9.01 0.000454007
9.02 0.000181905
9.03 -8.62494e-05
9.04 -0.00034777
9.05 -0.000600199
9.06 -0.000841206
9.07 -0.00106854
9.08 -0.00128001
9.09 -0.00147357
9.1 -0.00164733
9.11 -0.0017997
9.12 -0.00192945
9.13 -0.00203566
9.14 -0.00211779
9.15 -0.00217564
9.16 -0.00220928
9.17 -0.0022189
9.18 -0.00220469
9.19 -0.00216679
9.2 -0.00210528
9.21 -0.00202006
9.22 -0.00191088
9.23 -0.00177736
9.24 -0.00161923
9.25 -0.00143646
9.26 -0.00122963
9.27 -0.000999955
9.28 -0.000749453
9.29 -0.000480963
9.3 -0.000198048
9.31 9.5292e-05
9.32 0.000394821
9.33 0.00069615
9.34 0.000994834
9.35 0.00128647
9.36 0.0015668
9.37 0.0018317
9.38 0.00207734
9.39 0.00230019
9.4 0.00249701
9.41 0.00266479
9.42 0.00280073
9.43 0.00290225
9.44 0.00296689
9.45 0.00299237
9.46 0.00297668
9.47 0.0029183
9.48 0.00281636
9.49 0.00267077
9.5 0.00248245
9.51 0.0022533
9.52 0.00198626
9.53 0.00168517
9.54 0.00135465
9.55 0.000999817
9.56 0.000626105
9.57 0.000239086
9.58 -0.000155739
9.59 -0.000553071
9.6 -0.000947853
9.61 -0.00133523
9.62 -0.00171052
9.63 -0.00206915
9.64 -0.00240659
9.65 -0.00271837
9.66 -0.0030001
9.67 -0.00324762
9.68 -0.00345698
9.69 -0.00362462
9.7 -0.00374747
9.71 -0.00382317
9.72 -0.00385017
9.73 -0.00382782
9.74 -0.00375641
9.75 -0.00363727
9.76 -0.00347276
9.77 -0.00326614
9.78 -0.00302151
9.79 -0.00274373
9.8 -0.00243831
9.81 -0.00211135
9.82 -0.00176937
9.83 -0.0014192
9.84 -0.00106783
9.85 -0.000722288
9.86 -0.000389464
9.87 -7.58557e-05
9.88 0.000212571
9.89 0.000470467
9.9 0.000693188
9.91 0.000876972
9.92 0.00101904
9.93 0.00111758
9.94 0.00117178
9.95 0.00118183
9.96 0.00114879
9.97 0.00107442
9.98 0.000961
9.99 0.0008112
10 0.000628027
10.01 0.000414767
10.02 0.000174895
10.03 -8.79894e-05
10.04 -0.000370112
10.05 -0.000667428
10.06 -0.000975559
10.07 -0.00128982
10.08 -0.00160528
10.09 -0.00191688
10.1 -0.00221952
10.11 -0.00250815
10.12 -0.00277799
10.13 -0.00302472
10.14 -0.00324458
10.15 -0.00343443
10.16 -0.00359174
10.17 -0.00371462
10.18 -0.00380168
10.19 -0.003852
10.2 -0.00386506
10.21 -0.00384077
10.22 -0.00377952
10.23 -0.00368222
10.24 -0.00355025
10.25 -0.00338551
10.26 -0.00319044
10.27 -0.00296801
10.28 -0.00272168
10.29 -0.00245525
10.3 -0.00217286
10.31 -0.00187882
10.32 -0.00157753
10.33 -0.00127332
10.34 -0.000970478
10.35 -0.000673231
10.36 -0.000385675
10.37 -0.000111694
10.38 0.000145088
10.39 0.000381374
10.4 0.000594275
10.41 0.00078138
10.42 0.000940871
10.43 0.00107158
10.44 0.00117303
10.45 0.00124539
10.46 0.00128951
10.47 0.00130669
10.48 0.00129861
10.49 0.00126715
10.5 0.00121426
10.51 0.00114188
10.52 0.00105189
10.53 0.000946165
10.54 0.000826543
10.55 0.000694931
10.56 0.000553336
10.57 0.000403842
10.58 0.00024858
10.59 8.97293e-05
10.6 -7.0486e-05
10.61 -0.000229874
10.62 -0.000386344
10.63 -0.000537949
10.64 -0.00068294
10.65 -0.000819815
10.66 -0.000947313
10.67 -0.0010644
10.68 -0.00117025
10.69 -0.0012641
10.7 -0.00134528
10.71 -0.00141307
10.72 -0.00146685
10.73 -0.0015061
10.74 -0.00153038
10.75 -0.00153944
10.76 -0.00153322
10.77 -0.00151179
10.78 -0.00147536
10.79 -0.00142429
10.8 -0.00135907
10.81 -0.00128039
10.82 -0.00118908
10.83 -0.00108608
10.84 -0.000972457
10.85 -0.000849462
10.86 -0.000718511
10.87 -0.000581251
10.88 -0.00043951
10.89 -0.000295225
10.9 -0.000150407
10.91 -7.08912e-06
10.92 0.000132796
10.93 0.000267541
10.94 0.000395758
10.95 0.000516419
10.96 0.000628852
10.97 0.000732711
10.98 0.00082792
10.99 0.00091458
11 0.000992856
11.01 0.00106293
11.02 0.001125
11.03 0.00117919
11.04 0.00122556
11.05 0.0012641
11.06 0.00129481
11.07 0.00131774
11.08 0.00133295
11.09 0.00134054
11.1 0.00134067
11.11 0.00133365
11.12 0.00131998
11.13 0.00130031
11.14 0.00127543
11.15 0.00124619
11.16 0.00121354
11.17 0.00117861
11.18 0.00114275
11.19 0.00110752
11.2 0.00107466
11.21 0.00104604
11.22 0.00102361
11.23 0.00100928
11.24 0.00100471
11.25 0.00101105
11.26 0.00102884
11.27 0.00105793
11.28 0.00109766
11.29 0.00114688
11.3 0.0012042
11.31 0.00126804
11.32 0.00133671
11.33 0.00140857
11.34 0.0014821
11.35 0.00155612
11.36 0.00162982
11.37 0.00170269
11.38 0.00177438
11.39 0.00184461
11.4 0.00191305
11.41 0.00197935
11.42 0.00204294
11.43 0.00210306
11.44 0.00215874
11.45 0.0022089
11.46 0.00225244
11.47 0.00228841
11.48 0.0023161
11.49 0.00233523
11.5 0.00234599
11.51 0.0023491
11.52 0.00234567
11.53 0.00233713
11.54 0.00232512
11.55 0.00231129
11.56 0.0022972
11.57 0.00228412
11.58 0.00227301
11.59 0.00226453
11.6 0.0022592
11.61 0.00225746
11.62 0.00225973
11.63 0.00226634
11.64 0.00227759
11.65 0.00229371
11.66 0.00231479
11.67 0.00234086
11.68 0.00237186
11.69 0.00240752
11.7 0.00244735
11.71 0.00249058
11.72 0.00253612
11.73 0.00258256
11.74 0.00262821
11.75 0.00267104
11.76 0.00270873
11.77 0.00273858
11.78 0.00275752
11.79 0.00276226
11.8 0.00274956
11.81 0.00271651
11.82 0.00266078
11.83 0.00258075
11.84 0.00247549
11.85 0.00234485
11.86 0.00218931
11.87 0.00200983
11.88 0.00180783
11.89 0.00158511
11.9 0.00134389
11.91 0.00108672
11.92 0.000816486
11.93 0.000536324
11.94 0.000249567
11.95 -4.03167e-05
11.96 -0.000329804
11.97 -0.000615371
11.98 -0.000893468
11.99 -0.00116049
12 -0.00141284
12.01 -0.00164701
12.02 -0.00185961
12.03 -0.00204735
12.04 -0.00220707
12.05 -0.00233585
12.06 -0.00243115
12.07 -0.00249091
12.08 -0.00251371
12.09 -0.00249895
12.1 -0.00244688
12.11 -0.00235861
12.12 -0.00223605
12.13 -0.00208195
12.14 -0.00189988
12.15 -0.00169417
12.16 -0.00146969
12.17 -0.00123174
12.18 -0.000985808
12.19 -0.000737441
12.2 -0.000492205
12.21 -0.000255511
12.22 -3.24257e-05
12.23 0.000172381
12.24 0.000354611
12.25 0.000510441
12.26 0.000636678
12.27 0.000730813
12.28 0.000791005
12.29 0.000816124
12.3 0.000805751
12.31 0.000760173
12.32 0.000680451
12.33 0.00056845
12.34 0.000426772
12.35 0.000258648
12.36 6.78633e-05
12.37 -0.000141249
12.38 -0.000363868
12.39 -0.00059484
12.4 -0.000828807
12.41 -0.00106032
12.42 -0.0012841
12.43 -0.00149518
12.44 -0.00168895
12.45 -0.0018611
12.46 -0.00200781
12.47 -0.00212567
12.48 -0.00221151
12.49 -0.00226232
12.5 -0.00227519
12.51 -0.00224737
12.52 -0.00217636
12.53 -0.00206004
12.54 -0.00189689
12.55 -0.00168623
12.56 -0.00142835
12.57 -0.00112454
12.58 -0.000777065
12.59 -0.000389024
12.6 3.584e-05
12.61 0.0004932
12.62 0.000978128
12.63 0.00148504
12.64 0.00200776
12.65 0.00253968
12.66 0.00307392
12.67 0.00360327
12.68 0.00412026
12.69 0.00461725
12.7 0.00508655
12.71 0.00552063
12.72 0.00591241
12.73 0.00625535
12.74 0.00654367
12.75 0.00677246
12.76 0.00693785
12.77 0.00703711
12.78 0.00706863
12.79 0.00703195
12.8 0.00692773
12.81 0.00675767
12.82 0.00652435
12.83 0.00623121
12.84 0.00588249
12.85 0.00548328
12.86 0.00503945
12.87 0.0045576
12.88 0.00404506
12.89 0.00350982
12.9 0.00296039
12.91 0.00240554
12.92 0.00185411
12.93 0.00131473
12.94 0.000795651
12.95 0.000304623
12.96 -0.00015129
12.97 -0.000565766
12.98 -0.000933277
12.99 -0.00124915
13 -0.00150962
13.01 -0.00171174
13.02 -0.00185336
13.03 -0.00193311
13.04 -0.00195045
13.05 -0.00190574
13.06 -0.00180038
13.07 -0.00163683
13.08 -0.00141862
13.09 -0.00115035
13.1 -0.000837607
13.11 -0.000486908
13.12 -0.000105454
13.13 0.000299103
13.14 0.000718882
13.15 0.00114598
13.16 0.0015727
13.17 0.00199167
13.18 0.00239598
13.19 0.00277919
13.2 0.00313543
13.21 0.00345933
13.22 0.00374613
13.23 0.00399164
13.24 0.00419237
13.25 0.00434547
13.26 0.00444881
13.27 0.00450098
13.28 0.00450125
13.29 0.00444962
13.3 0.00434677
13.31 0.00419403
13.32 0.0039933
13.33 0.00374697
13.34 0.00345802
13.35 0.00312998
13.36 0.00276696
13.37 0.00237369
13.38 0.00195547
13.39 0.00151806
13.4 0.00106761
13.41 0.000610619
13.42 0.000153809
13.43 -0.000295936
13.44 -0.000731686
13.45 -0.00114658
13.46 -0.00153394
13.47 -0.00188737
13.48 -0.00220092
13.49 -0.00246919
13.5 -0.00268746
13.51 -0.00285174
13.52 -0.00295891
13.53 -0.00300667
13.54 -0.00299357
13.55 -0.00291903
13.56 -0.00278335
13.57 -0.00258778
13.58 -0.00233458
13.59 -0.0020271
13.6 -0.00166968
13.61 -0.00126755
13.62 -0.000826658
13.63 -0.000353503
13.64 0.000144974
13.65 0.000661465
13.66 0.00118847
13.67 0.00171845
13.68 0.00224388
13.69 0.00275724
13.7 0.00325112
13.71 0.00371833
13.72 0.00415204
13.73 0.00454584
13.74 0.00489379
13.75 0.00519045
13.76 0.00543096
13.77 0.00561104
13.78 0.00572702
13.79 0.00577584
13.8 0.00575515
13.81 0.00566316
13.82 0.00549881
13.83 0.00526199
13.84 0.00495403
13.85 0.00457797
13.86 0.0041386
13.87 0.0036422
13.88 0.00309605
13.89 0.00250811
13.9 0.00188684
13.91 0.00124115
13.92 0.000580247
13.93 -8.65563e-05
13.94 -0.000750016
13.95 -0.00140107
13.96 -0.00203094
13.97 -0.00263125
13.98 -0.00319416
13.99 -0.00371252
14 -0.00418003
14.01 -0.00459134
14.02 -0.00494205
14.03 -0.00522874
14.04 -0.005449
14.05 -0.00560141
14.06 -0.00568564
14.07 -0.00570257
14.08 -0.00565423
14.09 -0.00554388
14.1 -0.00537592
14.11 -0.00515591
14.12 -0.00489044
14.13 -0.00458703
14.14 -0.00425406
14.15 -0.0039006
14.16 -0.0035362
14.17 -0.00317065
14.18 -0.00281362
14.19 -0.0024745
14.2 -0.0021622
14.21 -0.0018851
14.22 -0.00165094
14.23 -0.00146673
14.24 -0.0013387
14.25 -0.00127223
14.26 -0.00127181
14.27 -0.00134084
14.28 -0.00148154
14.29 -0.00169484
14.3 -0.0019803
14.31 -0.00233602
14.32 -0.00275863
14.33 -0.00324339
14.34 -0.00378431
14.35 -0.00437447
14.36 -0.00500631
14.37 -0.00567191
14.38 -0.00636317
14.39 -0.00707184
14.4 -0.00778964
14.41 -0.00851323
14.42 -0.00924704
14.43 -0.00999595
14.44 -0.0107623
14.45 -0.0115481
14.46 -0.0123546
14.47 -0.0131827
14.48 -0.0140329
14.49 -0.0149054
14.5 -0.0158005
14.51 -0.0167183
14.52 -0.0176589
14.53 -0.0186227
14.54 -0.0196102
14.55 -0.0206218
14.56 -0.0216582
14.57 -0.0227199
14.58 -0.0238076
14.59 -0.0249219
14.6 -0.0260633
14.61 -0.0272317
14.62 -0.0284271
14.63 -0.0296484
14.64 -0.0308941
14.65 -0.0321617
14.66 -0.0334477
14.67 -0.0347483
14.68 -0.0360592
14.69 -0.0373763
14.7 -0.0386958
14.71 -0.0400142
14.72 -0.0413279
14.73 -0.0426328
14.74 -0.0439237
14.75 -0.0451944
14.76 -0.0464385
14.77 -0.0476493
14.78 -0.0488203
14.79 -0.0499454
14.8 -0.0510183
14.81 -0.0520328
14.82 -0.0529827
14.83 -0.0538621
14.84 -0.0546652
14.85 -0.0553862
14.86 -0.0560197
14.87 -0.0565602
14.88 -0.0570023
14.89 -0.0573406
14.9 -0.0575695
14.91 -0.0576835
14.92 -0.057677
14.93 -0.0575451
14.94 -0.0572842
14.95 -0.0568928
14.96 -0.0563717
14.97 -0.0557239
14.98 -0.0549548
14.99 -0.0540726
15 -0.0530884
15.01 -0.0520163
15.02 -0.0508732
15.03 -0.0496781
15.04 -0.0484515
15.05 -0.0472147
15.06 -0.0459901
15.07 -0.0448002
15.08 -0.0436674
15.09 -0.0426129
15.1 -0.0416502
15.11 -0.040782
15.12 -0.0400091
15.13 -0.0393348
15.14 -0.0387626
15.15 -0.0382957
15.16 -0.0379369
15.17 -0.0376887
15.18 -0.0375532
15.19 -0.0375317
15.2 -0.0376252
15.21 -0.0378334
15.22 -0.0381537
15.23 -0.038582
15.24 -0.0391132
15.25 -0.0397408
15.26 -0.0404576
15.27 -0.0412552
15.28 -0.0421247
15.29 -0.0430563
15.3 -0.0440388
15.31 -0.0450601
15.32 -0.0461069
15.33 -0.047165
15.34 -0.04822
15.35 -0.0492576
15.36 -0.0502642
15.37 -0.051227
15.38 -0.0521342
15.39 -0.0529786
15.4 -0.0537609
15.41 -0.0544845
15.42 -0.0551515
15.43 -0.0557638
15.44 -0.0563229
15.45 -0.0568295
15.46 -0.0572841
15.47 -0.0576864
15.48 -0.0580356
15.49 -0.0583301
15.5 -0.0585672
15.51 -0.0587436
15.52 -0.058855
15.53 -0.0588968
15.54 -0.0588647
15.55 -0.0587547
15.56 -0.0585644
15.57 -0.0582923
15.58 -0.0579385
15.59 -0.0575041
15.6 -0.0569914
15.61 -0.0564041
15.62 -0.0557468
15.63 -0.0550252
15.64 -0.0542459
15.65 -0.0534162
15.66 -0.052544
15.67 -0.0516379
15.68 -0.0507069
15.69 -0.0497605
15.7 -0.048808
15.71 -0.0478591
15.72 -0.0469231
15.73 -0.0460088
15.74 -0.0451248
15.75 -0.0442787
15.76 -0.0434738
15.77 -0.042706
15.78 -0.0419686
15.79 -0.0412557
15.8 -0.0405614
15.81 -0.0398804
15.82 -0.0392075
15.83 -0.0385379
15.84 -0.0378675
15.85 -0.0371922
15.86 -0.0365087
15.87 -0.0358137
15.88 -0.035104
15.89 -0.0343768
15.9 -0.0336298
15.91 -0.0328605
15.92 -0.032067
15.93 -0.0312471
15.94 -0.0303987
15.95 -0.0295198
15.96 -0.028609
15.97 -0.027665
15.98 -0.0266869
15.99 -0.0256745
16 -0.024628
16.01 -0.0235481
16.02 -0.0224364
16.03 -0.0212952
16.04 -0.0201279
16.05 -0.0189386
16.06 -0.0177323
16.07 -0.016514
16.08 -0.0152889
16.09 -0.0140619
16.1 -0.0128381
16.11 -0.0116221
16.12 -0.0104187
16.13 -0.0092325
16.14 -0.00806838
16.15 -0.00693111
16.16 -0.00582556
16.17 -0.00475664
16.18 -0.00372927
16.19 -0.00274838
16.2 -0.00181883
16.21 -0.000945246
16.22 -0.000131871
16.23 0.00061754
16.24 0.00129992
16.25 0.00191303
16.26 0.0024555
16.27 0.00292672
16.28 0.00332657
16.29 0.00365523
16.3 0.00391305
16.31 0.00410061
16.32 0.0042186
16.33 0.00426789
16.34 0.00424947
16.35 0.00416483
16.36 0.00401648
16.37 0.00380793
16.38 0.00354354
16.39 0.00322859
16.4 0.00286922
16.41 0.00247225
16.42 0.00204496
16.43 0.00159493
16.44 0.0011299
16.45 0.000657727
16.46 0.00018626
16.47 -0.00027679
16.48 -0.000723946
16.49 -0.00114809
16.5 -0.00154261
16.51 -0.00190145
16.52 -0.00221924
16.53 -0.00249124
16.54 -0.00271345
16.55 -0.00288275
16.56 -0.00299693
16.57 -0.00305481
16.58 -0.00305622
16.59 -0.00300201
16.6 -0.00289409
16.61 -0.0027354
16.62 -0.00252992
16.63 -0.00228262
16.64 -0.00199943
16.65 -0.00168713
16.66 -0.00135323
16.67 -0.00100584
16.68 -0.000653574
16.69 -0.00030543
16.7 2.95209e-05
16.71 0.000342526
16.72 0.00062555
16.73 0.000871579
16.74 0.00107479
16.75 0.00123062
16.76 0.00133562
16.77 0.00138742
16.78 0.00138471
16.79 0.00132728
16.8 0.00121608
16.81 0.00105303
16.82 0.000840971
16.83 0.000583533
16.84 0.000285137
16.85 -4.91462e-05
16.86 -0.000413782
16.87 -0.000802931
16.88 -0.00121059
16.89 -0.00163071
16.9 -0.00205733
16.91 -0.00248458
16.92 -0.00290677
16.93 -0.00331835
16.94 -0.00371392
16.95 -0.00408831
16.96 -0.00443667
16.97 -0.00475454
16.98 -0.00503788
16.99 -0.00528316
17 -0.00548739
17.01 -0.00564823
17.02 -0.00576398
17.03 -0.00583371
17.04 -0.00585732
17.05 -0.00583547
17.06 -0.00576955
17.07 -0.00566152
17.08 -0.00551393
17.09 -0.00532988
17.1 -0.0051131
17.11 -0.00486779
17.12 -0.00459855
17.13 -0.00431028
17.14 -0.00400809
17.15 -0.0036972
17.16 -0.00338294
17.17 -0.00307065
17.18 -0.00276558
17.19 -0.00247277
17.2 -0.00219697
17.21 -0.00194254
17.22 -0.00171345
17.23 -0.00151322
17.24 -0.00134495
17.25 -0.00121122
17.26 -0.00111411
17.27 -0.00105521
17.28 -0.00103563
17.29 -0.00105596
17.3 -0.00111615
17.31 -0.00121558
17.32 -0.001353
17.33 -0.00152661
17.34 -0.00173413
17.35 -0.00197295
17.36 -0.00224026
17.37 -0.00253315
17.38 -0.00284874
17.39 -0.00318424
17.4 -0.00353702
17.41 -0.0039047
17.42 -0.00428515
17.43 -0.00467623
17.44 -0.00507557
17.45 -0.0054803
17.46 -0.00588709
17.47 -0.00629204
17.48 -0.00669087
17.49 -0.00707905
17.5 -0.00745213
17.51 -0.00780597
17.52 -0.00813684
17.53 -0.00844147
17.54 -0.00871708
17.55 -0.00896131
17.56 -0.00917215
17.57 -0.00934792
17.58 -0.00948729
17.59 -0.00958922
17.6 -0.0096529
17.61 -0.00967769
17.62 -0.00966311
17.63 -0.00960889
17.64 -0.00951498
17.65 -0.00938156
17.66 -0.00920913
17.67 -0.00899859
17.68 -0.00875115
17.69 -0.00846845
17.7 -0.00815267
17.71 -0.00780665
17.72 -0.00743398
17.73 -0.00703899
17.74 -0.00662661
17.75 -0.006202
17.76 -0.00577032
17.77 -0.00533643
17.78 -0.00490478
17.79 -0.00447921
17.8 -0.00406308
17.81 -0.0036593
17.82 -0.00327048
17.83 -0.00289901
17.84 -0.00254698
17.85 -0.00221619
17.86 -0.00190814
17.87 -0.00162406
17.88 -0.00136502
17.89 -0.00113203
17.9 -0.000926157
17.91 -0.000748535
17.92 -0.000600352
17.93 -0.000482649
17.94 -0.000396147
17.95 -0.000341217
17.96 -0.00031792
17.97 -0.000326002
17.98 -0.000364859
17.99 -0.000433521
18 -0.000530627
18.01 -0.000654408
18.02 -0.000802721
18.03 -0.000973075
18.04 -0.00116262
18.05 -0.00136815
18.06 -0.00158618
18.07 -0.00181304
18.08 -0.00204498
18.09 -0.00227832
18.1 -0.0025094
18.11 -0.00273469
18.12 -0.00295082
18.13 -0.00315453
18.14 -0.00334271
18.15 -0.00351241
18.16 -0.00366082
18.17 -0.00378531
18.18 -0.00388352
18.19 -0.00395335
18.2 -0.00399301
18.21 -0.00400106
18.22 -0.00397651
18.23 -0.00391897
18.24 -0.00382868
18.25 -0.00370644
18.26 -0.00355371
18.27 -0.0033724
18.28 -0.00316481
18.29 -0.0029336
18.3 -0.00268172
18.31 -0.00241234
18.32 -0.00212879
18.33 -0.00183453
18.34 -0.00153324
18.35 -0.00122872
18.36 -0.000924893
18.37 -0.000625815
18.38 -0.000335505
18.39 -5.7799e-05
18.4 0.000203772
18.41 0.000446074
18.42 0.000666471
18.43 0.000862911
18.44 0.00103399
18.45 0.00117896
18.46 0.00129775
18.47 0.00139089
18.48 0.00145942
18.49 0.00150484
18.5 0.00152896
18.51 0.00153375
18.52 0.00152128
18.53 0.00149361
18.54 0.00145281
18.55 0.00140091
18.56 0.00133985
18.57 0.0012715
18.58 0.00119773
18.59 0.00112043
18.6 0.00104156
18.61 0.0009631
18.62 0.000887037
18.63 0.00081532
18.64 0.000749812
18.65 0.000692215
18.66 0.000643944
18.67 0.000605965
18.68 0.000578602
18.69 0.000561332
18.7 0.000552656
18.71 0.0005501
18.72 0.000550271
18.73 0.000549036
18.74 0.00054192
18.75 0.00052458
18.76 0.000493005
18.77 0.000443503
18.78 0.000372723
18.79 0.000277678
18.8 0.000155747
18.81 4.69586e-06
18.82 -0.000177291
18.83 -0.000391618
18.84 -0.000639252
18.85 -0.000920701
18.86 -0.00123602
18.87 -0.00158474
18.88 -0.00196587
18.89 -0.00237775
18.9 -0.002818
18.91 -0.00328339
18.92 -0.00376979
18.93 -0.00427218
18.94 -0.00478473
18.95 -0.00530117
18.96 -0.00581515
18.97 -0.00632046
18.98 -0.00681121
18.99 -0.00728198
19 -0.0077281
19.01 -0.0081457
19.02 -0.00853171
19.03 -0.00888387
19.04 -0.00920057
19.05 -0.00948065
19.06 -0.00972326
19.07 -0.00992781
19.08 -0.010094
19.09 -0.0102217
19.1 -0.0103117
19.11 -0.010366
19.12 -0.010387
19.13 -0.0103772
19.14 -0.0103397
19.15 -0.0102778
19.16 -0.010195
19.17 -0.0100947
19.18 -0.00997987
19.19 -0.00985298
19.2 -0.00971569
19.21 -0.00956914
19.22 -0.00941395
19.23 -0.00925036
19.24 -0.00907853
19.25 -0.00889881
19.26 -0.00871223
19.27 -0.00852062
19.28 -0.00832646
19.29 -0.00813252
19.3 -0.00794142
19.31 -0.00775545
19.32 -0.00757645
19.33 -0.00740581
19.34 -0.00724432
19.35 -0.00709214
19.36 -0.00694885
19.37 -0.00681353
19.38 -0.0066851
19.39 -0.00656243
19.4 -0.0064444
19.41 -0.00632984
19.42 -0.00621745
19.43 -0.00610593
19.44 -0.005994
19.45 -0.0058804
19.46 -0.00576389
19.47 -0.00564336
19.48 -0.00551776
19.49 -0.00538618
19.5 -0.00524798
19.51 -0.00510283
19.52 -0.0049507
19.53 -0.00479179
19.54 -0.00462665
19.55 -0.00445635
19.56 -0.00428257
19.57 -0.00410741
19.58 -0.0039332
19.59 -0.00376232
19.6 -0.00359721
19.61 -0.00344032
19.62 -0.00329408
19.63 -0.00316077
19.64 -0.00304248
19.65 -0.00294106
19.66 -0.00285815
19.67 -0.00279515
19.68 -0.00275322
19.69 -0.00273327
19.7 -0.00273602
19.71 -0.00276193
19.72 -0.00281116
19.73 -0.00288356
19.74 -0.00297857
19.75 -0.00309515
19.76 -0.00323168
19.77 -0.00338596
19.78 -0.00355541
19.79 -0.00373718
19.8 -0.00392821
19.81 -0.00412538
19.82 -0.00432554
19.83 -0.00452566
19.84 -0.00472287
19.85 -0.00491456
19.86 -0.00509841
19.87 -0.0052724
19.88 -0.00543482
19.89 -0.00558411
19.9 -0.00571891
19.91 -0.00583794
19.92 -0.00594004
19.93 -0.0060241
19.94 -0.0060892
19.95 -0.00613479
19.96 -0.00616072
19.97 -0.00616731
19.98 -0.00615538
19.99 -0.00612625
20 -0.00608169
20.01 -0.00602377
20.02 -0.00595481
20.03 -0.00587713
20.04 -0.00579279
20.05 -0.00570341
20.06 -0.00561021
20.07 -0.00551398
20.08 -0.00541508
20.09 -0.00531342
20.1 -0.00520853
20.11 -0.0050996
20.12 -0.00498581
20.13 -0.00486647
20.14 -0.00474105
20.15 -0.00460916
20.16 -0.00447053
20.17 -0.00432511
20.18 -0.00417318
20.19 -0.00401536
20.2 -0.00385259
20.21 -0.00368622
20.22 -0.00351783
20.23 -0.00334907
20.24 -0.00318149
20.25 -0.00301665
20.26 -0.00285611
20.27 -0.00270152
20.28 -0.00255461
20.29 -0.00241718
20.3 -0.00229104
20.31 -0.00217804
20.32 -0.00207994
20.33 -0.0019984
20.34 -0.00193488
20.35 -0.00189052
20.36 -0.00186607
20.37 -0.00186175
20.38 -0.00187715
20.39 -0.00191113
20.4 -0.00196193
20.41 -0.00202715
20.42 -0.00210388
20.43 -0.00218884
20.44 -0.0022785
20.45 -0.00236928
20.46 -0.00245772
20.47 -0.00254045
20.48 -0.00261418
20.49 -0.00267575
20.5 -0.00272216
20.51 -0.00275066
20.52 -0.0027588
20.53 -0.00274439
20.54 -0.00270561
20.55 -0.00264109
20.56 -0.00254989
20.57 -0.00243163
20.58 -0.0022867
20.59 -0.0021163
20.6 -0.00192256
20.61 -0.00170839
20.62 -0.00147737
20.63 -0.0012335
20.64 -0.000980983
20.65 -0.000724177
20.66 -0.000467484
20.67 -0.000215228
20.68 2.84824e-05
20.69 0.000259818
20.7 0.000475296
20.71 0.00067185
20.72 0.000846848
20.73 0.000998058
20.74 0.00112364
20.75 0.00122215
20.76 0.00129258
20.77 0.00133445
20.78 0.00134784
20.79 0.00133351
20.8 0.00129293
20.81 0.00122837
20.82 0.00114285
20.83 0.00104011
20.84 0.000924271
20.85 0.0007996
20.86 0.000670244
20.87 0.000540127
20.88 0.000412852
20.89 0.000291566
20.9 0.000178939
20.91 7.72883e-05
20.92 -1.13461e-05
20.93 -8.52006e-05
20.94 -0.000142794
20.95 -0.000182988
20.96 -0.000205104
20.97 -0.000209007
20.98 -0.000195144
20.99 -0.000164574
21 -0.000118973
21.01 -6.06508e-05
21.02 7.48749e-06
21.03 8.20391e-05
21.04 0.000159303
21.05 0.00023553
21.06 0.000307087
21.07 0.000370512
21.08 0.000422515
21.09 0.000459996
21.1 0.000480133
21.11 0.000480593
21.12 0.000459684
21.13 0.000416407
21.14 0.000350429
21.15 0.000261996
21.16 0.000151816
21.17 2.09774e-05
21.18 -0.000129081
21.19 -0.000296634
21.2 -0.000479729
21.21 -0.000676185
21.22 -0.00088363
21.23 -0.00109955
21.24 -0.00132127
21.25 -0.001546
21.26 -0.00177076
21.27 -0.00199239
21.28 -0.00220761
21.29 -0.00241309
21.3 -0.00260552
21.31 -0.00278172
21.32 -0.00293887
21.33 -0.00307458
21.34 -0.00318701
21.35 -0.00327489
21.36 -0.00333756
21.37 -0.00337496
21.38 -0.00338773
21.39 -0.00337709
21.4 -0.00334487
21.41 -0.00329347
21.42 -0.00322571
21.43 -0.00314466
21.44 -0.00305359
21.45 -0.00295582
21.46 -0.00285458
21.47 -0.00275292
21.48 -0.00265377
21.49 -0.00255994
21.5 -0.00247415
21.51 -0.00239898
21.52 -0.00233681
21.53 -0.00228967
21.54 -0.00225934
21.55 -0.00224727
21.56 -0.00225463
21.57 -0.00228234
21.58 -0.00233116
21.59 -0.0024017
21.6 -0.00249437
21.61 -0.00260931
21.62 -0.00274622
21.63 -0.00290434
21.64 -0.00308232
21.65 -0.00327819
21.66 -0.00348938
21.67 -0.00371286
21.68 -0.00394523
21.69 -0.00418285
21.7 -0.00442206
21.71 -0.00465924
21.72 -0.00489087
21.73 -0.00511348
21.74 -0.00532367
21.75 -0.00551806
21.76 -0.00569337
21.77 -0.00584638
21.78 -0.00597406
21.79 -0.00607369
21.8 -0.00614301
21.81 -0.00618034
21.82 -0.00618476
21.83 -0.00615615
21.84 -0.00609523
21.85 -0.00600347
21.86 -0.00588306
21.87 -0.00573678
21.88 -0.00556801
21.89 -0.00538059
21.9 -0.00517864
21.91 -0.00496641
21.92 -0.00474817
21.93 -0.00452804
21.94 -0.00430995
21.95 -0.00409756
21.96 -0.0038944
21.97 -0.00370397
21.98 -0.00352976
21.99 -0.0033753
22 -0.00324417
22.01 -0.00313991
22.02 -0.00306593
22.03 -0.00302527
22.04 -0.00302033
22.05 -0.00305257
22.06 -0.00312226
22.07 -0.00322839
22.08 -0.00336881
22.09 -0.00354056
22.1 -0.00374002
22.11 -0.00396299
22.12 -0.00420478
22.13 -0.00446045
22.14 -0.0047249
22.15 -0.00499306
22.16 -0.00526005
22.17 -0.00552124
22.18 -0.00577225
22.19 -0.00600904
22.2 -0.00622783
22.21 -0.00642507
22.22 -0.00659741
22.23 -0.00674174
22.24 -0.00685525
22.25 -0.00693553
22.26 -0.00698067
22.27 -0.00698932
22.28 -0.00696078
22.29 -0.00689507
22.3 -0.00679307
22.31 -0.00665656
22.32 -0.00648821
22.33 -0.00629147
22.34 -0.0060704
22.35 -0.00582955
22.36 -0.00557379
22.37 -0.00530817
22.38 -0.00503776
22.39 -0.00476749
22.4 -0.0045021
22.41 -0.00424603
22.42 -0.0040033
22.43 -0.00377752
22.44 -0.00357187
22.45 -0.00338908
22.46 -0.00323125
22.47 -0.00309985
22.48 -0.00299561
22.49 -0.00291864
22.5 -0.00286837
22.51 -0.00284356
22.52 -0.00284231
22.53 -0.00286217
22.54 -0.00290027
22.55 -0.00295344
22.56 -0.0030183
22.57 -0.00309122
22.58 -0.0031684
22.59 -0.00324604
22.6 -0.00332035
22.61 -0.00338764
22.62 -0.00344441
22.63 -0.00348746
22.64 -0.00351404
22.65 -0.00352189
22.66 -0.00350932
22.67 -0.00347527
22.68 -0.00341943
22.69 -0.00334204
22.7 -0.00324369
22.71 -0.00312519
22.72 -0.0029875
22.73 -0.00283184
22.74 -0.00265962
22.75 -0.00247246
22.76 -0.00227222
22.77 -0.00206103
22.78 -0.00184131
22.79 -0.00161568
22.8 -0.00138687
22.81 -0.00115764
22.82 -0.000930735
22.83 -0.000708899
22.84 -0.000494791
22.85 -0.000290979
22.86 -9.99048e-05
22.87 7.61519e-05
22.88 0.000235078
22.89 0.000374936
22.9 0.000493939
22.91 0.000590452
22.92 0.000663006
22.93 0.000710333
22.94 0.000731399
22.95 0.000725403
22.96 0.000691782
22.97 0.00063027
22.98 0.000541022
22.99 0.000424837
23 0.000283334
23.01 0.000118935
23.02 -6.52923e-05
23.03 -0.00026575
23.04 -0.000478402
23.05 -0.000698913
23.06 -0.00092284
23.07 -0.00114585
23.08 -0.00136394
23.09 -0.00157361
23.1 -0.00177174
23.11 -0.00195556
23.12 -0.00212261
23.13 -0.00227073
23.14 -0.00239804
23.15 -0.00250295
23.16 -0.00258426
23.17 -0.00264111
23.18 -0.002673
23.19 -0.00267971
23.2 -0.00266132
23.21 -0.00261828
23.22 -0.00255144
23.23 -0.00246204
23.24 -0.00235167
23.25 -0.00222219
23.26 -0.00207584
23.27 -0.00191507
23.28 -0.00174243
23.29 -0.00156049
23.3 -0.00137186
23.31 -0.00117914
23.32 -0.000984876
23.33 -0.000791648
23.34 -0.00060205
23.35 -0.000418638
23.36 -0.000243952
23.37 -8.05253e-05
23.38 6.91723e-05
23.39 0.000202748
23.4 0.000317844
23.41 0.000412155
23.42 0.000483499
23.43 0.000529882
23.44 0.000549537
23.45 0.000540948
23.46 0.000502976
23.47 0.000435053
23.48 0.000337303
23.49 0.000210576
23.5 5.64009e-05
23.51 -0.000123125
23.52 -0.000325446
23.53 -0.000547635
23.54 -0.000786453
23.55 -0.00103838
23.56 -0.00129969
23.57 -0.00156648
23.58 -0.0018347
23.59 -0.00210023
23.6 -0.002359
23.61 -0.00260705
23.62 -0.00284057
23.63 -0.00305593
23.64 -0.00324971
23.65 -0.0034188
23.66 -0.00356046
23.67 -0.00367245
23.68 -0.00375315
23.69 -0.00380158
23.7 -0.00381741
23.71 -0.003801
23.72 -0.00375338
23.73 -0.00367622
23.74 -0.00357182
23.75 -0.00344311
23.76 -0.00329365
23.77 -0.00312762
23.78 -0.00294981
23.79 -0.00276548
23.8 -0.00258019
23.81 -0.00239952
23.82 -0.00222889
23.83 -0.00207344
23.84 -0.00193795
23.85 -0.00182679
23.86 -0.00174385
23.87 -0.00169249
23.88 -0.00167549
23.89 -0.00169509
23.9 -0.001753
23.91 -0.00185049
23.92 -0.00198835
23.93 -0.00216682
23.94 -0.00238546
23.95 -0.00264312
23.96 -0.00293788
23.97 -0.00326699
23.98 -0.00362682
23.99 -0.0040128
24 -0.0044195
24.01 -0.00484078
24.02 -0.00527
24.03 -0.0057001
24.04 -0.00612362
24.05 -0.00653269
24.06 -0.00691913
24.07 -0.00727466
24.08 -0.00759128
24.09 -0.00786162
24.1 -0.00807919
24.11 -0.00823856
24.12 -0.00833555
24.13 -0.00836746
24.14 -0.00833311
24.15 -0.00823294
24.16 -0.00806896
24.17 -0.00784452
24.18 -0.00756406
24.19 -0.00723289
24.2 -0.00685715
24.21 -0.00644367
24.22 -0.00599993
24.23 -0.00553387
24.24 -0.0050538
24.25 -0.0045682
24.26 -0.00408563
24.27 -0.00361464
24.28 -0.00316366
24.29 -0.00274089
24.3 -0.00235427
24.31 -0.00201129
24.32 -0.00171867
24.33 -0.00148208
24.34 -0.00130582
24.35 -0.00119264
24.36 -0.00114376
24.37 -0.001159
24.38 -0.00123697
24.39 -0.00137505
24.4 -0.00156963
24.41 -0.00181619
24.42 -0.00210955
24.43 -0.002444
24.44 -0.0028134
24.45 -0.00321129
24.46 -0.00363087
24.47 -0.00406505
24.48 -0.00450651
24.49 -0.00494782
24.5 -0.00538162
24.51 -0.00580072
24.52 -0.00619824
24.53 -0.00656778
24.54 -0.00690358
24.55 -0.00720055
24.56 -0.00745439
24.57 -0.00766167
24.58 -0.00781994
24.59 -0.00792771
24.6 -0.0079843
24.61 -0.00798986
24.62 -0.0079453
24.63 -0.00785234
24.64 -0.00771342
24.65 -0.00753149
24.66 -0.00730988
24.67 -0.00705228
24.68 -0.00676272
24.69 -0.00644541
24.7 -0.00610478
24.71 -0.00574538
24.72 -0.00537193
24.73 -0.0049893
24.74 -0.00460241
24.75 -0.00421613
24.76 -0.00383514
24.77 -0.00346394
24.78 -0.00310689
24.79 -0.00276829
24.8 -0.0024522
24.81 -0.00216241
24.82 -0.00190245
24.83 -0.00167555
24.84 -0.00148455
24.85 -0.00133183
24.86 -0.00121923
24.87 -0.00114803
24.88 -0.00111897
24.89 -0.00113233
24.9 -0.00118793
24.91 -0.00128518
24.92 -0.00142301
24.93 -0.00159988
24.94 -0.00181374
24.95 -0.00206206
24.96 -0.00234182
24.97 -0.00264955
24.98 -0.00298142
24.99 -0.00333317
25 -0.00370014
