0.01 3.15863e-09
0.02 1.517e-08
0.03 3.72834e-08
0.04 6.69118e-08
0.05 1.01459e-07
0.06 1.38368e-07
0.07 1.75159e-07
0.08 2.09454e-07
0.09 2.3898e-07
0.1 2.61588e-07
0.11 2.75299e-07
0.12 2.78314e-07
0.13 2.69004e-07
0.14 2.45857e-07
0.15 2.07481e-07
0.16 1.5268e-07
0.17 8.04986e-08
0.18 -9.74798e-09
0.19 -1.18467e-07
0.2 -2.45774e-07
0.21 -3.91486e-07
0.22 -5.55121e-07
0.23 -7.35917e-07
0.24 -9.3286e-07
0.25 -1.14473e-06
0.26 -1.37017e-06
0.27 -1.60777e-06
0.28 -1.8559e-06
0.29 -2.11251e-06
0.3 -2.37507e-06
0.31 -2.64049e-06
0.32 -2.90518e-06
0.33 -3.16486e-06
0.34 -3.4145e-06
0.35 -3.64868e-06
0.36 -3.86185e-06
0.37 -4.0485e-06
0.38 -4.20383e-06
0.39 -4.32453e-06
0.4 -4.4094e-06
0.41 -4.45967e-06
0.42 -4.47852e-06
0.43 -4.47042e-06
0.44 -4.4412e-06
0.45 -4.39775e-06
0.46 -4.34755e-06
0.47 -4.29816e-06
0.48 -4.2565e-06
0.49 -4.22863e-06
0.5 -4.21956e-06
0.51 -4.2334e-06
0.52 -4.27367e-06
0.53 -4.34278e-06
0.54 -4.44228e-06
0.55 -4.57327e-06
0.56 -4.73593e-06
0.57 -4.92968e-06
0.58 -5.15364e-06
0.59 -5.4066e-06
0.6 -5.68695e-06
0.61 -5.99266e-06
0.62 -6.32135e-06
0.63 -6.67029e-06
0.64 -7.03657e-06
0.65 -7.41718e-06
0.66 -7.80918e-06
0.67 -8.20982e-06
0.68 -8.61658e-06
0.69 -9.02721e-06
0.7 -9.43951e-06
0.71 -9.85107e-06
0.72 -1.02588e-05
0.73 -1.06583e-05
0.74 -1.10432e-05
0.75 -1.14049e-05
0.76 -1.1732e-05
0.77 -1.20112e-05
0.78 -1.2228e-05
0.79 -1.23697e-05
0.8 -1.24269e-05
0.81 -1.23937e-05
0.82 -1.22678e-05
0.83 -1.20496e-05
0.84 -1.17423e-05
0.85 -1.13535e-05
0.86 -1.08941e-05
0.87 -1.03747e-05
0.88 -9.80141e-06
0.89 -9.17543e-06
0.9 -8.495e-06
0.91 -7.75734e-06
0.92 -6.95991e-06
0.93 -6.10236e-06
0.94 -5.18925e-06
0.95 -4.23116e-06
0.96 -3.24525e-06
0.97 -2.25419e-06
0.98 -1.28112e-06
0.99 -3.44214e-07
1 5.45333e-07
1.01 1.38265e-06
1.02 2.16938e-06
1.03 2.91252e-06
1.04 3.62194e-06
1.05 4.30798e-06
1.06 4.97815e-06
1.07 5.63538e-06
1.08 6.2795e-06
1.09 6.90999e-06
1.1 7.52681e-06
1.11 8.12902e-06
1.12 8.716e-06
1.13 9.28919e-06
1.14 9.85147e-06
1.15 1.04058e-05
1.16 1.09534e-05
1.17 1.14911e-05
1.18 1.20093e-05
1.19 1.24935e-05
1.2 1.29284e-05
1.21 1.3296e-05
1.22 1.35748e-05
1.23 1.37429e-05
1.24 1.37832e-05
1.25 1.36919e-05
1.26 1.34828e-05
1.27 1.31823e-05
1.28 1.28193e-05
1.29 1.24224e-05
1.3 1.20189e-05
1.31 1.16294e-05
1.32 1.12654e-05
1.33 1.09315e-05
1.34 1.06313e-05
1.35 1.03702e-05
1.36 1.01561e-05
1.37 9.99887e-06
1.38 9.90997e-06
1.39 9.90079e-06
1.4 9.98058e-06
1.41 1.01534e-05
1.42 1.04141e-05
1.43 1.07446e-05
1.44 1.11098e-05
1.45 1.14567e-05
1.46 1.17157e-05
1.47 1.18089e-05
1.48 1.16567e-05
1.49 1.11805e-05
1.5 1.03066e-05
1.51 8.97149e-06
1.52 7.12467e-06
1.53 4.73604e-06
1.54 1.80414e-06
1.55 -1.63657e-06
1.56 -5.51394e-06
1.57 -9.72834e-06
1.58 -1.41625e-05
1.59 -1.86894e-05
1.6 -2.31857e-05
1.61 -2.75402e-05
1.62 -3.16513e-05
1.63 -3.54294e-05
1.64 -3.87975e-05
1.65 -4.16909e-05
1.66 -4.40607e-05
1.67 -4.58753e-05
1.68 -4.71193e-05
1.69 -4.77871e-05
1.7 -4.78795e-05
1.71 -4.74035e-05
1.72 -4.63717e-05
1.73 -4.47997e-05
1.74 -4.27026e-05
1.75 -4.00907e-05
1.76 -3.69742e-05
1.77 -3.33703e-05
1.78 -2.92981e-05
1.79 -2.47736e-05
1.8 -1.98115e-05
1.81 -1.443e-05
1.82 -8.65039e-06
1.83 -2.4992e-06
1.84 3.98248e-06
1.85 1.0734e-05
1.86 1.76804e-05
1.87 2.47428e-05
1.88 3.18456e-05
1.89 3.89176e-05
1.9 4.58931e-05
1.91 5.27124e-05
1.92 5.93226e-05
1.93 6.56757e-05
1.94 7.17163e-05
1.95 7.73659e-05
1.96 8.25232e-05
1.97 8.70706e-05
1.98 9.08793e-05
1.99 9.38228e-05
2 9.5798e-05
2.01 9.67445e-05
2.02 9.66469e-05
2.03 9.55315e-05
2.04 9.34627e-05
2.05 9.05328e-05
2.06 8.68498e-05
2.07 8.25267e-05
2.08 7.76645e-05
2.09 7.23397e-05
2.1 6.66017e-05
2.11 6.04752e-05
2.12 5.39579e-05
2.13 4.70158e-05
2.14 3.9595e-05
2.15 3.16342e-05
2.16 2.3069e-05
2.17 1.38382e-05
2.18 3.8871e-06
2.19 -6.84007e-06
2.2 -1.8406e-05
2.21 -3.0874e-05
2.22 -4.42965e-05
2.23 -5.87082e-05
2.24 -7.41206e-05
2.25 -9.05273e-05
2.26 -0.000107899
2.27 -0.000126159
2.28 -0.000145176
2.29 -0.00016478
2.3 -0.000184771
2.31 -0.000204913
2.32 -0.00022494
2.33 -0.000244537
2.34 -0.000263347
2.35 -0.000280976
2.36 -0.000297006
2.37 -0.000311011
2.38 -0.000322573
2.39 -0.00033128
2.4 -0.000336751
2.41 -0.000338685
2.42 -0.000336872
2.43 -0.000331185
2.44 -0.000321559
2.45 -0.000307988
2.46 -0.000290522
2.47 -0.00026928
2.48 -0.00024445
2.49 -0.000216272
2.5 -0.000185013
2.51 -0.00015096
2.52 -0.000114404
2.53 -7.56612e-05
2.54 -3.50652e-05
2.55 7.03738e-06
2.56 5.02861e-05
2.57 9.42835e-05
2.58 0.00013858
2.59 0.000182671
2.6 0.000226015
2.61 0.000268047
2.62 0.000308213
2.63 0.000345991
2.64 0.000380908
2.65 0.000412547
2.66 0.000440551
2.67 0.000464619
2.68 0.000484502
2.69 0.000499991
2.7 0.000510909
2.71 0.000517133
2.72 0.000518584
2.73 0.00051524
2.74 0.000507148
2.75 0.000494429
2.76 0.000477259
2.77 0.000455867
2.78 0.000430552
2.79 0.000401691
2.8 0.000369735
2.81 0.000335188
2.82 0.000298581
2.83 0.000260428
2.84 0.000221216
2.85 0.000181402
2.86 0.000141411
2.87 0.000101624
2.88 6.236e-05
2.89 2.38835e-05
2.9 -1.35783e-05
2.91 -4.98266e-05
2.92 -8.46948e-05
2.93 -0.000118043
2.94 -0.000149745
2.95 -0.000179687
2.96 -0.000207758
2.97 -0.000233821
2.98 -0.000257709
2.99 -0.000279232
3 -0.000298196
3.01 -0.000314414
3.02 -0.000327728
3.03 -0.000338031
3.04 -0.000345271
3.05 -0.000349463
3.06 -0.000350691
3.07 -0.000349113
3.08 -0.000344955
3.09 -0.000338492
3.1 -0.000330009
3.11 -0.000319777
3.12 -0.000308026
3.13 -0.000294929
3.14 -0.000280617
3.15 -0.000265203
3.16 -0.000248793
3.17 -0.000231479
3.18 -0.000213345
3.19 -0.000194481
3.2 -0.000175004
3.21 -0.000155043
3.22 -0.000134705
3.23 -0.000114056
3.24 -9.31308e-05
3.25 -7.19291e-05
3.26 -5.04372e-05
3.27 -2.86066e-05
3.28 -6.34097e-06
3.29 1.64678e-05
3.3 3.99075e-05
3.31 6.40632e-05
3.32 8.90171e-05
3.33 0.000114799
3.34 0.000141344
3.35 0.000168465
3.36 0.000195843
3.37 0.000223041
3.38 0.000249522
3.39 0.000274665
3.4 0.000297774
3.41 0.000318113
3.42 0.000334942
3.43 0.000347561
3.44 0.000355338
3.45 0.000357721
3.46 0.000354253
3.47 0.000344619
3.48 0.000328695
3.49 0.000306564
3.5 0.000278511
3.51 0.000244999
3.52 0.000206657
3.53 0.000164253
3.54 0.000118652
3.55 7.07562e-05
3.56 2.1435e-05
3.57 -2.84922e-05
3.58 -7.82204e-05
3.59 -0.000126958
3.6 -0.000173973
3.61 -0.00021862
3.62 -0.00026034
3.63 -0.000298662
3.64 -0.000333214
3.65 -0.00036372
3.66 -0.00039001
3.67 -0.000412026
3.68 -0.00042983
3.69 -0.000443571
3.7 -0.000453442
3.71 -0.000459651
3.72 -0.000462448
3.73 -0.000462091
3.74 -0.000458819
3.75 -0.000452862
3.76 -0.00044445
3.77 -0.000433797
3.78 -0.000421103
3.79 -0.000406555
3.8 -0.00039032
3.81 -0.000372518
3.82 -0.000353231
3.83 -0.000332533
3.84 -0.000310482
3.85 -0.000287137
3.86 -0.000262598
3.87 -0.000237056
3.88 -0.000210809
3.89 -0.000184275
3.9 -0.000157984
3.91 -0.000132574
3.92 -0.000108776
3.93 -8.738e-05
3.94 -6.91748e-05
3.95 -5.4916e-05
3.96 -4.52961e-05
3.97 -4.08974e-05
3.98 -4.21288e-05
3.99 -4.91869e-05
4 -6.20557e-05
4.01 -8.05143e-05
4.02 -0.000104151
4.03 -0.000132383
4.04 -0.000164468
4.05 -0.00019951
4.06 -0.000236479
4.07 -0.00027421
4.08 -0.000311399
4.09 -0.000346636
4.1 -0.000378459
4.11 -0.000405429
4.12 -0.000426242
4.13 -0.000439829
4.14 -0.000445401
4.15 -0.00044251
4.16 -0.000431112
4.17 -0.000411576
4.18 -0.000384624
4.19 -0.000351268
4.2 -0.000312771
4.21 -0.000270575
4.22 -0.000226197
4.23 -0.000181122
4.24 -0.000136711
4.25 -9.42059e-05
4.26 -5.47572e-05
4.27 -1.93837e-05
4.28 1.10673e-05
4.29 3.59454e-05
4.3 5.48202e-05
4.31 6.74711e-05
4.32 7.38607e-05
4.33 7.4124e-05
4.34 6.85861e-05
4.35 5.77801e-05
4.36 4.24341e-05
4.37 2.34438e-05
4.38 1.83055e-06
4.39 -2.13081e-05
4.4 -4.48217e-05
4.41 -6.7519e-05
4.42 -8.81978e-05
4.43 -0.000105693
4.44 -0.000118913
4.45 -0.000126886
4.46 -0.00012885
4.47 -0.000124306
4.48 -0.00011302
4.49 -9.49749e-05
4.5 -7.02872e-05
4.51 -3.91802e-05
4.52 -2.02391e-06
4.53 4.06325e-05
4.54 8.80778e-05
4.55 0.000139464
4.56 0.000193829
4.57 0.000250117
4.58 0.00030719
4.59 0.000363859
4.6 0.000418915
4.61 0.00047117
4.62 0.000519531
4.63 0.000563012
4.64 0.00060074
4.65 0.000631985
4.66 0.000656182
4.67 0.000672983
4.68 0.000682278
4.69 0.000684167
4.7 0.000678899
4.71 0.000666802
4.72 0.000648255
4.73 0.000623691
4.74 0.000593581
4.75 0.000558359
4.76 0.000518422
4.77 0.000474161
4.78 0.000425978
4.79 0.000374303
4.8 0.000319593
4.81 0.000262267
4.82 0.000202715
4.83 0.000141359
4.84 7.86321e-05
4.85 1.49269e-05
4.86 -4.93925e-05
4.87 -0.00011392
4.88 -0.000178191
4.89 -0.000241731
4.9 -0.000304062
4.91 -0.000364673
4.92 -0.000423017
4.93 -0.000478531
4.94 -0.000530669
4.95 -0.000578916
4.96 -0.000622777
4.97 -0.000661765
4.98 -0.000695389
4.99 -0.000723167
5 -0.000744636
5.01 -0.000759404
5.02 -0.000767214
5.03 -0.000767992
5.04 -0.000761864
5.05 -0.000749145
5.06 -0.00073035
5.07 -0.000706205
5.08 -0.00067759
5.09 -0.000645476
5.1 -0.000610918
5.11 -0.000575035
5.12 -0.000538923
5.13 -0.000503604
5.14 -0.000470001
5.15 -0.000438879
5.16 -0.00041078
5.17 -0.000385982
5.18 -0.000364531
5.19 -0.000346292
5.2 -0.00033096
5.21 -0.000318063
5.22 -0.000307024
5.23 -0.000297242
5.24 -0.000288133
5.25 -0.000279126
5.26 -0.00026961
5.27 -0.000258919
5.28 -0.000246358
5.29 -0.000231259
5.3 -0.000213023
5.31 -0.000191122
5.32 -0.00016515
5.33 -0.000134908
5.34 -0.000100456
5.35 -6.2098e-05
5.36 -2.04034e-05
5.37 2.37492e-05
5.38 6.92131e-05
5.39 0.000114697
5.4 0.000158869
5.41 0.000200407
5.42 0.000238055
5.43 0.000270699
5.44 0.000297433
5.45 0.000317591
5.46 0.000330742
5.47 0.000336652
5.48 0.000335227
5.49 0.000326503
5.5 0.000310674
5.51 0.00028811
5.52 0.000259309
5.53 0.00022484
5.54 0.00018534
5.55 0.000141538
5.56 9.42354e-05
5.57 4.42261e-05
5.58 -7.76597e-06
5.59 -6.10743e-05
5.6 -0.000115047
5.61 -0.000169011
5.62 -0.000222267
5.63 -0.000274109
5.64 -0.000323819
5.65 -0.000370692
5.66 -0.000414077
5.67 -0.000453333
5.68 -0.000487824
5.69 -0.000516899
5.7 -0.000539896
5.71 -0.000556145
5.72 -0.000564963
5.73 -0.000565706
5.74 -0.000557809
5.75 -0.000540781
5.76 -0.000514239
5.77 -0.000477974
5.78 -0.000431986
5.79 -0.000376527
5.8 -0.000312126
5.81 -0.000239603
5.82 -0.000160074
5.83 -7.49652e-05
5.84 1.40342e-05
5.85 0.00010505
5.86 0.000196091
5.87 0.000285103
5.88 0.000370025
5.89 0.000448852
5.9 0.000519692
5.91 0.000580849
5.92 0.000630876
5.93 0.000668585
5.94 0.000693075
5.95 0.000703769
5.96 0.000700481
5.97 0.000683481
5.98 0.00065347
5.99 0.000611519
6 0.000559032
6.01 0.000497672
6.02 0.000429257
6.03 0.00035569
6.04 0.000278946
6.05 0.000201016
6.06 0.000123839
6.07 4.91961e-05
6.08 -2.1361e-05
6.09 -8.65173e-05
6.1 -0.000145162
6.11 -0.000196384
6.12 -0.000239498
6.13 -0.000274044
6.14 -0.000299731
6.15 -0.000316365
6.16 -0.000323805
6.17 -0.000321901
6.18 -0.000310405
6.19 -0.000288978
6.2 -0.000257272
6.21 -0.000214999
6.22 -0.00016191
6.23 -9.78097e-05
6.24 -2.26255e-05
6.25 6.35569e-05
6.26 0.000160524
6.27 0.000267935
6.28 0.000385329
6.29 0.00051217
6.3 0.000647864
6.31 0.000791768
6.32 0.000943224
6.33 0.00110156
6.34 0.00126606
6.35 0.001436
6.36 0.00161052
6.37 0.00178858
6.38 0.00196876
6.39 0.00214937
6.4 0.00232848
6.41 0.00250403
6.42 0.00267394
6.43 0.00283626
6.44 0.00298921
6.45 0.00313133
6.46 0.00326157
6.47 0.00337919
6.48 0.0034837
6.49 0.00357465
6.5 0.00365159
6.51 0.00371386
6.52 0.00376055
6.53 0.00379051
6.54 0.00380239
6.55 0.0037946
6.56 0.00376532
6.57 0.00371269
6.58 0.00363492
6.59 0.00353048
6.6 0.00339828
6.61 0.00323785
6.62 0.00304932
6.63 0.00283351
6.64 0.00259185
6.65 0.00232627
6.66 0.00203895
6.67 0.00173231
6.68 0.0014089
6.69 0.00107142
6.7 0.000722655
6.71 0.000365511
6.72 2.97063e-06
6.73 -0.000361929
6.74 -0.00072611
6.75 -0.00108641
6.76 -0.0014396
6.77 -0.00178237
6.78 -0.00211145
6.79 -0.00242356
6.8 -0.00271551
6.81 -0.00298428
6.82 -0.00322715
6.83 -0.0034418
6.84 -0.00362629
6.85 -0.00377918
6.86 -0.00389952
6.87 -0.00398688
6.88 -0.00404127
6.89 -0.00406314
6.9 -0.00405316
6.91 -0.00401223
6.92 -0.00394128
6.93 -0.0038413
6.94 -0.00371326
6.95 -0.00355813
6.96 -0.00337695
6.97 -0.00317098
6.98 -0.00294182
6.99 -0.0026916
7 -0.0024229
7.01 -0.00213888
7.02 -0.00184315
7.03 -0.00153956
7.04 -0.00123206
7.05 -0.000924444
7.06 -0.000620223
7.07 -0.000322447
7.08 -3.36883e-05
7.09 0.000243959
7.1 0.000508824
7.11 0.000759578
7.12 0.000995119
7.13 0.00121436
7.14 0.00141604
7.15 0.00159868
7.16 0.00176058
7.17 0.00189995
7.18 0.00201498
7.19 0.00210398
7.2 0.0021655
7.21 0.00219848
7.22 0.00220232
7.23 0.00217708
7.24 0.00212341
7.25 0.00204261
7.26 0.00193649
7.27 0.00180726
7.28 0.00165734
7.29 0.00148919
7.3 0.0013052
7.31 0.00110765
7.32 0.000898589
7.33 0.000679894
7.34 0.000453408
7.35 0.000221023
7.36 -1.52016e-05
7.37 -0.000252938
7.38 -0.000489529
7.39 -0.000722
7.4 -0.000947131
7.41 -0.00116158
7.42 -0.00136201
7.43 -0.00154532
7.44 -0.00170884
7.45 -0.00185045
7.46 -0.00196858
7.47 -0.00206234
7.48 -0.00213146
7.49 -0.00217631
7.5 -0.0021979
7.51 -0.00219777
7.52 -0.00217792
7.53 -0.00214061
7.54 -0.00208827
7.55 -0.00202335
7.56 -0.00194836
7.57 -0.00186589
7.58 -0.00177858
7.59 -0.00168911
7.6 -0.00160015
7.61 -0.00151431
7.62 -0.00143393
7.63 -0.00136087
7.64 -0.00129644
7.65 -0.0012414
7.66 -0.00119593
7.67 -0.00115951
7.68 -0.00113094
7.69 -0.00110837
7.7 -0.00108939
7.71 -0.0010712
7.72 -0.00105097
7.73 -0.00102617
7.74 -0.000994767
7.75 -0.000955278
7.76 -0.000906832
7.77 -0.000849036
7.78 -0.000781909
7.79 -0.000705862
7.8 -0.0006217
7.81 -0.000530573
7.82 -0.000433903
7.83 -0.000333367
7.84 -0.000230887
7.85 -0.000128542
7.86 -2.84757e-05
7.87 6.71488e-05
7.88 0.000156233
7.89 0.000236878
7.9 0.000307461
7.91 0.00036668
7.92 0.0004136
7.93 0.000447706
7.94 0.000468897
7.95 0.000477461
7.96 0.000474027
7.97 0.000459536
7.98 0.000435216
7.99 0.000402522
8 0.000363006
8.01 0.000318197
8.02 0.000269555
8.03 0.000218427
8.04 0.000165961
8.05 0.000113036
8.06 6.02318e-05
8.07 7.86307e-06
8.08 -4.39335e-05
8.09 -9.50941e-05
8.1 -0.000145515
8.11 -0.000194911
8.12 -0.000242665
8.13 -0.00028781
8.14 -0.000329086
8.15 -0.000364989
8.16 -0.000393813
8.17 -0.000413733
8.18 -0.000422926
8.19 -0.000419683
8.2 -0.000402481
8.21 -0.000370067
8.22 -0.000321556
8.23 -0.000256426
8.24 -0.000174471
8.25 -7.58384e-05
8.26 3.89209e-05
8.27 0.000168856
8.28 0.000312635
8.29 0.000468514
8.3 0.000634292
8.31 0.000807256
8.32 0.000984105
8.33 0.00116097
8.34 0.00133354
8.35 0.00149719
8.36 0.00164723
8.37 0.00177918
8.38 0.00188899
8.39 0.00197332
8.4 0.00202968
8.41 0.00205652
8.42 0.00205311
8.43 0.0020195
8.44 0.00195649
8.45 0.00186558
8.46 0.00174897
8.47 0.00160951
8.48 0.00145058
8.49 0.00127593
8.5 0.00108958
8.51 0.000895616
8.52 0.00069809
8.53 0.000500757
8.54 0.000306928
8.55 0.000119389
8.56 -5.95638e-05
8.57 -0.000228029
8.58 -0.000384438
8.59 -0.000527502
8.6 -0.00065615
8.61 -0.000769461
8.62 -0.000866566
8.63 -0.000946552
8.64 -0.00100842
8.65 -0.00105109
8.66 -0.00107336
8.67 -0.00107406
8.68 -0.00105204
8.69 -0.00100638
8.7 -0.000936435
8.71 -0.000841826
8.72 -0.000722537
8.73 -0.000579021
8.74 -0.000412214
8.75 -0.000223506
8.76 -1.47938e-05
8.77 0.00021146
8.78 0.000452269
8.79 0.000704218
8.8 0.000963504
8.81 0.00122599
8.82 0.00148731
8.83 0.00174306
8.84 0.001989
8.85 0.00222117
8.86 0.002436
8.87 0.00263026
8.88 0.00280112
8.89 0.00294625
8.9 0.00306392
8.91 0.00315296
8.92 0.00321273
8.93 0.00324308
8.94 0.00324422
8.95 0.00321667
8.96 0.00316115
8.97 0.0030786
8.98 0.00297018
8.99 0.00283717
9 0.0026809
9.01 0.00250264
9.02 0.00230365
9.03 0.00208507
9.04 0.00184803
9.05 0.00159375
9.06 0.00132368
9.07 0.00103953
9.08 0.000743338
9.09 0.000437409
9.1 0.000124243
9.11 -0.000193563
9.12 -0.000513376
9.13 -0.000832539
9.14 -0.00114841
9.15 -0.00145838
9.16 -0.0017598
9.17 -0.0020499
9.18 -0.00232567
9.19 -0.00258392
9.2 -0.00282116
9.21 -0.00303371
9.22 -0.00321761
9.23 -0.00336878
9.24 -0.00348323
9.25 -0.00355732
9.26 -0.00358803
9.27 -0.00357319
9.28 -0.00351155
9.29 -0.00340294
9.3 -0.00324816
9.31 -0.00304879
9.32 -0.00280696
9.33 -0.00252538
9.34 -0.00220724
9.35 -0.00185614
9.36 -0.00147606
9.37 -0.00107127
9.38 -0.000646338
9.39 -0.000206021
9.4 0.000244682
9.41 0.000700503
9.42 0.00115591
9.43 0.00160507
9.44 0.00204189
9.45 0.00245998
9.46 0.0028529
9.47 0.00321437
9.48 0.00353843
9.49 0.00381974
9.5 0.00405376
9.51 0.00423688
9.52 0.00436646
9.53 0.00444087
9.54 0.00445933
9.55 0.00442182
9.56 0.00432892
9.57 0.00418169
9.58 0.0039816
9.59 0.00373039
9.6 0.00343015
9.61 0.00308336
9.62 0.00269299
9.63 0.0022626
9.64 0.00179642
9.65 0.00129934
9.66 0.000776928
9.67 0.000235275
9.68 -0.000319035
9.69 -0.000879065
9.7 -0.0014377
9.71 -0.00198788
9.72 -0.00252275
9.73 -0.0030358
9.74 -0.00352101
9.75 -0.00397301
9.76 -0.00438711
9.77 -0.00475932
9.78 -0.0050864
9.79 -0.00536579
9.8 -0.00559573
9.81 -0.0057752
9.82 -0.00590393
9.83 -0.00598233
9.84 -0.0060115
9.85 -0.00599316
9.86 -0.00592956
9.87 -0.00582332
9.88 -0.00567734
9.89 -0.00549479
9.9 -0.00527903
9.91 -0.00503345
9.92 -0.00476146
9.93 -0.00446637
9.94 -0.00415145
9.95 -0.00381986
9.96 -0.00347471
9.97 -0.00311917
9.98 -0.00275663
9.99 -0.00239067
10 -0.00202512
10.01 -0.00166394
10.02 -0.00131123
10.03 -0.000971243
10.04 -0.000648155
10.05 -0.000345914
10.06 -6.80515e-05
10.07 0.000182399
10.08 0.000402933
10.09 0.000591577
10.1 0.000746894
10.11 0.000867964
10.12 0.000954275
10.13 0.00100558
10.14 0.00102188
10.15 0.00100341
10.16 0.000950647
10.17 0.00086437
10.18 0.000745755
10.19 0.00059644
10.2 0.000418553
10.21 0.000214681
10.22 -1.22349e-05
10.23 -0.000258973
10.24 -0.000522062
10.25 -0.000797867
10.26 -0.00108271
10.27 -0.00137296
10.28 -0.00166501
10.29 -0.00195534
10.3 -0.00224053
10.31 -0.00251723
10.32 -0.00278217
10.33 -0.00303211
10.34 -0.003264
10.35 -0.00347501
10.36 -0.00366257
10.37 -0.0038244
10.38 -0.00395851
10.39 -0.00406323
10.4 -0.00413718
10.41 -0.00417923
10.42 -0.00418848
10.43 -0.00416418
10.44 -0.00410575
10.45 -0.00401276
10.46 -0.00388498
10.47 -0.0037225
10.48 -0.00352584
10.49 -0.00329606
10.5 -0.00303481
10.51 -0.00274445
10.52 -0.00242789
10.53 -0.00208863
10.54 -0.00173059
10.55 -0.001358
10.56 -0.000975272
10.57 -0.000586919
10.58 -0.000197534
10.59 0.000188317
10.6 0.000566169
10.61 0.000931663
10.62 0.00128056
10.63 0.00160877
10.64 0.00191238
10.65 0.00218766
10.66 0.00243113
10.67 0.00263962
10.68 0.00281036
10.69 0.00294111
10.7 0.00303025
10.71 0.00307681
10.72 0.00308048
10.73 0.00304151
10.74 0.00296077
10.75 0.00283963
10.76 0.00267995
10.77 0.00248407
10.78 0.00225481
10.79 0.00199542
10.8 0.00170951
10.81 0.00140099
10.82 0.00107402
10.83 0.000732988
10.84 0.000382431
10.85 2.69347e-05
10.86 -0.000328963
10.87 -0.000680884
10.88 -0.00102465
10.89 -0.00135626
10.9 -0.00167196
10.91 -0.00196825
10.92 -0.00224181
10.93 -0.00248947
10.94 -0.00270814
10.95 -0.00289485
10.96 -0.00304678
10.97 -0.00316132
10.98 -0.00323617
10.99 -0.00326945
11 -0.00325981
11.01 -0.00320649
11.02 -0.00310935
11.03 -0.00296887
11.04 -0.00278625
11.05 -0.00256328
11.06 -0.0023023
11.07 -0.00200612
11.08 -0.00167799
11.09 -0.00132159
11.1 -0.000940888
11.11 -0.000540062
11.12 -0.000123396
11.13 0.000304787
11.14 0.000740114
11.15 0.00117817
11.16 0.00161459
11.17 0.00204523
11.18 0.00246624
11.19 0.00287414
11.2 0.00326581
11.21 0.00363857
11.22 0.0039901
11.23 0.00431844
11.24 0.0046218
11.25 0.00489835
11.26 0.00514612
11.27 0.00536301
11.28 0.00554688
11.29 0.00569571
11.3 0.00580773
11.31 0.00588151
11.32 0.00591604
11.33 0.00591084
11.34 0.00586603
11.35 0.00578249
11.36 0.00566188
11.37 0.00550655
11.38 0.00531934
11.39 0.00510341
11.4 0.0048622
11.41 0.00459926
11.42 0.00431815
11.43 0.0040223
11.44 0.003715
11.45 0.00339946
11.46 0.00307882
11.47 0.00275624
11.48 0.00243504
11.49 0.00211873
11.5 0.0018111
11.51 0.00151617
11.52 0.0012381
11.53 0.000981044
11.54 0.000748998
11.55 0.000545675
11.56 0.000374303
11.57 0.000237467
11.58 0.000137059
11.59 7.43169e-05
11.6 4.994e-05
11.61 6.42051e-05
11.62 0.000116979
11.63 0.000207716
11.64 0.00033549
11.65 0.000498982
11.66 0.000696461
11.67 0.000925844
11.68 0.0011847
11.69 0.00147019
11.7 0.00177907
11.71 0.00210763
11.72 0.00245171
11.73 0.00280676
11.74 0.00316781
11.75 0.00352958
11.76 0.00388642
11.77 0.00423231
11.78 0.00456091
11.79 0.00486568
11.8 0.0051402
11.81 0.00537846
11.82 0.00557515
11.83 0.00572578
11.84 0.00582671
11.85 0.00587522
11.86 0.00586945
11.87 0.00580827
11.88 0.0056912
11.89 0.00551847
11.9 0.00529101
11.91 0.00501041
11.92 0.00467895
11.93 0.00429949
11.94 0.0038755
11.95 0.00341095
11.96 0.00291028
11.97 0.00237829
11.98 0.00182024
11.99 0.00124182
12 0.000649101
12.01 4.84171e-05
12.02 -0.00055366
12.03 -0.00115033
12.04 -0.00173461
12.05 -0.00229952
12.06 -0.00283818
12.07 -0.00334402
12.08 -0.00381095
12.09 -0.00423359
12.1 -0.00460736
12.11 -0.00492852
12.12 -0.0051942
12.13 -0.00540251
12.14 -0.00555255
12.15 -0.00564441
12.16 -0.00567908
12.17 -0.00565833
12.18 -0.00558456
12.19 -0.00546075
12.2 -0.0052904
12.21 -0.00507748
12.22 -0.00482623
12.23 -0.00454112
12.24 -0.00422695
12.25 -0.00388868
12.26 -0.00353134
12.27 -0.00315992
12.28 -0.00277938
12.29 -0.00239456
12.3 -0.00201016
12.31 -0.00163068
12.32 -0.00126027
12.33 -0.000902691
12.34 -0.000561236
12.35 -0.000238808
12.36 6.2112e-05
12.37 0.000339546
12.38 0.000592048
12.39 0.000818638
12.4 0.00101877
12.41 0.00119229
12.42 0.00133929
12.43 0.00146002
12.44 0.00155491
12.45 0.00162467
12.46 0.00167024
12.47 0.00169279
12.48 0.00169401
12.49 0.00167618
12.5 0.00164225
12.51 0.00159578
12.52 0.00154086
12.53 0.00148194
12.54 0.00142362
12.55 0.00137036
12.56 0.00132628
12.57 0.0012951
12.58 0.00128008
12.59 0.0012841
12.6 0.00130977
12.61 0.00135934
12.62 0.00143467
12.63 0.00153701
12.64 0.00166698
12.65 0.00182468
12.66 0.00200962
12.67 0.00222069
12.68 0.00245607
12.69 0.00271324
12.7 0.00298899
12.71 0.00327962
12.72 0.00358103
12.73 0.00388892
12.74 0.00419883
12.75 0.00450629
12.76 0.00480694
12.77 0.00509664
12.78 0.00537148
12.79 0.00562781
12.8 0.00586226
12.81 0.00607174
12.82 0.00625334
12.83 0.00640436
12.84 0.00652241
12.85 0.00660548
12.86 0.00665202
12.87 0.00666103
12.88 0.0066321
12.89 0.00656556
12.9 0.00646236
12.91 0.00632404
12.92 0.00615254
12.93 0.00595013
12.94 0.00571932
12.95 0.00546278
12.96 0.00518333
12.97 0.00488386
12.98 0.00456741
12.99 0.0042371
13 0.00389616
13.01 0.00354794
13.02 0.00319604
13.03 0.00284423
13.04 0.00249641
13.05 0.00215646
13.06 0.00182806
13.07 0.00151462
13.08 0.00121913
13.09 0.000944123
13.1 0.000691587
13.11 0.000462971
13.12 0.000259261
13.13 8.11045e-05
13.14 -7.10972e-05
13.15 -0.000197112
13.16 -0.000296778
13.17 -0.000369981
13.18 -0.000416677
13.19 -0.000436917
13.2 -0.000430913
13.21 -0.00039912
13.22 -0.000342277
13.23 -0.000261411
13.24 -0.000157839
13.25 -3.31707e-05
13.26 0.000110682
13.27 0.000271528
13.28 0.000446904
13.29 0.000634096
13.3 0.000830178
13.31 0.00103201
13.32 0.00123621
13.33 0.00143921
13.34 0.00163735
13.35 0.00182701
13.36 0.00200472
13.37 0.00216727
13.38 0.00231184
13.39 0.00243593
13.4 0.00253751
13.41 0.00261497
13.42 0.00266722
13.43 0.00269371
13.44 0.00269441
13.45 0.00266978
13.46 0.00262084
13.47 0.00254903
13.48 0.00245623
13.49 0.00234466
13.5 0.00221683
13.51 0.00207549
13.52 0.00192356
13.53 0.00176413
13.54 0.00160046
13.55 0.00143592
13.56 0.00127394
13.57 0.00111789
13.58 0.000970961
13.59 0.000835982
13.6 0.000715436
13.61 0.000611466
13.62 0.000525926
13.63 0.000460435
13.64 0.000416353
13.65 0.000394741
13.66 0.000396397
13.67 0.000421896
13.68 0.000471505
13.69 0.000545081
13.7 0.000642032
13.71 0.000761352
13.72 0.000901652
13.73 0.00106114
13.74 0.0012376
13.75 0.00142836
13.76 0.00163035
13.77 0.00184001
13.78 0.00205338
13.79 0.00226606
13.8 0.00247329
13.81 0.00266992
13.82 0.0028505
13.83 0.00300967
13.84 0.00314262
13.85 0.00324552
13.86 0.00331562
13.87 0.00335113
13.88 0.00335082
13.89 0.00331387
13.9 0.0032398
13.91 0.0031286
13.92 0.00298067
13.93 0.00279678
13.94 0.00257805
13.95 0.00232597
13.96 0.00204236
13.97 0.00172943
13.98 0.00138972
13.99 0.00102601
14 0.000641254
14.01 0.000238533
14.02 -0.000178923
14.03 -0.000607738
14.04 -0.00104439
14.05 -0.00148524
14.06 -0.00192669
14.07 -0.00236526
14.08 -0.00279768
14.09 -0.00322099
14.1 -0.00363261
14.11 -0.00403039
14.12 -0.00441265
14.13 -0.00477822
14.14 -0.00512646
14.15 -0.00545727
14.16 -0.005771
14.17 -0.0060684
14.18 -0.00635035
14.19 -0.00661784
14.2 -0.00687198
14.21 -0.00711398
14.22 -0.00734519
14.23 -0.00756708
14.24 -0.00778133
14.25 -0.00798978
14.26 -0.00819443
14.27 -0.00839733
14.28 -0.00860046
14.29 -0.00880565
14.3 -0.00901443
14.31 -0.00922796
14.32 -0.00944696
14.33 -0.00967168
14.34 -0.00990272
14.35 -0.0101419
14.36 -0.0103914
14.37 -0.0106536
14.38 -0.0109312
14.39 -0.0112268
14.4 -0.0115432
14.41 -0.0118832
14.42 -0.0122496
14.43 -0.012645
14.44 -0.0130718
14.45 -0.0135318
14.46 -0.0140263
14.47 -0.0145562
14.48 -0.015122
14.49 -0.0157238
14.5 -0.016362
14.51 -0.0170364
14.52 -0.0177474
14.53 -0.0184952
14.54 -0.0192803
14.55 -0.0201031
14.56 -0.0209643
14.57 -0.0218644
14.58 -0.022804
14.59 -0.0237837
14.6 -0.0248038
14.61 -0.0258647
14.62 -0.0269659
14.63 -0.0281065
14.64 -0.0292849
14.65 -0.0304985
14.66 -0.031744
14.67 -0.0330173
14.68 -0.0343143
14.69 -0.0356307
14.7 -0.0369627
14.71 -0.0383066
14.72 -0.0396589
14.73 -0.0410153
14.74 -0.0423704
14.75 -0.0437182
14.76 -0.0450518
14.77 -0.0463645
14.78 -0.0476499
14.79 -0.0489013
14.8 -0.0501125
14.81 -0.0512769
14.82 -0.0523883
14.83 -0.0534404
14.84 -0.0544271
14.85 -0.0553426
14.86 -0.056181
14.87 -0.0569366
14.88 -0.0576037
14.89 -0.0581765
14.9 -0.0586492
14.91 -0.0590159
14.92 -0.0592706
14.93 -0.0594075
14.94 -0.0594205
14.95 -0.0593038
14.96 -0.0590526
14.97 -0.0586646
14.98 -0.0581395
14.99 -0.0574791
15 -0.0566878
15.01 -0.0557731
15.02 -0.0547453
15.03 -0.053617
15.04 -0.0524025
15.05 -0.0511179
15.06 -0.0497807
15.07 -0.0484096
15.08 -0.047024
15.09 -0.0456435
15.1 -0.044287
15.11 -0.0429734
15.12 -0.0417208
15.13 -0.0405467
15.14 -0.0394674
15.15 -0.0384936
15.16 -0.0376276
15.17 -0.0368704
15.18 -0.0362243
15.19 -0.0356908
15.2 -0.0352713
15.21 -0.0349669
15.22 -0.034779
15.23 -0.0347091
15.24 -0.0347588
15.25 -0.0349295
15.26 -0.0352216
15.27 -0.0356346
15.28 -0.0361674
15.29 -0.0368174
15.3 -0.0375806
15.31 -0.0384515
15.32 -0.0394224
15.33 -0.0404845
15.34 -0.0416274
15.35 -0.04284
15.36 -0.0441108
15.37 -0.045428
15.38 -0.0467794
15.39 -0.0481525
15.4 -0.0495345
15.41 -0.0509124
15.42 -0.0522728
15.43 -0.0536026
15.44 -0.0548881
15.45 -0.0561221
15.46 -0.0573061
15.47 -0.0584424
15.48 -0.0595299
15.49 -0.0605666
15.5 -0.0615498
15.51 -0.0624758
15.52 -0.0633401
15.53 -0.064138
15.54 -0.0648647
15.55 -0.0655156
15.56 -0.0660859
15.57 -0.066571
15.58 -0.0669665
15.59 -0.0672677
15.6 -0.0674702
15.61 -0.0675695
15.62 -0.0675613
15.63 -0.0674415
15.64 -0.067207
15.65 -0.0668562
15.66 -0.0663882
15.67 -0.0658039
15.68 -0.0651052
15.69 -0.0642953
15.7 -0.0633788
15.71 -0.0623614
15.72 -0.0612496
15.73 -0.060051
15.74 -0.0587739
15.75 -0.0574273
15.76 -0.0560207
15.77 -0.0545644
15.78 -0.053069
15.79 -0.0515455
15.8 -0.0500052
15.81 -0.0484597
15.82 -0.0469171
15.83 -0.0453778
15.84 -0.0438378
15.85 -0.0422935
15.86 -0.0407414
15.87 -0.0391782
15.88 -0.0376009
15.89 -0.0360067
15.9 -0.034393
15.91 -0.0327578
15.92 -0.0310988
15.93 -0.029414
15.94 -0.0277013
15.95 -0.0259586
15.96 -0.0241845
15.97 -0.0223777
15.98 -0.0205373
15.99 -0.018663
16 -0.016755
16.01 -0.014814
16.02 -0.0128415
16.03 -0.0108399
16.04 -0.00881245
16.05 -0.00676333
16.06 -0.00469738
16.07 -0.00261978
16.08 -0.000535667
16.09 0.00154994
16.1 0.00363213
16.11 0.0057061
16.12 0.00776706
16.13 0.00981024
16.14 0.0118308
16.15 0.0138239
16.16 0.0157844
16.17 0.0177075
16.18 0.0195881
16.19 0.0214211
16.2 0.0232015
16.21 0.0249246
16.22 0.0265859
16.23 0.0281816
16.24 0.0297083
16.25 0.0311638
16.26 0.0325463
16.27 0.0338551
16.28 0.03509
16.29 0.0362508
16.3 0.0373378
16.31 0.0383513
16.32 0.0392919
16.33 0.0401601
16.34 0.0409568
16.35 0.041683
16.36 0.0423395
16.37 0.0429273
16.38 0.0434475
16.39 0.0439011
16.4 0.0442894
16.41 0.0446137
16.42 0.0448751
16.43 0.045075
16.44 0.0452142
16.45 0.0452939
16.46 0.0453149
16.47 0.0452784
16.48 0.0451855
16.49 0.0450384
16.5 0.0448394
16.51 0.0445917
16.52 0.0442986
16.53 0.043964
16.54 0.0435923
16.55 0.0431882
16.56 0.0427568
16.57 0.042303
16.58 0.0418319
16.59 0.0413488
16.6 0.0408586
16.61 0.0403661
16.62 0.0398759
16.63 0.0393921
16.64 0.0389183
16.65 0.0384576
16.66 0.0380128
16.67 0.0375858
16.68 0.037178
16.69 0.0367903
16.7 0.036423
16.71 0.0360761
16.72 0.0357499
16.73 0.0354446
16.74 0.035161
16.75 0.0349
16.76 0.0346625
16.77 0.0344496
16.78 0.0342621
16.79 0.034101
16.8 0.0339669
16.81 0.0338607
16.82 0.0337829
16.83 0.0337336
16.84 0.033713
16.85 0.0337209
16.86 0.0337568
16.87 0.0338197
16.88 0.0339083
16.89 0.0340209
16.9 0.0341551
16.91 0.0343084
16.92 0.034478
16.93 0.0346609
16.94 0.0348539
16.95 0.0350541
16.96 0.0352586
16.97 0.0354643
16.98 0.0356685
16.99 0.0358684
17 0.0360617
17.01 0.0362459
17.02 0.0364188
17.03 0.0365783
17.04 0.0367225
17.05 0.0368494
17.06 0.0369574
17.07 0.0370452
17.08 0.0371115
17.09 0.0371557
17.1 0.0371771
17.11 0.0371753
17.12 0.0371501
17.13 0.0371016
17.14 0.0370303
17.15 0.0369369
17.16 0.0368222
17.17 0.0366872
17.18 0.0365334
17.19 0.0363622
17.2 0.0361753
17.21 0.0359747
17.22 0.0357624
17.23 0.0355405
17.24 0.0353114
17.25 0.0350771
17.26 0.03484
17.27 0.034602
17.28 0.0343651
17.29 0.0341311
17.3 0.0339017
17.31 0.0336786
17.32 0.0334633
17.33 0.0332573
17.34 0.0330618
17.35 0.0328778
17.36 0.0327059
17.37 0.0325461
17.38 0.0323981
17.39 0.032261
17.4 0.0321331
17.41 0.0320126
17.42 0.0318967
17.43 0.0317828
17.44 0.0316681
17.45 0.0315505
17.46 0.0314282
17.47 0.0313
17.48 0.0311654
17.49 0.0310244
17.5 0.0308769
17.51 0.0307232
17.52 0.0305634
17.53 0.0303978
17.54 0.0302265
17.55 0.0300498
17.56 0.0298684
17.57 0.029683
17.58 0.0294947
17.59 0.0293049
17.6 0.0291154
17.61 0.0289284
17.62 0.0287463
17.63 0.0285722
17.64 0.0284093
17.65 0.028261
17.66 0.0281307
17.67 0.0280222
17.68 0.0279388
17.69 0.027884
17.7 0.0278606
17.71 0.0278712
17.72 0.0279174
17.73 0.0280003
17.74 0.02812
17.75 0.0282764
17.76 0.0284691
17.77 0.0286974
17.78 0.0289611
17.79 0.0292596
17.8 0.0295927
17.81 0.0299598
17.82 0.0303601
17.83 0.0307925
17.84 0.0312554
17.85 0.0317469
17.86 0.0322648
17.87 0.0328065
17.88 0.0333689
17.89 0.0339485
17.9 0.034541
17.91 0.0351415
17.92 0.0357448
17.93 0.0363451
17.94 0.0369366
17.95 0.0375137
17.96 0.0380705
17.97 0.0386015
17.98 0.0391013
17.99 0.0395647
18 0.0399869
18.01 0.0403637
18.02 0.0406914
18.03 0.0409668
18.04 0.0411872
18.05 0.041351
18.06 0.0414569
18.07 0.0415046
18.08 0.0414942
18.09 0.0414264
18.1 0.0413025
18.11 0.0411245
18.12 0.0408947
18.13 0.0406162
18.14 0.0402926
18.15 0.0399281
18.16 0.0395274
18.17 0.0390959
18.18 0.0386394
18.19 0.0381638
18.2 0.0376757
18.21 0.0371817
18.22 0.0366885
18.23 0.0362025
18.24 0.0357303
18.25 0.0352776
18.26 0.0348501
18.27 0.0344531
18.28 0.0340914
18.29 0.0337695
18.3 0.0334915
18.31 0.0332609
18.32 0.033081
18.33 0.0329542
18.34 0.0328824
18.35 0.0328669
18.36 0.0329081
18.37 0.0330057
18.38 0.0331586
18.39 0.0333652
18.4 0.0336233
18.41 0.0339303
18.42 0.0342834
18.43 0.0346792
18.44 0.0351145
18.45 0.0355856
18.46 0.036089
18.47 0.036621
18.48 0.0371776
18.49 0.0377547
18.5 0.0383482
18.51 0.0389535
18.52 0.0395657
18.53 0.0401799
18.54 0.0407907
18.55 0.0413928
18.56 0.0419807
18.57 0.042549
18.58 0.0430923
18.59 0.0436058
18.6 0.0440849
18.61 0.0445254
18.62 0.0449236
18.63 0.0452766
18.64 0.0455817
18.65 0.0458383
18.66 0.0460481
18.67 0.0462125
18.68 0.046332
18.69 0.0464061
18.7 0.0464337
18.71 0.0464126
18.72 0.0463404
18.73 0.0462143
18.74 0.0460317
18.75 0.0457907
18.76 0.0454901
18.77 0.0451294
18.78 0.0447088
18.79 0.0442291
18.8 0.0436917
18.81 0.0430987
18.82 0.0424524
18.83 0.0417559
18.84 0.0410125
18.85 0.0402259
18.86 0.0394003
18.87 0.0385402
18.88 0.0376504
18.89 0.0367362
18.9 0.0358033
18.91 0.0348581
18.92 0.0339075
18.93 0.0329591
18.94 0.0320209
18.95 0.0311011
18.96 0.0302079
18.97 0.0293487
18.98 0.0285309
18.99 0.0277606
19 0.0270434
19.01 0.0263816
19.02 0.0257728
19.03 0.0252127
19.04 0.0246974
19.05 0.0242231
19.06 0.0237864
19.07 0.0233842
19.08 0.0230138
19.09 0.0226727
19.1 0.0223589
19.11 0.0220705
19.12 0.0218053
19.13 0.0215609
19.14 0.0213347
19.15 0.0211242
19.16 0.020927
19.17 0.0207412
19.18 0.0205654
19.19 0.0203991
19.2 0.0202427
19.21 0.0200972
19.22 0.0199644
19.23 0.0198463
19.24 0.0197455
19.25 0.0196641
19.26 0.0196039
19.27 0.0195658
19.28 0.0195502
19.29 0.0195572
19.3 0.0195868
19.31 0.0196391
19.32 0.0197143
19.33 0.0198126
19.34 0.0199346
19.35 0.0200809
19.36 0.0202524
19.37 0.0204499
19.38 0.0206742
19.39 0.0209256
19.4 0.0212041
19.41 0.0215093
19.42 0.0218407
19.43 0.0221974
19.44 0.0225783
19.45 0.0229821
19.46 0.0234071
19.47 0.0238514
19.48 0.0243132
19.49 0.02479
19.5 0.0252792
19.51 0.0257782
19.52 0.0262836
19.53 0.0267922
19.54 0.0273005
19.55 0.0278045
19.56 0.0282998
19.57 0.0287818
19.58 0.0292458
19.59 0.0296873
19.6 0.030102
19.61 0.0304855
19.62 0.030834
19.63 0.031144
19.64 0.0314123
19.65 0.0316363
19.66 0.0318136
19.67 0.0319425
19.68 0.0320218
19.69 0.0320504
19.7 0.032028
19.71 0.0319546
19.72 0.0318306
19.73 0.0316569
19.74 0.0314352
19.75 0.0311676
19.76 0.030857
19.77 0.0305071
19.78 0.030122
19.79 0.0297063
19.8 0.0292649
19.81 0.0288029
19.82 0.0283255
19.83 0.0278379
19.84 0.0273454
19.85 0.0268528
19.86 0.0263649
19.87 0.0258863
19.88 0.0254211
19.89 0.0249734
19.9 0.0245471
19.91 0.024146
19.92 0.0237736
19.93 0.0234335
19.94 0.0231288
19.95 0.0228623
19.96 0.0226361
19.97 0.0224518
19.98 0.0223102
19.99 0.0222117
20 0.0221556
20.01 0.022141
20.02 0.0221664
20.03 0.0222299
20.04 0.0223298
20.05 0.0224642
20.06 0.0226318
20.07 0.022831
20.08 0.0230604
20.09 0.0233191
20.1 0.0236058
20.11 0.0239198
20.12 0.0242599
20.13 0.0246247
20.14 0.0250124
20.15 0.025421
20.16 0.0258482
20.17 0.0262916
20.18 0.0267481
20.19 0.0272146
20.2 0.0276874
20.21 0.0281627
20.22 0.0286362
20.23 0.0291039
20.24 0.0295619
20.25 0.0300062
20.26 0.0304332
20.27 0.0308392
20.28 0.0312207
20.29 0.0315741
20.3 0.0318962
20.31 0.0321837
20.32 0.0324336
20.33 0.0326434
20.34 0.0328108
20.35 0.0329341
20.36 0.033012
20.37 0.0330441
20.38 0.0330307
20.39 0.0329732
20.4 0.0328736
20.41 0.0327349
20.42 0.0325606
20.43 0.0323549
20.44 0.0321227
20.45 0.0318686
20.46 0.0315979
20.47 0.0313156
20.48 0.031027
20.49 0.0307374
20.5 0.0304522
20.51 0.0301766
20.52 0.0299159
20.53 0.0296749
20.54 0.0294584
20.55 0.0292709
20.56 0.0291163
20.57 0.0289981
20.58 0.028919
20.59 0.0288809
20.6 0.0288847
20.61 0.0289301
20.62 0.0290164
20.63 0.0291421
20.64 0.029305
20.65 0.0295027
20.66 0.0297325
20.67 0.029991
20.68 0.0302751
20.69 0.0305812
20.7 0.0309057
20.71 0.0312451
20.72 0.0315956
20.73 0.0319537
20.74 0.0323154
20.75 0.0326772
20.76 0.0330352
20.77 0.0333858
20.78 0.0337257
20.79 0.0340519
20.8 0.034362
20.81 0.034654
20.82 0.0349266
20.83 0.0351793
20.84 0.0354117
20.85 0.035624
20.86 0.035816
20.87 0.0359877
20.88 0.0361391
20.89 0.0362699
20.9 0.0363797
20.91 0.0364683
20.92 0.0365355
20.93 0.0365812
20.94 0.0366058
20.95 0.0366097
20.96 0.0365933
20.97 0.0365569
20.98 0.0365009
20.99 0.0364256
21 0.0363309
21.01 0.0362166
21.02 0.0360824
21.03 0.0359276
21.04 0.0357518
21.05 0.0355546
21.06 0.0353358
21.07 0.0350957
21.08 0.0348347
21.09 0.0345533
21.1 0.0342526
21.11 0.0339336
21.12 0.0335982
21.13 0.0332485
21.14 0.0328872
21.15 0.0325173
21.16 0.0321419
21.17 0.0317643
21.18 0.0313878
21.19 0.0310156
21.2 0.0306507
21.21 0.0302962
21.22 0.029955
21.23 0.0296299
21.24 0.0293232
21.25 0.0290376
21.26 0.0287752
21.27 0.0285383
21.28 0.0283291
21.29 0.0281497
21.3 0.0280018
21.31 0.0278872
21.32 0.0278069
21.33 0.0277617
21.34 0.0277517
21.35 0.0277764
21.36 0.0278347
21.37 0.0279252
21.38 0.0280455
21.39 0.028193
21.4 0.0283643
21.41 0.0285558
21.42 0.0287633
21.43 0.0289826
21.44 0.0292093
21.45 0.0294392
21.46 0.0296681
21.47 0.0298921
21.48 0.0301074
21.49 0.0303106
21.5 0.0304981
21.51 0.0306668
21.52 0.0308138
21.53 0.0309363
21.54 0.0310321
21.55 0.0310993
21.56 0.0311361
21.57 0.0311413
21.58 0.0311137
21.59 0.0310522
21.6 0.030956
21.61 0.0308249
21.62 0.0306586
21.63 0.0304578
21.64 0.0302237
21.65 0.029958
21.66 0.0296632
21.67 0.0293424
21.68 0.0289991
21.69 0.0286372
21.7 0.0282607
21.71 0.0278737
21.72 0.0274803
21.73 0.0270849
21.74 0.0266917
21.75 0.0263053
21.76 0.0259302
21.77 0.0255712
21.78 0.0252328
21.79 0.0249196
21.8 0.0246359
21.81 0.0243852
21.82 0.0241709
21.83 0.0239952
21.84 0.0238599
21.85 0.0237658
21.86 0.0237132
21.87 0.0237017
21.88 0.0237303
21.89 0.0237971
21.9 0.0239003
21.91 0.0240373
21.92 0.0242056
21.93 0.0244022
21.94 0.0246243
21.95 0.024869
21.96 0.025133
21.97 0.0254129
21.98 0.0257048
21.99 0.0260043
22 0.0263068
22.01 0.026607
22.02 0.0268997
22.03 0.0271794
22.04 0.0274412
22.05 0.0276804
22.06 0.0278934
22.07 0.0280778
22.08 0.0282318
22.09 0.0283544
22.1 0.0284451
22.11 0.028504
22.12 0.0285317
22.13 0.0285293
22.14 0.0284978
22.15 0.0284389
22.16 0.028354
22.17 0.028245
22.18 0.0281134
22.19 0.0279614
22.2 0.0277909
22.21 0.0276044
22.22 0.0274047
22.23 0.0271947
22.24 0.0269777
22.25 0.0267573
22.26 0.0265369
22.27 0.02632
22.28 0.0261099
22.29 0.0259098
22.3 0.0257223
22.31 0.0255496
22.32 0.0253933
22.33 0.0252546
22.34 0.0251341
22.35 0.0250321
22.36 0.0249488
22.37 0.0248839
22.38 0.0248372
22.39 0.0248083
22.4 0.0247969
22.41 0.0248025
22.42 0.0248248
22.43 0.0248634
22.44 0.0249178
22.45 0.0249875
22.46 0.0250721
22.47 0.0251711
22.48 0.0252844
22.49 0.0254117
22.5 0.025553
22.51 0.0257083
22.52 0.0258776
22.53 0.0260613
22.54 0.0262595
22.55 0.0264721
22.56 0.0266991
22.57 0.0269404
22.58 0.0271958
22.59 0.0274649
22.6 0.0277471
22.61 0.0280419
22.62 0.0283484
22.63 0.0286657
22.64 0.0289924
22.65 0.029327
22.66 0.0296675
22.67 0.0300116
22.68 0.0303568
22.69 0.0307001
22.7 0.0310387
22.71 0.03137
22.72 0.0316916
22.73 0.0320012
22.74 0.0322969
22.75 0.0325769
22.76 0.0328395
22.77 0.0330833
22.78 0.0333067
22.79 0.0335086
22.8 0.0336878
22.81 0.0338434
22.82 0.0339749
22.83 0.0340818
22.84 0.0341639
22.85 0.0342215
22.86 0.0342545
22.87 0.0342637
22.88 0.0342494
22.89 0.0342125
22.9 0.0341537
22.91 0.0340739
22.92 0.033974
22.93 0.0338547
22.94 0.0337171
22.95 0.0335619
22.96 0.03339
22.97 0.0332024
22.98 0.0330002
22.99 0.0327846
23 0.0325577
23.01 0.0323219
23.02 0.0320801
23.03 0.0318355
23.04 0.0315915
23.05 0.0313516
23.06 0.0311192
23.07 0.0308976
23.08 0.0306897
23.09 0.0304976
23.1 0.0303233
23.11 0.0301683
23.12 0.0300338
23.13 0.0299209
23.14 0.0298303
23.15 0.0297627
23.16 0.0297184
23.17 0.0296975
23.18 0.0296999
23.19 0.0297255
23.2 0.0297737
23.21 0.029844
23.22 0.0299355
23.23 0.0300472
23.24 0.0301776
23.25 0.0303253
23.26 0.0304885
23.27 0.0306653
23.28 0.0308539
23.29 0.0310522
23.3 0.0312585
23.31 0.0314708
23.32 0.0316872
23.33 0.0319058
23.34 0.0321247
23.35 0.0323419
23.36 0.0325551
23.37 0.0327623
23.38 0.0329612
23.39 0.0331495
23.4 0.0333248
23.41 0.0334845
23.42 0.0336262
23.43 0.0337473
23.44 0.0338453
23.45 0.0339179
23.46 0.033963
23.47 0.0339787
23.48 0.0339639
23.49 0.0339181
23.5 0.0338412
23.51 0.0337338
23.52 0.0335967
23.53 0.0334313
23.54 0.0332391
23.55 0.0330221
23.56 0.0327826
23.57 0.0325231
23.58 0.0322464
23.59 0.0319556
23.6 0.031654
23.61 0.031345
23.62 0.0310321
23.63 0.0307189
23.64 0.030409
23.65 0.0301063
23.66 0.0298142
23.67 0.0295363
23.68 0.0292756
23.69 0.0290349
23.7 0.0288166
23.71 0.0286227
23.72 0.0284545
23.73 0.0283133
23.74 0.0281993
23.75 0.0281128
23.76 0.028053
23.77 0.0280188
23.78 0.0280083
23.79 0.0280189
23.8 0.0280478
23.81 0.0280918
23.82 0.0281476
23.83 0.0282118
23.84 0.0282812
23.85 0.0283524
23.86 0.0284221
23.87 0.0284872
23.88 0.0285446
23.89 0.0285915
23.9 0.0286249
23.91 0.0286419
23.92 0.0286398
23.93 0.0286158
23.94 0.0285675
23.95 0.028493
23.96 0.0283908
23.97 0.0282598
23.98 0.0281
23.99 0.0279119
24 0.0276969
24.01 0.0274572
24.02 0.0271954
24.03 0.026915
24.04 0.0266198
24.05 0.0263147
24.06 0.0260049
24.07 0.0256965
24.08 0.0253956
24.09 0.0251082
24.1 0.0248404
24.11 0.0245973
24.12 0.024384
24.13 0.0242042
24.14 0.0240612
24.15 0.023957
24.16 0.0238927
24.17 0.0238687
24.18 0.0238845
24.19 0.0239395
24.2 0.0240321
24.21 0.0241607
24.22 0.0243229
24.23 0.0245159
24.24 0.0247367
24.25 0.0249817
24.26 0.025247
24.27 0.0255286
24.28 0.025822
24.29 0.0261224
24.3 0.0264249
24.31 0.0267243
24.32 0.0270153
24.33 0.0272933
24.34 0.0275539
24.35 0.0277939
24.36 0.0280105
24.37 0.0282019
24.38 0.0283665
24.39 0.0285034
24.4 0.0286122
24.41 0.0286927
24.42 0.0287451
24.43 0.0287695
24.44 0.0287665
24.45 0.0287366
24.46 0.0286807
24.47 0.0285998
24.48 0.0284954
24.49 0.0283695
24.5 0.028224
24.51 0.0280612
24.52 0.0278836
24.53 0.0276938
24.54 0.0274942
24.55 0.0272874
24.56 0.0270759
24.57 0.026862
24.58 0.0266478
24.59 0.0264354
24.6 0.0262265
24.61 0.0260232
24.62 0.025827
24.63 0.0256398
24.64 0.0254631
24.65 0.0252984
24.66 0.0251475
24.67 0.0250122
24.68 0.0248942
24.69 0.0247954
24.7 0.0247174
24.71 0.024662
24.72 0.0246307
24.73 0.0246247
24.74 0.024645
24.75 0.0246923
24.76 0.0247673
24.77 0.0248701
24.78 0.0250008
24.79 0.0251586
24.8 0.0253427
24.81 0.0255515
24.82 0.0257833
24.83 0.0260358
24.84 0.0263063
24.85 0.0265917
24.86 0.026889
24.87 0.0271948
24.88 0.0275054
24.89 0.0278172
24.9 0.0281261
24.91 0.028428
24.92 0.0287187
24.93 0.0289942
24.94 0.0292502
24.95 0.029483
24.96 0.029689
24.97 0.0298649
24.98 0.0300078
24.99 0.0301152
25 0.0301853
