0.01 3.16891e-09
0.02 1.52493e-08
0.03 3.75975e-08
0.04 6.7785e-08
0.05 1.03408e-07
0.06 1.42118e-07
0.07 1.81647e-07
0.08 2.19811e-07
0.09 2.54503e-07
0.1 2.83695e-07
0.11 3.05471e-07
0.12 3.18034e-07
0.13 3.19669e-07
0.14 3.08698e-07
0.15 2.83472e-07
0.16 2.4243e-07
0.17 1.84157e-07
0.18 1.07398e-07
0.19 1.10705e-08
0.2 -1.05715e-07
0.21 -2.4365e-07
0.22 -4.03219e-07
0.23 -5.84704e-07
0.24 -7.88209e-07
0.25 -1.01368e-06
0.26 -1.261e-06
0.27 -1.52998e-06
0.28 -1.82025e-06
0.29 -2.13103e-06
0.3 -2.46101e-06
0.31 -2.8083e-06
0.32 -3.1704e-06
0.33 -3.54404e-06
0.34 -3.92508e-06
0.35 -4.30879e-06
0.36 -4.69011e-06
0.37 -5.06381e-06
0.38 -5.42506e-06
0.39 -5.77023e-06
0.4 -6.09753e-06
0.41 -6.40728e-06
0.42 -6.70146e-06
0.43 -6.98315e-06
0.44 -7.2565e-06
0.45 -7.52666e-06
0.46 -7.79921e-06
0.47 -8.07977e-06
0.48 -8.37334e-06
0.49 -8.68411e-06
0.5 -9.01532e-06
0.51 -9.36944e-06
0.52 -9.74851e-06
0.53 -1.01537e-05
0.54 -1.05853e-05
0.55 -1.10438e-05
0.56 -1.15286e-05
0.57 -1.20386e-05
0.58 -1.25728e-05
0.59 -1.313e-05
0.6 -1.37088e-05
0.61 -1.43075e-05
0.62 -1.49242e-05
0.63 -1.5557e-05
0.64 -1.62038e-05
0.65 -1.68625e-05
0.66 -1.75312e-05
0.67 -1.82081e-05
0.68 -1.8892e-05
0.69 -1.95816e-05
0.7 -2.02759e-05
0.71 -2.09737e-05
0.72 -2.16728e-05
0.73 -2.23698e-05
0.74 -2.30594e-05
0.75 -2.37336e-05
0.76 -2.43816e-05
0.77 -2.499e-05
0.78 -2.55445e-05
0.79 -2.60317e-05
0.8 -2.64408e-05
0.81 -2.67644e-05
0.82 -2.69978e-05
0.83 -2.71387e-05
0.84 -2.71867e-05
0.85 -2.71457e-05
0.86 -2.70224e-05
0.87 -2.68227e-05
0.88 -2.65481e-05
0.89 -2.61948e-05
0.9 -2.57558e-05
0.91 -2.52232e-05
0.92 -2.45889e-05
0.93 -2.38471e-05
0.94 -2.29967e-05
0.95 -2.20426e-05
0.96 -2.09965e-05
0.97 -1.98759e-05
0.98 -1.86989e-05
0.99 -1.74794e-05
1 -1.62252e-05
1.01 -1.49382e-05
1.02 -1.36146e-05
1.03 -1.22459e-05
1.04 -1.08217e-05
1.05 -9.3314e-06
1.06 -7.76795e-06
1.07 -6.12933e-06
1.08 -4.41716e-06
1.09 -2.63389e-06
1.1 -7.81947e-07
1.11 1.13485e-06
1.12 3.11255e-06
1.13 5.14881e-06
1.14 7.24238e-06
1.15 9.39169e-06
1.16 1.15931e-05
1.17 1.38383e-05
1.18 1.61122e-05
1.19 1.83945e-05
1.2 2.06637e-05
1.21 2.2895e-05
1.22 2.50597e-05
1.23 2.71276e-05
1.24 2.90732e-05
1.25 3.08831e-05
1.26 3.2561e-05
1.27 3.41224e-05
1.28 3.55855e-05
1.29 3.6968e-05
1.3 3.82863e-05
1.31 3.95508e-05
1.32 4.07631e-05
1.33 4.19186e-05
1.34 4.30123e-05
1.35 4.4042e-05
1.36 4.50084e-05
1.37 4.59155e-05
1.38 4.67696e-05
1.39 4.75781e-05
1.4 4.83474e-05
1.41 4.90799e-05
1.42 4.97701e-05
1.43 5.04003e-05
1.44 5.09374e-05
1.45 5.13301e-05
1.46 5.15118e-05
1.47 5.14064e-05
1.48 5.09361e-05
1.49 5.00226e-05
1.5 4.85909e-05
1.51 4.6574e-05
1.52 4.39158e-05
1.53 4.05781e-05
1.54 3.65484e-05
1.55 3.18481e-05
1.56 2.65342e-05
1.57 2.06897e-05
1.58 1.44149e-05
1.59 7.82002e-06
1.6 1.01241e-06
1.61 -5.91036e-06
1.62 -1.28582e-05
1.63 -1.97497e-05
1.64 -2.65121e-05
1.65 -3.30814e-05
1.66 -3.94043e-05
1.67 -4.54408e-05
1.68 -5.11621e-05
1.69 -5.65447e-05
1.7 -6.15668e-05
1.71 -6.62087e-05
1.72 -7.04519e-05
1.73 -7.42774e-05
1.74 -7.76617e-05
1.75 -8.05735e-05
1.76 -8.29785e-05
1.77 -8.48462e-05
1.78 -8.61462e-05
1.79 -8.68428e-05
1.8 -8.68975e-05
1.81 -8.6274e-05
1.82 -8.49384e-05
1.83 -8.28614e-05
1.84 -8.00285e-05
1.85 -7.64453e-05
1.86 -7.21332e-05
1.87 -6.71192e-05
1.88 -6.14303e-05
1.89 -5.50923e-05
1.9 -4.81293e-05
1.91 -4.05644e-05
1.92 -3.24186e-05
1.93 -2.37137e-05
1.94 -1.44847e-05
1.95 -4.79605e-06
1.96 5.25799e-06
1.97 1.55591e-05
1.98 2.597e-05
1.99 3.6346e-05
2 4.6557e-05
2.01 5.65054e-05
2.02 6.61288e-05
2.03 7.53972e-05
2.04 8.43102e-05
2.05 9.28869e-05
2.06 0.000101155
2.07 0.000109143
2.08 0.000116861
2.09 0.000124291
2.1 0.000131386
2.11 0.000138072
2.12 0.000144245
2.13 0.000149771
2.14 0.000154492
2.15 0.000158245
2.16 0.000160859
2.17 0.00016217
2.18 0.000162017
2.19 0.000160239
2.2 0.000156669
2.21 0.000151136
2.22 0.000143485
2.23 0.000133575
2.24 0.00012129
2.25 0.000106536
2.26 8.92398e-05
2.27 6.93815e-05
2.28 4.69976e-05
2.29 2.21685e-05
2.3 -4.98529e-06
2.31 -3.43039e-05
2.32 -6.55821e-05
2.33 -9.85585e-05
2.34 -0.000132911
2.35 -0.000168266
2.36 -0.000204205
2.37 -0.000240282
2.38 -0.000276031
2.39 -0.00031097
2.4 -0.000344619
2.41 -0.000376545
2.42 -0.00040638
2.43 -0.000433809
2.44 -0.000458546
2.45 -0.000480338
2.46 -0.000498961
2.47 -0.000514235
2.48 -0.000526027
2.49 -0.000534235
2.5 -0.000538771
2.51 -0.000539551
2.52 -0.000536491
2.53 -0.000529523
2.54 -0.000518598
2.55 -0.000503681
2.56 -0.000484758
2.57 -0.000461865
2.58 -0.000435103
2.59 -0.000404647
2.6 -0.000370737
2.61 -0.000333661
2.62 -0.000293733
2.63 -0.00025127
2.64 -0.000206583
2.65 -0.000159972
2.66 -0.000111723
2.67 -6.21162e-05
2.68 -1.14282e-05
2.69 4.00491e-05
2.7 9.20087e-05
2.71 0.00014414
2.72 0.000196132
2.73 0.000247677
2.74 0.000298486
2.75 0.000348303
2.76 0.000396884
2.77 0.000443996
2.78 0.000489443
2.79 0.00053308
2.8 0.000574804
2.81 0.000614555
2.82 0.000652279
2.83 0.000687902
2.84 0.000721325
2.85 0.000752417
2.86 0.00078103
2.87 0.000806988
2.88 0.00083007
2.89 0.000850026
2.9 0.000866597
2.91 0.000879528
2.92 0.000888566
2.93 0.000893467
2.94 0.000894016
2.95 0.000890025
2.96 0.000881348
2.97 0.000867909
2.98 0.000849713
2.99 0.000826831
3 0.000799393
3.01 0.000767571
3.02 0.000731559
3.03 0.000691553
3.04 0.000647745
3.05 0.000600314
3.06 0.000549416
3.07 0.000495182
3.08 0.000437716
3.09 0.000377117
3.1 0.000313508
3.11 0.000247063
3.12 0.000178021
3.13 0.000106705
3.14 3.35041e-05
3.15 -4.11592e-05
3.16 -0.000116838
3.17 -0.000193063
3.18 -0.000269344
3.19 -0.000345197
3.2 -0.000420158
3.21 -0.000493783
3.22 -0.000565605
3.23 -0.000635132
3.24 -0.000701847
3.25 -0.000765215
3.26 -0.000824703
3.27 -0.000879764
3.28 -0.000929823
3.29 -0.000974316
3.3 -0.00101272
3.31 -0.00104455
3.32 -0.00106934
3.33 -0.00108671
3.34 -0.00109639
3.35 -0.0010983
3.36 -0.00109248
3.37 -0.00107916
3.38 -0.0010587
3.39 -0.00103159
3.4 -0.000998447
3.41 -0.000959976
3.42 -0.000916954
3.43 -0.000870174
3.44 -0.00082043
3.45 -0.000768505
3.46 -0.000715153
3.47 -0.000661058
3.48 -0.000606782
3.49 -0.000552744
3.5 -0.000499227
3.51 -0.000446389
3.52 -0.000394274
3.53 -0.000342828
3.54 -0.000291932
3.55 -0.000241456
3.56 -0.000191316
3.57 -0.000141486
3.58 -9.19462e-05
3.59 -4.26835e-05
3.6 6.27892e-06
3.61 5.4857e-05
3.62 0.000102916
3.63 0.000150275
3.64 0.0001967
3.65 0.000241908
3.66 0.000285572
3.67 0.000327303
3.68 0.000366657
3.69 0.000403156
3.7 0.000436345
3.71 0.000465808
3.72 0.000491148
3.73 0.000512016
3.74 0.000528141
3.75 0.000539311
3.76 0.000545371
3.77 0.000546226
3.78 0.00054185
3.79 0.000532272
3.8 0.000517585
3.81 0.00049797
3.82 0.000473685
3.83 0.000445034
3.84 0.000412365
3.85 0.000376062
3.86 0.000336494
3.87 0.000293964
3.88 0.00024869
3.89 0.000200785
3.9 0.00015026
3.91 9.70243e-05
3.92 4.08868e-05
3.93 -1.84075e-05
3.94 -8.11325e-05
3.95 -0.000147552
3.96 -0.0002179
3.97 -0.000292334
3.98 -0.000370881
3.99 -0.000453402
4 -0.00053959
4.01 -0.000628981
4.02 -0.000720966
4.03 -0.000814808
4.04 -0.00090965
4.05 -0.00100452
4.06 -0.00109833
4.07 -0.00118989
4.08 -0.00127788
4.09 -0.00136089
4.1 -0.00143746
4.11 -0.0015061
4.12 -0.0015655
4.13 -0.00161451
4.14 -0.00165224
4.15 -0.00167813
4.16 -0.00169196
4.17 -0.00169391
4.18 -0.00168448
4.19 -0.00166444
4.2 -0.00163478
4.21 -0.00159671
4.22 -0.00155148
4.23 -0.00150034
4.24 -0.00144446
4.25 -0.00138489
4.26 -0.00132268
4.27 -0.00125875
4.28 -0.00119395
4.29 -0.00112895
4.3 -0.00106431
4.31 -0.00100039
4.32 -0.000937485
4.33 -0.00087574
4.34 -0.000815184
4.35 -0.000755688
4.36 -0.000696977
4.37 -0.000638645
4.38 -0.000580195
4.39 -0.000521071
4.4 -0.000460681
4.41 -0.000398391
4.42 -0.000333549
4.43 -0.000265524
4.44 -0.00019373
4.45 -0.000117668
4.46 -3.7003e-05
4.47 4.83842e-05
4.48 0.000138397
4.49 0.000232779
4.5 0.000331191
4.51 0.000433243
4.52 0.00053845
4.53 0.000646197
4.54 0.000755753
4.55 0.000866291
4.56 0.000976905
4.57 0.00108662
4.58 0.00119441
4.59 0.0012992
4.6 0.0013999
4.61 0.00149545
4.62 0.00158486
4.63 0.00166723
4.64 0.00174178
4.65 0.0018078
4.66 0.00186475
4.67 0.00191225
4.68 0.00195013
4.69 0.00197841
4.7 0.0019972
4.71 0.00200667
4.72 0.00200702
4.73 0.00199848
4.74 0.00198129
4.75 0.00195565
4.76 0.0019217
4.77 0.00187956
4.78 0.00182938
4.79 0.00177131
4.8 0.00170556
4.81 0.00163228
4.82 0.00155163
4.83 0.00146379
4.84 0.001369
4.85 0.00126744
4.86 0.00115932
4.87 0.00104491
4.88 0.000924566
4.89 0.000798693
4.9 0.000667733
4.91 0.000532201
4.92 0.000392691
4.93 0.000249859
4.94 0.000104393
4.95 -4.30003e-05
4.96 -0.000191583
4.97 -0.000340568
4.98 -0.000489115
4.99 -0.000636332
5 -0.000781293
5.01 -0.000923085
5.02 -0.00106088
5.03 -0.00119396
5.04 -0.0013218
5.05 -0.00144397
5.06 -0.00156023
5.07 -0.00167053
5.08 -0.00177493
5.09 -0.00187358
5.1 -0.00196672
5.11 -0.00205465
5.12 -0.00213767
5.13 -0.00221604
5.14 -0.00228997
5.15 -0.00235955
5.16 -0.0024247
5.17 -0.00248513
5.18 -0.0025404
5.19 -0.00258995
5.2 -0.00263308
5.21 -0.00266904
5.22 -0.00269701
5.23 -0.00271619
5.24 -0.00272589
5.25 -0.00272544
5.26 -0.00271422
5.27 -0.00269157
5.28 -0.00265687
5.29 -0.00260953
5.3 -0.00254907
5.31 -0.00247513
5.32 -0.00238747
5.33 -0.00228609
5.34 -0.00217125
5.35 -0.0020435
5.36 -0.00190365
5.37 -0.00175286
5.38 -0.00159258
5.39 -0.00142444
5.4 -0.00125015
5.41 -0.00107146
5.42 -0.000890085
5.43 -0.000707688
5.44 -0.000525758
5.45 -0.000345614
5.46 -0.000168398
5.47 4.88447e-06
5.48 0.000173318
5.49 0.000336061
5.5 0.000492387
5.51 0.000641708
5.52 0.00078353
5.53 0.00091741
5.54 0.00104296
5.55 0.00115987
5.56 0.00126791
5.57 0.00136688
5.58 0.0014565
5.59 0.00153648
5.6 0.00160657
5.61 0.00166657
5.62 0.00171636
5.63 0.00175593
5.64 0.00178531
5.65 0.00180461
5.66 0.00181399
5.67 0.00181368
5.68 0.001804
5.69 0.00178538
5.7 0.00175838
5.71 0.00172368
5.72 0.00168207
5.73 0.00163443
5.74 0.00158169
5.75 0.00152479
5.76 0.00146471
5.77 0.00140236
5.78 0.00133855
5.79 0.00127396
5.8 0.00120908
5.81 0.0011442
5.82 0.00107939
5.83 0.00101447
5.84 0.000949058
5.85 0.000882596
5.86 0.000814436
5.87 0.000743851
5.88 0.000670086
5.89 0.000592391
5.9 0.00051007
5.91 0.000422543
5.92 0.000329385
5.93 0.000230327
5.94 0.000125267
5.95 1.43087e-05
5.96 -0.000102182
5.97 -0.000223513
5.98 -0.000348687
5.99 -0.000476459
6 -0.000605365
6.01 -0.000733784
6.02 -0.000860039
6.03 -0.000982439
6.04 -0.0010993
6.05 -0.00120895
6.06 -0.00130985
6.07 -0.00140059
6.08 -0.00148006
6.09 -0.00154734
6.1 -0.00160174
6.11 -0.00164275
6.12 -0.00167004
6.13 -0.0016835
6.14 -0.00168317
6.15 -0.00166914
6.16 -0.0016415
6.17 -0.00160034
6.18 -0.00154556
6.19 -0.00147698
6.2 -0.00139432
6.21 -0.00129735
6.22 -0.00118582
6.23 -0.00105947
6.24 -0.000918149
6.25 -0.00076178
6.26 -0.00059039
6.27 -0.000404086
6.28 -0.000203058
6.29 1.24656e-05
6.3 0.000242226
6.31 0.000485936
6.32 0.000743315
6.33 0.00101407
6.34 0.0012979
6.35 0.00159443
6.36 0.00190322
6.37 0.00222357
6.38 0.00255442
6.39 0.00289437
6.4 0.00324177
6.41 0.00359473
6.42 0.0039513
6.43 0.00430956
6.44 0.00466769
6.45 0.00502404
6.46 0.00537727
6.47 0.00572627
6.48 0.00607001
6.49 0.00640744
6.5 0.00673735
6.51 0.00705822
6.52 0.00736816
6.53 0.00766497
6.54 0.00794608
6.55 0.00820858
6.56 0.00844921
6.57 0.00866455
6.58 0.00885111
6.59 0.00900555
6.6 0.00912483
6.61 0.00920639
6.62 0.00924821
6.63 0.00924883
6.64 0.00920732
6.65 0.0091232
6.66 0.00899623
6.67 0.00882637
6.68 0.00861377
6.69 0.00835874
6.7 0.0080618
6.71 0.00772366
6.72 0.00734525
6.73 0.00692773
6.74 0.00647246
6.75 0.00598114
6.76 0.00545574
6.77 0.00489857
6.78 0.00431223
6.79 0.00369958
6.8 0.00306378
6.81 0.0024081
6.82 0.00173589
6.83 0.00105051
6.84 0.000355242
6.85 -0.000346722
6.86 -0.00105232
6.87 -0.00175862
6.88 -0.00246285
6.89 -0.00316228
6.9 -0.00385414
6.91 -0.00453557
6.92 -0.00520351
6.93 -0.00585473
6.94 -0.00648576
6.95 -0.00709295
6.96 -0.00767261
6.97 -0.00822111
6.98 -0.00873512
6.99 -0.00921177
7 -0.00964867
7.01 -0.010044
7.02 -0.0103965
7.03 -0.0107052
7.04 -0.0109696
7.05 -0.0111891
7.06 -0.011363
7.07 -0.0114907
7.08 -0.0115713
7.09 -0.0116036
7.1 -0.0115867
7.11 -0.0115195
7.12 -0.0114013
7.13 -0.0112316
7.14 -0.0110107
7.15 -0.0107395
7.16 -0.0104195
7.17 -0.0100529
7.18 -0.00964233
7.19 -0.00919073
7.2 -0.00870136
7.21 -0.00817754
7.22 -0.00762258
7.23 -0.0070396
7.24 -0.00643154
7.25 -0.00580111
7.26 -0.00515087
7.27 -0.00448331
7.28 -0.00380102
7.29 -0.0031068
7.3 -0.00240371
7.31 -0.00169513
7.32 -0.000984775
7.33 -0.000276607
7.34 0.000425305
7.35 0.00111695
7.36 0.00179451
7.37 0.0024545
7.38 0.00309392
7.39 0.00371021
7.4 0.00430128
7.41 0.00486541
7.42 0.00540117
7.43 0.00590722
7.44 0.00638217
7.45 0.0068245
7.46 0.00723252
7.47 0.00760436
7.48 0.00793796
7.49 0.00823109
7.5 0.00848138
7.51 0.00868635
7.52 0.00884357
7.53 0.00895074
7.54 0.00900585
7.55 0.00900726
7.56 0.00895366
7.57 0.00884403
7.58 0.00867759
7.59 0.00845389
7.6 0.00817272
7.61 0.00783418
7.62 0.00743888
7.63 0.00698808
7.64 0.00648377
7.65 0.0059286
7.66 0.00532596
7.67 0.00468001
7.68 0.0039957
7.69 0.00327869
7.7 0.00253529
7.71 0.00177228
7.72 0.000996517
7.73 0.000214625
7.74 -0.000567181
7.75 -0.00134323
7.76 -0.00210839
7.77 -0.00285803
7.78 -0.00358789
7.79 -0.00429416
7.8 -0.00497347
7.81 -0.00562284
7.82 -0.00623971
7.83 -0.00682188
7.84 -0.00736754
7.85 -0.00787527
7.86 -0.00834388
7.87 -0.00877248
7.88 -0.00916038
7.89 -0.00950699
7.9 -0.00981173
7.91 -0.0100741
7.92 -0.0102934
7.93 -0.0104692
7.94 -0.0106007
7.95 -0.0106871
7.96 -0.0107279
7.97 -0.0107223
7.98 -0.0106697
7.99 -0.0105696
8 -0.0104217
8.01 -0.0102261
8.02 -0.00998301
8.03 -0.00969328
8.04 -0.00935803
8.05 -0.00897891
8.06 -0.00855807
8.07 -0.00809809
8.08 -0.00760191
8.09 -0.00707268
8.1 -0.00651365
8.11 -0.00592799
8.12 -0.00531863
8.13 -0.00468824
8.14 -0.00403922
8.15 -0.00337374
8.16 -0.00269378
8.17 -0.00200114
8.18 -0.00129757
8.19 -0.000584827
8.2 0.000135257
8.21 0.000860729
8.22 0.00158943
8.23 0.00231903
8.24 0.00304707
8.25 0.00377095
8.26 0.00448789
8.27 0.00519492
8.28 0.00588892
8.29 0.00656659
8.3 0.00722436
8.31 0.00785837
8.32 0.00846437
8.33 0.0090377
8.34 0.00957341
8.35 0.0100664
8.36 0.0105114
8.37 0.0109038
8.38 0.0112392
8.39 0.0115139
8.4 0.0117252
8.41 0.0118713
8.42 0.0119511
8.43 0.0119645
8.44 0.011912
8.45 0.0117947
8.46 0.0116147
8.47 0.0113745
8.48 0.0110774
8.49 0.0107271
8.5 0.0103275
8.51 0.00988286
8.52 0.00939758
8.53 0.00887584
8.54 0.00832159
8.55 0.00773846
8.56 0.00712981
8.57 0.0064988
8.58 0.00584851
8.59 0.00518192
8.6 0.00450205
8.61 0.00381194
8.62 0.00311481
8.63 0.00241413
8.64 0.00171361
8.65 0.00101726
8.66 0.000329352
8.67 -0.000345666
8.68 -0.00100327
8.69 -0.00163897
8.7 -0.00224843
8.71 -0.00282751
8.72 -0.00337229
8.73 -0.00387926
8.74 -0.00434535
8.75 -0.00476791
8.76 -0.00514481
8.77 -0.00547451
8.78 -0.0057561
8.79 -0.00598919
8.8 -0.00617393
8.81 -0.00631101
8.82 -0.00640157
8.83 -0.00644708
8.84 -0.00644916
8.85 -0.00640946
8.86 -0.0063297
8.87 -0.00621159
8.88 -0.00605691
8.89 -0.00586737
8.9 -0.00564457
8.91 -0.00539
8.92 -0.00510507
8.93 -0.00479118
8.94 -0.00444981
8.95 -0.0040826
8.96 -0.00369137
8.97 -0.00327815
8.98 -0.0028451
8.99 -0.00239464
9 -0.00192946
9.01 -0.00145257
9.02 -0.000967304
9.03 -0.000477288
9.04 1.35994e-05
9.05 0.000501414
9.06 0.000982301
9.07 0.0014526
9.08 0.00190888
9.09 0.00234799
9.1 0.00276698
9.11 0.00316308
9.12 0.00353364
9.13 0.0038762
9.14 0.00418847
9.15 0.00446834
9.16 0.00471401
9.17 0.00492413
9.18 0.00509786
9.19 0.005235
9.2 0.00533595
9.21 0.00540183
9.22 0.00543446
9.23 0.0054363
9.24 0.00541025
9.25 0.00535942
9.26 0.00528686
9.27 0.00519538
9.28 0.00508743
9.29 0.00496499
9.3 0.00482962
9.31 0.00468268
9.32 0.00452542
9.33 0.00435907
9.34 0.00418478
9.35 0.00400369
9.36 0.00381692
9.37 0.00362556
9.38 0.00343069
9.39 0.00323333
9.4 0.00303442
9.41 0.00283467
9.42 0.00263454
9.43 0.00243413
9.44 0.00223311
9.45 0.00203071
9.46 0.00182582
9.47 0.00161717
9.48 0.00140345
9.49 0.00118352
9.5 0.000956561
9.51 0.000722152
9.52 0.000480312
9.53 0.000231474
9.54 -2.36324e-05
9.55 -0.000284143
9.56 -0.00054917
9.57 -0.000817905
9.58 -0.00108974
9.59 -0.0013643
9.6 -0.00164143
9.61 -0.00192107
9.62 -0.00220312
9.63 -0.00248735
9.64 -0.00277325
9.65 -0.00305994
9.66 -0.00334622
9.67 -0.00363055
9.68 -0.00391106
9.69 -0.00418565
9.7 -0.00445206
9.71 -0.00470805
9.72 -0.00495149
9.73 -0.00518045
9.74 -0.00539324
9.75 -0.00558855
9.76 -0.00576545
9.77 -0.00592333
9.78 -0.00606192
9.79 -0.00618123
9.8 -0.00628159
9.81 -0.00636363
9.82 -0.00642821
9.83 -0.00647646
9.84 -0.00650967
9.85 -0.00652934
9.86 -0.006537
9.87 -0.00653418
9.88 -0.00652227
9.89 -0.00650256
9.9 -0.00647618
9.91 -0.00644405
9.92 -0.00640674
9.93 -0.00636459
9.94 -0.00631763
9.95 -0.00626565
9.96 -0.00620827
9.97 -0.00614508
9.98 -0.00607583
9.99 -0.00600048
10 -0.00591923
10.01 -0.00583249
10.02 -0.00574098
10.03 -0.00564564
10.04 -0.00554759
10.05 -0.00544793
10.06 -0.00534762
10.07 -0.00524742
10.08 -0.00514786
10.09 -0.00504933
10.1 -0.00495199
10.11 -0.0048559
10.12 -0.00476106
10.13 -0.00466758
10.14 -0.00457571
10.15 -0.00448585
10.16 -0.0043985
10.17 -0.00431422
10.18 -0.0042335
10.19 -0.0041567
10.2 -0.00408398
10.21 -0.00401531
10.22 -0.00395053
10.23 -0.00388944
10.24 -0.00383169
10.25 -0.00377696
10.26 -0.00372495
10.27 -0.00367542
10.28 -0.00362824
10.29 -0.00358327
10.3 -0.00354044
10.31 -0.00349965
10.32 -0.00346072
10.33 -0.00342336
10.34 -0.00338724
10.35 -0.00335203
10.36 -0.00331741
10.37 -0.00328306
10.38 -0.00324864
10.39 -0.00321381
10.4 -0.0031782
10.41 -0.00314136
10.42 -0.00310268
10.43 -0.00306137
10.44 -0.00301644
10.45 -0.00296673
10.46 -0.0029109
10.47 -0.0028476
10.48 -0.00277557
10.49 -0.00269378
10.5 -0.00260151
10.51 -0.00249844
10.52 -0.00238463
10.53 -0.00226045
10.54 -0.0021266
10.55 -0.00198392
10.56 -0.00183337
10.57 -0.001676
10.58 -0.0015129
10.59 -0.00134524
10.6 -0.00117417
10.61 -0.00100088
10.62 -0.000826603
10.63 -0.000652667
10.64 -0.000480473
10.65 -0.000311533
10.66 -0.000147424
10.67 1.02399e-05
10.68 0.000159876
10.69 0.000300028
10.7 0.000429463
10.71 0.000547211
10.72 0.000652516
10.73 0.000744815
10.74 0.000823739
10.75 0.000889064
10.76 0.000940688
10.77 0.000978659
10.78 0.0010032
10.79 0.0010147
10.8 0.00101367
10.81 0.00100072
10.82 0.000976572
10.83 0.000942063
10.84 0.000898113
10.85 0.000845677
10.86 0.000785689
10.87 0.000718995
10.88 0.000646362
10.89 0.000568523
10.9 0.000486167
10.91 0.000399963
10.92 0.000310648
10.93 0.000219114
10.94 0.000126481
10.95 3.41035e-05
10.96 -5.64445e-05
10.97 -0.000143421
10.98 -0.000224979
10.99 -0.000299271
11 -0.000364567
11.01 -0.000419301
11.02 -0.000462095
11.03 -0.000491806
11.04 -0.000507578
11.05 -0.00050881
11.06 -0.000495085
11.07 -0.000466142
11.08 -0.000421904
11.09 -0.000362454
11.1 -0.000287988
11.11 -0.000198754
11.12 -9.50035e-05
11.13 2.30382e-05
11.14 0.000155105
11.15 0.000300851
11.16 0.000459916
11.17 0.000632018
11.18 0.000817006
11.19 0.00101489
11.2 0.00122583
11.21 0.00145011
11.22 0.00168809
11.23 0.00194019
11.24 0.00220661
11.25 0.00248719
11.26 0.00278123
11.27 0.0030875
11.28 0.00340435
11.29 0.00372977
11.3 0.00406163
11.31 0.00439768
11.32 0.00473564
11.33 0.00507336
11.34 0.00540884
11.35 0.00574046
11.36 0.00606698
11.37 0.00638751
11.38 0.00670132
11.39 0.00700775
11.4 0.00730613
11.41 0.00759576
11.42 0.00787575
11.43 0.00814501
11.44 0.00840222
11.45 0.00864596
11.46 0.00887476
11.47 0.00908725
11.48 0.00928228
11.49 0.00945906
11.5 0.00961725
11.51 0.00975701
11.52 0.00987885
11.53 0.00998361
11.54 0.0100723
11.55 0.0101462
11.56 0.0102061
11.57 0.0102531
11.58 0.0102878
11.59 0.0103105
11.6 0.0103217
11.61 0.0103219
11.62 0.0103114
11.63 0.0102909
11.64 0.010261
11.65 0.0102223
11.66 0.0101756
11.67 0.0101215
11.68 0.0100608
11.69 0.00999399
11.7 0.00992167
11.71 0.00984411
11.72 0.00976134
11.73 0.00967314
11.74 0.00957899
11.75 0.00947808
11.76 0.00936924
11.77 0.00925086
11.78 0.00912087
11.79 0.00897685
11.8 0.00881622
11.81 0.00863653
11.82 0.00843567
11.83 0.00821197
11.84 0.0079642
11.85 0.00769157
11.86 0.00739371
11.87 0.00707046
11.88 0.00672184
11.89 0.0063481
11.9 0.00594968
11.91 0.00552723
11.92 0.00508164
11.93 0.00461396
11.94 0.00412545
11.95 0.00361751
11.96 0.00309168
11.97 0.00254966
11.98 0.00199329
11.99 0.00142474
12 0.000846399
12.01 0.000260892
12.02 -0.000328942
12.03 -0.000919972
12.04 -0.00150878
12.05 -0.00209177
12.06 -0.00266521
12.07 -0.0032254
12.08 -0.0037688
12.09 -0.00429215
12.1 -0.00479264
12.11 -0.0052678
12.12 -0.00571559
12.13 -0.00613444
12.14 -0.00652331
12.15 -0.00688163
12.16 -0.00720926
12.17 -0.0075064
12.18 -0.0077734
12.19 -0.00801082
12.2 -0.00821936
12.21 -0.00839984
12.22 -0.00855305
12.23 -0.0086798
12.24 -0.008781
12.25 -0.00885759
12.26 -0.00891047
12.27 -0.00894044
12.28 -0.0089483
12.29 -0.00893478
12.3 -0.00890055
12.31 -0.00884625
12.32 -0.00877237
12.33 -0.00867921
12.34 -0.00856689
12.35 -0.00843545
12.36 -0.00828483
12.37 -0.00811481
12.38 -0.00792503
12.39 -0.00771502
12.4 -0.00748429
12.41 -0.00723235
12.42 -0.00695886
12.43 -0.00666373
12.44 -0.00634704
12.45 -0.00600901
12.46 -0.00565
12.47 -0.00527046
12.48 -0.00487068
12.49 -0.00445065
12.5 -0.00401
12.51 -0.00354797
12.52 -0.00306348
12.53 -0.00255526
12.54 -0.00202201
12.55 -0.00146266
12.56 -0.000876486
12.57 -0.000263175
12.58 0.000377172
12.59 0.00104417
12.6 0.00173723
12.61 0.0024556
12.62 0.00319825
12.63 0.00396378
12.64 0.00475033
12.65 0.00555572
12.66 0.00637747
12.67 0.00721264
12.68 0.00805785
12.69 0.00890922
12.7 0.00976239
12.71 0.0106127
12.72 0.0114553
12.73 0.0122851
12.74 0.0130973
12.75 0.0138869
12.76 0.0146492
12.77 0.0153798
12.78 0.0160744
12.79 0.0167291
12.8 0.0173403
12.81 0.0179045
12.82 0.0184184
12.83 0.0188789
12.84 0.019283
12.85 0.019628
12.86 0.0199118
12.87 0.0201324
12.88 0.0202886
12.89 0.0203796
12.9 0.0204053
12.91 0.020366
12.92 0.0202626
12.93 0.0200959
12.94 0.0198672
12.95 0.019578
12.96 0.0192297
12.97 0.0188242
12.98 0.0183633
12.99 0.0178492
13 0.0172842
13.01 0.016671
13.02 0.0160126
13.03 0.0153123
13.04 0.0145741
13.05 0.0138017
13.06 0.0129994
13.07 0.0121711
13.08 0.0113208
13.09 0.0104523
13.1 0.0095691
13.11 0.00867452
13.12 0.00777174
13.13 0.00686387
13.14 0.00595408
13.15 0.00504564
13.16 0.004142
13.17 0.00324682
13.18 0.0023639
13.19 0.00149716
13.2 0.000650525
13.21 -0.000172149
13.22 -0.000967165
13.23 -0.00173101
13.24 -0.00246038
13.25 -0.00315222
13.26 -0.00380378
13.27 -0.0044126
13.28 -0.00497657
13.29 -0.00549392
13.3 -0.00596324
13.31 -0.00638349
13.32 -0.0067541
13.33 -0.00707497
13.34 -0.00734633
13.35 -0.00756874
13.36 -0.00774297
13.37 -0.00786989
13.38 -0.00795045
13.39 -0.00798567
13.4 -0.00797663
13.41 -0.0079244
13.42 -0.00783002
13.43 -0.0076945
13.44 -0.00751881
13.45 -0.00730384
13.46 -0.00705046
13.47 -0.00675947
13.48 -0.0064317
13.49 -0.006068
13.5 -0.00566927
13.51 -0.0052365
13.52 -0.00477078
13.53 -0.00427327
13.54 -0.00374515
13.55 -0.00318763
13.56 -0.002602
13.57 -0.00198965
13.58 -0.00135218
13.59 -0.000691526
13.6 -9.90766e-06
13.61 0.000690205
13.62 0.00140618
13.63 0.00213533
13.64 0.00287487
13.65 0.00362196
13.66 0.00437371
13.67 0.00512729
13.68 0.00587981
13.69 0.00662829
13.7 0.00736959
13.71 0.00810044
13.72 0.00881752
13.73 0.0095174
13.74 0.0101965
13.75 0.0108511
13.76 0.0114774
13.77 0.0120713
13.78 0.0126284
13.79 0.0131444
13.8 0.0136145
13.81 0.0140338
13.82 0.0143972
13.83 0.0146998
13.84 0.0149372
13.85 0.0151059
13.86 0.0152038
13.87 0.0152295
13.88 0.0151822
13.89 0.0150613
13.9 0.0148668
13.91 0.0145988
13.92 0.0142581
13.93 0.0138454
13.94 0.0133621
13.95 0.0128097
13.96 0.0121902
13.97 0.0115057
13.98 0.010759
13.99 0.00995276
14 0.00909016
14.01 0.00817442
14.02 0.00720901
14.03 0.00619764
14.04 0.00514427
14.05 0.0040531
14.06 0.00292844
14.07 0.00177466
14.08 0.000596055
14.09 -0.000603152
14.1 -0.00181894
14.11 -0.0030475
14.12 -0.00428532
14.13 -0.00552915
14.14 -0.0067761
14.15 -0.0080236
14.16 -0.00926939
14.17 -0.0105114
14.18 -0.0117477
14.19 -0.0129761
14.2 -0.0141947
14.21 -0.0154014
14.22 -0.0165944
14.23 -0.0177718
14.24 -0.018932
14.25 -0.0200737
14.26 -0.0211957
14.27 -0.0222968
14.28 -0.0233762
14.29 -0.0244327
14.3 -0.0254652
14.31 -0.0264723
14.32 -0.0274524
14.33 -0.0284037
14.34 -0.0293241
14.35 -0.0302116
14.36 -0.0310644
14.37 -0.0318812
14.38 -0.0326608
14.39 -0.0334028
14.4 -0.0341068
14.41 -0.0347727
14.42 -0.0354005
14.43 -0.0359905
14.44 -0.0365428
14.45 -0.0370571
14.46 -0.0375329
14.47 -0.0379695
14.48 -0.038366
14.49 -0.0387213
14.5 -0.0390345
14.51 -0.0393052
14.52 -0.0395327
14.53 -0.0397171
14.54 -0.0398588
14.55 -0.0399582
14.56 -0.0400163
14.57 -0.0400341
14.58 -0.0400129
14.59 -0.0399542
14.6 -0.0398595
14.61 -0.0397302
14.62 -0.0395673
14.63 -0.0393715
14.64 -0.0391429
14.65 -0.0388809
14.66 -0.0385839
14.67 -0.0382502
14.68 -0.0378779
14.69 -0.0374651
14.7 -0.0370107
14.71 -0.0365138
14.72 -0.0359739
14.73 -0.0353898
14.74 -0.0347595
14.75 -0.0340804
14.76 -0.0333494
14.77 -0.0325637
14.78 -0.0317209
14.79 -0.0308187
14.8 -0.0298555
14.81 -0.0288295
14.82 -0.0277395
14.83 -0.0265846
14.84 -0.0253642
14.85 -0.0240782
14.86 -0.0227269
14.87 -0.0213107
14.88 -0.0198306
14.89 -0.0182876
14.9 -0.0166828
14.91 -0.0150175
14.92 -0.0132932
14.93 -0.0115116
14.94 -0.00967471
14.95 -0.00778448
14.96 -0.00584339
14.97 -0.00385441
14.98 -0.00182126
14.99 0.000251295
15 0.00235702
15.01 0.00448804
15.02 0.00663479
15.03 0.00878649
15.04 0.0109316
15.05 0.0130578
15.06 0.0151522
15.07 0.0172011
15.08 0.0191908
15.09 0.0211078
15.1 0.0229391
15.11 0.0246721
15.12 0.0262949
15.13 0.0277959
15.14 0.0291641
15.15 0.0303895
15.16 0.031463
15.17 0.0323765
15.18 0.0331234
15.19 0.0336986
15.2 0.0340979
15.21 0.0343185
15.22 0.0343579
15.23 0.0342146
15.24 0.0338875
15.25 0.0333764
15.26 0.0326814
15.27 0.031803
15.28 0.0307422
15.29 0.0295008
15.3 0.0280817
15.31 0.0264893
15.32 0.0247294
15.33 0.0228091
15.34 0.0207365
15.35 0.0185206
15.36 0.0161707
15.37 0.0136966
15.38 0.0111085
15.39 0.00841713
15.4 0.00563392
15.41 0.0027709
15.42 -0.000159169
15.43 -0.00314285
15.44 -0.00616606
15.45 -0.00921415
15.46 -0.012272
15.47 -0.0153239
15.48 -0.0183537
15.49 -0.0213445
15.5 -0.0242789
15.51 -0.0271388
15.52 -0.0299061
15.53 -0.0325627
15.54 -0.0350909
15.55 -0.0374742
15.56 -0.0396965
15.57 -0.0417428
15.58 -0.043599
15.59 -0.045252
15.6 -0.0466897
15.61 -0.047904
15.62 -0.0488914
15.63 -0.0496493
15.64 -0.0501736
15.65 -0.0504604
15.66 -0.0505055
15.67 -0.050305
15.68 -0.0498558
15.69 -0.0491566
15.7 -0.0482072
15.71 -0.0470084
15.72 -0.0455625
15.73 -0.0438724
15.74 -0.0419425
15.75 -0.0397781
15.76 -0.0373854
15.77 -0.034772
15.78 -0.0319462
15.79 -0.0289176
15.8 -0.0256967
15.81 -0.0222951
15.82 -0.0187256
15.83 -0.0150018
15.84 -0.0111384
15.85 -0.00715137
15.86 -0.00305708
15.87 0.00112731
15.88 0.00538424
15.89 0.00969565
15.9 0.0140431
15.91 0.0184078
15.92 0.022771
15.93 0.0271141
15.94 0.0314188
15.95 0.0356667
15.96 0.0398399
15.97 0.043924
15.98 0.0479132
15.99 0.0518078
16 0.0556087
16.01 0.059316
16.02 0.0629293
16.03 0.0664472
16.04 0.0698675
16.05 0.0731871
16.06 0.0764019
16.07 0.079508
16.08 0.0825009
16.09 0.0853767
16.1 0.0881314
16.11 0.090761
16.12 0.0932616
16.13 0.0956293
16.14 0.0978602
16.15 0.0999501
16.16 0.101895
16.17 0.10369
16.18 0.105332
16.19 0.106816
16.2 0.108138
16.21 0.109293
16.22 0.110278
16.23 0.11109
16.24 0.111727
16.25 0.112185
16.26 0.112465
16.27 0.112567
16.28 0.112489
16.29 0.112235
16.3 0.111805
16.31 0.111202
16.32 0.110432
16.33 0.109498
16.34 0.108407
16.35 0.107164
16.36 0.105778
16.37 0.104257
16.38 0.102609
16.39 0.100843
16.4 0.0989694
16.41 0.0969991
16.42 0.0949426
16.43 0.0928109
16.44 0.0906155
16.45 0.0883677
16.46 0.0860793
16.47 0.083762
16.48 0.0814275
16.49 0.0790877
16.5 0.0767542
16.51 0.0744384
16.52 0.0721519
16.53 0.0699056
16.54 0.0677106
16.55 0.0655774
16.56 0.0635162
16.57 0.0615365
16.58 0.0596474
16.59 0.0578571
16.6 0.0561734
16.61 0.054603
16.62 0.053152
16.63 0.0518253
16.64 0.050627
16.65 0.04956
16.66 0.0486265
16.67 0.0478272
16.68 0.0471622
16.69 0.0466302
16.7 0.0462293
16.71 0.0459568
16.72 0.0458096
16.73 0.0457846
16.74 0.0458787
16.75 0.0460887
16.76 0.046411
16.77 0.046842
16.78 0.0473777
16.79 0.0480138
16.8 0.0487459
16.81 0.0495693
16.82 0.050479
16.83 0.0514696
16.84 0.0525358
16.85 0.0536716
16.86 0.0548709
16.87 0.0561272
16.88 0.0574337
16.89 0.0587832
16.9 0.0601679
16.91 0.06158
16.92 0.0630116
16.93 0.0644545
16.94 0.0659007
16.95 0.0673425
16.96 0.068772
16.97 0.0701818
16.98 0.0715647
16.99 0.0729135
17 0.0742217
17.01 0.0754829
17.02 0.0766909
17.03 0.07784
17.04 0.0789245
17.05 0.0799393
17.06 0.0808793
17.07 0.0817402
17.08 0.082518
17.09 0.0832092
17.1 0.0838106
17.11 0.0843196
17.12 0.0847338
17.13 0.0850516
17.14 0.0852718
17.15 0.0853935
17.16 0.0854166
17.17 0.0853412
17.18 0.0851679
17.19 0.084898
17.2 0.084533
17.21 0.0840752
17.22 0.0835272
17.23 0.0828919
17.24 0.0821728
17.25 0.0813736
17.26 0.0804982
17.27 0.0795509
17.28 0.0785362
17.29 0.0774587
17.3 0.0763232
17.31 0.0751349
17.32 0.073899
17.33 0.0726211
17.34 0.0713068
17.35 0.0699617
17.36 0.0685911
17.37 0.0672003
17.38 0.0657941
17.39 0.0643771
17.4 0.0629532
17.41 0.0615261
17.42 0.0600989
17.43 0.0586745
17.44 0.0572559
17.45 0.0558466
17.46 0.05445
17.47 0.0530706
17.48 0.0517127
17.49 0.0503812
17.5 0.0490809
17.51 0.0478163
17.52 0.0465918
17.53 0.0454114
17.54 0.0442789
17.55 0.0431977
17.56 0.0421715
17.57 0.0412035
17.58 0.0402971
17.59 0.0394556
17.6 0.0386822
17.61 0.0379804
17.62 0.0373537
17.63 0.0368055
17.64 0.0363394
17.65 0.0359589
17.66 0.0356672
17.67 0.0354676
17.68 0.0353628
17.69 0.0353555
17.7 0.0354477
17.71 0.0356407
17.72 0.0359352
17.73 0.0363309
17.74 0.0368266
17.75 0.0374207
17.76 0.0381114
17.77 0.0388966
17.78 0.0397742
17.79 0.0407422
17.8 0.0417986
17.81 0.042941
17.82 0.0441669
17.83 0.0454733
17.84 0.0468568
17.85 0.0483137
17.86 0.0498397
17.87 0.0514304
17.88 0.0530807
17.89 0.0547849
17.9 0.0565365
17.91 0.0583286
17.92 0.0601534
17.93 0.0620027
17.94 0.0638682
17.95 0.0657413
17.96 0.0676131
17.97 0.069475
17.98 0.071318
17.99 0.0731333
18 0.0749122
18.01 0.0766463
18.02 0.0783272
18.03 0.079947
18.04 0.0814984
18.05 0.0829741
18.06 0.0843677
18.07 0.085673
18.08 0.0868845
18.09 0.0879969
18.1 0.0890055
18.11 0.0899061
18.12 0.0906949
18.13 0.0913689
18.14 0.0919258
18.15 0.0923638
18.16 0.092682
18.17 0.0928803
18.18 0.0929594
18.19 0.0929204
18.2 0.0927655
18.21 0.0924975
18.22 0.0921197
18.23 0.0916358
18.24 0.0910501
18.25 0.0903672
18.26 0.0895917
18.27 0.0887291
18.28 0.087785
18.29 0.0867655
18.3 0.085677
18.31 0.0845263
18.32 0.0833204
18.33 0.0820669
18.34 0.0807732
18.35 0.0794468
18.36 0.0780952
18.37 0.076726
18.38 0.0753464
18.39 0.0739638
18.4 0.0725856
18.41 0.0712192
18.42 0.0698721
18.43 0.0685519
18.44 0.067266
18.45 0.0660221
18.46 0.0648279
18.47 0.0636908
18.48 0.0626182
18.49 0.0616172
18.5 0.0606942
18.51 0.0598553
18.52 0.059106
18.53 0.0584509
18.54 0.057894
18.55 0.0574385
18.56 0.057087
18.57 0.0568412
18.58 0.0567023
18.59 0.0566709
18.6 0.0567471
18.61 0.0569306
18.62 0.0572205
18.63 0.0576153
18.64 0.0581134
18.65 0.0587122
18.66 0.0594089
18.67 0.0601996
18.68 0.0610798
18.69 0.0620438
18.7 0.0630846
18.71 0.0641941
18.72 0.065363
18.73 0.0665813
18.74 0.0678381
18.75 0.0691225
18.76 0.0704236
18.77 0.0717306
18.78 0.0730328
18.79 0.0743194
18.8 0.07558
18.81 0.0768041
18.82 0.0779815
18.83 0.079102
18.84 0.080156
18.85 0.0811339
18.86 0.0820266
18.87 0.0828255
18.88 0.0835225
18.89 0.0841101
18.9 0.0845819
18.91 0.0849322
18.92 0.0851568
18.93 0.0852525
18.94 0.0852177
18.95 0.0850514
18.96 0.0847536
18.97 0.0843249
18.98 0.0837664
18.99 0.0830795
19 0.0822661
19.01 0.0813282
19.02 0.080268
19.03 0.0790881
19.04 0.0777917
19.05 0.0763824
19.06 0.0748648
19.07 0.0732442
19.08 0.0715268
19.09 0.0697196
19.1 0.0678301
19.11 0.0658663
19.12 0.0638364
19.13 0.0617485
19.14 0.0596107
19.15 0.0574314
19.16 0.0552192
19.17 0.0529832
19.18 0.0507332
19.19 0.0484798
19.2 0.0462344
19.21 0.044009
19.22 0.0418159
19.23 0.039668
19.24 0.0375779
19.25 0.0355577
19.26 0.0336186
19.27 0.0317707
19.28 0.0300229
19.29 0.0283833
19.3 0.0268594
19.31 0.0254586
19.32 0.0241877
19.33 0.0230534
19.34 0.022062
19.35 0.0212196
19.36 0.020532
19.37 0.0200029
19.38 0.0196338
19.39 0.0194258
19.4 0.0193808
19.41 0.0195006
19.42 0.0197867
19.43 0.0202394
19.44 0.0208582
19.45 0.0216421
19.46 0.0225891
19.47 0.0236965
19.48 0.0249608
19.49 0.0263777
19.5 0.0279421
19.51 0.0296479
19.52 0.0314883
19.53 0.0334558
19.54 0.0355419
19.55 0.0377372
19.56 0.0400314
19.57 0.0424134
19.58 0.0448714
19.59 0.0473933
19.6 0.0499666
19.61 0.0525785
19.62 0.0552161
19.63 0.0578661
19.64 0.0605156
19.65 0.0631514
19.66 0.0657607
19.67 0.0683305
19.68 0.0708483
19.69 0.0733017
19.7 0.0756786
19.71 0.0779672
19.72 0.0801561
19.73 0.0822344
19.74 0.0841921
19.75 0.0860198
19.76 0.0877089
19.77 0.0892521
19.78 0.0906428
19.79 0.0918754
19.8 0.0929451
19.81 0.0938478
19.82 0.0945803
19.83 0.0951401
19.84 0.0955254
19.85 0.0957351
19.86 0.0957688
19.87 0.0956268
19.88 0.0953102
19.89 0.0948208
19.9 0.0941614
19.91 0.0933357
19.92 0.0923484
19.93 0.0912051
19.94 0.0899123
19.95 0.088477
19.96 0.0869069
19.97 0.0852101
19.98 0.083395
19.99 0.0814702
20 0.0794449
20.01 0.0773282
20.02 0.0751299
20.03 0.0728602
20.04 0.0705297
20.05 0.0681499
20.06 0.0657331
20.07 0.0632918
20.08 0.0608394
20.09 0.0583893
20.1 0.0559557
20.11 0.0535528
20.12 0.0511944
20.13 0.0488944
20.14 0.046666
20.15 0.0445218
20.16 0.0424742
20.17 0.0405347
20.18 0.0387141
20.19 0.0370222
20.2 0.0354679
20.21 0.0340591
20.22 0.0328027
20.23 0.0317048
20.24 0.0307705
20.25 0.0300045
20.26 0.0294103
20.27 0.0289902
20.28 0.0287458
20.29 0.0286775
20.3 0.0287845
20.31 0.0290652
20.32 0.0295168
20.33 0.0301355
20.34 0.0309169
20.35 0.0318556
20.36 0.0329458
20.37 0.0341809
20.38 0.0355543
20.39 0.0370588
20.4 0.0386874
20.41 0.0404327
20.42 0.0422871
20.43 0.0442429
20.44 0.0462918
20.45 0.0484256
20.46 0.0506352
20.47 0.0529115
20.48 0.055245
20.49 0.0576262
20.5 0.0600453
20.51 0.0624926
20.52 0.0649583
20.53 0.0674325
20.54 0.0699057
20.55 0.072368
20.56 0.07481
20.57 0.0772219
20.58 0.0795943
20.59 0.0819171
20.6 0.0841804
20.61 0.086374
20.62 0.0884877
20.63 0.0905118
20.64 0.0924367
20.65 0.0942535
20.66 0.0959538
20.67 0.0975298
20.68 0.0989746
20.69 0.100282
20.7 0.101446
20.71 0.102463
20.72 0.103329
20.73 0.104041
20.74 0.104597
20.75 0.104995
20.76 0.105234
20.77 0.105316
20.78 0.105241
20.79 0.105011
20.8 0.104629
20.81 0.104099
20.82 0.103428
20.83 0.10262
20.84 0.101684
20.85 0.100627
20.86 0.0994566
20.87 0.098182
20.88 0.0968114
20.89 0.0953532
20.9 0.0938159
20.91 0.0922084
20.92 0.0905393
20.93 0.0888179
20.94 0.0870533
20.95 0.0852548
20.96 0.0834317
20.97 0.081593
20.98 0.0797474
20.99 0.0779033
21 0.0760687
21.01 0.074251
21.02 0.0724569
21.03 0.0706929
21.04 0.0689648
21.05 0.0672783
21.06 0.0656387
21.07 0.0640512
21.08 0.0625209
21.09 0.0610522
21.1 0.0596494
21.11 0.0583167
21.12 0.057058
21.13 0.0558775
21.14 0.0547789
21.15 0.0537659
21.16 0.0528419
21.17 0.0520099
21.18 0.0512724
21.19 0.0506314
21.2 0.0500885
21.21 0.0496448
21.22 0.0493008
21.23 0.0490567
21.24 0.0489122
21.25 0.0488664
21.26 0.0489184
21.27 0.0490669
21.28 0.0493104
21.29 0.0496469
21.3 0.0500746
21.31 0.050591
21.32 0.0511932
21.33 0.051878
21.34 0.0526413
21.35 0.0534789
21.36 0.0543856
21.37 0.0553559
21.38 0.0563839
21.39 0.057463
21.4 0.0585862
21.41 0.0597462
21.42 0.0609353
21.43 0.0621456
21.44 0.0633694
21.45 0.0645987
21.46 0.0658261
21.47 0.0670441
21.48 0.0682455
21.49 0.0694233
21.5 0.0705706
21.51 0.0716808
21.52 0.0727473
21.53 0.0737641
21.54 0.0747253
21.55 0.0756255
21.56 0.0764596
21.57 0.0772225
21.58 0.0779098
21.59 0.0785169
21.6 0.0790396
21.61 0.0794742
21.62 0.0798173
21.63 0.0800662
21.64 0.0802191
21.65 0.0802748
21.66 0.0802329
21.67 0.0800939
21.68 0.0798588
21.69 0.0795295
21.7 0.0791079
21.71 0.0785967
21.72 0.0779988
21.73 0.0773177
21.74 0.0765571
21.75 0.0757217
21.76 0.0748165
21.77 0.0738469
21.78 0.0728192
21.79 0.0717397
21.8 0.0706152
21.81 0.0694522
21.82 0.0682576
21.83 0.0670377
21.84 0.0657988
21.85 0.064547
21.86 0.0632879
21.87 0.0620273
21.88 0.0607705
21.89 0.0595226
21.9 0.0582886
21.91 0.0570736
21.92 0.0558824
21.93 0.0547201
21.94 0.0535915
21.95 0.0525017
21.96 0.0514554
21.97 0.050457
21.98 0.0495102
21.99 0.0486183
22 0.0477838
22.01 0.0470085
22.02 0.0462938
22.03 0.0456403
22.04 0.0450487
22.05 0.0445194
22.06 0.0440535
22.07 0.0436522
22.08 0.043317
22.09 0.0430494
22.1 0.0428508
22.11 0.0427225
22.12 0.0426654
22.13 0.0426804
22.14 0.0427677
22.15 0.0429272
22.16 0.0431584
22.17 0.0434601
22.18 0.0438307
22.19 0.0442682
22.2 0.0447702
22.21 0.0453342
22.22 0.0459576
22.23 0.0466377
22.24 0.0473717
22.25 0.0481567
22.26 0.0489895
22.27 0.049867
22.28 0.0507856
22.29 0.0517413
22.3 0.05273
22.31 0.0537469
22.32 0.0547868
22.33 0.0558439
22.34 0.0569125
22.35 0.0579864
22.36 0.0590596
22.37 0.060126
22.38 0.0611797
22.39 0.062215
22.4 0.0632264
22.41 0.0642089
22.42 0.0651578
22.43 0.0660688
22.44 0.0669378
22.45 0.0677611
22.46 0.0685355
22.47 0.0692583
22.48 0.0699274
22.49 0.070541
22.5 0.0710981
22.51 0.071598
22.52 0.0720406
22.53 0.0724265
22.54 0.0727564
22.55 0.0730315
22.56 0.0732532
22.57 0.0734233
22.58 0.0735439
22.59 0.0736173
22.6 0.0736461
22.61 0.073633
22.62 0.0735809
22.63 0.0734928
22.64 0.0733717
22.65 0.0732204
22.66 0.0730416
22.67 0.072838
22.68 0.0726119
22.69 0.0723653
22.7 0.0721006
22.71 0.0718201
22.72 0.0715264
22.73 0.0712222
22.74 0.0709104
22.75 0.0705938
22.76 0.0702753
22.77 0.0699574
22.78 0.0696429
22.79 0.0693341
22.8 0.0690334
22.81 0.068743
22.82 0.0684651
22.83 0.0682018
22.84 0.0679549
22.85 0.0677263
22.86 0.0675176
22.87 0.0673301
22.88 0.0671652
22.89 0.0670237
22.9 0.0669063
22.91 0.0668136
22.92 0.0667453
22.93 0.0667014
22.94 0.0666812
22.95 0.0666838
22.96 0.0667081
22.97 0.0667527
22.98 0.0668161
22.99 0.0668968
23 0.0669939
23.01 0.0671066
23.02 0.0672345
23.03 0.0673773
23.04 0.067535
23.05 0.0677075
23.06 0.0678949
23.07 0.0680968
23.08 0.0683128
23.09 0.0685418
23.1 0.0687827
23.11 0.0690339
23.12 0.0692939
23.13 0.0695612
23.14 0.0698342
23.15 0.0701115
23.16 0.0703914
23.17 0.0706725
23.18 0.0709533
23.19 0.0712325
23.2 0.0715089
23.21 0.0717813
23.22 0.0720486
23.23 0.0723095
23.24 0.0725631
23.25 0.0728081
23.26 0.0730435
23.27 0.0732683
23.28 0.0734816
23.29 0.0736827
23.3 0.073871
23.31 0.0740463
23.32 0.0742082
23.33 0.0743566
23.34 0.0744912
23.35 0.0746118
23.36 0.0747182
23.37 0.0748101
23.38 0.0748871
23.39 0.0749486
23.4 0.074994
23.41 0.0750225
23.42 0.0750331
23.43 0.0750246
23.44 0.0749959
23.45 0.0749458
23.46 0.0748729
23.47 0.0747763
23.48 0.0746552
23.49 0.0745094
23.5 0.0743389
23.51 0.0741441
23.52 0.0739255
23.53 0.0736838
23.54 0.0734199
23.55 0.0731348
23.56 0.0728296
23.57 0.0725057
23.58 0.0721646
23.59 0.0718079
23.6 0.0714374
23.61 0.0710551
23.62 0.0706629
23.63 0.0702629
23.64 0.0698575
23.65 0.0694491
23.66 0.0690399
23.67 0.0686324
23.68 0.0682288
23.69 0.067831
23.7 0.0674411
23.71 0.0670605
23.72 0.0666908
23.73 0.0663331
23.74 0.0659883
23.75 0.065657
23.76 0.0653395
23.77 0.0650357
23.78 0.0647449
23.79 0.0644661
23.8 0.0641979
23.81 0.0639389
23.82 0.0636877
23.83 0.0634427
23.84 0.0632026
23.85 0.062966
23.86 0.0627315
23.87 0.0624978
23.88 0.0622637
23.89 0.0620279
23.9 0.0617891
23.91 0.0615458
23.92 0.0612963
23.93 0.0610391
23.94 0.0607725
23.95 0.0604951
23.96 0.0602057
23.97 0.0599036
23.98 0.0595882
23.99 0.0592598
24 0.0589191
24.01 0.0585674
24.02 0.0582063
24.03 0.057838
24.04 0.0574649
24.05 0.0570902
24.06 0.0567179
24.07 0.056352
24.08 0.0559974
24.09 0.0556585
24.1 0.0553396
24.11 0.055045
24.12 0.0547783
24.13 0.0545426
24.14 0.0543403
24.15 0.054173
24.16 0.0540418
24.17 0.053947
24.18 0.0538886
24.19 0.0538664
24.2 0.05388
24.21 0.0539287
24.22 0.0540114
24.23 0.0541268
24.24 0.0542734
24.25 0.0544495
24.26 0.0546531
24.27 0.054882
24.28 0.0551336
24.29 0.0554052
24.3 0.0556937
24.31 0.0559956
24.32 0.0563074
24.33 0.0566259
24.34 0.0569481
24.35 0.0572717
24.36 0.0575949
24.37 0.0579162
24.38 0.0582345
24.39 0.0585489
24.4 0.0588586
24.41 0.0591628
24.42 0.0594609
24.43 0.059752
24.44 0.0600351
24.45 0.0603092
24.46 0.0605731
24.47 0.0608261
24.48 0.0610672
24.49 0.0612958
24.5 0.0615114
24.51 0.0617135
24.52 0.0619018
24.53 0.0620758
24.54 0.0622352
24.55 0.0623796
24.56 0.0625085
24.57 0.0626214
24.58 0.0627176
24.59 0.0627964
24.6 0.0628572
24.61 0.0628994
24.62 0.0629226
24.63 0.0629264
24.64 0.0629105
24.65 0.0628749
24.66 0.0628199
24.67 0.0627464
24.68 0.0626551
24.69 0.0625473
24.7 0.0624247
24.71 0.0622889
24.72 0.0621418
24.73 0.0619854
24.74 0.0618217
24.75 0.0616528
24.76 0.0614808
24.77 0.0613081
24.78 0.0611367
24.79 0.0609688
24.8 0.0608059
24.81 0.0606498
24.82 0.0605019
24.83 0.0603632
24.84 0.0602348
24.85 0.0601172
24.86 0.0600111
24.87 0.0599168
24.88 0.0598347
24.89 0.0597647
24.9 0.0597064
24.91 0.0596593
24.92 0.0596225
24.93 0.059595
24.94 0.0595757
24.95 0.0595634
24.96 0.0595567
24.97 0.0595544
24.98 0.059555
24.99 0.0595574
25 0.0595604
