0.01 3.17074e-09
0.02 1.52632e-08
0.03 3.76518e-08
0.04 6.79339e-08
0.05 1.03737e-07
0.06 1.42747e-07
0.07 1.82729e-07
0.08 2.21534e-07
0.09 2.57083e-07
0.1 2.87373e-07
0.11 3.10503e-07
0.12 3.24682e-07
0.13 3.28194e-07
0.14 3.19343e-07
0.15 2.9645e-07
0.16 2.57911e-07
0.17 2.0225e-07
0.18 1.28132e-07
0.19 3.43841e-08
0.2 -7.99994e-08
0.21 -2.15839e-07
0.22 -3.73768e-07
0.23 -5.54235e-07
0.24 -7.57526e-07
0.25 -9.83791e-07
0.26 -1.23311e-06
0.27 -1.50554e-06
0.28 -1.80095e-06
0.29 -2.1188e-06
0.3 -2.45805e-06
0.31 -2.81706e-06
0.32 -3.19363e-06
0.33 -3.58473e-06
0.34 -3.9865e-06
0.35 -4.39445e-06
0.36 -4.80376e-06
0.37 -5.20942e-06
0.38 -5.60677e-06
0.39 -5.99236e-06
0.4 -6.36449e-06
0.41 -6.72358e-06
0.42 -7.07168e-06
0.43 -7.41186e-06
0.44 -7.74829e-06
0.45 -8.08607e-06
0.46 -8.43076e-06
0.47 -8.7879e-06
0.48 -9.16244e-06
0.49 -9.55852e-06
0.5 -9.9793e-06
0.51 -1.04272e-05
0.52 -1.09042e-05
0.53 -1.14114e-05
0.54 -1.19492e-05
0.55 -1.25178e-05
0.56 -1.31168e-05
0.57 -1.37451e-05
0.58 -1.44015e-05
0.59 -1.5085e-05
0.6 -1.57941e-05
0.61 -1.65271e-05
0.62 -1.72823e-05
0.63 -1.80576e-05
0.64 -1.88509e-05
0.65 -1.96602e-05
0.66 -2.04836e-05
0.67 -2.13193e-05
0.68 -2.21659e-05
0.69 -2.30224e-05
0.7 -2.38875e-05
0.71 -2.47599e-05
0.72 -2.56375e-05
0.73 -2.65169e-05
0.74 -2.73925e-05
0.75 -2.82562e-05
0.76 -2.9097e-05
0.77 -2.99016e-05
0.78 -3.0655e-05
0.79 -3.13437e-05
0.8 -3.19565e-05
0.81 -3.24854e-05
0.82 -3.29253e-05
0.83 -3.32729e-05
0.84 -3.35275e-05
0.85 -3.36918e-05
0.86 -3.37717e-05
0.87 -3.37723e-05
0.88 -3.36939e-05
0.89 -3.35317e-05
0.9 -3.32777e-05
0.91 -3.29227e-05
0.92 -3.24575e-05
0.93 -3.18749e-05
0.94 -3.11726e-05
0.95 -3.03542e-05
0.96 -2.94298e-05
0.97 -2.84154e-05
0.98 -2.73281e-05
0.99 -2.61802e-05
1 -2.49781e-05
1.01 -2.37226e-05
1.02 -2.24086e-05
1.03 -2.10265e-05
1.04 -1.95647e-05
1.05 -1.80117e-05
1.06 -1.63593e-05
1.07 -1.46046e-05
1.08 -1.27481e-05
1.09 -1.07916e-05
1.1 -8.73655e-06
1.11 -6.58605e-06
1.12 -4.34333e-06
1.13 -2.01012e-06
1.14 4.12884e-07
1.15 2.92459e-06
1.16 5.52174e-06
1.17 8.19633e-06
1.18 1.09334e-05
1.19 1.37129e-05
1.2 1.6513e-05
1.21 1.93089e-05
1.22 2.20713e-05
1.23 2.47696e-05
1.24 2.73772e-05
1.25 2.98798e-05
1.26 3.22796e-05
1.27 3.45906e-05
1.28 3.68293e-05
1.29 3.90115e-05
1.3 4.11515e-05
1.31 4.32574e-05
1.32 4.53285e-05
1.33 4.73581e-05
1.34 4.93384e-05
1.35 5.12645e-05
1.36 5.31348e-05
1.37 5.49503e-05
1.38 5.67145e-05
1.39 5.8432e-05
1.4 6.01063e-05
1.41 6.17371e-05
1.42 6.33159e-05
1.43 6.48223e-05
1.44 6.62202e-05
1.45 6.74556e-05
1.46 6.84587e-05
1.47 6.91505e-05
1.48 6.94497e-05
1.49 6.92745e-05
1.5 6.8546e-05
1.51 6.71929e-05
1.52 6.51545e-05
1.53 6.23874e-05
1.54 5.88738e-05
1.55 5.46291e-05
1.56 4.9704e-05
1.57 4.41754e-05
1.58 3.81369e-05
1.59 3.16923e-05
1.6 2.49426e-05
1.61 1.79796e-05
1.62 1.08874e-05
1.63 3.74259e-06
1.64 -3.38697e-06
1.65 -1.04409e-05
1.66 -1.73695e-05
1.67 -2.41351e-05
1.68 -3.07107e-05
1.69 -3.70735e-05
1.7 -4.32019e-05
1.71 -4.90754e-05
1.72 -5.46741e-05
1.73 -5.99762e-05
1.74 -6.4955e-05
1.75 -6.9575e-05
1.76 -7.37967e-05
1.77 -7.75838e-05
1.78 -8.08989e-05
1.79 -8.36987e-05
1.8 -8.5936e-05
1.81 -8.7565e-05
1.82 -8.85414e-05
1.83 -8.88248e-05
1.84 -8.83886e-05
1.85 -8.72257e-05
1.86 -8.53438e-05
1.87 -8.27561e-05
1.88 -7.94749e-05
1.89 -7.55107e-05
1.9 -7.08727e-05
1.91 -6.55678e-05
1.92 -5.96015e-05
1.93 -5.29794e-05
1.94 -4.57207e-05
1.95 -3.78738e-05
1.96 -2.95175e-05
1.97 -2.07547e-05
1.98 -1.17083e-05
1.99 -2.50883e-06
2 6.72636e-06
2.01 1.59115e-05
2.02 2.49949e-05
2.03 3.39559e-05
2.04 4.28021e-05
2.05 5.15593e-05
2.06 6.02612e-05
2.07 6.89393e-05
2.08 7.7607e-05
2.09 8.62485e-05
2.1 9.48165e-05
2.11 0.000103236
2.12 0.000111401
2.13 0.000119171
2.14 0.000126385
2.15 0.00013287
2.16 0.000138448
2.17 0.000142941
2.18 0.000146176
2.19 0.000147975
2.2 0.000148153
2.21 0.00014652
2.22 0.000142896
2.23 0.000137116
2.24 0.000129037
2.25 0.000118533
2.26 0.0001055
2.27 8.9883e-05
2.28 7.1682e-05
2.29 5.09391e-05
2.3 2.77345e-05
2.31 2.18708e-06
2.32 -2.55401e-05
2.33 -5.52284e-05
2.34 -8.65989e-05
2.35 -0.000119319
2.36 -0.000153012
2.37 -0.000187272
2.38 -0.00022167
2.39 -0.000255759
2.4 -0.000289091
2.41 -0.000321261
2.42 -0.000351924
2.43 -0.000380783
2.44 -0.000407568
2.45 -0.000432034
2.46 -0.000453961
2.47 -0.000473166
2.48 -0.000489508
2.49 -0.000502872
2.5 -0.000513153
2.51 -0.00052024
2.52 -0.000524019
2.53 -0.000524386
2.54 -0.000521252
2.55 -0.000514536
2.56 -0.000504171
2.57 -0.000490138
2.58 -0.000472477
2.59 -0.000451299
2.6 -0.000426776
2.61 -0.000399124
2.62 -0.000368583
2.63 -0.000335396
2.64 -0.000299798
2.65 -0.00026201
2.66 -0.000222243
2.67 -0.000180698
2.68 -0.000137578
2.69 -9.31001e-05
2.7 -4.74996e-05
2.71 -1.0177e-06
2.72 4.60999e-05
2.73 9.36066e-05
2.74 0.000141274
2.75 0.000188896
2.76 0.000236277
2.77 0.000283228
2.78 0.000329588
2.79 0.000375242
2.8 0.000420113
2.81 0.000464157
2.82 0.000507332
2.83 0.000549568
2.84 0.000590764
2.85 0.000630781
2.86 0.000669456
2.87 0.000706589
2.88 0.000741933
2.89 0.0007752
2.9 0.000806089
2.91 0.000834295
2.92 0.000859507
2.93 0.00088142
2.94 0.000899745
2.95 0.000914219
2.96 0.000924613
2.97 0.000930759
2.98 0.000932565
2.99 0.000930005
3 0.000923098
3.01 0.000911909
3.02 0.000896516
3.03 0.000876999
3.04 0.000853431
3.05 0.000825869
3.06 0.000794348
3.07 0.000758875
3.08 0.000719434
3.09 0.000676001
3.1 0.00062858
3.11 0.000577225
3.12 0.000522062
3.13 0.0004633
3.14 0.00040122
3.15 0.000336142
3.16 0.000268414
3.17 0.000198415
3.18 0.00012655
3.19 5.32297e-05
3.2 -2.1153e-05
3.21 -9.62101e-05
3.22 -0.000171525
3.23 -0.000246642
3.24 -0.000321071
3.25 -0.000394295
3.26 -0.000465782
3.27 -0.000534978
3.28 -0.000601286
3.29 -0.000664106
3.3 -0.000722872
3.31 -0.000777028
3.32 -0.000826038
3.33 -0.00086943
3.34 -0.000906843
3.35 -0.000938059
3.36 -0.000963011
3.37 -0.000981776
3.38 -0.000994564
3.39 -0.0010017
3.4 -0.00100364
3.41 -0.00100091
3.42 -0.000994093
3.43 -0.000983806
3.44 -0.000970647
3.45 -0.000955208
3.46 -0.000938052
3.47 -0.000919672
3.48 -0.000900443
3.49 -0.0008806
3.5 -0.000860247
3.51 -0.000839371
3.52 -0.000817847
3.53 -0.000795463
3.54 -0.000771949
3.55 -0.00074703
3.56 -0.000720489
3.57 -0.000692169
3.58 -0.000661937
3.59 -0.00062967
3.6 -0.000595295
3.61 -0.000558808
3.62 -0.000520267
3.63 -0.000479789
3.64 -0.000437555
3.65 -0.000393804
3.66 -0.000348835
3.67 -0.00030302
3.68 -0.0002568
3.69 -0.000210663
3.7 -0.000165088
3.71 -0.000120529
3.72 -7.74338e-05
3.73 -3.62179e-05
3.74 2.76614e-06
3.75 3.92138e-05
3.76 7.28609e-05
3.77 0.000103494
3.78 0.00013095
3.79 0.000155114
3.8 0.000175922
3.81 0.000193389
3.82 0.000207593
3.83 0.000218654
3.84 0.000226726
3.85 0.000231996
3.86 0.000234625
3.87 0.000234712
3.88 0.00023226
3.89 0.00022717
3.9 0.000219238
3.91 0.00020816
3.92 0.00019353
3.93 0.000174881
3.94 0.000151726
3.95 0.000123593
3.96 9.00422e-05
3.97 5.07116e-05
3.98 5.37525e-06
3.99 -4.60204e-05
4 -0.000103357
4.01 -0.000166352
4.02 -0.000234568
4.03 -0.000307433
4.04 -0.000384241
4.05 -0.000464156
4.06 -0.000546225
4.07 -0.000629367
4.08 -0.000712357
4.09 -0.000793857
4.1 -0.000872452
4.11 -0.000946718
4.12 -0.00101533
4.13 -0.00107713
4.14 -0.00113121
4.15 -0.00117694
4.16 -0.00121401
4.17 -0.0012425
4.18 -0.00126277
4.19 -0.00127544
4.2 -0.00128135
4.21 -0.00128148
4.22 -0.0012769
4.23 -0.00126863
4.24 -0.0012576
4.25 -0.00124464
4.26 -0.00123052
4.27 -0.00121593
4.28 -0.00120144
4.29 -0.00118746
4.3 -0.00117428
4.31 -0.00116202
4.32 -0.00115068
4.33 -0.00114017
4.34 -0.00113025
4.35 -0.00112054
4.36 -0.00111053
4.37 -0.00109957
4.38 -0.00108694
4.39 -0.00107184
4.4 -0.00105347
4.41 -0.001031
4.42 -0.00100355
4.43 -0.000970322
4.44 -0.000930527
4.45 -0.000883492
4.46 -0.000828715
4.47 -0.000765917
4.48 -0.000695044
4.49 -0.000616212
4.5 -0.000529632
4.51 -0.000435578
4.52 -0.000334431
4.53 -0.000226715
4.54 -0.000113086
4.55 5.68854e-06
4.56 0.000128747
4.57 0.000255144
4.58 0.000383853
4.59 0.000513794
4.6 0.000643845
4.61 0.000772889
4.62 0.000899869
4.63 0.0010238
4.64 0.00114375
4.65 0.0012589
4.66 0.00136854
4.67 0.0014721
4.68 0.00156922
4.69 0.00165967
4.7 0.00174334
4.71 0.00182014
4.72 0.00188998
4.73 0.0019528
4.74 0.00200853
4.75 0.00205706
4.76 0.0020982
4.77 0.00213173
4.78 0.00215745
4.79 0.00217517
4.8 0.00218473
4.81 0.00218594
4.82 0.00217858
4.83 0.00216248
4.84 0.0021375
4.85 0.0021035
4.86 0.00206033
4.87 0.0020079
4.88 0.00194625
4.89 0.00187545
4.9 0.00179563
4.91 0.00170701
4.92 0.00160989
4.93 0.00150467
4.94 0.00139177
4.95 0.00127166
4.96 0.00114489
4.97 0.00101205
4.98 0.000873805
4.99 0.000730915
5 0.000584191
5.01 0.000434458
5.02 0.000282492
5.03 0.000128965
5.04 -2.55716e-05
5.05 -0.000180681
5.06 -0.000336059
5.07 -0.000491554
5.08 -0.000647117
5.09 -0.00080275
5.1 -0.000958515
5.11 -0.00111452
5.12 -0.00127084
5.13 -0.00142749
5.14 -0.00158441
5.15 -0.00174138
5.16 -0.00189803
5.17 -0.00205374
5.18 -0.00220772
5.19 -0.00235905
5.2 -0.00250665
5.21 -0.00264938
5.22 -0.002786
5.23 -0.00291532
5.24 -0.00303618
5.25 -0.0031475
5.26 -0.0032482
5.27 -0.00333716
5.28 -0.00341328
5.29 -0.00347552
5.3 -0.00352293
5.31 -0.00355464
5.32 -0.00356995
5.33 -0.00356838
5.34 -0.00354972
5.35 -0.00351403
5.36 -0.00346169
5.37 -0.00339338
5.38 -0.00331012
5.39 -0.00321312
5.4 -0.00310368
5.41 -0.00298317
5.42 -0.00285297
5.43 -0.0027144
5.44 -0.00256866
5.45 -0.00241681
5.46 -0.00225976
5.47 -0.00209833
5.48 -0.00193328
5.49 -0.00176535
5.5 -0.00159518
5.51 -0.00142335
5.52 -0.00125033
5.53 -0.00107665
5.54 -0.000902771
5.55 -0.000729138
5.56 -0.00055615
5.57 -0.000384239
5.58 -0.000213922
5.59 -4.57785e-05
5.6 0.000119604
5.61 0.00028167
5.62 0.000439916
5.63 0.000593879
5.64 0.000743151
5.65 0.000887359
5.66 0.00102614
5.67 0.00115919
5.68 0.00128627
5.69 0.00140725
5.7 0.00152209
5.71 0.00163087
5.72 0.00173377
5.73 0.00183105
5.74 0.00192302
5.75 0.00201
5.76 0.00209236
5.77 0.0021704
5.78 0.00224434
5.79 0.00231425
5.8 0.00238008
5.81 0.00244155
5.82 0.00249821
5.83 0.00254937
5.84 0.00259417
5.85 0.00263159
5.86 0.00266056
5.87 0.00267993
5.88 0.00268859
5.89 0.00268543
5.9 0.00266944
5.91 0.00263974
5.92 0.00259566
5.93 0.0025367
5.94 0.00246256
5.95 0.00237318
5.96 0.00226879
5.97 0.00214998
5.98 0.00201769
5.99 0.00187314
6 0.00171778
6.01 0.0015533
6.02 0.00138145
6.03 0.00120405
6.04 0.00102296
6.05 0.000840026
6.06 0.000657077
6.07 0.00047578
6.08 0.000297608
6.09 0.000123832
6.1 -4.44305e-05
6.11 -0.000206211
6.12 -0.000360708
6.13 -0.000507285
6.14 -0.000645411
6.15 -0.000774588
6.16 -0.000894311
6.17 -0.001004
6.18 -0.00110293
6.19 -0.0011902
6.2 -0.00126486
6.21 -0.00132595
6.22 -0.00137249
6.23 -0.00140351
6.24 -0.00141809
6.25 -0.00141543
6.26 -0.0013948
6.27 -0.00135556
6.28 -0.00129718
6.29 -0.00121914
6.3 -0.001121
6.31 -0.00100233
6.32 -0.000862731
6.33 -0.00070183
6.34 -0.000519301
6.35 -0.000314881
6.36 -8.84388e-05
6.37 0.000159885
6.38 0.000429555
6.39 0.000719656
6.4 0.00102897
6.41 0.00135602
6.42 0.00169921
6.43 0.00205692
6.44 0.00242758
6.45 0.00280974
6.46 0.00320221
6.47 0.00360396
6.48 0.00401398
6.49 0.00443119
6.5 0.00485429
6.51 0.00528161
6.52 0.00571105
6.53 0.00614013
6.54 0.00656594
6.55 0.00698516
6.56 0.0073941
6.57 0.00778878
6.58 0.00816513
6.59 0.00851913
6.6 0.00884704
6.61 0.00914549
6.62 0.0094116
6.63 0.00964301
6.64 0.0098378
6.65 0.00999445
6.66 0.0101117
6.67 0.0101882
6.68 0.0102232
6.69 0.0102156
6.7 0.0101648
6.71 0.0100701
6.72 0.00993131
6.73 0.00974821
6.74 0.00952091
6.75 0.00924975
6.76 0.00893545
6.77 0.00857903
6.78 0.00818182
6.79 0.00774546
6.8 0.00727191
6.81 0.00676329
6.82 0.00622187
6.83 0.00564993
6.84 0.0050498
6.85 0.00442376
6.86 0.00377406
6.87 0.00310285
6.88 0.00241228
6.89 0.0017045
6.9 0.000981802
6.91 0.000246688
6.92 -0.000498058
6.93 -0.00124935
6.94 -0.00200377
6.95 -0.00275761
6.96 -0.00350699
6.97 -0.00424799
6.98 -0.00497687
6.99 -0.0056902
7 -0.00638494
7.01 -0.00705851
7.02 -0.00770875
7.03 -0.00833378
7.04 -0.00893184
7.05 -0.00950119
7.06 -0.0100399
7.07 -0.0105459
7.08 -0.0110166
7.09 -0.0114497
7.1 -0.0118423
7.11 -0.0121917
7.12 -0.0124953
7.13 -0.012751
7.14 -0.012957
7.15 -0.0131124
7.16 -0.0132166
7.17 -0.01327
7.18 -0.013273
7.19 -0.0132268
7.2 -0.0131326
7.21 -0.0129916
7.22 -0.0128054
7.23 -0.0125751
7.24 -0.0123018
7.25 -0.0119865
7.26 -0.01163
7.27 -0.0112331
7.28 -0.0107969
7.29 -0.0103228
7.3 -0.00981243
7.31 -0.00926797
7.32 -0.00869199
7.33 -0.00808748
7.34 -0.00745763
7.35 -0.00680574
7.36 -0.00613503
7.37 -0.00544854
7.38 -0.00474902
7.39 -0.00403889
7.4 -0.00332026
7.41 -0.00259503
7.42 -0.001865
7.43 -0.00113198
7.44 -0.000398029
7.45 0.000334538
7.46 0.00106308
7.47 0.00178462
7.48 0.00249586
7.49 0.00319319
7.5 0.00387273
7.51 0.00453037
7.52 0.00516187
7.53 0.00576307
7.54 0.00632996
7.55 0.00685877
7.56 0.007346
7.57 0.00778831
7.58 0.00818258
7.59 0.00852586
7.6 0.00881545
7.61 0.00904888
7.62 0.00922416
7.63 0.0093399
7.64 0.00939544
7.65 0.00939077
7.66 0.00932662
7.67 0.00920454
7.68 0.00902686
7.69 0.00879674
7.7 0.00851799
7.71 0.00819501
7.72 0.00783237
7.73 0.00743451
7.74 0.00700561
7.75 0.00654942
7.76 0.00606931
7.77 0.00556833
7.78 0.00504928
7.79 0.00451475
7.8 0.00396704
7.81 0.00340825
7.82 0.00284027
7.83 0.00226482
7.84 0.00168344
7.85 0.00109748
7.86 0.000508253
7.87 -8.3013e-05
7.88 -0.000675087
7.89 -0.00126664
7.9 -0.00185618
7.91 -0.00244205
7.92 -0.00302238
7.93 -0.00359505
7.94 -0.00415772
7.95 -0.00470785
7.96 -0.00524278
7.97 -0.0057597
7.98 -0.00625575
7.99 -0.006728
8 -0.00717364
8.01 -0.00759004
8.02 -0.00797484
8.03 -0.00832594
8.04 -0.00864159
8.05 -0.00892049
8.06 -0.00916177
8.07 -0.00936498
8.08 -0.00952998
8.09 -0.00965686
8.1 -0.00974581
8.11 -0.00979697
8.12 -0.00981029
8.13 -0.00978549
8.14 -0.0097221
8.15 -0.00961951
8.16 -0.009477
8.17 -0.00929378
8.18 -0.00906913
8.19 -0.00880246
8.2 -0.00849339
8.21 -0.0081418
8.22 -0.00774795
8.23 -0.00731243
8.24 -0.00683611
8.25 -0.0063202
8.26 -0.00576629
8.27 -0.00517631
8.28 -0.00455258
8.29 -0.00389779
8.3 -0.0032151
8.31 -0.00250817
8.32 -0.00178128
8.33 -0.00103932
8.34 -0.000287718
8.35 0.000467729
8.36 0.00122101
8.37 0.00196616
8.38 0.0026975
8.39 0.00340986
8.4 0.00409872
8.41 0.00476026
8.42 0.00539132
8.43 0.00598932
8.44 0.00655221
8.45 0.00707852
8.46 0.00756734
8.47 0.00801829
8.48 0.00843148
8.49 0.00880734
8.5 0.00914658
8.51 0.00945005
8.52 0.00971866
8.53 0.00995313
8.54 0.0101539
8.55 0.0103212
8.56 0.0104548
8.57 0.0105545
8.58 0.0106199
8.59 0.0106507
8.6 0.0106467
8.61 0.0106077
8.62 0.010534
8.63 0.010426
8.64 0.0102847
8.65 0.0101114
8.66 0.00990807
8.67 0.00967674
8.68 0.00941987
8.69 0.00914004
8.7 0.0088399
8.71 0.00852214
8.72 0.00818944
8.73 0.00784429
8.74 0.00748901
8.75 0.00712573
8.76 0.00675632
8.77 0.00638228
8.78 0.00600477
8.79 0.00562464
8.8 0.00524247
8.81 0.00485851
8.82 0.00447281
8.83 0.00408532
8.84 0.00369604
8.85 0.00330514
8.86 0.00291295
8.87 0.00251996
8.88 0.00212679
8.89 0.00173426
8.9 0.0013435
8.91 0.000955836
8.92 0.000572827
8.93 0.000196139
8.94 -0.000172539
8.95 -0.000531602
8.96 -0.000879565
8.97 -0.00121507
8.98 -0.00153692
8.99 -0.00184407
9 -0.00213582
9.01 -0.00241176
9.02 -0.00267184
9.03 -0.00291636
9.04 -0.00314593
9.05 -0.00336128
9.06 -0.00356318
9.07 -0.00375229
9.08 -0.00392917
9.09 -0.00409423
9.1 -0.00424785
9.11 -0.00439037
9.12 -0.00452218
9.13 -0.00464367
9.14 -0.00475526
9.15 -0.00485738
9.16 -0.00495033
9.17 -0.00503423
9.18 -0.00510886
9.19 -0.0051736
9.2 -0.00522744
9.21 -0.00526887
9.22 -0.00529592
9.23 -0.00530619
9.24 -0.00529704
9.25 -0.00526583
9.26 -0.0052102
9.27 -0.00512821
9.28 -0.00501846
9.29 -0.00488022
9.3 -0.00471335
9.31 -0.00451808
9.32 -0.00429487
9.33 -0.00404441
9.34 -0.00376755
9.35 -0.00346531
9.36 -0.00313885
9.37 -0.00278946
9.38 -0.00241854
9.39 -0.00202761
9.4 -0.00161839
9.41 -0.00119286
9.42 -0.000753321
9.43 -0.000302454
9.44 0.000156596
9.45 0.000620218
9.46 0.00108446
9.47 0.00154521
9.48 0.00199833
9.49 0.00243986
9.5 0.00286623
9.51 0.00327426
9.52 0.00366132
9.53 0.0040252
9.54 0.0043641
9.55 0.00467643
9.56 0.0049607
9.57 0.00521548
9.58 0.00543922
9.59 0.00563026
9.6 0.00578687
9.61 0.00590735
9.62 0.00599016
9.63 0.00603407
9.64 0.00603827
9.65 0.00600245
9.66 0.00592683
9.67 0.0058121
9.68 0.00565945
9.69 0.0054705
9.7 0.00524719
9.71 0.0049916
9.72 0.00470591
9.73 0.00439228
9.74 0.00405278
9.75 0.0036893
9.76 0.00330353
9.77 0.00289699
9.78 0.00247107
9.79 0.002027
9.8 0.00156587
9.81 0.00108862
9.82 0.000596072
9.83 8.89618e-05
9.84 -0.000432055
9.85 -0.000966381
9.86 -0.00151339
9.87 -0.00207232
9.88 -0.0026422
9.89 -0.0032219
9.9 -0.00381006
9.91 -0.00440505
9.92 -0.00500487
9.93 -0.00560726
9.94 -0.00620962
9.95 -0.00680911
9.96 -0.00740273
9.97 -0.00798745
9.98 -0.00856044
9.99 -0.00911909
10 -0.00966108
10.01 -0.0101844
10.02 -0.0106873
10.03 -0.0111684
10.04 -0.0116267
10.05 -0.012061
10.06 -0.0124703
10.07 -0.0128533
10.08 -0.0132089
10.09 -0.0135356
10.1 -0.013832
10.11 -0.0140969
10.12 -0.0143288
10.13 -0.0145267
10.14 -0.0146899
10.15 -0.0148179
10.16 -0.0149105
10.17 -0.0149677
10.18 -0.0149896
10.19 -0.0149764
10.2 -0.0149281
10.21 -0.0148447
10.22 -0.0147265
10.23 -0.0145734
10.24 -0.0143859
10.25 -0.0141642
10.26 -0.0139088
10.27 -0.0136206
10.28 -0.0133005
10.29 -0.0129495
10.3 -0.0125691
10.31 -0.0121606
10.32 -0.0117253
10.33 -0.0112648
10.34 -0.0107805
10.35 -0.010274
10.36 -0.0097468
10.37 -0.00920073
10.38 -0.00863753
10.39 -0.00805903
10.4 -0.00746703
10.41 -0.00686333
10.42 -0.00624956
10.43 -0.00562723
10.44 -0.00499763
10.45 -0.00436186
10.46 -0.00372084
10.47 -0.00307548
10.48 -0.00242671
10.49 -0.00177566
10.5 -0.00112373
10.51 -0.000472638
10.52 0.000175581
10.53 0.000818633
10.54 0.00145402
10.55 0.00207915
10.56 0.00269143
10.57 0.00328829
10.58 0.00386716
10.59 0.00442555
10.6 0.00496111
10.61 0.00547152
10.62 0.00595456
10.63 0.00640802
10.64 0.00682975
10.65 0.0072176
10.66 0.00756948
10.67 0.00788336
10.68 0.00815741
10.69 0.00838999
10.7 0.00857984
10.71 0.00872606
10.72 0.00882808
10.73 0.00888564
10.74 0.00889878
10.75 0.00886779
10.76 0.00879319
10.77 0.00867575
10.78 0.00851651
10.79 0.00831678
10.8 0.00807807
10.81 0.00780207
10.82 0.00749069
10.83 0.00714602
10.84 0.00677029
10.85 0.00636585
10.86 0.00593511
10.87 0.00548041
10.88 0.00500409
10.89 0.00450851
10.9 0.00399599
10.91 0.00346891
10.92 0.00292972
10.93 0.00238105
10.94 0.00182578
10.95 0.00126704
10.96 0.000708158
10.97 0.000152663
10.98 -0.000395837
10.99 -0.000933737
11 -0.00145757
11.01 -0.00196405
11.02 -0.0024501
11.03 -0.00291293
11.04 -0.00335006
11.05 -0.00375931
11.06 -0.00413873
11.07 -0.00448659
11.08 -0.00480138
11.09 -0.00508185
11.1 -0.0053269
11.11 -0.00553559
11.12 -0.00570702
11.13 -0.00584038
11.14 -0.00593498
11.15 -0.00599029
11.16 -0.00600591
11.17 -0.00598143
11.18 -0.00591644
11.19 -0.00581043
11.2 -0.00566287
11.21 -0.00547322
11.22 -0.00524092
11.23 -0.0049655
11.24 -0.00464677
11.25 -0.00428504
11.26 -0.00388124
11.27 -0.00343692
11.28 -0.00295418
11.29 -0.00243553
11.3 -0.00188374
11.31 -0.00130179
11.32 -0.000692759
11.33 -5.97314e-05
11.34 0.000594311
11.35 0.00126664
11.36 0.00195486
11.37 0.0026568
11.38 0.00337041
11.39 0.00409364
11.4 0.00482433
11.41 0.00556027
11.42 0.00629898
11.43 0.00703773
11.44 0.00777355
11.45 0.0085033
11.46 0.00922375
11.47 0.00993178
11.48 0.0106244
11.49 0.0112992
11.5 0.0119538
11.51 0.0125866
11.52 0.0131964
11.53 0.0137823
11.54 0.0143434
11.55 0.0148792
11.56 0.015389
11.57 0.0158722
11.58 0.0163276
11.59 0.0167543
11.6 0.0171511
11.61 0.017517
11.62 0.0178513
11.63 0.0181533
11.64 0.0184224
11.65 0.0186582
11.66 0.0188605
11.67 0.019029
11.68 0.0191638
11.69 0.0192648
11.7 0.0193318
11.71 0.0193649
11.72 0.0193637
11.73 0.0193277
11.74 0.0192563
11.75 0.0191488
11.76 0.019004
11.77 0.0188205
11.78 0.0185967
11.79 0.0183305
11.8 0.0180199
11.81 0.0176629
11.82 0.0172582
11.83 0.0168049
11.84 0.0163026
11.85 0.0157514
11.86 0.0151519
11.87 0.014505
11.88 0.0138118
11.89 0.0130737
11.9 0.0122924
11.91 0.0114697
11.92 0.0106077
11.93 0.00970896
11.94 0.00877592
11.95 0.00781141
11.96 0.00681837
11.97 0.00579986
11.98 0.00475919
11.99 0.00369993
12 0.00262592
12.01 0.00154122
12.02 0.000450117
12.03 -0.000642823
12.04 -0.00173275
12.05 -0.00281463
12.06 -0.00388334
12.07 -0.00493376
12.08 -0.00596094
12.09 -0.00696029
12.1 -0.0079276
12.11 -0.00885911
12.12 -0.00975143
12.13 -0.0106017
12.14 -0.0114077
12.15 -0.0121676
12.16 -0.0128801
12.17 -0.0135443
12.18 -0.0141593
12.19 -0.0147249
12.2 -0.0152407
12.21 -0.0157066
12.22 -0.0161225
12.23 -0.0164886
12.24 -0.016805
12.25 -0.0170721
12.26 -0.0172901
12.27 -0.0174595
12.28 -0.0175807
12.29 -0.0176542
12.3 -0.0176803
12.31 -0.0176596
12.32 -0.0175925
12.33 -0.0174795
12.34 -0.0173208
12.35 -0.0171167
12.36 -0.0168673
12.37 -0.016573
12.38 -0.0162338
12.39 -0.0158498
12.4 -0.0154212
12.41 -0.014948
12.42 -0.0144309
12.43 -0.0138705
12.44 -0.0132678
12.45 -0.012624
12.46 -0.0119403
12.47 -0.0112184
12.48 -0.0104596
12.49 -0.00966503
12.5 -0.00883547
12.51 -0.00797137
12.52 -0.00707288
12.53 -0.00613996
12.54 -0.00517256
12.55 -0.00417087
12.56 -0.00313542
12.57 -0.00206714
12.58 -0.000967389
12.59 0.000162233
12.6 0.00131993
12.61 0.00250377
12.62 0.00371158
12.63 0.00494081
12.64 0.00618851
12.65 0.00745146
12.66 0.00872613
12.67 0.0100086
12.68 0.0112946
12.69 0.0125793
12.7 0.0138574
12.71 0.0151235
12.72 0.016372
12.73 0.0175969
12.74 0.0187928
12.75 0.0199539
12.76 0.0210749
12.77 0.0221506
12.78 0.0231763
12.79 0.0241474
12.8 0.0250597
12.81 0.0259091
12.82 0.0266918
12.83 0.0274042
12.84 0.0280429
12.85 0.0286046
12.86 0.0290867
12.87 0.0294868
12.88 0.0298033
12.89 0.030035
12.9 0.0301814
12.91 0.0302425
12.92 0.0302185
12.93 0.0301103
12.94 0.0299188
12.95 0.029645
12.96 0.0292904
12.97 0.0288565
12.98 0.028345
12.99 0.0277579
13 0.0270975
13.01 0.0263664
13.02 0.0255676
13.03 0.0247047
13.04 0.0237814
13.05 0.0228019
13.06 0.0217705
13.07 0.0206915
13.08 0.0195692
13.09 0.0184078
13.1 0.0172112
13.11 0.0159835
13.12 0.0147282
13.13 0.0134493
13.14 0.0121505
13.15 0.0108361
13.16 0.00951021
13.17 0.00817754
13.18 0.00684287
13.19 0.00551116
13.2 0.00418748
13.21 0.00287686
13.22 0.00158426
13.23 0.000314478
13.24 -0.00092781
13.25 -0.00213814
13.26 -0.0033123
13.27 -0.00444632
13.28 -0.00553653
13.29 -0.00657959
13.3 -0.00757244
13.31 -0.00851243
13.32 -0.00939732
13.33 -0.0102253
13.34 -0.0109949
13.35 -0.0117051
13.36 -0.0123549
13.37 -0.0129434
13.38 -0.0134702
13.39 -0.0139344
13.4 -0.0143357
13.41 -0.0146735
13.42 -0.0149475
13.43 -0.0151571
13.44 -0.0153021
13.45 -0.015382
13.46 -0.0153964
13.47 -0.015345
13.48 -0.0152276
13.49 -0.0150441
13.5 -0.0147944
13.51 -0.0144788
13.52 -0.0140977
13.53 -0.0136517
13.54 -0.0131414
13.55 -0.0125678
13.56 -0.0119318
13.57 -0.0112347
13.58 -0.0104781
13.59 -0.00966389
13.6 -0.0087946
13.61 -0.00787299
13.62 -0.00690209
13.63 -0.00588515
13.64 -0.0048256
13.65 -0.00372707
13.66 -0.00259331
13.67 -0.00142817
13.68 -0.000235629
13.69 0.0009801
13.7 0.00221455
13.71 0.00346305
13.72 0.00472075
13.73 0.00598258
13.74 0.00724328
13.75 0.00849734
13.76 0.00973899
13.77 0.0109622
13.78 0.0121607
13.79 0.0133278
13.8 0.0144567
13.81 0.0155402
13.82 0.016571
13.83 0.0175416
13.84 0.0184455
13.85 0.0192767
13.86 0.0200305
13.87 0.020703
13.88 0.021291
13.89 0.0217914
13.9 0.0222015
13.91 0.0225191
13.92 0.0227424
13.93 0.0228697
13.94 0.0229
13.95 0.0228324
13.96 0.0226666
13.97 0.0224027
13.98 0.022041
13.99 0.0215826
14 0.0210284
14.01 0.0203799
14.02 0.019639
14.03 0.0188079
14.04 0.017889
14.05 0.0168853
14.06 0.0158001
14.07 0.0146369
14.08 0.0133991
14.09 0.0120905
14.1 0.0107147
14.11 0.00927525
14.12 0.00777579
14.13 0.00621973
14.14 0.00461034
14.15 0.00295079
14.16 0.0012441
14.17 -0.000506695
14.18 -0.00229841
14.19 -0.00412767
14.2 -0.0059909
14.21 -0.00788444
14.22 -0.00980451
14.23 -0.0117473
14.24 -0.013709
14.25 -0.015686
14.26 -0.0176745
14.27 -0.019671
14.28 -0.0216717
14.29 -0.0236727
14.3 -0.0256701
14.31 -0.0276595
14.32 -0.0296362
14.33 -0.0315951
14.34 -0.0335312
14.35 -0.0354392
14.36 -0.037314
14.37 -0.0391509
14.38 -0.0409458
14.39 -0.0426947
14.4 -0.0443941
14.41 -0.0460406
14.42 -0.0476312
14.43 -0.0491628
14.44 -0.0506326
14.45 -0.0520374
14.46 -0.0533738
14.47 -0.0546382
14.48 -0.055827
14.49 -0.0569367
14.5 -0.0579639
14.51 -0.0589058
14.52 -0.0597598
14.53 -0.0605247
14.54 -0.0612015
14.55 -0.0617916
14.56 -0.0622968
14.57 -0.0627186
14.58 -0.0630587
14.59 -0.0633185
14.6 -0.0634996
14.61 -0.0636031
14.62 -0.0636298
14.63 -0.0635796
14.64 -0.0634523
14.65 -0.0632467
14.66 -0.0629614
14.67 -0.0625945
14.68 -0.062144
14.69 -0.0616085
14.7 -0.060987
14.71 -0.0602793
14.72 -0.0594854
14.73 -0.0586048
14.74 -0.0576364
14.75 -0.0565787
14.76 -0.0554295
14.77 -0.0541872
14.78 -0.0528507
14.79 -0.0514193
14.8 -0.0498924
14.81 -0.0482699
14.82 -0.0465523
14.83 -0.0447401
14.84 -0.0428344
14.85 -0.0408369
14.86 -0.0387495
14.87 -0.0365745
14.88 -0.0343146
14.89 -0.0319725
14.9 -0.0295512
14.91 -0.0270539
14.92 -0.0244837
14.93 -0.0218442
14.94 -0.019139
14.95 -0.016372
14.96 -0.0135473
14.97 -0.0106696
14.98 -0.00774426
14.99 -0.00477771
15 -0.00177774
15.01 0.00124621
15.02 0.00428305
15.03 0.0073205
15.04 0.0103455
15.05 0.0133444
15.06 0.0163028
15.07 0.0192055
15.08 0.0220374
15.09 0.0247835
15.1 0.0274294
15.11 0.0299611
15.12 0.032365
15.13 0.034628
15.14 0.0367376
15.15 0.0386821
15.16 0.0404507
15.17 0.0420337
15.18 0.0434228
15.19 0.0446109
15.2 0.0455922
15.21 0.0463619
15.22 0.0469157
15.23 0.0472501
15.24 0.0473623
15.25 0.04725
15.26 0.0469115
15.27 0.0463453
15.28 0.0455506
15.29 0.0445273
15.3 0.0432764
15.31 0.0418007
15.32 0.0401041
15.33 0.038192
15.34 0.0360712
15.35 0.033749
15.36 0.0312336
15.37 0.0285332
15.38 0.0256572
15.39 0.0226153
15.4 0.0194181
15.41 0.016077
15.42 0.0126045
15.43 0.0090138
15.44 0.00531891
15.45 0.00153476
15.46 -0.00232304
15.47 -0.0062381
15.48 -0.0101932
15.49 -0.0141703
15.5 -0.0181503
15.51 -0.0221136
15.52 -0.0260396
15.53 -0.0299078
15.54 -0.033698
15.55 -0.0373905
15.56 -0.0409659
15.57 -0.0444056
15.58 -0.0476914
15.59 -0.0508059
15.6 -0.0537327
15.61 -0.0564558
15.62 -0.0589604
15.63 -0.0612325
15.64 -0.0632591
15.65 -0.0650281
15.66 -0.0665313
15.67 -0.0677658
15.68 -0.0687288
15.69 -0.0694166
15.7 -0.0698253
15.71 -0.0699512
15.72 -0.0697905
15.73 -0.0693401
15.74 -0.068598
15.75 -0.0675634
15.76 -0.0662365
15.77 -0.0646184
15.78 -0.0627117
15.79 -0.0605199
15.8 -0.0580478
15.81 -0.0553017
15.82 -0.0522888
15.83 -0.0490181
15.84 -0.0454995
15.85 -0.0417446
15.86 -0.0377658
15.87 -0.0335767
15.88 -0.0291918
15.89 -0.0246264
15.9 -0.0198967
15.91 -0.0150198
15.92 -0.0100133
15.93 -0.00489508
15.94 0.000316583
15.95 0.00560302
15.96 0.0109451
15.97 0.0163232
15.98 0.0217173
15.99 0.0271071
16 0.0324717
16.01 0.0377901
16.02 0.0430406
16.03 0.0482013
16.04 0.0532535
16.05 0.0581869
16.06 0.0629965
16.07 0.0676782
16.08 0.0722278
16.09 0.0766413
16.1 0.0809145
16.11 0.0850436
16.12 0.0890247
16.13 0.0928539
16.14 0.0965271
16.15 0.10004
16.16 0.103389
16.17 0.10657
16.18 0.109578
16.19 0.112408
16.2 0.115057
16.21 0.117521
16.22 0.119796
16.23 0.121878
16.24 0.123764
16.25 0.125454
16.26 0.126946
16.27 0.128239
16.28 0.129334
16.29 0.130232
16.3 0.130934
16.31 0.131439
16.32 0.13175
16.33 0.131867
16.34 0.131792
16.35 0.131527
16.36 0.131074
16.37 0.130436
16.38 0.129618
16.39 0.128625
16.4 0.127461
16.41 0.126134
16.42 0.12465
16.43 0.123016
16.44 0.12124
16.45 0.119332
16.46 0.117298
16.47 0.115149
16.48 0.112893
16.49 0.110542
16.5 0.108104
16.51 0.105591
16.52 0.103012
16.53 0.100379
16.54 0.0977025
16.55 0.0949939
16.56 0.0922641
16.57 0.089524
16.58 0.0867845
16.59 0.0840561
16.6 0.0813492
16.61 0.0786736
16.62 0.0760388
16.63 0.0734537
16.64 0.0709266
16.65 0.0684652
16.66 0.0660765
16.67 0.0637667
16.68 0.0615415
16.69 0.0594055
16.7 0.0573629
16.71 0.0554175
16.72 0.0535728
16.73 0.0518326
16.74 0.0502005
16.75 0.0486803
16.76 0.0472757
16.77 0.0459902
16.78 0.0448269
16.79 0.0437886
16.8 0.0428781
16.81 0.0420975
16.82 0.0414489
16.83 0.0409336
16.84 0.0405527
16.85 0.0403067
16.86 0.0401956
16.87 0.0402188
16.88 0.0403749
16.89 0.0406619
16.9 0.0410772
16.91 0.0416174
16.92 0.0422785
16.93 0.0430563
16.94 0.0439461
16.95 0.0449428
16.96 0.0460411
16.97 0.0472353
16.98 0.0485197
16.99 0.0498882
17 0.0513344
17.01 0.0528519
17.02 0.0544339
17.03 0.0560736
17.04 0.0577636
17.05 0.0594967
17.06 0.0612651
17.07 0.0630614
17.08 0.0648779
17.09 0.0667072
17.1 0.0685415
17.11 0.0703731
17.12 0.0721946
17.13 0.0739983
17.14 0.0757769
17.15 0.0775234
17.16 0.0792305
17.17 0.0808916
17.18 0.0824999
17.19 0.0840492
17.2 0.0855332
17.21 0.0869465
17.22 0.0882835
17.23 0.0895392
17.24 0.090709
17.25 0.0917883
17.26 0.0927732
17.27 0.0936596
17.28 0.0944442
17.29 0.0951238
17.3 0.0956954
17.31 0.0961568
17.32 0.096506
17.33 0.0967415
17.34 0.0968622
17.35 0.0968673
17.36 0.0967561
17.37 0.0965283
17.38 0.0961834
17.39 0.095721
17.4 0.0951408
17.41 0.0944426
17.42 0.0936258
17.43 0.0926905
17.44 0.0916373
17.45 0.0904674
17.46 0.0891832
17.47 0.0877879
17.48 0.0862857
17.49 0.0846814
17.5 0.0829805
17.51 0.0811889
17.52 0.0793126
17.53 0.0773577
17.54 0.075331
17.55 0.0732391
17.56 0.0710892
17.57 0.0688891
17.58 0.0666466
17.59 0.0643702
17.6 0.0620687
17.61 0.0597514
17.62 0.0574281
17.63 0.0551089
17.64 0.0528045
17.65 0.0505255
17.66 0.0482828
17.67 0.0460873
17.68 0.0439499
17.69 0.0418814
17.7 0.0398921
17.71 0.0379919
17.72 0.03619
17.73 0.0344945
17.74 0.0329132
17.75 0.0314529
17.76 0.0301203
17.77 0.0289218
17.78 0.0278637
17.79 0.0269521
17.8 0.026193
17.81 0.0255919
17.82 0.0251537
17.83 0.0248827
17.84 0.0247823
17.85 0.0248555
17.86 0.0251042
17.87 0.0255297
17.88 0.0261323
17.89 0.0269114
17.9 0.0278648
17.91 0.0289897
17.92 0.0302818
17.93 0.0317357
17.94 0.0333457
17.95 0.0351048
17.96 0.0370058
17.97 0.0390404
17.98 0.0411999
17.99 0.0434751
18 0.0458561
18.01 0.0483329
18.02 0.0508949
18.03 0.0535315
18.04 0.0562317
18.05 0.0589846
18.06 0.0617789
18.07 0.0646037
18.08 0.0674476
18.09 0.0702995
18.1 0.0731479
18.11 0.0759818
18.12 0.0787899
18.13 0.0815613
18.14 0.0842855
18.15 0.0869524
18.16 0.089552
18.17 0.0920753
18.18 0.0945134
18.19 0.0968583
18.2 0.0991024
18.21 0.101239
18.22 0.10326
18.23 0.105162
18.24 0.106938
18.25 0.108582
18.26 0.11009
18.27 0.111459
18.28 0.112683
18.29 0.113761
18.3 0.11469
18.31 0.115468
18.32 0.116094
18.33 0.116567
18.34 0.116889
18.35 0.11706
18.36 0.11708
18.37 0.116951
18.38 0.116677
18.39 0.116258
18.4 0.115698
18.41 0.115001
18.42 0.114172
18.43 0.113216
18.44 0.112138
18.45 0.110946
18.46 0.109646
18.47 0.108246
18.48 0.106756
18.49 0.105183
18.5 0.103536
18.51 0.101825
18.52 0.100059
18.53 0.0982456
18.54 0.0963948
18.55 0.0945151
18.56 0.0926151
18.57 0.0907031
18.58 0.0887875
18.59 0.0868765
18.6 0.0849783
18.61 0.083101
18.62 0.0812526
18.63 0.0794411
18.64 0.077674
18.65 0.0759589
18.66 0.0743028
18.67 0.072712
18.68 0.0711925
18.69 0.0697487
18.7 0.0683844
18.71 0.0671018
18.72 0.0659021
18.73 0.0647854
18.74 0.063751
18.75 0.0627979
18.76 0.0619249
18.77 0.0611306
18.78 0.0604131
18.79 0.0597705
18.8 0.0592004
18.81 0.0587001
18.82 0.0582665
18.83 0.0578962
18.84 0.0575857
18.85 0.0573308
18.86 0.0571273
18.87 0.0569709
18.88 0.0568569
18.89 0.0567808
18.9 0.0567381
18.91 0.0567249
18.92 0.0567374
18.93 0.0567727
18.94 0.0568282
18.95 0.0569016
18.96 0.0569909
18.97 0.0570937
18.98 0.0572076
18.99 0.0573301
19 0.0574581
19.01 0.0575883
19.02 0.0577171
19.03 0.0578405
19.04 0.0579546
19.05 0.0580557
19.06 0.0581403
19.07 0.0582055
19.08 0.0582487
19.09 0.0582677
19.1 0.058261
19.11 0.0582269
19.12 0.0581638
19.13 0.05807
19.14 0.0579436
19.15 0.0577831
19.16 0.0575869
19.17 0.0573542
19.18 0.0570849
19.19 0.05678
19.2 0.0564412
19.21 0.0560713
19.22 0.0556737
19.23 0.0552524
19.24 0.0548118
19.25 0.0543561
19.26 0.0538892
19.27 0.0534142
19.28 0.0529334
19.29 0.0524493
19.3 0.051964
19.31 0.0514802
19.32 0.0510007
19.33 0.0505288
19.34 0.0500681
19.35 0.0496225
19.36 0.0491965
19.37 0.0487946
19.38 0.0484213
19.39 0.0480811
19.4 0.0477781
19.41 0.0475161
19.42 0.0472991
19.43 0.0471306
19.44 0.047014
19.45 0.0469526
19.46 0.0469492
19.47 0.0470065
19.48 0.0471269
19.49 0.0473124
19.5 0.0475648
19.51 0.0478852
19.52 0.0482743
19.53 0.0487324
19.54 0.0492594
19.55 0.0498543
19.56 0.0505154
19.57 0.0512404
19.58 0.0520264
19.59 0.0528703
19.6 0.0537687
19.61 0.0547176
19.62 0.055713
19.63 0.0567506
19.64 0.0578258
19.65 0.058934
19.66 0.0600703
19.67 0.0612298
19.68 0.0624074
19.69 0.0635977
19.7 0.0647954
19.71 0.0659948
19.72 0.0671905
19.73 0.0683767
19.74 0.0695481
19.75 0.0706995
19.76 0.0718258
19.77 0.0729227
19.78 0.073986
19.79 0.0750117
19.8 0.0759961
19.81 0.0769357
19.82 0.0778269
19.83 0.0786664
19.84 0.0794511
19.85 0.0801777
19.86 0.0808431
19.87 0.0814443
19.88 0.0819786
19.89 0.0824432
19.9 0.0828362
19.91 0.0831556
19.92 0.0834002
19.93 0.0835692
19.94 0.0836623
19.95 0.0836794
19.96 0.0836205
19.97 0.0834858
19.98 0.0832757
19.99 0.0829905
20 0.0826308
20.01 0.0821972
20.02 0.0816907
20.03 0.0811125
20.04 0.0804647
20.05 0.07975
20.06 0.0789719
20.07 0.0781346
20.08 0.0772429
20.09 0.0763023
20.1 0.075319
20.11 0.0742996
20.12 0.0732509
20.13 0.0721797
20.14 0.071093
20.15 0.0699974
20.16 0.0688999
20.17 0.067807
20.18 0.066725
20.19 0.0656602
20.2 0.064618
20.21 0.0636038
20.22 0.0626224
20.23 0.0616784
20.24 0.0607766
20.25 0.0599211
20.26 0.0591161
20.27 0.0583652
20.28 0.0576717
20.29 0.0570383
20.3 0.0564673
20.31 0.0559607
20.32 0.0555197
20.33 0.0551455
20.34 0.0548387
20.35 0.0545997
20.36 0.0544287
20.37 0.0543259
20.38 0.0542915
20.39 0.0543258
20.4 0.0544293
20.41 0.0546026
20.42 0.0548462
20.43 0.0551608
20.44 0.0555467
20.45 0.0560041
20.46 0.0565328
20.47 0.0571323
20.48 0.0578019
20.49 0.0585407
20.5 0.0593475
20.51 0.0602209
20.52 0.0611594
20.53 0.0621611
20.54 0.0632241
20.55 0.0643461
20.56 0.0655247
20.57 0.0667568
20.58 0.0680393
20.59 0.0693682
20.6 0.0707387
20.61 0.0721457
20.62 0.0735833
20.63 0.0750457
20.64 0.0765266
20.65 0.0780198
20.66 0.0795191
20.67 0.0810181
20.68 0.0825108
20.69 0.0839912
20.7 0.0854535
20.71 0.0868922
20.72 0.088302
20.73 0.0896779
20.74 0.0910147
20.75 0.0923077
20.76 0.0935524
20.77 0.0947443
20.78 0.0958795
20.79 0.0969545
20.8 0.0979664
20.81 0.0989128
20.82 0.0997923
20.83 0.100604
20.84 0.101347
20.85 0.102022
20.86 0.102628
20.87 0.103166
20.88 0.103634
20.89 0.104034
20.9 0.104364
20.91 0.104624
20.92 0.104815
20.93 0.104937
20.94 0.10499
20.95 0.104975
20.96 0.104892
20.97 0.104743
20.98 0.104528
20.99 0.104247
21 0.103902
21.01 0.103492
21.02 0.103018
21.03 0.10248
21.04 0.101877
21.05 0.101211
21.06 0.100481
21.07 0.0996884
21.08 0.0988345
21.09 0.0979206
21.1 0.0969479
21.11 0.0959187
21.12 0.0948352
21.13 0.0937005
21.14 0.092518
21.15 0.0912917
21.16 0.0900257
21.17 0.0887243
21.18 0.087392
21.19 0.0860332
21.2 0.0846528
21.21 0.0832553
21.22 0.0818454
21.23 0.080428
21.24 0.0790077
21.25 0.0775896
21.26 0.0761785
21.27 0.0747797
21.28 0.0733983
21.29 0.0720398
21.3 0.0707095
21.31 0.0694129
21.32 0.0681552
21.33 0.0669411
21.34 0.0657752
21.35 0.0646616
21.36 0.0636038
21.37 0.0626052
21.38 0.0616683
21.39 0.0607954
21.4 0.059988
21.41 0.0592473
21.42 0.058574
21.43 0.0579685
21.44 0.0574309
21.45 0.0569612
21.46 0.0565591
21.47 0.0562243
21.48 0.0559564
21.49 0.0557547
21.5 0.0556183
21.51 0.055546
21.52 0.0555363
21.53 0.0555876
21.54 0.0556981
21.55 0.0558658
21.56 0.0560884
21.57 0.0563636
21.58 0.0566883
21.59 0.0570594
21.6 0.0574733
21.61 0.0579262
21.62 0.0584144
21.63 0.0589341
21.64 0.0594815
21.65 0.0600534
21.66 0.0606465
21.67 0.0612581
21.68 0.0618852
21.69 0.0625252
21.7 0.0631755
21.71 0.0638332
21.72 0.0644956
21.73 0.0651599
21.74 0.0658235
21.75 0.0664842
21.76 0.0671397
21.77 0.0677883
21.78 0.0684282
21.79 0.0690583
21.8 0.069677
21.81 0.070283
21.82 0.0708747
21.83 0.0714504
21.84 0.072008
21.85 0.0725453
21.86 0.07306
21.87 0.0735497
21.88 0.0740117
21.89 0.0744436
21.9 0.0748429
21.91 0.0752072
21.92 0.0755346
21.93 0.0758233
21.94 0.0760719
21.95 0.0762796
21.96 0.0764453
21.97 0.0765684
21.98 0.0766479
21.99 0.0766827
22 0.0766716
22.01 0.0766131
22.02 0.0765056
22.03 0.0763476
22.04 0.0761378
22.05 0.0758755
22.06 0.0755609
22.07 0.0751949
22.08 0.0747793
22.09 0.0743165
22.1 0.0738091
22.11 0.0732602
22.12 0.0726729
22.13 0.0720509
22.14 0.0713978
22.15 0.0707171
22.16 0.0700122
22.17 0.0692868
22.18 0.0685439
22.19 0.0677871
22.2 0.0670195
22.21 0.0662446
22.22 0.065466
22.23 0.0646876
22.24 0.0639133
22.25 0.0631472
22.26 0.0623932
22.27 0.0616555
22.28 0.0609377
22.29 0.0602436
22.3 0.0595762
22.31 0.0589383
22.32 0.0583322
22.33 0.0577595
22.34 0.0572217
22.35 0.0567199
22.36 0.056255
22.37 0.0558277
22.38 0.0554386
22.39 0.0550885
22.4 0.0547778
22.41 0.0545072
22.42 0.0542774
22.43 0.0540891
22.44 0.0539429
22.45 0.0538393
22.46 0.053779
22.47 0.0537626
22.48 0.0537908
22.49 0.0538646
22.5 0.0539847
22.51 0.0541521
22.52 0.0543679
22.53 0.054633
22.54 0.0549485
22.55 0.0553151
22.56 0.0557334
22.57 0.056204
22.58 0.0567273
22.59 0.0573034
22.6 0.0579324
22.61 0.0586139
22.62 0.0593477
22.63 0.0601328
22.64 0.0609681
22.65 0.0618522
22.66 0.062783
22.67 0.0637582
22.68 0.0647746
22.69 0.065829
22.7 0.066918
22.71 0.0680379
22.72 0.0691853
22.73 0.0703567
22.74 0.0715487
22.75 0.0727577
22.76 0.07398
22.77 0.0752121
22.78 0.0764499
22.79 0.0776896
22.8 0.0789271
22.81 0.0801583
22.82 0.0813795
22.83 0.0825866
22.84 0.0837756
22.85 0.0849428
22.86 0.0860843
22.87 0.0871963
22.88 0.088275
22.89 0.0893169
22.9 0.0903181
22.91 0.091275
22.92 0.0921839
22.93 0.093041
22.94 0.0938426
22.95 0.0945853
22.96 0.0952653
22.97 0.0958793
22.98 0.0964242
22.99 0.0968973
23 0.0972965
23.01 0.0976208
23.02 0.0978696
23.03 0.0980427
23.04 0.0981407
23.05 0.0981645
23.06 0.0981155
23.07 0.097995
23.08 0.0978045
23.09 0.0975454
23.1 0.0972191
23.11 0.096827
23.12 0.0963709
23.13 0.0958527
23.14 0.0952746
23.15 0.0946393
23.16 0.0939493
23.17 0.0932075
23.18 0.0924173
23.19 0.0915819
23.2 0.0907051
23.21 0.0897907
23.22 0.0888428
23.23 0.0878653
23.24 0.0868624
23.25 0.0858382
23.26 0.084797
23.27 0.083743
23.28 0.0826806
23.29 0.0816144
23.3 0.0805487
23.31 0.0794884
23.32 0.0784379
23.33 0.077402
23.34 0.076385
23.35 0.075391
23.36 0.0744242
23.37 0.0734883
23.38 0.0725867
23.39 0.0717225
23.4 0.0708983
23.41 0.0701165
23.42 0.0693789
23.43 0.0686869
23.44 0.0680415
23.45 0.0674436
23.46 0.0668935
23.47 0.0663916
23.48 0.0659381
23.49 0.0655336
23.5 0.0651784
23.51 0.0648731
23.52 0.0646179
23.53 0.064413
23.54 0.0642584
23.55 0.064154
23.56 0.0640995
23.57 0.0640945
23.58 0.0641385
23.59 0.0642309
23.6 0.0643711
23.61 0.0645582
23.62 0.0647912
23.63 0.0650691
23.64 0.0653908
23.65 0.0657551
23.66 0.0661607
23.67 0.0666061
23.68 0.0670896
23.69 0.0676091
23.7 0.0681623
23.71 0.0687468
23.72 0.0693594
23.73 0.0699973
23.74 0.0706569
23.75 0.0713346
23.76 0.0720263
23.77 0.0727276
23.78 0.0734338
23.79 0.0741396
23.8 0.0748397
23.81 0.0755287
23.82 0.0762012
23.83 0.0768521
23.84 0.0774765
23.85 0.0780695
23.86 0.0786265
23.87 0.0791431
23.88 0.0796152
23.89 0.0800387
23.9 0.0804099
23.91 0.0807249
23.92 0.08098
23.93 0.0811717
23.94 0.0812967
23.95 0.0813522
23.96 0.0813358
23.97 0.0812456
23.98 0.0810806
23.99 0.0808404
24 0.0805255
24.01 0.0801371
24.02 0.079677
24.03 0.0791478
24.04 0.0785528
24.05 0.077896
24.06 0.0771823
24.07 0.0764175
24.08 0.0756077
24.09 0.0747594
24.1 0.0738789
24.11 0.0729726
24.12 0.0720467
24.13 0.0711069
24.14 0.0701585
24.15 0.0692062
24.16 0.0682541
24.17 0.067306
24.18 0.0663654
24.19 0.0654358
24.2 0.0645203
24.21 0.0636221
24.22 0.0627441
24.23 0.061889
24.24 0.0610591
24.25 0.0602569
24.26 0.0594844
24.27 0.0587434
24.28 0.0580354
24.29 0.0573615
24.3 0.0567226
24.31 0.0561189
24.32 0.0555508
24.33 0.0550185
24.34 0.0545226
24.35 0.054064
24.36 0.0536441
24.37 0.0532644
24.38 0.0529266
24.39 0.0526322
24.4 0.052383
24.41 0.0521804
24.42 0.0520255
24.43 0.0519193
24.44 0.0518623
24.45 0.0518545
24.46 0.0518961
24.47 0.0519867
24.48 0.052126
24.49 0.0523137
24.5 0.0525492
24.51 0.0528317
24.52 0.0531603
24.53 0.053534
24.54 0.0539513
24.55 0.0544106
24.56 0.0549099
24.57 0.0554471
24.58 0.0560195
24.59 0.0566243
24.6 0.0572586
24.61 0.0579192
24.62 0.0586031
24.63 0.059307
24.64 0.0600277
24.65 0.0607619
24.66 0.0615068
24.67 0.0622597
24.68 0.0630179
24.69 0.0637792
24.7 0.0645414
24.71 0.0653027
24.72 0.0660611
24.73 0.0668149
24.74 0.0675623
24.75 0.0683016
24.76 0.0690314
24.77 0.0697502
24.78 0.0704566
24.79 0.071149
24.8 0.0718258
24.81 0.0724853
24.82 0.0731257
24.83 0.0737451
24.84 0.0743414
24.85 0.0749126
24.86 0.0754568
24.87 0.0759718
24.88 0.0764558
24.89 0.0769066
24.9 0.0773222
24.91 0.0777003
24.92 0.0780386
24.93 0.0783351
24.94 0.0785875
24.95 0.0787939
24.96 0.0789525
24.97 0.0790615
24.98 0.0791197
24.99 0.0791258
25 0.079079
