0.01 3.17218e-09
0.02 1.52741e-08
0.03 3.76941e-08
0.04 6.80493e-08
0.05 1.03991e-07
0.06 1.4323e-07
0.07 1.83559e-07
0.08 2.22853e-07
0.09 2.59056e-07
0.1 2.90182e-07
0.11 3.14346e-07
0.12 3.29761e-07
0.13 3.3471e-07
0.14 3.27487e-07
0.15 3.06394e-07
0.16 2.69793e-07
0.17 2.16167e-07
0.18 1.44126e-07
0.19 5.2427e-08
0.2 -6.0017e-08
0.21 -1.94123e-07
0.22 -3.50633e-07
0.23 -5.3012e-07
0.24 -7.33005e-07
0.25 -9.59591e-07
0.26 -1.21012e-06
0.27 -1.48482e-06
0.28 -1.78374e-06
0.29 -2.10656e-06
0.3 -2.45242e-06
0.31 -2.8199e-06
0.32 -3.20702e-06
0.33 -3.61097e-06
0.34 -4.02809e-06
0.35 -4.45414e-06
0.36 -4.88448e-06
0.37 -5.31429e-06
0.38 -5.73911e-06
0.39 -6.15562e-06
0.4 -6.56227e-06
0.41 -6.9596e-06
0.42 -7.34973e-06
0.43 -7.73582e-06
0.44 -8.12211e-06
0.45 -8.51373e-06
0.46 -8.91627e-06
0.47 -9.33531e-06
0.48 -9.77584e-06
0.49 -1.0242e-05
0.5 -1.0737e-05
0.51 -1.12633e-05
0.52 -1.1823e-05
0.53 -1.24171e-05
0.54 -1.30461e-05
0.55 -1.37104e-05
0.56 -1.44094e-05
0.57 -1.51423e-05
0.58 -1.5908e-05
0.59 -1.67054e-05
0.6 -1.75332e-05
0.61 -1.83899e-05
0.62 -1.92736e-05
0.63 -2.01824e-05
0.64 -2.11144e-05
0.65 -2.20676e-05
0.66 -2.30401e-05
0.67 -2.40302e-05
0.68 -2.50366e-05
0.69 -2.60581e-05
0.7 -2.70938e-05
0.71 -2.81421e-05
0.72 -2.92011e-05
0.73 -3.02672e-05
0.74 -3.13348e-05
0.75 -3.23959e-05
0.76 -3.34393e-05
0.77 -3.44514e-05
0.78 -3.54173e-05
0.79 -3.63231e-05
0.8 -3.71574e-05
0.81 -3.79117e-05
0.82 -3.85805e-05
0.83 -3.916e-05
0.84 -3.96489e-05
0.85 -4.00493e-05
0.86 -4.03664e-05
0.87 -4.06044e-05
0.88 -4.07629e-05
0.89 -4.08361e-05
0.9 -4.08152e-05
0.91 -4.06901e-05
0.92 -4.04504e-05
0.93 -4.00879e-05
0.94 -3.9599e-05
0.95 -3.89863e-05
0.96 -3.82586e-05
0.97 -3.74306e-05
0.98 -3.65181e-05
0.99 -3.55322e-05
1 -3.44779e-05
1.01 -3.33548e-05
1.02 -3.21566e-05
1.03 -3.08725e-05
1.04 -2.94897e-05
1.05 -2.79954e-05
1.06 -2.63804e-05
1.07 -2.46403e-05
1.08 -2.27748e-05
1.09 -2.07843e-05
1.1 -1.86691e-05
1.11 -1.64313e-05
1.12 -1.4073e-05
1.13 -1.15949e-05
1.14 -8.99671e-06
1.15 -6.27848e-06
1.16 -3.44262e-06
1.17 -4.96236e-07
1.18 2.54648e-06
1.19 5.66618e-06
1.2 8.8417e-06
1.21 1.20486e-05
1.22 1.52581e-05
1.23 1.84397e-05
1.24 2.15668e-05
1.25 2.4625e-05
1.26 2.7616e-05
1.27 3.05535e-05
1.28 3.34531e-05
1.29 3.63297e-05
1.3 3.91968e-05
1.31 4.20613e-05
1.32 4.49214e-05
1.33 4.77687e-05
1.34 5.05943e-05
1.35 5.33917e-05
1.36 5.61573e-05
1.37 5.88906e-05
1.38 6.1593e-05
1.39 6.42673e-05
1.4 6.69149e-05
1.41 6.95331e-05
1.42 7.21115e-05
1.43 7.46273e-05
1.44 7.7042e-05
1.45 7.92992e-05
1.46 8.13265e-05
1.47 8.30419e-05
1.48 8.43612e-05
1.49 8.51991e-05
1.5 8.54731e-05
1.51 8.5108e-05
1.52 8.40385e-05
1.53 8.22163e-05
1.54 7.96185e-05
1.55 7.62547e-05
1.56 7.21699e-05
1.57 6.74345e-05
1.58 6.2136e-05
1.59 5.63715e-05
1.6 5.02357e-05
1.61 4.38138e-05
1.62 3.71841e-05
1.63 3.0417e-05
1.64 2.35747e-05
1.65 1.67124e-05
1.66 9.87511e-06
1.67 3.09591e-06
1.68 -3.60185e-06
1.69 -1.01989e-05
1.7 -1.66765e-05
1.71 -2.30163e-05
1.72 -2.91999e-05
1.73 -3.52069e-05
1.74 -4.10109e-05
1.75 -4.65762e-05
1.76 -5.18626e-05
1.77 -5.68322e-05
1.78 -6.14455e-05
1.79 -6.56562e-05
1.8 -6.94134e-05
1.81 -7.2667e-05
1.82 -7.53678e-05
1.83 -7.74691e-05
1.84 -7.89379e-05
1.85 -7.97596e-05
1.86 -7.99339e-05
1.87 -7.94651e-05
1.88 -7.83561e-05
1.89 -7.66076e-05
1.9 -7.4218e-05
1.91 -7.11833e-05
1.92 -6.74975e-05
1.93 -6.31542e-05
1.94 -5.81603e-05
1.95 -5.25519e-05
1.96 -4.63946e-05
1.97 -3.97787e-05
1.98 -3.28142e-05
1.99 -2.56189e-05
2 -1.82978e-05
2.01 -1.09248e-05
2.02 -3.53987e-06
2.03 3.84729e-06
2.04 1.12547e-05
2.05 1.8718e-05
2.06 2.62803e-05
2.07 3.39819e-05
2.08 4.18442e-05
2.09 4.98591e-05
2.1 5.79862e-05
2.11 6.61561e-05
2.12 7.42689e-05
2.13 8.21891e-05
2.14 8.97574e-05
2.15 9.68038e-05
2.16 0.000103151
2.17 0.000108621
2.18 0.000113038
2.19 0.000116222
2.2 0.000117981
2.21 0.000118119
2.22 0.000116446
2.23 0.000112786
2.24 0.000106984
2.25 9.88977e-05
2.26 8.84065e-05
2.27 7.54359e-05
2.28 5.99644e-05
2.29 4.20109e-05
2.3 2.16307e-05
2.31 -1.08384e-06
2.32 -2.59977e-05
2.33 -5.29213e-05
2.34 -8.16056e-05
2.35 -0.000111749
2.36 -0.000143005
2.37 -0.000174997
2.38 -0.000207329
2.39 -0.000239581
2.4 -0.000271332
2.41 -0.000302203
2.42 -0.000331874
2.43 -0.000360069
2.44 -0.000386536
2.45 -0.000411047
2.46 -0.000433394
2.47 -0.000453405
2.48 -0.000470945
2.49 -0.000485903
2.5 -0.000498173
2.51 -0.000507642
2.52 -0.000514188
2.53 -0.000517697
2.54 -0.000518064
2.55 -0.000515192
2.56 -0.000508994
2.57 -0.000499424
2.58 -0.000486496
2.59 -0.000470289
2.6 -0.000450942
2.61 -0.000428633
2.62 -0.000403565
2.63 -0.00037594
2.64 -0.000345948
2.65 -0.000313768
2.66 -0.000279565
2.67 -0.000243495
2.68 -0.000205713
2.69 -0.00016639
2.7 -0.000125714
2.71 -8.38816e-05
2.72 -4.10912e-05
2.73 2.45496e-06
2.74 4.65712e-05
2.75 9.10942e-05
2.76 0.000135868
2.77 0.00018074
2.78 0.000225587
2.79 0.000270326
2.8 0.000314909
2.81 0.00035932
2.82 0.000403543
2.83 0.00044753
2.84 0.000491196
2.85 0.00053442
2.86 0.000577049
2.87 0.000618892
2.88 0.000659707
2.89 0.000699206
2.9 0.000737087
2.91 0.000773036
2.92 0.00080673
2.93 0.000837848
2.94 0.00086608
2.95 0.000891137
2.96 0.000912758
2.97 0.000930742
2.98 0.000944956
2.99 0.000955328
3 0.000961829
3.01 0.000964469
3.02 0.00096327
3.03 0.000958252
3.04 0.000949421
3.05 0.000936767
3.06 0.000920256
3.07 0.00089982
3.08 0.000875369
3.09 0.000846801
3.1 0.000814039
3.11 0.000777057
3.12 0.000735899
3.13 0.000690691
3.14 0.00064163
3.15 0.000588951
3.16 0.000532923
3.17 0.000473841
3.18 0.000412029
3.19 0.000347822
3.2 0.000281537
3.21 0.00021349
3.22 0.000144031
3.23 7.35504e-05
3.24 2.4795e-06
3.25 -6.8717e-05
3.26 -0.000139558
3.27 -0.000209529
3.28 -0.000278069
3.29 -0.000344606
3.3 -0.000408593
3.31 -0.000469487
3.32 -0.000526755
3.33 -0.00057992
3.34 -0.000628608
3.35 -0.000672576
3.36 -0.000711726
3.37 -0.000746094
3.38 -0.00077584
3.39 -0.000801238
3.4 -0.000822664
3.41 -0.000840582
3.42 -0.000855502
3.43 -0.00086795
3.44 -0.000878438
3.45 -0.000887464
3.46 -0.000895498
3.47 -0.000902932
3.48 -0.000910042
3.49 -0.00091696
3.5 -0.000923687
3.51 -0.000930106
3.52 -0.000935988
3.53 -0.000941016
3.54 -0.000944814
3.55 -0.000947003
3.56 -0.00094726
3.57 -0.000945324
3.58 -0.00094096
3.59 -0.000933939
3.6 -0.000924089
3.61 -0.000911304
3.62 -0.000895544
3.63 -0.000876829
3.64 -0.000855248
3.65 -0.000830948
3.66 -0.000804142
3.67 -0.000775119
3.68 -0.000744242
3.69 -0.000711924
3.7 -0.000678577
3.71 -0.000644596
3.72 -0.000610372
3.73 -0.000576273
3.74 -0.000542613
3.75 -0.000509663
3.76 -0.000477663
3.77 -0.000446811
3.78 -0.00041726
3.79 -0.000389129
3.8 -0.000362489
3.81 -0.000337343
3.82 -0.000313637
3.83 -0.000291286
3.84 -0.000270175
3.85 -0.000250169
3.86 -0.000231158
3.87 -0.00021311
3.88 -0.000196087
3.89 -0.000180264
3.9 -0.000165927
3.91 -0.000153467
3.92 -0.000143383
3.93 -0.000136243
3.94 -0.000132636
3.95 -0.000133147
3.96 -0.000138333
3.97 -0.000148678
3.98 -0.000164536
3.99 -0.000186094
4 -0.00021337
4.01 -0.000246224
4.02 -0.000284363
4.03 -0.000327361
4.04 -0.00037466
4.05 -0.000425573
4.06 -0.000479294
4.07 -0.000534886
4.08 -0.000591268
4.09 -0.000647237
4.1 -0.00070151
4.11 -0.000752787
4.12 -0.000799853
4.13 -0.000841668
4.14 -0.000877407
4.15 -0.000906516
4.16 -0.000928774
4.17 -0.000944304
4.18 -0.000953522
4.19 -0.000957077
4.2 -0.000955828
4.21 -0.000950779
4.22 -0.000942993
4.23 -0.000933495
4.24 -0.000923191
4.25 -0.000912889
4.26 -0.000903334
4.27 -0.000895176
4.28 -0.000888941
4.29 -0.00088501
4.3 -0.000883601
4.31 -0.000884782
4.32 -0.000888499
4.33 -0.000894586
4.34 -0.000902744
4.35 -0.00091252
4.36 -0.000923314
4.37 -0.000934402
4.38 -0.000944966
4.39 -0.000954135
4.4 -0.000961001
4.41 -0.00096462
4.42 -0.000964029
4.43 -0.00095829
4.44 -0.000946512
4.45 -0.000927893
4.46 -0.000901798
4.47 -0.000867812
4.48 -0.000825738
4.49 -0.000775548
4.5 -0.000717302
4.51 -0.000651119
4.52 -0.000577223
4.53 -0.000495983
4.54 -0.000407895
4.55 -0.000313567
4.56 -0.000213704
4.57 -0.000109099
4.58 -6.2614e-07
4.59 0.000110778
4.6 0.000224134
4.61 0.000338456
4.62 0.000452809
4.63 0.000566319
4.64 0.00067817
4.65 0.000787626
4.66 0.000894053
4.67 0.000996961
4.68 0.00109603
4.69 0.00119109
4.7 0.00128204
4.71 0.00136882
4.72 0.00145133
4.73 0.0015295
4.74 0.00160324
4.75 0.00167239
4.76 0.0017367
4.77 0.00179591
4.78 0.00184973
4.79 0.00189787
4.8 0.00194006
4.81 0.00197601
4.82 0.00200536
4.83 0.0020278
4.84 0.00204306
4.85 0.0020508
4.86 0.00205072
4.87 0.00204255
4.88 0.00202613
4.89 0.00200133
4.9 0.00196808
4.91 0.00192638
4.92 0.0018763
4.93 0.00181803
4.94 0.00175176
4.95 0.00167774
4.96 0.00159626
4.97 0.00150769
4.98 0.00141247
4.99 0.00131113
5 0.00120424
5.01 0.00109242
5.02 0.000976214
5.03 0.000856098
5.04 0.00073242
5.05 0.000605423
5.06 0.00047523
5.07 0.000341823
5.08 0.000205088
5.09 6.48752e-05
5.1 -7.90143e-05
5.11 -0.000226812
5.12 -0.000378709
5.13 -0.000534819
5.14 -0.00069516
5.15 -0.000859604
5.16 -0.00102782
5.17 -0.00119926
5.18 -0.00137313
5.19 -0.00154854
5.2 -0.00172443
5.21 -0.00189962
5.22 -0.00207284
5.23 -0.00224284
5.24 -0.0024084
5.25 -0.00256834
5.26 -0.00272147
5.27 -0.00286655
5.28 -0.00300232
5.29 -0.00312758
5.3 -0.00324117
5.31 -0.00334203
5.32 -0.00342923
5.33 -0.00350203
5.34 -0.00355996
5.35 -0.00360281
5.36 -0.00363063
5.37 -0.0036438
5.38 -0.00364302
5.39 -0.00362915
5.4 -0.00360315
5.41 -0.00356604
5.42 -0.00351882
5.43 -0.00346247
5.44 -0.00339782
5.45 -0.00332557
5.46 -0.00324628
5.47 -0.00316041
5.48 -0.00306837
5.49 -0.00297057
5.5 -0.00286733
5.51 -0.00275889
5.52 -0.00264545
5.53 -0.00252721
5.54 -0.00240439
5.55 -0.00227716
5.56 -0.00214568
5.57 -0.00201015
5.58 -0.00187089
5.59 -0.00172829
5.6 -0.00158277
5.61 -0.00143474
5.62 -0.0012846
5.63 -0.0011327
5.64 -0.000979369
5.65 -0.00082494
5.66 -0.000669744
5.67 -0.000514084
5.68 -0.000358216
5.69 -0.000202322
5.7 -4.65037e-05
5.71 0.000109217
5.72 0.000264913
5.73 0.000420707
5.74 0.000576734
5.75 0.000733158
5.76 0.000890131
5.77 0.00104774
5.78 0.00120597
5.79 0.00136465
5.8 0.00152343
5.81 0.00168178
5.82 0.00183893
5.83 0.00199389
5.84 0.00214547
5.85 0.00229232
5.86 0.002433
5.87 0.00256603
5.88 0.0026899
5.89 0.00280312
5.9 0.00290429
5.91 0.00299214
5.92 0.00306557
5.93 0.00312366
5.94 0.00316569
5.95 0.00319116
5.96 0.00319987
5.97 0.00319198
5.98 0.00316798
5.99 0.00312865
6 0.00307504
6.01 0.00300839
6.02 0.00293005
6.03 0.00284144
6.04 0.00274402
6.05 0.00263929
6.06 0.00252871
6.07 0.00241364
6.08 0.00229524
6.09 0.0021745
6.1 0.0020523
6.11 0.00192938
6.12 0.00180635
6.13 0.00168368
6.14 0.00156179
6.15 0.00144105
6.16 0.00132193
6.17 0.00120495
6.18 0.00109086
6.19 0.000980572
6.2 0.000875114
6.21 0.000775545
6.22 0.000682974
6.23 0.000598554
6.24 0.0005234
6.25 0.000458555
6.26 0.000405013
6.27 0.000363714
6.28 0.000335541
6.29 0.00032136
6.3 0.000322026
6.31 0.000338381
6.32 0.000371279
6.33 0.000421578
6.34 0.000490106
6.35 0.00057765
6.36 0.000684892
6.37 0.000812259
6.38 0.0009598
6.39 0.0011272
6.4 0.00131385
6.41 0.00151889
6.42 0.00174136
6.43 0.00198027
6.44 0.00223465
6.45 0.00250371
6.46 0.00278685
6.47 0.00308366
6.48 0.00339372
6.49 0.00371652
6.5 0.00405135
6.51 0.00439707
6.52 0.00475209
6.53 0.00511443
6.54 0.00548166
6.55 0.00585089
6.56 0.00621879
6.57 0.00658177
6.58 0.00693605
6.59 0.00727789
6.6 0.00760374
6.61 0.00791041
6.62 0.0081951
6.63 0.00845548
6.64 0.00868966
6.65 0.00889601
6.66 0.00907309
6.67 0.00921954
6.68 0.00933408
6.69 0.0094155
6.7 0.00946272
6.71 0.00947474
6.72 0.00945074
6.73 0.00939004
6.74 0.00929212
6.75 0.00915671
6.76 0.00898383
6.77 0.00877376
6.78 0.00852707
6.79 0.00824461
6.8 0.00792746
6.81 0.00757691
6.82 0.00719433
6.83 0.00678109
6.84 0.00633859
6.85 0.0058682
6.86 0.0053712
6.87 0.00484885
6.88 0.00430233
6.89 0.00373289
6.9 0.0031419
6.91 0.00253098
6.92 0.00190203
6.93 0.00125732
6.94 0.000599436
6.95 -6.86746e-05
6.96 -0.00074386
6.97 -0.00142289
6.98 -0.00210265
6.99 -0.00278029
7 -0.00345329
7.01 -0.00411951
7.02 -0.00477719
7.03 -0.00542476
7.04 -0.00606073
7.05 -0.00668353
7.06 -0.00729135
7.07 -0.00788209
7.08 -0.00845331
7.09 -0.00900232
7.1 -0.00952622
7.11 -0.010022
7.12 -0.0104868
7.13 -0.0109178
7.14 -0.011313
7.15 -0.0116707
7.16 -0.0119899
7.17 -0.01227
7.18 -0.0125109
7.19 -0.0127127
7.2 -0.0128756
7.21 -0.0130001
7.22 -0.0130866
7.23 -0.0131351
7.24 -0.0131457
7.25 -0.0131181
7.26 -0.013052
7.27 -0.0129469
7.28 -0.0128028
7.29 -0.0126196
7.3 -0.0123978
7.31 -0.0121383
7.32 -0.0118423
7.33 -0.0115116
7.34 -0.0111479
7.35 -0.0107535
7.36 -0.0103302
7.37 -0.00987983
7.38 -0.00940404
7.39 -0.00890407
7.4 -0.00838094
7.41 -0.00783551
7.42 -0.00726856
7.43 -0.006681
7.44 -0.00607399
7.45 -0.00544904
7.46 -0.00480807
7.47 -0.00415337
7.48 -0.00348767
7.49 -0.00281406
7.5 -0.00213601
7.51 -0.00145731
7.52 -0.000781936
7.53 -0.000113927
7.54 0.000542753
7.55 0.00118429
7.56 0.00180701
7.57 0.00240732
7.58 0.00298172
7.59 0.00352682
7.6 0.0040393
7.61 0.00451605
7.62 0.00495428
7.63 0.00535172
7.64 0.00570673
7.65 0.00601825
7.66 0.00628583
7.67 0.00650977
7.68 0.00669111
7.69 0.00683157
7.7 0.00693355
7.71 0.00699992
7.72 0.00703368
7.73 0.0070377
7.74 0.0070145
7.75 0.00696621
7.76 0.00689452
7.77 0.00680082
7.78 0.00668623
7.79 0.00655168
7.8 0.00639783
7.81 0.00622513
7.82 0.00603391
7.83 0.0058243
7.84 0.00559632
7.85 0.00534985
7.86 0.00508477
7.87 0.00480094
7.88 0.00449828
7.89 0.00417688
7.9 0.00383706
7.91 0.00347938
7.92 0.0031047
7.93 0.00271419
7.94 0.00230937
7.95 0.001892
7.96 0.00146412
7.97 0.00102795
7.98 0.000585917
7.99 0.000140589
8 -0.000305457
8.01 -0.000749732
8.02 -0.00118988
8.03 -0.00162372
8.04 -0.0020493
8.05 -0.00246499
8.06 -0.0028695
8.07 -0.00326183
8.08 -0.00364121
8.09 -0.00400698
8.1 -0.00435847
8.11 -0.00469488
8.12 -0.00501511
8.13 -0.00531774
8.14 -0.0056011
8.15 -0.00586326
8.16 -0.00610213
8.17 -0.00631546
8.18 -0.006501
8.19 -0.00665658
8.2 -0.00678017
8.21 -0.00686996
8.22 -0.00692444
8.23 -0.00694242
8.24 -0.00692295
8.25 -0.0068654
8.26 -0.00676945
8.27 -0.00663518
8.28 -0.00646301
8.29 -0.00625373
8.3 -0.00600863
8.31 -0.00572952
8.32 -0.00541884
8.33 -0.0050797
8.34 -0.00471576
8.35 -0.00433115
8.36 -0.00393025
8.37 -0.00351747
8.38 -0.00309702
8.39 -0.00267269
8.4 -0.00224774
8.41 -0.00182479
8.42 -0.00140594
8.43 -0.000992835
8.44 -0.000586669
8.45 -0.000188208
8.46 0.00020223
8.47 0.000584728
8.48 0.000959721
8.49 0.00132787
8.5 0.00168997
8.51 0.00204684
8.52 0.0023992
8.53 0.00274752
8.54 0.00309186
8.55 0.00343183
8.56 0.00376669
8.57 0.00409541
8.58 0.0044168
8.59 0.00472957
8.6 0.00503242
8.61 0.00532407
8.62 0.00560344
8.63 0.00586972
8.64 0.00612242
8.65 0.0063614
8.66 0.00658688
8.67 0.00679939
8.68 0.00699965
8.69 0.0071885
8.7 0.00736677
8.71 0.00753535
8.72 0.00769505
8.73 0.00784651
8.74 0.00799016
8.75 0.00812625
8.76 0.00825477
8.77 0.00837535
8.78 0.00848731
8.79 0.00858969
8.8 0.00868125
8.81 0.00876051
8.82 0.00882581
8.83 0.00887543
8.84 0.00890778
8.85 0.00892146
8.86 0.00891533
8.87 0.00888845
8.88 0.0088401
8.89 0.00876984
8.9 0.00867759
8.91 0.00856361
8.92 0.00842843
8.93 0.00827279
8.94 0.00809757
8.95 0.00790367
8.96 0.00769193
8.97 0.00746322
8.98 0.00721835
8.99 0.00695803
9 0.00668282
9.01 0.00639303
9.02 0.00608877
9.03 0.00576987
9.04 0.005436
9.05 0.00508676
9.06 0.00472186
9.07 0.0043412
9.08 0.0039449
9.09 0.00353328
9.1 0.00310684
9.11 0.00266615
9.12 0.00221186
9.13 0.00174467
9.14 0.00126535
9.15 0.00077472
9.16 0.000273786
9.17 -0.000236185
9.18 -0.000753533
9.19 -0.00127616
9.2 -0.00180151
9.21 -0.00232651
9.22 -0.00284755
9.23 -0.00336057
9.24 -0.00386126
9.25 -0.00434526
9.26 -0.00480846
9.27 -0.00524717
9.28 -0.00565821
9.29 -0.00603907
9.3 -0.00638782
9.31 -0.0067029
9.32 -0.00698299
9.33 -0.00722702
9.34 -0.0074341
9.35 -0.00760353
9.36 -0.00773478
9.37 -0.0078275
9.38 -0.0078815
9.39 -0.00789675
9.4 -0.00787346
9.41 -0.0078122
9.42 -0.0077139
9.43 -0.00757997
9.44 -0.00741234
9.45 -0.0072135
9.46 -0.00698638
9.47 -0.00673417
9.48 -0.00646018
9.49 -0.00616763
9.5 -0.00585952
9.51 -0.0055385
9.52 -0.00520687
9.53 -0.00486656
9.54 -0.00451924
9.55 -0.00416651
9.56 -0.00380995
9.57 -0.00345127
9.58 -0.00309234
9.59 -0.00273532
9.6 -0.00238255
9.61 -0.00203645
9.62 -0.00169939
9.63 -0.00137356
9.64 -0.00106084
9.65 -0.000762712
9.66 -0.000480239
9.67 -0.000214096
9.68 3.54364e-05
9.69 0.000268421
9.7 0.000485156
9.71 0.000686042
9.72 0.000871468
9.73 0.00104177
9.74 0.00119715
9.75 0.00133759
9.76 0.00146281
9.77 0.00157237
9.78 0.00166564
9.79 0.00174187
9.8 0.00180013
9.81 0.00183934
9.82 0.00185835
9.83 0.0018559
9.84 0.00183069
9.85 0.0017814
9.86 0.00170677
9.87 0.0016057
9.88 0.00147739
9.89 0.00132122
9.9 0.00113687
9.91 0.000924385
9.92 0.000684207
9.93 0.000417175
9.94 0.0001245
9.95 -0.000192242
9.96 -0.000531211
9.97 -0.000890462
9.98 -0.00126811
9.99 -0.0016624
10 -0.00207174
10.01 -0.00249472
10.02 -0.00293011
10.03 -0.00337691
10.04 -0.00383423
10.05 -0.00430113
10.06 -0.00477651
10.07 -0.00525902
10.08 -0.00574713
10.09 -0.0062391
10.1 -0.00673303
10.11 -0.00722688
10.12 -0.00771858
10.13 -0.00820622
10.14 -0.00868804
10.15 -0.00916247
10.16 -0.00962808
10.17 -0.0100836
10.18 -0.0105276
10.19 -0.0109588
10.2 -0.0113757
10.21 -0.0117766
10.22 -0.0121598
10.23 -0.0125238
10.24 -0.0128668
10.25 -0.0131872
10.26 -0.0134837
10.27 -0.0137548
10.28 -0.0139995
10.29 -0.0142168
10.3 -0.0144059
10.31 -0.0145661
10.32 -0.0146965
10.33 -0.0147965
10.34 -0.0148655
10.35 -0.0149029
10.36 -0.0149082
10.37 -0.0148812
10.38 -0.0148215
10.39 -0.0147292
10.4 -0.0146041
10.41 -0.0144462
10.42 -0.0142554
10.43 -0.0140315
10.44 -0.0137742
10.45 -0.0134831
10.46 -0.0131578
10.47 -0.0127979
10.48 -0.012403
10.49 -0.0119733
10.5 -0.0115092
10.51 -0.0110114
10.52 -0.0104813
10.53 -0.00992063
10.54 -0.0093313
10.55 -0.00871554
10.56 -0.00807573
10.57 -0.00741431
10.58 -0.00673389
10.59 -0.00603709
10.6 -0.00532658
10.61 -0.00460509
10.62 -0.0038754
10.63 -0.00314041
10.64 -0.0024031
10.65 -0.00166657
10.66 -0.000933979
10.67 -0.000208552
10.68 0.000506535
10.69 0.00120823
10.7 0.00189371
10.71 0.00256041
10.72 0.00320602
10.73 0.00382842
10.74 0.0044257
10.75 0.00499612
10.76 0.00553812
10.77 0.00605029
10.78 0.00653145
10.79 0.00698063
10.8 0.00739702
10.81 0.00777998
10.82 0.00812903
10.83 0.00844387
10.84 0.00872435
10.85 0.00897044
10.86 0.00918215
10.87 0.00935949
10.88 0.00950248
10.89 0.00961119
10.9 0.00968573
10.91 0.0097263
10.92 0.00973324
10.93 0.00970718
10.94 0.00964903
10.95 0.00956007
10.96 0.0094419
10.97 0.00929638
10.98 0.00912559
10.99 0.00893172
11 0.00871695
11.01 0.00848342
11.02 0.00823317
11.03 0.00796814
11.04 0.00769008
11.05 0.00740057
11.06 0.00710116
11.07 0.00679328
11.08 0.00647833
11.09 0.00615759
11.1 0.00583235
11.11 0.0055039
11.12 0.00517362
11.13 0.00484296
11.14 0.00451342
11.15 0.00418644
11.16 0.00386352
11.17 0.00354627
11.18 0.00323647
11.19 0.00293607
11.2 0.00264721
11.21 0.00237216
11.22 0.00211328
11.23 0.00187299
11.24 0.0016535
11.25 0.00145662
11.26 0.00128363
11.27 0.00113525
11.28 0.00101172
11.29 0.000912937
11.3 0.000838564
11.31 0.000788109
11.32 0.000760998
11.33 0.000756661
11.34 0.000774641
11.35 0.00081473
11.36 0.000877025
11.37 0.000961844
11.38 0.00106958
11.39 0.00120056
11.4 0.001355
11.41 0.00153294
11.42 0.00173415
11.43 0.00195802
11.44 0.00220362
11.45 0.00246976
11.46 0.00275508
11.47 0.00305818
11.48 0.00337774
11.49 0.00371267
11.5 0.00406219
11.51 0.00442585
11.52 0.00480347
11.53 0.00519506
11.54 0.00560069
11.55 0.00602041
11.56 0.0064541
11.57 0.00690133
11.58 0.00736132
11.59 0.00783305
11.6 0.00831532
11.61 0.00880691
11.62 0.0093066
11.63 0.00981315
11.64 0.0103253
11.65 0.0108419
11.66 0.0113616
11.67 0.0118831
11.68 0.0124051
11.69 0.0129262
11.7 0.0134448
11.71 0.0139592
11.72 0.0144674
11.73 0.014967
11.74 0.0154555
11.75 0.0159301
11.76 0.0163877
11.77 0.0168245
11.78 0.0172366
11.79 0.0176197
11.8 0.0179693
11.81 0.0182811
11.82 0.0185512
11.83 0.0187761
11.84 0.018953
11.85 0.0190793
11.86 0.0191531
11.87 0.0191726
11.88 0.0191364
11.89 0.0190432
11.9 0.0188922
11.91 0.0186827
11.92 0.0184144
11.93 0.0180872
11.94 0.0177014
11.95 0.0172574
11.96 0.016756
11.97 0.0161981
11.98 0.015585
11.99 0.0149183
12 0.0142001
12.01 0.0134327
12.02 0.0126189
12.03 0.0117618
12.04 0.010865
12.05 0.00993235
12.06 0.00896809
12.07 0.00797649
12.08 0.00696187
12.09 0.00592837
12.1 0.00487989
12.11 0.0038201
12.12 0.00275244
12.13 0.00168002
12.14 0.000605547
12.15 -0.000468583
12.16 -0.00154027
12.17 -0.00260761
12.18 -0.00366876
12.19 -0.00472192
12.2 -0.00576539
12.21 -0.00679744
12.22 -0.00781629
12.23 -0.00882003
12.24 -0.00980685
12.25 -0.0107749
12.26 -0.0117222
12.27 -0.0126467
12.28 -0.0135463
12.29 -0.0144189
12.3 -0.0152622
12.31 -0.016074
12.32 -0.0168519
12.33 -0.0175933
12.34 -0.0182957
12.35 -0.0189563
12.36 -0.0195724
12.37 -0.020141
12.38 -0.0206595
12.39 -0.0211247
12.4 -0.0215339
12.41 -0.0218842
12.42 -0.0221732
12.43 -0.0223987
12.44 -0.0225588
12.45 -0.022652
12.46 -0.0226768
12.47 -0.0226321
12.48 -0.0225169
12.49 -0.0223296
12.5 -0.0220689
12.51 -0.021733
12.52 -0.0213199
12.53 -0.0208275
12.54 -0.0202541
12.55 -0.019598
12.56 -0.0188584
12.57 -0.0180347
12.58 -0.0171269
12.59 -0.0161357
12.6 -0.0150619
12.61 -0.0139067
12.62 -0.0126716
12.63 -0.0113587
12.64 -0.00997079
12.65 -0.00851093
12.66 -0.00698277
12.67 -0.00539048
12.68 -0.00373885
12.69 -0.00203329
12.7 -0.00027984
12.71 0.00151501
12.72 0.00334443
12.73 0.00520134
12.74 0.0070785
12.75 0.00896862
12.76 0.0108644
12.77 0.0127588
12.78 0.0146447
12.79 0.0165152
12.8 0.0183636
12.81 0.0201832
12.82 0.0219674
12.83 0.0237095
12.84 0.025403
12.85 0.0270417
12.86 0.0286195
12.87 0.0301308
12.88 0.0315703
12.89 0.0329334
12.9 0.0342158
12.91 0.035414
12.92 0.0365247
12.93 0.0375446
12.94 0.0384711
12.95 0.0393015
12.96 0.0400333
12.97 0.0406645
12.98 0.0411932
12.99 0.0416175
13 0.0419364
13.01 0.0421488
13.02 0.0422544
13.03 0.0422534
13.04 0.0421465
13.05 0.0419347
13.06 0.0416194
13.07 0.0412022
13.08 0.0406847
13.09 0.0400687
13.1 0.039356
13.11 0.0385484
13.12 0.0376477
13.13 0.0366561
13.14 0.0355762
13.15 0.0344106
13.16 0.0331628
13.17 0.0318366
13.18 0.0304363
13.19 0.0289665
13.2 0.0274323
13.21 0.025839
13.22 0.0241918
13.23 0.0224963
13.24 0.0207582
13.25 0.0189829
13.26 0.0171763
13.27 0.015344
13.28 0.0134914
13.29 0.011624
13.3 0.00974736
13.31 0.00786656
13.32 0.00598666
13.33 0.00411243
13.34 0.00224846
13.35 0.000399221
13.36 -0.00143085
13.37 -0.00323732
13.38 -0.00501567
13.39 -0.00676138
13.4 -0.00846989
13.41 -0.0101366
13.42 -0.0117568
13.43 -0.0133257
13.44 -0.0148386
13.45 -0.0162906
13.46 -0.0176769
13.47 -0.0189927
13.48 -0.0202332
13.49 -0.0213939
13.5 -0.0224703
13.51 -0.0234582
13.52 -0.0243537
13.53 -0.025153
13.54 -0.0258527
13.55 -0.0264494
13.56 -0.0269402
13.57 -0.0273224
13.58 -0.0275939
13.59 -0.0277531
13.6 -0.027799
13.61 -0.027731
13.62 -0.0275491
13.63 -0.0272537
13.64 -0.0268456
13.65 -0.0263259
13.66 -0.0256961
13.67 -0.024958
13.68 -0.0241139
13.69 -0.0231665
13.7 -0.022119
13.71 -0.0209751
13.72 -0.0197388
13.73 -0.0184149
13.74 -0.0170083
13.75 -0.0155247
13.76 -0.0139702
13.77 -0.0123515
13.78 -0.0106758
13.79 -0.00895102
13.8 -0.00718545
13.81 -0.00538802
13.82 -0.0035682
13.83 -0.00173562
13.84 0.000100396
13.85 0.00193117
13.86 0.00374885
13.87 0.00554621
13.88 0.00731634
13.89 0.00905241
13.9 0.0107477
13.91 0.0123958
13.92 0.0139903
13.93 0.0155252
13.94 0.0169945
13.95 0.0183926
13.96 0.0197141
13.97 0.0209539
13.98 0.0221072
13.99 0.0231697
14 0.024137
14.01 0.0250054
14.02 0.0257711
14.03 0.026431
14.04 0.0269822
14.05 0.0274224
14.06 0.0277495
14.07 0.0279618
14.08 0.0280577
14.09 0.028036
14.1 0.0278953
14.11 0.0276347
14.12 0.0272532
14.13 0.0267497
14.14 0.0261236
14.15 0.025374
14.16 0.0245002
14.17 0.0235018
14.18 0.0223789
14.19 0.0211317
14.2 0.0197613
14.21 0.0182689
14.22 0.0166562
14.23 0.0149252
14.24 0.0130782
14.25 0.0111178
14.26 0.00904675
14.27 0.00686816
14.28 0.00458555
14.29 0.00220287
14.3 -0.000275376
14.31 -0.00284407
14.32 -0.00549744
14.33 -0.00822908
14.34 -0.0110321
14.35 -0.0138991
14.36 -0.0168228
14.37 -0.0197958
14.38 -0.022811
14.39 -0.0258612
14.4 -0.0289392
14.41 -0.032038
14.42 -0.0351505
14.43 -0.0382694
14.44 -0.0413872
14.45 -0.044496
14.46 -0.0475876
14.47 -0.0506531
14.48 -0.0536837
14.49 -0.0566705
14.5 -0.0596045
14.51 -0.062477
14.52 -0.0652798
14.53 -0.0680047
14.54 -0.0706445
14.55 -0.0731918
14.56 -0.0756431
14.57 -0.0779999
14.58 -0.080265
14.59 -0.0824398
14.6 -0.0845258
14.61 -0.086524
14.62 -0.0884351
14.63 -0.0902593
14.64 -0.0919957
14.65 -0.0936428
14.66 -0.0951983
14.67 -0.096659
14.68 -0.0980216
14.69 -0.0992827
14.7 -0.100439
14.71 -0.101489
14.72 -0.102429
14.73 -0.103255
14.74 -0.103964
14.75 -0.104549
14.76 -0.105005
14.77 -0.105326
14.78 -0.105505
14.79 -0.105538
14.8 -0.105417
14.81 -0.105138
14.82 -0.104697
14.83 -0.104087
14.84 -0.103307
14.85 -0.102353
14.86 -0.101222
14.87 -0.0999137
14.88 -0.0984256
14.89 -0.0967574
14.9 -0.0949087
14.91 -0.0928796
14.92 -0.0906709
14.93 -0.0882836
14.94 -0.0857193
14.95 -0.0829801
14.96 -0.0800689
14.97 -0.0769893
14.98 -0.073746
14.99 -0.070345
15 -0.0667942
15.01 -0.0631034
15.02 -0.0592845
15.03 -0.0553509
15.04 -0.0513171
15.05 -0.0471986
15.06 -0.0430122
15.07 -0.0387756
15.08 -0.0345068
15.09 -0.0302243
15.1 -0.0259462
15.11 -0.0216907
15.12 -0.0174758
15.13 -0.0133194
15.14 -0.00923913
15.15 -0.00525227
15.16 -0.00137543
15.17 0.00237563
15.18 0.0059861
15.19 0.00944227
15.2 0.0127314
15.21 0.0158414
15.22 0.0187608
15.23 0.0214783
15.24 0.0239834
15.25 0.026266
15.26 0.0283163
15.27 0.0301248
15.28 0.0316824
15.29 0.032981
15.3 0.0340133
15.31 0.0347739
15.32 0.0352585
15.33 0.0354647
15.34 0.0353911
15.35 0.0350373
15.36 0.0344037
15.37 0.0334913
15.38 0.032302
15.39 0.0308387
15.4 0.0291054
15.41 0.027107
15.42 0.02485
15.43 0.0223418
15.44 0.0195914
15.45 0.0166086
15.46 0.0134048
15.47 0.00999239
15.48 0.00638505
15.49 0.00259791
15.5 -0.00135246
15.51 -0.00544813
15.52 -0.00967006
15.53 -0.0139985
15.54 -0.0184133
15.55 -0.0228943
15.56 -0.0274212
15.57 -0.0319737
15.58 -0.0365312
15.59 -0.0410737
15.6 -0.0455809
15.61 -0.050033
15.62 -0.0544104
15.63 -0.0586937
15.64 -0.0628639
15.65 -0.0669026
15.66 -0.0707918
15.67 -0.0745139
15.68 -0.0780522
15.69 -0.0813908
15.7 -0.0845143
15.71 -0.0874086
15.72 -0.0900598
15.73 -0.0924553
15.74 -0.094583
15.75 -0.0964317
15.76 -0.0979914
15.77 -0.0992527
15.78 -0.100208
15.79 -0.100849
15.8 -0.101171
15.81 -0.101169
15.82 -0.100839
15.83 -0.100181
15.84 -0.0991931
15.85 -0.0978771
15.86 -0.0962352
15.87 -0.0942712
15.88 -0.09199
15.89 -0.0893976
15.9 -0.0865014
15.91 -0.08331
15.92 -0.0798329
15.93 -0.0760805
15.94 -0.0720639
15.95 -0.0677954
15.96 -0.0632881
15.97 -0.0585563
15.98 -0.0536153
15.99 -0.0484814
16 -0.043172
16.01 -0.0377055
16.02 -0.0321016
16.03 -0.0263811
16.04 -0.0205661
16.05 -0.0146795
16.06 -0.00874549
16.07 -0.00278828
16.08 0.00316782
16.09 0.0090987
16.1 0.0149806
16.11 0.0207899
16.12 0.0265037
16.13 0.0320991
16.14 0.0375539
16.15 0.0428499
16.16 0.0479774
16.17 0.0529316
16.18 0.057708
16.19 0.0623022
16.2 0.0667097
16.21 0.0709264
16.22 0.0749484
16.23 0.0787722
16.24 0.0823951
16.25 0.0858152
16.26 0.0890314
16.27 0.0920432
16.28 0.0948508
16.29 0.0974547
16.3 0.0998554
16.31 0.102054
16.32 0.104051
16.33 0.105847
16.34 0.107445
16.35 0.108844
16.36 0.110048
16.37 0.111056
16.38 0.111871
16.39 0.112493
16.4 0.112926
16.41 0.113169
16.42 0.113226
16.43 0.113097
16.44 0.112785
16.45 0.112292
16.46 0.111621
16.47 0.110775
16.48 0.10976
16.49 0.108579
16.5 0.107237
16.51 0.10574
16.52 0.104094
16.53 0.102306
16.54 0.100381
16.55 0.0983289
16.56 0.0961556
16.57 0.0938695
16.58 0.0914785
16.59 0.0889908
16.6 0.0864148
16.61 0.0837586
16.62 0.0810306
16.63 0.0782387
16.64 0.075391
16.65 0.0724949
16.66 0.0695581
16.67 0.0665875
16.68 0.06359
16.69 0.0605721
16.7 0.0575399
16.71 0.0544998
16.72 0.0514581
16.73 0.0484219
16.74 0.0453984
16.75 0.0423956
16.76 0.0394214
16.77 0.036484
16.78 0.0335915
16.79 0.0307522
16.8 0.0279744
16.81 0.0252662
16.82 0.0226357
16.83 0.0200908
16.84 0.0176389
16.85 0.0152875
16.86 0.0130436
16.87 0.0109135
16.88 0.00890307
16.89 0.0070177
16.9 0.00526203
16.91 0.00364012
16.92 0.00215548
16.93 0.000811176
16.94 -0.000390142
16.95 -0.00144619
16.96 -0.00235512
16.97 -0.00311548
16.98 -0.00372618
16.99 -0.00418657
17 -0.00449639
17.01 -0.00465581
17.02 -0.00466547
17.03 -0.0045265
17.04 -0.0042406
17.05 -0.00381004
17.06 -0.00323748
17.07 -0.00252601
17.08 -0.00167904
17.09 -0.000700435
17.1 0.000405505
17.11 0.00163404
17.12 0.00298007
17.13 0.00443814
17.14 0.00600253
17.15 0.0076672
17.16 0.0094258
17.17 0.0112717
17.18 0.013198
17.19 0.0151977
17.2 0.0172634
17.21 0.0193879
17.22 0.0215636
17.23 0.0237828
17.24 0.0260379
17.25 0.028321
17.26 0.0306239
17.27 0.0329387
17.28 0.035257
17.29 0.0375704
17.3 0.0398709
17.31 0.04215
17.32 0.0443998
17.33 0.0466122
17.34 0.0487794
17.35 0.0508935
17.36 0.0529467
17.37 0.054931
17.38 0.0568382
17.39 0.0586603
17.4 0.0603888
17.41 0.0620154
17.42 0.0635314
17.43 0.0649286
17.44 0.0661992
17.45 0.0673364
17.46 0.068334
17.47 0.0691872
17.48 0.0698919
17.49 0.0704451
17.5 0.0708444
17.51 0.0710877
17.52 0.0711737
17.53 0.0711013
17.54 0.07087
17.55 0.0704798
17.56 0.0699315
17.57 0.0692266
17.58 0.0683672
17.59 0.0673564
17.6 0.0661979
17.61 0.0648966
17.62 0.063458
17.63 0.0618885
17.64 0.0601955
17.65 0.0583868
17.66 0.0564713
17.67 0.0544579
17.68 0.0523563
17.69 0.0501767
17.7 0.0479291
17.71 0.0456239
17.72 0.0432711
17.73 0.0408803
17.74 0.0384613
17.75 0.0360234
17.76 0.0335763
17.77 0.0311301
17.78 0.028695
17.79 0.0262819
17.8 0.0239017
17.81 0.0215653
17.82 0.0192838
17.83 0.0170678
17.84 0.0149276
17.85 0.0128733
17.86 0.0109144
17.87 0.0090601
17.88 0.00731893
17.89 0.00569864
17.9 0.00420609
17.91 0.00284716
17.92 0.00162674
17.93 0.000548943
17.94 -0.000382808
17.95 -0.00116571
17.96 -0.00179767
17.97 -0.00227726
17.98 -0.00260369
17.99 -0.00277681
18 -0.002797
18.01 -0.00266517
18.02 -0.00238274
18.03 -0.00195162
18.04 -0.00137414
18.05 -0.000653011
18.06 0.000208681
18.07 0.00120745
18.08 0.00233934
18.09 0.00359993
18.1 0.00498438
18.11 0.00648742
18.12 0.00810341
18.13 0.00982646
18.14 0.0116504
18.15 0.013569
18.16 0.0155759
18.17 0.0176645
18.18 0.0198284
18.19 0.0220609
18.2 0.0243556
18.21 0.0267058
18.22 0.0291047
18.23 0.0315456
18.24 0.0340213
18.25 0.0365245
18.26 0.0390479
18.27 0.041584
18.28 0.0441254
18.29 0.0466647
18.3 0.0491946
18.31 0.051708
18.32 0.0541979
18.33 0.0566575
18.34 0.0590801
18.35 0.0614589
18.36 0.0637874
18.37 0.0660591
18.38 0.0682673
18.39 0.070406
18.4 0.0724691
18.41 0.0744513
18.42 0.0763473
18.43 0.0781528
18.44 0.0798637
18.45 0.0814765
18.46 0.0829886
18.47 0.0843976
18.48 0.0857017
18.49 0.0868996
18.5 0.0879902
18.51 0.0889727
18.52 0.0898465
18.53 0.0906109
18.54 0.0912655
18.55 0.0918102
18.56 0.0922447
18.57 0.0925691
18.58 0.0927836
18.59 0.0928888
18.6 0.0928859
18.61 0.092776
18.62 0.092561
18.63 0.0922429
18.64 0.0918241
18.65 0.0913075
18.66 0.0906957
18.67 0.0899917
18.68 0.0891981
18.69 0.0883172
18.7 0.0873508
18.71 0.0862998
18.72 0.0851649
18.73 0.083946
18.74 0.0826432
18.75 0.0812565
18.76 0.0797864
18.77 0.0782339
18.78 0.0766001
18.79 0.0748864
18.8 0.0730943
18.81 0.0712256
18.82 0.0692823
18.83 0.0672665
18.84 0.0651803
18.85 0.0630261
18.86 0.0608065
18.87 0.058524
18.88 0.0561816
18.89 0.0537824
18.9 0.0513301
18.91 0.0488291
18.92 0.0462841
18.93 0.0437009
18.94 0.0410858
18.95 0.0384456
18.96 0.0357873
18.97 0.0331178
18.98 0.030444
18.99 0.0277725
19 0.0251094
19.01 0.0224607
19.02 0.0198316
19.03 0.0172272
19.04 0.0146524
19.05 0.012112
19.06 0.00961098
19.07 0.00715442
19.08 0.00474768
19.09 0.00239625
19.1 0.000105628
19.11 -0.00211882
19.12 -0.00427215
19.13 -0.00634995
19.14 -0.00834825
19.15 -0.0102634
19.16 -0.0120919
19.17 -0.0138302
19.18 -0.0154743
19.19 -0.0170198
19.2 -0.0184619
19.21 -0.0197953
19.22 -0.0210145
19.23 -0.0221139
19.24 -0.023088
19.25 -0.023932
19.26 -0.0246419
19.27 -0.0252151
19.28 -0.0256498
19.29 -0.0259452
19.3 -0.0261007
19.31 -0.0261158
19.32 -0.0259904
19.33 -0.0257243
19.34 -0.0253173
19.35 -0.0247694
19.36 -0.0240805
19.37 -0.0232504
19.38 -0.0222797
19.39 -0.0211691
19.4 -0.0199201
19.41 -0.0185346
19.42 -0.0170147
19.43 -0.0153632
19.44 -0.0135831
19.45 -0.0116779
19.46 -0.00965151
19.47 -0.00750812
19.48 -0.0052524
19.49 -0.00288937
19.5 -0.000424537
19.51 0.0021361
19.52 0.00478607
19.53 0.00751854
19.54 0.0103262
19.55 0.013201
19.56 0.0161344
19.57 0.0191172
19.58 0.0221397
19.59 0.0251923
19.6 0.0282651
19.61 0.0313479
19.62 0.0344308
19.63 0.0375035
19.64 0.0405558
19.65 0.0435779
19.66 0.0465598
19.67 0.0494917
19.68 0.0523639
19.69 0.055167
19.7 0.0578914
19.71 0.0605281
19.72 0.063068
19.73 0.0655026
19.74 0.0678237
19.75 0.0700236
19.76 0.0720954
19.77 0.0740329
19.78 0.0758306
19.79 0.0774834
19.8 0.0789867
19.81 0.0803367
19.82 0.0815298
19.83 0.0825628
19.84 0.083433
19.85 0.0841382
19.86 0.0846763
19.87 0.0850458
19.88 0.0852455
19.89 0.0852749
19.9 0.0851341
19.91 0.0848239
19.92 0.0843457
19.93 0.0837017
19.94 0.0828949
19.95 0.0819285
19.96 0.0808062
19.97 0.0795322
19.98 0.0781107
19.99 0.0765463
20 0.0748438
20.01 0.0730082
20.02 0.0710452
20.03 0.0689606
20.04 0.0667612
20.05 0.0644546
20.06 0.0620491
20.07 0.0595538
20.08 0.0569786
20.09 0.0543339
20.1 0.0516309
20.11 0.0488811
20.12 0.0460964
20.13 0.0432886
20.14 0.0404693
20.15 0.0376504
20.16 0.0348433
20.17 0.0320594
20.18 0.0293098
20.19 0.0266051
20.2 0.0239553
20.21 0.02137
20.22 0.0188584
20.23 0.0164293
20.24 0.0140911
20.25 0.0118519
20.26 0.00971958
20.27 0.00770115
20.28 0.00580316
20.29 0.00403152
20.3 0.00239148
20.31 0.000887597
20.32 -0.000476171
20.33 -0.0016965
20.34 -0.00277062
20.35 -0.00369627
20.36 -0.00447156
20.37 -0.00509493
20.38 -0.00556497
20.39 -0.00588039
20.4 -0.00604002
20.41 -0.00604283
20.42 -0.00588799
20.43 -0.00557493
20.44 -0.00510346
20.45 -0.0044739
20.46 -0.00368713
20.47 -0.0027446
20.48 -0.00164816
20.49 -0.000400111
20.5 0.000996819
20.51 0.00253946
20.52 0.00422423
20.53 0.00604717
20.54 0.0080039
20.55 0.0100896
20.56 0.012299
20.57 0.0146265
20.58 0.0170655
20.59 0.0196089
20.6 0.0222487
20.61 0.0249762
20.62 0.0277821
20.63 0.0306565
20.64 0.0335896
20.65 0.0365711
20.66 0.0395908
20.67 0.0426383
20.68 0.0457033
20.69 0.0487757
20.7 0.0518453
20.71 0.0549023
20.72 0.0579371
20.73 0.0609401
20.74 0.0639021
20.75 0.0668138
20.76 0.0696662
20.77 0.0724506
20.78 0.0751589
20.79 0.0777832
20.8 0.0803163
20.81 0.082752
20.82 0.0850845
20.83 0.087309
20.84 0.0894213
20.85 0.0914173
20.86 0.0932934
20.87 0.095046
20.88 0.0966716
20.89 0.098167
20.9 0.0995289
20.91 0.100754
20.92 0.10184
20.93 0.102785
20.94 0.103587
20.95 0.104244
20.96 0.104756
20.97 0.105121
20.98 0.10534
20.99 0.105411
21 0.105334
21.01 0.105109
21.02 0.104735
21.03 0.104213
21.04 0.103542
21.05 0.102724
21.06 0.101758
21.07 0.100647
21.08 0.0993923
21.09 0.0979967
21.1 0.096463
21.11 0.0947948
21.12 0.0929963
21.13 0.0910725
21.14 0.089029
21.15 0.0868721
21.16 0.0846085
21.17 0.0822453
21.18 0.0797898
21.19 0.0772497
21.2 0.0746328
21.21 0.0719472
21.22 0.0692011
21.23 0.066403
21.24 0.0635614
21.25 0.060685
21.26 0.0577829
21.27 0.0548642
21.28 0.0519384
21.29 0.0490151
21.3 0.046104
21.31 0.0432148
21.32 0.040357
21.33 0.03754
21.34 0.0347727
21.35 0.0320635
21.36 0.0294206
21.37 0.0268515
21.38 0.0243632
21.39 0.0219624
21.4 0.0196547
21.41 0.0174458
21.42 0.0153402
21.43 0.0133426
21.44 0.0114568
21.45 0.00968672
21.46 0.0080357
21.47 0.00650703
21.48 0.00510363
21.49 0.00382805
21.5 0.0026824
21.51 0.0016683
21.52 0.000786957
21.53 3.92406e-05
21.54 -0.0005744
21.55 -0.00105393
21.56 -0.00139977
21.57 -0.00161285
21.58 -0.00169468
21.59 -0.00164739
21.6 -0.00147367
21.61 -0.00117667
21.62 -0.000759845
21.63 -0.000226895
21.64 0.000418392
21.65 0.00117221
21.66 0.00203076
21.67 0.00299022
21.68 0.00404663
21.69 0.0051959
21.7 0.00643365
21.71 0.0077552
21.72 0.00915564
21.73 0.0106299
21.74 0.0121727
21.75 0.013779
21.76 0.0154436
21.77 0.0171615
21.78 0.0189277
21.79 0.0207373
21.8 0.0225852
21.81 0.0244661
21.82 0.0263745
21.83 0.0283044
21.84 0.0302497
21.85 0.0322038
21.86 0.0341599
21.87 0.0361111
21.88 0.0380503
21.89 0.0399704
21.9 0.0418642
21.91 0.0437249
21.92 0.0455456
21.93 0.0473202
21.94 0.0490426
21.95 0.0507073
21.96 0.0523088
21.97 0.053842
21.98 0.0553015
21.99 0.0566819
22 0.0579779
22.01 0.0591839
22.02 0.0602944
22.03 0.0613039
22.04 0.0622077
22.05 0.0630016
22.06 0.0636823
22.07 0.0642477
22.08 0.0646967
22.09 0.0650289
22.1 0.0652443
22.11 0.0653437
22.12 0.0653283
22.13 0.0651998
22.14 0.0649602
22.15 0.0646116
22.16 0.0641566
22.17 0.0635976
22.18 0.0629374
22.19 0.0621791
22.2 0.0613259
22.21 0.0603814
22.22 0.0593498
22.23 0.0582357
22.24 0.0570441
22.25 0.0557803
22.26 0.0544498
22.27 0.0530586
22.28 0.0516125
22.29 0.0501173
22.3 0.048579
22.31 0.0470029
22.32 0.0453942
22.33 0.0437581
22.34 0.0420993
22.35 0.0404225
22.36 0.0387325
22.37 0.0370339
22.38 0.0353315
22.39 0.0336303
22.4 0.0319351
22.41 0.0302512
22.42 0.0285838
22.43 0.0269383
22.44 0.02532
22.45 0.0237342
22.46 0.0221865
22.47 0.0206822
22.48 0.0192272
22.49 0.0178269
22.5 0.0164871
22.51 0.0152135
22.52 0.0140119
22.53 0.0128879
22.54 0.011847
22.55 0.0108946
22.56 0.0100356
22.57 0.00927474
22.58 0.0086165
22.59 0.00806503
22.6 0.00762408
22.61 0.00729703
22.62 0.00708688
22.63 0.00699608
22.64 0.00702653
22.65 0.00717948
22.66 0.00745558
22.67 0.00785471
22.68 0.00837602
22.69 0.00901802
22.7 0.00977883
22.71 0.0106563
22.72 0.0116481
22.73 0.0127514
22.74 0.0139634
22.75 0.0152807
22.76 0.0166998
22.77 0.0182166
22.78 0.0198266
22.79 0.021525
22.8 0.0233067
22.81 0.0251663
22.82 0.0270981
22.83 0.0290962
22.84 0.0311544
22.85 0.0332665
22.86 0.0354259
22.87 0.0376259
22.88 0.0398595
22.89 0.0421196
22.9 0.0443988
22.91 0.0466897
22.92 0.0489844
22.93 0.0512751
22.94 0.0535537
22.95 0.0558121
22.96 0.058042
22.97 0.0602352
22.98 0.0623837
22.99 0.0644797
23 0.0665163
23.01 0.0684869
23.02 0.0703859
23.03 0.0722078
23.04 0.073948
23.05 0.0756021
23.06 0.0771662
23.07 0.0786363
23.08 0.0800089
23.09 0.0812802
23.1 0.0824466
23.11 0.0835046
23.12 0.0844513
23.13 0.0852839
23.14 0.0860003
23.15 0.0865985
23.16 0.0870771
23.17 0.0874352
23.18 0.0876721
23.19 0.087788
23.2 0.087783
23.21 0.0876583
23.22 0.0874148
23.23 0.0870543
23.24 0.0865787
23.25 0.0859902
23.26 0.0852914
23.27 0.0844854
23.28 0.0835754
23.29 0.0825653
23.3 0.0814594
23.31 0.0802621
23.32 0.0789784
23.33 0.0776135
23.34 0.0761727
23.35 0.0746614
23.36 0.0730852
23.37 0.0714498
23.38 0.0697606
23.39 0.0680233
23.4 0.0662433
23.41 0.0644259
23.42 0.0625763
23.43 0.0606995
23.44 0.0588003
23.45 0.0568836
23.46 0.0549539
23.47 0.0530162
23.48 0.0510755
23.49 0.049137
23.5 0.0472062
23.51 0.0452886
23.52 0.0433899
23.53 0.0415156
23.54 0.0396712
23.55 0.0378621
23.56 0.0360935
23.57 0.0343707
23.58 0.0326989
23.59 0.031083
23.6 0.0295281
23.61 0.0280387
23.62 0.0266195
23.63 0.0252747
23.64 0.0240087
23.65 0.0228255
23.66 0.0217288
23.67 0.020722
23.68 0.0198083
23.69 0.01899
23.7 0.0182694
23.71 0.0176479
23.72 0.0171268
23.73 0.0167065
23.74 0.0163871
23.75 0.0161682
23.76 0.0160486
23.77 0.0160265
23.78 0.0160994
23.79 0.0162643
23.8 0.0165174
23.81 0.0168547
23.82 0.0172721
23.83 0.017765
23.84 0.0183289
23.85 0.018959
23.86 0.0196504
23.87 0.0203981
23.88 0.021197
23.89 0.0220418
23.9 0.0229269
23.91 0.0238466
23.92 0.0247948
23.93 0.0257655
23.94 0.0267524
23.95 0.0277495
23.96 0.0287509
23.97 0.0297509
23.98 0.0307444
23.99 0.0317266
24 0.0326936
24.01 0.0336419
24.02 0.0345682
24.03 0.03547
24.04 0.0363452
24.05 0.0371925
24.06 0.0380112
24.07 0.0388015
24.08 0.0395636
24.09 0.0402982
24.1 0.0410061
24.11 0.0416876
24.12 0.0423432
24.13 0.0429728
24.14 0.0435762
24.15 0.0441523
24.16 0.0446998
24.17 0.0452172
24.18 0.0457027
24.19 0.0461547
24.2 0.0465716
24.21 0.0469518
24.22 0.0472938
24.23 0.047596
24.24 0.0478569
24.25 0.0480752
24.26 0.0482494
24.27 0.0483781
24.28 0.04846
24.29 0.0484937
24.3 0.0484777
24.31 0.0484103
24.32 0.0482902
24.33 0.0481163
24.34 0.0478882
24.35 0.0476062
24.36 0.0472713
24.37 0.046885
24.38 0.0464492
24.39 0.0459662
24.4 0.0454386
24.41 0.0448692
24.42 0.0442607
24.43 0.0436158
24.44 0.0429373
24.45 0.0422278
24.46 0.0414901
24.47 0.0407269
24.48 0.0399412
24.49 0.0391361
24.5 0.0383149
24.51 0.0374808
24.52 0.0366372
24.53 0.0357871
24.54 0.0349339
24.55 0.0340805
24.56 0.0332299
24.57 0.0323849
24.58 0.0315478
24.59 0.0307211
24.6 0.0299069
24.61 0.0291075
24.62 0.0283249
24.63 0.0275613
24.64 0.0268186
24.65 0.026099
24.66 0.0254046
24.67 0.0247378
24.68 0.0241012
24.69 0.0234973
24.7 0.0229288
24.71 0.0223984
24.72 0.0219087
24.73 0.0214623
24.74 0.0210615
24.75 0.0207087
24.76 0.020406
24.77 0.0201556
24.78 0.0199593
24.79 0.0198186
24.8 0.0197345
24.81 0.019708
24.82 0.0197394
24.83 0.0198289
24.84 0.0199759
24.85 0.0201801
24.86 0.0204403
24.87 0.0207555
24.88 0.0211241
24.89 0.0215443
24.9 0.0220138
24.91 0.0225301
24.92 0.0230903
24.93 0.0236911
24.94 0.0243291
24.95 0.0250008
24.96 0.0257026
24.97 0.0264305
24.98 0.0271809
24.99 0.0279498
25 0.0287337
