0.01 3.17431e-09
0.02 1.52901e-08
0.03 3.77553e-08
0.04 6.82152e-08
0.05 1.04354e-07
0.06 1.43918e-07
0.07 1.84736e-07
0.08 2.24719e-07
0.09 2.6184e-07
0.1 2.94142e-07
0.11 3.19758e-07
0.12 3.36911e-07
0.13 3.43883e-07
0.14 3.38959e-07
0.15 3.20413e-07
0.16 2.86569e-07
0.17 2.35853e-07
0.18 1.66803e-07
0.19 7.80839e-08
0.2 -3.14997e-08
0.21 -1.62994e-07
0.22 -3.17289e-07
0.23 -4.95126e-07
0.24 -6.97113e-07
0.25 -9.2376e-07
0.26 -1.17553e-06
0.27 -1.4529e-06
0.28 -1.75619e-06
0.29 -2.08534e-06
0.3 -2.4398e-06
0.31 -2.81845e-06
0.32 -3.21962e-06
0.33 -3.64085e-06
0.34 -4.07879e-06
0.35 -4.52953e-06
0.36 -4.98876e-06
0.37 -5.45197e-06
0.38 -5.91499e-06
0.39 -6.37478e-06
0.4 -6.83003e-06
0.41 -7.28151e-06
0.42 -7.73156e-06
0.43 -8.18353e-06
0.44 -8.64181e-06
0.45 -9.11171e-06
0.46 -9.59899e-06
0.47 -1.01094e-05
0.48 -1.0648e-05
0.49 -1.12192e-05
0.5 -1.18263e-05
0.51 -1.24721e-05
0.52 -1.31587e-05
0.53 -1.38874e-05
0.54 -1.4659e-05
0.55 -1.54741e-05
0.56 -1.63323e-05
0.57 -1.72331e-05
0.58 -1.81757e-05
0.59 -1.91593e-05
0.6 -2.01828e-05
0.61 -2.12449e-05
0.62 -2.23443e-05
0.63 -2.34792e-05
0.64 -2.46479e-05
0.65 -2.58488e-05
0.66 -2.70802e-05
0.67 -2.83408e-05
0.68 -2.96293e-05
0.69 -3.0945e-05
0.7 -3.2287e-05
0.71 -3.3654e-05
0.72 -3.50442e-05
0.73 -3.64543e-05
0.74 -3.78787e-05
0.75 -3.93095e-05
0.76 -4.07355e-05
0.77 -4.21433e-05
0.78 -4.35177e-05
0.79 -4.48447e-05
0.8 -4.61125e-05
0.81 -4.73125e-05
0.82 -4.84386e-05
0.83 -4.94864e-05
0.84 -5.04539e-05
0.85 -5.13424e-05
0.86 -5.21562e-05
0.87 -5.28986e-05
0.88 -5.35682e-05
0.89 -5.41579e-05
0.9 -5.46578e-05
0.91 -5.50562e-05
0.92 -5.53415e-05
0.93 -5.55038e-05
0.94 -5.55381e-05
0.95 -5.54448e-05
0.96 -5.52312e-05
0.97 -5.491e-05
0.98 -5.44948e-05
0.99 -5.39949e-05
1 -5.34132e-05
1.01 -5.27471e-05
1.02 -5.19884e-05
1.03 -5.11242e-05
1.04 -5.01393e-05
1.05 -4.90189e-05
1.06 -4.77514e-05
1.07 -4.63303e-05
1.08 -4.47529e-05
1.09 -4.30173e-05
1.1 -4.11213e-05
1.11 -3.90647e-05
1.12 -3.68472e-05
1.13 -3.4467e-05
1.14 -3.19214e-05
1.15 -2.9208e-05
1.16 -2.6327e-05
1.17 -2.3283e-05
1.18 -2.00879e-05
1.19 -1.67587e-05
1.2 -1.33145e-05
1.21 -9.77756e-06
1.22 -6.17491e-06
1.23 -2.53528e-06
1.24 1.11636e-06
1.25 4.76671e-06
1.26 8.41874e-06
1.27 1.20869e-05
1.28 1.57873e-05
1.29 1.95356e-05
1.3 2.33453e-05
1.31 2.72235e-05
1.32 3.11683e-05
1.33 3.51712e-05
1.34 3.92227e-05
1.35 4.33158e-05
1.36 4.74462e-05
1.37 5.16121e-05
1.38 5.58141e-05
1.39 6.00534e-05
1.4 6.433e-05
1.41 6.86395e-05
1.42 7.29696e-05
1.43 7.72955e-05
1.44 8.15765e-05
1.45 8.57536e-05
1.46 8.97516e-05
1.47 9.34853e-05
1.48 9.68668e-05
1.49 9.98067e-05
1.5 0.000102218
1.51 0.000104019
1.52 0.000105139
1.53 0.000105523
1.54 0.00010514
1.55 0.000103992
1.56 0.000102115
1.57 9.95694e-05
1.58 9.64331e-05
1.59 9.27929e-05
1.6 8.87332e-05
1.61 8.43286e-05
1.62 7.96468e-05
1.63 7.47477e-05
1.64 6.96834e-05
1.65 6.44989e-05
1.66 5.92294e-05
1.67 5.38987e-05
1.68 4.85211e-05
1.69 4.31073e-05
1.7 3.7668e-05
1.71 3.2214e-05
1.72 2.67564e-05
1.73 2.13095e-05
1.74 1.58936e-05
1.75 1.0539e-05
1.76 5.28174e-06
1.77 1.55663e-07
1.78 -4.80272e-06
1.79 -9.54928e-06
1.8 -1.40345e-05
1.81 -1.82088e-05
1.82 -2.20221e-05
1.83 -2.54265e-05
1.84 -2.83863e-05
1.85 -3.08833e-05
1.86 -3.29127e-05
1.87 -3.44732e-05
1.88 -3.5561e-05
1.89 -3.61694e-05
1.9 -3.62883e-05
1.91 -3.59044e-05
1.92 -3.50015e-05
1.93 -3.3562e-05
1.94 -3.15811e-05
1.95 -2.90818e-05
1.96 -2.61167e-05
1.97 -2.2762e-05
1.98 -1.91133e-05
1.99 -1.52738e-05
2 -1.13338e-05
2.01 -7.35215e-06
2.02 -3.35423e-06
2.03 6.65012e-07
2.04 4.73818e-06
2.05 8.91547e-06
2.06 1.32543e-05
2.07 1.78091e-05
2.08 2.2616e-05
2.09 2.76805e-05
2.1 3.29761e-05
2.11 3.84474e-05
2.12 4.40072e-05
2.13 4.95328e-05
2.14 5.48767e-05
2.15 5.988e-05
2.16 6.43749e-05
2.17 6.81922e-05
2.18 7.11634e-05
2.19 7.31131e-05
2.2 7.38535e-05
2.21 7.31897e-05
2.22 7.09317e-05
2.23 6.69009e-05
2.24 6.09356e-05
2.25 5.28866e-05
2.26 4.26223e-05
2.27 3.00549e-05
2.28 1.5147e-05
2.29 -2.10101e-06
2.3 -2.16549e-05
2.31 -4.34458e-05
2.32 -6.73641e-05
2.33 -9.32478e-05
2.34 -0.000120877
2.35 -0.00014998
2.36 -0.000180243
2.37 -0.00021132
2.38 -0.000242845
2.39 -0.000274432
2.4 -0.00030569
2.41 -0.000336268
2.42 -0.000365873
2.43 -0.000394255
2.44 -0.000421185
2.45 -0.000446454
2.46 -0.000469874
2.47 -0.000491286
2.48 -0.000510567
2.49 -0.000527614
2.5 -0.000542325
2.51 -0.00055459
2.52 -0.000564285
2.53 -0.000571289
2.54 -0.00057549
2.55 -0.000576776
2.56 -0.000575044
2.57 -0.000570227
2.58 -0.000562315
2.59 -0.000551359
2.6 -0.000537466
2.61 -0.000520783
2.62 -0.000501473
2.63 -0.000479699
2.64 -0.00045561
2.65 -0.000429341
2.66 -0.000401012
2.67 -0.000370731
2.68 -0.000338607
2.69 -0.000304761
2.7 -0.000269332
2.71 -0.000232466
2.72 -0.000194312
2.73 -0.000155024
2.74 -0.000114737
2.75 -7.35673e-05
2.76 -3.16238e-05
2.77 1.09868e-05
2.78 5.41843e-05
2.79 9.79282e-05
2.8 0.000142212
2.81 0.000187058
2.82 0.000232485
2.83 0.00027848
2.84 0.000324989
2.85 0.000371923
2.86 0.000419152
2.87 0.000466512
2.88 0.00051378
2.89 0.000560685
2.9 0.000606938
2.91 0.000652235
2.92 0.000696257
2.93 0.000738684
2.94 0.000779201
2.95 0.000817509
2.96 0.000853332
2.97 0.000886447
2.98 0.000916695
2.99 0.000943973
3 0.000968215
3.01 0.000989386
3.02 0.00100746
3.03 0.00102241
3.04 0.00103418
3.05 0.00104269
3.06 0.00104785
3.07 0.00104952
3.08 0.00104753
3.09 0.00104169
3.1 0.00103186
3.11 0.0010179
3.12 0.000999785
3.13 0.000977531
3.14 0.000951242
3.15 0.000921052
3.16 0.000887125
3.17 0.000849655
3.18 0.000808861
3.19 0.000764969
3.2 0.000718195
3.21 0.000668749
3.22 0.000616877
3.23 0.000562869
3.24 0.000507057
3.25 0.000449811
3.26 0.000391521
3.27 0.000332612
3.28 0.000273565
3.29 0.000214874
3.3 0.000157018
3.31 0.000100475
3.32 4.57263e-05
3.33 -6.79921e-06
3.34 -5.67649e-05
3.35 -0.000103957
3.36 -0.000148295
3.37 -0.000189829
3.38 -0.000228717
3.39 -0.000265227
3.4 -0.000299721
3.41 -0.000332637
3.42 -0.000364458
3.43 -0.000395669
3.44 -0.000426741
3.45 -0.000458126
3.46 -0.000490236
3.47 -0.000523409
3.48 -0.000557858
3.49 -0.000593651
3.5 -0.000630719
3.51 -0.000668875
3.52 -0.000707814
3.53 -0.00074714
3.54 -0.000786395
3.55 -0.000825115
3.56 -0.000862886
3.57 -0.000899354
3.58 -0.000934185
3.59 -0.000967052
3.6 -0.000997673
3.61 -0.00102584
3.62 -0.00105139
3.63 -0.00107424
3.64 -0.00109435
3.65 -0.00111176
3.66 -0.00112655
3.67 -0.00113889
3.68 -0.00114902
3.69 -0.00115722
3.7 -0.0011638
3.71 -0.00116901
3.72 -0.00117314
3.73 -0.00117643
3.74 -0.00117909
3.75 -0.00118127
3.76 -0.00118311
3.77 -0.0011847
3.78 -0.00118611
3.79 -0.00118736
3.8 -0.00118843
3.81 -0.00118926
3.82 -0.0011897
3.83 -0.00118962
3.84 -0.00118882
3.85 -0.00118713
3.86 -0.00118437
3.87 -0.00118047
3.88 -0.00117546
3.89 -0.00116948
3.9 -0.00116279
3.91 -0.00115576
3.92 -0.00114887
3.93 -0.0011427
3.94 -0.00113784
3.95 -0.00113488
3.96 -0.0011344
3.97 -0.00113693
3.98 -0.00114285
3.99 -0.00115242
4 -0.0011657
4.01 -0.00118264
4.02 -0.00120302
4.03 -0.0012265
4.04 -0.00125262
4.05 -0.00128081
4.06 -0.00131036
4.07 -0.00134046
4.08 -0.00137014
4.09 -0.00139831
4.1 -0.00142382
4.11 -0.00144548
4.12 -0.0014622
4.13 -0.00147304
4.14 -0.0014773
4.15 -0.00147452
4.16 -0.00146458
4.17 -0.0014477
4.18 -0.00142436
4.19 -0.00139531
4.2 -0.00136147
4.21 -0.00132393
4.22 -0.00128381
4.23 -0.0012422
4.24 -0.00120008
4.25 -0.00115831
4.26 -0.0011177
4.27 -0.00107897
4.28 -0.0010427
4.29 -0.00100934
4.3 -0.000979168
4.31 -0.00095232
4.32 -0.000928805
4.33 -0.000908524
4.34 -0.000891241
4.35 -0.000876567
4.36 -0.000863967
4.37 -0.000852774
4.38 -0.000842226
4.39 -0.000831506
4.4 -0.000819753
4.41 -0.000806063
4.42 -0.000789507
4.43 -0.000769174
4.44 -0.000744188
4.45 -0.000713756
4.46 -0.000677239
4.47 -0.00063421
4.48 -0.000584447
4.49 -0.000527888
4.5 -0.000464547
4.51 -0.000394488
4.52 -0.000317873
4.53 -0.000234993
4.54 -0.000146264
4.55 -5.2202e-05
4.56 4.65831e-05
4.57 0.000149403
4.58 0.00025549
4.59 0.000364021
4.6 0.000474128
4.61 0.000584942
4.62 0.000695643
4.63 0.000805471
4.64 0.000913722
4.65 0.00101977
4.66 0.00112308
4.67 0.00122328
4.68 0.00132014
4.69 0.00141356
4.7 0.00150355
4.71 0.00159011
4.72 0.00167324
4.73 0.00175291
4.74 0.0018291
4.75 0.00190171
4.76 0.00197054
4.77 0.00203535
4.78 0.00209588
4.79 0.00215189
4.8 0.00220313
4.81 0.00224927
4.82 0.00228999
4.83 0.00232496
4.84 0.00235388
4.85 0.00237639
4.86 0.00239214
4.87 0.00240083
4.88 0.00240222
4.89 0.00239612
4.9 0.00238238
4.91 0.00236091
4.92 0.00233171
4.93 0.00229482
4.94 0.00225035
4.95 0.00219841
4.96 0.00213919
4.97 0.00207289
4.98 0.00199983
4.99 0.00192039
5 0.00183501
5.01 0.00174413
5.02 0.00164816
5.03 0.00154741
5.04 0.00144208
5.05 0.00133225
5.06 0.0012179
5.07 0.00109885
5.08 0.000974844
5.09 0.000845568
5.1 0.000710679
5.11 0.000569798
5.12 0.000422587
5.13 0.000268788
5.14 0.000108243
5.15 -5.9062e-05
5.16 -0.000232935
5.17 -0.000412942
5.18 -0.000598445
5.19 -0.00078865
5.2 -0.000982619
5.21 -0.00117927
5.22 -0.00137744
5.23 -0.00157595
5.24 -0.00177365
5.25 -0.00196943
5.26 -0.00216213
5.27 -0.00235053
5.28 -0.00253338
5.29 -0.00270947
5.3 -0.00287762
5.31 -0.00303671
5.32 -0.00318573
5.33 -0.00332386
5.34 -0.0034505
5.35 -0.00356532
5.36 -0.0036682
5.37 -0.00375936
5.38 -0.00383929
5.39 -0.00390864
5.4 -0.00396814
5.41 -0.00401856
5.42 -0.00406067
5.43 -0.00409515
5.44 -0.00412256
5.45 -0.00414331
5.46 -0.00415768
5.47 -0.00416582
5.48 -0.00416784
5.49 -0.00416383
5.5 -0.00415381
5.51 -0.00413769
5.52 -0.00411537
5.53 -0.00408674
5.54 -0.00405168
5.55 -0.00401006
5.56 -0.00396174
5.57 -0.0039066
5.58 -0.00384466
5.59 -0.00377602
5.6 -0.0037008
5.61 -0.00361914
5.62 -0.00353115
5.63 -0.00343692
5.64 -0.00333653
5.65 -0.00323007
5.66 -0.00311763
5.67 -0.0029993
5.68 -0.00287514
5.69 -0.00274513
5.7 -0.0026092
5.71 -0.00246721
5.72 -0.00231894
5.73 -0.00216414
5.74 -0.00200255
5.75 -0.00183392
5.76 -0.001658
5.77 -0.00147464
5.78 -0.00128381
5.79 -0.00108564
5.8 -0.000880436
5.81 -0.000668752
5.82 -0.000451353
5.83 -0.000229263
5.84 -3.73038e-06
5.85 0.000223833
5.86 0.000451904
5.87 0.000678878
5.88 0.000903113
5.89 0.00112297
5.9 0.00133686
5.91 0.00154329
5.92 0.00174094
5.93 0.00192862
5.94 0.00210533
5.95 0.00227025
5.96 0.00242284
5.97 0.0025629
5.98 0.00269053
5.99 0.00280612
6 0.00291027
6.01 0.00300379
6.02 0.00308757
6.03 0.00316256
6.04 0.00322975
6.05 0.00329016
6.06 0.00334475
6.07 0.00339438
6.08 0.00343973
6.09 0.0034813
6.1 0.00351949
6.11 0.00355456
6.12 0.00358665
6.13 0.00361576
6.14 0.00364187
6.15 0.00366492
6.16 0.00368493
6.17 0.00370203
6.18 0.00371657
6.19 0.00372909
6.2 0.00374025
6.21 0.0037508
6.22 0.00376151
6.23 0.00377326
6.24 0.00378691
6.25 0.00380326
6.26 0.00382311
6.27 0.00384722
6.28 0.00387633
6.29 0.00391122
6.3 0.00395264
6.31 0.00400141
6.32 0.00405838
6.33 0.00412443
6.34 0.00420045
6.35 0.00428733
6.36 0.0043859
6.37 0.00449676
6.38 0.00462016
6.39 0.00475605
6.4 0.00490408
6.41 0.00506373
6.42 0.00523436
6.43 0.00541535
6.44 0.00560615
6.45 0.00580637
6.46 0.00601588
6.47 0.00623471
6.48 0.00646296
6.49 0.00670061
6.5 0.00694747
6.51 0.00720294
6.52 0.00746599
6.53 0.00773519
6.54 0.00800866
6.55 0.00828409
6.56 0.0085587
6.57 0.00882946
6.58 0.00909313
6.59 0.00934647
6.6 0.00958644
6.61 0.00981033
6.62 0.0100158
6.63 0.0102009
6.64 0.0103641
6.65 0.0105041
6.66 0.0106198
6.67 0.0107101
6.68 0.0107739
6.69 0.0108102
6.7 0.010818
6.71 0.0107964
6.72 0.0107446
6.73 0.0106619
6.74 0.0105477
6.75 0.0104017
6.76 0.0102236
6.77 0.0100137
6.78 0.00977209
6.79 0.00949945
6.8 0.0091965
6.81 0.00886416
6.82 0.00850335
6.83 0.00811504
6.84 0.00770013
6.85 0.00725946
6.86 0.00679381
6.87 0.00630383
6.88 0.00579016
6.89 0.00525341
6.9 0.00469436
6.91 0.00411398
6.92 0.00351353
6.93 0.00289462
6.94 0.00225919
6.95 0.00160953
6.96 0.000948141
6.97 0.000277622
6.98 -0.000399539
6.99 -0.0010811
7 -0.00176511
7.01 -0.00245001
7.02 -0.00313454
7.03 -0.00381764
7.04 -0.00449829
7.05 -0.00517533
7.06 -0.00584737
7.07 -0.00651262
7.08 -0.00716898
7.09 -0.00781401
7.1 -0.008445
7.11 -0.00905914
7.12 -0.00965358
7.13 -0.0102257
7.14 -0.0107734
7.15 -0.0112948
7.16 -0.0117889
7.17 -0.0122549
7.18 -0.0126923
7.19 -0.013101
7.2 -0.0134809
7.21 -0.0138319
7.22 -0.0141539
7.23 -0.0144465
7.24 -0.014709
7.25 -0.0149407
7.26 -0.0151404
7.27 -0.015307
7.28 -0.0154396
7.29 -0.0155373
7.3 -0.0155998
7.31 -0.0156269
7.32 -0.015619
7.33 -0.0155768
7.34 -0.0155013
7.35 -0.0153933
7.36 -0.0152538
7.37 -0.0150837
7.38 -0.0148833
7.39 -0.0146529
7.4 -0.0143924
7.41 -0.0141017
7.42 -0.0137803
7.43 -0.0134282
7.44 -0.0130455
7.45 -0.0126325
7.46 -0.0121903
7.47 -0.01172
7.48 -0.0112235
7.49 -0.0107029
7.5 -0.0101608
7.51 -0.00959998
7.52 -0.00902375
7.53 -0.00843535
7.54 -0.00783804
7.55 -0.007235
7.56 -0.00662935
7.57 -0.00602417
7.58 -0.00542255
7.59 -0.00482756
7.6 -0.00424225
7.61 -0.00366958
7.62 -0.00311227
7.63 -0.00257259
7.64 -0.00205231
7.65 -0.0015527
7.66 -0.00107449
7.67 -0.000617776
7.68 -0.000182012
7.69 0.000233978
7.7 0.000631929
7.71 0.00101399
7.72 0.00138237
7.73 0.00173906
7.74 0.00208567
7.75 0.00242332
7.76 0.00275268
7.77 0.00307402
7.78 0.00338735
7.79 0.0036924
7.8 0.00398861
7.81 0.00427519
7.82 0.00455115
7.83 0.00481533
7.84 0.00506637
7.85 0.00530283
7.86 0.00552316
7.87 0.00572584
7.88 0.00590936
7.89 0.0060724
7.9 0.00621383
7.91 0.00633278
7.92 0.00642868
7.93 0.00650127
7.94 0.00655065
7.95 0.00657719
7.96 0.00658154
7.97 0.00656457
7.98 0.00652739
7.99 0.00647128
8 0.00639757
8.01 0.00630755
8.02 0.00620243
8.03 0.00608332
8.04 0.00595112
8.05 0.0058065
8.06 0.00564986
8.07 0.00548136
8.08 0.00530103
8.09 0.00510883
8.1 0.00490483
8.11 0.0046893
8.12 0.0044629
8.13 0.00422666
8.14 0.00398198
8.15 0.00373058
8.16 0.00347445
8.17 0.00321581
8.18 0.00295697
8.19 0.00270027
8.2 0.00244799
8.21 0.00220229
8.22 0.00196512
8.23 0.0017382
8.24 0.00152312
8.25 0.00132123
8.26 0.00113364
8.27 0.000961196
8.28 0.000804457
8.29 0.000663678
8.3 0.000538731
8.31 0.000429018
8.32 0.000333372
8.33 0.000250035
8.34 0.000176734
8.35 0.000110798
8.36 4.9323e-05
8.37 -1.05833e-05
8.38 -7.15872e-05
8.39 -0.000135941
8.4 -0.000205315
8.41 -0.000280772
8.42 -0.000362845
8.43 -0.00045161
8.44 -0.000546719
8.45 -0.0006474
8.46 -0.000752461
8.47 -0.000860326
8.48 -0.000969097
8.49 -0.00107667
8.5 -0.00118087
8.51 -0.00127949
8.52 -0.00137046
8.53 -0.00145205
8.54 -0.00152292
8.55 -0.00158225
8.56 -0.00162964
8.57 -0.00166498
8.58 -0.00168841
8.59 -0.00170021
8.6 -0.00170078
8.61 -0.00169048
8.62 -0.00166961
8.63 -0.00163823
8.64 -0.00159617
8.65 -0.00154297
8.66 -0.00147787
8.67 -0.00139992
8.68 -0.00130802
8.69 -0.00120103
8.7 -0.00107787
8.71 -0.00093752
8.72 -0.000779076
8.73 -0.000601888
8.74 -0.000405578
8.75 -0.000190024
8.76 4.45625e-05
8.77 0.000297561
8.78 0.00056795
8.79 0.000854366
8.8 0.00115512
8.81 0.00146818
8.82 0.0017913
8.83 0.00212207
8.84 0.00245818
8.85 0.00279743
8.86 0.0031378
8.87 0.00347742
8.88 0.00381459
8.89 0.0041478
8.9 0.00447588
8.91 0.00479789
8.92 0.00511318
8.93 0.00542121
8.94 0.00572157
8.95 0.0060138
8.96 0.00629738
8.97 0.00657175
8.98 0.00683629
8.99 0.00709027
9 0.00733276
9.01 0.0075626
9.02 0.00777837
9.03 0.00797841
9.04 0.00816087
9.05 0.00832385
9.06 0.00846555
9.07 0.00858437
9.08 0.00867891
9.09 0.00874804
9.1 0.00879077
9.11 0.00880625
9.12 0.00879369
9.13 0.00875242
9.14 0.00868183
9.15 0.00858143
9.16 0.00845095
9.17 0.00829041
9.18 0.00810028
9.19 0.00788151
9.2 0.0076356
9.21 0.00736459
9.22 0.00707113
9.23 0.00675841
9.24 0.00642994
9.25 0.00608937
9.26 0.00574019
9.27 0.00538555
9.28 0.00502818
9.29 0.00467029
9.3 0.00431357
9.31 0.00395944
9.32 0.00360921
9.33 0.00326404
9.34 0.002925
9.35 0.0025931
9.36 0.00226926
9.37 0.00195435
9.38 0.00164916
9.39 0.00135444
9.4 0.00107076
9.41 0.000798482
9.42 0.000537652
9.43 0.000287953
9.44 4.86115e-05
9.45 -0.00018162
9.46 -0.00040435
9.47 -0.000621389
9.48 -0.000834606
9.49 -0.00104574
9.5 -0.00125624
9.51 -0.0014672
9.52 -0.00167929
9.53 -0.00189281
9.54 -0.00210777
9.55 -0.0023241
9.56 -0.00254168
9.57 -0.00276053
9.58 -0.00298084
9.59 -0.00320307
9.6 -0.00342788
9.61 -0.00365604
9.62 -0.00388829
9.63 -0.00412521
9.64 -0.00436711
9.65 -0.00461395
9.66 -0.0048653
9.67 -0.0051204
9.68 -0.00537814
9.69 -0.00563715
9.7 -0.00589583
9.71 -0.00615259
9.72 -0.00640587
9.73 -0.00665426
9.74 -0.00689653
9.75 -0.00713174
9.76 -0.00735928
9.77 -0.00757879
9.78 -0.00779014
9.79 -0.00799344
9.8 -0.00818903
9.81 -0.00837747
9.82 -0.00855951
9.83 -0.00873605
9.84 -0.00890814
9.85 -0.00907695
9.86 -0.00924365
9.87 -0.00940933
9.88 -0.00957493
9.89 -0.00974122
9.9 -0.00990882
9.91 -0.010078
9.92 -0.0102489
9.93 -0.010421
9.94 -0.0105939
9.95 -0.0107667
9.96 -0.0109382
9.97 -0.0111073
9.98 -0.0112731
9.99 -0.0114348
10 -0.0115918
10.01 -0.0117437
10.02 -0.0118906
10.03 -0.0120324
10.04 -0.0121696
10.05 -0.0123024
10.06 -0.0124311
10.07 -0.0125556
10.08 -0.0126757
10.09 -0.0127911
10.1 -0.0129012
10.11 -0.0130053
10.12 -0.0131028
10.13 -0.0131931
10.14 -0.013276
10.15 -0.0133511
10.16 -0.0134185
10.17 -0.0134781
10.18 -0.01353
10.19 -0.013574
10.2 -0.01361
10.21 -0.0136375
10.22 -0.0136561
10.23 -0.0136652
10.24 -0.0136642
10.25 -0.0136527
10.26 -0.0136301
10.27 -0.0135961
10.28 -0.0135505
10.29 -0.0134931
10.3 -0.0134237
10.31 -0.0133424
10.32 -0.013249
10.33 -0.0131432
10.34 -0.013025
10.35 -0.0128942
10.36 -0.0127506
10.37 -0.0125941
10.38 -0.0124247
10.39 -0.0122423
10.4 -0.0120469
10.41 -0.0118383
10.42 -0.0116163
10.43 -0.0113805
10.44 -0.0111304
10.45 -0.010865
10.46 -0.0105836
10.47 -0.0102851
10.48 -0.00996876
10.49 -0.00963395
10.5 -0.00928033
10.51 -0.00890799
10.52 -0.00851736
10.53 -0.00810919
10.54 -0.00768452
10.55 -0.00724457
10.56 -0.00679062
10.57 -0.00632407
10.58 -0.00584636
10.59 -0.00535898
10.6 -0.00486342
10.61 -0.00436121
10.62 -0.00385393
10.63 -0.00334327
10.64 -0.00283099
10.65 -0.00231897
10.66 -0.00180921
10.67 -0.00130371
10.68 -0.000804511
10.69 -0.000313523
10.7 0.000167527
10.71 0.000637149
10.72 0.00109404
10.73 0.00153706
10.74 0.00196522
10.75 0.00237768
10.76 0.00277366
10.77 0.00315252
10.78 0.00351379
10.79 0.00385711
10.8 0.00418226
10.81 0.00448908
10.82 0.00477751
10.83 0.00504763
10.84 0.00529958
10.85 0.00553352
10.86 0.00574963
10.87 0.00594799
10.88 0.00612862
10.89 0.00629153
10.9 0.00643669
10.91 0.0065641
10.92 0.00667384
10.93 0.00676617
10.94 0.00684162
10.95 0.006901
10.96 0.00694537
10.97 0.00697603
10.98 0.00699442
10.99 0.00700205
11 0.00700037
11.01 0.00699075
11.02 0.00697444
11.03 0.00695253
11.04 0.00692589
11.05 0.00689524
11.06 0.00686118
11.07 0.00682424
11.08 0.00678484
11.09 0.00674333
11.1 0.0067
11.11 0.00665519
11.12 0.00660929
11.13 0.0065628
11.14 0.00651623
11.15 0.00647008
11.16 0.0064249
11.17 0.00638138
11.18 0.00634038
11.19 0.00630299
11.2 0.00627049
11.21 0.00624432
11.22 0.00622607
11.23 0.00621741
11.24 0.00621985
11.25 0.00623454
11.26 0.00626216
11.27 0.00630288
11.28 0.00635645
11.29 0.0064223
11.3 0.00649972
11.31 0.00658785
11.32 0.00668586
11.33 0.00679293
11.34 0.00690844
11.35 0.00703204
11.36 0.00716377
11.37 0.00730393
11.38 0.00745294
11.39 0.00761123
11.4 0.00777916
11.41 0.00795697
11.42 0.00814467
11.43 0.00834196
11.44 0.00854826
11.45 0.00876278
11.46 0.0089846
11.47 0.0092128
11.48 0.00944659
11.49 0.00968544
11.5 0.00992917
11.51 0.0101779
11.52 0.0104323
11.53 0.0106928
11.54 0.0109604
11.55 0.0112358
11.56 0.0115196
11.57 0.0118122
11.58 0.0121137
11.59 0.0124239
11.6 0.0127423
11.61 0.0130687
11.62 0.0134025
11.63 0.0137436
11.64 0.0140914
11.65 0.0144456
11.66 0.0148058
11.67 0.0151715
11.68 0.0155423
11.69 0.0159175
11.7 0.0162964
11.71 0.0166779
11.72 0.0170609
11.73 0.0174436
11.74 0.0178244
11.75 0.0182009
11.76 0.0185706
11.77 0.0189305
11.78 0.0192771
11.79 0.0196064
11.8 0.0199145
11.81 0.0201974
11.82 0.0204514
11.83 0.0206732
11.84 0.0208601
11.85 0.0210095
11.86 0.0211195
11.87 0.0211882
11.88 0.0212139
11.89 0.0211952
11.9 0.0211307
11.91 0.0210193
11.92 0.0208603
11.93 0.020653
11.94 0.0203968
11.95 0.0200916
11.96 0.0197371
11.97 0.0193335
11.98 0.0188811
11.99 0.0183805
12 0.0178327
12.01 0.0172389
12.02 0.0166007
12.03 0.01592
12.04 0.0151991
12.05 0.0144407
12.06 0.0136476
12.07 0.0128229
12.08 0.0119696
12.09 0.0110905
12.1 0.0101882
12.11 0.00926513
12.12 0.00832344
12.13 0.00736499
12.14 0.00639133
12.15 0.00540366
12.16 0.00440297
12.17 0.00339008
12.18 0.00236582
12.19 0.00133099
12.2 0.000286393
12.21 -0.000767116
12.22 -0.00182853
12.23 -0.00289669
12.24 -0.00397041
12.25 -0.00504845
12.26 -0.00612934
12.27 -0.00721148
12.28 -0.00829311
12.29 -0.00937233
12.3 -0.0104471
12.31 -0.0115153
12.32 -0.0125745
12.33 -0.0136221
12.34 -0.0146553
12.35 -0.015671
12.36 -0.0166662
12.37 -0.0176376
12.38 -0.0185817
12.39 -0.0194949
12.4 -0.0203735
12.41 -0.021214
12.42 -0.0220129
12.43 -0.0227668
12.44 -0.0234728
12.45 -0.024128
12.46 -0.0247297
12.47 -0.0252753
12.48 -0.0257621
12.49 -0.0261871
12.5 -0.0265472
12.51 -0.0268387
12.52 -0.0270578
12.53 -0.0272005
12.54 -0.0272631
12.55 -0.0272418
12.56 -0.0271335
12.57 -0.0269355
12.58 -0.0266457
12.59 -0.0262623
12.6 -0.0257837
12.61 -0.0252087
12.62 -0.0245365
12.63 -0.0237668
12.64 -0.0228999
12.65 -0.0219363
12.66 -0.0208773
12.67 -0.0197246
12.68 -0.0184806
12.69 -0.0171484
12.7 -0.0157316
12.71 -0.0142345
12.72 -0.0126617
12.73 -0.0110182
12.74 -0.00930922
12.75 -0.0075401
12.76 -0.0057163
12.77 -0.00384328
12.78 -0.00192653
12.79 2.84594e-05
12.8 0.0020162
12.81 0.0040311
12.82 0.00606746
12.83 0.00811942
12.84 0.010181
12.85 0.0122464
12.86 0.0143097
12.87 0.0163652
12.88 0.0184074
12.89 0.0204314
12.9 0.0224323
12.91 0.0244055
12.92 0.0263468
12.93 0.0282518
12.94 0.0301162
12.95 0.0319358
12.96 0.0337062
12.97 0.0354232
12.98 0.0370826
12.99 0.0386804
13 0.0402126
13.01 0.0416755
13.02 0.0430657
13.03 0.0443803
13.04 0.0456167
13.05 0.0467724
13.06 0.0478452
13.07 0.048833
13.08 0.0497337
13.09 0.050545
13.1 0.0512647
13.11 0.0518905
13.12 0.0524202
13.13 0.0528516
13.14 0.0531829
13.15 0.0534128
13.16 0.0535401
13.17 0.0535644
13.18 0.0534857
13.19 0.0533044
13.2 0.0530211
13.21 0.052637
13.22 0.0521533
13.23 0.0515715
13.24 0.0508932
13.25 0.0501201
13.26 0.0492543
13.27 0.0482977
13.28 0.0472525
13.29 0.0461209
13.3 0.0449051
13.31 0.0436075
13.32 0.0422304
13.33 0.040776
13.34 0.0392466
13.35 0.0376446
13.36 0.0359726
13.37 0.0342334
13.38 0.0324302
13.39 0.0305664
13.4 0.0286456
13.41 0.026672
13.42 0.0246498
13.43 0.0225838
13.44 0.0204789
13.45 0.0183405
13.46 0.0161742
13.47 0.0139858
13.48 0.0117814
13.49 0.00956724
13.5 0.00734958
13.51 0.00513481
13.52 0.00292933
13.53 0.000739561
13.54 -0.00142802
13.55 -0.00356691
13.56 -0.00567063
13.57 -0.0077328
13.58 -0.00974728
13.59 -0.0117083
13.6 -0.0136103
13.61 -0.0154482
13.62 -0.0172172
13.63 -0.0189125
13.64 -0.0205298
13.65 -0.0220648
13.66 -0.0235135
13.67 -0.0248722
13.68 -0.0261373
13.69 -0.0273056
13.7 -0.0283745
13.71 -0.0293417
13.72 -0.0302052
13.73 -0.0309636
13.74 -0.0316159
13.75 -0.0321617
13.76 -0.0326011
13.77 -0.0329347
13.78 -0.033164
13.79 -0.033291
13.8 -0.0333184
13.81 -0.0332494
13.82 -0.0330882
13.83 -0.0328392
13.84 -0.0325067
13.85 -0.0320946
13.86 -0.031606
13.87 -0.031044
13.88 -0.0304114
13.89 -0.0297112
13.9 -0.0289467
13.91 -0.0281211
13.92 -0.0272378
13.93 -0.0263004
13.94 -0.0253127
13.95 -0.0242784
13.96 -0.0232014
13.97 -0.0220856
13.98 -0.0209351
13.99 -0.0197538
14 -0.0185459
14.01 -0.0173158
14.02 -0.0160676
14.03 -0.0148057
14.04 -0.0135345
14.05 -0.012258
14.06 -0.0109806
14.07 -0.00970656
14.08 -0.00844031
14.09 -0.00718645
14.1 -0.00594977
14.11 -0.00473531
14.12 -0.0035483
14.13 -0.0023942
14.14 -0.00127873
14.15 -0.000207822
14.16 0.000812442
14.17 0.00177595
14.18 0.00267675
14.19 0.00350912
14.2 0.00426758
14.21 0.00494686
14.22 0.00554189
14.23 0.00604777
14.24 0.00645977
14.25 0.00677326
14.26 0.00698374
14.27 0.00708697
14.28 0.00707903
14.29 0.00695643
14.3 0.00671619
14.31 0.00635595
14.32 0.00587402
14.33 0.00526942
14.34 0.00454175
14.35 0.00369106
14.36 0.00271762
14.37 0.00162181
14.38 0.00040402
14.39 -0.000935231
14.4 -0.00239525
14.41 -0.00397513
14.42 -0.00567366
14.43 -0.00748925
14.44 -0.00941982
14.45 -0.0114626
14.46 -0.0136139
14.47 -0.0158695
14.48 -0.0182247
14.49 -0.020674
14.5 -0.0232119
14.51 -0.0258326
14.52 -0.0285303
14.53 -0.0312991
14.54 -0.034133
14.55 -0.0370261
14.56 -0.0399725
14.57 -0.0429661
14.58 -0.0460009
14.59 -0.0490706
14.6 -0.0521689
14.61 -0.0552891
14.62 -0.058424
14.63 -0.061569
14.64 -0.0647232
14.65 -0.0678857
14.66 -0.0710536
14.67 -0.0742232
14.68 -0.0773904
14.69 -0.0805516
14.7 -0.0837031
14.71 -0.0868416
14.72 -0.0899637
14.73 -0.0930654
14.74 -0.0961416
14.75 -0.0991862
14.76 -0.102193
14.77 -0.105154
14.78 -0.108065
14.79 -0.110918
14.8 -0.113706
14.81 -0.116424
14.82 -0.119065
14.83 -0.121623
14.84 -0.12409
14.85 -0.126462
14.86 -0.128732
14.87 -0.130895
14.88 -0.132943
14.89 -0.134871
14.9 -0.136673
14.91 -0.138342
14.92 -0.139872
14.93 -0.141257
14.94 -0.142489
14.95 -0.143563
14.96 -0.144472
14.97 -0.14521
14.98 -0.145772
14.99 -0.146152
15 -0.146349
15.01 -0.146359
15.02 -0.146183
15.03 -0.145823
15.04 -0.145281
15.05 -0.144562
15.06 -0.143671
15.07 -0.142614
15.08 -0.141398
15.09 -0.140033
15.1 -0.138525
15.11 -0.136884
15.12 -0.135118
15.13 -0.133235
15.14 -0.131247
15.15 -0.129161
15.16 -0.126989
15.17 -0.124738
15.18 -0.122418
15.19 -0.120038
15.2 -0.117605
15.21 -0.115128
15.22 -0.112615
15.23 -0.110076
15.24 -0.107519
15.25 -0.104952
15.26 -0.102387
15.27 -0.0998331
15.28 -0.0973005
15.29 -0.0947999
15.3 -0.0923412
15.31 -0.0899337
15.32 -0.0875859
15.33 -0.0853057
15.34 -0.0831002
15.35 -0.0809765
15.36 -0.0789414
15.37 -0.077002
15.38 -0.0751648
15.39 -0.0734363
15.4 -0.0718223
15.41 -0.0703283
15.42 -0.0689586
15.43 -0.0677173
15.44 -0.0666073
15.45 -0.0656308
15.46 -0.0647894
15.47 -0.0640835
15.48 -0.0635128
15.49 -0.0630755
15.5 -0.0627689
15.51 -0.0625888
15.52 -0.0625302
15.53 -0.0625873
15.54 -0.062754
15.55 -0.0630241
15.56 -0.0633909
15.57 -0.0638479
15.58 -0.0643879
15.59 -0.0650041
15.6 -0.0656892
15.61 -0.0664357
15.62 -0.0672361
15.63 -0.0680829
15.64 -0.0689682
15.65 -0.0698843
15.66 -0.0708231
15.67 -0.0717767
15.68 -0.0727372
15.69 -0.0736968
15.7 -0.0746478
15.71 -0.0755826
15.72 -0.0764934
15.73 -0.0773728
15.74 -0.0782132
15.75 -0.079007
15.76 -0.0797469
15.77 -0.0804256
15.78 -0.081036
15.79 -0.0815714
15.8 -0.0820254
15.81 -0.0823918
15.82 -0.0826651
15.83 -0.0828406
15.84 -0.0829137
15.85 -0.0828809
15.86 -0.082739
15.87 -0.0824855
15.88 -0.0821181
15.89 -0.0816351
15.9 -0.0810353
15.91 -0.0803181
15.92 -0.0794833
15.93 -0.0785307
15.94 -0.0774606
15.95 -0.0762737
15.96 -0.0749711
15.97 -0.0735547
15.98 -0.0720269
15.99 -0.0703911
16 -0.068651
16.01 -0.0668114
16.02 -0.0648781
16.03 -0.0628578
16.04 -0.0607584
16.05 -0.0585889
16.06 -0.056359
16.07 -0.0540791
16.08 -0.0517595
16.09 -0.0494106
16.1 -0.0470425
16.11 -0.0446655
16.12 -0.04229
16.13 -0.039926
16.14 -0.0375839
16.15 -0.0352739
16.16 -0.0330064
16.17 -0.0307898
16.18 -0.02863
16.19 -0.0265316
16.2 -0.0244998
16.21 -0.0225395
16.22 -0.020655
16.23 -0.0188506
16.24 -0.0171297
16.25 -0.0154948
16.26 -0.0139477
16.27 -0.0124895
16.28 -0.0111207
16.29 -0.0098415
16.3 -0.00865207
16.31 -0.00755223
16.32 -0.00654174
16.33 -0.00562018
16.34 -0.00478699
16.35 -0.00404152
16.36 -0.00338308
16.37 -0.00281093
16.38 -0.00232432
16.39 -0.00192238
16.4 -0.00160414
16.41 -0.00136852
16.42 -0.00121454
16.43 -0.00114127
16.44 -0.0011479
16.45 -0.00123358
16.46 -0.00139736
16.47 -0.00163811
16.48 -0.00195456
16.49 -0.00234528
16.5 -0.00280872
16.51 -0.00334321
16.52 -0.00394694
16.53 -0.0046179
16.54 -0.00535388
16.55 -0.00615257
16.56 -0.0070116
16.57 -0.00792858
16.58 -0.00890115
16.59 -0.00992695
16.6 -0.0110037
16.61 -0.0121292
16.62 -0.0133015
16.63 -0.0145189
16.64 -0.0157798
16.65 -0.017083
16.66 -0.0184275
16.67 -0.0198127
16.68 -0.0212382
16.69 -0.0227039
16.7 -0.0242099
16.71 -0.0257562
16.72 -0.0273425
16.73 -0.0289679
16.74 -0.0306308
16.75 -0.0323292
16.76 -0.0340604
16.77 -0.0358217
16.78 -0.0376101
16.79 -0.0394221
16.8 -0.0412541
16.81 -0.0431022
16.82 -0.0449623
16.83 -0.0468304
16.84 -0.0487022
16.85 -0.0505735
16.86 -0.05244
16.87 -0.0542978
16.88 -0.0561427
16.89 -0.0579713
16.9 -0.0597801
16.91 -0.0615658
16.92 -0.0633254
16.93 -0.0650559
16.94 -0.0667544
16.95 -0.0684179
16.96 -0.0700433
16.97 -0.0716278
16.98 -0.0731684
16.99 -0.0746623
17 -0.0761065
17.01 -0.0774982
17.02 -0.0788349
17.03 -0.0801138
17.04 -0.0813327
17.05 -0.0824897
17.06 -0.0835826
17.07 -0.0846098
17.08 -0.0855694
17.09 -0.0864598
17.1 -0.0872798
17.11 -0.0880281
17.12 -0.0887037
17.13 -0.0893059
17.14 -0.089834
17.15 -0.0902873
17.16 -0.0906657
17.17 -0.0909689
17.18 -0.0911969
17.19 -0.0913501
17.2 -0.0914287
17.21 -0.0914332
17.22 -0.0913641
17.23 -0.0912223
17.24 -0.0910087
17.25 -0.0907246
17.26 -0.0903713
17.27 -0.0899506
17.28 -0.0894645
17.29 -0.0889151
17.3 -0.0883048
17.31 -0.0876362
17.32 -0.0869118
17.33 -0.0861345
17.34 -0.0853073
17.35 -0.0844333
17.36 -0.0835161
17.37 -0.0825597
17.38 -0.0815687
17.39 -0.0805478
17.4 -0.0795024
17.41 -0.0784386
17.42 -0.0773627
17.43 -0.0762813
17.44 -0.0752008
17.45 -0.0741272
17.46 -0.0730661
17.47 -0.0720224
17.48 -0.0710005
17.49 -0.0700043
17.5 -0.0690374
17.51 -0.0681036
17.52 -0.0672064
17.53 -0.0663493
17.54 -0.0655359
17.55 -0.0647693
17.56 -0.0640526
17.57 -0.0633885
17.58 -0.0627791
17.59 -0.0622264
17.6 -0.0617317
17.61 -0.0612958
17.62 -0.0609187
17.63 -0.0606001
17.64 -0.060339
17.65 -0.0601341
17.66 -0.0599833
17.67 -0.0598845
17.68 -0.0598352
17.69 -0.0598324
17.7 -0.0598732
17.71 -0.0599549
17.72 -0.0600748
17.73 -0.0602306
17.74 -0.0604202
17.75 -0.0606417
17.76 -0.0608925
17.77 -0.06117
17.78 -0.0614711
17.79 -0.0617921
17.8 -0.0621288
17.81 -0.0624768
17.82 -0.0628319
17.83 -0.0631895
17.84 -0.0635453
17.85 -0.063895
17.86 -0.0642344
17.87 -0.0645594
17.88 -0.0648662
17.89 -0.0651515
17.9 -0.0654124
17.91 -0.0656467
17.92 -0.0658527
17.93 -0.0660292
17.94 -0.066175
17.95 -0.0662896
17.96 -0.0663722
17.97 -0.0664228
17.98 -0.0664411
17.99 -0.0664274
18 -0.0663819
18.01 -0.0663049
18.02 -0.066197
18.03 -0.0660587
18.04 -0.0658905
18.05 -0.0656929
18.06 -0.0654665
18.07 -0.0652119
18.08 -0.0649296
18.09 -0.0646205
18.1 -0.0642854
18.11 -0.0639254
18.12 -0.0635413
18.13 -0.0631343
18.14 -0.0627053
18.15 -0.0622552
18.16 -0.0617848
18.17 -0.0612948
18.18 -0.0607855
18.19 -0.0602574
18.2 -0.0597108
18.21 -0.0591457
18.22 -0.0585625
18.23 -0.0579612
18.24 -0.0573424
18.25 -0.0567065
18.26 -0.0560542
18.27 -0.0553863
18.28 -0.0547035
18.29 -0.0540065
18.3 -0.0532961
18.31 -0.052573
18.32 -0.0518377
18.33 -0.051091
18.34 -0.0503335
18.35 -0.0495661
18.36 -0.0487897
18.37 -0.0480054
18.38 -0.0472146
18.39 -0.0464185
18.4 -0.0456183
18.41 -0.0448152
18.42 -0.0440101
18.43 -0.0432038
18.44 -0.0423967
18.45 -0.0415892
18.46 -0.0407813
18.47 -0.0399727
18.48 -0.0391631
18.49 -0.0383522
18.5 -0.0375396
18.51 -0.0367251
18.52 -0.0359087
18.53 -0.0350906
18.54 -0.0342714
18.55 -0.0334516
18.56 -0.0326321
18.57 -0.0318142
18.58 -0.0309989
18.59 -0.0301875
18.6 -0.0293812
18.61 -0.028581
18.62 -0.027788
18.63 -0.0270032
18.64 -0.0262277
18.65 -0.0254624
18.66 -0.0247084
18.67 -0.0239672
18.68 -0.0232404
18.69 -0.0225306
18.7 -0.0218411
18.71 -0.0211757
18.72 -0.0205394
18.73 -0.0199375
18.74 -0.019376
18.75 -0.0188604
18.76 -0.0183962
18.77 -0.0179886
18.78 -0.0176426
18.79 -0.0173633
18.8 -0.0171552
18.81 -0.0170231
18.82 -0.0169715
18.83 -0.0170048
18.84 -0.0171273
18.85 -0.017343
18.86 -0.0176559
18.87 -0.0180698
18.88 -0.0185881
18.89 -0.0192139
18.9 -0.0199495
18.91 -0.0207969
18.92 -0.021757
18.93 -0.0228298
18.94 -0.0240146
18.95 -0.02531
18.96 -0.0267142
18.97 -0.0282251
18.98 -0.0298407
18.99 -0.0315589
19 -0.0333775
19.01 -0.0352946
19.02 -0.0373085
19.03 -0.0394174
19.04 -0.0416195
19.05 -0.0439124
19.06 -0.0462936
19.07 -0.0487597
19.08 -0.0513072
19.09 -0.0539317
19.1 -0.0566286
19.11 -0.0593929
19.12 -0.0622198
19.13 -0.0651047
19.14 -0.0680428
19.15 -0.0710295
19.16 -0.0740598
19.17 -0.0771283
19.18 -0.080229
19.19 -0.0833548
19.2 -0.0864979
19.21 -0.0896498
19.22 -0.0928013
19.23 -0.0959427
19.24 -0.0990643
19.25 -0.102156
19.26 -0.10521
19.27 -0.108217
19.28 -0.11117
19.29 -0.114063
19.3 -0.116889
19.31 -0.119648
19.32 -0.122338
19.33 -0.124958
19.34 -0.127507
19.35 -0.129983
19.36 -0.132383
19.37 -0.134705
19.38 -0.136946
19.39 -0.139103
19.4 -0.141174
19.41 -0.143155
19.42 -0.145045
19.43 -0.14684
19.44 -0.148539
19.45 -0.150137
19.46 -0.151633
19.47 -0.153025
19.48 -0.154309
19.49 -0.155483
19.5 -0.156545
19.51 -0.157493
19.52 -0.158324
19.53 -0.159038
19.54 -0.159633
19.55 -0.160107
19.56 -0.160461
19.57 -0.160693
19.58 -0.160805
19.59 -0.160796
19.6 -0.160667
19.61 -0.160419
19.62 -0.160053
19.63 -0.159571
19.64 -0.158974
19.65 -0.158264
19.66 -0.157444
19.67 -0.156518
19.68 -0.155487
19.69 -0.154355
19.7 -0.153127
19.71 -0.151806
19.72 -0.150396
19.73 -0.148902
19.74 -0.14733
19.75 -0.145683
19.76 -0.143967
19.77 -0.142186
19.78 -0.140344
19.79 -0.138446
19.8 -0.136497
19.81 -0.134501
19.82 -0.132464
19.83 -0.13039
19.84 -0.128284
19.85 -0.126153
19.86 -0.124002
19.87 -0.121836
19.88 -0.119662
19.89 -0.117486
19.9 -0.115313
19.91 -0.113149
19.92 -0.111001
19.93 -0.108872
19.94 -0.106768
19.95 -0.104694
19.96 -0.102655
19.97 -0.100657
19.98 -0.0987032
19.99 -0.0968003
20 -0.0949531
20.01 -0.0931668
20.02 -0.0914467
20.03 -0.0897976
20.04 -0.0882235
20.05 -0.0867282
20.06 -0.0853144
20.07 -0.0839844
20.08 -0.0827395
20.09 -0.0815808
20.1 -0.0805082
20.11 -0.0795214
20.12 -0.0786197
20.13 -0.0778022
20.14 -0.077068
20.15 -0.0764158
20.16 -0.0758445
20.17 -0.0753526
20.18 -0.0749388
20.19 -0.0746018
20.2 -0.0743404
20.21 -0.0741537
20.22 -0.0740405
20.23 -0.0739999
20.24 -0.0740305
20.25 -0.0741307
20.26 -0.0742991
20.27 -0.074534
20.28 -0.0748341
20.29 -0.0751979
20.3 -0.075624
20.31 -0.0761111
20.32 -0.076658
20.33 -0.0772635
20.34 -0.0779261
20.35 -0.0786446
20.36 -0.0794172
20.37 -0.080242
20.38 -0.0811165
20.39 -0.0820378
20.4 -0.0830026
20.41 -0.0840071
20.42 -0.0850468
20.43 -0.0861173
20.44 -0.0872139
20.45 -0.0883317
20.46 -0.0894659
20.47 -0.0906119
20.48 -0.0917648
20.49 -0.0929198
20.5 -0.0940719
20.51 -0.0952163
20.52 -0.0963481
20.53 -0.0974623
20.54 -0.0985542
20.55 -0.0996189
20.56 -0.100652
20.57 -0.101649
20.58 -0.102606
20.59 -0.103519
20.6 -0.104386
20.61 -0.105204
20.62 -0.105972
20.63 -0.106689
20.64 -0.107353
20.65 -0.107963
20.66 -0.108518
20.67 -0.109018
20.68 -0.109463
20.69 -0.10985
20.7 -0.110181
20.71 -0.110453
20.72 -0.110667
20.73 -0.110823
20.74 -0.110919
20.75 -0.110956
20.76 -0.110933
20.77 -0.110852
20.78 -0.110711
20.79 -0.110511
20.8 -0.110252
20.81 -0.109933
20.82 -0.109554
20.83 -0.109113
20.84 -0.10861
20.85 -0.108043
20.86 -0.107413
20.87 -0.10672
20.88 -0.105962
20.89 -0.105142
20.9 -0.104261
20.91 -0.103321
20.92 -0.102323
20.93 -0.101269
20.94 -0.100162
20.95 -0.0990033
20.96 -0.0977968
20.97 -0.0965449
20.98 -0.0952512
20.99 -0.0939195
21 -0.092554
21.01 -0.0911596
21.02 -0.0897413
21.03 -0.088305
21.04 -0.0868565
21.05 -0.0854017
21.06 -0.0839466
21.07 -0.082497
21.08 -0.0810586
21.09 -0.0796372
21.1 -0.0782384
21.11 -0.0768676
21.12 -0.0755299
21.13 -0.0742297
21.14 -0.0729713
21.15 -0.0717585
21.16 -0.0705947
21.17 -0.0694835
21.18 -0.0684279
21.19 -0.0674311
21.2 -0.066496
21.21 -0.0656253
21.22 -0.0648217
21.23 -0.0640875
21.24 -0.0634249
21.25 -0.062836
21.26 -0.0623222
21.27 -0.0618848
21.28 -0.0615246
21.29 -0.0612419
21.3 -0.061037
21.31 -0.0609094
21.32 -0.0608589
21.33 -0.0608851
21.34 -0.0609875
21.35 -0.0611657
21.36 -0.0614194
21.37 -0.0617482
21.38 -0.0621519
21.39 -0.0626303
21.4 -0.0631834
21.41 -0.0638111
21.42 -0.0645134
21.43 -0.0652901
21.44 -0.0661409
21.45 -0.0670652
21.46 -0.0680622
21.47 -0.0691307
21.48 -0.0702691
21.49 -0.0714758
21.5 -0.0727489
21.51 -0.0740865
21.52 -0.0754865
21.53 -0.0769467
21.54 -0.0784645
21.55 -0.0800373
21.56 -0.0816625
21.57 -0.0833372
21.58 -0.0850588
21.59 -0.0868246
21.6 -0.0886323
21.61 -0.0904792
21.62 -0.0923626
21.63 -0.0942796
21.64 -0.0962271
21.65 -0.0982013
21.66 -0.100198
21.67 -0.102214
21.68 -0.104243
21.69 -0.106282
21.7 -0.108325
21.71 -0.110368
21.72 -0.112407
21.73 -0.114436
21.74 -0.116451
21.75 -0.118448
21.76 -0.12042
21.77 -0.122364
21.78 -0.124273
21.79 -0.126142
21.8 -0.127966
21.81 -0.12974
21.82 -0.13146
21.83 -0.133121
21.84 -0.13472
21.85 -0.136252
21.86 -0.137716
21.87 -0.139109
21.88 -0.140428
21.89 -0.141672
21.9 -0.14284
21.91 -0.143929
21.92 -0.144939
21.93 -0.145868
21.94 -0.146715
21.95 -0.147479
21.96 -0.148158
21.97 -0.148751
21.98 -0.14926
21.99 -0.149682
22 -0.150021
22.01 -0.150276
22.02 -0.150451
22.03 -0.150546
22.04 -0.150565
22.05 -0.15051
22.06 -0.150382
22.07 -0.150183
22.08 -0.149913
22.09 -0.149573
22.1 -0.149164
22.11 -0.148686
22.12 -0.14814
22.13 -0.147525
22.14 -0.146844
22.15 -0.146098
22.16 -0.145286
22.17 -0.144413
22.18 -0.143478
22.19 -0.142485
22.2 -0.141436
22.21 -0.140333
22.22 -0.139179
22.23 -0.137976
22.24 -0.136725
22.25 -0.135429
22.26 -0.134091
22.27 -0.132712
22.28 -0.131294
22.29 -0.129841
22.3 -0.128355
22.31 -0.12684
22.32 -0.125299
22.33 -0.123737
22.34 -0.122158
22.35 -0.120566
22.36 -0.118967
22.37 -0.117364
22.38 -0.115762
22.39 -0.114166
22.4 -0.11258
22.41 -0.111008
22.42 -0.109454
22.43 -0.10792
22.44 -0.106411
22.45 -0.10493
22.46 -0.103479
22.47 -0.102061
22.48 -0.100679
22.49 -0.0993331
22.5 -0.098026
22.51 -0.0967585
22.52 -0.0955315
22.53 -0.0943454
22.54 -0.0932005
22.55 -0.0920969
22.56 -0.0910345
22.57 -0.0900131
22.58 -0.0890325
22.59 -0.088092
22.6 -0.0871911
22.61 -0.0863291
22.62 -0.0855053
22.63 -0.084719
22.64 -0.0839695
22.65 -0.0832563
22.66 -0.0825792
22.67 -0.0819379
22.68 -0.0813328
22.69 -0.0807641
22.7 -0.080232
22.71 -0.0797367
22.72 -0.079278
22.73 -0.0788556
22.74 -0.078469
22.75 -0.0781177
22.76 -0.077801
22.77 -0.0775185
22.78 -0.0772694
22.79 -0.0770534
22.8 -0.0768699
22.81 -0.0767183
22.82 -0.0765979
22.83 -0.0765081
22.84 -0.0764483
22.85 -0.0764177
22.86 -0.0764156
22.87 -0.0764413
22.88 -0.0764943
22.89 -0.0765738
22.9 -0.0766795
22.91 -0.076811
22.92 -0.0769681
22.93 -0.0771507
22.94 -0.0773589
22.95 -0.077593
22.96 -0.0778532
22.97 -0.0781399
22.98 -0.0784536
22.99 -0.0787942
23 -0.0791615
23.01 -0.0795545
23.02 -0.079972
23.03 -0.0804125
23.04 -0.080874
23.05 -0.0813545
23.06 -0.0818519
23.07 -0.0823643
23.08 -0.0828897
23.09 -0.0834268
23.1 -0.0839743
23.11 -0.084531
23.12 -0.0850958
23.13 -0.0856678
23.14 -0.0862455
23.15 -0.086828
23.16 -0.0874138
23.17 -0.0880018
23.18 -0.0885907
23.19 -0.089179
23.2 -0.0897653
23.21 -0.0903481
23.22 -0.0909258
23.23 -0.0914971
23.24 -0.0920606
23.25 -0.0926149
23.26 -0.0931586
23.27 -0.0936906
23.28 -0.0942095
23.29 -0.0947139
23.3 -0.0952024
23.31 -0.0956734
23.32 -0.0961253
23.33 -0.0965569
23.34 -0.0969667
23.35 -0.0973535
23.36 -0.0977163
23.37 -0.0980543
23.38 -0.0983668
23.39 -0.0986535
23.4 -0.0989143
23.41 -0.0991494
23.42 -0.0993595
23.43 -0.0995453
23.44 -0.0997079
23.45 -0.0998485
23.46 -0.0999686
23.47 -0.100069
23.48 -0.100152
23.49 -0.100218
23.5 -0.100268
23.51 -0.100302
23.52 -0.10032
23.53 -0.100324
23.54 -0.100315
23.55 -0.100291
23.56 -0.100255
23.57 -0.100206
23.58 -0.100145
23.59 -0.100072
23.6 -0.0999872
23.61 -0.0998912
23.62 -0.099784
23.63 -0.0996658
23.64 -0.0995367
23.65 -0.0993965
23.66 -0.0992454
23.67 -0.0990833
23.68 -0.0989104
23.69 -0.0987271
23.7 -0.0985338
23.71 -0.0983314
23.72 -0.0981206
23.73 -0.0979025
23.74 -0.0976785
23.75 -0.09745
23.76 -0.0972188
23.77 -0.0969871
23.78 -0.0967575
23.79 -0.0965328
23.8 -0.096316
23.81 -0.0961105
23.82 -0.0959193
23.83 -0.0957453
23.84 -0.0955915
23.85 -0.0954606
23.86 -0.0953553
23.87 -0.0952781
23.88 -0.0952316
23.89 -0.095218
23.9 -0.0952397
23.91 -0.0952992
23.92 -0.095399
23.93 -0.0955415
23.94 -0.0957292
23.95 -0.0959641
23.96 -0.0962481
23.97 -0.0965826
23.98 -0.0969685
23.99 -0.0974062
24 -0.0978954
24.01 -0.098435
24.02 -0.0990238
24.03 -0.0996598
24.04 -0.100341
24.05 -0.101063
24.06 -0.101824
24.07 -0.102617
24.08 -0.10344
24.09 -0.104285
24.1 -0.10515
24.11 -0.106028
24.12 -0.106915
24.13 -0.107807
24.14 -0.108701
24.15 -0.109593
24.16 -0.110482
24.17 -0.111364
24.18 -0.112239
24.19 -0.113104
24.2 -0.113958
24.21 -0.114799
24.22 -0.115625
24.23 -0.116437
24.24 -0.117232
24.25 -0.11801
24.26 -0.118769
24.27 -0.11951
24.28 -0.120231
24.29 -0.120933
24.3 -0.121616
24.31 -0.12228
24.32 -0.122925
24.33 -0.123553
24.34 -0.124162
24.35 -0.124752
24.36 -0.125323
24.37 -0.125873
24.38 -0.1264
24.39 -0.126902
24.4 -0.127379
24.41 -0.127827
24.42 -0.128246
24.43 -0.128634
24.44 -0.128989
24.45 -0.129312
24.46 -0.129601
24.47 -0.129856
24.48 -0.130075
24.49 -0.130257
24.5 -0.130403
24.51 -0.130512
24.52 -0.130582
24.53 -0.130614
24.54 -0.130607
24.55 -0.130561
24.56 -0.130476
24.57 -0.130353
24.58 -0.130192
24.59 -0.129995
24.6 -0.129762
24.61 -0.129494
24.62 -0.129193
24.63 -0.12886
24.64 -0.128496
24.65 -0.128102
24.66 -0.12768
24.67 -0.12723
24.68 -0.126753
24.69 -0.126249
24.7 -0.12572
24.71 -0.125164
24.72 -0.124583
24.73 -0.123977
24.74 -0.123346
24.75 -0.12269
24.76 -0.122011
24.77 -0.121307
24.78 -0.12058
24.79 -0.11983
24.8 -0.119058
24.81 -0.118265
24.82 -0.117452
24.83 -0.116622
24.84 -0.115775
24.85 -0.114913
24.86 -0.114039
24.87 -0.113155
24.88 -0.112262
24.89 -0.111364
24.9 -0.110462
24.91 -0.109561
24.92 -0.108663
24.93 -0.10777
24.94 -0.106888
24.95 -0.106018
24.96 -0.105164
24.97 -0.104329
24.98 -0.103517
24.99 -0.10273
25 -0.101972
