0.01 3.17511e-09
0.02 1.5296e-08
0.03 3.77781e-08
0.04 6.82765e-08
0.05 1.04487e-07
0.06 1.4417e-07
0.07 1.85166e-07
0.08 2.25397e-07
0.09 2.6285e-07
0.1 2.95576e-07
0.11 3.21714e-07
0.12 3.39492e-07
0.13 3.47194e-07
0.14 3.43099e-07
0.15 3.25473e-07
0.16 2.92628e-07
0.17 2.4297e-07
0.18 1.75013e-07
0.19 8.73906e-08
0.2 -2.11311e-08
0.21 -1.51642e-07
0.22 -3.05085e-07
0.23 -4.82258e-07
0.24 -6.83838e-07
0.25 -9.10404e-07
0.26 -1.1625e-06
0.27 -1.4407e-06
0.28 -1.7454e-06
0.29 -2.07665e-06
0.3 -2.434e-06
0.31 -2.81647e-06
0.32 -3.22247e-06
0.33 -3.64968e-06
0.34 -4.09489e-06
0.35 -4.55428e-06
0.36 -5.0237e-06
0.37 -5.49873e-06
0.38 -5.97533e-06
0.39 -6.45057e-06
0.4 -6.92327e-06
0.41 -7.39428e-06
0.42 -7.86603e-06
0.43 -8.34197e-06
0.44 -8.82658e-06
0.45 -9.32526e-06
0.46 -9.84383e-06
0.47 -1.03881e-05
0.48 -1.09634e-05
0.49 -1.15741e-05
0.5 -1.22236e-05
0.51 -1.29147e-05
0.52 -1.36498e-05
0.53 -1.44304e-05
0.54 -1.52572e-05
0.55 -1.6131e-05
0.56 -1.70517e-05
0.57 -1.80187e-05
0.58 -1.90315e-05
0.59 -2.00895e-05
0.6 -2.11916e-05
0.61 -2.23368e-05
0.62 -2.35239e-05
0.63 -2.47513e-05
0.64 -2.60176e-05
0.65 -2.73211e-05
0.66 -2.86604e-05
0.67 -3.00343e-05
0.68 -3.14419e-05
0.69 -3.28824e-05
0.7 -3.43551e-05
0.71 -3.5859e-05
0.72 -3.73923e-05
0.73 -3.89517e-05
0.74 -4.05321e-05
0.75 -4.21254e-05
0.76 -4.37208e-05
0.77 -4.53046e-05
0.78 -4.6862e-05
0.79 -4.83788e-05
0.8 -4.98434e-05
0.81 -5.1247e-05
0.82 -5.25833e-05
0.83 -5.38481e-05
0.84 -5.50391e-05
0.85 -5.61573e-05
0.86 -5.7207e-05
0.87 -5.8191e-05
0.88 -5.91077e-05
0.89 -5.99498e-05
0.9 -6.07067e-05
0.91 -6.13666e-05
0.92 -6.19173e-05
0.93 -6.23485e-05
0.94 -6.26544e-05
0.95 -6.28352e-05
0.96 -6.28972e-05
0.97 -6.28527e-05
0.98 -6.27144e-05
0.99 -6.2491e-05
1 -6.21847e-05
1.01 -6.17921e-05
1.02 -6.13041e-05
1.03 -6.0707e-05
1.04 -5.9985e-05
1.05 -5.91221e-05
1.06 -5.81061e-05
1.07 -5.69294e-05
1.08 -5.55884e-05
1.09 -5.40799e-05
1.1 -5.24012e-05
1.11 -5.05507e-05
1.12 -4.8527e-05
1.13 -4.63274e-05
1.14 -4.39479e-05
1.15 -4.13851e-05
1.16 -3.86379e-05
1.17 -3.57098e-05
1.18 -3.26115e-05
1.19 -2.93589e-05
1.2 -2.59697e-05
1.21 -2.24653e-05
1.22 -1.88714e-05
1.23 -1.52157e-05
1.24 -1.15222e-05
1.25 -7.80313e-06
1.26 -4.05466e-06
1.27 -2.61513e-07
1.28 3.59339e-06
1.29 7.5262e-06
1.3 1.15514e-05
1.31 1.56766e-05
1.32 1.99005e-05
1.33 2.42154e-05
1.34 2.86121e-05
1.35 3.30842e-05
1.36 3.76277e-05
1.37 4.22413e-05
1.38 4.69258e-05
1.39 5.16827e-05
1.4 5.6512e-05
1.41 6.14098e-05
1.42 6.63634e-05
1.43 7.13483e-05
1.44 7.63235e-05
1.45 8.123e-05
1.46 8.5992e-05
1.47 9.0524e-05
1.48 9.47373e-05
1.49 9.85418e-05
1.5 0.000101849
1.51 0.000104576
1.52 0.000106651
1.53 0.000108017
1.54 0.00010864
1.55 0.00010852
1.56 0.00010769
1.57 0.000106207
1.58 0.000104147
1.59 0.000101592
1.6 9.86231e-05
1.61 9.53119e-05
1.62 9.1722e-05
1.63 8.79095e-05
1.64 8.39228e-05
1.65 7.98031e-05
1.66 7.55817e-05
1.67 7.12788e-05
1.68 6.6905e-05
1.69 6.24672e-05
1.7 5.79727e-05
1.71 5.34286e-05
1.72 4.88428e-05
1.73 4.4226e-05
1.74 3.95954e-05
1.75 3.49784e-05
1.76 3.04078e-05
1.77 2.59148e-05
1.78 2.15332e-05
1.79 1.73047e-05
1.8 1.32767e-05
1.81 9.49683e-06
1.82 6.01325e-06
1.83 2.87251e-06
1.84 1.09168e-07
1.85 -2.25955e-06
1.86 -4.22932e-06
1.87 -5.79923e-06
1.88 -6.96553e-06
1.89 -7.72114e-06
1.9 -8.05543e-06
1.91 -7.9543e-06
1.92 -7.40019e-06
1.93 -6.37429e-06
1.94 -4.86972e-06
1.95 -2.90773e-06
1.96 -5.38422e-07
1.97 2.1645e-06
1.98 5.10821e-06
1.99 8.19238e-06
2 1.13298e-05
2.01 1.44646e-05
2.02 1.75747e-05
2.03 2.06683e-05
2.04 2.37815e-05
2.05 2.69677e-05
2.06 3.0288e-05
2.07 3.38005e-05
2.08 3.75448e-05
2.09 4.15306e-05
2.1 4.57352e-05
2.11 5.01071e-05
2.12 5.45634e-05
2.13 5.89851e-05
2.14 6.32289e-05
2.15 6.71395e-05
2.16 7.05529e-05
2.17 7.33032e-05
2.18 7.52248e-05
2.19 7.61452e-05
2.2 7.58785e-05
2.21 7.42317e-05
2.22 7.10159e-05
2.23 6.60528e-05
2.24 5.91808e-05
2.25 5.02497e-05
2.26 3.91261e-05
2.27 2.57198e-05
2.28 9.99027e-06
2.29 -8.06622e-06
2.3 -2.84202e-05
2.31 -5.10082e-05
2.32 -7.5727e-05
2.33 -0.000102421
2.34 -0.000130878
2.35 -0.000160833
2.36 -0.000191981
2.37 -0.000223984
2.38 -0.000256485
2.39 -0.000289104
2.4 -0.000321459
2.41 -0.000353206
2.42 -0.00038406
2.43 -0.000413775
2.44 -0.000442129
2.45 -0.000468918
2.46 -0.000493957
2.47 -0.00051709
2.48 -0.000538198
2.49 -0.000557178
2.5 -0.00057393
2.51 -0.00058834
2.52 -0.000600284
2.53 -0.00060964
2.54 -0.000616289
2.55 -0.000620116
2.56 -0.000621011
2.57 -0.000618901
2.58 -0.000613766
2.59 -0.000605648
2.6 -0.000594645
2.61 -0.00058089
2.62 -0.000564535
2.63 -0.000545729
2.64 -0.000524609
2.65 -0.000501295
2.66 -0.00047589
2.67 -0.000448489
2.68 -0.000419184
2.69 -0.000388079
2.7 -0.000355298
2.71 -0.000320968
2.72 -0.000285224
2.73 -0.0002482
2.74 -0.000210017
2.75 -0.000170772
2.76 -0.00013056
2.77 -8.94691e-05
2.78 -4.75645e-05
2.79 -4.87089e-06
2.8 3.86204e-05
2.81 8.29462e-05
2.82 0.00012814
2.83 0.000174203
2.84 0.000221096
2.85 0.000268739
2.86 0.000317019
2.87 0.00036578
2.88 0.00041481
2.89 0.000463851
2.9 0.00051262
2.91 0.000560821
2.92 0.000608143
2.93 0.00065427
2.94 0.000698891
2.95 0.00074171
2.96 0.000782451
2.97 0.000820889
2.98 0.000856865
2.99 0.000890267
3 0.000921026
3.01 0.000949099
3.02 0.00097445
3.03 0.000997034
3.04 0.00101679
3.05 0.00103362
3.06 0.00104742
3.07 0.00105803
3.08 0.00106525
3.09 0.0010689
3.1 0.00106877
3.11 0.00106473
3.12 0.00105671
3.13 0.00104472
3.14 0.00102881
3.15 0.00100909
3.16 0.000985694
3.17 0.000958783
3.18 0.00092854
3.19 0.000895158
3.2 0.000858814
3.21 0.000819682
3.22 0.000777973
3.23 0.000733937
3.24 0.000687872
3.25 0.000640109
3.26 0.000591
3.27 0.000540937
3.28 0.000490364
3.29 0.000439742
3.3 0.000389515
3.31 0.000340132
3.32 0.000292041
3.33 0.000245647
3.34 0.000201257
3.35 0.000159064
3.36 0.000119125
3.37 8.13712e-05
3.38 4.56265e-05
3.39 1.16092e-05
3.4 -2.10565e-05
3.41 -5.28203e-05
3.42 -8.41733e-05
3.43 -0.00011561
3.44 -0.000147607
3.45 -0.00018062
3.46 -0.000215068
3.47 -0.000251289
3.48 -0.000289498
3.49 -0.000329765
3.5 -0.000372021
3.51 -0.000416075
3.52 -0.000461623
3.53 -0.000508263
3.54 -0.000555533
3.55 -0.000602961
3.56 -0.000650125
3.57 -0.000696662
3.58 -0.000742224
3.59 -0.00078647
3.6 -0.000829104
3.61 -0.000869896
3.62 -0.000908672
3.63 -0.000945316
3.64 -0.000979774
3.65 -0.00101205
3.66 -0.0010422
3.67 -0.00107037
3.68 -0.00109677
3.69 -0.00112165
3.7 -0.00114526
3.71 -0.00116786
3.72 -0.00118966
3.73 -0.0012109
3.74 -0.00123173
3.75 -0.00125227
3.76 -0.00127263
3.77 -0.00129286
3.78 -0.00131299
3.79 -0.001333
3.8 -0.00135284
3.81 -0.00137239
3.82 -0.0013915
3.83 -0.00140997
3.84 -0.00142759
3.85 -0.00144412
3.86 -0.00145938
3.87 -0.00147324
3.88 -0.0014857
3.89 -0.00149686
3.9 -0.00150695
3.91 -0.0015163
3.92 -0.00152537
3.93 -0.0015347
3.94 -0.00154483
3.95 -0.00155636
3.96 -0.00156982
3.97 -0.0015857
3.98 -0.0016044
3.99 -0.00162612
4 -0.00165092
4.01 -0.00167874
4.02 -0.00170933
4.03 -0.00174236
4.04 -0.00177735
4.05 -0.00181373
4.06 -0.00185078
4.07 -0.00188769
4.08 -0.00192349
4.09 -0.0019571
4.1 -0.00198736
4.11 -0.00201307
4.12 -0.00203316
4.13 -0.00204669
4.14 -0.00205294
4.15 -0.00205146
4.16 -0.00204213
4.17 -0.00202515
4.18 -0.00200102
4.19 -0.00197047
4.2 -0.00193442
4.21 -0.00189394
4.22 -0.00185017
4.23 -0.00180419
4.24 -0.00175697
4.25 -0.00170937
4.26 -0.00166222
4.27 -0.00161622
4.28 -0.00157197
4.29 -0.00152992
4.3 -0.00149037
4.31 -0.00145347
4.32 -0.00141923
4.33 -0.00138758
4.34 -0.0013583
4.35 -0.00133103
4.36 -0.00130525
4.37 -0.00128032
4.38 -0.00125552
4.39 -0.00123004
4.4 -0.00120305
4.41 -0.00117369
4.42 -0.00114104
4.43 -0.00110423
4.44 -0.00106241
4.45 -0.0010148
4.46 -0.000960802
4.47 -0.0009
4.48 -0.000832199
4.49 -0.000757352
4.5 -0.000675493
4.51 -0.000586701
4.52 -0.000491151
4.53 -0.000389147
4.54 -0.000281114
4.55 -0.00016758
4.56 -4.91614e-05
4.57 7.34464e-05
4.58 0.00019947
4.59 0.00032808
4.6 0.000458403
4.61 0.000589563
4.62 0.000720737
4.63 0.000851156
4.64 0.00098011
4.65 0.00110697
4.66 0.00123118
4.67 0.00135237
4.68 0.00147028
4.69 0.00158483
4.7 0.00169598
4.71 0.00180374
4.72 0.00190808
4.73 0.00200896
4.74 0.00210635
4.75 0.00220011
4.76 0.00229002
4.77 0.00237584
4.78 0.00245729
4.79 0.00253408
4.8 0.00260594
4.81 0.00267253
4.82 0.0027335
4.83 0.00278848
4.84 0.00283714
4.85 0.0028791
4.86 0.00291398
4.87 0.00294142
4.88 0.00296117
4.89 0.002973
4.9 0.00297672
4.91 0.00297219
4.92 0.00295937
4.93 0.00293827
4.94 0.00290894
4.95 0.00287146
4.96 0.00282596
4.97 0.00277262
4.98 0.00271169
4.99 0.00264351
5 0.00256846
5.01 0.00248696
5.02 0.00239937
5.03 0.00230594
5.04 0.00220684
5.05 0.0021021
5.06 0.00199166
5.07 0.0018753
5.08 0.00175271
5.09 0.00162356
5.1 0.00148746
5.11 0.00134399
5.12 0.00119279
5.13 0.00103354
5.14 0.000866073
5.15 0.000690331
5.16 0.000506475
5.17 0.000314907
5.18 0.000116238
5.19 -8.87673e-05
5.2 -0.000299195
5.21 -0.000513987
5.22 -0.000731998
5.23 -0.000952067
5.24 -0.00117306
5.25 -0.00139387
5.26 -0.00161334
5.27 -0.00183026
5.28 -0.00204336
5.29 -0.00225143
5.3 -0.00245325
5.31 -0.0026477
5.32 -0.00283373
5.33 -0.00301048
5.34 -0.00317731
5.35 -0.00333383
5.36 -0.00347988
5.37 -0.0036156
5.38 -0.00374141
5.39 -0.0038579
5.4 -0.0039657
5.41 -0.0040655
5.42 -0.00415797
5.43 -0.00424371
5.44 -0.00432318
5.45 -0.00439669
5.46 -0.0044644
5.47 -0.00452637
5.48 -0.00458259
5.49 -0.00463304
5.5 -0.00467763
5.51 -0.00471616
5.52 -0.00474839
5.53 -0.0047741
5.54 -0.00479307
5.55 -0.00480504
5.56 -0.00480973
5.57 -0.00480692
5.58 -0.0047965
5.59 -0.00477844
5.6 -0.00475276
5.61 -0.00471946
5.62 -0.00467853
5.63 -0.00462994
5.64 -0.00457368
5.65 -0.00450968
5.66 -0.00443795
5.67 -0.00435846
5.68 -0.00427115
5.69 -0.0041759
5.7 -0.00407253
5.71 -0.00396081
5.72 -0.00384042
5.73 -0.003711
5.74 -0.00357222
5.75 -0.00342372
5.76 -0.00326518
5.77 -0.00309637
5.78 -0.00291716
5.79 -0.00272762
5.8 -0.00252801
5.81 -0.00231878
5.82 -0.00210065
5.83 -0.00187459
5.84 -0.0016418
5.85 -0.00140364
5.86 -0.00116161
5.87 -0.000917263
5.88 -0.000672235
5.89 -0.000428147
5.9 -0.000186588
5.91 5.09545e-05
5.92 0.000283134
5.93 0.000508745
5.94 0.000726742
5.95 0.000936271
5.96 0.00113674
5.97 0.00132786
5.98 0.00150968
5.99 0.00168249
6 0.0018468
6.01 0.00200331
6.02 0.00215281
6.03 0.00229612
6.04 0.0024341
6.05 0.00256763
6.06 0.00269755
6.07 0.00282456
6.08 0.0029492
6.09 0.00307181
6.1 0.00319262
6.11 0.00331174
6.12 0.00342915
6.13 0.00354468
6.14 0.00365812
6.15 0.00376926
6.16 0.00387794
6.17 0.00398412
6.18 0.00408796
6.19 0.00418984
6.2 0.00429023
6.21 0.00438971
6.22 0.00448888
6.23 0.00458844
6.24 0.00468908
6.25 0.00479145
6.26 0.00489616
6.27 0.00500385
6.28 0.00511508
6.29 0.00523048
6.3 0.00535068
6.31 0.00547635
6.32 0.00560821
6.33 0.00574703
6.34 0.00589359
6.35 0.00604867
6.36 0.006213
6.37 0.0063871
6.38 0.00657115
6.39 0.00676502
6.4 0.00696832
6.41 0.00718046
6.42 0.00740078
6.43 0.00762864
6.44 0.00786345
6.45 0.00810481
6.46 0.0083526
6.47 0.00860685
6.48 0.00886767
6.49 0.00913508
6.5 0.0094089
6.51 0.00968859
6.52 0.00997316
6.53 0.0102612
6.54 0.010551
6.55 0.0108402
6.56 0.0111261
6.57 0.0114059
6.58 0.0116762
6.59 0.011934
6.6 0.0121763
6.61 0.0124004
6.62 0.0126042
6.63 0.0127856
6.64 0.0129434
6.65 0.0130761
6.66 0.0131829
6.67 0.0132625
6.68 0.0133141
6.69 0.0133366
6.7 0.013329
6.71 0.0132905
6.72 0.0132203
6.73 0.0131178
6.74 0.0129823
6.75 0.0128136
6.76 0.0126113
6.77 0.0123757
6.78 0.0121069
6.79 0.0118055
6.8 0.0114723
6.81 0.0111081
6.82 0.0107138
6.83 0.0102903
6.84 0.00983847
6.85 0.00935905
6.86 0.00885277
6.87 0.00832024
6.88 0.00776198
6.89 0.00717858
6.9 0.00657071
6.91 0.00593926
6.92 0.00528543
6.93 0.00461072
6.94 0.00391702
6.95 0.00320651
6.96 0.00248163
6.97 0.0017449
6.98 0.000998737
6.99 0.00024531
7 -0.000513497
7.01 -0.00127616
7.02 -0.0020415
7.03 -0.00280849
7.04 -0.00357613
7.05 -0.0043433
7.06 -0.00510863
7.07 -0.00587035
7.08 -0.00662635
7.09 -0.00737418
7.1 -0.00811114
7.11 -0.00883435
7.12 -0.00954095
7.13 -0.0102283
7.14 -0.010894
7.15 -0.0115365
7.16 -0.0121544
7.17 -0.0127468
7.18 -0.0133131
7.19 -0.0138532
7.2 -0.0143666
7.21 -0.0148533
7.22 -0.0153128
7.23 -0.0157447
7.24 -0.016148
7.25 -0.0165217
7.26 -0.0168645
7.27 -0.0171751
7.28 -0.0174521
7.29 -0.0176946
7.3 -0.0179019
7.31 -0.0180735
7.32 -0.0182096
7.33 -0.0183106
7.34 -0.018377
7.35 -0.0184096
7.36 -0.0184088
7.37 -0.0183753
7.38 -0.0183091
7.39 -0.0182101
7.4 -0.0180779
7.41 -0.017912
7.42 -0.0177117
7.43 -0.0174764
7.44 -0.0172061
7.45 -0.0169007
7.46 -0.0165609
7.47 -0.0161876
7.48 -0.0157823
7.49 -0.0153467
7.5 -0.0148831
7.51 -0.0143941
7.52 -0.0138825
7.53 -0.0133515
7.54 -0.0128039
7.55 -0.0122427
7.56 -0.0116708
7.57 -0.0110909
7.58 -0.0105061
7.59 -0.00991914
7.6 -0.00933293
7.61 -0.00875032
7.62 -0.00817388
7.63 -0.00760581
7.64 -0.0070478
7.65 -0.00650108
7.66 -0.00596636
7.67 -0.00544375
7.68 -0.00493274
7.69 -0.00443221
7.7 -0.00394051
7.71 -0.0034556
7.72 -0.0029754
7.73 -0.00249806
7.74 -0.00202216
7.75 -0.00154676
7.76 -0.0010714
7.77 -0.000596036
7.78 -0.000120903
7.79 0.000353463
7.8 0.000826228
7.81 0.0012963
7.82 0.00176238
7.83 0.00222299
7.84 0.00267643
7.85 0.00312088
7.86 0.00355443
7.87 0.00397518
7.88 0.00438122
7.89 0.00477079
7.9 0.00514236
7.91 0.00549461
7.92 0.00582651
7.93 0.00613736
7.94 0.00642676
7.95 0.0066946
7.96 0.00694106
7.97 0.0071665
7.98 0.00737153
7.99 0.00755692
8 0.00772351
8.01 0.00787207
8.02 0.00800332
8.03 0.00811784
8.04 0.00821606
8.05 0.00829813
8.06 0.00836398
8.07 0.00841328
8.08 0.00844557
8.09 0.00846036
8.1 0.00845727
8.11 0.00843612
8.12 0.00839711
8.13 0.00834089
8.14 0.00826843
8.15 0.00818106
8.16 0.0080804
8.17 0.0079683
8.18 0.00784674
8.19 0.00771775
8.2 0.00758331
8.21 0.00744531
8.22 0.00730544
8.23 0.00716522
8.24 0.00702602
8.25 0.00688904
8.26 0.00675525
8.27 0.00662537
8.28 0.00649989
8.29 0.00637899
8.3 0.00626252
8.31 0.00614988
8.32 0.00603994
8.33 0.00593098
8.34 0.00582082
8.35 0.00570689
8.36 0.0055864
8.37 0.00545662
8.38 0.00531504
8.39 0.00515962
8.4 0.00498887
8.41 0.00480198
8.42 0.00459863
8.43 0.00437903
8.44 0.00414379
8.45 0.00389397
8.46 0.00363107
8.47 0.00335699
8.48 0.00307397
8.49 0.00278445
8.5 0.00249099
8.51 0.00219616
8.52 0.00190243
8.53 0.00161195
8.54 0.00132648
8.55 0.00104727
8.56 0.000775192
8.57 0.000510793
8.58 0.000254418
8.59 6.25572e-06
8.6 -0.00023358
8.61 -0.000464976
8.62 -0.000687709
8.63 -0.000901347
8.64 -0.0011052
8.65 -0.00129828
8.66 -0.00147934
8.67 -0.00164689
8.68 -0.00179931
8.69 -0.00193494
8.7 -0.00205219
8.71 -0.00214952
8.72 -0.0022255
8.73 -0.00227898
8.74 -0.00230905
8.75 -0.00231511
8.76 -0.00229685
8.77 -0.00225441
8.78 -0.00218833
8.79 -0.00209949
8.8 -0.00198912
8.81 -0.00185878
8.82 -0.00171032
8.83 -0.00154569
8.84 -0.00136683
8.85 -0.00117553
8.86 -0.000973456
8.87 -0.000762121
8.88 -0.000542925
8.89 -0.000317058
8.9 -8.54398e-05
8.91 0.000151266
8.92 0.000392599
8.93 0.00063825
8.94 0.000887951
8.95 0.00114139
8.96 0.00139818
8.97 0.00165783
8.98 0.00191979
8.99 0.00218336
9 0.00244762
9.01 0.00271136
9.02 0.00297313
9.03 0.0032312
9.04 0.00348358
9.05 0.00372824
9.06 0.00396321
9.07 0.00418668
9.08 0.00439703
9.09 0.00459286
9.1 0.00477289
9.11 0.00493596
9.12 0.00508093
9.13 0.00520675
9.14 0.00531241
9.15 0.00539701
9.16 0.00545979
9.17 0.00550032
9.18 0.00551856
9.19 0.00551495
9.2 0.00549042
9.21 0.00544648
9.22 0.00538519
9.23 0.00530915
9.24 0.00522127
9.25 0.00512459
9.26 0.00502197
9.27 0.00491596
9.28 0.00480866
9.29 0.00470164
9.3 0.00459598
9.31 0.00449249
9.32 0.00439185
9.33 0.00429463
9.34 0.00420129
9.35 0.00411224
9.36 0.00402784
9.37 0.00394838
9.38 0.0038741
9.39 0.00380521
9.4 0.00374178
9.41 0.00368363
9.42 0.00363035
9.43 0.00358115
9.44 0.0035348
9.45 0.00348962
9.46 0.00344361
9.47 0.00339457
9.48 0.00334026
9.49 0.00327859
9.5 0.00320779
9.51 0.00312646
9.52 0.00303366
9.53 0.00292881
9.54 0.00281166
9.55 0.00268209
9.56 0.00253998
9.57 0.00238518
9.58 0.00221734
9.59 0.00203586
9.6 0.00183999
9.61 0.00162888
9.62 0.00140174
9.63 0.00115795
9.64 0.000897191
9.65 0.000619523
9.66 0.000325399
9.67 1.5639e-05
9.68 -0.000308573
9.69 -0.00064574
9.7 -0.000994164
9.71 -0.00135208
9.72 -0.00171778
9.73 -0.00208964
9.74 -0.00246621
9.75 -0.00284632
9.76 -0.00322909
9.77 -0.00361386
9.78 -0.00400021
9.79 -0.00438791
9.8 -0.00477695
9.81 -0.00516751
9.82 -0.00555997
9.83 -0.00595483
9.84 -0.00635271
9.85 -0.00675434
9.86 -0.00716046
9.87 -0.0075717
9.88 -0.00798853
9.89 -0.00841124
9.9 -0.00883996
9.91 -0.00927452
9.92 -0.00971443
9.93 -0.0101589
9.94 -0.0106067
9.95 -0.0110567
9.96 -0.011507
9.97 -0.0119563
9.98 -0.0124028
9.99 -0.0128453
10 -0.0132828
10.01 -0.0137144
10.02 -0.0141395
10.03 -0.0145577
10.04 -0.0149688
10.05 -0.0153727
10.06 -0.015769
10.07 -0.0161573
10.08 -0.0165369
10.09 -0.0169068
10.1 -0.0172663
10.11 -0.017614
10.12 -0.0179491
10.13 -0.0182704
10.14 -0.0185772
10.15 -0.018869
10.16 -0.0191452
10.17 -0.0194056
10.18 -0.0196498
10.19 -0.0198774
10.2 -0.0200878
10.21 -0.0202803
10.22 -0.0204541
10.23 -0.0206085
10.24 -0.0207427
10.25 -0.0208558
10.26 -0.0209473
10.27 -0.0210164
10.28 -0.021063
10.29 -0.0210865
10.3 -0.0210868
10.31 -0.0210638
10.32 -0.0210171
10.33 -0.0209465
10.34 -0.0208518
10.35 -0.0207327
10.36 -0.0205892
10.37 -0.0204211
10.38 -0.0202284
10.39 -0.020011
10.4 -0.0197691
10.41 -0.0195024
10.42 -0.019211
10.43 -0.0188945
10.44 -0.0185523
10.45 -0.0181841
10.46 -0.0177888
10.47 -0.0173659
10.48 -0.0169147
10.49 -0.0164347
10.5 -0.0159258
10.51 -0.0153884
10.52 -0.0148232
10.53 -0.0142312
10.54 -0.0136136
10.55 -0.012972
10.56 -0.0123081
10.57 -0.0116233
10.58 -0.0109196
10.59 -0.0101988
10.6 -0.00946268
10.61 -0.00871312
10.62 -0.00795209
10.63 -0.00718163
10.64 -0.00640391
10.65 -0.0056212
10.66 -0.00483588
10.67 -0.00405039
10.68 -0.00326718
10.69 -0.00248859
10.7 -0.0017168
10.71 -0.000953732
10.72 -0.000201151
10.73 0.000539338
10.74 0.00126629
10.75 0.00197838
10.76 0.00267435
10.77 0.00335308
10.78 0.00401361
10.79 0.0046551
10.8 0.00527683
10.81 0.00587815
10.82 0.00645852
10.83 0.00701753
10.84 0.00755481
10.85 0.00807007
10.86 0.00856299
10.87 0.00903319
10.88 0.00948022
10.89 0.00990362
10.9 0.0103029
10.91 0.0106777
10.92 0.0110276
10.93 0.0113524
10.94 0.0116523
10.95 0.0119276
10.96 0.0121791
10.97 0.0124078
10.98 0.0126145
10.99 0.0128007
11 0.0129673
11.01 0.0131155
11.02 0.0132463
11.03 0.0133604
11.04 0.0134585
11.05 0.0135412
11.06 0.0136087
11.07 0.0136616
11.08 0.0137001
11.09 0.0137244
11.1 0.0137347
11.11 0.0137312
11.12 0.0137144
11.13 0.0136848
11.14 0.0136427
11.15 0.0135888
11.16 0.0135237
11.17 0.0134481
11.18 0.013363
11.19 0.0132697
11.2 0.0131694
11.21 0.013064
11.22 0.0129552
11.23 0.0128448
11.24 0.0127346
11.25 0.0126262
11.26 0.0125203
11.27 0.0124177
11.28 0.0123182
11.29 0.0122219
11.3 0.0121282
11.31 0.0120369
11.32 0.0119474
11.33 0.0118594
11.34 0.0117728
11.35 0.0116877
11.36 0.0116046
11.37 0.0115243
11.38 0.0114478
11.39 0.0113759
11.4 0.0113097
11.41 0.0112499
11.42 0.011197
11.43 0.0111514
11.44 0.0111129
11.45 0.0110814
11.46 0.0110566
11.47 0.011038
11.48 0.0110255
11.49 0.0110192
11.5 0.0110192
11.51 0.0110266
11.52 0.0110422
11.53 0.0110673
11.54 0.0111032
11.55 0.0111513
11.56 0.0112128
11.57 0.0112885
11.58 0.0113789
11.59 0.0114844
11.6 0.0116051
11.61 0.0117411
11.62 0.0118925
11.63 0.0120592
11.64 0.0122415
11.65 0.0124392
11.66 0.0126524
11.67 0.012881
11.68 0.0131249
11.69 0.0133837
11.7 0.013657
11.71 0.0139442
11.72 0.0142441
11.73 0.0145555
11.74 0.0148768
11.75 0.0152058
11.76 0.0155403
11.77 0.0158772
11.78 0.0162133
11.79 0.0165447
11.8 0.0168673
11.81 0.0171772
11.82 0.0174708
11.83 0.0177447
11.84 0.0179959
11.85 0.018222
11.86 0.0184206
11.87 0.0185898
11.88 0.0187276
11.89 0.0188322
11.9 0.018902
11.91 0.0189357
11.92 0.0189319
11.93 0.0188895
11.94 0.0188077
11.95 0.0186856
11.96 0.0185227
11.97 0.0183185
11.98 0.0180726
11.99 0.0177851
12 0.0174564
12.01 0.0170869
12.02 0.0166777
12.03 0.0162299
12.04 0.0157451
12.05 0.0152252
12.06 0.0146725
12.07 0.014089
12.08 0.0134772
12.09 0.012839
12.1 0.0121762
12.11 0.0114906
12.12 0.0107834
12.13 0.0100559
12.14 0.00930873
12.15 0.00854239
12.16 0.00775713
12.17 0.00695304
12.18 0.00613021
12.19 0.00528876
12.2 0.0044288
12.21 0.00355051
12.22 0.00265424
12.23 0.00174053
12.24 0.000809949
12.25 -0.000136826
12.26 -0.00109891
12.27 -0.00207521
12.28 -0.00306449
12.29 -0.0040653
12.3 -0.00507606
12.31 -0.006095
12.32 -0.00712015
12.33 -0.0081492
12.34 -0.00917963
12.35 -0.0102087
12.36 -0.0112335
12.37 -0.012251
12.38 -0.0132578
12.39 -0.0142503
12.4 -0.0152251
12.41 -0.0161784
12.42 -0.0171068
12.43 -0.0180069
12.44 -0.0188755
12.45 -0.0197096
12.46 -0.0205062
12.47 -0.0212624
12.48 -0.0219753
12.49 -0.0226414
12.5 -0.0232571
12.51 -0.0238183
12.52 -0.0243207
12.53 -0.0247597
12.54 -0.0251309
12.55 -0.0254298
12.56 -0.0256527
12.57 -0.025796
12.58 -0.0258569
12.59 -0.0258325
12.6 -0.0257204
12.61 -0.0255186
12.62 -0.0252252
12.63 -0.0248388
12.64 -0.0243586
12.65 -0.0237841
12.66 -0.0231154
12.67 -0.0223531
12.68 -0.0214984
12.69 -0.0205532
12.7 -0.0195198
12.71 -0.0184014
12.72 -0.0172012
12.73 -0.015923
12.74 -0.0145708
12.75 -0.0131487
12.76 -0.0116609
12.77 -0.0101116
12.78 -0.00850512
12.79 -0.00684574
12.8 -0.0051378
12.81 -0.00338573
12.82 -0.00159414
12.83 0.00023219
12.84 0.00208834
12.85 0.00396939
12.86 0.00587044
12.87 0.00778669
12.88 0.00971354
12.89 0.0116467
12.9 0.013582
12.91 0.0155157
12.92 0.0174439
12.93 0.0193629
12.94 0.0212688
12.95 0.0231577
12.96 0.0250257
12.97 0.0268687
12.98 0.0286827
12.99 0.0304637
13 0.0322077
13.01 0.033911
13.02 0.0355699
13.03 0.0371814
13.04 0.0387424
13.05 0.0402502
13.06 0.041702
13.07 0.0430952
13.08 0.0444269
13.09 0.0456942
13.1 0.0468941
13.11 0.0480235
13.12 0.049079
13.13 0.0500576
13.14 0.0509564
13.15 0.0517727
13.16 0.0525045
13.17 0.0531498
13.18 0.0537076
13.19 0.0541779
13.2 0.0545609
13.21 0.0548568
13.22 0.0550661
13.23 0.0551888
13.24 0.0552251
13.25 0.0551753
13.26 0.0550395
13.27 0.0548178
13.28 0.0545107
13.29 0.0541184
13.3 0.0536414
13.31 0.0530801
13.32 0.0524348
13.33 0.051706
13.34 0.0508939
13.35 0.049999
13.36 0.049022
13.37 0.0479639
13.38 0.0468259
13.39 0.0456095
13.4 0.0443166
13.41 0.0429495
13.42 0.0415106
13.43 0.040003
13.44 0.03843
13.45 0.0367953
13.46 0.0351028
13.47 0.033357
13.48 0.0315624
13.49 0.0297238
13.5 0.0278463
13.51 0.0259349
13.52 0.023995
13.53 0.0220319
13.54 0.020051
13.55 0.0180581
13.56 0.0160587
13.57 0.0140586
13.58 0.0120634
13.59 0.0100784
13.6 0.0081086
13.61 0.00615897
13.62 0.00423421
13.63 0.00233896
13.64 0.000477754
13.65 -0.00134502
13.66 -0.00312506
13.67 -0.00485815
13.68 -0.00654022
13.69 -0.00816747
13.7 -0.00973642
13.71 -0.0112439
13.72 -0.012687
13.73 -0.0140631
13.74 -0.0153701
13.75 -0.0166063
13.76 -0.0177702
13.77 -0.0188613
13.78 -0.0198791
13.79 -0.0208241
13.8 -0.0216971
13.81 -0.0224996
13.82 -0.0232339
13.83 -0.0239023
13.84 -0.0245071
13.85 -0.02505
13.86 -0.0255322
13.87 -0.0259543
13.88 -0.026317
13.89 -0.026621
13.9 -0.0268673
13.91 -0.0270567
13.92 -0.0271905
13.93 -0.0272697
13.94 -0.0272958
13.95 -0.0272702
13.96 -0.0271944
13.97 -0.02707
13.98 -0.0268987
13.99 -0.0266822
14 -0.0264224
14.01 -0.0261214
14.02 -0.0257813
14.03 -0.0254043
14.04 -0.0249926
14.05 -0.0245483
14.06 -0.0240738
14.07 -0.0235714
14.08 -0.0230438
14.09 -0.0224938
14.1 -0.0219246
14.11 -0.0213397
14.12 -0.0207428
14.13 -0.0201379
14.14 -0.0195296
14.15 -0.0189225
14.16 -0.0183218
14.17 -0.0177325
14.18 -0.0171598
14.19 -0.0166086
14.2 -0.016084
14.21 -0.0155905
14.22 -0.0151331
14.23 -0.0147163
14.24 -0.0143448
14.25 -0.0140233
14.26 -0.0137564
14.27 -0.0135487
14.28 -0.0134044
14.29 -0.0133278
14.3 -0.0133224
14.31 -0.0133914
14.32 -0.0135375
14.33 -0.0137626
14.34 -0.0140685
14.35 -0.0144563
14.36 -0.0149273
14.37 -0.0154825
14.38 -0.0161233
14.39 -0.0168509
14.4 -0.0176664
14.41 -0.0185709
14.42 -0.0195652
14.43 -0.0206498
14.44 -0.021825
14.45 -0.0230901
14.46 -0.0244439
14.47 -0.0258847
14.48 -0.0274099
14.49 -0.0290169
14.5 -0.0307026
14.51 -0.0324639
14.52 -0.0342974
14.53 -0.0362001
14.54 -0.0381685
14.55 -0.0401995
14.56 -0.0422897
14.57 -0.0444359
14.58 -0.0466344
14.59 -0.0488818
14.6 -0.0511742
14.61 -0.0535089
14.62 -0.0558851
14.63 -0.0583024
14.64 -0.0607594
14.65 -0.0632538
14.66 -0.0657827
14.67 -0.0683421
14.68 -0.0709281
14.69 -0.0735367
14.7 -0.0761643
14.71 -0.0788073
14.72 -0.0814624
14.73 -0.0841253
14.74 -0.0867909
14.75 -0.089453
14.76 -0.0921049
14.77 -0.0947398
14.78 -0.0973511
14.79 -0.0999323
14.8 -0.102477
14.81 -0.104978
14.82 -0.107429
14.83 -0.109824
14.84 -0.112156
14.85 -0.114418
14.86 -0.116606
14.87 -0.118712
14.88 -0.12073
14.89 -0.122655
14.9 -0.124479
14.91 -0.126196
14.92 -0.1278
14.93 -0.129284
14.94 -0.130642
14.95 -0.131865
14.96 -0.132949
14.97 -0.133887
14.98 -0.134673
14.99 -0.135303
15 -0.135772
15.01 -0.13608
15.02 -0.136226
15.03 -0.136211
15.04 -0.136036
15.05 -0.135706
15.06 -0.135223
15.07 -0.134594
15.08 -0.133824
15.09 -0.13292
15.1 -0.131888
15.11 -0.130736
15.12 -0.12947
15.13 -0.128098
15.14 -0.126628
15.15 -0.125068
15.16 -0.123425
15.17 -0.121706
15.18 -0.119919
15.19 -0.118071
15.2 -0.116168
15.21 -0.114216
15.22 -0.112222
15.23 -0.110193
15.24 -0.108135
15.25 -0.106058
15.26 -0.103967
15.27 -0.101872
15.28 -0.0997821
15.29 -0.0977052
15.3 -0.09565
15.31 -0.0936244
15.32 -0.0916355
15.33 -0.0896897
15.34 -0.0877929
15.35 -0.0859509
15.36 -0.0841697
15.37 -0.0824551
15.38 -0.0808128
15.39 -0.0792485
15.4 -0.0777674
15.41 -0.0763741
15.42 -0.0750728
15.43 -0.0738668
15.44 -0.072759
15.45 -0.0717514
15.46 -0.0708454
15.47 -0.0700416
15.48 -0.0693397
15.49 -0.0687384
15.5 -0.0682353
15.51 -0.0678267
15.52 -0.0675081
15.53 -0.0672744
15.54 -0.0671204
15.55 -0.0670405
15.56 -0.0670293
15.57 -0.0670811
15.58 -0.06719
15.59 -0.0673501
15.6 -0.0675555
15.61 -0.0678001
15.62 -0.0680777
15.63 -0.0683822
15.64 -0.0687072
15.65 -0.0690464
15.66 -0.0693933
15.67 -0.0697416
15.68 -0.070085
15.69 -0.0704172
15.7 -0.0707322
15.71 -0.0710239
15.72 -0.0712863
15.73 -0.0715135
15.74 -0.0716994
15.75 -0.0718382
15.76 -0.071924
15.77 -0.071951
15.78 -0.0719138
15.79 -0.0718069
15.8 -0.0716254
15.81 -0.0713645
15.82 -0.0710202
15.83 -0.0705885
15.84 -0.0700666
15.85 -0.0694518
15.86 -0.068742
15.87 -0.0679358
15.88 -0.0670316
15.89 -0.0660288
15.9 -0.0649269
15.91 -0.0637259
15.92 -0.0624263
15.93 -0.0610284
15.94 -0.0595331
15.95 -0.0579412
15.96 -0.0562543
15.97 -0.0544746
15.98 -0.0526045
15.99 -0.0506474
16 -0.0486072
16.01 -0.0464885
16.02 -0.0442969
16.03 -0.0420389
16.04 -0.0397222
16.05 -0.0373554
16.06 -0.0349478
16.07 -0.0325092
16.08 -0.0300495
16.09 -0.0275771
16.1 -0.025098
16.11 -0.0226168
16.12 -0.0201381
16.13 -0.0176668
16.14 -0.0152076
16.15 -0.0127655
16.16 -0.0103455
16.17 -0.00795263
16.18 -0.00559213
16.19 -0.00326921
16.2 -0.00098904
16.21 0.0012434
16.22 0.00342344
16.23 0.00554687
16.24 0.00761014
16.25 0.00961051
16.26 0.0115461
16.27 0.0134156
16.28 0.0152185
16.29 0.0169544
16.3 0.018623
16.31 0.0202243
16.32 0.0217585
16.33 0.0232257
16.34 0.0246266
16.35 0.0259614
16.36 0.0272309
16.37 0.0284356
16.38 0.0295762
16.39 0.0306533
16.4 0.0316678
16.41 0.0326206
16.42 0.0335126
16.43 0.0343446
16.44 0.0351172
16.45 0.0358312
16.46 0.0364871
16.47 0.0370855
16.48 0.037627
16.49 0.0381123
16.5 0.0385418
16.51 0.0389159
16.52 0.0392353
16.53 0.0395003
16.54 0.0397116
16.55 0.0398696
16.56 0.0399748
16.57 0.0400276
16.58 0.0400281
16.59 0.0399763
16.6 0.0398723
16.61 0.0397159
16.62 0.0395068
16.63 0.0392444
16.64 0.0389281
16.65 0.0385567
16.66 0.0381289
16.67 0.0376432
16.68 0.0370979
16.69 0.0364908
16.7 0.0358197
16.71 0.0350825
16.72 0.0342777
16.73 0.033404
16.74 0.0324611
16.75 0.0314493
16.76 0.0303693
16.77 0.0292223
16.78 0.0280095
16.79 0.0267329
16.8 0.0253947
16.81 0.0239973
16.82 0.0225435
16.83 0.021036
16.84 0.0194781
16.85 0.017873
16.86 0.0162239
16.87 0.0145342
16.88 0.012807
16.89 0.0110454
16.9 0.00925235
16.91 0.00743068
16.92 0.00558319
16.93 0.00371269
16.94 0.00182216
16.95 -8.53456e-05
16.96 -0.00200667
16.97 -0.00393855
16.98 -0.00587761
16.99 -0.0078204
17 -0.00976338
17.01 -0.011703
17.02 -0.0136356
17.03 -0.0155577
17.04 -0.0174659
17.05 -0.0193569
17.06 -0.0212274
17.07 -0.0230743
17.08 -0.0248941
17.09 -0.0266837
17.1 -0.02844
17.11 -0.03016
17.12 -0.0318409
17.13 -0.0334799
17.14 -0.0350742
17.15 -0.0366212
17.16 -0.0381182
17.17 -0.039563
17.18 -0.0409533
17.19 -0.0422868
17.2 -0.0435615
17.21 -0.0447753
17.22 -0.0459264
17.23 -0.0470129
17.24 -0.0480333
17.25 -0.0489862
17.26 -0.0498703
17.27 -0.0506849
17.28 -0.0514292
17.29 -0.0521027
17.3 -0.0527053
17.31 -0.0532369
17.32 -0.0536975
17.33 -0.0540873
17.34 -0.0544068
17.35 -0.0546567
17.36 -0.0548381
17.37 -0.0549526
17.38 -0.0550024
17.39 -0.0549899
17.4 -0.0549185
17.41 -0.054792
17.42 -0.0546145
17.43 -0.0543908
17.44 -0.0541253
17.45 -0.0538224
17.46 -0.0534858
17.47 -0.053119
17.48 -0.0527247
17.49 -0.0523056
17.5 -0.0518641
17.51 -0.0514027
17.52 -0.050924
17.53 -0.0504308
17.54 -0.0499256
17.55 -0.0494111
17.56 -0.04889
17.57 -0.0483643
17.58 -0.0478364
17.59 -0.0473077
17.6 -0.0467799
17.61 -0.0462537
17.62 -0.0457297
17.63 -0.045208
17.64 -0.0446881
17.65 -0.0441692
17.66 -0.0436505
17.67 -0.0431305
17.68 -0.0426077
17.69 -0.0420806
17.7 -0.0415475
17.71 -0.0410069
17.72 -0.0404578
17.73 -0.0398995
17.74 -0.0393316
17.75 -0.0387538
17.76 -0.0381656
17.77 -0.0375663
17.78 -0.0369547
17.79 -0.0363293
17.8 -0.035688
17.81 -0.0350289
17.82 -0.0343496
17.83 -0.0336482
17.84 -0.0329226
17.85 -0.0321708
17.86 -0.0313912
17.87 -0.030582
17.88 -0.0297418
17.89 -0.0288699
17.9 -0.0279658
17.91 -0.0270297
17.92 -0.0260624
17.93 -0.025065
17.94 -0.024039
17.95 -0.0229859
17.96 -0.0219076
17.97 -0.0208061
17.98 -0.0196836
17.99 -0.0185426
18 -0.0173854
18.01 -0.0162146
18.02 -0.0150327
18.03 -0.0138423
18.04 -0.0126459
18.05 -0.0114459
18.06 -0.0102447
18.07 -0.00904451
18.08 -0.00784774
18.09 -0.00665675
18.1 -0.00547391
18.11 -0.00430163
18.12 -0.00314228
18.13 -0.00199815
18.14 -0.000871382
18.15 0.000236047
18.16 0.00132238
18.17 0.00238611
18.18 0.00342593
18.19 0.00444073
18.2 0.00542967
18.21 0.00639208
18.22 0.00732739
18.23 0.00823505
18.24 0.00911444
18.25 0.00996494
18.26 0.0107858
18.27 0.0115764
18.28 0.0123362
18.29 0.0130647
18.3 0.0137616
18.31 0.0144266
18.32 0.0150596
18.33 0.0156607
18.34 0.0162298
18.35 0.016767
18.36 0.0172722
18.37 0.0177453
18.38 0.0181859
18.39 0.0185941
18.4 0.0189697
18.41 0.019313
18.42 0.0196242
18.43 0.0199041
18.44 0.0201536
18.45 0.0203739
18.46 0.0205666
18.47 0.0207336
18.48 0.0208768
18.49 0.0209983
18.5 0.0211003
18.51 0.0211846
18.52 0.0212532
18.53 0.0213075
18.54 0.0213491
18.55 0.0213792
18.56 0.0213987
18.57 0.0214084
18.58 0.0214091
18.59 0.0214015
18.6 0.0213864
18.61 0.0213646
18.62 0.0213369
18.63 0.0213041
18.64 0.0212673
18.65 0.0212271
18.66 0.0211844
18.67 0.0211396
18.68 0.0210926
18.69 0.0210428
18.7 0.0209885
18.71 0.0209273
18.72 0.0208561
18.73 0.0207709
18.74 0.0206675
18.75 0.0205414
18.76 0.0203887
18.77 0.0202053
18.78 0.0199874
18.79 0.0197312
18.8 0.019433
18.81 0.019089
18.82 0.0186955
18.83 0.0182489
18.84 0.0177455
18.85 0.0171819
18.86 0.0165544
18.87 0.0158598
18.88 0.0150948
18.89 0.0142564
18.9 0.0133424
18.91 0.0123507
18.92 0.0112803
18.93 0.0101308
18.94 0.00890259
18.95 0.00759664
18.96 0.00621412
18.97 0.00475635
18.98 0.0032247
18.99 0.00162045
19 -5.52797e-05
19.01 -0.00180163
19.02 -0.0036179
19.03 -0.00550354
19.04 -0.00745795
19.05 -0.00948027
19.06 -0.0115692
19.07 -0.0137231
19.08 -0.0159396
19.09 -0.0182162
19.1 -0.0205499
19.11 -0.0229373
19.12 -0.0253754
19.13 -0.0278612
19.14 -0.0303919
19.15 -0.0329647
19.16 -0.0355763
19.17 -0.0382233
19.18 -0.0409014
19.19 -0.0436055
19.2 -0.0463296
19.21 -0.0490669
19.22 -0.0518102
19.23 -0.0545517
19.24 -0.0572831
19.25 -0.0599968
19.26 -0.0626854
19.27 -0.0653424
19.28 -0.0679621
19.29 -0.0705413
19.3 -0.0730803
19.31 -0.0755797
19.32 -0.0780386
19.33 -0.0804556
19.34 -0.0828293
19.35 -0.0851574
19.36 -0.0874374
19.37 -0.0896664
19.38 -0.0918415
19.39 -0.0939598
19.4 -0.0960185
19.41 -0.0980148
19.42 -0.099946
19.43 -0.101809
19.44 -0.103602
19.45 -0.105321
19.46 -0.106963
19.47 -0.108527
19.48 -0.110009
19.49 -0.111407
19.5 -0.112718
19.51 -0.11394
19.52 -0.115072
19.53 -0.11611
19.54 -0.117054
19.55 -0.117902
19.56 -0.118654
19.57 -0.119309
19.58 -0.119868
19.59 -0.12033
19.6 -0.120696
19.61 -0.120966
19.62 -0.12114
19.63 -0.12122
19.64 -0.121205
19.65 -0.121097
19.66 -0.120896
19.67 -0.120604
19.68 -0.120221
19.69 -0.11975
19.7 -0.119193
19.71 -0.118551
19.72 -0.117829
19.73 -0.117027
19.74 -0.116149
19.75 -0.115198
19.76 -0.114177
19.77 -0.113087
19.78 -0.111933
19.79 -0.110715
19.8 -0.109438
19.81 -0.108103
19.82 -0.106714
19.83 -0.105273
19.84 -0.103785
19.85 -0.102253
19.86 -0.100681
19.87 -0.0990721
19.88 -0.0974316
19.89 -0.0957636
19.9 -0.0940722
19.91 -0.0923617
19.92 -0.0906361
19.93 -0.0888992
19.94 -0.0871547
19.95 -0.0854064
19.96 -0.0836581
19.97 -0.0819139
19.98 -0.0801779
19.99 -0.0784544
20 -0.076748
20.01 -0.0750632
20.02 -0.0734046
20.03 -0.0717764
20.04 -0.0701827
20.05 -0.0686266
20.06 -0.0671108
20.07 -0.0656375
20.08 -0.0642083
20.09 -0.0628242
20.1 -0.0614856
20.11 -0.0601925
20.12 -0.0589448
20.13 -0.0577421
20.14 -0.0565842
20.15 -0.0554708
20.16 -0.0544014
20.17 -0.0533758
20.18 -0.0523937
20.19 -0.051455
20.2 -0.0505599
20.21 -0.0497085
20.22 -0.0489015
20.23 -0.0481391
20.24 -0.0474216
20.25 -0.0467493
20.26 -0.0461222
20.27 -0.0455406
20.28 -0.0450049
20.29 -0.0445155
20.3 -0.044073
20.31 -0.043678
20.32 -0.0433314
20.33 -0.0430339
20.34 -0.0427863
20.35 -0.0425892
20.36 -0.0424431
20.37 -0.0423481
20.38 -0.042304
20.39 -0.04231
20.4 -0.0423649
20.41 -0.0424668
20.42 -0.0426137
20.43 -0.0428032
20.44 -0.0430324
20.45 -0.0432987
20.46 -0.0435994
20.47 -0.0439315
20.48 -0.0442923
20.49 -0.0446788
20.5 -0.0450877
20.51 -0.0455161
20.52 -0.0459607
20.53 -0.0464182
20.54 -0.0468853
20.55 -0.0473587
20.56 -0.0478351
20.57 -0.0483115
20.58 -0.048785
20.59 -0.0492533
20.6 -0.0497146
20.61 -0.0501677
20.62 -0.0506116
20.63 -0.0510457
20.64 -0.0514693
20.65 -0.0518821
20.66 -0.0522834
20.67 -0.0526729
20.68 -0.0530501
20.69 -0.0534144
20.7 -0.0537652
20.71 -0.0541016
20.72 -0.054423
20.73 -0.0547284
20.74 -0.0550171
20.75 -0.0552884
20.76 -0.0555416
20.77 -0.055776
20.78 -0.0559909
20.79 -0.0561853
20.8 -0.0563579
20.81 -0.0565073
20.82 -0.0566315
20.83 -0.0567282
20.84 -0.056795
20.85 -0.0568295
20.86 -0.0568299
20.87 -0.0567943
20.88 -0.0567214
20.89 -0.0566104
20.9 -0.0564608
20.91 -0.0562723
20.92 -0.056045
20.93 -0.0557789
20.94 -0.0554742
20.95 -0.0551313
20.96 -0.0547508
20.97 -0.0543335
20.98 -0.0538808
20.99 -0.0533943
21 -0.0528762
21.01 -0.0523291
21.02 -0.051756
21.03 -0.0511605
21.04 -0.0505463
21.05 -0.0499173
21.06 -0.0492773
21.07 -0.04863
21.08 -0.0479792
21.09 -0.0473286
21.1 -0.0466821
21.11 -0.046043
21.12 -0.0454147
21.13 -0.0447999
21.14 -0.0442011
21.15 -0.0436205
21.16 -0.0430602
21.17 -0.042522
21.18 -0.042008
21.19 -0.0415197
21.2 -0.0410591
21.21 -0.0406278
21.22 -0.0402273
21.23 -0.0398593
21.24 -0.0395251
21.25 -0.0392261
21.26 -0.0389631
21.27 -0.038737
21.28 -0.0385482
21.29 -0.0383968
21.3 -0.0382828
21.31 -0.0382059
21.32 -0.0381658
21.33 -0.0381623
21.34 -0.0381952
21.35 -0.0382644
21.36 -0.0383702
21.37 -0.0385127
21.38 -0.0386923
21.39 -0.0389098
21.4 -0.0391658
21.41 -0.0394614
21.42 -0.0397975
21.43 -0.040175
21.44 -0.040595
21.45 -0.0410582
21.46 -0.041565
21.47 -0.0421157
21.48 -0.0427104
21.49 -0.0433489
21.5 -0.0440311
21.51 -0.0447567
21.52 -0.0455256
21.53 -0.0463371
21.54 -0.0471906
21.55 -0.0480856
21.56 -0.0490212
21.57 -0.0499966
21.58 -0.0510111
21.59 -0.0520642
21.6 -0.0531555
21.61 -0.0542843
21.62 -0.0554501
21.63 -0.056652
21.64 -0.0578889
21.65 -0.0591591
21.66 -0.0604607
21.67 -0.0617914
21.68 -0.0631486
21.69 -0.0645297
21.7 -0.0659317
21.71 -0.0673521
21.72 -0.0687879
21.73 -0.0702364
21.74 -0.0716945
21.75 -0.073159
21.76 -0.0746265
21.77 -0.0760933
21.78 -0.0775555
21.79 -0.0790092
21.8 -0.0804505
21.81 -0.0818755
21.82 -0.0832806
21.83 -0.0846628
21.84 -0.0860191
21.85 -0.0873471
21.86 -0.0886447
21.87 -0.0899098
21.88 -0.0911409
21.89 -0.0923366
21.9 -0.0934956
21.91 -0.0946167
21.92 -0.0956986
21.93 -0.0967399
21.94 -0.0977392
21.95 -0.098695
21.96 -0.0996059
21.97 -0.100471
21.98 -0.101288
21.99 -0.102058
22 -0.102781
22.01 -0.103458
22.02 -0.104088
22.03 -0.104674
22.04 -0.105216
22.05 -0.105716
22.06 -0.106174
22.07 -0.10659
22.08 -0.106962
22.09 -0.107292
22.1 -0.107576
22.11 -0.107814
22.12 -0.108006
22.13 -0.108149
22.14 -0.108243
22.15 -0.108287
22.16 -0.10828
22.17 -0.108223
22.18 -0.108115
22.19 -0.107957
22.2 -0.107748
22.21 -0.107489
22.22 -0.10718
22.23 -0.106822
22.24 -0.106414
22.25 -0.105956
22.26 -0.105449
22.27 -0.104892
22.28 -0.104286
22.29 -0.103632
22.3 -0.10293
22.31 -0.102182
22.32 -0.101389
22.33 -0.100554
22.34 -0.0996793
22.35 -0.0987675
22.36 -0.0978216
22.37 -0.0968444
22.38 -0.0958389
22.39 -0.0948079
22.4 -0.093754
22.41 -0.0926799
22.42 -0.0915879
22.43 -0.0904803
22.44 -0.0893592
22.45 -0.0882267
22.46 -0.0870847
22.47 -0.0859348
22.48 -0.0847784
22.49 -0.0836166
22.5 -0.0824503
22.51 -0.0812802
22.52 -0.0801066
22.53 -0.0789298
22.54 -0.0777498
22.55 -0.0765666
22.56 -0.0753803
22.57 -0.0741907
22.58 -0.0729977
22.59 -0.0718011
22.6 -0.0706007
22.61 -0.0693965
22.62 -0.0681882
22.63 -0.0669759
22.64 -0.0657598
22.65 -0.0645401
22.66 -0.0633177
22.67 -0.0620934
22.68 -0.0608686
22.69 -0.0596449
22.7 -0.0584237
22.71 -0.0572066
22.72 -0.0559948
22.73 -0.0547896
22.74 -0.0535921
22.75 -0.0524033
22.76 -0.0512244
22.77 -0.0500565
22.78 -0.0489009
22.79 -0.0477589
22.8 -0.0466319
22.81 -0.0455212
22.82 -0.0444281
22.83 -0.043354
22.84 -0.0423001
22.85 -0.0412679
22.86 -0.0402587
22.87 -0.0392738
22.88 -0.0383146
22.89 -0.0373827
22.9 -0.0364796
22.91 -0.0356071
22.92 -0.0347669
22.93 -0.0339612
22.94 -0.0331919
22.95 -0.0324612
22.96 -0.0317714
22.97 -0.031125
22.98 -0.0305241
22.99 -0.0299707
23 -0.0294662
23.01 -0.0290116
23.02 -0.0286072
23.03 -0.0282533
23.04 -0.0279496
23.05 -0.0276957
23.06 -0.0274908
23.07 -0.0273344
23.08 -0.0272261
23.09 -0.0271657
23.1 -0.0271532
23.11 -0.0271885
23.12 -0.0272717
23.13 -0.0274025
23.14 -0.0275808
23.15 -0.027806
23.16 -0.0280777
23.17 -0.0283953
23.18 -0.0287579
23.19 -0.0291647
23.2 -0.0296145
23.21 -0.030106
23.22 -0.0306379
23.23 -0.0312089
23.24 -0.0318176
23.25 -0.0324624
23.26 -0.0331419
23.27 -0.0338545
23.28 -0.0345985
23.29 -0.0353719
23.3 -0.0361728
23.31 -0.0369989
23.32 -0.037848
23.33 -0.0387178
23.34 -0.039606
23.35 -0.0405104
23.36 -0.0414289
23.37 -0.0423594
23.38 -0.0433001
23.39 -0.0442493
23.4 -0.0452055
23.41 -0.0461675
23.42 -0.0471342
23.43 -0.0481051
23.44 -0.0490793
23.45 -0.0500565
23.46 -0.0510364
23.47 -0.0520185
23.48 -0.0530022
23.49 -0.0539864
23.5 -0.0549702
23.51 -0.0559521
23.52 -0.0569307
23.53 -0.0579047
23.54 -0.0588726
23.55 -0.0598328
23.56 -0.0607839
23.57 -0.0617243
23.58 -0.0626524
23.59 -0.0635664
23.6 -0.0644646
23.61 -0.0653452
23.62 -0.0662066
23.63 -0.0670469
23.64 -0.0678642
23.65 -0.0686566
23.66 -0.0694223
23.67 -0.0701595
23.68 -0.0708666
23.69 -0.0715421
23.7 -0.0721849
23.71 -0.0727941
23.72 -0.0733689
23.73 -0.0739089
23.74 -0.0744139
23.75 -0.074884
23.76 -0.0753197
23.77 -0.0757218
23.78 -0.0760918
23.79 -0.0764312
23.8 -0.0767423
23.81 -0.0770272
23.82 -0.0772881
23.83 -0.0775272
23.84 -0.0777468
23.85 -0.0779489
23.86 -0.0781357
23.87 -0.0783094
23.88 -0.078472
23.89 -0.0786257
23.9 -0.0787726
23.91 -0.0789153
23.92 -0.0790563
23.93 -0.0791982
23.94 -0.0793435
23.95 -0.0794949
23.96 -0.0796545
23.97 -0.0798243
23.98 -0.080006
23.99 -0.0802005
24 -0.0804083
24.01 -0.0806294
24.02 -0.0808635
24.03 -0.0811098
24.04 -0.0813669
24.05 -0.0816331
24.06 -0.0819056
24.07 -0.0821815
24.08 -0.0824572
24.09 -0.0827294
24.1 -0.0829946
24.11 -0.0832496
24.12 -0.0834915
24.13 -0.083718
24.14 -0.0839271
24.15 -0.0841175
24.16 -0.0842886
24.17 -0.0844401
24.18 -0.084572
24.19 -0.0846844
24.2 -0.0847773
24.21 -0.0848512
24.22 -0.0849066
24.23 -0.0849439
24.24 -0.0849641
24.25 -0.0849679
24.26 -0.0849562
24.27 -0.0849304
24.28 -0.0848916
24.29 -0.0848415
24.3 -0.0847818
24.31 -0.0847147
24.32 -0.0846422
24.33 -0.0845662
24.34 -0.0844883
24.35 -0.0844093
24.36 -0.0843296
24.37 -0.0842493
24.38 -0.0841682
24.39 -0.0840857
24.4 -0.0840014
24.41 -0.0839147
24.42 -0.083825
24.43 -0.083732
24.44 -0.0836355
24.45 -0.0835355
24.46 -0.0834319
24.47 -0.0833248
24.48 -0.0832139
24.49 -0.0830991
24.5 -0.0829802
24.51 -0.0828569
24.52 -0.0827289
24.53 -0.0825962
24.54 -0.0824586
24.55 -0.0823161
24.56 -0.082169
24.57 -0.0820176
24.58 -0.0818624
24.59 -0.081704
24.6 -0.0815433
24.61 -0.0813809
24.62 -0.0812176
24.63 -0.0810541
24.64 -0.080891
24.65 -0.080729
24.66 -0.0805683
24.67 -0.0804089
24.68 -0.0802508
24.69 -0.0800934
24.7 -0.0799363
24.71 -0.0797787
24.72 -0.0796198
24.73 -0.0794587
24.74 -0.0792946
24.75 -0.0791265
24.76 -0.0789536
24.77 -0.0787747
24.78 -0.0785889
24.79 -0.0783955
24.8 -0.0781939
24.81 -0.0779837
24.82 -0.0777647
24.83 -0.0775368
24.84 -0.0773003
24.85 -0.0770556
24.86 -0.076803
24.87 -0.0765431
24.88 -0.0762767
24.89 -0.0760046
24.9 -0.0757281
24.91 -0.0754484
24.92 -0.0751672
24.93 -0.074886
24.94 -0.0746068
24.95 -0.0743313
24.96 -0.0740614
24.97 -0.0737989
24.98 -0.0735456
24.99 -0.0733032
25 -0.0730733
