0.01 3.17579e-09
0.02 1.53011e-08
0.03 3.77972e-08
0.04 6.8328e-08
0.05 1.04599e-07
0.06 1.44379e-07
0.07 1.85522e-07
0.08 2.25959e-07
0.09 2.63685e-07
0.1 2.9676e-07
0.11 3.23329e-07
0.12 3.41623e-07
0.13 3.49925e-07
0.14 3.46513e-07
0.15 3.29646e-07
0.16 2.97625e-07
0.17 2.48841e-07
0.18 1.81789e-07
0.19 9.50758e-08
0.2 -1.25614e-08
0.21 -1.42249e-07
0.22 -2.94972e-07
0.23 -4.71576e-07
0.24 -6.7279e-07
0.25 -8.99254e-07
0.26 -1.15158e-06
0.27 -1.4304e-06
0.28 -1.73621e-06
0.29 -2.06912e-06
0.3 -2.42879e-06
0.31 -2.8143e-06
0.32 -3.2242e-06
0.33 -3.65625e-06
0.34 -4.10733e-06
0.35 -4.57375e-06
0.36 -5.05145e-06
0.37 -5.53613e-06
0.38 -6.02383e-06
0.39 -6.51174e-06
0.4 -6.99875e-06
0.41 -7.48581e-06
0.42 -7.97545e-06
0.43 -8.47118e-06
0.44 -8.97758e-06
0.45 -9.50013e-06
0.46 -1.00447e-05
0.47 -1.06173e-05
0.48 -1.12232e-05
0.49 -1.18669e-05
0.5 -1.2552e-05
0.51 -1.32814e-05
0.52 -1.40575e-05
0.53 -1.4882e-05
0.54 -1.57557e-05
0.55 -1.66795e-05
0.56 -1.76534e-05
0.57 -1.86772e-05
0.58 -1.97503e-05
0.59 -2.08723e-05
0.6 -2.20423e-05
0.61 -2.32595e-05
0.62 -2.45228e-05
0.63 -2.58308e-05
0.64 -2.71822e-05
0.65 -2.85755e-05
0.66 -3.00096e-05
0.67 -3.14834e-05
0.68 -3.29961e-05
0.69 -3.45471e-05
0.7 -3.61358e-05
0.71 -3.77615e-05
0.72 -3.94225e-05
0.73 -4.11157e-05
0.74 -4.28361e-05
0.75 -4.45758e-05
0.76 -4.63239e-05
0.77 -4.80672e-05
0.78 -4.97907e-05
0.79 -5.14804e-05
0.8 -5.31246e-05
0.81 -5.47147e-05
0.82 -5.62445e-05
0.83 -5.77095e-05
0.84 -5.91073e-05
0.85 -6.0439e-05
0.86 -6.17086e-05
0.87 -6.29189e-05
0.88 -6.4068e-05
0.89 -6.51483e-05
0.9 -6.61492e-05
0.91 -6.70584e-05
0.92 -6.78635e-05
0.93 -6.85539e-05
0.94 -6.91233e-05
0.95 -6.95713e-05
0.96 -6.9904e-05
0.97 -7.0133e-05
0.98 -7.02707e-05
0.99 -7.0325e-05
1 -7.02977e-05
1.01 -7.01846e-05
1.02 -6.99762e-05
1.03 -6.96581e-05
1.04 -6.92137e-05
1.05 -6.86264e-05
1.06 -6.78832e-05
1.07 -6.69759e-05
1.08 -6.58998e-05
1.09 -6.46511e-05
1.1 -6.32261e-05
1.11 -6.16223e-05
1.12 -5.98374e-05
1.13 -5.78677e-05
1.14 -5.57083e-05
1.15 -5.33547e-05
1.16 -5.08048e-05
1.17 -4.8061e-05
1.18 -4.5133e-05
1.19 -4.20355e-05
1.2 -3.87853e-05
1.21 -3.54024e-05
1.22 -3.19117e-05
1.23 -2.83398e-05
1.24 -2.47095e-05
1.25 -2.10322e-05
1.26 -1.73031e-05
1.27 -1.3506e-05
1.28 -9.62284e-06
1.29 -5.6367e-06
1.3 -1.53226e-06
1.31 2.69905e-06
1.32 7.05666e-06
1.33 1.15335e-05
1.34 1.61213e-05
1.35 2.08143e-05
1.36 2.56092e-05
1.37 3.05053e-05
1.38 3.55039e-05
1.39 4.06072e-05
1.4 4.58157e-05
1.41 5.11258e-05
1.42 5.65255e-05
1.43 6.19905e-05
1.44 6.74801e-05
1.45 7.29354e-05
1.46 7.82811e-05
1.47 8.34314e-05
1.48 8.82977e-05
1.49 9.27893e-05
1.5 9.68171e-05
1.51 0.000100299
1.52 0.00010316
1.53 0.000105342
1.54 0.000106812
1.55 0.000107566
1.56 0.000107636
1.57 0.000107077
1.58 0.000105962
1.59 0.000104372
1.6 0.000102385
1.61 0.000100068
1.62 9.74848e-05
1.63 9.4687e-05
1.64 9.17204e-05
1.65 8.86234e-05
1.66 8.54245e-05
1.67 8.21408e-05
1.68 7.878e-05
1.69 7.53463e-05
1.7 7.1844e-05
1.71 6.82773e-05
1.72 6.46513e-05
1.73 6.0974e-05
1.74 5.72597e-05
1.75 5.35331e-05
1.76 4.98243e-05
1.77 4.61621e-05
1.78 4.25778e-05
1.79 3.91109e-05
1.8 3.58062e-05
1.81 3.27095e-05
1.82 2.98671e-05
1.83 2.73236e-05
1.84 2.51122e-05
1.85 2.32485e-05
1.86 2.17359e-05
1.87 2.05742e-05
1.88 1.97663e-05
1.89 1.93188e-05
1.9 1.92419e-05
1.91 1.95495e-05
1.92 2.0259e-05
1.93 2.13897e-05
1.94 2.29488e-05
1.95 2.49156e-05
1.96 2.7241e-05
1.97 2.98522e-05
1.98 3.26576e-05
1.99 3.55579e-05
2 3.84675e-05
2.01 4.13318e-05
2.02 4.41301e-05
2.03 4.68723e-05
2.04 4.95959e-05
2.05 5.23562e-05
2.06 5.52157e-05
2.07 5.82347e-05
2.08 6.14547e-05
2.09 6.48873e-05
2.1 6.85122e-05
2.11 7.22801e-05
2.12 7.61103e-05
2.13 7.98864e-05
2.14 8.34672e-05
2.15 8.66998e-05
2.16 8.94222e-05
2.17 9.14705e-05
2.18 9.26808e-05
2.19 9.28822e-05
2.2 9.189e-05
2.21 8.95119e-05
2.22 8.55596e-05
2.23 7.98547e-05
2.24 7.2235e-05
2.25 6.25492e-05
2.26 5.06625e-05
2.27 3.64825e-05
2.28 1.99658e-05
2.29 1.10531e-06
2.3 -2.00733e-05
2.31 -4.3511e-05
2.32 -6.91095e-05
2.33 -9.67185e-05
2.34 -0.000126131
2.35 -0.00015709
2.36 -0.000189294
2.37 -0.000222413
2.38 -0.000256095
2.39 -0.000289968
2.4 -0.000323654
2.41 -0.000356815
2.42 -0.000389172
2.43 -0.000420483
2.44 -0.000450531
2.45 -0.000479114
2.46 -0.000506051
2.47 -0.000531189
2.48 -0.000554408
2.49 -0.000575607
2.5 -0.000594686
2.51 -0.000611531
2.52 -0.000626015
2.53 -0.000638013
2.54 -0.000647404
2.55 -0.000654068
2.56 -0.00065789
2.57 -0.00065879
2.58 -0.000656742
2.59 -0.00065178
2.6 -0.000643992
2.61 -0.000633503
2.62 -0.000620454
2.63 -0.000604983
2.64 -0.000587216
2.65 -0.00056726
2.66 -0.000545206
2.67 -0.000521136
2.68 -0.000495128
2.69 -0.000467273
2.7 -0.000437681
2.71 -0.000406464
2.72 -0.000373743
2.73 -0.000339638
2.74 -0.000304254
2.75 -0.000267675
2.76 -0.000229979
2.77 -0.000191242
2.78 -0.000151515
2.79 -0.000110807
2.8 -6.90953e-05
2.81 -2.63305e-05
2.82 1.75354e-05
2.83 6.25161e-05
2.84 0.000108585
2.85 0.000155677
2.86 0.000203689
2.87 0.000252479
2.88 0.000301845
2.89 0.000351541
2.9 0.000401293
2.91 0.000450815
2.92 0.000499805
2.93 0.000547953
2.94 0.000594956
2.95 0.000640522
2.96 0.000684381
2.97 0.00072631
2.98 0.00076615
2.99 0.000803793
3 0.000839165
3.01 0.000872222
3.02 0.000902925
3.03 0.000931223
3.04 0.000957047
3.05 0.000980301
3.06 0.00100086
3.07 0.00101855
3.08 0.00103317
3.09 0.00104451
3.1 0.00105238
3.11 0.0010566
3.12 0.0010571
3.13 0.00105385
3.14 0.0010469
3.15 0.00103633
3.16 0.00102226
3.17 0.00100482
3.18 0.000984163
3.19 0.000960461
3.2 0.000933863
3.21 0.000904516
3.22 0.000872603
3.23 0.000838345
3.24 0.00080201
3.25 0.000763901
3.26 0.000724341
3.27 0.000683691
3.28 0.000642368
3.29 0.000600802
3.3 0.000559411
3.31 0.000518615
3.32 0.000478837
3.33 0.000440455
3.34 0.000403755
3.35 0.000368903
3.36 0.000335936
3.37 0.000304766
3.38 0.000275196
3.39 0.000246928
3.4 0.000219568
3.41 0.000192652
3.42 0.000165674
3.43 0.000138126
3.44 0.000109517
3.45 7.93801e-05
3.46 4.72852e-05
3.47 1.28812e-05
3.48 -2.40573e-05
3.49 -6.36103e-05
3.5 -0.000105719
3.51 -0.000150202
3.52 -0.000196763
3.53 -0.000245009
3.54 -0.000294485
3.55 -0.000344724
3.56 -0.00039531
3.57 -0.000445882
3.58 -0.000496096
3.59 -0.000545611
3.6 -0.00059413
3.61 -0.00064142
3.62 -0.000687304
3.63 -0.000731661
3.64 -0.000774428
3.65 -0.000815601
3.66 -0.00085523
3.67 -0.000893442
3.68 -0.000930432
3.69 -0.000966442
3.7 -0.00100171
3.71 -0.00103647
3.72 -0.00107092
3.73 -0.00110528
3.74 -0.00113968
3.75 -0.00117422
3.76 -0.00120898
3.77 -0.00124401
3.78 -0.0012793
3.79 -0.0013148
3.8 -0.00135046
3.81 -0.00138613
3.82 -0.00142162
3.83 -0.00145672
3.84 -0.00149118
3.85 -0.00152475
3.86 -0.00155721
3.87 -0.00158842
3.88 -0.00161834
3.89 -0.00164704
3.9 -0.00167472
3.91 -0.00170169
3.92 -0.00172838
3.93 -0.00175529
3.94 -0.00178295
3.95 -0.00181191
3.96 -0.0018427
3.97 -0.00187577
3.98 -0.00191149
3.99 -0.00195005
4 -0.00199148
4.01 -0.00203569
4.02 -0.00208243
4.03 -0.00213134
4.04 -0.00218193
4.05 -0.0022336
4.06 -0.00228563
4.07 -0.00233718
4.08 -0.00238727
4.09 -0.00243481
4.1 -0.00247861
4.11 -0.00251749
4.12 -0.00255033
4.13 -0.00257617
4.14 -0.0025943
4.15 -0.00260423
4.16 -0.00260582
4.17 -0.00259926
4.18 -0.00258501
4.19 -0.00256379
4.2 -0.0025365
4.21 -0.00250418
4.22 -0.00246793
4.23 -0.00242883
4.24 -0.00238782
4.25 -0.00234575
4.26 -0.00230341
4.27 -0.0022615
4.28 -0.0022206
4.29 -0.00218115
4.3 -0.00214342
4.31 -0.00210757
4.32 -0.0020736
4.33 -0.00204143
4.34 -0.00201084
4.35 -0.00198146
4.36 -0.00195278
4.37 -0.00192416
4.38 -0.00189488
4.39 -0.00186414
4.4 -0.00183112
4.41 -0.00179495
4.42 -0.00175473
4.43 -0.00170959
4.44 -0.00165869
4.45 -0.00160126
4.46 -0.00153669
4.47 -0.0014646
4.48 -0.00138477
4.49 -0.00129718
4.5 -0.00120186
4.51 -0.00109888
4.52 -0.00098844
4.53 -0.000870831
4.54 -0.000746484
4.55 -0.00061593
4.56 -0.000479785
4.57 -0.000338749
4.58 -0.000193595
4.59 -4.51583e-05
4.6 0.000105686
4.61 0.000258058
4.62 0.000411125
4.63 0.000564115
4.64 0.000716307
4.65 0.000867056
4.66 0.00101581
4.67 0.00116216
4.68 0.00130586
4.69 0.00144678
4.7 0.00158489
4.71 0.00172015
4.72 0.00185252
4.73 0.00198195
4.74 0.00210835
4.75 0.00223157
4.76 0.00235137
4.77 0.00246747
4.78 0.00257953
4.79 0.00268727
4.8 0.00279035
4.81 0.00288841
4.82 0.00298104
4.83 0.00306785
4.84 0.00314845
4.85 0.00322242
4.86 0.00328933
4.87 0.00334878
4.88 0.00340046
4.89 0.00344408
4.9 0.0034794
4.91 0.00350624
4.92 0.00352449
4.93 0.0035341
4.94 0.00353506
4.95 0.0035274
4.96 0.00351117
4.97 0.00348649
4.98 0.00345356
4.99 0.00341264
5 0.00336406
5.01 0.00330817
5.02 0.00324525
5.03 0.00317552
5.04 0.00309905
5.05 0.00301584
5.06 0.00292574
5.07 0.00282848
5.08 0.00272371
5.09 0.002611
5.1 0.00248994
5.11 0.00236003
5.12 0.00222084
5.13 0.00207204
5.14 0.00191337
5.15 0.00174473
5.16 0.00156622
5.17 0.0013782
5.18 0.00118122
5.19 0.00097601
5.2 0.000763427
5.21 0.000544487
5.22 0.000320296
5.23 9.19759e-05
5.24 -0.000139378
5.25 -0.000372681
5.26 -0.000606804
5.27 -0.000840555
5.28 -0.0010727
5.29 -0.00130201
5.3 -0.0015273
5.31 -0.00174743
5.32 -0.00196135
5.33 -0.00216818
5.34 -0.00236729
5.35 -0.00255823
5.36 -0.00274082
5.37 -0.00291516
5.38 -0.00308164
5.39 -0.00324077
5.4 -0.00339316
5.41 -0.00353942
5.42 -0.00368016
5.43 -0.00381591
5.44 -0.00394705
5.45 -0.00407381
5.46 -0.00419628
5.47 -0.00431441
5.48 -0.00442813
5.49 -0.00453731
5.5 -0.00464176
5.51 -0.00474119
5.52 -0.00483525
5.53 -0.00492363
5.54 -0.00500598
5.55 -0.00508193
5.56 -0.0051511
5.57 -0.00521315
5.58 -0.00526785
5.59 -0.00531505
5.6 -0.00535465
5.61 -0.00538652
5.62 -0.00541054
5.63 -0.00542655
5.64 -0.00543439
5.65 -0.00543389
5.66 -0.00542493
5.67 -0.00540734
5.68 -0.00538094
5.69 -0.00534548
5.7 -0.00530066
5.71 -0.00524611
5.72 -0.00518139
5.73 -0.00510603
5.74 -0.00501955
5.75 -0.00492149
5.76 -0.0048114
5.77 -0.00468891
5.78 -0.00455381
5.79 -0.00440602
5.8 -0.00424569
5.81 -0.00407317
5.82 -0.00388907
5.83 -0.00369424
5.84 -0.00348977
5.85 -0.00327694
5.86 -0.00305714
5.87 -0.00283186
5.88 -0.00260262
5.89 -0.00237098
5.9 -0.00213845
5.91 -0.00190646
5.92 -0.0016763
5.93 -0.00144914
5.94 -0.00122597
5.95 -0.00100762
5.96 -0.000794664
5.97 -0.000587368
5.98 -0.000385694
5.99 -0.000189357
6 2.14742e-06
6.01 0.000189495
6.02 0.000373436
6.03 0.000554758
6.04 0.000734278
6.05 0.00091282
6.06 0.00109116
6.07 0.00126994
6.08 0.00144962
6.09 0.00163047
6.1 0.00181263
6.11 0.00199612
6.12 0.00218082
6.13 0.00236648
6.14 0.00255276
6.15 0.00273936
6.16 0.00292599
6.17 0.0031125
6.18 0.00329892
6.19 0.0034855
6.2 0.00367259
6.21 0.00386062
6.22 0.00405007
6.23 0.0042415
6.24 0.00443544
6.25 0.00463241
6.26 0.00483289
6.27 0.00503734
6.28 0.00524621
6.29 0.00545996
6.3 0.0056791
6.31 0.00590414
6.32 0.00613566
6.33 0.00637429
6.34 0.00662068
6.35 0.00687547
6.36 0.00713927
6.37 0.00741245
6.38 0.00769509
6.39 0.00798692
6.4 0.00828745
6.41 0.00859598
6.42 0.00891173
6.43 0.00923395
6.44 0.00956196
6.45 0.00989528
6.46 0.0102337
6.47 0.0105771
6.48 0.0109256
6.49 0.0112791
6.5 0.0116373
6.51 0.0119996
6.52 0.0123651
6.53 0.0127322
6.54 0.013099
6.55 0.0134634
6.56 0.0138225
6.57 0.0141732
6.58 0.0145126
6.59 0.0148372
6.6 0.0151441
6.61 0.0154306
6.62 0.0156944
6.63 0.0159337
6.64 0.0161467
6.65 0.0163324
6.66 0.0164896
6.67 0.0166171
6.68 0.0167139
6.69 0.0167789
6.7 0.0168111
6.71 0.0168096
6.72 0.0167735
6.73 0.0167021
6.74 0.0165948
6.75 0.0164509
6.76 0.0162704
6.77 0.0160532
6.78 0.0157996
6.79 0.0155098
6.8 0.0151846
6.81 0.0148248
6.82 0.014431
6.83 0.0140043
6.84 0.0135452
6.85 0.0130545
6.86 0.0125328
6.87 0.0119806
6.88 0.0113984
6.89 0.0107866
6.9 0.0101458
6.91 0.00947677
6.92 0.00878071
6.93 0.008059
6.94 0.00731345
6.95 0.00654617
6.96 0.00575953
6.97 0.00495598
6.98 0.00413788
6.99 0.00330736
7 0.00246626
7.01 0.00161608
7.02 0.000757964
7.03 -0.00010707
7.04 -0.000978031
7.05 -0.0018538
7.06 -0.00273297
7.07 -0.00361377
7.08 -0.00449405
7.09 -0.00537131
7.1 -0.00624279
7.11 -0.00710556
7.12 -0.00795665
7.13 -0.0087933
7.14 -0.00961315
7.15 -0.0104143
7.16 -0.0111953
7.17 -0.0119552
7.18 -0.0126932
7.19 -0.0134089
7.2 -0.0141017
7.21 -0.0147714
7.22 -0.0154173
7.23 -0.0160387
7.24 -0.0166344
7.25 -0.0172031
7.26 -0.0177433
7.27 -0.0182533
7.28 -0.0187317
7.29 -0.019177
7.3 -0.0195883
7.31 -0.0199649
7.32 -0.0203065
7.33 -0.0206132
7.34 -0.0208851
7.35 -0.0211228
7.36 -0.0213263
7.37 -0.0214958
7.38 -0.0216311
7.39 -0.0217317
7.4 -0.0217967
7.41 -0.0218253
7.42 -0.0218164
7.43 -0.0217692
7.44 -0.021683
7.45 -0.0215575
7.46 -0.021393
7.47 -0.02119
7.48 -0.0209495
7.49 -0.020673
7.5 -0.0203623
7.51 -0.0200198
7.52 -0.0196478
7.53 -0.0192491
7.54 -0.0188262
7.55 -0.0183818
7.56 -0.0179185
7.57 -0.0174387
7.58 -0.0169451
7.59 -0.0164403
7.6 -0.0159268
7.61 -0.0154074
7.62 -0.0148843
7.63 -0.0143595
7.64 -0.0138346
7.65 -0.0133106
7.66 -0.0127882
7.67 -0.0122673
7.68 -0.0117472
7.69 -0.0112269
7.7 -0.0107046
7.71 -0.0101783
7.72 -0.00964578
7.73 -0.00910535
7.74 -0.00855555
7.75 -0.00799551
7.76 -0.00742484
7.77 -0.00684357
7.78 -0.00625206
7.79 -0.00565096
7.8 -0.00504125
7.81 -0.00442418
7.82 -0.00380122
7.83 -0.00317407
7.84 -0.00254462
7.85 -0.00191494
7.86 -0.00128717
7.87 -0.000663498
7.88 -4.61142e-05
7.89 0.000562924
7.9 0.00116175
7.91 0.00174872
7.92 0.00232243
7.93 0.00288182
7.94 0.00342609
7.95 0.00395475
7.96 0.00446752
7.97 0.00496437
7.98 0.00544544
7.99 0.00591107
8 0.0063616
8.01 0.00679735
8.02 0.00721855
8.03 0.00762529
8.04 0.0080175
8.05 0.00839484
8.06 0.00875672
8.07 0.0091023
8.08 0.00943063
8.09 0.0097407
8.1 0.0100316
8.11 0.0103026
8.12 0.0105535
8.13 0.0107843
8.14 0.0109956
8.15 0.0111881
8.16 0.0113629
8.17 0.0115215
8.18 0.0116653
8.19 0.0117959
8.2 0.0119148
8.21 0.0120234
8.22 0.0121229
8.23 0.0122146
8.24 0.0122992
8.25 0.0123777
8.26 0.0124507
8.27 0.0125184
8.28 0.012581
8.29 0.0126385
8.3 0.0126903
8.31 0.0127355
8.32 0.0127728
8.33 0.0128003
8.34 0.0128155
8.35 0.0128155
8.36 0.0127976
8.37 0.0127587
8.38 0.0126963
8.39 0.0126081
8.4 0.0124925
8.41 0.0123486
8.42 0.0121761
8.43 0.0119751
8.44 0.0117461
8.45 0.0114903
8.46 0.011209
8.47 0.0109042
8.48 0.0105781
8.49 0.0102333
8.5 0.00987244
8.51 0.0094981
8.52 0.00911288
8.53 0.0087191
8.54 0.00831864
8.55 0.00791295
8.56 0.00750308
8.57 0.00708982
8.58 0.00667375
8.59 0.00625531
8.6 0.0058349
8.61 0.00541294
8.62 0.00498996
8.63 0.00456673
8.64 0.0041443
8.65 0.00372402
8.66 0.00330754
8.67 0.00289673
8.68 0.00249364
8.69 0.00210037
8.7 0.00171895
8.71 0.0013514
8.72 0.000999619
8.73 0.000665256
8.74 0.00034971
8.75 5.4123e-05
8.76 -0.000220685
8.77 -0.000474303
8.78 -0.00070672
8.79 -0.000918267
8.8 -0.00110961
8.81 -0.00128175
8.82 -0.00143594
8.83 -0.00157358
8.84 -0.00169602
8.85 -0.00180449
8.86 -0.00190007
8.87 -0.00198371
8.88 -0.00205626
8.89 -0.00211835
8.9 -0.00217034
8.91 -0.00221236
8.92 -0.00224434
8.93 -0.00226607
8.94 -0.00227731
8.95 -0.00227788
8.96 -0.00226768
8.97 -0.00224673
8.98 -0.00221513
8.99 -0.00217316
9 -0.0021213
9.01 -0.00206036
9.02 -0.0019914
9.03 -0.00191582
9.04 -0.00183523
9.05 -0.00175136
9.06 -0.00166589
9.07 -0.00158035
9.08 -0.0014961
9.09 -0.00141435
9.1 -0.00133614
9.11 -0.0012625
9.12 -0.00119442
9.13 -0.00113283
9.14 -0.00107865
9.15 -0.00103273
9.16 -0.00099579
9.17 -0.000968274
9.18 -0.000950238
9.19 -0.000941301
9.2 -0.00094061
9.21 -0.000946776
9.22 -0.000957859
9.23 -0.000971437
9.24 -0.000984764
9.25 -0.000995023
9.26 -0.000999575
9.27 -0.000996122
9.28 -0.000982823
9.29 -0.000958398
9.3 -0.000922072
9.31 -0.000873353
9.32 -0.000811895
9.33 -0.000737484
9.34 -0.000650017
9.35 -0.000549461
9.36 -0.000435852
9.37 -0.000309298
9.38 -0.000169966
9.39 -1.80821e-05
9.4 0.000145988
9.41 0.000321647
9.42 0.000508012
9.43 0.00070384
9.44 0.000907449
9.45 0.00111669
9.46 0.00132908
9.47 0.00154193
9.48 0.00175252
9.49 0.00195828
9.5 0.00215692
9.51 0.00234656
9.52 0.00252574
9.53 0.00269339
9.54 0.00284873
9.55 0.00299113
9.56 0.00311998
9.57 0.00323459
9.58 0.00333412
9.59 0.00341747
9.6 0.00348336
9.61 0.00353047
9.62 0.00355749
9.63 0.00356332
9.64 0.00354715
9.65 0.00350856
9.66 0.00344753
9.67 0.00336443
9.68 0.00325997
9.69 0.00313522
9.7 0.00299143
9.71 0.00282995
9.72 0.0026521
9.73 0.0024591
9.74 0.00225202
9.75 0.00203168
9.76 0.00179864
9.77 0.00155321
9.78 0.00129553
9.79 0.00102554
9.8 0.000742998
9.81 0.000447466
9.82 0.00013836
9.83 -0.000185021
9.84 -0.000523484
9.85 -0.000877913
9.86 -0.00124918
9.87 -0.00163804
9.88 -0.00204504
9.89 -0.00247057
9.9 -0.0029148
9.91 -0.00337759
9.92 -0.00385846
9.93 -0.0043566
9.94 -0.00487087
9.95 -0.00539982
9.96 -0.00594179
9.97 -0.00649506
9.98 -0.00705801
9.99 -0.0076292
10 -0.00820739
10.01 -0.00879151
10.02 -0.00938076
10.03 -0.00997457
10.04 -0.0105725
10.05 -0.0111741
10.06 -0.0117788
10.07 -0.0123858
10.08 -0.012994
10.09 -0.0136022
10.1 -0.0142092
10.11 -0.0148134
10.12 -0.0154134
10.13 -0.0160077
10.14 -0.0165952
10.15 -0.0171748
10.16 -0.0177457
10.17 -0.0183069
10.18 -0.0188577
10.19 -0.0193971
10.2 -0.0199242
10.21 -0.0204375
10.22 -0.0209359
10.23 -0.021418
10.24 -0.0218824
10.25 -0.0223278
10.26 -0.022753
10.27 -0.0231569
10.28 -0.0235384
10.29 -0.0238966
10.3 -0.0242308
10.31 -0.0245401
10.32 -0.0248238
10.33 -0.025081
10.34 -0.0253108
10.35 -0.0255125
10.36 -0.0256854
10.37 -0.0258287
10.38 -0.0259419
10.39 -0.0260244
10.4 -0.0260755
10.41 -0.0260948
10.42 -0.0260815
10.43 -0.0260348
10.44 -0.0259537
10.45 -0.025837
10.46 -0.0256836
10.47 -0.0254921
10.48 -0.0252615
10.49 -0.0249908
10.5 -0.0246796
10.51 -0.0243276
10.52 -0.0239352
10.53 -0.023503
10.54 -0.0230319
10.55 -0.0225229
10.56 -0.0219775
10.57 -0.0213969
10.58 -0.0207826
10.59 -0.0201361
10.6 -0.0194591
10.61 -0.0187531
10.62 -0.0180199
10.63 -0.0172613
10.64 -0.0164795
10.65 -0.0156765
10.66 -0.0148545
10.67 -0.0140161
10.68 -0.0131635
10.69 -0.0122991
10.7 -0.0114251
10.71 -0.0105435
10.72 -0.00965609
10.73 -0.00876464
10.74 -0.00787071
10.75 -0.00697581
10.76 -0.0060814
10.77 -0.00518883
10.78 -0.00429935
10.79 -0.00341408
10.8 -0.00253408
10.81 -0.00166034
10.82 -0.000793798
10.83 6.47105e-05
10.84 0.000914396
10.85 0.00175449
10.86 0.00258418
10.87 0.00340256
10.88 0.00420864
10.89 0.00500141
10.9 0.00577981
10.91 0.00654278
10.92 0.00728933
10.93 0.00801867
10.94 0.00873026
10.95 0.00942382
10.96 0.0100993
10.97 0.010757
10.98 0.0113973
10.99 0.0120205
11 0.0126272
11.01 0.0132176
11.02 0.0137919
11.03 0.0143502
11.04 0.0148925
11.05 0.0154185
11.06 0.0159277
11.07 0.0164199
11.08 0.0168946
11.09 0.0173512
11.1 0.0177893
11.11 0.0182083
11.12 0.0186078
11.13 0.0189878
11.14 0.0193479
11.15 0.019688
11.16 0.0200081
11.17 0.0203082
11.18 0.0205887
11.19 0.0208502
11.2 0.0210935
11.21 0.0213196
11.22 0.0215299
11.23 0.0217256
11.24 0.021908
11.25 0.022078
11.26 0.0222363
11.27 0.0223828
11.28 0.0225172
11.29 0.0226391
11.3 0.0227476
11.31 0.0228422
11.32 0.022922
11.33 0.0229865
11.34 0.0230353
11.35 0.0230683
11.36 0.0230859
11.37 0.0230887
11.38 0.0230778
11.39 0.0230538
11.4 0.0230177
11.41 0.0229704
11.42 0.0229123
11.43 0.0228438
11.44 0.022765
11.45 0.0226759
11.46 0.0225762
11.47 0.0224658
11.48 0.0223447
11.49 0.0222132
11.5 0.022072
11.51 0.0219221
11.52 0.0217649
11.53 0.021602
11.54 0.0214352
11.55 0.0212663
11.56 0.0210968
11.57 0.0209281
11.58 0.0207612
11.59 0.0205971
11.6 0.0204363
11.61 0.0202796
11.62 0.0201276
11.63 0.019981
11.64 0.0198405
11.65 0.0197068
11.66 0.0195805
11.67 0.0194623
11.68 0.0193526
11.69 0.0192519
11.7 0.0191606
11.71 0.0190785
11.72 0.0190055
11.73 0.018941
11.74 0.0188841
11.75 0.0188335
11.76 0.0187875
11.77 0.0187441
11.78 0.0187007
11.79 0.018654
11.8 0.0186008
11.81 0.018538
11.82 0.0184625
11.83 0.0183718
11.84 0.0182635
11.85 0.0181358
11.86 0.017987
11.87 0.0178159
11.88 0.0176209
11.89 0.0174011
11.9 0.0171552
11.91 0.0168824
11.92 0.0165819
11.93 0.0162531
11.94 0.0158956
11.95 0.0155089
11.96 0.0150928
11.97 0.0146471
11.98 0.014172
11.99 0.0136676
12 0.0131345
12.01 0.0125736
12.02 0.0119859
12.03 0.0113728
12.04 0.010736
12.05 0.0100774
12.06 0.00939932
12.07 0.00870392
12.08 0.00799345
12.09 0.00726993
12.1 0.00653512
12.11 0.00579054
12.12 0.00503744
12.13 0.00427677
12.14 0.00350911
12.15 0.0027347
12.16 0.00195354
12.17 0.00116547
12.18 0.000370273
12.19 -0.000432241
12.2 -0.0012423
12.21 -0.00206009
12.22 -0.00288563
12.23 -0.0037188
12.24 -0.00455945
12.25 -0.00540734
12.26 -0.00626205
12.27 -0.00712297
12.28 -0.00798933
12.29 -0.00886023
12.3 -0.00973457
12.31 -0.0106111
12.32 -0.0114885
12.33 -0.0123648
12.34 -0.0132383
12.35 -0.0141066
12.36 -0.0149674
12.37 -0.0158183
12.38 -0.0166564
12.39 -0.0174787
12.4 -0.0182823
12.41 -0.0190641
12.42 -0.0198211
12.43 -0.0205504
12.44 -0.0212495
12.45 -0.0219157
12.46 -0.0225466
12.47 -0.0231398
12.48 -0.0236927
12.49 -0.0242025
12.5 -0.0246658
12.51 -0.025079
12.52 -0.0254381
12.53 -0.0257389
12.54 -0.0259773
12.55 -0.0261491
12.56 -0.0262508
12.57 -0.026279
12.58 -0.0262311
12.59 -0.0261045
12.6 -0.0258969
12.61 -0.0256062
12.62 -0.0252306
12.63 -0.0247688
12.64 -0.0242199
12.65 -0.0235834
12.66 -0.0228593
12.67 -0.0220481
12.68 -0.0211507
12.69 -0.0201688
12.7 -0.0191047
12.71 -0.017961
12.72 -0.016741
12.73 -0.0154479
12.74 -0.0140854
12.75 -0.0126572
12.76 -0.0111672
12.77 -0.00961914
12.78 -0.0080169
12.79 -0.0063643
12.8 -0.00466522
12.81 -0.00292361
12.82 -0.00114359
12.83 0.000670545
12.84 0.00251441
12.85 0.00438358
12.86 0.00627366
12.87 0.00818038
12.88 0.0100996
12.89 0.0120276
12.9 0.0139607
12.91 0.0158957
12.92 0.0178291
12.93 0.0197576
12.94 0.0216779
12.95 0.0235866
12.96 0.02548
12.97 0.0273546
12.98 0.0292066
12.99 0.0310326
13 0.0328288
13.01 0.0345918
13.02 0.0363184
13.03 0.0380055
13.04 0.0396506
13.05 0.0412509
13.06 0.042804
13.07 0.0443074
13.08 0.0457582
13.09 0.0471538
13.1 0.048491
13.11 0.0497667
13.12 0.0509778
13.13 0.0521209
13.14 0.0531932
13.15 0.0541919
13.16 0.0551146
13.17 0.0559599
13.18 0.0567278
13.19 0.0574185
13.2 0.0580323
13.21 0.0585692
13.22 0.0590296
13.23 0.0594135
13.24 0.0597211
13.25 0.0599524
13.26 0.0601075
13.27 0.0601861
13.28 0.0601882
13.29 0.0601132
13.3 0.059961
13.31 0.0597312
13.32 0.0594234
13.33 0.0590372
13.34 0.0585721
13.35 0.0580277
13.36 0.0574037
13.37 0.0567003
13.38 0.0559178
13.39 0.0550566
13.4 0.0541179
13.41 0.0531028
13.42 0.0520128
13.43 0.05085
13.44 0.0496168
13.45 0.0483157
13.46 0.0469497
13.47 0.0455224
13.48 0.0440371
13.49 0.0424979
13.5 0.0409087
13.51 0.0392736
13.52 0.0375971
13.53 0.0358835
13.54 0.0341375
13.55 0.0323637
13.56 0.0305672
13.57 0.0287526
13.58 0.0269249
13.59 0.0250887
13.6 0.0232483
13.61 0.021408
13.62 0.0195718
13.63 0.0177439
13.64 0.0159283
13.65 0.0141289
13.66 0.0123496
13.67 0.0105943
13.68 0.00886674
13.69 0.00717047
13.7 0.0055088
13.71 0.00388478
13.72 0.00230124
13.73 0.000760745
13.74 -0.00073449
13.75 -0.0021826
13.76 -0.00358211
13.77 -0.00493201
13.78 -0.00623178
13.79 -0.00748138
13.8 -0.0086813
13.81 -0.00983264
13.82 -0.010937
13.83 -0.0119962
13.84 -0.013012
13.85 -0.0139854
13.86 -0.0149168
13.87 -0.0158062
13.88 -0.0166533
13.89 -0.0174581
13.9 -0.0182207
13.91 -0.018941
13.92 -0.0196191
13.93 -0.0202554
13.94 -0.0208501
13.95 -0.0214036
13.96 -0.0219164
13.97 -0.022389
13.98 -0.0228219
13.99 -0.0232157
14 -0.0235711
14.01 -0.023889
14.02 -0.0241703
14.03 -0.0244161
14.04 -0.0246273
14.05 -0.0248049
14.06 -0.02495
14.07 -0.0250637
14.08 -0.0251476
14.09 -0.0252033
14.1 -0.0252326
14.11 -0.025238
14.12 -0.025222
14.13 -0.0251876
14.14 -0.025138
14.15 -0.0250771
14.16 -0.0250086
14.17 -0.0249369
14.18 -0.0248659
14.19 -0.0247997
14.2 -0.0247423
14.21 -0.0246977
14.22 -0.0246697
14.23 -0.0246622
14.24 -0.0246792
14.25 -0.0247245
14.26 -0.0248024
14.27 -0.0249167
14.28 -0.0250713
14.29 -0.0252698
14.3 -0.0255155
14.31 -0.0258112
14.32 -0.0261594
14.33 -0.0265619
14.34 -0.0270202
14.35 -0.0275354
14.36 -0.0281088
14.37 -0.0287415
14.38 -0.029435
14.39 -0.0301907
14.4 -0.0310101
14.41 -0.0318944
14.42 -0.032845
14.43 -0.0338629
14.44 -0.0349486
14.45 -0.0361023
14.46 -0.0373233
14.47 -0.0386106
14.48 -0.0399624
14.49 -0.0413769
14.5 -0.0428519
14.51 -0.044385
14.52 -0.0459741
14.53 -0.0476168
14.54 -0.0493109
14.55 -0.0510553
14.56 -0.0528503
14.57 -0.0546971
14.58 -0.0565964
14.59 -0.0585492
14.6 -0.0605561
14.61 -0.0626175
14.62 -0.0647334
14.63 -0.0669032
14.64 -0.0691254
14.65 -0.0713979
14.66 -0.0737174
14.67 -0.0760802
14.68 -0.0784822
14.69 -0.0809194
14.7 -0.0833881
14.71 -0.0858849
14.72 -0.0884061
14.73 -0.0909477
14.74 -0.0935043
14.75 -0.0960697
14.76 -0.0986373
14.77 -0.1012
14.78 -0.103752
14.79 -0.106285
14.8 -0.108794
14.81 -0.111272
14.82 -0.113711
14.83 -0.116107
14.84 -0.118451
14.85 -0.120738
14.86 -0.122961
14.87 -0.125115
14.88 -0.127193
14.89 -0.129188
14.9 -0.131094
14.91 -0.132905
14.92 -0.134614
14.93 -0.136214
14.94 -0.137699
14.95 -0.139061
14.96 -0.140294
14.97 -0.141392
14.98 -0.14235
14.99 -0.143161
15 -0.143823
15.01 -0.144334
15.02 -0.144693
15.03 -0.144901
15.04 -0.144961
15.05 -0.144874
15.06 -0.144644
15.07 -0.144275
15.08 -0.143774
15.09 -0.143146
15.1 -0.142397
15.11 -0.141532
15.12 -0.140559
15.13 -0.139483
15.14 -0.138312
15.15 -0.137052
15.16 -0.13571
15.17 -0.134293
15.18 -0.132807
15.19 -0.131257
15.2 -0.129649
15.21 -0.127988
15.22 -0.12628
15.23 -0.12453
15.24 -0.122745
15.25 -0.120932
15.26 -0.119097
15.27 -0.117248
15.28 -0.115392
15.29 -0.113537
15.3 -0.111692
15.31 -0.109863
15.32 -0.108056
15.33 -0.106276
15.34 -0.10453
15.35 -0.102823
15.36 -0.101159
15.37 -0.0995435
15.38 -0.0979824
15.39 -0.0964805
15.4 -0.0950426
15.41 -0.0936731
15.42 -0.0923757
15.43 -0.0911537
15.44 -0.0900096
15.45 -0.0889455
15.46 -0.0879626
15.47 -0.0870616
15.48 -0.0862423
15.49 -0.0855035
15.5 -0.0848428
15.51 -0.0842571
15.52 -0.083742
15.53 -0.0832928
15.54 -0.0829048
15.55 -0.0825728
15.56 -0.0822919
15.57 -0.0820569
15.58 -0.0818627
15.59 -0.081704
15.6 -0.0815754
15.61 -0.0814717
15.62 -0.0813874
15.63 -0.081317
15.64 -0.0812552
15.65 -0.0811962
15.66 -0.0811347
15.67 -0.0810649
15.68 -0.0809815
15.69 -0.0808791
15.7 -0.0807525
15.71 -0.0805965
15.72 -0.0804061
15.73 -0.0801761
15.74 -0.0799014
15.75 -0.0795769
15.76 -0.0791977
15.77 -0.0787588
15.78 -0.0782554
15.79 -0.0776831
15.8 -0.0770376
15.81 -0.0763148
15.82 -0.0755114
15.83 -0.0746243
15.84 -0.0736511
15.85 -0.0725897
15.86 -0.0714388
15.87 -0.0701973
15.88 -0.0688644
15.89 -0.0674395
15.9 -0.0659229
15.91 -0.0643149
15.92 -0.0626162
15.93 -0.0608276
15.94 -0.05895
15.95 -0.0569847
15.96 -0.0549334
15.97 -0.0527983
15.98 -0.050582
15.99 -0.048288
16 -0.04592
16.01 -0.0434829
16.02 -0.040982
16.03 -0.0384239
16.04 -0.035816
16.05 -0.0331656
16.06 -0.0304784
16.07 -0.0277593
16.08 -0.0250133
16.09 -0.0222453
16.1 -0.0194601
16.11 -0.0166625
16.12 -0.0138571
16.13 -0.011049
16.14 -0.00824275
16.15 -0.00544349
16.16 -0.00265626
16.17 0.000113823
16.18 0.00286153
16.19 0.00558158
16.2 0.00826876
16.21 0.010918
16.22 0.0135246
16.23 0.0160843
16.24 0.0185935
16.25 0.0210493
16.26 0.0234498
16.27 0.0257938
16.28 0.0280805
16.29 0.0303095
16.3 0.0324805
16.31 0.0345934
16.32 0.0366482
16.33 0.0386453
16.34 0.0405849
16.35 0.0424676
16.36 0.0442937
16.37 0.0460638
16.38 0.0477785
16.39 0.0494385
16.4 0.0510445
16.41 0.0525974
16.42 0.054098
16.43 0.055547
16.44 0.056945
16.45 0.0582927
16.46 0.0595905
16.47 0.0608391
16.48 0.062039
16.49 0.0631906
16.5 0.0642945
16.51 0.065351
16.52 0.0663606
16.53 0.0673237
16.54 0.0682408
16.55 0.0691123
16.56 0.0699388
16.57 0.0707203
16.58 0.0714571
16.59 0.0721491
16.6 0.0727962
16.61 0.073398
16.62 0.0739537
16.63 0.0744623
16.64 0.0749225
16.65 0.0753326
16.66 0.0756904
16.67 0.0759936
16.68 0.0762392
16.69 0.0764242
16.7 0.076545
16.71 0.0765982
16.72 0.0765806
16.73 0.0764896
16.74 0.0763232
16.75 0.0760801
16.76 0.0757594
16.77 0.0753607
16.78 0.0748837
16.79 0.0743287
16.8 0.0736964
16.81 0.0729877
16.82 0.0722038
16.83 0.0713461
16.84 0.0704163
16.85 0.0694161
16.86 0.0683475
16.87 0.0672123
16.88 0.0660126
16.89 0.06475
16.9 0.0634263
16.91 0.0620432
16.92 0.0606023
16.93 0.0591054
16.94 0.0575545
16.95 0.0559516
16.96 0.0542991
16.97 0.0525993
16.98 0.050855
16.99 0.0490688
17 0.0472437
17.01 0.0453827
17.02 0.0434889
17.03 0.0415655
17.04 0.0396156
17.05 0.0376421
17.06 0.0356482
17.07 0.0336371
17.08 0.031612
17.09 0.0295761
17.1 0.0275328
17.11 0.0254852
17.12 0.0234365
17.13 0.0213899
17.14 0.0193486
17.15 0.0173158
17.16 0.0152946
17.17 0.0132883
17.18 0.0112998
17.19 0.00933213
17.2 0.00738839
17.21 0.00547159
17.22 0.00358472
17.23 0.00173068
17.24 -8.77306e-05
17.25 -0.00186783
17.26 -0.0036071
17.27 -0.0053032
17.28 -0.006954
17.29 -0.00855758
17.3 -0.0101121
17.31 -0.0116159
17.32 -0.0130673
17.33 -0.0144648
17.34 -0.0158072
17.35 -0.0170933
17.36 -0.0183224
17.37 -0.0194943
17.38 -0.0206093
17.39 -0.0216679
17.4 -0.0226716
17.41 -0.0236221
17.42 -0.0245218
17.43 -0.0253734
17.44 -0.0261795
17.45 -0.0269423
17.46 -0.0276639
17.47 -0.0283455
17.48 -0.0289883
17.49 -0.0295929
17.5 -0.0301599
17.51 -0.03069
17.52 -0.0311839
17.53 -0.0316427
17.54 -0.0320672
17.55 -0.0324586
17.56 -0.0328179
17.57 -0.0331461
17.58 -0.0334446
17.59 -0.033714
17.6 -0.0339549
17.61 -0.0341672
17.62 -0.0343504
17.63 -0.0345037
17.64 -0.0346257
17.65 -0.0347149
17.66 -0.0347693
17.67 -0.0347867
17.68 -0.0347647
17.69 -0.0347007
17.7 -0.0345924
17.71 -0.0344377
17.72 -0.0342347
17.73 -0.0339823
17.74 -0.0336795
17.75 -0.0333255
17.76 -0.0329196
17.77 -0.0324606
17.78 -0.0319473
17.79 -0.0313778
17.8 -0.0307502
17.81 -0.0300622
17.82 -0.0293118
17.83 -0.028497
17.84 -0.0276159
17.85 -0.026667
17.86 -0.0256486
17.87 -0.0245597
17.88 -0.0233991
17.89 -0.0221667
17.9 -0.0208624
17.91 -0.0194872
17.92 -0.0180426
17.93 -0.0165303
17.94 -0.0149526
17.95 -0.013312
17.96 -0.0116111
17.97 -0.00985303
17.98 -0.00804091
17.99 -0.0061782
18 -0.00426846
18.01 -0.00231532
18.02 -0.000322507
18.03 0.00170619
18.04 0.00376697
18.05 0.00585612
18.06 0.00796992
18.07 0.0101047
18.08 0.0122567
18.09 0.0144221
18.1 0.016597
18.11 0.0187775
18.12 0.0209598
18.13 0.02314
18.14 0.0253143
18.15 0.0274792
18.16 0.0296313
18.17 0.0317675
18.18 0.0338848
18.19 0.0359805
18.2 0.0380522
18.21 0.0400973
18.22 0.0421139
18.23 0.0440996
18.24 0.0460521
18.25 0.0479693
18.26 0.0498488
18.27 0.0516882
18.28 0.0534855
18.29 0.0552386
18.3 0.0569456
18.31 0.0586046
18.32 0.0602142
18.33 0.0617729
18.34 0.0632791
18.35 0.0647316
18.36 0.0661288
18.37 0.0674693
18.38 0.0687515
18.39 0.069974
18.4 0.0711356
18.41 0.0722353
18.42 0.0732723
18.43 0.0742462
18.44 0.075157
18.45 0.0760057
18.46 0.0767948
18.47 0.077527
18.48 0.0782048
18.49 0.0788306
18.5 0.079407
18.51 0.0799361
18.52 0.0804202
18.53 0.080861
18.54 0.0812602
18.55 0.0816192
18.56 0.0819391
18.57 0.082221
18.58 0.0824657
18.59 0.0826739
18.6 0.0828467
18.61 0.0829848
18.62 0.0830892
18.63 0.0831608
18.64 0.0832005
18.65 0.0832093
18.66 0.0831879
18.67 0.0831367
18.68 0.0830559
18.69 0.0829449
18.7 0.0828024
18.71 0.0826262
18.72 0.0824134
18.73 0.0821604
18.74 0.0818632
18.75 0.0815181
18.76 0.0811213
18.77 0.0806694
18.78 0.080159
18.79 0.0795869
18.8 0.0789498
18.81 0.0782447
18.82 0.0774685
18.83 0.0766182
18.84 0.0756908
18.85 0.0746835
18.86 0.0735933
18.87 0.0724178
18.88 0.0711543
18.89 0.0698007
18.9 0.0683553
18.91 0.066817
18.92 0.0651853
18.93 0.0634606
18.94 0.0616442
18.95 0.0597376
18.96 0.0577428
18.97 0.0556619
18.98 0.0534969
18.99 0.0512499
19 0.0489228
19.01 0.046517
19.02 0.0440341
19.03 0.0414753
19.04 0.0388418
19.05 0.0361352
19.06 0.0333576
19.07 0.0305111
19.08 0.0275988
19.09 0.0246239
19.1 0.0215902
19.11 0.0185012
19.12 0.0153609
19.13 0.0121728
19.14 0.0089402
19.15 0.00566662
19.16 0.00235569
19.17 -0.0009885
19.18 -0.00436117
19.19 -0.00775672
19.2 -0.0111687
19.21 -0.0145899
19.22 -0.0180124
19.23 -0.0214281
19.24 -0.0248283
19.25 -0.0282049
19.26 -0.0315525
19.27 -0.0348706
19.28 -0.0381598
19.29 -0.0414198
19.3 -0.0446503
19.31 -0.0478506
19.32 -0.0510198
19.33 -0.0541567
19.34 -0.0572596
19.35 -0.0603263
19.36 -0.0633541
19.37 -0.0663401
19.38 -0.0692813
19.39 -0.0721748
19.4 -0.0750178
19.41 -0.0778073
19.42 -0.0805405
19.43 -0.0832146
19.44 -0.0858267
19.45 -0.0883739
19.46 -0.0908535
19.47 -0.0932627
19.48 -0.0955988
19.49 -0.0978589
19.5 -0.100041
19.51 -0.102142
19.52 -0.10416
19.53 -0.106094
19.54 -0.107941
19.55 -0.1097
19.56 -0.111371
19.57 -0.112953
19.58 -0.114446
19.59 -0.115851
19.6 -0.117167
19.61 -0.118394
19.62 -0.119533
19.63 -0.120585
19.64 -0.12155
19.65 -0.122428
19.66 -0.12322
19.67 -0.123928
19.68 -0.12455
19.69 -0.12509
19.7 -0.125547
19.71 -0.125922
19.72 -0.126217
19.73 -0.126434
19.74 -0.126572
19.75 -0.126634
19.76 -0.12662
19.77 -0.126531
19.78 -0.126367
19.79 -0.126128
19.8 -0.125816
19.81 -0.125432
19.82 -0.124975
19.83 -0.124448
19.84 -0.123852
19.85 -0.123189
19.86 -0.122461
19.87 -0.121669
19.88 -0.120818
19.89 -0.119908
19.9 -0.118944
19.91 -0.117926
19.92 -0.116859
19.93 -0.115744
19.94 -0.114584
19.95 -0.113381
19.96 -0.112138
19.97 -0.110857
19.98 -0.109541
19.99 -0.108195
20 -0.106821
20.01 -0.105423
20.02 -0.104006
20.03 -0.102572
20.04 -0.101126
20.05 -0.0996688
20.06 -0.0982043
20.07 -0.0967338
20.08 -0.0952589
20.09 -0.0937804
20.1 -0.0922988
20.11 -0.0908142
20.12 -0.0893266
20.13 -0.0878362
20.14 -0.086343
20.15 -0.0848472
20.16 -0.083349
20.17 -0.0818488
20.18 -0.080347
20.19 -0.0788445
20.2 -0.0773423
20.21 -0.0758417
20.22 -0.0743443
20.23 -0.0728517
20.24 -0.0713653
20.25 -0.0698867
20.26 -0.0684175
20.27 -0.0669594
20.28 -0.0655142
20.29 -0.0640841
20.3 -0.0626712
20.31 -0.061278
20.32 -0.059907
20.33 -0.0585608
20.34 -0.057242
20.35 -0.0559533
20.36 -0.054697
20.37 -0.0534753
20.38 -0.05229
20.39 -0.0511423
20.4 -0.0500331
20.41 -0.0489627
20.42 -0.0479312
20.43 -0.0469382
20.44 -0.0459832
20.45 -0.0450655
20.46 -0.0441846
20.47 -0.0433399
20.48 -0.0425305
20.49 -0.0417556
20.5 -0.0410142
20.51 -0.0403053
20.52 -0.0396276
20.53 -0.03898
20.54 -0.0383611
20.55 -0.0377695
20.56 -0.0372039
20.57 -0.036663
20.58 -0.0361458
20.59 -0.0356518
20.6 -0.0351809
20.61 -0.0347333
20.62 -0.0343098
20.63 -0.0339111
20.64 -0.0335381
20.65 -0.0331916
20.66 -0.0328725
20.67 -0.0325815
20.68 -0.0323193
20.69 -0.0320863
20.7 -0.0318828
20.71 -0.0317089
20.72 -0.0315646
20.73 -0.0314499
20.74 -0.0313645
20.75 -0.0313082
20.76 -0.031281
20.77 -0.0312823
20.78 -0.0313118
20.79 -0.0313686
20.8 -0.0314515
20.81 -0.0315591
20.82 -0.0316893
20.83 -0.0318397
20.84 -0.0320074
20.85 -0.03219
20.86 -0.0323849
20.87 -0.0325898
20.88 -0.0328028
20.89 -0.0330222
20.9 -0.0332469
20.91 -0.0334757
20.92 -0.0337075
20.93 -0.0339415
20.94 -0.0341768
20.95 -0.0344123
20.96 -0.0346476
20.97 -0.0348821
20.98 -0.0351157
20.99 -0.0353486
21 -0.0355815
21.01 -0.0358153
21.02 -0.0360515
21.03 -0.0362919
21.04 -0.0365385
21.05 -0.0367934
21.06 -0.0370586
21.07 -0.037336
21.08 -0.0376275
21.09 -0.0379349
21.1 -0.0382602
21.11 -0.0386048
21.12 -0.0389701
21.13 -0.0393569
21.14 -0.0397659
21.15 -0.0401971
21.16 -0.0406508
21.17 -0.041127
21.18 -0.0416256
21.19 -0.0421465
21.2 -0.0426896
21.21 -0.0432547
21.22 -0.0438417
21.23 -0.0444503
21.24 -0.0450801
21.25 -0.0457307
21.26 -0.0464015
21.27 -0.0470915
21.28 -0.0477996
21.29 -0.0485245
21.3 -0.0492645
21.31 -0.0500181
21.32 -0.0507835
21.33 -0.0515592
21.34 -0.0523438
21.35 -0.0531361
21.36 -0.053935
21.37 -0.0547399
21.38 -0.05555
21.39 -0.0563653
21.4 -0.0571855
21.41 -0.0580108
21.42 -0.0588416
21.43 -0.0596783
21.44 -0.0605211
21.45 -0.0613704
21.46 -0.0622263
21.47 -0.0630887
21.48 -0.0639573
21.49 -0.0648321
21.5 -0.0657127
21.51 -0.0665989
21.52 -0.0674905
21.53 -0.0683871
21.54 -0.0692885
21.55 -0.0701941
21.56 -0.0711036
21.57 -0.0720167
21.58 -0.0729332
21.59 -0.0738531
21.6 -0.0747767
21.61 -0.0757042
21.62 -0.0766356
21.63 -0.0775712
21.64 -0.0785104
21.65 -0.0794529
21.66 -0.0803976
21.67 -0.0813434
21.68 -0.0822888
21.69 -0.0832323
21.7 -0.0841723
21.71 -0.0851075
21.72 -0.0860362
21.73 -0.0869571
21.74 -0.0878684
21.75 -0.0887684
21.76 -0.0896551
21.77 -0.0905264
21.78 -0.0913797
21.79 -0.0922127
21.8 -0.0930229
21.81 -0.0938081
21.82 -0.0945661
21.83 -0.0952954
21.84 -0.0959945
21.85 -0.0966627
21.86 -0.0972991
21.87 -0.0979034
21.88 -0.0984753
21.89 -0.0990151
21.9 -0.0995227
21.91 -0.0999985
21.92 -0.100442
21.93 -0.100855
21.94 -0.101235
21.95 -0.101583
21.96 -0.101899
21.97 -0.102182
21.98 -0.102434
21.99 -0.102654
22 -0.102844
22.01 -0.103005
22.02 -0.10314
22.03 -0.10325
22.04 -0.103339
22.05 -0.103406
22.06 -0.103454
22.07 -0.103484
22.08 -0.103495
22.09 -0.103486
22.1 -0.103458
22.11 -0.10341
22.12 -0.103341
22.13 -0.103251
22.14 -0.103138
22.15 -0.103002
22.16 -0.102843
22.17 -0.102661
22.18 -0.102456
22.19 -0.102227
22.2 -0.101976
22.21 -0.101702
22.22 -0.101406
22.23 -0.101087
22.24 -0.100745
22.25 -0.10038
22.26 -0.099991
22.27 -0.0995782
22.28 -0.0991414
22.29 -0.0986804
22.3 -0.0981956
22.31 -0.0976875
22.32 -0.0971574
22.33 -0.0966067
22.34 -0.096037
22.35 -0.0954502
22.36 -0.0948483
22.37 -0.0942333
22.38 -0.0936071
22.39 -0.0929715
22.4 -0.0923282
22.41 -0.0916787
22.42 -0.0910242
22.43 -0.090366
22.44 -0.089705
22.45 -0.0890423
22.46 -0.0883784
22.47 -0.0877138
22.48 -0.0870488
22.49 -0.0863833
22.5 -0.085717
22.51 -0.0850494
22.52 -0.0843796
22.53 -0.0837067
22.54 -0.0830296
22.55 -0.082347
22.56 -0.0816578
22.57 -0.0809607
22.58 -0.0802545
22.59 -0.0795378
22.6 -0.0788094
22.61 -0.078068
22.62 -0.0773123
22.63 -0.0765413
22.64 -0.0757542
22.65 -0.0749503
22.66 -0.0741293
22.67 -0.0732911
22.68 -0.0724363
22.69 -0.0715654
22.7 -0.0706791
22.71 -0.0697782
22.72 -0.0688629
22.73 -0.0679339
22.74 -0.0669916
22.75 -0.0660364
22.76 -0.0650686
22.77 -0.0640891
22.78 -0.0630983
22.79 -0.0620973
22.8 -0.0610869
22.81 -0.0600681
22.82 -0.0590418
22.83 -0.0580091
22.84 -0.056971
22.85 -0.0559288
22.86 -0.0548837
22.87 -0.0538368
22.88 -0.0527897
22.89 -0.0517438
22.9 -0.0507008
22.91 -0.0496625
22.92 -0.0486309
22.93 -0.0476084
22.94 -0.0465971
22.95 -0.0455998
22.96 -0.0446189
22.97 -0.0436575
22.98 -0.0427181
22.99 -0.0418034
23 -0.0409153
23.01 -0.0400554
23.02 -0.0392248
23.03 -0.0384245
23.04 -0.037655
23.05 -0.0369166
23.06 -0.0362096
23.07 -0.0355343
23.08 -0.0348912
23.09 -0.0342812
23.1 -0.0337053
23.11 -0.0331644
23.12 -0.0326597
23.13 -0.0321921
23.14 -0.0317625
23.15 -0.0313715
23.16 -0.03102
23.17 -0.0307084
23.18 -0.0304373
23.19 -0.0302069
23.2 -0.0300172
23.21 -0.0298684
23.22 -0.0297604
23.23 -0.029693
23.24 -0.0296662
23.25 -0.0296797
23.26 -0.0297333
23.27 -0.0298267
23.28 -0.0299593
23.29 -0.0301307
23.3 -0.0303398
23.31 -0.0305858
23.32 -0.0308675
23.33 -0.0311838
23.34 -0.0315337
23.35 -0.031916
23.36 -0.0323296
23.37 -0.0327736
23.38 -0.0332472
23.39 -0.0337496
23.4 -0.0342802
23.41 -0.0348389
23.42 -0.0354255
23.43 -0.0360399
23.44 -0.0366824
23.45 -0.0373533
23.46 -0.0380529
23.47 -0.0387814
23.48 -0.0395388
23.49 -0.0403247
23.5 -0.0411383
23.51 -0.0419788
23.52 -0.0428452
23.53 -0.0437364
23.54 -0.0446512
23.55 -0.0455883
23.56 -0.0465464
23.57 -0.047524
23.58 -0.0485196
23.59 -0.0495313
23.6 -0.0505574
23.61 -0.051596
23.62 -0.0526452
23.63 -0.053703
23.64 -0.0547672
23.65 -0.0558355
23.66 -0.0569057
23.67 -0.0579755
23.68 -0.0590427
23.69 -0.0601055
23.7 -0.061162
23.71 -0.0622107
23.72 -0.0632499
23.73 -0.0642786
23.74 -0.0652957
23.75 -0.0663004
23.76 -0.0672923
23.77 -0.0682714
23.78 -0.0692378
23.79 -0.0701924
23.8 -0.0711362
23.81 -0.0720702
23.82 -0.0729955
23.83 -0.0739132
23.84 -0.0748242
23.85 -0.0757296
23.86 -0.0766301
23.87 -0.0775267
23.88 -0.0784202
23.89 -0.0793115
23.9 -0.0802015
23.91 -0.0810914
23.92 -0.0819824
23.93 -0.0828759
23.94 -0.0837731
23.95 -0.0846753
23.96 -0.0855835
23.97 -0.0864985
23.98 -0.0874204
23.99 -0.0883492
24 -0.0892842
24.01 -0.090224
24.02 -0.0911673
24.03 -0.0921121
24.04 -0.0930559
24.05 -0.0939959
24.06 -0.0949284
24.07 -0.0958492
24.08 -0.096754
24.09 -0.0976382
24.1 -0.0984977
24.11 -0.0993282
24.12 -0.100126
24.13 -0.100888
24.14 -0.101611
24.15 -0.102294
24.16 -0.102934
24.17 -0.103532
24.18 -0.104086
24.19 -0.104595
24.2 -0.10506
24.21 -0.105481
24.22 -0.105856
24.23 -0.106187
24.24 -0.106473
24.25 -0.106716
24.26 -0.106915
24.27 -0.107072
24.28 -0.107188
24.29 -0.107264
24.3 -0.107303
24.31 -0.107305
24.32 -0.107273
24.33 -0.107209
24.34 -0.107115
24.35 -0.106991
24.36 -0.106838
24.37 -0.106657
24.38 -0.106447
24.39 -0.106209
24.4 -0.105941
24.41 -0.105645
24.42 -0.105319
24.43 -0.104965
24.44 -0.104582
24.45 -0.104171
24.46 -0.103732
24.47 -0.103267
24.48 -0.102775
24.49 -0.102258
24.5 -0.101715
24.51 -0.101148
24.52 -0.100556
24.53 -0.0999415
24.54 -0.0993042
24.55 -0.0986453
24.56 -0.0979659
24.57 -0.0972672
24.58 -0.0965509
24.59 -0.0958185
24.6 -0.0950719
24.61 -0.0943127
24.62 -0.0935428
24.63 -0.0927639
24.64 -0.0919778
24.65 -0.0911862
24.66 -0.0903903
24.67 -0.0895914
24.68 -0.0887904
24.69 -0.087988
24.7 -0.0871847
24.71 -0.0863808
24.72 -0.0855767
24.73 -0.0847725
24.74 -0.0839686
24.75 -0.083165
24.76 -0.0823618
24.77 -0.081559
24.78 -0.0807568
24.79 -0.0799553
24.8 -0.0791549
24.81 -0.0783563
24.82 -0.0775601
24.83 -0.0767671
24.84 -0.0759786
24.85 -0.0751956
24.86 -0.0744195
24.87 -0.0736517
24.88 -0.0728935
24.89 -0.0721466
24.9 -0.0714128
24.91 -0.0706942
24.92 -0.069993
24.93 -0.0693113
24.94 -0.0686516
24.95 -0.0680162
24.96 -0.0674074
24.97 -0.0668275
24.98 -0.0662786
24.99 -0.0657629
25 -0.0652822
