0.01 3.17637e-09
0.02 1.53054e-08
0.03 3.78136e-08
0.04 6.83716e-08
0.05 1.04693e-07
0.06 1.44556e-07
0.07 1.85822e-07
0.08 2.26431e-07
0.09 2.64387e-07
0.1 2.97753e-07
0.11 3.24681e-07
0.12 3.43405e-07
0.13 3.52208e-07
0.14 3.49365e-07
0.15 3.33131e-07
0.16 3.01798e-07
0.17 2.53745e-07
0.18 1.87449e-07
0.19 1.01498e-07
0.2 -5.39571e-09
0.21 -1.34389e-07
0.22 -2.865e-07
0.23 -4.62615e-07
0.24 -6.63506e-07
0.25 -8.89863e-07
0.26 -1.14235e-06
0.27 -1.42166e-06
0.28 -1.72835e-06
0.29 -2.06261e-06
0.3 -2.42416e-06
0.31 -2.81216e-06
0.32 -3.22525e-06
0.33 -3.66127e-06
0.34 -4.11719e-06
0.35 -4.5894e-06
0.36 -5.07394e-06
0.37 -5.56659e-06
0.38 -6.0635e-06
0.39 -6.56191e-06
0.4 -7.06082e-06
0.41 -7.56124e-06
0.42 -8.06579e-06
0.43 -8.57805e-06
0.44 -9.10268e-06
0.45 -9.64523e-06
0.46 -1.02117e-05
0.47 -1.08081e-05
0.48 -1.14398e-05
0.49 -1.21114e-05
0.5 -1.28266e-05
0.51 -1.35885e-05
0.52 -1.43994e-05
0.53 -1.52612e-05
0.54 -1.6175e-05
0.55 -1.71416e-05
0.56 -1.81612e-05
0.57 -1.92338e-05
0.58 -2.03588e-05
0.59 -2.1536e-05
0.6 -2.27649e-05
0.61 -2.40445e-05
0.62 -2.5374e-05
0.63 -2.67522e-05
0.64 -2.81779e-05
0.65 -2.96498e-05
0.66 -3.1167e-05
0.67 -3.27285e-05
0.68 -3.43337e-05
0.69 -3.59822e-05
0.7 -3.76736e-05
0.71 -3.94072e-05
0.72 -4.11817e-05
0.73 -4.2994e-05
0.74 -4.48393e-05
0.75 -4.67098e-05
0.76 -4.85949e-05
0.77 -5.04814e-05
0.78 -5.23544e-05
0.79 -5.42002e-05
0.8 -5.6007e-05
0.81 -5.77663e-05
0.82 -5.94719e-05
0.83 -6.11194e-05
0.84 -6.27063e-05
0.85 -6.42338e-05
0.86 -6.57057e-05
0.87 -6.71248e-05
0.88 -6.84889e-05
0.89 -6.97906e-05
0.9 -7.10189e-05
0.91 -7.21614e-05
0.92 -7.32054e-05
0.93 -7.41401e-05
0.94 -7.4959e-05
0.95 -7.56614e-05
0.96 -7.62529e-05
0.97 -7.67448e-05
0.98 -7.71491e-05
0.99 -7.74734e-05
1 -7.77187e-05
1.01 -7.78808e-05
1.02 -7.79495e-05
1.03 -7.79098e-05
1.04 -7.77447e-05
1.05 -7.74372e-05
1.06 -7.69733e-05
1.07 -7.63444e-05
1.08 -7.55451e-05
1.09 -7.45711e-05
1.1 -7.34177e-05
1.11 -7.20817e-05
1.12 -7.05602e-05
1.13 -6.88485e-05
1.14 -6.69408e-05
1.15 -6.4832e-05
1.16 -6.25189e-05
1.17 -6.0003e-05
1.18 -5.7293e-05
1.19 -5.44028e-05
1.2 -5.13481e-05
1.21 -4.8148e-05
1.22 -4.48264e-05
1.23 -4.14088e-05
1.24 -3.79172e-05
1.25 -3.4362e-05
1.26 -3.07375e-05
1.27 -2.70266e-05
1.28 -2.32105e-05
1.29 -1.92711e-05
1.3 -1.51924e-05
1.31 -1.0965e-05
1.32 -6.58847e-06
1.33 -2.06918e-06
1.34 2.58551e-06
1.35 7.37052e-06
1.36 1.22834e-05
1.37 1.73243e-05
1.38 2.24952e-05
1.39 2.77989e-05
1.4 3.32367e-05
1.41 3.88056e-05
1.42 4.44944e-05
1.43 5.02792e-05
1.44 5.61199e-05
1.45 6.19583e-05
1.46 6.77192e-05
1.47 7.33173e-05
1.48 7.86642e-05
1.49 8.36692e-05
1.5 8.82433e-05
1.51 9.23035e-05
1.52 9.57755e-05
1.53 9.86003e-05
1.54 0.000100743
1.55 0.000102199
1.56 0.000103
1.57 0.000103199
1.58 0.000102868
1.59 0.000102085
1.6 0.000100926
1.61 9.94596e-05
1.62 9.77434e-05
1.63 9.58291e-05
1.64 9.37601e-05
1.65 9.15727e-05
1.66 8.92933e-05
1.67 8.69367e-05
1.68 8.45087e-05
1.69 8.20111e-05
1.7 7.94459e-05
1.71 7.68154e-05
1.72 7.41223e-05
1.73 7.13723e-05
1.74 6.85776e-05
1.75 6.57609e-05
1.76 6.295e-05
1.77 6.01715e-05
1.78 5.74548e-05
1.79 5.48372e-05
1.8 5.23619e-05
1.81 5.00725e-05
1.82 4.80137e-05
1.83 4.62285e-05
1.84 4.47485e-05
1.85 4.3588e-05
1.86 4.2749e-05
1.87 4.22302e-05
1.88 4.20335e-05
1.89 4.21646e-05
1.9 4.26329e-05
1.91 4.34516e-05
1.92 4.4638e-05
1.93 4.62106e-05
1.94 4.81766e-05
1.95 5.05153e-05
1.96 5.31775e-05
1.97 5.60908e-05
1.98 5.91637e-05
1.99 6.22976e-05
2 6.54068e-05
2.01 6.84374e-05
2.02 7.13692e-05
2.03 7.42126e-05
2.04 7.70055e-05
2.05 7.98038e-05
2.06 8.2671e-05
2.07 8.56677e-05
2.08 8.88365e-05
2.09 9.21899e-05
2.1 9.57087e-05
2.11 9.93444e-05
2.12 0.000103018
2.13 0.000106613
2.14 0.000109991
2.15 0.000112999
2.16 0.000115476
2.17 0.00011726
2.18 0.000118187
2.19 0.000118086
2.2 0.000116774
2.21 0.000114058
2.22 0.00010975
2.23 0.000103669
2.24 9.56541e-05
2.25 8.55514e-05
2.26 7.32243e-05
2.27 5.85781e-05
2.28 4.15665e-05
2.29 2.21795e-05
2.3 4.38849e-07
2.31 -2.36005e-05
2.32 -4.98446e-05
2.33 -7.81481e-05
2.34 -0.000108309
2.35 -0.000140075
2.36 -0.000173152
2.37 -0.000207213
2.38 -0.000241913
2.39 -0.000276884
2.4 -0.000311755
2.41 -0.000346193
2.42 -0.000379921
2.43 -0.000412703
2.44 -0.000444325
2.45 -0.000474589
2.46 -0.000503316
2.47 -0.000530354
2.48 -0.000555587
2.49 -0.000578914
2.5 -0.000600233
2.51 -0.000619432
2.52 -0.000636383
2.53 -0.000650958
2.54 -0.000663034
2.55 -0.000672487
2.56 -0.000679199
2.57 -0.000683085
2.58 -0.000684113
2.59 -0.000682311
2.6 -0.00067776
2.61 -0.000670577
2.62 -0.000660895
2.63 -0.000648845
2.64 -0.00063454
2.65 -0.000618079
2.66 -0.000599544
2.67 -0.000579004
2.68 -0.000556527
2.69 -0.000532194
2.7 -0.0005061
2.71 -0.000478348
2.72 -0.000449045
2.73 -0.000418299
2.74 -0.000386203
2.75 -0.000352828
2.76 -0.00031824
2.77 -0.000282501
2.78 -0.000245649
2.79 -0.000207683
2.8 -0.000168566
2.81 -0.000128237
2.82 -8.66335e-05
2.83 -4.37311e-05
2.84 4.56677e-07
2.85 4.58758e-05
2.86 9.24365e-05
2.87 0.000140007
2.88 0.000188399
2.89 0.000237375
2.9 0.000286673
2.91 0.000336018
2.92 0.000385116
2.93 0.000433668
2.94 0.000481377
2.95 0.000527959
2.96 0.00057315
2.97 0.000616733
2.98 0.000658555
2.99 0.000698509
3 0.000736525
3.01 0.00077256
3.02 0.000806577
3.03 0.000838522
3.04 0.000868326
3.05 0.000895889
3.06 0.000921081
3.07 0.000943728
3.08 0.000963626
3.09 0.000980552
3.1 0.000994297
3.11 0.0010047
3.12 0.00101164
3.13 0.00101512
3.14 0.00101514
3.15 0.0010118
3.16 0.00100517
3.17 0.000995378
3.18 0.000982567
3.19 0.000966884
3.2 0.000948461
3.21 0.000927426
3.22 0.000903939
3.23 0.000878203
3.24 0.000850464
3.25 0.000821002
3.26 0.00079012
3.27 0.000758155
3.28 0.000725503
3.29 0.000692571
3.3 0.000659756
3.31 0.000627456
3.32 0.000596073
3.33 0.000565963
3.34 0.000537393
3.35 0.000510511
3.36 0.000485334
3.37 0.000461756
3.38 0.000439564
3.39 0.000418443
3.4 0.000397984
3.41 0.000377706
3.42 0.00035709
3.43 0.000335611
3.44 0.000312766
3.45 0.000288074
3.46 0.00026109
3.47 0.000231448
3.48 0.000198911
3.49 0.000163384
3.5 0.000124911
3.51 8.36617e-05
3.52 3.99179e-05
3.53 -5.94044e-06
3.54 -5.34704e-05
3.55 -0.000102218
3.56 -0.000151777
3.57 -0.000201798
3.58 -0.000251946
3.59 -0.00030189
3.6 -0.000351339
3.61 -0.000400067
3.62 -0.000447904
3.63 -0.000494731
3.64 -0.000540489
3.65 -0.000585176
3.66 -0.000628845
3.67 -0.000671619
3.68 -0.000713694
3.69 -0.00075531
3.7 -0.000796704
3.71 -0.000838093
3.72 -0.000879692
3.73 -0.000921692
3.74 -0.00096423
3.75 -0.0010074
3.76 -0.00105128
3.77 -0.00109589
3.78 -0.00114122
3.79 -0.00118723
3.8 -0.00123383
3.81 -0.00128087
3.82 -0.00132816
3.83 -0.00137546
3.84 -0.00142252
3.85 -0.00146907
3.86 -0.00151488
3.87 -0.00155978
3.88 -0.00160373
3.89 -0.00164678
3.9 -0.00168911
3.91 -0.00173102
3.92 -0.00177291
3.93 -0.00181526
3.94 -0.00185859
3.95 -0.00190343
3.96 -0.00195028
3.97 -0.0019996
3.98 -0.0020517
3.99 -0.00210678
4 -0.00216486
4.01 -0.00222581
4.02 -0.00228939
4.03 -0.00235519
4.04 -0.00242274
4.05 -0.0024914
4.06 -0.00256044
4.07 -0.00262902
4.08 -0.00269613
4.09 -0.00276066
4.1 -0.00282142
4.11 -0.0028772
4.12 -0.00292685
4.13 -0.00296942
4.14 -0.00300415
4.15 -0.00303054
4.16 -0.00304842
4.17 -0.00305796
4.18 -0.0030596
4.19 -0.003054
4.2 -0.00304206
4.21 -0.00302478
4.22 -0.00300324
4.23 -0.00297848
4.24 -0.00295141
4.25 -0.00292285
4.26 -0.00289357
4.27 -0.00286423
4.28 -0.0028354
4.29 -0.00280748
4.3 -0.00278074
4.31 -0.00275528
4.32 -0.00273111
4.33 -0.00270812
4.34 -0.00268608
4.35 -0.00266459
4.36 -0.00264313
4.37 -0.00262106
4.38 -0.00259761
4.39 -0.002572
4.4 -0.00254339
4.41 -0.00251089
4.42 -0.0024736
4.43 -0.00243063
4.44 -0.00238113
4.45 -0.00232432
4.46 -0.00225959
4.47 -0.00218652
4.48 -0.0021049
4.49 -0.00201469
4.5 -0.0019159
4.51 -0.00180861
4.52 -0.00169298
4.53 -0.00156929
4.54 -0.00143797
4.55 -0.00129954
4.56 -0.00115458
4.57 -0.0010038
4.58 -0.000847945
4.59 -0.000687847
4.6 -0.000524369
4.61 -0.000358382
4.62 -0.000190708
4.63 -2.21174e-05
4.64 0.000146676
4.65 0.000315029
4.66 0.000482391
4.67 0.00064835
4.68 0.000812652
4.69 0.000975173
4.7 0.00113586
4.71 0.00129468
4.72 0.00145157
4.73 0.00160646
4.74 0.00175926
4.75 0.00190979
4.76 0.0020578
4.77 0.00220296
4.78 0.00234495
4.79 0.00248342
4.8 0.00261803
4.81 0.00274838
4.82 0.00287402
4.83 0.00299453
4.84 0.00310948
4.85 0.00321843
4.86 0.00332087
4.87 0.00341638
4.88 0.0035046
4.89 0.0035852
4.9 0.00365787
4.91 0.00372238
4.92 0.00377857
4.93 0.00382634
4.94 0.0038656
4.95 0.00389633
4.96 0.00391852
4.97 0.00393222
4.98 0.00393757
4.99 0.00393475
5 0.00392404
5.01 0.0039057
5.02 0.00387995
5.03 0.00384693
5.04 0.00380666
5.05 0.00375905
5.06 0.00370388
5.07 0.00364082
5.08 0.00356943
5.09 0.00348923
5.1 0.0033997
5.11 0.00330031
5.12 0.00319054
5.13 0.00306998
5.14 0.0029383
5.15 0.00279533
5.16 0.0026411
5.17 0.00247589
5.18 0.0023002
5.19 0.00211465
5.2 0.00192006
5.21 0.00171737
5.22 0.00150761
5.23 0.00129186
5.24 0.00107113
5.25 0.000846458
5.26 0.000618916
5.27 0.000389646
5.28 0.000159835
5.29 -6.93347e-05
5.3 -0.000296717
5.31 -0.000521207
5.32 -0.000741783
5.33 -0.000957596
5.34 -0.00116802
5.35 -0.00137263
5.36 -0.00157125
5.37 -0.00176399
5.38 -0.00195122
5.39 -0.00213346
5.4 -0.0023113
5.41 -0.00248533
5.42 -0.00265614
5.43 -0.00282423
5.44 -0.00298996
5.45 -0.00315352
5.46 -0.00331495
5.47 -0.00347417
5.48 -0.00363105
5.49 -0.00378542
5.5 -0.00393702
5.51 -0.00408552
5.52 -0.0042305
5.53 -0.00437156
5.54 -0.00450831
5.55 -0.0046403
5.56 -0.00476706
5.57 -0.00488818
5.58 -0.00500333
5.59 -0.00511229
5.6 -0.00521484
5.61 -0.00531079
5.62 -0.00539989
5.63 -0.0054819
5.64 -0.00555655
5.65 -0.00562357
5.66 -0.00568271
5.67 -0.00573371
5.68 -0.00577627
5.69 -0.00581002
5.7 -0.00583455
5.71 -0.00584936
5.72 -0.00585391
5.73 -0.00584758
5.74 -0.00582978
5.75 -0.00579993
5.76 -0.00575744
5.77 -0.00570183
5.78 -0.00563273
5.79 -0.00554997
5.8 -0.00545354
5.81 -0.00534366
5.82 -0.00522082
5.83 -0.00508574
5.84 -0.00493938
5.85 -0.00478288
5.86 -0.00461751
5.87 -0.00444463
5.88 -0.00426565
5.89 -0.004082
5.9 -0.00389509
5.91 -0.00370623
5.92 -0.00351661
5.93 -0.00332728
5.94 -0.00313916
5.95 -0.00295299
5.96 -0.00276925
5.97 -0.00258812
5.98 -0.00240951
5.99 -0.00223307
6 -0.00205822
6.01 -0.00188424
6.02 -0.00171034
6.03 -0.00153569
6.04 -0.00135943
6.05 -0.00118071
6.06 -0.000998739
6.07 -0.000812843
6.08 -0.000622558
6.09 -0.0004276
6.1 -0.000227828
6.11 -2.32233e-05
6.12 0.000186085
6.13 0.000399832
6.14 0.000617676
6.15 0.000839274
6.16 0.00106432
6.17 0.00129263
6.18 0.00152419
6.19 0.00175922
6.2 0.00199801
6.21 0.00224094
6.22 0.00248844
6.23 0.00274099
6.24 0.00299909
6.25 0.00326315
6.26 0.00353361
6.27 0.00381083
6.28 0.00409521
6.29 0.0043871
6.3 0.00468694
6.31 0.00499516
6.32 0.00531224
6.33 0.00563872
6.34 0.00597516
6.35 0.00632212
6.36 0.0066801
6.37 0.00704939
6.38 0.00742995
6.39 0.00782145
6.4 0.00822327
6.41 0.00863463
6.42 0.00905465
6.43 0.00948249
6.44 0.00991738
6.45 0.0103587
6.46 0.0108062
6.47 0.0112596
6.48 0.011719
6.49 0.012184
6.5 0.0126545
6.51 0.0131297
6.52 0.0136085
6.53 0.0140892
6.54 0.01457
6.55 0.0150484
6.56 0.0155216
6.57 0.0159865
6.58 0.0164397
6.59 0.0168781
6.6 0.0172983
6.61 0.0176977
6.62 0.0180738
6.63 0.0184246
6.64 0.0187484
6.65 0.0190439
6.66 0.0193097
6.67 0.0195447
6.68 0.0197475
6.69 0.0199171
6.7 0.0200522
6.71 0.0201518
6.72 0.0202148
6.73 0.0202403
6.74 0.0202276
6.75 0.0201759
6.76 0.0200849
6.77 0.0199544
6.78 0.0197843
6.79 0.0195751
6.8 0.019327
6.81 0.0190407
6.82 0.0187169
6.83 0.018356
6.84 0.0179588
6.85 0.0175256
6.86 0.017057
6.87 0.0165532
6.88 0.0160146
6.89 0.0154413
6.9 0.0148339
6.91 0.0141929
6.92 0.0135193
6.93 0.0128144
6.94 0.0120797
6.95 0.0113173
6.96 0.0105294
6.97 0.0097182
6.98 0.00888603
6.99 0.00803484
7 0.00716637
7.01 0.00628198
7.02 0.00538274
7.03 0.00446956
7.04 0.00354336
7.05 0.00260517
7.06 0.00165634
7.07 0.000698586
7.08 -0.000265972
7.09 -0.00123487
7.1 -0.00220535
7.11 -0.0031745
7.12 -0.00413933
7.13 -0.00509706
7.14 -0.00604527
7.15 -0.00698203
7.16 -0.00790582
7.17 -0.00881554
7.18 -0.00971036
7.19 -0.0105897
7.2 -0.0114529
7.21 -0.0122995
7.22 -0.0131288
7.23 -0.0139398
7.24 -0.0147311
7.25 -0.0155013
7.26 -0.0162486
7.27 -0.0169712
7.28 -0.0176672
7.29 -0.018335
7.3 -0.0189734
7.31 -0.0195814
7.32 -0.0201584
7.33 -0.0207042
7.34 -0.0212186
7.35 -0.0217018
7.36 -0.0221535
7.37 -0.0225735
7.38 -0.0229613
7.39 -0.0233159
7.4 -0.0236361
7.41 -0.0239208
7.42 -0.0241683
7.43 -0.0243775
7.44 -0.0245473
7.45 -0.024677
7.46 -0.0247664
7.47 -0.0248156
7.48 -0.0248251
7.49 -0.0247961
7.5 -0.0247299
7.51 -0.0246284
7.52 -0.0244936
7.53 -0.0243277
7.54 -0.0241329
7.55 -0.0239114
7.56 -0.0236653
7.57 -0.0233968
7.58 -0.023108
7.59 -0.0228012
7.6 -0.0224786
7.61 -0.0221423
7.62 -0.0217945
7.63 -0.0214367
7.64 -0.0210702
7.65 -0.0206956
7.66 -0.0203132
7.67 -0.0199229
7.68 -0.0195236
7.69 -0.0191139
7.7 -0.0186919
7.71 -0.0182554
7.72 -0.0178019
7.73 -0.0173295
7.74 -0.0168367
7.75 -0.0163223
7.76 -0.0157858
7.77 -0.0152271
7.78 -0.0146466
7.79 -0.0140446
7.8 -0.0134222
7.81 -0.0127804
7.82 -0.0121208
7.83 -0.011445
7.84 -0.0107549
7.85 -0.0100525
7.86 -0.00934002
7.87 -0.0086197
7.88 -0.00789378
7.89 -0.00716441
7.9 -0.00643356
7.91 -0.005703
7.92 -0.00497427
7.93 -0.00424861
7.94 -0.00352699
7.95 -0.00281012
7.96 -0.00209848
7.97 -0.00139238
7.98 -0.000691902
7.99 2.97939e-06
8 0.000692335
8.01 0.00137616
8.02 0.00205435
8.03 0.00272666
8.04 0.00339265
8.05 0.00405163
8.06 0.00470259
8.07 0.00534431
8.08 0.0059754
8.09 0.00659445
8.1 0.0072001
8.11 0.00779121
8.12 0.00836702
8.13 0.00892717
8.14 0.00947166
8.15 0.0100008
8.16 0.0105153
8.17 0.0110159
8.18 0.0115036
8.19 0.0119795
8.2 0.0124446
8.21 0.0128998
8.22 0.0133459
8.23 0.0137834
8.24 0.0142127
8.25 0.0146342
8.26 0.015048
8.27 0.0154539
8.28 0.0158515
8.29 0.0162403
8.3 0.0166193
8.31 0.0169871
8.32 0.017342
8.33 0.0176813
8.34 0.0180024
8.35 0.0183019
8.36 0.0185765
8.37 0.0188228
8.38 0.0190378
8.39 0.0192189
8.4 0.019364
8.41 0.0194719
8.42 0.0195417
8.43 0.0195733
8.44 0.0195668
8.45 0.0195229
8.46 0.0194428
8.47 0.019328
8.48 0.0191805
8.49 0.0190025
8.5 0.0187963
8.51 0.0185643
8.52 0.0183088
8.53 0.018032
8.54 0.0177354
8.55 0.0174203
8.56 0.0170877
8.57 0.0167381
8.58 0.016372
8.59 0.0159897
8.6 0.0155916
8.61 0.0151779
8.62 0.0147492
8.63 0.0143062
8.64 0.01385
8.65 0.0133818
8.66 0.0129035
8.67 0.0124169
8.68 0.0119242
8.69 0.0114276
8.7 0.0109292
8.71 0.0104313
8.72 0.00993582
8.73 0.00944474
8.74 0.00895963
8.75 0.0084819
8.76 0.00801263
8.77 0.00755253
8.78 0.00710193
8.79 0.00666084
8.8 0.00622894
8.81 0.00580561
8.82 0.00539
8.83 0.00498112
8.84 0.00457806
8.85 0.00418002
8.86 0.00378639
8.87 0.00339669
8.88 0.00301056
8.89 0.00262789
8.9 0.00224879
8.91 0.00187368
8.92 0.00150314
8.93 0.00113794
8.94 0.000778844
8.95 0.000426603
8.96 8.18604e-05
8.97 -0.000254827
8.98 -0.000583
8.99 -0.000902352
9 -0.00121281
9.01 -0.0015146
9.02 -0.00180822
9.03 -0.00209447
9.04 -0.00237441
9.05 -0.00264919
9.06 -0.00291993
9.07 -0.00318761
9.08 -0.00345304
9.09 -0.00371687
9.1 -0.00397964
9.11 -0.00424184
9.12 -0.00450394
9.13 -0.00476639
9.14 -0.0050296
9.15 -0.00529398
9.16 -0.00555978
9.17 -0.00582699
9.18 -0.00609525
9.19 -0.00636377
9.2 -0.00663131
9.21 -0.0068961
9.22 -0.00715584
9.23 -0.00740777
9.24 -0.00764883
9.25 -0.00787588
9.26 -0.00808601
9.27 -0.00827663
9.28 -0.00844565
9.29 -0.00859156
9.3 -0.00871335
9.31 -0.00881032
9.32 -0.00888194
9.33 -0.00892782
9.34 -0.00894771
9.35 -0.00894144
9.36 -0.00890892
9.37 -0.00885017
9.38 -0.00876526
9.39 -0.00865435
9.4 -0.00851778
9.41 -0.0083561
9.42 -0.0081702
9.43 -0.00796132
9.44 -0.00773118
9.45 -0.00748197
9.46 -0.00721626
9.47 -0.0069368
9.48 -0.00664644
9.49 -0.00634788
9.5 -0.00604355
9.51 -0.0057355
9.52 -0.00542541
9.53 -0.00511455
9.54 -0.00480393
9.55 -0.00449445
9.56 -0.00418698
9.57 -0.00388252
9.58 -0.00358222
9.59 -0.00328752
9.6 -0.00300004
9.61 -0.00272149
9.62 -0.00245355
9.63 -0.00219775
9.64 -0.00195531
9.65 -0.00172709
9.66 -0.00151357
9.67 -0.00131487
9.68 -0.00113073
9.69 -0.000960601
9.7 -0.000803734
9.71 -0.000659301
9.72 -0.000526521
9.73 -0.000404701
9.74 -0.000293316
9.75 -0.000192102
9.76 -0.000101065
9.77 -2.04401e-05
9.78 4.934e-05
9.79 0.000107654
9.8 0.000153683
9.81 0.000186422
9.82 0.000204718
9.83 0.0002073
9.84 0.000192793
9.85 0.000159746
9.86 0.000106723
9.87 3.24135e-05
9.88 -6.42978e-05
9.89 -0.000184338
9.9 -0.00032843
9.91 -0.000496982
9.92 -0.000690039
9.93 -0.000907307
9.94 -0.00114817
9.95 -0.00141168
9.96 -0.00169668
9.97 -0.00200192
9.98 -0.00232624
9.99 -0.00266867
10 -0.00302838
10.01 -0.00340474
10.02 -0.00379736
10.03 -0.00420604
10.04 -0.00463072
10.05 -0.00507129
10.06 -0.00552747
10.07 -0.00599877
10.08 -0.00648447
10.09 -0.00698365
10.1 -0.00749519
10.11 -0.00801785
10.12 -0.00855031
10.13 -0.0090914
10.14 -0.00964004
10.15 -0.0101953
10.16 -0.0107564
10.17 -0.0113227
10.18 -0.0118932
10.19 -0.0124672
10.2 -0.0130435
10.21 -0.0136209
10.22 -0.014198
10.23 -0.0147735
10.24 -0.0153458
10.25 -0.0159135
10.26 -0.0164752
10.27 -0.0170296
10.28 -0.0175756
10.29 -0.0181119
10.3 -0.0186374
10.31 -0.0191512
10.32 -0.0196521
10.33 -0.020139
10.34 -0.0206105
10.35 -0.0210657
10.36 -0.0215033
10.37 -0.0219223
10.38 -0.0223215
10.39 -0.0227
10.4 -0.0230567
10.41 -0.0233905
10.42 -0.0237002
10.43 -0.0239844
10.44 -0.0242415
10.45 -0.0244699
10.46 -0.0246677
10.47 -0.0248331
10.48 -0.0249642
10.49 -0.0250596
10.5 -0.0251182
10.51 -0.025139
10.52 -0.0251218
10.53 -0.0250664
10.54 -0.024973
10.55 -0.0248422
10.56 -0.0246744
10.57 -0.0244703
10.58 -0.0242307
10.59 -0.0239565
10.6 -0.0236484
10.61 -0.0233074
10.62 -0.0229345
10.63 -0.022531
10.64 -0.0220981
10.65 -0.0216373
10.66 -0.0211502
10.67 -0.0206385
10.68 -0.0201039
10.69 -0.0195482
10.7 -0.0189729
10.71 -0.0183794
10.72 -0.017769
10.73 -0.0171427
10.74 -0.0165016
10.75 -0.0158468
10.76 -0.0151791
10.77 -0.0144993
10.78 -0.0138084
10.79 -0.013107
10.8 -0.0123957
10.81 -0.0116752
10.82 -0.0109459
10.83 -0.0102085
10.84 -0.00946338
10.85 -0.00871107
10.86 -0.00795212
10.87 -0.00718723
10.88 -0.00641721
10.89 -0.00564291
10.9 -0.00486526
10.91 -0.00408525
10.92 -0.00330378
10.93 -0.00252162
10.94 -0.00173932
10.95 -0.00095719
10.96 -0.00017529
10.97 0.00060649
10.98 0.0013884
10.99 0.00217074
11 0.00295371
11.01 0.00373743
11.02 0.00452188
11.03 0.00530687
11.04 0.00609199
11.05 0.00687666
11.06 0.00766018
11.07 0.0084418
11.08 0.00922062
11.09 0.00999572
11.1 0.0107661
11.11 0.0115308
11.12 0.012289
11.13 0.0130399
11.14 0.0137828
11.15 0.014517
11.16 0.0152417
11.17 0.0159566
11.18 0.0166614
11.19 0.0173559
11.2 0.0180404
11.21 0.0187153
11.22 0.0193811
11.23 0.0200384
11.24 0.0206879
11.25 0.0213298
11.26 0.021964
11.27 0.0225896
11.28 0.0232059
11.29 0.0238113
11.3 0.0244046
11.31 0.0249843
11.32 0.025549
11.33 0.0260972
11.34 0.0266279
11.35 0.0271404
11.36 0.0276342
11.37 0.0281093
11.38 0.0285658
11.39 0.029004
11.4 0.029424
11.41 0.0298259
11.42 0.0302097
11.43 0.0305749
11.44 0.0309211
11.45 0.0312475
11.46 0.0315533
11.47 0.0318378
11.48 0.0321003
11.49 0.0323406
11.5 0.0325588
11.51 0.0327555
11.52 0.0329314
11.53 0.0330878
11.54 0.0332258
11.55 0.0333468
11.56 0.0334521
11.57 0.0335425
11.58 0.0336187
11.59 0.0336812
11.6 0.0337304
11.61 0.0337667
11.62 0.0337905
11.63 0.0338021
11.64 0.0338022
11.65 0.0337913
11.66 0.0337697
11.67 0.033738
11.68 0.0336967
11.69 0.0336461
11.7 0.0335866
11.71 0.0335182
11.72 0.0334405
11.73 0.0333531
11.74 0.0332552
11.75 0.0331457
11.76 0.0330231
11.77 0.0328853
11.78 0.03273
11.79 0.0325544
11.8 0.0323554
11.81 0.03213
11.82 0.0318756
11.83 0.0315898
11.84 0.0312708
11.85 0.0309171
11.86 0.0305274
11.87 0.0301006
11.88 0.0296359
11.89 0.0291326
11.9 0.0285899
11.91 0.0280074
11.92 0.0273848
11.93 0.0267221
11.94 0.026019
11.95 0.025276
11.96 0.024493
11.97 0.0236706
11.98 0.0228092
11.99 0.0219097
12 0.0209732
12.01 0.020001
12.02 0.0189946
12.03 0.0179561
12.04 0.0168877
12.05 0.0157919
12.06 0.0146714
12.07 0.013529
12.08 0.0123676
12.09 0.0111896
12.1 0.00999752
12.11 0.00879327
12.12 0.00757872
12.13 0.00635537
12.14 0.00512434
12.15 0.00388644
12.16 0.00264221
12.17 0.00139203
12.18 0.000136232
12.19 -0.00112485
12.2 -0.00239093
12.21 -0.00366165
12.22 -0.00493654
12.23 -0.00621497
12.24 -0.0074963
12.25 -0.00877982
12.26 -0.0100646
12.27 -0.0113497
12.28 -0.0126337
12.29 -0.0139154
12.3 -0.0151933
12.31 -0.0164657
12.32 -0.0177309
12.33 -0.0189865
12.34 -0.0202305
12.35 -0.0214601
12.36 -0.0226727
12.37 -0.0238656
12.38 -0.0250355
12.39 -0.0261792
12.4 -0.0272935
12.41 -0.0283749
12.42 -0.0294202
12.43 -0.0304265
12.44 -0.0313907
12.45 -0.0323101
12.46 -0.033182
12.47 -0.0340039
12.48 -0.0347729
12.49 -0.035486
12.5 -0.0361397
12.51 -0.0367303
12.52 -0.0372536
12.53 -0.0377053
12.54 -0.038081
12.55 -0.0383766
12.56 -0.0385883
12.57 -0.0387128
12.58 -0.0387471
12.59 -0.0386887
12.6 -0.0385352
12.61 -0.0382843
12.62 -0.0379342
12.63 -0.0374835
12.64 -0.0369312
12.65 -0.0362768
12.66 -0.0355201
12.67 -0.0346615
12.68 -0.0337021
12.69 -0.0326433
12.7 -0.0314873
12.71 -0.0302369
12.72 -0.0288952
12.73 -0.0274654
12.74 -0.0259511
12.75 -0.0243561
12.76 -0.0226843
12.77 -0.0209393
12.78 -0.0191252
12.79 -0.0172457
12.8 -0.0153048
12.81 -0.0133065
12.82 -0.0112549
12.83 -0.00915453
12.84 -0.0070098
12.85 -0.00482528
12.86 -0.00260549
12.87 -0.000354861
12.88 0.00192232
12.89 0.00422204
12.9 0.00654054
12.91 0.00887419
12.92 0.0112194
12.93 0.0135726
12.94 0.0159302
12.95 0.0182883
12.96 0.020643
12.97 0.0229905
12.98 0.0253265
12.99 0.0276472
13 0.0299485
13.01 0.0322265
13.02 0.0344774
13.03 0.0366978
13.04 0.0388845
13.05 0.0410344
13.06 0.0431445
13.07 0.0452115
13.08 0.0472321
13.09 0.0492031
13.1 0.0511207
13.11 0.0529811
13.12 0.0547804
13.13 0.0565148
13.14 0.0581806
13.15 0.0597743
13.16 0.0612928
13.17 0.0627334
13.18 0.0640937
13.19 0.0653716
13.2 0.0665653
13.21 0.0676737
13.22 0.0686965
13.23 0.0696341
13.24 0.0704865
13.25 0.0712538
13.26 0.071936
13.27 0.0725329
13.28 0.0730445
13.29 0.0734702
13.3 0.0738098
13.31 0.0740625
13.32 0.0742277
13.33 0.0743042
13.34 0.0742911
13.35 0.0741871
13.36 0.0739913
13.37 0.073703
13.38 0.0733216
13.39 0.0728472
13.4 0.0722797
13.41 0.0716199
13.42 0.0708684
13.43 0.0700267
13.44 0.0690963
13.45 0.0680792
13.46 0.0669778
13.47 0.0657948
13.48 0.0645333
13.49 0.0631963
13.5 0.0617875
13.51 0.0603104
13.52 0.0587689
13.53 0.0571669
13.54 0.0555085
13.55 0.0537981
13.56 0.0520402
13.57 0.0502393
13.58 0.0483998
13.59 0.0465262
13.6 0.0446226
13.61 0.0426929
13.62 0.0407412
13.63 0.0387715
13.64 0.0367877
13.65 0.0347937
13.66 0.0327935
13.67 0.0307909
13.68 0.0287899
13.69 0.0267942
13.7 0.0248073
13.71 0.0228325
13.72 0.0208729
13.73 0.0189315
13.74 0.0170109
13.75 0.0151134
13.76 0.0132409
13.77 0.011395
13.78 0.00957681
13.79 0.00778699
13.8 0.00602569
13.81 0.00429255
13.82 0.00258669
13.83 0.000907028
13.84 -0.000747258
13.85 -0.0023764
13.86 -0.00397994
13.87 -0.0055569
13.88 -0.00710614
13.89 -0.00862661
13.9 -0.0101173
13.91 -0.0115774
13.92 -0.0130058
13.93 -0.0144017
13.94 -0.0157644
13.95 -0.0170932
13.96 -0.0183874
13.97 -0.0196464
13.98 -0.0208695
13.99 -0.0220563
14 -0.0232062
14.01 -0.024319
14.02 -0.0253946
14.03 -0.0264326
14.04 -0.0274329
14.05 -0.0283954
14.06 -0.0293198
14.07 -0.0302064
14.08 -0.0310554
14.09 -0.0318672
14.1 -0.0326428
14.11 -0.0333833
14.12 -0.0340902
14.13 -0.0347654
14.14 -0.0354112
14.15 -0.0360302
14.16 -0.0366254
14.17 -0.0371999
14.18 -0.0377569
14.19 -0.0382996
14.2 -0.0388311
14.21 -0.0393544
14.22 -0.0398726
14.23 -0.0403889
14.24 -0.0409065
14.25 -0.0414287
14.26 -0.0419589
14.27 -0.0425006
14.28 -0.043057
14.29 -0.0436313
14.3 -0.0442264
14.31 -0.0448447
14.32 -0.0454883
14.33 -0.0461589
14.34 -0.0468576
14.35 -0.0475855
14.36 -0.0483438
14.37 -0.0491336
14.38 -0.0499562
14.39 -0.0508133
14.4 -0.0517064
14.41 -0.052637
14.42 -0.0536067
14.43 -0.0546167
14.44 -0.0556679
14.45 -0.056761
14.46 -0.0578957
14.47 -0.0590714
14.48 -0.0602877
14.49 -0.061545
14.5 -0.0628439
14.51 -0.0641848
14.52 -0.065568
14.53 -0.0669943
14.54 -0.0684642
14.55 -0.0699786
14.56 -0.0715383
14.57 -0.0731443
14.58 -0.0747973
14.59 -0.0764984
14.6 -0.0782481
14.61 -0.0800471
14.62 -0.0818953
14.63 -0.083792
14.64 -0.0857361
14.65 -0.0877251
14.66 -0.0897561
14.67 -0.0918253
14.68 -0.0939287
14.69 -0.0960623
14.7 -0.0982223
14.71 -0.100406
14.72 -0.102608
14.73 -0.104827
14.74 -0.107055
14.75 -0.109288
14.76 -0.111517
14.77 -0.113738
14.78 -0.115942
14.79 -0.118124
14.8 -0.120276
14.81 -0.122393
14.82 -0.124467
14.83 -0.126492
14.84 -0.128461
14.85 -0.130369
14.86 -0.132208
14.87 -0.133973
14.88 -0.135658
14.89 -0.137255
14.9 -0.138759
14.91 -0.140164
14.92 -0.141461
14.93 -0.142646
14.94 -0.14371
14.95 -0.144648
14.96 -0.145452
14.97 -0.146116
14.98 -0.146635
14.99 -0.147003
15 -0.147218
15.01 -0.147277
15.02 -0.147179
15.03 -0.146927
15.04 -0.146521
15.05 -0.145965
15.06 -0.145264
15.07 -0.144422
15.08 -0.143446
15.09 -0.142342
15.1 -0.141117
15.11 -0.139776
15.12 -0.138327
15.13 -0.136777
15.14 -0.135133
15.15 -0.133403
15.16 -0.131593
15.17 -0.129711
15.18 -0.127763
15.19 -0.125755
15.2 -0.123693
15.21 -0.121582
15.22 -0.119429
15.23 -0.11724
15.24 -0.115021
15.25 -0.112778
15.26 -0.11052
15.27 -0.108253
15.28 -0.105986
15.29 -0.103727
15.3 -0.101483
15.31 -0.0992625
15.32 -0.0970711
15.33 -0.0949149
15.34 -0.0927992
15.35 -0.0907295
15.36 -0.088711
15.37 -0.0867494
15.38 -0.0848499
15.39 -0.083018
15.4 -0.0812585
15.41 -0.079576
15.42 -0.0779745
15.43 -0.0764573
15.44 -0.0750272
15.45 -0.0736863
15.46 -0.0724363
15.47 -0.0712778
15.48 -0.0702109
15.49 -0.0692346
15.5 -0.0683468
15.51 -0.0675443
15.52 -0.0668231
15.53 -0.0661787
15.54 -0.0656064
15.55 -0.0651013
15.56 -0.0646588
15.57 -0.0642736
15.58 -0.0639409
15.59 -0.0636554
15.6 -0.0634121
15.61 -0.0632056
15.62 -0.0630306
15.63 -0.0628818
15.64 -0.0627538
15.65 -0.062641
15.66 -0.0625378
15.67 -0.0624388
15.68 -0.0623385
15.69 -0.0622314
15.7 -0.0621123
15.71 -0.061976
15.72 -0.0618172
15.73 -0.0616306
15.74 -0.061411
15.75 -0.0611531
15.76 -0.0608517
15.77 -0.0605015
15.78 -0.0600976
15.79 -0.0596351
15.8 -0.0591094
15.81 -0.0585161
15.82 -0.0578513
15.83 -0.0571117
15.84 -0.0562942
15.85 -0.0553964
15.86 -0.0544163
15.87 -0.0533524
15.88 -0.0522031
15.89 -0.0509675
15.9 -0.0496449
15.91 -0.0482352
15.92 -0.0467383
15.93 -0.0451544
15.94 -0.0434836
15.95 -0.0417264
15.96 -0.0398837
15.97 -0.0379571
15.98 -0.0359483
15.99 -0.0338599
16 -0.031695
16.01 -0.0294575
16.02 -0.027152
16.03 -0.0247842
16.04 -0.0223606
16.05 -0.019889
16.06 -0.0173778
16.07 -0.0148358
16.08 -0.0122717
16.09 -0.00969258
16.1 -0.00710262
16.11 -0.0045057
16.12 -0.00190654
16.13 0.000690088
16.14 0.00327936
16.15 0.00585633
16.16 0.00841596
16.17 0.0109531
16.18 0.0134627
16.19 0.0159393
16.2 0.0183778
16.21 0.0207732
16.22 0.0231208
16.23 0.0254162
16.24 0.027656
16.25 0.0298374
16.26 0.0319583
16.27 0.0340176
16.28 0.0360145
16.29 0.0379486
16.3 0.0398196
16.31 0.0416275
16.32 0.0433724
16.33 0.0450544
16.34 0.046674
16.35 0.0482316
16.36 0.0497276
16.37 0.0511628
16.38 0.0525376
16.39 0.0538527
16.4 0.0551089
16.41 0.0563071
16.42 0.0574481
16.43 0.0585326
16.44 0.0595613
16.45 0.0605348
16.46 0.0614536
16.47 0.0623183
16.48 0.0631295
16.49 0.0638877
16.5 0.0645933
16.51 0.0652468
16.52 0.0658487
16.53 0.0663993
16.54 0.0668992
16.55 0.0673488
16.56 0.0677487
16.57 0.0680989
16.58 0.0683998
16.59 0.0686513
16.6 0.0688531
16.61 0.0690051
16.62 0.0691064
16.63 0.069156
16.64 0.0691526
16.65 0.0690946
16.66 0.0689798
16.67 0.0688062
16.68 0.0685711
16.69 0.0682717
16.7 0.067905
16.71 0.0674681
16.72 0.0669586
16.73 0.0663744
16.74 0.0657144
16.75 0.0649778
16.76 0.0641646
16.77 0.063275
16.78 0.0623093
16.79 0.0612685
16.8 0.0601538
16.81 0.0589667
16.82 0.057709
16.83 0.0563826
16.84 0.0549897
16.85 0.0535325
16.86 0.0520133
16.87 0.0504347
16.88 0.0487987
16.89 0.0471076
16.9 0.0453635
16.91 0.0435683
16.92 0.041724
16.93 0.0398327
16.94 0.0378965
16.95 0.0359178
16.96 0.0338989
16.97 0.0318426
16.98 0.0297516
16.99 0.0276288
17 0.0254771
17.01 0.0232997
17.02 0.0210997
17.03 0.0188803
17.04 0.0166445
17.05 0.0143955
17.06 0.0121362
17.07 0.00986967
17.08 0.00759923
17.09 0.00532801
17.1 0.00305913
17.11 0.000795658
17.12 -0.00145937
17.13 -0.00370291
17.14 -0.0059319
17.15 -0.00814334
17.16 -0.0103342
17.17 -0.0125017
17.18 -0.0146428
17.19 -0.0167549
17.2 -0.018835
17.21 -0.0208803
17.22 -0.0228882
17.23 -0.024856
17.24 -0.0267809
17.25 -0.0286608
17.26 -0.0304932
17.27 -0.032276
17.28 -0.0340074
17.29 -0.0356857
17.3 -0.0373093
17.31 -0.0388767
17.32 -0.0403865
17.33 -0.0418375
17.34 -0.0432286
17.35 -0.0445588
17.36 -0.0458278
17.37 -0.0470354
17.38 -0.0481821
17.39 -0.0492687
17.4 -0.0502968
17.41 -0.0512684
17.42 -0.0521859
17.43 -0.0530523
17.44 -0.0538702
17.45 -0.0546421
17.46 -0.0553701
17.47 -0.0560558
17.48 -0.0567003
17.49 -0.0573044
17.5 -0.0578689
17.51 -0.0583945
17.52 -0.0588821
17.53 -0.0593328
17.54 -0.0597478
17.55 -0.060128
17.56 -0.0604746
17.57 -0.0607882
17.58 -0.0610696
17.59 -0.0613191
17.6 -0.0615367
17.61 -0.0617223
17.62 -0.0618749
17.63 -0.0619935
17.64 -0.0620767
17.65 -0.0621226
17.66 -0.0621293
17.67 -0.0620946
17.68 -0.0620162
17.69 -0.0618915
17.7 -0.0617184
17.71 -0.0614947
17.72 -0.0612187
17.73 -0.0608893
17.74 -0.0605055
17.75 -0.0600669
17.76 -0.0595724
17.77 -0.0590213
17.78 -0.058412
17.79 -0.057743
17.8 -0.0570122
17.81 -0.0562175
17.82 -0.0553567
17.83 -0.054428
17.84 -0.0534295
17.85 -0.0523596
17.86 -0.0512166
17.87 -0.0499994
17.88 -0.048707
17.89 -0.0473389
17.9 -0.0458953
17.91 -0.044377
17.92 -0.0427852
17.93 -0.0411218
17.94 -0.039389
17.95 -0.0375891
17.96 -0.0357246
17.97 -0.0337985
17.98 -0.0318139
17.99 -0.0297741
18 -0.0276826
18.01 -0.0255428
18.02 -0.0233583
18.03 -0.021133
18.04 -0.0188703
18.05 -0.0165739
18.06 -0.0142475
18.07 -0.0118946
18.08 -0.00951887
18.09 -0.007124
18.1 -0.00471379
18.11 -0.00229207
18.12 0.000137323
18.13 0.0025706
18.14 0.0050041
18.15 0.00743427
18.16 0.00985779
18.17 0.0122715
18.18 0.0146725
18.19 0.017058
18.2 0.0194255
18.21 0.0217725
18.22 0.0240969
18.23 0.0263963
18.24 0.0286684
18.25 0.0309108
18.26 0.033121
18.27 0.0352967
18.28 0.0374354
18.29 0.0395351
18.3 0.0415935
18.31 0.0436087
18.32 0.0455788
18.33 0.0475023
18.34 0.0493773
18.35 0.0512021
18.36 0.0529751
18.37 0.0546944
18.38 0.0563582
18.39 0.0579647
18.4 0.0595124
18.41 0.0609997
18.42 0.0624258
18.43 0.0637896
18.44 0.0650907
18.45 0.066329
18.46 0.0675047
18.47 0.0686183
18.48 0.0696706
18.49 0.070663
18.5 0.071598
18.51 0.0724781
18.52 0.0733053
18.53 0.0740817
18.54 0.0748088
18.55 0.075488
18.56 0.0761206
18.57 0.0767074
18.58 0.0772495
18.59 0.0777475
18.6 0.0782025
18.61 0.0786152
18.62 0.0789867
18.63 0.0793179
18.64 0.0796097
18.65 0.0798631
18.66 0.0800788
18.67 0.0802573
18.68 0.0803986
18.69 0.080502
18.7 0.0805659
18.71 0.0805882
18.72 0.0805654
18.73 0.0804937
18.74 0.0803689
18.75 0.0801867
18.76 0.0799434
18.77 0.079635
18.78 0.0792579
18.79 0.0788086
18.8 0.0782837
18.81 0.0776796
18.82 0.0769931
18.83 0.0762209
18.84 0.0753597
18.85 0.0744065
18.86 0.073358
18.87 0.0722114
18.88 0.0709639
18.89 0.0696131
18.9 0.068157
18.91 0.0665942
18.92 0.0649241
18.93 0.0631467
18.94 0.061263
18.95 0.0592744
18.96 0.0571826
18.97 0.0549894
18.98 0.0526967
18.99 0.0503063
19 0.0478198
19.01 0.0452386
19.02 0.0425639
19.03 0.0397968
19.04 0.0369383
19.05 0.0339899
19.06 0.0309534
19.07 0.0278311
19.08 0.0246255
19.09 0.02134
19.1 0.0179781
19.11 0.0145435
19.12 0.0110399
19.13 0.00747069
19.14 0.00383936
19.15 0.000149297
19.16 -0.00359585
19.17 -0.00739195
19.18 -0.0112342
19.19 -0.0151169
19.2 -0.0190335
19.21 -0.0229767
19.22 -0.0269385
19.23 -0.0309105
19.24 -0.0348839
19.25 -0.0388502
19.26 -0.0428015
19.27 -0.0467305
19.28 -0.0506306
19.29 -0.0544958
19.3 -0.058322
19.31 -0.0621089
19.32 -0.0658564
19.33 -0.0695633
19.34 -0.0732278
19.35 -0.0768479
19.36 -0.0804209
19.37 -0.0839439
19.38 -0.0874139
19.39 -0.090828
19.4 -0.0941834
19.41 -0.0974772
19.42 -0.100707
19.43 -0.103869
19.44 -0.106961
19.45 -0.10998
19.46 -0.112923
19.47 -0.115788
19.48 -0.118572
19.49 -0.121272
19.5 -0.123885
19.51 -0.12641
19.52 -0.128843
19.53 -0.131185
19.54 -0.133431
19.55 -0.135582
19.56 -0.137636
19.57 -0.139594
19.58 -0.141455
19.59 -0.143219
19.6 -0.144886
19.61 -0.146457
19.62 -0.147932
19.63 -0.149312
19.64 -0.150596
19.65 -0.151786
19.66 -0.152883
19.67 -0.153886
19.68 -0.154797
19.69 -0.155616
19.7 -0.156346
19.71 -0.156985
19.72 -0.157537
19.73 -0.158002
19.74 -0.158381
19.75 -0.158676
19.76 -0.158887
19.77 -0.159015
19.78 -0.159059
19.79 -0.159022
19.8 -0.158902
19.81 -0.1587
19.82 -0.158417
19.83 -0.158054
19.84 -0.157612
19.85 -0.157092
19.86 -0.156496
19.87 -0.155827
19.88 -0.155085
19.89 -0.154274
19.9 -0.153396
19.91 -0.152454
19.92 -0.151448
19.93 -0.150382
19.94 -0.149257
19.95 -0.148076
19.96 -0.146841
19.97 -0.145555
19.98 -0.14422
19.99 -0.14284
20 -0.141418
20.01 -0.139957
20.02 -0.138462
20.03 -0.136935
20.04 -0.135381
20.05 -0.133801
20.06 -0.132198
20.07 -0.130574
20.08 -0.12893
20.09 -0.127268
20.1 -0.125587
20.11 -0.123888
20.12 -0.122171
20.13 -0.120436
20.14 -0.118683
20.15 -0.116913
20.16 -0.115126
20.17 -0.113323
20.18 -0.111504
20.19 -0.10967
20.2 -0.107823
20.21 -0.105963
20.22 -0.104094
20.23 -0.102217
20.24 -0.100334
20.25 -0.0984457
20.26 -0.0965553
20.27 -0.0946646
20.28 -0.0927757
20.29 -0.0908914
20.3 -0.089014
20.31 -0.0871467
20.32 -0.0852923
20.33 -0.083454
20.34 -0.0816349
20.35 -0.0798381
20.36 -0.0780667
20.37 -0.0763232
20.38 -0.0746101
20.39 -0.0729292
20.4 -0.071282
20.41 -0.0696695
20.42 -0.0680922
20.43 -0.0665506
20.44 -0.0650447
20.45 -0.0635746
20.46 -0.0621403
20.47 -0.0607419
20.48 -0.0593793
20.49 -0.0580524
20.5 -0.0567608
20.51 -0.0555041
20.52 -0.054282
20.53 -0.0530937
20.54 -0.0519388
20.55 -0.0508164
20.56 -0.049726
20.57 -0.0486669
20.58 -0.0476388
20.59 -0.0466417
20.6 -0.0456763
20.61 -0.0447435
20.62 -0.0438446
20.63 -0.0429809
20.64 -0.042154
20.65 -0.0413652
20.66 -0.0406159
20.67 -0.0399076
20.68 -0.0392412
20.69 -0.0386179
20.7 -0.0380383
20.71 -0.0375032
20.72 -0.037013
20.73 -0.036568
20.74 -0.0361685
20.75 -0.0358147
20.76 -0.0355068
20.77 -0.0352448
20.78 -0.0350285
20.79 -0.0348576
20.8 -0.0347311
20.81 -0.0346478
20.82 -0.0346059
20.83 -0.0346032
20.84 -0.0346371
20.85 -0.0347052
20.86 -0.0348051
20.87 -0.0349347
20.88 -0.0350921
20.89 -0.0352758
20.9 -0.0354845
20.91 -0.0357171
20.92 -0.0359725
20.93 -0.0362498
20.94 -0.0365479
20.95 -0.0368659
20.96 -0.0372029
20.97 -0.0375583
20.98 -0.0379317
20.99 -0.0383231
21 -0.038733
21.01 -0.0391619
21.02 -0.039611
21.03 -0.0400818
21.04 -0.0405759
21.05 -0.041095
21.06 -0.0416407
21.07 -0.0422144
21.08 -0.0428176
21.09 -0.0434518
21.1 -0.0441181
21.11 -0.0448178
21.12 -0.0455515
21.13 -0.0463197
21.14 -0.0471222
21.15 -0.0479588
21.16 -0.0488291
21.17 -0.0497324
21.18 -0.0506682
21.19 -0.0516357
21.2 -0.0526342
21.21 -0.0536629
21.22 -0.0547211
21.23 -0.0558077
21.24 -0.0569219
21.25 -0.0580626
21.26 -0.0592285
21.27 -0.0604181
21.28 -0.0616296
21.29 -0.0628609
21.3 -0.06411
21.31 -0.0653745
21.32 -0.066652
21.33 -0.0679404
21.34 -0.0692378
21.35 -0.0705422
21.36 -0.0718521
21.37 -0.073166
21.38 -0.0744828
21.39 -0.0758015
21.4 -0.0771217
21.41 -0.0784427
21.42 -0.0797644
21.43 -0.0810866
21.44 -0.0824092
21.45 -0.0837317
21.46 -0.0850539
21.47 -0.0863751
21.48 -0.0876947
21.49 -0.089012
21.5 -0.0903261
21.51 -0.0916366
21.52 -0.0929427
21.53 -0.0942437
21.54 -0.0955388
21.55 -0.0968273
21.56 -0.0981083
21.57 -0.0993814
21.58 -0.100646
21.59 -0.101902
21.6 -0.103149
21.61 -0.104387
21.62 -0.105616
21.63 -0.106836
21.64 -0.108046
21.65 -0.109246
21.66 -0.110434
21.67 -0.11161
21.68 -0.112772
21.69 -0.113917
21.7 -0.115045
21.71 -0.116155
21.72 -0.117243
21.73 -0.11831
21.74 -0.119353
21.75 -0.120371
21.76 -0.121361
21.77 -0.122323
21.78 -0.123252
21.79 -0.124148
21.8 -0.125007
21.81 -0.125828
21.82 -0.126608
21.83 -0.127346
21.84 -0.128042
21.85 -0.128694
21.86 -0.129301
21.87 -0.129865
21.88 -0.130383
21.89 -0.130858
21.9 -0.13129
21.91 -0.131678
21.92 -0.132023
21.93 -0.132326
21.94 -0.132586
21.95 -0.132804
21.96 -0.13298
21.97 -0.133114
21.98 -0.133207
21.99 -0.13326
22 -0.133274
22.01 -0.133251
22.02 -0.133194
22.03 -0.133105
22.04 -0.132986
22.05 -0.132841
22.06 -0.132669
22.07 -0.132472
22.08 -0.132251
22.09 -0.132006
22.1 -0.131736
22.11 -0.131441
22.12 -0.131122
22.13 -0.130777
22.14 -0.130406
22.15 -0.130009
22.16 -0.129587
22.17 -0.129139
22.18 -0.128665
22.19 -0.128168
22.2 -0.127646
22.21 -0.127101
22.22 -0.126533
22.23 -0.125942
22.24 -0.125328
22.25 -0.124692
22.26 -0.124033
22.27 -0.123352
22.28 -0.122647
22.29 -0.121921
22.3 -0.121173
22.31 -0.120404
22.32 -0.119616
22.33 -0.11881
22.34 -0.117988
22.35 -0.117153
22.36 -0.116306
22.37 -0.11545
22.38 -0.114588
22.39 -0.11372
22.4 -0.112849
22.41 -0.111977
22.42 -0.111105
22.43 -0.110234
22.44 -0.109366
22.45 -0.108501
22.46 -0.107641
22.47 -0.106786
22.48 -0.105937
22.49 -0.105093
22.5 -0.104254
22.51 -0.10342
22.52 -0.102591
22.53 -0.101764
22.54 -0.10094
22.55 -0.100117
22.56 -0.0992943
22.57 -0.09847
22.58 -0.0976431
22.59 -0.0968124
22.6 -0.0959766
22.61 -0.0951344
22.62 -0.0942845
22.63 -0.0934258
22.64 -0.0925574
22.65 -0.0916787
22.66 -0.0907891
22.67 -0.0898887
22.68 -0.0889776
22.69 -0.0880564
22.7 -0.0871258
22.71 -0.0861861
22.72 -0.0852377
22.73 -0.0842809
22.74 -0.0833159
22.75 -0.0823431
22.76 -0.0813625
22.77 -0.0803747
22.78 -0.0793802
22.79 -0.0783795
22.8 -0.0773733
22.81 -0.0763624
22.82 -0.0753475
22.83 -0.0743294
22.84 -0.0733089
22.85 -0.0722869
22.86 -0.0712643
22.87 -0.0702422
22.88 -0.0692217
22.89 -0.068204
22.9 -0.0671906
22.91 -0.0661829
22.92 -0.0651828
22.93 -0.0641922
22.94 -0.0632132
22.95 -0.0622481
22.96 -0.0612992
22.97 -0.0603693
22.98 -0.0594606
22.99 -0.0585756
23 -0.057716
23.01 -0.0568832
23.02 -0.0560781
23.03 -0.0553014
23.04 -0.0545534
23.05 -0.0538343
23.06 -0.0531443
23.07 -0.0524834
23.08 -0.051852
23.09 -0.0512509
23.1 -0.0506809
23.11 -0.0501429
23.12 -0.0496379
23.13 -0.0491667
23.14 -0.0487302
23.15 -0.0483291
23.16 -0.0479639
23.17 -0.0476352
23.18 -0.0473435
23.19 -0.0470891
23.2 -0.046872
23.21 -0.0466922
23.22 -0.0465499
23.23 -0.0464449
23.24 -0.0463773
23.25 -0.0463467
23.26 -0.0463531
23.27 -0.0463964
23.28 -0.046476
23.29 -0.0465916
23.3 -0.0467424
23.31 -0.0469276
23.32 -0.0471463
23.33 -0.0473975
23.34 -0.0476803
23.35 -0.0479938
23.36 -0.0483372
23.37 -0.0487096
23.38 -0.0491105
23.39 -0.0495393
23.4 -0.0499958
23.41 -0.0504798
23.42 -0.0509916
23.43 -0.0515314
23.44 -0.0520996
23.45 -0.0526968
23.46 -0.0533235
23.47 -0.0539803
23.48 -0.0546673
23.49 -0.0553845
23.5 -0.0561313
23.51 -0.0569073
23.52 -0.0577117
23.53 -0.0585436
23.54 -0.0594021
23.55 -0.0602863
23.56 -0.061195
23.57 -0.0621271
23.58 -0.0630812
23.59 -0.0640559
23.6 -0.0650496
23.61 -0.0660608
23.62 -0.0670877
23.63 -0.0681285
23.64 -0.0691814
23.65 -0.0702442
23.66 -0.0713149
23.67 -0.0723915
23.68 -0.073472
23.69 -0.0745546
23.7 -0.0756378
23.71 -0.0767199
23.72 -0.0777999
23.73 -0.0788764
23.74 -0.0799487
23.75 -0.081016
23.76 -0.0820781
23.77 -0.0831348
23.78 -0.0841866
23.79 -0.0852342
23.8 -0.0862786
23.81 -0.087321
23.82 -0.0883625
23.83 -0.089404
23.84 -0.0904464
23.85 -0.0914909
23.86 -0.092538
23.87 -0.0935888
23.88 -0.0946439
23.89 -0.0957042
23.9 -0.0967704
23.91 -0.0978435
23.92 -0.0989249
23.93 -0.100016
23.94 -0.101117
23.95 -0.102229
23.96 -0.103355
23.97 -0.104493
23.98 -0.105644
23.99 -0.106808
24 -0.107984
24.01 -0.10917
24.02 -0.110365
24.03 -0.111567
24.04 -0.112773
24.05 -0.113979
24.06 -0.115183
24.07 -0.116379
24.08 -0.117563
24.09 -0.11873
24.1 -0.119876
24.11 -0.120996
24.12 -0.122086
24.13 -0.123143
24.14 -0.124163
24.15 -0.125145
24.16 -0.126086
24.17 -0.126986
24.18 -0.127843
24.19 -0.128656
24.2 -0.129424
24.21 -0.130148
24.22 -0.130826
24.23 -0.131459
24.24 -0.132045
24.25 -0.132587
24.26 -0.133082
24.27 -0.133533
24.28 -0.13394
24.29 -0.134303
24.3 -0.134625
24.31 -0.134906
24.32 -0.135148
24.33 -0.135354
24.34 -0.135523
24.35 -0.135657
24.36 -0.135755
24.37 -0.135818
24.38 -0.135845
24.39 -0.135837
24.4 -0.135791
24.41 -0.135708
24.42 -0.135587
24.43 -0.135428
24.44 -0.135231
24.45 -0.134996
24.46 -0.134724
24.47 -0.134414
24.48 -0.134068
24.49 -0.133685
24.5 -0.133265
24.51 -0.132809
24.52 -0.132318
24.53 -0.131791
24.54 -0.131229
24.55 -0.130633
24.56 -0.130004
24.57 -0.129342
24.58 -0.128651
24.59 -0.12793
24.6 -0.127181
24.61 -0.126407
24.62 -0.125608
24.63 -0.124787
24.64 -0.123945
24.65 -0.123084
24.66 -0.122205
24.67 -0.12131
24.68 -0.120399
24.69 -0.119473
24.7 -0.118532
24.71 -0.117578
24.72 -0.11661
24.73 -0.115629
24.74 -0.114635
24.75 -0.113629
24.76 -0.112611
24.77 -0.111581
24.78 -0.110539
24.79 -0.109486
24.8 -0.108423
24.81 -0.10735
24.82 -0.106268
24.83 -0.105179
24.84 -0.104084
24.85 -0.102984
24.86 -0.101882
24.87 -0.100778
24.88 -0.0996752
24.89 -0.0985751
24.9 -0.0974801
24.91 -0.0963926
24.92 -0.0953152
24.93 -0.0942506
24.94 -0.0932018
24.95 -0.0921714
24.96 -0.0911624
24.97 -0.0901774
24.98 -0.0892193
24.99 -0.0882907
25 -0.0873939
