0.01 3.17687e-09
0.02 1.53091e-08
0.03 3.78276e-08
0.04 6.8409e-08
0.05 1.04774e-07
0.06 1.44707e-07
0.07 1.86078e-07
0.08 2.26833e-07
0.09 2.64982e-07
0.1 2.98595e-07
0.11 3.25826e-07
0.12 3.44913e-07
0.13 3.54138e-07
0.14 3.51776e-07
0.15 3.36076e-07
0.16 3.05323e-07
0.17 2.57886e-07
0.18 1.92229e-07
0.19 1.06923e-07
0.2 6.59074e-10
0.21 -1.27744e-07
0.22 -2.79334e-07
0.23 -4.55028e-07
0.24 -6.55636e-07
0.25 -8.81888e-07
0.26 -1.1345e-06
0.27 -1.4142e-06
0.28 -1.72161e-06
0.29 -2.05697e-06
0.3 -2.42007e-06
0.31 -2.81015e-06
0.32 -3.22588e-06
0.33 -3.6652e-06
0.34 -4.12515e-06
0.35 -4.60221e-06
0.36 -5.09247e-06
0.37 -5.5918e-06
0.38 -6.09641e-06
0.39 -6.60365e-06
0.4 -7.11255e-06
0.41 -7.62422e-06
0.42 -8.14133e-06
0.43 -8.66754e-06
0.44 -9.20758e-06
0.45 -9.76705e-06
0.46 -1.0352e-05
0.47 -1.09686e-05
0.48 -1.16222e-05
0.49 -1.23177e-05
0.5 -1.30586e-05
0.51 -1.38481e-05
0.52 -1.46889e-05
0.53 -1.55827e-05
0.54 -1.65309e-05
0.55 -1.75343e-05
0.56 -1.85933e-05
0.57 -1.9708e-05
0.58 -2.0878e-05
0.59 -2.21031e-05
0.6 -2.33829e-05
0.61 -2.47168e-05
0.62 -2.6104e-05
0.63 -2.75434e-05
0.64 -2.90341e-05
0.65 -3.05749e-05
0.66 -3.2165e-05
0.67 -3.38036e-05
0.68 -3.54902e-05
0.69 -3.72247e-05
0.7 -3.90068e-05
0.71 -4.0836e-05
0.72 -4.27111e-05
0.73 -4.46292e-05
0.74 -4.65856e-05
0.75 -4.85728e-05
0.76 -5.05802e-05
0.77 -5.25948e-05
0.78 -5.4602e-05
0.79 -5.65879e-05
0.8 -5.85411e-05
0.81 -6.0453e-05
0.82 -6.23175e-05
0.83 -6.41303e-05
0.84 -6.58889e-05
0.85 -6.75945e-05
0.86 -6.92508e-05
0.87 -7.08607e-05
0.88 -7.24221e-05
0.89 -7.39271e-05
0.9 -7.5365e-05
0.91 -7.67231e-05
0.92 -7.79887e-05
0.93 -7.91507e-05
0.94 -8.02024e-05
0.95 -8.11429e-05
0.96 -8.19777e-05
0.97 -8.27177e-05
0.98 -8.33746e-05
0.99 -8.39557e-05
1 -8.44618e-05
1.01 -8.48881e-05
1.02 -8.52242e-05
1.03 -8.54548e-05
1.04 -8.55623e-05
1.05 -8.55293e-05
1.06 -8.53415e-05
1.07 -8.49896e-05
1.08 -8.44677e-05
1.09 -8.3771e-05
1.1 -8.28942e-05
1.11 -8.18335e-05
1.12 -8.05852e-05
1.13 -7.91441e-05
1.14 -7.75038e-05
1.15 -7.56581e-05
1.16 -7.36033e-05
1.17 -7.13401e-05
1.18 -6.88763e-05
1.19 -6.62251e-05
1.2 -6.34012e-05
1.21 -6.04229e-05
1.22 -5.73132e-05
1.23 -5.40969e-05
1.24 -5.0795e-05
1.25 -4.74172e-05
1.26 -4.39567e-05
1.27 -4.03958e-05
1.28 -3.67147e-05
1.29 -3.28947e-05
1.3 -2.89189e-05
1.31 -2.47768e-05
1.32 -2.04676e-05
1.33 -1.59965e-05
1.34 -1.13701e-05
1.35 -6.59271e-06
1.36 -1.66598e-06
1.37 3.41101e-06
1.38 8.64107e-06
1.39 1.40277e-05
1.4 1.95732e-05
1.41 2.52751e-05
1.42 3.11228e-05
1.43 3.70934e-05
1.44 4.31474e-05
1.45 4.92271e-05
1.46 5.5258e-05
1.47 6.11554e-05
1.48 6.68311e-05
1.49 7.21949e-05
1.5 7.71579e-05
1.51 8.16371e-05
1.52 8.55581e-05
1.53 8.88618e-05
1.54 9.15126e-05
1.55 9.35062e-05
1.56 9.4872e-05
1.57 9.56636e-05
1.58 9.59504e-05
1.59 9.58108e-05
1.6 9.532e-05
1.61 9.45431e-05
1.62 9.35381e-05
1.63 9.23549e-05
1.64 9.10355e-05
1.65 8.96145e-05
1.66 8.81169e-05
1.67 8.65562e-05
1.68 8.49362e-05
1.69 8.32573e-05
1.7 8.152e-05
1.71 7.97248e-05
1.72 7.78728e-05
1.73 7.59682e-05
1.74 7.40214e-05
1.75 7.20534e-05
1.76 7.00904e-05
1.77 6.81574e-05
1.78 6.62822e-05
1.79 6.45003e-05
1.8 6.28535e-05
1.81 6.13841e-05
1.82 6.0135e-05
1.83 5.9148e-05
1.84 5.84534e-05
1.85 5.80644e-05
1.86 5.79816e-05
1.87 5.82029e-05
1.88 5.87293e-05
1.89 5.95653e-05
1.9 6.07197e-05
1.91 6.2205e-05
1.92 6.40378e-05
1.93 6.62362e-05
1.94 6.88069e-05
1.95 7.1729e-05
1.96 7.4953e-05
1.97 7.84063e-05
1.98 8.19974e-05
1.99 8.56274e-05
2 8.92109e-05
2.01 9.26938e-05
2.02 9.60559e-05
2.03 9.93074e-05
2.04 0.000102486
2.05 0.000105649
2.06 0.000108859
2.07 0.000112176
2.08 0.000115644
2.09 0.000119275
2.1 0.00012305
2.11 0.000126922
2.12 0.000130812
2.13 0.000134603
2.14 0.000138158
2.15 0.000141324
2.16 0.000143941
2.17 0.000145845
2.18 0.000146874
2.19 0.000146857
2.2 0.00014561
2.21 0.000142938
2.22 0.000138654
2.23 0.000132577
2.24 0.000124542
2.25 0.000114395
2.26 0.000101997
2.27 8.72498e-05
2.28 7.01055e-05
2.29 5.05502e-05
2.3 2.86025e-05
2.31 4.31299e-06
2.32 -2.22283e-05
2.33 -5.08808e-05
2.34 -8.14473e-05
2.35 -0.00011368
2.36 -0.000147289
2.37 -0.000181955
2.38 -0.000217337
2.39 -0.000253071
2.4 -0.000288791
2.41 -0.000324168
2.42 -0.000358931
2.43 -0.000392848
2.44 -0.000425707
2.45 -0.000457314
2.46 -0.000487493
2.47 -0.000516094
2.48 -0.000543002
2.49 -0.000568119
2.5 -0.000591343
2.51 -0.000612561
2.52 -0.000631647
2.53 -0.00064847
2.54 -0.000662907
2.55 -0.000674831
2.56 -0.000684122
2.57 -0.000690691
2.58 -0.000694502
2.59 -0.000695579
2.6 -0.000693997
2.61 -0.000689868
2.62 -0.000683318
2.63 -0.000674471
2.64 -0.000663433
2.65 -0.000650296
2.66 -0.000635133
2.67 -0.000618006
2.68 -0.000598972
2.69 -0.000578103
2.7 -0.000555486
2.71 -0.000531214
2.72 -0.000505382
2.73 -0.000478091
2.74 -0.000449421
2.75 -0.000419433
2.76 -0.000388183
2.77 -0.000355724
2.78 -0.00032208
2.79 -0.00028724
2.8 -0.000251157
2.81 -0.000213758
2.82 -0.000174971
2.83 -0.00013476
2.84 -9.31266e-05
2.85 -5.01145e-05
2.86 -5.80249e-06
2.87 3.96889e-05
2.88 8.61815e-05
2.89 0.000133449
2.9 0.00018124
2.91 0.000229288
2.92 0.00027731
2.93 0.000325015
2.94 0.000372117
2.95 0.000418338
2.96 0.000463422
2.97 0.000507159
2.98 0.000549402
2.99 0.000590049
3 0.000629035
3.01 0.000666321
3.02 0.000701872
3.03 0.000735638
3.04 0.000767551
3.05 0.000797512
3.06 0.000825389
3.07 0.00085101
3.08 0.000874168
3.09 0.000894637
3.1 0.000912205
3.11 0.000926702
3.12 0.000938019
3.13 0.000946121
3.14 0.000951035
3.15 0.000952822
3.16 0.000951565
3.17 0.000947374
3.18 0.000940379
3.19 0.000930717
3.2 0.000918509
3.21 0.000903868
3.22 0.000886942
3.23 0.000867918
3.24 0.000847029
3.25 0.00082454
3.26 0.000800736
3.27 0.000775941
3.28 0.000750533
3.29 0.000724906
3.3 0.000699437
3.31 0.000674512
3.32 0.000650514
3.33 0.000627787
3.34 0.00060658
3.35 0.000587028
3.36 0.000569134
3.37 0.000552777
3.38 0.000537732
3.39 0.000523669
3.4 0.000510167
3.41 0.000496734
3.42 0.000482836
3.43 0.000467938
3.44 0.000451523
3.45 0.000433096
3.46 0.000412201
3.47 0.000388461
3.48 0.000361622
3.49 0.000331577
3.5 0.000298357
3.51 0.000262117
3.52 0.000223126
3.53 0.00018175
3.54 0.000138418
3.55 9.35713e-05
3.56 4.76021e-05
3.57 8.47192e-07
3.58 -4.63697e-05
3.59 -9.37286e-05
3.6 -0.000140951
3.61 -0.00018782
3.62 -0.000234175
3.63 -0.000279908
3.64 -0.000324966
3.65 -0.000369354
3.66 -0.000413132
3.67 -0.00045643
3.68 -0.000499447
3.69 -0.000542429
3.7 -0.000585617
3.71 -0.00062923
3.72 -0.000673487
3.73 -0.00071858
3.74 -0.000764648
3.75 -0.00081179
3.76 -0.000860074
3.77 -0.00090953
3.78 -0.000960147
3.79 -0.00101188
3.8 -0.00106464
3.81 -0.00111828
3.82 -0.0011726
3.83 -0.00122736
3.84 -0.00128231
3.85 -0.00133717
3.86 -0.00139171
3.87 -0.00144575
3.88 -0.00149924
3.89 -0.00155224
3.9 -0.00160491
3.91 -0.00165754
3.92 -0.00171052
3.93 -0.00176433
3.94 -0.00181948
3.95 -0.00187648
3.96 -0.00193583
3.97 -0.00199797
3.98 -0.00206322
3.99 -0.00213175
4 -0.00220359
4.01 -0.00227858
4.02 -0.00235648
4.03 -0.00243689
4.04 -0.0025193
4.05 -0.00260307
4.06 -0.00268748
4.07 -0.00277166
4.08 -0.00285459
4.09 -0.00293517
4.1 -0.00301217
4.11 -0.00308437
4.12 -0.00315063
4.13 -0.00320996
4.14 -0.0032616
4.15 -0.00330502
4.16 -0.00334002
4.17 -0.00336676
4.18 -0.00338566
4.19 -0.00339735
4.2 -0.0034027
4.21 -0.00340268
4.22 -0.00339836
4.23 -0.00339073
4.24 -0.00338068
4.25 -0.00336901
4.26 -0.00335645
4.27 -0.00334365
4.28 -0.00333114
4.29 -0.00331929
4.3 -0.00330835
4.31 -0.0032984
4.32 -0.00328942
4.33 -0.00328128
4.34 -0.00327371
4.35 -0.00326632
4.36 -0.00325854
4.37 -0.00324972
4.38 -0.00323908
4.39 -0.0032258
4.4 -0.00320903
4.41 -0.00318786
4.42 -0.00316137
4.43 -0.00312865
4.44 -0.00308882
4.45 -0.00304109
4.46 -0.00298482
4.47 -0.00291958
4.48 -0.00284512
4.49 -0.00276139
4.5 -0.00266837
4.51 -0.00256611
4.52 -0.00245475
4.53 -0.00233455
4.54 -0.00220591
4.55 -0.00206931
4.56 -0.00192534
4.57 -0.00177465
4.58 -0.00161799
4.59 -0.00145614
4.6 -0.00128996
4.61 -0.00112029
4.62 -0.000947927
4.63 -0.00077363
4.64 -0.000598093
4.65 -0.000421941
4.66 -0.00024571
4.67 -6.98001e-05
4.68 0.000105547
4.69 0.000280217
4.7 0.000454168
4.71 0.000627366
4.72 0.00079975
4.73 0.000971258
4.74 0.0011418
4.75 0.00131119
4.76 0.00147917
4.77 0.00164543
4.78 0.00180961
4.79 0.00197136
4.8 0.00213033
4.81 0.0022861
4.82 0.00243822
4.83 0.00258623
4.84 0.0027297
4.85 0.00286814
4.86 0.00300105
4.87 0.00312794
4.88 0.00324845
4.89 0.00336219
4.9 0.00346884
4.91 0.00356812
4.92 0.00365983
4.93 0.00374382
4.94 0.00381997
4.95 0.0038882
4.96 0.00394845
4.97 0.00400073
4.98 0.0040451
4.99 0.00408172
5 0.00411078
5.01 0.00413249
5.02 0.00414703
5.03 0.00415446
5.04 0.00415473
5.05 0.0041477
5.06 0.00413308
5.07 0.00411047
5.08 0.00407936
5.09 0.00403921
5.1 0.00398943
5.11 0.00392941
5.12 0.00385856
5.13 0.0037764
5.14 0.00368253
5.15 0.0035767
5.16 0.00345886
5.17 0.00332923
5.18 0.0031882
5.19 0.00303635
5.2 0.0028744
5.21 0.00270322
5.22 0.00252378
5.23 0.00233704
5.24 0.00214398
5.25 0.00194556
5.26 0.00174276
5.27 0.00153666
5.28 0.0013284
5.29 0.00111907
5.3 0.000909778
5.31 0.000701561
5.32 0.000495389
5.33 0.00029206
5.34 9.21571e-05
5.35 -0.000103945
5.36 -0.000296105
5.37 -0.000484468
5.38 -0.000669436
5.39 -0.000851557
5.4 -0.00103144
5.41 -0.00120969
5.42 -0.00138693
5.43 -0.00156366
5.44 -0.00174024
5.45 -0.00191688
5.46 -0.00209362
5.47 -0.00227038
5.48 -0.00244703
5.49 -0.00262338
5.5 -0.00279916
5.51 -0.00297402
5.52 -0.00314754
5.53 -0.00331929
5.54 -0.00348885
5.55 -0.00365574
5.56 -0.00381945
5.57 -0.00397955
5.58 -0.00413566
5.59 -0.00428751
5.6 -0.00443485
5.61 -0.00457741
5.62 -0.00471491
5.63 -0.00484705
5.64 -0.00497348
5.65 -0.00509389
5.66 -0.00520794
5.67 -0.0053153
5.68 -0.0054156
5.69 -0.0055084
5.7 -0.0055932
5.71 -0.00566942
5.72 -0.00573641
5.73 -0.00579349
5.74 -0.00583997
5.75 -0.00587516
5.76 -0.00589838
5.77 -0.00590904
5.78 -0.00590668
5.79 -0.005891
5.8 -0.0058619
5.81 -0.00581949
5.82 -0.00576411
5.83 -0.0056964
5.84 -0.00561719
5.85 -0.0055275
5.86 -0.00542848
5.87 -0.00532137
5.88 -0.00520747
5.89 -0.00508808
5.9 -0.0049645
5.91 -0.00483791
5.92 -0.0047094
5.93 -0.00457991
5.94 -0.00445024
5.95 -0.00432101
5.96 -0.00419262
5.97 -0.00406516
5.98 -0.0039384
5.99 -0.00381192
6 -0.00368505
6.01 -0.00355698
6.02 -0.00342683
6.03 -0.00329369
6.04 -0.00315662
6.05 -0.00301469
6.06 -0.00286704
6.07 -0.00271293
6.08 -0.00255181
6.09 -0.00238336
6.1 -0.00220735
6.11 -0.00202372
6.12 -0.00183254
6.13 -0.00163402
6.14 -0.00142845
6.15 -0.00121614
6.16 -0.000997343
6.17 -0.000772215
6.18 -0.000540719
6.19 -0.000302628
6.2 -5.76036e-05
6.21 0.000194741
6.22 0.000454857
6.23 0.000723251
6.24 0.00100042
6.25 0.0012868
6.26 0.00158281
6.27 0.00188885
6.28 0.00220528
6.29 0.00253248
6.3 0.00287086
6.31 0.00322084
6.32 0.0035829
6.33 0.00395756
6.34 0.00434537
6.35 0.00474685
6.36 0.00516249
6.37 0.00559255
6.38 0.00603698
6.39 0.00649539
6.4 0.00696716
6.41 0.00745147
6.42 0.00794739
6.43 0.00845404
6.44 0.00897062
6.45 0.00949648
6.46 0.0100313
6.47 0.0105747
6.48 0.0111268
6.49 0.0116873
6.5 0.0122557
6.51 0.0128314
6.52 0.013413
6.53 0.013999
6.54 0.0145874
6.55 0.0151757
6.56 0.015761
6.57 0.01634
6.58 0.0169094
6.59 0.0174658
6.6 0.0180059
6.61 0.018527
6.62 0.0190263
6.63 0.0195019
6.64 0.0199518
6.65 0.0203747
6.66 0.020769
6.67 0.0211335
6.68 0.0214667
6.69 0.0217673
6.7 0.022034
6.71 0.0222654
6.72 0.0224606
6.73 0.0226182
6.74 0.0227374
6.75 0.0228173
6.76 0.0228574
6.77 0.0228571
6.78 0.0228164
6.79 0.0227353
6.8 0.0226139
6.81 0.0224528
6.82 0.0222522
6.83 0.0220125
6.84 0.0217342
6.85 0.0214174
6.86 0.0210625
6.87 0.0206693
6.88 0.020238
6.89 0.0197687
6.9 0.0192615
6.91 0.0187168
6.92 0.0181353
6.93 0.0175181
6.94 0.0168665
6.95 0.0161822
6.96 0.0154673
6.97 0.0147239
6.98 0.0139539
6.99 0.0131591
7 0.012341
7.01 0.0115008
7.02 0.0106394
7.03 0.00975752
7.04 0.00885584
7.05 0.00793525
7.06 0.00699692
7.07 0.00604243
7.08 0.00507374
7.09 0.00409318
7.1 0.00310337
7.11 0.00210712
7.12 0.0011073
7.13 0.000106624
7.14 -0.000892593
7.15 -0.00188846
7.16 -0.00287954
7.17 -0.00386474
7.18 -0.00484328
7.19 -0.00581453
7.2 -0.00677796
7.21 -0.00773297
7.22 -0.00867882
7.23 -0.00961447
7.24 -0.0105386
7.25 -0.0114496
7.26 -0.0123455
7.27 -0.0132245
7.28 -0.0140846
7.29 -0.0149241
7.3 -0.0157416
7.31 -0.0165358
7.32 -0.0173062
7.33 -0.0180521
7.34 -0.0187733
7.35 -0.0194697
7.36 -0.0201408
7.37 -0.0207861
7.38 -0.0214049
7.39 -0.0219958
7.4 -0.0225575
7.41 -0.0230884
7.42 -0.0235867
7.43 -0.0240509
7.44 -0.0244794
7.45 -0.0248713
7.46 -0.0252261
7.47 -0.0255434
7.48 -0.0258234
7.49 -0.0260669
7.5 -0.0262748
7.51 -0.0264486
7.52 -0.0265899
7.53 -0.0267005
7.54 -0.0267822
7.55 -0.0268368
7.56 -0.0268659
7.57 -0.0268713
7.58 -0.0268547
7.59 -0.026818
7.6 -0.0267629
7.61 -0.0266913
7.62 -0.0266047
7.63 -0.0265044
7.64 -0.0263911
7.65 -0.0262652
7.66 -0.0261266
7.67 -0.0259747
7.68 -0.0258081
7.69 -0.025625
7.7 -0.0254232
7.71 -0.0252
7.72 -0.0249527
7.73 -0.0246791
7.74 -0.0243771
7.75 -0.0240455
7.76 -0.0236833
7.77 -0.0232902
7.78 -0.0228661
7.79 -0.0224113
7.8 -0.0219264
7.81 -0.0214123
7.82 -0.0208702
7.83 -0.0203015
7.84 -0.0197078
7.85 -0.0190911
7.86 -0.0184533
7.87 -0.0177964
7.88 -0.0171225
7.89 -0.0164336
7.9 -0.0157315
7.91 -0.0150179
7.92 -0.0142942
7.93 -0.0135615
7.94 -0.0128208
7.95 -0.0120727
7.96 -0.0113177
7.97 -0.010556
7.98 -0.00978771
7.99 -0.00901284
8 -0.00823134
8.01 -0.00744327
8.02 -0.0066488
8.03 -0.00584825
8.04 -0.00504218
8.05 -0.0042314
8.06 -0.00341703
8.07 -0.00260047
8.08 -0.00178326
8.09 -0.000967013
8.1 -0.000153291
8.11 0.000656551
8.12 0.00146151
8.13 0.00226099
8.14 0.0030547
8.15 0.00384269
8.16 0.00462529
8.17 0.00540304
8.18 0.00617662
8.19 0.00694671
8.2 0.00771396
8.21 0.00847896
8.22 0.00924205
8.23 0.0100034
8.24 0.0107632
8.25 0.0115212
8.26 0.0122771
8.27 0.0130303
8.28 0.0137802
8.29 0.0145256
8.3 0.0152652
8.31 0.0159971
8.32 0.0167191
8.33 0.0174283
8.34 0.0181213
8.35 0.0187945
8.36 0.019444
8.37 0.020066
8.38 0.0206569
8.39 0.0212137
8.4 0.0217338
8.41 0.0222155
8.42 0.0226576
8.43 0.0230591
8.44 0.02342
8.45 0.0237402
8.46 0.0240206
8.47 0.0242621
8.48 0.0244662
8.49 0.0246346
8.5 0.0247692
8.51 0.0248718
8.52 0.0249444
8.53 0.0249884
8.54 0.0250052
8.55 0.0249955
8.56 0.0249597
8.57 0.0248981
8.58 0.0248106
8.59 0.0246972
8.6 0.0245578
8.61 0.0243924
8.62 0.024201
8.63 0.023984
8.64 0.0237422
8.65 0.0234766
8.66 0.0231885
8.67 0.0228795
8.68 0.0225516
8.69 0.0222067
8.7 0.0218467
8.71 0.0214735
8.72 0.021089
8.73 0.0206949
8.74 0.0202926
8.75 0.0198834
8.76 0.0194683
8.77 0.0190478
8.78 0.0186222
8.79 0.0181915
8.8 0.0177553
8.81 0.017313
8.82 0.0168637
8.83 0.0164064
8.84 0.0159404
8.85 0.0154648
8.86 0.0149792
8.87 0.0144832
8.88 0.0139766
8.89 0.0134593
8.9 0.0129317
8.91 0.0123944
8.92 0.0118482
8.93 0.011294
8.94 0.010733
8.95 0.010166
8.96 0.00959399
8.97 0.00901787
8.98 0.00843838
8.99 0.00785618
9 0.00727166
9.01 0.00668497
9.02 0.00609601
9.03 0.00550433
9.04 0.00490931
9.05 0.00431019
9.06 0.00370629
9.07 0.00309708
9.08 0.00248219
9.09 0.00186143
9.1 0.00123473
9.11 0.000602086
9.12 -3.65094e-05
9.13 -0.000681005
9.14 -0.00133133
9.15 -0.00198737
9.16 -0.00264888
9.17 -0.00331536
9.18 -0.00398592
9.19 -0.00465927
9.2 -0.00533364
9.21 -0.00600676
9.22 -0.00667581
9.23 -0.00733752
9.24 -0.00798828
9.25 -0.00862448
9.26 -0.00924264
9.27 -0.00983969
9.28 -0.010413
9.29 -0.0109605
9.3 -0.0114808
9.31 -0.0119725
9.32 -0.0124347
9.33 -0.0128665
9.34 -0.013267
9.35 -0.0136357
9.36 -0.0139719
9.37 -0.0142752
9.38 -0.0145451
9.39 -0.0147813
9.4 -0.0149838
9.41 -0.0151525
9.42 -0.0152879
9.43 -0.0153909
9.44 -0.0154627
9.45 -0.015505
9.46 -0.0155201
9.47 -0.0155104
9.48 -0.0154781
9.49 -0.0154258
9.5 -0.0153555
9.51 -0.0152689
9.52 -0.0151674
9.53 -0.0150519
9.54 -0.0149233
9.55 -0.0147821
9.56 -0.014629
9.57 -0.0144647
9.58 -0.0142903
9.59 -0.014107
9.6 -0.0139162
9.61 -0.0137197
9.62 -0.0135188
9.63 -0.0133151
9.64 -0.0131098
9.65 -0.0129037
9.66 -0.0126971
9.67 -0.0124904
9.68 -0.0122832
9.69 -0.012075
9.7 -0.0118653
9.71 -0.0116531
9.72 -0.011438
9.73 -0.0112194
9.74 -0.0109968
9.75 -0.0107703
9.76 -0.01054
9.77 -0.0103064
9.78 -0.0100701
9.79 -0.00983216
9.8 -0.00959356
9.81 -0.00935563
9.82 -0.00911987
9.83 -0.00888786
9.84 -0.00866137
9.85 -0.0084422
9.86 -0.0082322
9.87 -0.00803309
9.88 -0.00784641
9.89 -0.00767353
9.9 -0.00751564
9.91 -0.00737362
9.92 -0.00724801
9.93 -0.00713902
9.94 -0.00704654
9.95 -0.00697016
9.96 -0.00690926
9.97 -0.00686313
9.98 -0.00683119
9.99 -0.00681301
10 -0.00680834
10.01 -0.00681714
10.02 -0.00683958
10.03 -0.00687606
10.04 -0.00692712
10.05 -0.00699322
10.06 -0.0070747
10.07 -0.00717164
10.08 -0.00728393
10.09 -0.00741123
10.1 -0.00755304
10.11 -0.00770868
10.12 -0.00787744
10.13 -0.00805869
10.14 -0.00825197
10.15 -0.00845691
10.16 -0.00867326
10.17 -0.00890085
10.18 -0.00913944
10.19 -0.00938865
10.2 -0.00964791
10.21 -0.00991648
10.22 -0.0101935
10.23 -0.010478
10.24 -0.0107691
10.25 -0.0110657
10.26 -0.0113668
10.27 -0.0116715
10.28 -0.0119791
10.29 -0.0122888
10.3 -0.0125998
10.31 -0.0129115
10.32 -0.013223
10.33 -0.0135335
10.34 -0.013842
10.35 -0.0141477
10.36 -0.0144496
10.37 -0.0147468
10.38 -0.0150385
10.39 -0.0153238
10.4 -0.0156017
10.41 -0.0158714
10.42 -0.0161315
10.43 -0.016381
10.44 -0.0166181
10.45 -0.0168413
10.46 -0.0170486
10.47 -0.0172382
10.48 -0.0174083
10.49 -0.0175572
10.5 -0.0176837
10.51 -0.0177868
10.52 -0.0178659
10.53 -0.0179208
10.54 -0.0179515
10.55 -0.0179582
10.56 -0.0179411
10.57 -0.0179007
10.58 -0.0178373
10.59 -0.0177516
10.6 -0.0176438
10.61 -0.0175147
10.62 -0.0173649
10.63 -0.0171952
10.64 -0.0170063
10.65 -0.0167993
10.66 -0.0165754
10.67 -0.0163358
10.68 -0.0160816
10.69 -0.0158142
10.7 -0.0155345
10.71 -0.0152434
10.72 -0.0149416
10.73 -0.0146297
10.74 -0.0143081
10.75 -0.0139773
10.76 -0.0136376
10.77 -0.0132893
10.78 -0.0129326
10.79 -0.0125677
10.8 -0.0121945
10.81 -0.011813
10.82 -0.0114234
10.83 -0.0110254
10.84 -0.010619
10.85 -0.010204
10.86 -0.00978051
10.87 -0.00934856
10.88 -0.00890837
10.89 -0.00846025
10.9 -0.00800455
10.91 -0.00754169
10.92 -0.00707203
10.93 -0.0065958
10.94 -0.00611301
10.95 -0.00562344
10.96 -0.00512666
10.97 -0.00462205
10.98 -0.00410886
10.99 -0.00358635
11 -0.00305383
11.01 -0.00251075
11.02 -0.0019567
11.03 -0.00139146
11.04 -0.000815031
11.05 -0.000227619
11.06 0.00037045
11.07 0.000978752
11.08 0.00159675
11.09 0.00222379
11.1 0.0028592
11.11 0.00350228
11.12 0.00415243
11.13 0.00480911
11.14 0.00547181
11.15 0.00614
11.16 0.00681318
11.17 0.00749101
11.18 0.00817331
11.19 0.00886016
11.2 0.00955179
11.21 0.0102487
11.22 0.0109513
11.23 0.0116605
11.24 0.0123767
11.25 0.0131002
11.26 0.0138307
11.27 0.0145675
11.28 0.0153095
11.29 0.0160553
11.3 0.0168032
11.31 0.0175518
11.32 0.0182993
11.33 0.0190443
11.34 0.0197853
11.35 0.0205214
11.36 0.021252
11.37 0.0219766
11.38 0.0226952
11.39 0.0234076
11.4 0.0241136
11.41 0.0248129
11.42 0.0255052
11.43 0.0261896
11.44 0.0268652
11.45 0.0275308
11.46 0.0281853
11.47 0.0288273
11.48 0.0294558
11.49 0.03007
11.5 0.0306697
11.51 0.0312546
11.52 0.0318253
11.53 0.0323823
11.54 0.0329262
11.55 0.033458
11.56 0.0339782
11.57 0.0344871
11.58 0.034985
11.59 0.0354718
11.6 0.0359471
11.61 0.0364108
11.62 0.0368627
11.63 0.0373028
11.64 0.0377309
11.65 0.0381469
11.66 0.0385507
11.67 0.0389422
11.68 0.0393214
11.69 0.0396881
11.7 0.0400419
11.71 0.0403823
11.72 0.0407085
11.73 0.0410194
11.74 0.0413138
11.75 0.04159
11.76 0.0418458
11.77 0.042079
11.78 0.0422864
11.79 0.0424648
11.8 0.0426107
11.81 0.0427206
11.82 0.0427914
11.83 0.0428204
11.84 0.0428051
11.85 0.0427436
11.86 0.0426343
11.87 0.0424757
11.88 0.0422665
11.89 0.0420055
11.9 0.0416918
11.91 0.0413245
11.92 0.0409029
11.93 0.0404266
11.94 0.0398953
11.95 0.0393087
11.96 0.0386668
11.97 0.0379697
11.98 0.0372177
11.99 0.0364113
12 0.0355514
12.01 0.0346392
12.02 0.0336759
12.03 0.0326634
12.04 0.0316037
12.05 0.0304993
12.06 0.0293527
12.07 0.0281666
12.08 0.0269438
12.09 0.0256867
12.1 0.0243977
12.11 0.0230787
12.12 0.0217317
12.13 0.0203581
12.14 0.0189592
12.15 0.0175357
12.16 0.0160884
12.17 0.0146178
12.18 0.0131242
12.19 0.0116083
12.2 0.0100705
12.21 0.00851135
12.22 0.00693157
12.23 0.00533203
12.24 0.00371364
12.25 0.00207743
12.26 0.000424577
12.27 -0.0012435
12.28 -0.00292525
12.29 -0.00461894
12.3 -0.0063227
12.31 -0.00803448
12.32 -0.009752
12.33 -0.0114727
12.34 -0.0131938
12.35 -0.0149123
12.36 -0.016625
12.37 -0.0183285
12.38 -0.0200192
12.39 -0.0216933
12.4 -0.023347
12.41 -0.0249762
12.42 -0.0265772
12.43 -0.0281464
12.44 -0.0296801
12.45 -0.031175
12.46 -0.0326277
12.47 -0.034035
12.48 -0.0353934
12.49 -0.0366991
12.5 -0.0379481
12.51 -0.0391357
12.52 -0.0402571
12.53 -0.0413072
12.54 -0.042281
12.55 -0.0431735
12.56 -0.0439801
12.57 -0.0446969
12.58 -0.0453199
12.59 -0.0458459
12.6 -0.0462716
12.61 -0.046594
12.62 -0.0468104
12.63 -0.0469186
12.64 -0.0469167
12.65 -0.0468034
12.66 -0.0465777
12.67 -0.0462391
12.68 -0.0457878
12.69 -0.0452246
12.7 -0.0445506
12.71 -0.0437679
12.72 -0.0428787
12.73 -0.0418854
12.74 -0.0407909
12.75 -0.0395982
12.76 -0.0383101
12.77 -0.0369299
12.78 -0.0354606
12.79 -0.0339053
12.8 -0.0322673
12.81 -0.0305499
12.82 -0.0287566
12.83 -0.0268911
12.84 -0.0249574
12.85 -0.0229594
12.86 -0.020901
12.87 -0.0187862
12.88 -0.0166188
12.89 -0.0144022
12.9 -0.01214
12.91 -0.00983522
12.92 -0.00749115
12.93 -0.00511108
12.94 -0.00269839
12.95 -0.00025662
12.96 0.00221053
12.97 0.00469925
12.98 0.0072056
12.99 0.00972563
13 0.0122553
13.01 0.0147907
13.02 0.0173281
13.03 0.0198639
13.04 0.0223947
13.05 0.0249173
13.06 0.0274283
13.07 0.0299242
13.08 0.0324015
13.09 0.0348563
13.1 0.0372846
13.11 0.0396822
13.12 0.0420445
13.13 0.0443673
13.14 0.0466461
13.15 0.0488769
13.16 0.0510559
13.17 0.0531795
13.18 0.0552448
13.19 0.0572486
13.2 0.0591884
13.21 0.0610617
13.22 0.062866
13.23 0.064599
13.24 0.0662584
13.25 0.0678419
13.26 0.0693473
13.27 0.0707724
13.28 0.0721151
13.29 0.0733732
13.3 0.0745444
13.31 0.0756266
13.32 0.0766176
13.33 0.0775149
13.34 0.0783162
13.35 0.0790193
13.36 0.079622
13.37 0.0801225
13.38 0.0805193
13.39 0.0808111
13.4 0.0809971
13.41 0.081077
13.42 0.0810508
13.43 0.0809187
13.44 0.0806813
13.45 0.0803395
13.46 0.0798945
13.47 0.0793482
13.48 0.0787024
13.49 0.0779594
13.5 0.0771217
13.51 0.0761919
13.52 0.075173
13.53 0.0740679
13.54 0.07288
13.55 0.0716127
13.56 0.0702698
13.57 0.0688548
13.58 0.0673717
13.59 0.065824
13.6 0.0642152
13.61 0.0625487
13.62 0.0608279
13.63 0.0590562
13.64 0.0572371
13.65 0.0553741
13.66 0.0534706
13.67 0.0515303
13.68 0.0495566
13.69 0.0475532
13.7 0.0455232
13.71 0.0434699
13.72 0.0413962
13.73 0.039305
13.74 0.037199
13.75 0.0350805
13.76 0.0329516
13.77 0.0308139
13.78 0.0286688
13.79 0.0265173
13.8 0.0243597
13.81 0.0221961
13.82 0.0200261
13.83 0.0178489
13.84 0.0156644
13.85 0.0134727
13.86 0.0112751
13.87 0.00907302
13.88 0.00686842
13.89 0.00466305
13.9 0.00245868
13.91 0.000257079
13.92 -0.00193996
13.93 -0.00413069
13.94 -0.00631339
13.95 -0.0084864
13.96 -0.0106481
13.97 -0.0127967
13.98 -0.0149305
13.99 -0.017048
14 -0.0191475
14.01 -0.0212275
14.02 -0.0232867
14.03 -0.0253237
14.04 -0.0273369
14.05 -0.0293251
14.06 -0.0312867
14.07 -0.0332206
14.08 -0.0351256
14.09 -0.0370011
14.1 -0.0388465
14.11 -0.0406616
14.12 -0.0424465
14.13 -0.0442019
14.14 -0.0459285
14.15 -0.0476277
14.16 -0.049301
14.17 -0.0509503
14.18 -0.0525774
14.19 -0.054184
14.2 -0.055772
14.21 -0.0573431
14.22 -0.058899
14.23 -0.0604417
14.24 -0.0619731
14.25 -0.0634953
14.26 -0.0650104
14.27 -0.0665207
14.28 -0.0680283
14.29 -0.0695353
14.3 -0.0710434
14.31 -0.072554
14.32 -0.0740682
14.33 -0.0755866
14.34 -0.0771095
14.35 -0.0786371
14.36 -0.0801695
14.37 -0.0817078
14.38 -0.083254
14.39 -0.0848112
14.4 -0.0863822
14.41 -0.0879701
14.42 -0.0895778
14.43 -0.0912083
14.44 -0.092864
14.45 -0.0945471
14.46 -0.0962593
14.47 -0.0980016
14.48 -0.0997749
14.49 -0.10158
14.5 -0.103416
14.51 -0.105285
14.52 -0.107187
14.53 -0.109122
14.54 -0.111091
14.55 -0.113096
14.56 -0.115136
14.57 -0.117213
14.58 -0.119328
14.59 -0.121481
14.6 -0.123674
14.61 -0.125907
14.62 -0.12818
14.63 -0.130493
14.64 -0.132843
14.65 -0.13523
14.66 -0.137649
14.67 -0.140098
14.68 -0.142572
14.69 -0.145067
14.7 -0.14758
14.71 -0.150107
14.72 -0.152645
14.73 -0.15519
14.74 -0.157736
14.75 -0.160278
14.76 -0.162808
14.77 -0.16532
14.78 -0.167808
14.79 -0.170264
14.8 -0.172683
14.81 -0.175057
14.82 -0.17738
14.83 -0.179646
14.84 -0.181847
14.85 -0.183978
14.86 -0.186033
14.87 -0.188005
14.88 -0.189888
14.89 -0.191676
14.9 -0.193362
14.91 -0.19494
14.92 -0.196403
14.93 -0.197744
14.94 -0.198957
14.95 -0.200035
14.96 -0.200971
14.97 -0.201759
14.98 -0.202393
14.99 -0.202868
15 -0.203181
15.01 -0.20333
15.02 -0.203314
15.03 -0.203135
15.04 -0.202794
15.05 -0.202294
15.06 -0.201639
15.07 -0.200835
15.08 -0.199888
15.09 -0.198803
15.1 -0.197586
15.11 -0.196244
15.12 -0.194784
15.13 -0.193212
15.14 -0.191536
15.15 -0.189763
15.16 -0.187899
15.17 -0.185951
15.18 -0.183926
15.19 -0.181829
15.2 -0.179665
15.21 -0.177442
15.22 -0.175163
15.23 -0.172836
15.24 -0.170466
15.25 -0.16806
15.26 -0.165625
15.27 -0.163168
15.28 -0.160699
15.29 -0.158223
15.3 -0.155751
15.31 -0.153287
15.32 -0.15084
15.33 -0.148415
15.34 -0.146017
15.35 -0.143652
15.36 -0.141325
15.37 -0.139042
15.38 -0.136808
15.39 -0.134629
15.4 -0.13251
15.41 -0.130456
15.42 -0.128472
15.43 -0.126559
15.44 -0.124723
15.45 -0.122966
15.46 -0.121288
15.47 -0.119692
15.48 -0.118178
15.49 -0.116746
15.5 -0.115393
15.51 -0.114118
15.52 -0.112916
15.53 -0.111784
15.54 -0.110718
15.55 -0.109713
15.56 -0.108766
15.57 -0.107872
15.58 -0.107026
15.59 -0.106225
15.6 -0.105463
15.61 -0.104736
15.62 -0.104039
15.63 -0.103368
15.64 -0.102719
15.65 -0.102085
15.66 -0.101463
15.67 -0.100847
15.68 -0.100233
15.69 -0.0996157
15.7 -0.0989909
15.71 -0.0983538
15.72 -0.0976998
15.73 -0.0970243
15.74 -0.0963226
15.75 -0.0955901
15.76 -0.094822
15.77 -0.0940138
15.78 -0.0931608
15.79 -0.0922588
15.8 -0.0913036
15.81 -0.0902913
15.82 -0.0892184
15.83 -0.0880819
15.84 -0.0868791
15.85 -0.085608
15.86 -0.0842668
15.87 -0.0828542
15.88 -0.0813689
15.89 -0.0798102
15.9 -0.0781776
15.91 -0.076471
15.92 -0.0746905
15.93 -0.0728362
15.94 -0.0709084
15.95 -0.0689075
15.96 -0.0668345
15.97 -0.0646906
15.98 -0.0624777
15.99 -0.0601981
16 -0.0578548
16.01 -0.0554514
16.02 -0.0529923
16.03 -0.050483
16.04 -0.0479298
16.05 -0.0453401
16.06 -0.0427219
16.07 -0.0400836
16.08 -0.0374323
16.09 -0.034772
16.1 -0.0321071
16.11 -0.029442
16.12 -0.0267815
16.13 -0.0241304
16.14 -0.0214934
16.15 -0.0188755
16.16 -0.0162816
16.17 -0.0137169
16.18 -0.0111865
16.19 -0.00869571
16.2 -0.00624963
16.21 -0.0038533
16.22 -0.00151141
16.23 0.000771816
16.24 0.0029928
16.25 0.00514877
16.26 0.00723776
16.27 0.0092586
16.28 0.0112106
16.29 0.0130932
16.3 0.0149063
16.31 0.0166499
16.32 0.0183239
16.33 0.0199286
16.34 0.0214644
16.35 0.0229319
16.36 0.0243314
16.37 0.0256637
16.38 0.0269291
16.39 0.0281286
16.4 0.0292628
16.41 0.0303326
16.42 0.0313389
16.43 0.0322825
16.44 0.0331639
16.45 0.0339838
16.46 0.0347428
16.47 0.0354415
16.48 0.0360804
16.49 0.03666
16.5 0.0371809
16.51 0.0376435
16.52 0.0380482
16.53 0.0383956
16.54 0.0386861
16.55 0.0389202
16.56 0.0390984
16.57 0.0392209
16.58 0.0392879
16.59 0.0392995
16.6 0.0392554
16.61 0.0391553
16.62 0.0389988
16.63 0.038785
16.64 0.038513
16.65 0.0381813
16.66 0.0377884
16.67 0.0373323
16.68 0.036811
16.69 0.0362219
16.7 0.0355622
16.71 0.0348296
16.72 0.0340218
16.73 0.0331371
16.74 0.0321747
16.75 0.0311342
16.76 0.0300157
16.77 0.0288196
16.78 0.0275467
16.79 0.026198
16.8 0.0247751
16.81 0.0232796
16.82 0.0217135
16.83 0.0200789
16.84 0.0183782
16.85 0.0166137
16.86 0.014788
16.87 0.0129035
16.88 0.0109627
16.89 0.00896788
16.9 0.00692112
16.91 0.00482455
16.92 0.00268021
16.93 0.000490205
16.94 -0.00174323
16.95 -0.00401769
16.96 -0.00633069
16.97 -0.0086796
16.98 -0.0110616
16.99 -0.0134739
17 -0.0159133
17.01 -0.0183769
17.02 -0.0208615
17.03 -0.0233638
17.04 -0.0258809
17.05 -0.0284097
17.06 -0.0309472
17.07 -0.0334904
17.08 -0.036036
17.09 -0.038581
17.1 -0.0411221
17.11 -0.0436565
17.12 -0.046181
17.13 -0.0486927
17.14 -0.0511885
17.15 -0.0536655
17.16 -0.0561206
17.17 -0.0585511
17.18 -0.0609541
17.19 -0.0633268
17.2 -0.0656664
17.21 -0.0679701
17.22 -0.0702351
17.23 -0.0724587
17.24 -0.0746385
17.25 -0.0767719
17.26 -0.0788566
17.27 -0.0808906
17.28 -0.0828718
17.29 -0.0847986
17.3 -0.0866693
17.31 -0.0884824
17.32 -0.0902364
17.33 -0.09193
17.34 -0.0935619
17.35 -0.0951314
17.36 -0.0966376
17.37 -0.0980806
17.38 -0.0994606
17.39 -0.100778
17.4 -0.102035
17.41 -0.103233
17.42 -0.104374
17.43 -0.105461
17.44 -0.106497
17.45 -0.107484
17.46 -0.108424
17.47 -0.109318
17.48 -0.110167
17.49 -0.110973
17.5 -0.111734
17.51 -0.112453
17.52 -0.11313
17.53 -0.113765
17.54 -0.11436
17.55 -0.114916
17.56 -0.115433
17.57 -0.115913
17.58 -0.116354
17.59 -0.116759
17.6 -0.117126
17.61 -0.117456
17.62 -0.117747
17.63 -0.117998
17.64 -0.118207
17.65 -0.118373
17.66 -0.118494
17.67 -0.118566
17.68 -0.118588
17.69 -0.118557
17.7 -0.118471
17.71 -0.118327
17.72 -0.118124
17.73 -0.11786
17.74 -0.117534
17.75 -0.117145
17.76 -0.116693
17.77 -0.116177
17.78 -0.115594
17.79 -0.114944
17.8 -0.114224
17.81 -0.113431
17.82 -0.112564
17.83 -0.11162
17.84 -0.110598
17.85 -0.109495
17.86 -0.108311
17.87 -0.107043
17.88 -0.105691
17.89 -0.104253
17.9 -0.102731
17.91 -0.101124
17.92 -0.0994343
17.93 -0.0976629
17.94 -0.0958121
17.95 -0.0938839
17.96 -0.091881
17.97 -0.0898061
17.98 -0.0876623
17.99 -0.0854526
18 -0.0831806
18.01 -0.0808495
18.02 -0.0784629
18.03 -0.0760244
18.04 -0.0735376
18.05 -0.0710061
18.06 -0.0684334
18.07 -0.0658231
18.08 -0.0631787
18.09 -0.060504
18.1 -0.0578028
18.11 -0.0550789
18.12 -0.0523362
18.13 -0.0495784
18.14 -0.0468094
18.15 -0.0440327
18.16 -0.0412517
18.17 -0.0384697
18.18 -0.0356898
18.19 -0.0329149
18.2 -0.0301475
18.21 -0.0273904
18.22 -0.0246459
18.23 -0.0219166
18.24 -0.0192049
18.25 -0.0165137
18.26 -0.0138454
18.27 -0.011203
18.28 -0.00858891
18.29 -0.00600573
18.3 -0.00345591
18.31 -0.000941775
18.32 0.00153452
18.33 0.00397086
18.34 0.00636516
18.35 0.00871531
18.36 0.0110191
18.37 0.0132744
18.38 0.0154788
18.39 0.01763
18.4 0.0197261
18.41 0.0217651
18.42 0.0237454
18.43 0.0256656
18.44 0.0275247
18.45 0.0293221
18.46 0.0310573
18.47 0.0327304
18.48 0.0343414
18.49 0.0358907
18.5 0.0373787
18.51 0.0388056
18.52 0.0401717
18.53 0.0414777
18.54 0.0427254
18.55 0.0439165
18.56 0.0450522
18.57 0.0461336
18.58 0.0471615
18.59 0.0481368
18.6 0.0490603
18.61 0.0499331
18.62 0.050756
18.63 0.05153
18.64 0.0522561
18.65 0.0529351
18.66 0.053568
18.67 0.0541552
18.68 0.0546966
18.69 0.0551917
18.7 0.055639
18.71 0.056036
18.72 0.0563796
18.73 0.0566659
18.74 0.0568904
18.75 0.057049
18.76 0.0571373
18.77 0.0571512
18.78 0.0570866
18.79 0.0569395
18.8 0.0567059
18.81 0.0563821
18.82 0.0559642
18.83 0.0554484
18.84 0.0548311
18.85 0.0541086
18.86 0.0532774
18.87 0.0523341
18.88 0.0512756
18.89 0.0500988
18.9 0.0488015
18.91 0.0473817
18.92 0.0458384
18.93 0.0441712
18.94 0.0423807
18.95 0.0404679
18.96 0.038434
18.97 0.0362805
18.98 0.0340087
18.99 0.0316202
19 0.0291162
19.01 0.0264977
19.02 0.0237656
19.03 0.0209205
19.04 0.0179634
19.05 0.0148952
19.06 0.0117174
19.07 0.0084321
19.08 0.00504167
19.09 0.00154906
19.1 -0.00204239
19.11 -0.00572917
19.12 -0.00950783
19.13 -0.0133751
19.14 -0.0173276
19.15 -0.0213622
19.16 -0.0254752
19.17 -0.0296627
19.18 -0.0339199
19.19 -0.0382411
19.2 -0.0426198
19.21 -0.0470486
19.22 -0.0515196
19.23 -0.0560241
19.24 -0.0605534
19.25 -0.0650988
19.26 -0.0696521
19.27 -0.0742059
19.28 -0.0787533
19.29 -0.083288
19.3 -0.0878034
19.31 -0.0922927
19.32 -0.096749
19.33 -0.101165
19.34 -0.105533
19.35 -0.109846
19.36 -0.114103
19.37 -0.1183
19.38 -0.122434
19.39 -0.126503
19.4 -0.130504
19.41 -0.134434
19.42 -0.13829
19.43 -0.142069
19.44 -0.145769
19.45 -0.149386
19.46 -0.152919
19.47 -0.156363
19.48 -0.159717
19.49 -0.162978
19.5 -0.166143
19.51 -0.16921
19.52 -0.172176
19.53 -0.175041
19.54 -0.177802
19.55 -0.180458
19.56 -0.183008
19.57 -0.185452
19.58 -0.187791
19.59 -0.190023
19.6 -0.192149
19.61 -0.194169
19.62 -0.196084
19.63 -0.197895
19.64 -0.199602
19.65 -0.201205
19.66 -0.202705
19.67 -0.204102
19.68 -0.205399
19.69 -0.206594
19.7 -0.20769
19.71 -0.208688
19.72 -0.209588
19.73 -0.210393
19.74 -0.211102
19.75 -0.211718
19.76 -0.212242
19.77 -0.212672
19.78 -0.213011
19.79 -0.213259
19.8 -0.213415
19.81 -0.21348
19.82 -0.213454
19.83 -0.213338
19.84 -0.213132
19.85 -0.212839
19.86 -0.212458
19.87 -0.211992
19.88 -0.211442
19.89 -0.21081
19.9 -0.210099
19.91 -0.20931
19.92 -0.208446
19.93 -0.207507
19.94 -0.206495
19.95 -0.205413
19.96 -0.204263
19.97 -0.203046
19.98 -0.201765
19.99 -0.200424
20 -0.199026
20.01 -0.197573
20.02 -0.196069
20.03 -0.194518
20.04 -0.192922
20.05 -0.191285
20.06 -0.189608
20.07 -0.187892
20.08 -0.18614
20.09 -0.184353
20.1 -0.182529
20.11 -0.180671
20.12 -0.178777
20.13 -0.176848
20.14 -0.174884
20.15 -0.172886
20.16 -0.170854
20.17 -0.168788
20.18 -0.16669
20.19 -0.16456
20.2 -0.1624
20.21 -0.160212
20.22 -0.157997
20.23 -0.155759
20.24 -0.153498
20.25 -0.151217
20.26 -0.148918
20.27 -0.146604
20.28 -0.144277
20.29 -0.14194
20.3 -0.139596
20.31 -0.137248
20.32 -0.1349
20.33 -0.132555
20.34 -0.130216
20.35 -0.127888
20.36 -0.125573
20.37 -0.123275
20.38 -0.120997
20.39 -0.118741
20.4 -0.116509
20.41 -0.114303
20.42 -0.112123
20.43 -0.109971
20.44 -0.107847
20.45 -0.105752
20.46 -0.103688
20.47 -0.101653
20.48 -0.0996496
20.49 -0.0976777
20.5 -0.0957376
20.51 -0.0938297
20.52 -0.0919541
20.53 -0.090111
20.54 -0.0883005
20.55 -0.0865225
20.56 -0.0847772
20.57 -0.0830646
20.58 -0.081385
20.59 -0.0797393
20.6 -0.0781288
20.61 -0.0765551
20.62 -0.0750201
20.63 -0.073526
20.64 -0.0720749
20.65 -0.070669
20.66 -0.0693103
20.67 -0.0680009
20.68 -0.0667424
20.69 -0.0655367
20.7 -0.0643852
20.71 -0.0632891
20.72 -0.0622495
20.73 -0.0612674
20.74 -0.0603438
20.75 -0.0594793
20.76 -0.0586748
20.77 -0.057931
20.78 -0.0572481
20.79 -0.0566263
20.8 -0.0560653
20.81 -0.0555644
20.82 -0.0551222
20.83 -0.054737
20.84 -0.0544068
20.85 -0.0541295
20.86 -0.0539032
20.87 -0.0537261
20.88 -0.0535968
20.89 -0.053514
20.9 -0.0534769
20.91 -0.0534846
20.92 -0.0535364
20.93 -0.0536315
20.94 -0.053769
20.95 -0.0539483
20.96 -0.0541686
20.97 -0.0544295
20.98 -0.0547307
20.99 -0.0550723
21 -0.0554548
21.01 -0.0558787
21.02 -0.0563454
21.03 -0.0568562
21.04 -0.0574126
21.05 -0.0580164
21.06 -0.058669
21.07 -0.0593718
21.08 -0.060126
21.09 -0.0609329
21.1 -0.0617935
21.11 -0.0627088
21.12 -0.0636793
21.13 -0.0647051
21.14 -0.0657858
21.15 -0.0669209
21.16 -0.0681096
21.17 -0.0693509
21.18 -0.0706438
21.19 -0.0719873
21.2 -0.0733802
21.21 -0.0748214
21.22 -0.0763095
21.23 -0.0778433
21.24 -0.0794212
21.25 -0.0810418
21.26 -0.0827032
21.27 -0.0844034
21.28 -0.08614
21.29 -0.0879106
21.3 -0.0897123
21.31 -0.0915423
21.32 -0.0933976
21.33 -0.0952756
21.34 -0.0971734
21.35 -0.0990888
21.36 -0.101019
21.37 -0.102963
21.38 -0.104918
21.39 -0.106883
21.4 -0.108857
21.41 -0.110837
21.42 -0.112825
21.43 -0.114817
21.44 -0.116815
21.45 -0.118816
21.46 -0.12082
21.47 -0.122825
21.48 -0.124829
21.49 -0.126833
21.5 -0.128833
21.51 -0.130829
21.52 -0.13282
21.53 -0.134803
21.54 -0.136778
21.55 -0.138742
21.56 -0.140695
21.57 -0.142636
21.58 -0.144563
21.59 -0.146474
21.6 -0.14837
21.61 -0.15025
21.62 -0.152113
21.63 -0.153958
21.64 -0.155785
21.65 -0.157591
21.66 -0.159375
21.67 -0.161136
21.68 -0.16287
21.69 -0.164577
21.7 -0.166254
21.71 -0.167898
21.72 -0.169509
21.73 -0.171084
21.74 -0.17262
21.75 -0.174116
21.76 -0.17557
21.77 -0.176978
21.78 -0.178339
21.79 -0.179648
21.8 -0.180905
21.81 -0.182106
21.82 -0.183249
21.83 -0.184332
21.84 -0.185355
21.85 -0.186315
21.86 -0.187212
21.87 -0.188046
21.88 -0.188816
21.89 -0.189523
21.9 -0.190167
21.91 -0.190749
21.92 -0.191267
21.93 -0.191724
21.94 -0.192118
21.95 -0.192449
21.96 -0.192719
21.97 -0.192926
21.98 -0.193072
21.99 -0.193158
22 -0.193185
22.01 -0.193155
22.02 -0.193071
22.03 -0.192935
22.04 -0.19275
22.05 -0.192518
22.06 -0.19224
22.07 -0.191919
22.08 -0.191554
22.09 -0.191145
22.1 -0.190694
22.11 -0.190199
22.12 -0.189661
22.13 -0.189081
22.14 -0.188456
22.15 -0.187789
22.16 -0.18708
22.17 -0.186328
22.18 -0.185535
22.19 -0.184702
22.2 -0.18383
22.21 -0.18292
22.22 -0.181973
22.23 -0.180989
22.24 -0.179969
22.25 -0.178913
22.26 -0.177823
22.27 -0.176698
22.28 -0.175539
22.29 -0.174347
22.3 -0.173123
22.31 -0.171868
22.32 -0.170585
22.33 -0.169276
22.34 -0.167943
22.35 -0.166589
22.36 -0.165217
22.37 -0.16383
22.38 -0.16243
22.39 -0.16102
22.4 -0.159602
22.41 -0.158179
22.42 -0.156753
22.43 -0.155326
22.44 -0.153899
22.45 -0.152475
22.46 -0.151054
22.47 -0.149638
22.48 -0.148229
22.49 -0.146826
22.5 -0.145429
22.51 -0.144041
22.52 -0.142659
22.53 -0.141284
22.54 -0.139915
22.55 -0.138552
22.56 -0.137194
22.57 -0.135841
22.58 -0.134492
22.59 -0.133146
22.6 -0.131802
22.61 -0.130459
22.62 -0.129118
22.63 -0.127776
22.64 -0.126435
22.65 -0.125093
22.66 -0.12375
22.67 -0.122407
22.68 -0.121065
22.69 -0.119724
22.7 -0.118386
22.71 -0.11705
22.72 -0.115719
22.73 -0.114392
22.74 -0.11307
22.75 -0.111754
22.76 -0.110443
22.77 -0.10914
22.78 -0.107843
22.79 -0.106555
22.8 -0.105276
22.81 -0.104006
22.82 -0.102748
22.83 -0.101501
22.84 -0.100266
22.85 -0.0990448
22.86 -0.097838
22.87 -0.0966468
22.88 -0.0954721
22.89 -0.0943152
22.9 -0.0931774
22.91 -0.0920603
22.92 -0.0909656
22.93 -0.089895
22.94 -0.0888506
22.95 -0.0878345
22.96 -0.086849
22.97 -0.0858964
22.98 -0.0849792
22.99 -0.0840993
23 -0.0832584
23.01 -0.0824575
23.02 -0.0816974
23.03 -0.0809786
23.04 -0.0803011
23.05 -0.0796648
23.06 -0.0790696
23.07 -0.0785153
23.08 -0.0780019
23.09 -0.07753
23.1 -0.0771
23.11 -0.0767125
23.12 -0.0763681
23.13 -0.0760675
23.14 -0.075811
23.15 -0.075599
23.16 -0.0754317
23.17 -0.0753094
23.18 -0.0752322
23.19 -0.0751998
23.2 -0.0752122
23.21 -0.075269
23.22 -0.0753697
23.23 -0.075514
23.24 -0.0757014
23.25 -0.0759315
23.26 -0.0762036
23.27 -0.0765173
23.28 -0.0768718
23.29 -0.0772662
23.3 -0.0776995
23.31 -0.0781704
23.32 -0.0786777
23.33 -0.0792201
23.34 -0.0797963
23.35 -0.080405
23.36 -0.0810451
23.37 -0.0817154
23.38 -0.0824149
23.39 -0.0831429
23.4 -0.0838987
23.41 -0.0846819
23.42 -0.0854924
23.43 -0.08633
23.44 -0.087195
23.45 -0.0880875
23.46 -0.089008
23.47 -0.0899565
23.48 -0.0909331
23.49 -0.0919373
23.5 -0.0929685
23.51 -0.0940259
23.52 -0.0951084
23.53 -0.096215
23.54 -0.0973447
23.55 -0.0984962
23.56 -0.0996682
23.57 -0.100859
23.58 -0.102068
23.59 -0.103293
23.6 -0.104532
23.61 -0.105784
23.62 -0.107047
23.63 -0.108319
23.64 -0.109597
23.65 -0.11088
23.66 -0.112166
23.67 -0.113452
23.68 -0.114736
23.69 -0.116017
23.7 -0.117293
23.71 -0.118563
23.72 -0.119824
23.73 -0.121076
23.74 -0.122318
23.75 -0.123549
23.76 -0.124769
23.77 -0.125978
23.78 -0.127176
23.79 -0.128364
23.8 -0.129543
23.81 -0.130715
23.82 -0.131879
23.83 -0.133038
23.84 -0.134192
23.85 -0.135342
23.86 -0.13649
23.87 -0.137636
23.88 -0.13878
23.89 -0.139924
23.9 -0.141069
23.91 -0.142216
23.92 -0.143366
23.93 -0.14452
23.94 -0.14568
23.95 -0.146847
23.96 -0.148021
23.97 -0.149205
23.98 -0.150397
23.99 -0.151598
24 -0.152807
24.01 -0.154022
24.02 -0.155243
24.03 -0.156467
24.04 -0.157692
24.05 -0.158915
24.06 -0.160132
24.07 -0.161339
24.08 -0.162531
24.09 -0.163705
24.1 -0.164855
24.11 -0.165978
24.12 -0.167069
24.13 -0.168126
24.14 -0.169145
24.15 -0.170124
24.16 -0.171062
24.17 -0.171958
24.18 -0.172811
24.19 -0.173619
24.2 -0.174383
24.21 -0.175101
24.22 -0.175774
24.23 -0.176402
24.24 -0.176984
24.25 -0.177521
24.26 -0.178012
24.27 -0.17846
24.28 -0.178864
24.29 -0.179225
24.3 -0.179545
24.31 -0.179826
24.32 -0.180068
24.33 -0.180274
24.34 -0.180445
24.35 -0.180582
24.36 -0.180683
24.37 -0.180751
24.38 -0.180783
24.39 -0.180781
24.4 -0.180742
24.41 -0.180666
24.42 -0.180554
24.43 -0.180404
24.44 -0.180217
24.45 -0.179993
24.46 -0.179732
24.47 -0.179434
24.48 -0.179099
24.49 -0.178728
24.5 -0.178321
24.51 -0.177877
24.52 -0.177398
24.53 -0.176883
24.54 -0.176334
24.55 -0.175749
24.56 -0.175132
24.57 -0.174481
24.58 -0.173799
24.59 -0.173087
24.6 -0.172347
24.61 -0.171579
24.62 -0.170786
24.63 -0.169969
24.64 -0.16913
24.65 -0.16827
24.66 -0.16739
24.67 -0.166491
24.68 -0.165574
24.69 -0.16464
24.7 -0.16369
24.71 -0.162722
24.72 -0.161739
24.73 -0.160739
24.74 -0.159724
24.75 -0.158692
24.76 -0.157646
24.77 -0.156584
24.78 -0.155507
24.79 -0.154414
24.8 -0.153308
24.81 -0.152188
24.82 -0.151055
24.83 -0.149911
24.84 -0.148756
24.85 -0.147592
24.86 -0.146422
24.87 -0.145245
24.88 -0.144065
24.89 -0.142882
24.9 -0.1417
24.91 -0.140521
24.92 -0.139347
24.93 -0.13818
24.94 -0.137025
24.95 -0.135883
24.96 -0.134757
24.97 -0.133651
24.98 -0.132567
24.99 -0.131507
25 -0.130474
