0.01 3.17732e-09
0.02 1.53123e-08
0.03 3.78399e-08
0.04 6.84415e-08
0.05 1.04843e-07
0.06 1.44837e-07
0.07 1.86298e-07
0.08 2.27178e-07
0.09 2.65492e-07
0.1 2.99316e-07
0.11 3.26806e-07
0.12 3.46202e-07
0.13 3.55787e-07
0.14 3.53834e-07
0.15 3.38588e-07
0.16 3.0833e-07
0.17 2.61418e-07
0.18 1.96306e-07
0.19 1.1155e-07
0.2 5.82348e-09
0.21 -1.22075e-07
0.22 -2.73216e-07
0.23 -4.48547e-07
0.24 -6.48908e-07
0.25 -8.75063e-07
0.26 -1.12776e-06
0.27 -1.40779e-06
0.28 -1.7158e-06
0.29 -2.05208e-06
0.3 -2.41648e-06
0.31 -2.80829e-06
0.32 -3.22626e-06
0.33 -3.66836e-06
0.34 -4.13172e-06
0.35 -4.61286e-06
0.36 -5.10796e-06
0.37 -5.61294e-06
0.38 -6.12409e-06
0.39 -6.63881e-06
0.4 -7.1562e-06
0.41 -7.67742e-06
0.42 -8.20522e-06
0.43 -8.74331e-06
0.44 -9.29648e-06
0.45 -9.8704e-06
0.46 -1.04712e-05
0.47 -1.11051e-05
0.48 -1.17775e-05
0.49 -1.24933e-05
0.5 -1.32563e-05
0.51 -1.40697e-05
0.52 -1.49361e-05
0.53 -1.58576e-05
0.54 -1.68354e-05
0.55 -1.78707e-05
0.56 -1.89639e-05
0.57 -2.01151e-05
0.58 -2.13241e-05
0.59 -2.25909e-05
0.6 -2.39152e-05
0.61 -2.52965e-05
0.62 -2.67341e-05
0.63 -2.82272e-05
0.64 -2.97748e-05
0.65 -3.13761e-05
0.66 -3.30303e-05
0.67 -3.47367e-05
0.68 -3.64952e-05
0.69 -3.83056e-05
0.7 -4.0168e-05
0.71 -4.20818e-05
0.72 -4.4046e-05
0.73 -4.60581e-05
0.74 -4.81134e-05
0.75 -5.02045e-05
0.76 -5.23211e-05
0.77 -5.44502e-05
0.78 -5.65774e-05
0.79 -5.8689e-05
0.8 -6.07736e-05
0.81 -6.28227e-05
0.82 -6.48303e-05
0.83 -6.67923e-05
0.84 -6.87061e-05
0.85 -7.0573e-05
0.86 -7.23967e-05
0.87 -7.41802e-05
0.88 -7.59211e-05
0.89 -7.7612e-05
0.9 -7.92416e-05
0.91 -8.07975e-05
0.92 -8.22668e-05
0.93 -8.36384e-05
0.94 -8.49053e-05
0.95 -8.60666e-05
0.96 -8.71276e-05
0.97 -8.80989e-05
0.98 -8.89921e-05
0.99 -8.98142e-05
1 -9.05659e-05
1.01 -9.1242e-05
1.02 -9.18319e-05
1.03 -9.232e-05
1.04 -9.26884e-05
1.05 -9.29192e-05
1.06 -9.29979e-05
1.07 -9.29148e-05
1.08 -9.26636e-05
1.09 -9.22389e-05
1.1 -9.16351e-05
1.11 -9.08478e-05
1.12 -8.98728e-05
1.13 -8.87043e-05
1.14 -8.73354e-05
1.15 -8.57593e-05
1.16 -8.39715e-05
1.17 -8.19722e-05
1.18 -7.97685e-05
1.19 -7.73727e-05
1.2 -7.47991e-05
1.21 -7.20651e-05
1.22 -6.9193e-05
1.23 -6.62067e-05
1.24 -6.31266e-05
1.25 -5.99616e-05
1.26 -5.67043e-05
1.27 -5.33361e-05
1.28 -4.98365e-05
1.29 -4.6186e-05
1.3 -4.23669e-05
1.31 -3.83682e-05
1.32 -3.4188e-05
1.33 -2.98309e-05
1.34 -2.53028e-05
1.35 -2.06071e-05
1.36 -1.57447e-05
1.37 -1.07139e-05
1.38 -5.51108e-06
1.39 -1.32012e-07
1.4 5.42624e-06
1.41 1.11621e-05
1.42 1.70659e-05
1.43 2.31151e-05
1.44 2.92712e-05
1.45 3.54771e-05
1.46 4.1659e-05
1.47 4.77328e-05
1.48 5.36107e-05
1.49 5.92031e-05
1.5 6.44213e-05
1.51 6.91827e-05
1.52 7.34128e-05
1.53 7.70527e-05
1.54 8.00665e-05
1.55 8.24498e-05
1.56 8.42314e-05
1.57 8.54645e-05
1.58 8.62177e-05
1.59 8.6569e-05
1.6 8.65926e-05
1.61 8.63529e-05
1.62 8.59068e-05
1.63 8.53034e-05
1.64 8.45837e-05
1.65 8.37814e-05
1.66 8.29202e-05
1.67 8.20126e-05
1.68 8.10615e-05
1.69 8.0066e-05
1.7 7.90255e-05
1.71 7.79394e-05
1.72 7.68075e-05
1.73 7.56329e-05
1.74 7.44248e-05
1.75 7.32028e-05
1.76 7.19922e-05
1.77 7.08165e-05
1.78 6.97023e-05
1.79 6.86841e-05
1.8 6.78023e-05
1.81 6.70982e-05
1.82 6.66135e-05
1.83 6.63891e-05
1.84 6.64542e-05
1.85 6.68209e-05
1.86 6.74892e-05
1.87 6.84559e-05
1.88 6.97212e-05
1.89 7.12891e-05
1.9 7.31675e-05
1.91 7.53685e-05
1.92 7.79079e-05
1.93 8.08034e-05
1.94 8.40614e-05
1.95 8.76605e-05
1.96 9.15511e-05
1.97 9.56601e-05
1.98 9.98959e-05
1.99 0.000104159
2 0.000108365
2.01 0.000112459
2.02 0.000116419
2.03 0.000120258
2.04 0.000124011
2.05 0.000127736
2.06 0.000131495
2.07 0.000135349
2.08 0.00013934
2.09 0.000143482
2.1 0.000147756
2.11 0.000152113
2.12 0.000156475
2.13 0.000160726
2.14 0.000164728
2.15 0.000168328
2.16 0.000171366
2.17 0.000173678
2.18 0.000175101
2.19 0.000175464
2.2 0.000174582
2.21 0.000172261
2.22 0.000168311
2.23 0.000162549
2.24 0.00015481
2.25 0.000144938
2.26 0.00013279
2.27 0.000118268
2.28 0.00010132
2.29 8.19281e-05
2.3 6.01084e-05
2.31 3.59075e-05
2.32 9.41147e-06
2.33 -1.92433e-05
2.34 -4.98643e-05
2.35 -8.22083e-05
2.36 -0.00011599
2.37 -0.000150895
2.38 -0.000186586
2.39 -0.000222705
2.4 -0.000258891
2.41 -0.000294818
2.42 -0.00033022
2.43 -0.000364868
2.44 -0.000398554
2.45 -0.000431088
2.46 -0.000462296
2.47 -0.000492031
2.48 -0.00052018
2.49 -0.000546646
2.5 -0.00057133
2.51 -0.000594118
2.52 -0.000614885
2.53 -0.000633501
2.54 -0.000649841
2.55 -0.000663778
2.56 -0.000675189
2.57 -0.000683984
2.58 -0.000690125
2.59 -0.000693631
2.6 -0.000694575
2.61 -0.000693063
2.62 -0.000689218
2.63 -0.000683158
2.64 -0.000674985
2.65 -0.000664783
2.66 -0.00065262
2.67 -0.000638551
2.68 -0.000622628
2.69 -0.000604913
2.7 -0.000585488
2.71 -0.000564437
2.72 -0.000541848
2.73 -0.000517812
2.74 -0.000492403
2.75 -0.000465673
2.76 -0.000437668
2.77 -0.000408433
2.78 -0.000377983
2.79 -0.000346299
2.8 -0.000313324
2.81 -0.000278976
2.82 -0.000243174
2.83 -0.000205871
2.84 -0.000167062
2.85 -0.000126779
2.86 -8.50914e-05
2.87 -4.21107e-05
2.88 1.99474e-06
2.89 4.70078e-05
2.9 9.2687e-05
2.91 0.000138775
2.92 0.000184998
2.93 0.000231072
2.94 0.000276721
2.95 0.000321674
2.96 0.000365683
2.97 0.000408546
2.98 0.00045012
2.99 0.00049031
3 0.000529058
3.01 0.000566329
3.02 0.000602091
3.03 0.0006363
3.04 0.00066889
3.05 0.000699765
3.06 0.000728795
3.07 0.000755809
3.08 0.000780601
3.09 0.000802946
3.1 0.00082263
3.11 0.000839482
3.12 0.000853391
3.13 0.000864318
3.14 0.000872288
3.15 0.000877357
3.16 0.000879602
3.17 0.000879128
3.18 0.000876058
3.19 0.000870523
3.2 0.000862635
3.21 0.0008525
3.22 0.000840255
3.23 0.000826081
3.24 0.000810199
3.25 0.000792864
3.26 0.000774352
3.27 0.000754976
3.28 0.000735102
3.29 0.000715113
3.3 0.000695377
3.31 0.000676267
3.32 0.000658157
3.33 0.000641378
3.34 0.000626171
3.35 0.000612658
3.36 0.000600834
3.37 0.000590568
3.38 0.000581625
3.39 0.000573666
3.4 0.00056626
3.41 0.000558906
3.42 0.00055106
3.43 0.000542179
3.44 0.000531734
3.45 0.000519223
3.46 0.000504178
3.47 0.000486211
3.48 0.000465058
3.49 0.000440601
3.5 0.00041286
3.51 0.000381977
3.52 0.000348209
3.53 0.000311911
3.54 0.000273498
3.55 0.0002334
3.56 0.000191998
3.57 0.000149617
3.58 0.000106567
3.59 6.3159e-05
3.6 1.96595e-05
3.61 -2.37261e-05
3.62 -6.68465e-05
3.63 -0.000109602
3.64 -0.000151952
3.65 -0.000193908
3.66 -0.00023554
3.67 -0.000276985
3.68 -0.00031845
3.69 -0.000360187
3.7 -0.000402445
3.71 -0.000445449
3.72 -0.000489424
3.73 -0.000534569
3.74 -0.000581027
3.75 -0.000628903
3.76 -0.000678271
3.77 -0.000729165
3.78 -0.000781578
3.79 -0.000835469
3.8 -0.000890757
3.81 -0.000947294
3.82 -0.00100488
3.83 -0.00106329
3.84 -0.00112226
3.85 -0.00118153
3.86 -0.00124085
3.87 -0.00130007
3.88 -0.00135911
3.89 -0.00141805
3.9 -0.00147703
3.91 -0.00153636
3.92 -0.00159642
3.93 -0.00165768
3.94 -0.00172066
3.95 -0.00178586
3.96 -0.00185379
3.97 -0.00192487
3.98 -0.00199942
3.99 -0.00207762
4 -0.00215948
4.01 -0.00224487
4.02 -0.00233351
4.03 -0.00242501
4.04 -0.00251886
4.05 -0.00261444
4.06 -0.00271099
4.07 -0.00280765
4.08 -0.00290341
4.09 -0.00299713
4.1 -0.00308762
4.11 -0.00317362
4.12 -0.003254
4.13 -0.00332775
4.14 -0.00339409
4.15 -0.00345249
4.16 -0.00350274
4.17 -0.00354497
4.18 -0.00357959
4.19 -0.00360722
4.2 -0.00362869
4.21 -0.00364497
4.22 -0.00365709
4.23 -0.00366603
4.24 -0.00367266
4.25 -0.00367775
4.26 -0.00368201
4.27 -0.00368606
4.28 -0.00369042
4.29 -0.00369544
4.3 -0.00370133
4.31 -0.00370816
4.32 -0.00371589
4.33 -0.00372436
4.34 -0.0037333
4.35 -0.00374227
4.36 -0.0037507
4.37 -0.00375791
4.38 -0.0037631
4.39 -0.00376544
4.4 -0.00376405
4.41 -0.00375799
4.42 -0.00374634
4.43 -0.00372815
4.44 -0.00370253
4.45 -0.00366865
4.46 -0.00362586
4.47 -0.0035737
4.48 -0.0035119
4.49 -0.00344037
4.5 -0.00335907
4.51 -0.00326803
4.52 -0.00316734
4.53 -0.00305726
4.54 -0.00293813
4.55 -0.00281043
4.56 -0.00267469
4.57 -0.00253155
4.58 -0.00238171
4.59 -0.00222595
4.6 -0.00206507
4.61 -0.0018999
4.62 -0.0017312
4.63 -0.00155971
4.64 -0.00138609
4.65 -0.00121095
4.66 -0.00103478
4.67 -0.000857982
4.68 -0.000680762
4.69 -0.000503218
4.7 -0.000325373
4.71 -0.000147246
4.72 3.11212e-05
4.73 0.000209678
4.74 0.000388347
4.75 0.000566962
4.76 0.000745264
4.77 0.000922945
4.78 0.00109967
4.79 0.00127508
4.8 0.00144884
4.81 0.00162052
4.82 0.00178967
4.83 0.00195583
4.84 0.00211856
4.85 0.00227737
4.86 0.00243174
4.87 0.00258119
4.88 0.00272532
4.89 0.00286375
4.9 0.00299611
4.91 0.00312213
4.92 0.00324157
4.93 0.00335425
4.94 0.00346005
4.95 0.00355882
4.96 0.0036505
4.97 0.00373505
4.98 0.00381251
4.99 0.00388299
5 0.00394663
5.01 0.00400363
5.02 0.00405409
5.03 0.00409804
5.04 0.00413539
5.05 0.00416593
5.06 0.00418936
5.07 0.00420519
5.08 0.00421287
5.09 0.0042118
5.1 0.00420135
5.11 0.00418084
5.12 0.00414962
5.13 0.00410715
5.14 0.00405296
5.15 0.00398675
5.16 0.0039084
5.17 0.00381805
5.18 0.00371604
5.19 0.00360287
5.2 0.00347919
5.21 0.0033458
5.22 0.00320359
5.23 0.00305347
5.24 0.00289633
5.25 0.00273306
5.26 0.00256458
5.27 0.00239191
5.28 0.00221608
5.29 0.00203817
5.3 0.00185917
5.31 0.00168009
5.32 0.00150181
5.33 0.0013251
5.34 0.00115046
5.35 0.000978219
5.36 0.000808467
5.37 0.000641009
5.38 0.000475395
5.39 0.000311033
5.4 0.000147275
5.41 -1.65392e-05
5.42 -0.000181049
5.43 -0.000346802
5.44 -0.000514196
5.45 -0.000683462
5.46 -0.000854669
5.47 -0.00102777
5.48 -0.00120265
5.49 -0.00137914
5.5 -0.00155701
5.51 -0.00173591
5.52 -0.00191542
5.53 -0.00209515
5.54 -0.00227467
5.55 -0.0024535
5.56 -0.00263116
5.57 -0.00280719
5.58 -0.00298122
5.59 -0.00315298
5.6 -0.00332219
5.61 -0.0034886
5.62 -0.00365188
5.63 -0.00381172
5.64 -0.00396776
5.65 -0.00411964
5.66 -0.00426703
5.67 -0.00440954
5.68 -0.00454678
5.69 -0.00467825
5.7 -0.00480343
5.71 -0.00492169
5.72 -0.00503234
5.73 -0.00513463
5.74 -0.00522784
5.75 -0.00531119
5.76 -0.00538397
5.77 -0.00544552
5.78 -0.0054953
5.79 -0.00553295
5.8 -0.00555828
5.81 -0.00557134
5.82 -0.0055724
5.83 -0.00556199
5.84 -0.00554086
5.85 -0.00550996
5.86 -0.00547034
5.87 -0.00542316
5.88 -0.0053696
5.89 -0.0053109
5.9 -0.00524824
5.91 -0.00518273
5.92 -0.00511534
5.93 -0.00504694
5.94 -0.00497822
5.95 -0.00490973
5.96 -0.00484175
5.97 -0.00477429
5.98 -0.00470704
5.99 -0.00463947
6 -0.00457085
6.01 -0.00450026
6.02 -0.00442673
6.03 -0.00434928
6.04 -0.00426688
6.05 -0.00417852
6.06 -0.00408325
6.07 -0.00398024
6.08 -0.00386889
6.09 -0.00374876
6.1 -0.00361956
6.11 -0.00348115
6.12 -0.00333352
6.13 -0.0031768
6.14 -0.00301121
6.15 -0.00283698
6.16 -0.00265429
6.17 -0.00246324
6.18 -0.00226371
6.19 -0.00205541
6.2 -0.00183793
6.21 -0.00161083
6.22 -0.0013736
6.23 -0.00112566
6.24 -0.000866469
6.25 -0.000595525
6.26 -0.000312356
6.27 -1.65172e-05
6.28 0.000292407
6.29 0.000614846
6.3 0.000951251
6.31 0.00130209
6.32 0.0016679
6.33 0.00204922
6.34 0.00244664
6.35 0.00286074
6.36 0.00329203
6.37 0.00374081
6.38 0.00420705
6.39 0.00469041
6.4 0.00519029
6.41 0.00570588
6.42 0.00623631
6.43 0.00678071
6.44 0.00733828
6.45 0.0079084
6.46 0.00849072
6.47 0.00908506
6.48 0.00969128
6.49 0.0103092
6.5 0.0109384
6.51 0.0115781
6.52 0.0122272
6.53 0.0128839
6.54 0.0135463
6.55 0.0142118
6.56 0.0148776
6.57 0.0155404
6.58 0.0161967
6.59 0.0168432
6.6 0.0174767
6.61 0.018094
6.62 0.0186927
6.63 0.0192706
6.64 0.0198257
6.65 0.0203566
6.66 0.0208617
6.67 0.0213396
6.68 0.0217887
6.69 0.0222076
6.7 0.022595
6.71 0.0229493
6.72 0.0232694
6.73 0.0235539
6.74 0.0238017
6.75 0.0240118
6.76 0.0241836
6.77 0.0243163
6.78 0.0244098
6.79 0.0244637
6.8 0.0244782
6.81 0.0244534
6.82 0.0243896
6.83 0.0242868
6.84 0.0241454
6.85 0.0239652
6.86 0.0237463
6.87 0.0234885
6.88 0.0231917
6.89 0.0228556
6.9 0.0224802
6.91 0.0220658
6.92 0.0216126
6.93 0.0211215
6.94 0.0205937
6.95 0.0200307
6.96 0.0194341
6.97 0.0188059
6.98 0.0181477
6.99 0.0174612
7 0.0167476
7.01 0.0160078
7.02 0.0152424
7.03 0.014452
7.04 0.0136371
7.05 0.0127982
7.06 0.0119364
7.07 0.011053
7.08 0.0101498
7.09 0.00922878
7.1 0.0082925
7.11 0.00734353
7.12 0.00638457
7.13 0.00541815
7.14 0.00444642
7.15 0.00347111
7.16 0.00249353
7.17 0.00151462
7.18 0.000535035
7.19 -0.000444715
7.2 -0.00142419
7.21 -0.0024029
7.22 -0.00338018
7.23 -0.00435506
7.24 -0.00532628
7.25 -0.00629226
7.26 -0.00725118
7.27 -0.0082011
7.28 -0.00914013
7.29 -0.0100665
7.3 -0.0109789
7.31 -0.011876
7.32 -0.012757
7.33 -0.0136215
7.34 -0.0144691
7.35 -0.0152995
7.36 -0.0161123
7.37 -0.0169068
7.38 -0.0176821
7.39 -0.0184369
7.4 -0.0191695
7.41 -0.0198783
7.42 -0.0205613
7.43 -0.0212167
7.44 -0.0218429
7.45 -0.0224388
7.46 -0.0230034
7.47 -0.0235363
7.48 -0.0240375
7.49 -0.0245074
7.5 -0.0249467
7.51 -0.0253566
7.52 -0.0257385
7.53 -0.0260937
7.54 -0.026424
7.55 -0.0267306
7.56 -0.0270149
7.57 -0.0272785
7.58 -0.0275226
7.59 -0.0277488
7.6 -0.0279586
7.61 -0.0281533
7.62 -0.0283343
7.63 -0.0285024
7.64 -0.0286581
7.65 -0.0288014
7.66 -0.0289317
7.67 -0.0290482
7.68 -0.0291491
7.69 -0.0292324
7.7 -0.0292953
7.71 -0.0293349
7.72 -0.0293481
7.73 -0.0293324
7.74 -0.0292853
7.75 -0.0292052
7.76 -0.029091
7.77 -0.0289417
7.78 -0.0287571
7.79 -0.0285371
7.8 -0.0282818
7.81 -0.027992
7.82 -0.0276685
7.83 -0.0273122
7.84 -0.0269247
7.85 -0.0265073
7.86 -0.0260618
7.87 -0.0255899
7.88 -0.0250934
7.89 -0.0245739
7.9 -0.0240331
7.91 -0.0234722
7.92 -0.0228925
7.93 -0.0222949
7.94 -0.0216799
7.95 -0.0210481
7.96 -0.0203996
7.97 -0.0197346
7.98 -0.0190529
7.99 -0.0183543
8 -0.0176387
8.01 -0.0169058
8.02 -0.0161558
8.03 -0.0153888
8.04 -0.0146052
8.05 -0.0138058
8.06 -0.0129917
8.07 -0.012164
8.08 -0.0113242
8.09 -0.0104741
8.1 -0.00961493
8.11 -0.0087482
8.12 -0.00787484
8.13 -0.00699548
8.14 -0.00611041
8.15 -0.00521962
8.16 -0.00432283
8.17 -0.00341957
8.18 -0.00250924
8.19 -0.00159124
8.2 -0.000665026
8.21 0.000269849
8.22 0.00121362
8.23 0.00216633
8.24 0.00312789
8.25 0.00409802
8.26 0.00507621
8.27 0.00606171
8.28 0.00705354
8.29 0.00805043
8.3 0.00905077
8.31 0.0100525
8.32 0.0110531
8.33 0.0120494
8.34 0.0130378
8.35 0.0140144
8.36 0.0149749
8.37 0.0159152
8.38 0.0168315
8.39 0.0177203
8.4 0.0185789
8.41 0.0194049
8.42 0.0201968
8.43 0.0209535
8.44 0.0216742
8.45 0.0223588
8.46 0.0230074
8.47 0.0236207
8.48 0.0241997
8.49 0.0247457
8.5 0.02526
8.51 0.0257441
8.52 0.0261995
8.53 0.0266272
8.54 0.0270279
8.55 0.0274021
8.56 0.0277496
8.57 0.0280702
8.58 0.0283634
8.59 0.0286287
8.6 0.0288655
8.61 0.0290732
8.62 0.0292516
8.63 0.0294005
8.64 0.0295202
8.65 0.0296111
8.66 0.0296744
8.67 0.029711
8.68 0.0297225
8.69 0.0297103
8.7 0.0296759
8.71 0.0296209
8.72 0.0295466
8.73 0.0294543
8.74 0.0293452
8.75 0.02922
8.76 0.0290793
8.77 0.0289235
8.78 0.0287523
8.79 0.0285655
8.8 0.0283623
8.81 0.0281418
8.82 0.0279028
8.83 0.0276441
8.84 0.0273646
8.85 0.0270633
8.86 0.0267394
8.87 0.0263923
8.88 0.0260217
8.89 0.0256272
8.9 0.0252091
8.91 0.0247678
8.92 0.0243038
8.93 0.0238182
8.94 0.0233116
8.95 0.0227852
8.96 0.0222396
8.97 0.0216758
8.98 0.0210943
8.99 0.0204959
9 0.0198809
9.01 0.0192494
9.02 0.0186014
9.03 0.0179365
9.04 0.017254
9.05 0.0165534
9.06 0.0158339
9.07 0.0150953
9.08 0.0143371
9.09 0.0135594
9.1 0.0127622
9.11 0.0119456
9.12 0.01111
9.13 0.0102554
9.14 0.00938223
9.15 0.00849074
9.16 0.00758143
9.17 0.00665506
9.18 0.00571275
9.19 0.00475609
9.2 0.00378712
9.21 0.00280841
9.22 0.00182309
9.23 0.000834774
9.24 -0.000152625
9.25 -0.00113511
9.26 -0.00210887
9.27 -0.00307043
9.28 -0.00401678
9.29 -0.00494549
9.3 -0.00585463
9.31 -0.00674253
9.32 -0.00760773
9.33 -0.00844887
9.34 -0.00926472
9.35 -0.0100541
9.36 -0.0108161
9.37 -0.0115495
9.38 -0.0122536
9.39 -0.0129275
9.4 -0.0135705
9.41 -0.0141823
9.42 -0.0147627
9.43 -0.0153119
9.44 -0.0158308
9.45 -0.0163206
9.46 -0.0167828
9.47 -0.0172193
9.48 -0.0176321
9.49 -0.0180228
9.5 -0.0183931
9.51 -0.0187442
9.52 -0.0190768
9.53 -0.0193914
9.54 -0.0196882
9.55 -0.0199674
9.56 -0.020229
9.57 -0.0204734
9.58 -0.020701
9.59 -0.0209125
9.6 -0.021109
9.61 -0.0212916
9.62 -0.0214613
9.63 -0.0216193
9.64 -0.0217661
9.65 -0.0219023
9.66 -0.0220278
9.67 -0.0221424
9.68 -0.0222455
9.69 -0.0223362
9.7 -0.0224135
9.71 -0.0224764
9.72 -0.0225238
9.73 -0.0225549
9.74 -0.022569
9.75 -0.0225659
9.76 -0.0225454
9.77 -0.0225078
9.78 -0.0224535
9.79 -0.0223832
9.8 -0.0222978
9.81 -0.0221985
9.82 -0.0220866
9.83 -0.0219635
9.84 -0.0218309
9.85 -0.0216906
9.86 -0.0215442
9.87 -0.0213935
9.88 -0.0212399
9.89 -0.0210849
9.9 -0.0209295
9.91 -0.0207748
9.92 -0.0206214
9.93 -0.0204694
9.94 -0.0203189
9.95 -0.0201695
9.96 -0.0200209
9.97 -0.0198724
9.98 -0.0197237
9.99 -0.0195744
10 -0.0194246
10.01 -0.0192744
10.02 -0.0191243
10.03 -0.0189749
10.04 -0.0188271
10.05 -0.0186815
10.06 -0.0185389
10.07 -0.0183996
10.08 -0.018264
10.09 -0.0181319
10.1 -0.0180034
10.11 -0.0178781
10.12 -0.0177556
10.13 -0.0176359
10.14 -0.0175188
10.15 -0.0174044
10.16 -0.017293
10.17 -0.0171848
10.18 -0.0170801
10.19 -0.0169789
10.2 -0.0168812
10.21 -0.0167867
10.22 -0.0166951
10.23 -0.0166059
10.24 -0.0165188
10.25 -0.0164331
10.26 -0.0163484
10.27 -0.0162644
10.28 -0.0161808
10.29 -0.0160974
10.3 -0.0160139
10.31 -0.0159302
10.32 -0.0158461
10.33 -0.0157611
10.34 -0.0156749
10.35 -0.015587
10.36 -0.0154971
10.37 -0.0154049
10.38 -0.01531
10.39 -0.0152118
10.4 -0.0151102
10.41 -0.0150045
10.42 -0.0148941
10.43 -0.0147782
10.44 -0.0146556
10.45 -0.0145253
10.46 -0.0143856
10.47 -0.0142353
10.48 -0.0140728
10.49 -0.013897
10.5 -0.0137069
10.51 -0.013502
10.52 -0.0132821
10.53 -0.0130472
10.54 -0.0127977
10.55 -0.012534
10.56 -0.0122568
10.57 -0.0119667
10.58 -0.0116643
10.59 -0.0113505
10.6 -0.0110259
10.61 -0.0106913
10.62 -0.0103476
10.63 -0.0099956
10.64 -0.00963641
10.65 -0.00927115
10.66 -0.00890107
10.67 -0.0085275
10.68 -0.00815176
10.69 -0.0077751
10.7 -0.00739861
10.71 -0.00702317
10.72 -0.00664948
10.73 -0.00627815
10.74 -0.00590962
10.75 -0.00554426
10.76 -0.0051824
10.77 -0.00482424
10.78 -0.00446991
10.79 -0.00411941
10.8 -0.00377266
10.81 -0.00342956
10.82 -0.00308994
10.83 -0.00275355
10.84 -0.00242011
10.85 -0.00208933
10.86 -0.00176099
10.87 -0.00143497
10.88 -0.00111127
10.89 -0.000789923
10.9 -0.000471041
10.91 -0.000154765
10.92 0.000158823
10.93 0.000469791
10.94 0.000778428
10.95 0.00108527
10.96 0.00139108
10.97 0.00169681
10.98 0.00200354
10.99 0.00231239
11 0.0026244
11.01 0.00294049
11.02 0.00326145
11.03 0.00358791
11.04 0.00392024
11.05 0.00425864
11.06 0.0046032
11.07 0.00495391
11.08 0.00531065
11.09 0.00567319
11.1 0.00604128
11.11 0.00641466
11.12 0.00679316
11.13 0.00717666
11.14 0.0075651
11.15 0.00795838
11.16 0.00835644
11.17 0.00875938
11.18 0.00916745
11.19 0.00958114
11.2 0.0100012
11.21 0.0104283
11.22 0.0108637
11.23 0.0113084
11.24 0.0117633
11.25 0.0122291
11.26 0.012706
11.27 0.0131936
11.28 0.0136912
11.29 0.0141979
11.3 0.0147123
11.31 0.0152333
11.32 0.0157597
11.33 0.0162901
11.34 0.0168237
11.35 0.0173598
11.36 0.017898
11.37 0.0184384
11.38 0.018981
11.39 0.019526
11.4 0.0200735
11.41 0.0206236
11.42 0.0211759
11.43 0.0217301
11.44 0.0222854
11.45 0.0228407
11.46 0.0233951
11.47 0.0239476
11.48 0.0244972
11.49 0.0250433
11.5 0.0255856
11.51 0.0261243
11.52 0.0266599
11.53 0.0271929
11.54 0.0277243
11.55 0.0282547
11.56 0.0287849
11.57 0.0293153
11.58 0.0298461
11.59 0.030377
11.6 0.0309079
11.61 0.0314385
11.62 0.0319686
11.63 0.0324981
11.64 0.0330266
11.65 0.0335541
11.66 0.0340803
11.67 0.034605
11.68 0.035128
11.69 0.0356489
11.7 0.0361673
11.71 0.0366823
11.72 0.0371931
11.73 0.0376983
11.74 0.0381964
11.75 0.0386854
11.76 0.0391632
11.77 0.039627
11.78 0.0400734
11.79 0.040499
11.8 0.0408998
11.81 0.0412722
11.82 0.0416126
11.83 0.041918
11.84 0.0421855
11.85 0.042413
11.86 0.0425982
11.87 0.0427395
11.88 0.042835
11.89 0.0428832
11.9 0.0428825
11.91 0.0428318
11.92 0.04273
11.93 0.042576
11.94 0.042369
11.95 0.0421085
11.96 0.0417937
11.97 0.0414244
11.98 0.0410002
11.99 0.0405213
12 0.0399879
12.01 0.0394007
12.02 0.0387604
12.03 0.0380683
12.04 0.037326
12.05 0.0365353
12.06 0.0356982
12.07 0.034817
12.08 0.0338937
12.09 0.0329305
12.1 0.0319289
12.11 0.0308906
12.12 0.0298169
12.13 0.0287088
12.14 0.0275669
12.15 0.0263916
12.16 0.0251832
12.17 0.0239416
12.18 0.0226668
12.19 0.0213589
12.2 0.0200179
12.21 0.018644
12.22 0.0172374
12.23 0.0157986
12.24 0.0143281
12.25 0.0128266
12.26 0.0112949
12.27 0.00973398
12.28 0.00814519
12.29 0.00652989
12.3 0.00488967
12.31 0.00322629
12.32 0.00154177
12.33 -0.000161574
12.34 -0.00188115
12.35 -0.00361417
12.36 -0.00535763
12.37 -0.00710831
12.38 -0.00886271
12.39 -0.0106172
12.4 -0.0123679
12.41 -0.014111
12.42 -0.0158427
12.43 -0.0175593
12.44 -0.0192574
12.45 -0.0209334
12.46 -0.0225839
12.47 -0.0242056
12.48 -0.025795
12.49 -0.027348
12.5 -0.0288604
12.51 -0.0303274
12.52 -0.031744
12.53 -0.0331048
12.54 -0.0344044
12.55 -0.0356375
12.56 -0.0367994
12.57 -0.0378854
12.58 -0.0388915
12.59 -0.0398137
12.6 -0.0406485
12.61 -0.0413923
12.62 -0.0420419
12.63 -0.0425944
12.64 -0.0430475
12.65 -0.0433992
12.66 -0.0436479
12.67 -0.0437924
12.68 -0.0438322
12.69 -0.0437674
12.7 -0.0435984
12.71 -0.0433265
12.72 -0.042953
12.73 -0.0424798
12.74 -0.0419088
12.75 -0.041242
12.76 -0.0404818
12.77 -0.0396302
12.78 -0.0386896
12.79 -0.0376622
12.8 -0.0365502
12.81 -0.0353563
12.82 -0.0340829
12.83 -0.0327329
12.84 -0.0313093
12.85 -0.0298152
12.86 -0.0282536
12.87 -0.0266276
12.88 -0.02494
12.89 -0.0231936
12.9 -0.0213907
12.91 -0.0195338
12.92 -0.0176252
12.93 -0.0156674
12.94 -0.0136629
12.95 -0.0116145
12.96 -0.00952507
12.97 -0.00739765
12.98 -0.00523541
12.99 -0.0030416
13 -0.000819509
13.01 0.0014276
13.02 0.00369662
13.03 0.00598463
13.04 0.00828886
13.05 0.0106066
13.06 0.012935
13.07 0.0152712
13.08 0.0176121
13.09 0.0199542
13.1 0.022294
13.11 0.0246275
13.12 0.0269507
13.13 0.0292594
13.14 0.0315496
13.15 0.0338175
13.16 0.0360593
13.17 0.0382719
13.18 0.040452
13.19 0.0425969
13.2 0.044704
13.21 0.0467707
13.22 0.0487944
13.23 0.0507728
13.24 0.0527033
13.25 0.0545837
13.26 0.0564113
13.27 0.0581838
13.28 0.0598987
13.29 0.0615533
13.3 0.0631452
13.31 0.0646716
13.32 0.0661299
13.33 0.0675172
13.34 0.0688305
13.35 0.070067
13.36 0.0712239
13.37 0.0722987
13.38 0.0732893
13.39 0.0741934
13.4 0.0750095
13.41 0.0757362
13.42 0.0763722
13.43 0.076917
13.44 0.0773702
13.45 0.0777318
13.46 0.0780021
13.47 0.0781817
13.48 0.0782717
13.49 0.0782732
13.5 0.0781877
13.51 0.0780167
13.52 0.0777621
13.53 0.0774257
13.54 0.0770097
13.55 0.0765164
13.56 0.0759484
13.57 0.0753083
13.58 0.0745985
13.59 0.0738216
13.6 0.07298
13.61 0.0720757
13.62 0.0711112
13.63 0.0700885
13.64 0.0690101
13.65 0.0678782
13.66 0.0666952
13.67 0.0654635
13.68 0.0641857
13.69 0.0628641
13.7 0.0615009
13.71 0.0600982
13.72 0.058658
13.73 0.0571821
13.74 0.0556722
13.75 0.0541296
13.76 0.0525555
13.77 0.0509506
13.78 0.0493155
13.79 0.04765
13.8 0.045954
13.81 0.0442266
13.82 0.0424665
13.83 0.0406725
13.84 0.0388435
13.85 0.0369792
13.86 0.03508
13.87 0.033147
13.88 0.0311814
13.89 0.0291846
13.9 0.0271578
13.91 0.0251023
13.92 0.0230196
13.93 0.0209111
13.94 0.0187782
13.95 0.0166222
13.96 0.0144446
13.97 0.012247
13.98 0.0100308
13.99 0.00779764
14 0.00554905
14.01 0.00328647
14.02 0.00101136
14.03 -0.0012748
14.04 -0.00357046
14.05 -0.005874
14.06 -0.00818384
14.07 -0.0104985
14.08 -0.0128166
14.09 -0.015137
14.1 -0.0174588
14.11 -0.0197815
14.12 -0.0221046
14.13 -0.0244283
14.14 -0.0267529
14.15 -0.029079
14.16 -0.0314077
14.17 -0.0337401
14.18 -0.0360773
14.19 -0.0384204
14.2 -0.0407704
14.21 -0.0431283
14.22 -0.0454951
14.23 -0.0478717
14.24 -0.0502593
14.25 -0.052659
14.26 -0.0550721
14.27 -0.0574999
14.28 -0.0599436
14.29 -0.0624042
14.3 -0.0648825
14.31 -0.0673788
14.32 -0.0698932
14.33 -0.0724254
14.34 -0.0749744
14.35 -0.0775395
14.36 -0.0801197
14.37 -0.0827143
14.38 -0.0853229
14.39 -0.0879452
14.4 -0.0905809
14.41 -0.09323
14.42 -0.095892
14.43 -0.0985684
14.44 -0.101262
14.45 -0.103977
14.46 -0.106714
14.47 -0.109474
14.48 -0.112259
14.49 -0.115068
14.5 -0.117903
14.51 -0.120763
14.52 -0.123649
14.53 -0.126562
14.54 -0.129503
14.55 -0.132472
14.56 -0.135471
14.57 -0.138499
14.58 -0.141559
14.59 -0.144651
14.6 -0.147776
14.61 -0.150935
14.62 -0.154127
14.63 -0.157353
14.64 -0.16061
14.65 -0.163896
14.66 -0.167209
14.67 -0.170546
14.68 -0.173901
14.69 -0.177271
14.7 -0.180652
14.71 -0.184042
14.72 -0.187436
14.73 -0.19083
14.74 -0.19422
14.75 -0.197599
14.76 -0.200961
14.77 -0.204299
14.78 -0.207605
14.79 -0.210875
14.8 -0.2141
14.81 -0.217275
14.82 -0.220392
14.83 -0.223446
14.84 -0.22643
14.85 -0.229338
14.86 -0.232163
14.87 -0.234899
14.88 -0.23754
14.89 -0.24008
14.9 -0.242512
14.91 -0.244829
14.92 -0.247025
14.93 -0.249094
14.94 -0.251028
14.95 -0.25282
14.96 -0.254465
14.97 -0.255955
14.98 -0.257286
14.99 -0.258451
15 -0.259448
15.01 -0.260275
15.02 -0.26093
15.03 -0.261416
15.04 -0.261733
15.05 -0.261884
15.06 -0.261873
15.07 -0.261704
15.08 -0.261382
15.09 -0.260911
15.1 -0.260298
15.11 -0.259547
15.12 -0.258665
15.13 -0.257658
15.14 -0.256531
15.15 -0.25529
15.16 -0.253943
15.17 -0.252494
15.18 -0.25095
15.19 -0.249314
15.2 -0.247593
15.21 -0.24579
15.22 -0.24391
15.23 -0.241959
15.24 -0.239943
15.25 -0.237867
15.26 -0.235737
15.27 -0.233561
15.28 -0.231345
15.29 -0.229098
15.3 -0.226827
15.31 -0.224537
15.32 -0.222236
15.33 -0.219928
15.34 -0.217619
15.35 -0.215314
15.36 -0.213017
15.37 -0.210735
15.38 -0.208472
15.39 -0.206234
15.4 -0.204026
15.41 -0.201852
15.42 -0.199718
15.43 -0.197626
15.44 -0.195579
15.45 -0.193581
15.46 -0.191633
15.47 -0.189737
15.48 -0.187893
15.49 -0.186101
15.5 -0.184361
15.51 -0.182669
15.52 -0.181023
15.53 -0.179419
15.54 -0.177854
15.55 -0.176324
15.56 -0.174825
15.57 -0.173354
15.58 -0.171907
15.59 -0.17048
15.6 -0.16907
15.61 -0.167672
15.62 -0.166283
15.63 -0.164899
15.64 -0.163516
15.65 -0.16213
15.66 -0.160737
15.67 -0.159334
15.68 -0.157916
15.69 -0.156479
15.7 -0.15502
15.71 -0.153536
15.72 -0.152022
15.73 -0.150475
15.74 -0.148891
15.75 -0.147267
15.76 -0.145599
15.77 -0.143883
15.78 -0.142116
15.79 -0.140295
15.8 -0.138415
15.81 -0.136475
15.82 -0.134472
15.83 -0.132404
15.84 -0.130269
15.85 -0.128066
15.86 -0.125794
15.87 -0.123453
15.88 -0.121042
15.89 -0.118562
15.9 -0.116012
15.91 -0.113395
15.92 -0.11071
15.93 -0.107958
15.94 -0.105141
15.95 -0.102259
15.96 -0.0993153
15.97 -0.0963107
15.98 -0.093248
15.99 -0.0901302
16 -0.0869609
16.01 -0.0837443
16.02 -0.0804854
16.03 -0.0771902
16.04 -0.0738657
16.05 -0.0705181
16.06 -0.0671521
16.07 -0.0637723
16.08 -0.0603835
16.09 -0.0569905
16.1 -0.0535981
16.11 -0.0502109
16.12 -0.0468336
16.13 -0.043471
16.14 -0.0401277
16.15 -0.0368088
16.16 -0.0335193
16.17 -0.0302642
16.18 -0.0270486
16.19 -0.0238779
16.2 -0.0207571
16.21 -0.0176913
16.22 -0.0146852
16.23 -0.011743
16.24 -0.00886826
16.25 -0.00606378
16.26 -0.00333149
16.27 -0.000672597
16.28 0.0019122
16.29 0.00442246
16.3 0.00685794
16.31 0.00921858
16.32 0.0115045
16.33 0.0137159
16.34 0.0158532
16.35 0.0179168
16.36 0.0199073
16.37 0.0218252
16.38 0.0236712
16.39 0.0254458
16.4 0.02715
16.41 0.0287846
16.42 0.0303504
16.43 0.0318482
16.44 0.0332787
16.45 0.0346424
16.46 0.0359399
16.47 0.0371719
16.48 0.0383388
16.49 0.0394413
16.5 0.0404798
16.51 0.0414548
16.52 0.0423666
16.53 0.0432158
16.54 0.044003
16.55 0.0447285
16.56 0.0453928
16.57 0.0459963
16.58 0.046539
16.59 0.047021
16.6 0.0474422
16.61 0.0478021
16.62 0.0481002
16.63 0.0483353
16.64 0.0485062
16.65 0.0486112
16.66 0.0486482
16.67 0.0486148
16.68 0.0485083
16.69 0.0483255
16.7 0.0480634
16.71 0.0477187
16.72 0.0472887
16.73 0.0467713
16.74 0.0461649
16.75 0.0454687
16.76 0.0446822
16.77 0.0438052
16.78 0.0428381
16.79 0.0417813
16.8 0.0406358
16.81 0.0394028
16.82 0.0380839
16.83 0.0366805
16.84 0.0351945
16.85 0.0336279
16.86 0.0319828
16.87 0.0302612
16.88 0.028465
16.89 0.0265962
16.9 0.0246565
16.91 0.0226475
16.92 0.0205711
16.93 0.018429
16.94 0.0162231
16.95 0.0139554
16.96 0.0116282
16.97 0.00924391
16.98 0.00680503
16.99 0.00431425
17 0.0017744
17.01 -0.000811589
17.02 -0.00344071
17.03 -0.00610992
17.04 -0.00881626
17.05 -0.0115568
17.06 -0.0143285
17.07 -0.0171283
17.08 -0.0199531
17.09 -0.0227996
17.1 -0.0256647
17.11 -0.0285453
17.12 -0.0314382
17.13 -0.0343402
17.14 -0.0372482
17.15 -0.0401589
17.16 -0.0430691
17.17 -0.0459758
17.18 -0.0488757
17.19 -0.0517657
17.2 -0.0546427
17.21 -0.0575035
17.22 -0.060345
17.23 -0.0631639
17.24 -0.0659573
17.25 -0.0687223
17.26 -0.0714559
17.27 -0.0741555
17.28 -0.0768186
17.29 -0.0794429
17.3 -0.0820261
17.31 -0.0845659
17.32 -0.0870604
17.33 -0.0895074
17.34 -0.091905
17.35 -0.0942515
17.36 -0.0965456
17.37 -0.0987863
17.38 -0.100973
17.39 -0.103106
17.4 -0.105185
17.41 -0.107212
17.42 -0.109188
17.43 -0.111116
17.44 -0.112995
17.45 -0.114829
17.46 -0.116618
17.47 -0.118362
17.48 -0.120062
17.49 -0.121717
17.5 -0.123327
17.51 -0.124892
17.52 -0.126412
17.53 -0.127886
17.54 -0.129314
17.55 -0.130697
17.56 -0.132034
17.57 -0.133326
17.58 -0.134571
17.59 -0.13577
17.6 -0.13692
17.61 -0.138021
17.62 -0.139072
17.63 -0.140071
17.64 -0.141017
17.65 -0.141908
17.66 -0.142743
17.67 -0.143519
17.68 -0.144234
17.69 -0.144886
17.7 -0.145471
17.71 -0.145989
17.72 -0.146436
17.73 -0.146811
17.74 -0.147113
17.75 -0.14734
17.76 -0.147492
17.77 -0.147566
17.78 -0.147561
17.79 -0.147473
17.8 -0.1473
17.81 -0.147039
17.82 -0.146687
17.83 -0.146242
17.84 -0.145699
17.85 -0.145058
17.86 -0.144315
17.87 -0.143469
17.88 -0.142518
17.89 -0.141461
17.9 -0.140296
17.91 -0.139025
17.92 -0.137647
17.93 -0.136165
17.94 -0.134578
17.95 -0.13289
17.96 -0.131102
17.97 -0.129216
17.98 -0.127235
17.99 -0.125161
18 -0.122998
18.01 -0.120749
18.02 -0.118416
18.03 -0.116004
18.04 -0.113514
18.05 -0.110952
18.06 -0.108319
18.07 -0.105619
18.08 -0.102856
18.09 -0.100033
18.1 -0.0971547
18.11 -0.0942235
18.12 -0.0912438
18.13 -0.0882193
18.14 -0.0851539
18.15 -0.0820512
18.16 -0.0789146
18.17 -0.0757476
18.18 -0.0725534
18.19 -0.069335
18.2 -0.0660955
18.21 -0.0628375
18.22 -0.059564
18.23 -0.0562776
18.24 -0.0529814
18.25 -0.0496784
18.26 -0.0463718
18.27 -0.0430648
18.28 -0.0397604
18.29 -0.0364618
18.3 -0.0331719
18.31 -0.0298938
18.32 -0.0266303
18.33 -0.0233841
18.34 -0.020158
18.35 -0.0169549
18.36 -0.0137778
18.37 -0.0106296
18.38 -0.00751362
18.39 -0.00443282
18.4 -0.0013902
18.41 0.00161143
18.42 0.00456949
18.43 0.00748166
18.44 0.0103459
18.45 0.0131606
18.46 0.0159244
18.47 0.0186361
18.48 0.0212948
18.49 0.0238998
18.5 0.0264503
18.51 0.0289456
18.52 0.0313846
18.53 0.0337664
18.54 0.0360895
18.55 0.0383528
18.56 0.0405546
18.57 0.0426944
18.58 0.0447733
18.59 0.0467927
18.6 0.0487535
18.61 0.0506565
18.62 0.0525028
18.63 0.0542934
18.64 0.056029
18.65 0.0577109
18.66 0.0593396
18.67 0.0609157
18.68 0.0624392
18.69 0.0639095
18.7 0.065325
18.71 0.0666835
18.72 0.0679817
18.73 0.0692156
18.74 0.070381
18.75 0.0714735
18.76 0.0724889
18.77 0.073423
18.78 0.0742718
18.79 0.0750311
18.8 0.0756968
18.81 0.0762646
18.82 0.0767304
18.83 0.0770899
18.84 0.0773385
18.85 0.0774719
18.86 0.0774856
18.87 0.0773751
18.88 0.0771359
18.89 0.0767641
18.9 0.0762563
18.91 0.0756093
18.92 0.0748211
18.93 0.0738902
18.94 0.0728159
18.95 0.0715983
18.96 0.0702375
18.97 0.0687339
18.98 0.0670878
18.99 0.0652997
19 0.0633698
19.01 0.061298
19.02 0.0590844
19.03 0.0567287
19.04 0.0542306
19.05 0.0515905
19.06 0.0488088
19.07 0.0458867
19.08 0.0428259
19.09 0.0396285
19.1 0.0362969
19.11 0.032834
19.12 0.0292426
19.13 0.0255253
19.14 0.0216846
19.15 0.0177233
19.16 0.0136444
19.17 0.00945131
19.18 0.00514838
19.19 0.000740784
19.2 -0.00376532
19.21 -0.00836296
19.22 -0.0130444
19.23 -0.0178014
19.24 -0.0226253
19.25 -0.0275077
19.26 -0.0324404
19.27 -0.0374161
19.28 -0.0424281
19.29 -0.0474697
19.3 -0.0525345
19.31 -0.0576153
19.32 -0.0627051
19.33 -0.0677963
19.34 -0.0728808
19.35 -0.0779503
19.36 -0.0829959
19.37 -0.0880085
19.38 -0.092979
19.39 -0.0978984
19.4 -0.102758
19.41 -0.107549
19.42 -0.112263
19.43 -0.116893
19.44 -0.121438
19.45 -0.125895
19.46 -0.130262
19.47 -0.134536
19.48 -0.138714
19.49 -0.142793
19.5 -0.146772
19.51 -0.150647
19.52 -0.154417
19.53 -0.158079
19.54 -0.161633
19.55 -0.165076
19.56 -0.168408
19.57 -0.171628
19.58 -0.174738
19.59 -0.177736
19.6 -0.180622
19.61 -0.183398
19.62 -0.186063
19.63 -0.188618
19.64 -0.191064
19.65 -0.1934
19.66 -0.195629
19.67 -0.197749
19.68 -0.199763
19.69 -0.20167
19.7 -0.203473
19.71 -0.205172
19.72 -0.206768
19.73 -0.208263
19.74 -0.209657
19.75 -0.210952
19.76 -0.212149
19.77 -0.213249
19.78 -0.21425
19.79 -0.215155
19.8 -0.215963
19.81 -0.216674
19.82 -0.217289
19.83 -0.217808
19.84 -0.218232
19.85 -0.218562
19.86 -0.218798
19.87 -0.218942
19.88 -0.218995
19.89 -0.218958
19.9 -0.218831
19.91 -0.218618
19.92 -0.218317
19.93 -0.217931
19.94 -0.21746
19.95 -0.216906
19.96 -0.216269
19.97 -0.215551
19.98 -0.214755
19.99 -0.213881
20 -0.212934
20.01 -0.211914
20.02 -0.210826
20.03 -0.209671
20.04 -0.208452
20.05 -0.207171
20.06 -0.20583
20.07 -0.20443
20.08 -0.20297
20.09 -0.201453
20.1 -0.199877
20.11 -0.198242
20.12 -0.196548
20.13 -0.194794
20.14 -0.192981
20.15 -0.191108
20.16 -0.189175
20.17 -0.187184
20.18 -0.185133
20.19 -0.183024
20.2 -0.180859
20.21 -0.178638
20.22 -0.176363
20.23 -0.174038
20.24 -0.171662
20.25 -0.169239
20.26 -0.16677
20.27 -0.164259
20.28 -0.161706
20.29 -0.159116
20.3 -0.156492
20.31 -0.153836
20.32 -0.151152
20.33 -0.148444
20.34 -0.145716
20.35 -0.142971
20.36 -0.140213
20.37 -0.137446
20.38 -0.134672
20.39 -0.131895
20.4 -0.129117
20.41 -0.126339
20.42 -0.123564
20.43 -0.120793
20.44 -0.118027
20.45 -0.115268
20.46 -0.112516
20.47 -0.109773
20.48 -0.10704
20.49 -0.104318
20.5 -0.101609
20.51 -0.0989125
20.52 -0.0962309
20.53 -0.0935644
20.54 -0.0909141
20.55 -0.0882807
20.56 -0.085665
20.57 -0.0830682
20.58 -0.0804913
20.59 -0.0779362
20.6 -0.0754049
20.61 -0.0729001
20.62 -0.0704247
20.63 -0.0679817
20.64 -0.0655743
20.65 -0.0632056
20.66 -0.0608786
20.67 -0.0585963
20.68 -0.0563617
20.69 -0.0541774
20.7 -0.0520458
20.71 -0.0499693
20.72 -0.04795
20.73 -0.0459899
20.74 -0.044091
20.75 -0.0422551
20.76 -0.0404842
20.77 -0.0387798
20.78 -0.0371433
20.79 -0.035576
20.8 -0.0340786
20.81 -0.0326513
20.82 -0.0312939
20.83 -0.030005
20.84 -0.0287816
20.85 -0.027621
20.86 -0.0265209
20.87 -0.0254792
20.88 -0.024494
20.89 -0.0235642
20.9 -0.0226885
20.91 -0.0218662
20.92 -0.0210964
20.93 -0.0203785
20.94 -0.0197118
20.95 -0.0190957
20.96 -0.0185297
20.97 -0.0180136
20.98 -0.0175476
20.99 -0.0171321
21 -0.016768
21.01 -0.0164564
21.02 -0.0161991
21.03 -0.0159982
21.04 -0.0158558
21.05 -0.0157743
21.06 -0.0157561
21.07 -0.0158032
21.08 -0.0159178
21.09 -0.0161021
21.1 -0.0163579
21.11 -0.0166869
21.12 -0.0170905
21.13 -0.0175694
21.14 -0.0181242
21.15 -0.0187549
21.16 -0.0194616
21.17 -0.0202439
21.18 -0.0211016
21.19 -0.0220342
21.2 -0.0230413
21.21 -0.0241221
21.22 -0.025276
21.23 -0.0265022
21.24 -0.0277999
21.25 -0.0291678
21.26 -0.0306047
21.27 -0.032109
21.28 -0.0336787
21.29 -0.0353116
21.3 -0.0370054
21.31 -0.0387574
21.32 -0.040565
21.33 -0.0424257
21.34 -0.044337
21.35 -0.0462966
21.36 -0.0483023
21.37 -0.0503523
21.38 -0.0524447
21.39 -0.054578
21.4 -0.0567508
21.41 -0.058962
21.42 -0.0612106
21.43 -0.0634956
21.44 -0.0658158
21.45 -0.0681701
21.46 -0.0705571
21.47 -0.0729754
21.48 -0.0754231
21.49 -0.0778986
21.5 -0.0803999
21.51 -0.0829255
21.52 -0.0854733
21.53 -0.0880416
21.54 -0.0906282
21.55 -0.0932313
21.56 -0.0958489
21.57 -0.0984789
21.58 -0.10112
21.59 -0.103769
21.6 -0.106427
21.61 -0.10909
21.62 -0.111759
21.63 -0.114431
21.64 -0.117103
21.65 -0.119776
21.66 -0.122444
21.67 -0.125107
21.68 -0.12776
21.69 -0.130402
21.7 -0.133027
21.71 -0.135635
21.72 -0.138222
21.73 -0.140784
21.74 -0.143319
21.75 -0.145824
21.76 -0.148294
21.77 -0.150727
21.78 -0.153119
21.79 -0.155466
21.8 -0.157764
21.81 -0.16001
21.82 -0.1622
21.83 -0.164331
21.84 -0.166401
21.85 -0.168408
21.86 -0.17035
21.87 -0.172225
21.88 -0.174031
21.89 -0.175769
21.9 -0.177437
21.91 -0.179034
21.92 -0.180559
21.93 -0.182011
21.94 -0.18339
21.95 -0.184694
21.96 -0.185922
21.97 -0.187073
21.98 -0.188147
21.99 -0.189144
22 -0.190064
22.01 -0.190909
22.02 -0.191679
22.03 -0.192376
22.04 -0.193003
22.05 -0.193559
22.06 -0.194046
22.07 -0.194465
22.08 -0.194814
22.09 -0.195094
22.1 -0.195303
22.11 -0.195441
22.12 -0.195508
22.13 -0.195501
22.14 -0.195422
22.15 -0.195268
22.16 -0.195041
22.17 -0.194739
22.18 -0.194364
22.19 -0.193915
22.2 -0.193394
22.21 -0.192801
22.22 -0.192136
22.23 -0.191399
22.24 -0.190591
22.25 -0.189713
22.26 -0.188763
22.27 -0.187743
22.28 -0.186653
22.29 -0.185494
22.3 -0.184267
22.31 -0.182972
22.32 -0.181613
22.33 -0.180192
22.34 -0.17871
22.35 -0.177171
22.36 -0.175578
22.37 -0.173933
22.38 -0.172241
22.39 -0.170503
22.4 -0.168722
22.41 -0.166901
22.42 -0.165043
22.43 -0.16315
22.44 -0.161224
22.45 -0.159267
22.46 -0.157282
22.47 -0.15527
22.48 -0.153233
22.49 -0.151172
22.5 -0.149089
22.51 -0.146983
22.52 -0.144857
22.53 -0.142709
22.54 -0.140542
22.55 -0.138354
22.56 -0.136147
22.57 -0.133921
22.58 -0.131675
22.59 -0.129411
22.6 -0.127127
22.61 -0.124826
22.62 -0.122506
22.63 -0.120168
22.64 -0.117814
22.65 -0.115443
22.66 -0.113057
22.67 -0.110657
22.68 -0.108246
22.69 -0.105824
22.7 -0.103396
22.71 -0.100961
22.72 -0.0985225
22.73 -0.096082
22.74 -0.0936411
22.75 -0.0912016
22.76 -0.0887651
22.77 -0.0863334
22.78 -0.0839084
22.79 -0.0814921
22.8 -0.0790866
22.81 -0.0766939
22.82 -0.074316
22.83 -0.0719549
22.84 -0.0696127
22.85 -0.0672915
22.86 -0.0649935
22.87 -0.0627208
22.88 -0.0604756
22.89 -0.0582601
22.9 -0.056077
22.91 -0.0539286
22.92 -0.0518178
22.93 -0.0497474
22.94 -0.0477205
22.95 -0.04574
22.96 -0.0438094
22.97 -0.0419318
22.98 -0.0401106
22.99 -0.0383487
23 -0.0366486
23.01 -0.0350123
23.02 -0.0334412
23.03 -0.0319367
23.04 -0.0304996
23.05 -0.0291305
23.06 -0.02783
23.07 -0.0265986
23.08 -0.0254371
23.09 -0.0243464
23.1 -0.0233277
23.11 -0.0223822
23.12 -0.021511
23.13 -0.0207151
23.14 -0.0199955
23.15 -0.0193529
23.16 -0.0187879
23.17 -0.0183011
23.18 -0.017893
23.19 -0.0175637
23.2 -0.0173131
23.21 -0.0171413
23.22 -0.0170479
23.23 -0.0170328
23.24 -0.0170955
23.25 -0.0172357
23.26 -0.0174528
23.27 -0.0177462
23.28 -0.0181153
23.29 -0.0185589
23.3 -0.0190761
23.31 -0.0196653
23.32 -0.0203252
23.33 -0.0210542
23.34 -0.0218508
23.35 -0.0227134
23.36 -0.0236404
23.37 -0.0246305
23.38 -0.0256823
23.39 -0.0267945
23.4 -0.0279659
23.41 -0.0291958
23.42 -0.0304834
23.43 -0.031828
23.44 -0.0332293
23.45 -0.0346869
23.46 -0.0362005
23.47 -0.0377695
23.48 -0.0393931
23.49 -0.0410704
23.5 -0.0427998
23.51 -0.0445797
23.52 -0.0464084
23.53 -0.048284
23.54 -0.0502046
23.55 -0.052168
23.56 -0.0541721
23.57 -0.0562146
23.58 -0.0582932
23.59 -0.0604052
23.6 -0.062548
23.61 -0.0647189
23.62 -0.0669151
23.63 -0.0691336
23.64 -0.0713715
23.65 -0.0736256
23.66 -0.0758926
23.67 -0.0781694
23.68 -0.0804529
23.69 -0.0827403
23.7 -0.0850288
23.71 -0.0873158
23.72 -0.0895988
23.73 -0.0918758
23.74 -0.0941445
23.75 -0.0964034
23.76 -0.0986509
23.77 -0.100886
23.78 -0.103108
23.79 -0.105316
23.8 -0.107511
23.81 -0.109693
23.82 -0.111861
23.83 -0.114017
23.84 -0.116158
23.85 -0.118287
23.86 -0.120402
23.87 -0.122503
23.88 -0.124591
23.89 -0.126665
23.9 -0.128726
23.91 -0.130773
23.92 -0.132807
23.93 -0.134829
23.94 -0.136838
23.95 -0.138836
23.96 -0.140822
23.97 -0.142797
23.98 -0.144759
23.99 -0.146709
24 -0.148645
24.01 -0.150565
24.02 -0.152466
24.03 -0.154347
24.04 -0.156204
24.05 -0.158034
24.06 -0.159833
24.07 -0.161595
24.08 -0.163317
24.09 -0.164994
24.1 -0.16662
24.11 -0.168191
24.12 -0.169703
24.13 -0.171152
24.14 -0.172536
24.15 -0.173852
24.16 -0.175097
24.17 -0.176272
24.18 -0.177375
24.19 -0.178404
24.2 -0.17936
24.21 -0.180242
24.22 -0.18105
24.23 -0.181783
24.24 -0.182441
24.25 -0.183026
24.26 -0.183537
24.27 -0.183975
24.28 -0.184341
24.29 -0.184636
24.3 -0.184862
24.31 -0.185021
24.32 -0.185114
24.33 -0.185144
24.34 -0.185112
24.35 -0.185018
24.36 -0.184865
24.37 -0.184651
24.38 -0.184377
24.39 -0.184043
24.4 -0.183648
24.41 -0.183194
24.42 -0.182678
24.43 -0.182103
24.44 -0.181469
24.45 -0.180776
24.46 -0.180024
24.47 -0.179216
24.48 -0.178352
24.49 -0.177432
24.5 -0.176457
24.51 -0.175429
24.52 -0.174347
24.53 -0.173215
24.54 -0.172031
24.55 -0.170798
24.56 -0.169518
24.57 -0.168192
24.58 -0.166821
24.59 -0.165409
24.6 -0.163958
24.61 -0.162469
24.62 -0.160945
24.63 -0.159389
24.64 -0.157802
24.65 -0.156188
24.66 -0.154548
24.67 -0.152884
24.68 -0.151197
24.69 -0.149489
24.7 -0.147762
24.71 -0.146016
24.72 -0.144252
24.73 -0.142472
24.74 -0.140676
24.75 -0.138866
24.76 -0.137042
24.77 -0.135205
24.78 -0.133357
24.79 -0.131498
24.8 -0.129629
24.81 -0.127753
24.82 -0.12587
24.83 -0.123983
24.84 -0.122094
24.85 -0.120204
24.86 -0.118316
24.87 -0.116433
24.88 -0.114556
24.89 -0.112688
24.9 -0.110832
24.91 -0.108992
24.92 -0.10717
24.93 -0.105369
24.94 -0.103593
24.95 -0.101846
24.96 -0.10013
24.97 -0.0984487
24.98 -0.0968057
24.99 -0.0952038
25 -0.093646
