0.01 3.17771e-09
0.02 1.53152e-08
0.03 3.78506e-08
0.04 6.84699e-08
0.05 1.04904e-07
0.06 1.44951e-07
0.07 1.86489e-07
0.08 2.27477e-07
0.09 2.65934e-07
0.1 2.99939e-07
0.11 3.27652e-07
0.12 3.47314e-07
0.13 3.57209e-07
0.14 3.55607e-07
0.15 3.40752e-07
0.16 3.10918e-07
0.17 2.64457e-07
0.18 1.99813e-07
0.19 1.1553e-07
0.2 1.0266e-08
0.21 -1.17198e-07
0.22 -2.67952e-07
0.23 -4.42969e-07
0.24 -6.43112e-07
0.25 -8.69178e-07
0.26 -1.12195e-06
0.27 -1.40224e-06
0.28 -1.71075e-06
0.29 -2.04782e-06
0.3 -2.41333e-06
0.31 -2.80661e-06
0.32 -3.22648e-06
0.33 -3.67095e-06
0.34 -4.13721e-06
0.35 -4.62184e-06
0.36 -5.12108e-06
0.37 -5.63089e-06
0.38 -6.14763e-06
0.39 -6.66875e-06
0.4 -7.19342e-06
0.41 -7.72284e-06
0.42 -8.25981e-06
0.43 -8.8081e-06
0.44 -9.37256e-06
0.45 -9.95891e-06
0.46 -1.05734e-05
0.47 -1.12221e-05
0.48 -1.19108e-05
0.49 -1.26442e-05
0.5 -1.34263e-05
0.51 -1.42603e-05
0.52 -1.5149e-05
0.53 -1.60945e-05
0.54 -1.70982e-05
0.55 -1.81612e-05
0.56 -1.92841e-05
0.57 -2.04671e-05
0.58 -2.17103e-05
0.59 -2.30135e-05
0.6 -2.43768e-05
0.61 -2.57996e-05
0.62 -2.72814e-05
0.63 -2.88216e-05
0.64 -3.04193e-05
0.65 -3.20739e-05
0.66 -3.37845e-05
0.67 -3.55509e-05
0.68 -3.73729e-05
0.69 -3.92505e-05
0.7 -4.11839e-05
0.71 -4.31728e-05
0.72 -4.52163e-05
0.73 -4.7312e-05
0.74 -4.94552e-05
0.75 -5.1639e-05
0.76 -5.3853e-05
0.77 -5.60845e-05
0.78 -5.83191e-05
0.79 -6.05432e-05
0.8 -6.27457e-05
0.81 -6.49181e-05
0.82 -6.70546e-05
0.83 -6.91509e-05
0.84 -7.12047e-05
0.85 -7.32174e-05
0.86 -7.51927e-05
0.87 -7.71335e-05
0.88 -7.90376e-05
0.89 -8.08974e-05
0.9 -8.27019e-05
0.91 -8.44385e-05
0.92 -8.60942e-05
0.93 -8.76579e-05
0.94 -8.91226e-05
0.95 -9.04873e-05
0.96 -9.1757e-05
0.97 -9.29423e-05
0.98 -9.40548e-05
0.99 -9.51011e-05
1 -9.60818e-05
1.01 -9.69917e-05
1.02 -9.78197e-05
1.03 -9.85501e-05
1.04 -9.91648e-05
1.05 -9.96457e-05
1.06 -9.99779e-05
1.07 -0.000100151
1.08 -0.00010016
1.09 -9.99968e-05
1.1 -9.96568e-05
1.11 -9.91351e-05
1.12 -9.8427e-05
1.13 -9.75261e-05
1.14 -9.64251e-05
1.15 -9.51167e-05
1.16 -9.35959e-05
1.17 -9.18623e-05
1.18 -8.99225e-05
1.19 -8.77882e-05
1.2 -8.54729e-05
1.21 -8.29937e-05
1.22 -8.03719e-05
1.23 -7.76311e-05
1.24 -7.47909e-05
1.25 -7.18596e-05
1.26 -6.88291e-05
1.27 -6.56801e-05
1.28 -6.23915e-05
1.29 -5.89432e-05
1.3 -5.53168e-05
1.31 -5.15006e-05
1.32 -4.7492e-05
1.33 -4.32949e-05
1.34 -3.89144e-05
1.35 -3.43533e-05
1.36 -2.96117e-05
1.37 -2.46872e-05
1.38 -1.95756e-05
1.39 -1.42717e-05
1.4 -8.77197e-06
1.41 -3.07717e-06
1.42 2.80359e-06
1.43 8.84872e-06
1.44 1.50203e-05
1.45 2.1262e-05
1.46 2.75007e-05
1.47 3.36527e-05
1.48 3.96311e-05
1.49 4.53465e-05
1.5 5.07109e-05
1.51 5.56419e-05
1.52 6.00653e-05
1.53 6.39222e-05
1.54 6.71769e-05
1.55 6.98247e-05
1.56 7.18945e-05
1.57 7.34389e-05
1.58 7.45265e-05
1.59 7.52346e-05
1.6 7.5637e-05
1.61 7.57975e-05
1.62 7.57727e-05
1.63 7.56108e-05
1.64 7.53521e-05
1.65 7.50298e-05
1.66 7.46669e-05
1.67 7.42752e-05
1.68 7.38566e-05
1.69 7.34098e-05
1.7 7.29333e-05
1.71 7.24254e-05
1.72 7.18856e-05
1.73 7.13157e-05
1.74 7.07243e-05
1.75 7.013e-05
1.76 6.95573e-05
1.77 6.90288e-05
1.78 6.85702e-05
1.79 6.82153e-05
1.8 6.80034e-05
1.81 6.79751e-05
1.82 6.81713e-05
1.83 6.86321e-05
1.84 6.93859e-05
1.85 7.04443e-05
1.86 7.18063e-05
1.87 7.34684e-05
1.88 7.54301e-05
1.89 7.76947e-05
1.9 8.02698e-05
1.91 8.3167e-05
1.92 8.64015e-05
1.93 8.99909e-05
1.94 9.39411e-05
1.95 9.82304e-05
1.96 0.000102809
1.97 0.000107604
1.98 0.000112522
1.99 0.000117466
2 0.000122349
2.01 0.000127116
2.02 0.000131748
2.03 0.000136253
2.04 0.000140669
2.05 0.000145052
2.06 0.000149465
2.07 0.000153969
2.08 0.000158605
2.09 0.000163386
2.1 0.000168294
2.11 0.000173281
2.12 0.000178266
2.13 0.000183135
2.14 0.000187749
2.15 0.000191956
2.16 0.000195593
2.17 0.000198499
2.18 0.000200509
2.19 0.000201451
2.2 0.000201139
2.21 0.000199379
2.22 0.000195979
2.23 0.000190756
2.24 0.000183541
2.25 0.000174178
2.26 0.000162522
2.27 0.000148472
2.28 0.000131972
2.29 0.000113003
2.3 9.15778e-05
2.31 6.77386e-05
2.32 4.1568e-05
2.33 1.31985e-05
2.34 -1.71813e-05
2.35 -4.93327e-05
2.36 -8.29749e-05
2.37 -0.000117797
2.38 -0.000153468
2.39 -0.000189632
2.4 -0.000225933
2.41 -0.000262051
2.42 -0.000297721
2.43 -0.00033272
2.44 -0.000366843
2.45 -0.000399902
2.46 -0.000431726
2.47 -0.000462173
2.48 -0.000491131
2.49 -0.000518504
2.5 -0.000544195
2.51 -0.000568093
2.52 -0.000590072
2.53 -0.000610003
2.54 -0.000627763
2.55 -0.000643221
2.56 -0.000656257
2.57 -0.000666778
2.58 -0.000674744
2.59 -0.000680173
2.6 -0.000683134
2.61 -0.000683733
2.62 -0.000682087
2.63 -0.000678312
2.64 -0.000672505
2.65 -0.000664747
2.66 -0.0006551
2.67 -0.000643615
2.68 -0.000630339
2.69 -0.000615329
2.7 -0.000598659
2.71 -0.00058041
2.72 -0.000560662
2.73 -0.000539501
2.74 -0.000516993
2.75 -0.000493184
2.76 -0.000468114
2.77 -0.00044182
2.78 -0.000414311
2.79 -0.000385559
2.8 -0.000355502
2.81 -0.000324047
2.82 -0.000291109
2.83 -0.000256632
2.84 -0.000220602
2.85 -0.000183044
2.86 -0.00014402
2.87 -0.000103632
2.88 -6.20415e-05
2.89 -1.94562e-05
2.9 2.38899e-05
2.91 6.77476e-05
2.92 0.000111851
2.93 0.000155924
2.94 0.000199697
2.95 0.000242908
2.96 0.000285315
2.97 0.000326721
2.98 0.000366992
2.99 0.000406038
3 0.000443805
3.01 0.000480264
3.02 0.000515389
3.03 0.000549139
3.04 0.000581451
3.05 0.000612234
3.06 0.000641361
3.07 0.000668663
3.08 0.000693936
3.09 0.000716956
3.1 0.00073751
3.11 0.000755429
3.12 0.0007706
3.13 0.000782984
3.14 0.000792605
3.15 0.000799515
3.16 0.000803791
3.17 0.000805532
3.18 0.000804861
3.19 0.000801903
3.2 0.000796765
3.21 0.000789548
3.22 0.000780386
3.23 0.000769451
3.24 0.00075696
3.25 0.00074316
3.26 0.000728321
3.27 0.00071275
3.28 0.000696804
3.29 0.000680861
3.3 0.00066528
3.31 0.000650427
3.32 0.00063667
3.33 0.000624331
3.34 0.000613645
3.35 0.000604729
3.36 0.000597567
3.37 0.000592026
3.38 0.000587862
3.39 0.00058473
3.4 0.000582194
3.41 0.000579745
3.42 0.000576833
3.43 0.000572909
3.44 0.000567437
3.45 0.000559908
3.46 0.000549846
3.47 0.000536856
3.48 0.000520665
3.49 0.000501146
3.5 0.000478311
3.51 0.000452292
3.52 0.000423338
3.53 0.000391791
3.54 0.00035806
3.55 0.000322562
3.56 0.00028567
3.57 0.000247697
3.58 0.000208945
3.59 0.000169714
3.6 0.000130261
3.61 9.07828e-05
3.62 5.1421e-05
3.63 1.22661e-05
3.64 -2.66492e-05
3.65 -6.53458e-05
3.66 -0.0001039
3.67 -0.000142459
3.68 -0.000181236
3.69 -0.000220492
3.7 -0.000260482
3.71 -0.000301438
3.72 -0.000343593
3.73 -0.000387151
3.74 -0.000432265
3.75 -0.000479044
3.76 -0.00052757
3.77 -0.000577882
3.78 -0.000629981
3.79 -0.000683832
3.8 -0.00073936
3.81 -0.000796422
3.82 -0.000854825
3.83 -0.000914346
3.84 -0.000974736
3.85 -0.00103573
3.86 -0.00109709
3.87 -0.00115865
3.88 -0.00122037
3.89 -0.00128229
3.9 -0.0013446
3.91 -0.00140757
3.92 -0.00147161
3.93 -0.00153719
3.94 -0.00160481
3.95 -0.001675
3.96 -0.00174825
3.97 -0.00182499
3.98 -0.00190556
3.99 -0.00199011
4 -0.00207867
4.01 -0.00217111
4.02 -0.00226716
4.03 -0.00236642
4.04 -0.0024684
4.05 -0.00257245
4.06 -0.00267785
4.07 -0.00278371
4.08 -0.00288903
4.09 -0.00299269
4.1 -0.00309347
4.11 -0.00319013
4.12 -0.00328151
4.13 -0.00336662
4.14 -0.00344468
4.15 -0.00351513
4.16 -0.00357777
4.17 -0.00363271
4.18 -0.00368034
4.19 -0.00372128
4.2 -0.00375635
4.21 -0.00378651
4.22 -0.00381275
4.23 -0.00383606
4.24 -0.00385729
4.25 -0.00387718
4.26 -0.00389644
4.27 -0.00391567
4.28 -0.00393536
4.29 -0.00395585
4.3 -0.00397734
4.31 -0.00399989
4.32 -0.00402342
4.33 -0.00404778
4.34 -0.00407265
4.35 -0.00409761
4.36 -0.00412206
4.37 -0.00414529
4.38 -0.0041665
4.39 -0.00418484
4.4 -0.00419939
4.41 -0.00420924
4.42 -0.0042134
4.43 -0.00421092
4.44 -0.0042009
4.45 -0.00418249
4.46 -0.004155
4.47 -0.00411794
4.48 -0.00407105
4.49 -0.00401419
4.5 -0.0039473
4.51 -0.00387037
4.52 -0.0037835
4.53 -0.00368688
4.54 -0.00358085
4.55 -0.00346583
4.56 -0.00334235
4.57 -0.00321101
4.58 -0.00307248
4.59 -0.0029275
4.6 -0.00277685
4.61 -0.00262132
4.62 -0.00246167
4.63 -0.00229857
4.64 -0.00213267
4.65 -0.00196454
4.66 -0.00179467
4.67 -0.00162341
4.68 -0.00145095
4.69 -0.00127736
4.7 -0.00110264
4.71 -0.000926795
4.72 -0.000749833
4.73 -0.000571787
4.74 -0.000392716
4.75 -0.000212767
4.76 -3.21808e-05
4.77 0.000148752
4.78 0.000329706
4.79 0.000510349
4.8 0.000690342
4.81 0.000869282
4.82 0.00104671
4.83 0.0012222
4.84 0.0013953
4.85 0.00156553
4.86 0.00173236
4.87 0.00189533
4.88 0.00205403
4.89 0.00220808
4.9 0.00235712
4.91 0.00250084
4.92 0.00263902
4.93 0.00277146
4.94 0.00289802
4.95 0.00301857
4.96 0.00313299
4.97 0.00324124
4.98 0.00334334
4.99 0.00343938
5 0.00352948
5.01 0.00361381
5.02 0.00369244
5.03 0.00376538
5.04 0.00383251
5.05 0.00389358
5.06 0.00394825
5.07 0.00399601
5.08 0.00403628
5.09 0.00406841
5.1 0.00409172
5.11 0.0041055
5.12 0.00410906
5.13 0.00410181
5.14 0.00408323
5.15 0.00405297
5.16 0.00401087
5.17 0.003957
5.18 0.00389167
5.19 0.0038153
5.2 0.00372849
5.21 0.00363199
5.22 0.00352663
5.23 0.00341326
5.24 0.00329271
5.25 0.0031658
5.26 0.0030334
5.27 0.00289646
5.28 0.00275598
5.29 0.00261293
5.3 0.00246829
5.31 0.00232298
5.32 0.00217784
5.33 0.00203357
5.34 0.00189063
5.35 0.00174928
5.36 0.00160958
5.37 0.00147126
5.38 0.00133383
5.39 0.00119665
5.4 0.00105903
5.41 0.000920263
5.42 0.00077966
5.43 0.000636634
5.44 0.000490745
5.45 0.000341721
5.46 0.000189453
5.47 3.39531e-05
5.48 -0.000124702
5.49 -0.000286388
5.5 -0.000450893
5.51 -0.000617903
5.52 -0.000787044
5.53 -0.000957934
5.54 -0.00113017
5.55 -0.00130332
5.56 -0.00147691
5.57 -0.0016505
5.58 -0.00182375
5.59 -0.00199638
5.6 -0.00216817
5.61 -0.00233883
5.62 -0.00250808
5.63 -0.0026756
5.64 -0.00284104
5.65 -0.00300405
5.66 -0.00316428
5.67 -0.00332135
5.68 -0.00347486
5.69 -0.00362433
5.7 -0.00376919
5.71 -0.00390882
5.72 -0.0040425
5.73 -0.00416948
5.74 -0.004289
5.75 -0.00440028
5.76 -0.00450256
5.77 -0.00459515
5.78 -0.0046775
5.79 -0.00474919
5.8 -0.00481
5.81 -0.00485993
5.82 -0.00489921
5.83 -0.00492833
5.84 -0.00494798
5.85 -0.00495905
5.86 -0.00496255
5.87 -0.00495957
5.88 -0.00495124
5.89 -0.00493874
5.9 -0.00492318
5.91 -0.00490561
5.92 -0.00488695
5.93 -0.00486798
5.94 -0.00484934
5.95 -0.00483151
5.96 -0.00481472
5.97 -0.00479889
5.98 -0.00478367
5.99 -0.00476844
6 -0.00475241
6.01 -0.00473459
6.02 -0.00471396
6.03 -0.00468946
6.04 -0.00465998
6.05 -0.00462446
6.06 -0.00458187
6.07 -0.00453132
6.08 -0.00447212
6.09 -0.00440377
6.1 -0.00432592
6.11 -0.00423834
6.12 -0.00414095
6.13 -0.00403381
6.14 -0.00391707
6.15 -0.00379088
6.16 -0.00365536
6.17 -0.00351052
6.18 -0.00335618
6.19 -0.00319197
6.2 -0.00301741
6.21 -0.002832
6.22 -0.00263513
6.23 -0.00242618
6.24 -0.00220451
6.25 -0.00196957
6.26 -0.00172081
6.27 -0.00145772
6.28 -0.0011798
6.29 -0.000886566
6.3 -0.000577493
6.31 -0.000252041
6.32 9.03796e-05
6.33 0.000450398
6.34 0.000828657
6.35 0.0012258
6.36 0.00164241
6.37 0.00207885
6.38 0.00253516
6.39 0.00301105
6.4 0.003506
6.41 0.00401926
6.42 0.00455001
6.43 0.00509744
6.44 0.00566082
6.45 0.00623959
6.46 0.00683343
6.47 0.00744223
6.48 0.0080659
6.49 0.00870431
6.5 0.00935709
6.51 0.0100235
6.52 0.0107024
6.53 0.0113922
6.54 0.0120909
6.55 0.0127961
6.56 0.0135048
6.57 0.0142138
6.58 0.0149197
6.59 0.0156192
6.6 0.016309
6.61 0.0169861
6.62 0.0176479
6.63 0.0182922
6.64 0.0189172
6.65 0.0195212
6.66 0.0201028
6.67 0.0206604
6.68 0.0211924
6.69 0.0216975
6.7 0.0221741
6.71 0.0226207
6.72 0.023036
6.73 0.0234187
6.74 0.0237674
6.75 0.0240813
6.76 0.0243593
6.77 0.0246008
6.78 0.0248054
6.79 0.0249727
6.8 0.0251028
6.81 0.0251955
6.82 0.025251
6.83 0.0252694
6.84 0.0252505
6.85 0.0251942
6.86 0.0251005
6.87 0.0249689
6.88 0.0247991
6.89 0.0245907
6.9 0.0243435
6.91 0.0240574
6.92 0.0237327
6.93 0.02337
6.94 0.0229702
6.95 0.0225347
6.96 0.0220648
6.97 0.0215623
6.98 0.0210287
6.99 0.0204652
7 0.0198731
7.01 0.0192529
7.02 0.0186051
7.03 0.0179299
7.04 0.0172277
7.05 0.0164988
7.06 0.015744
7.07 0.0149644
7.08 0.0141615
7.09 0.0133373
7.1 0.012494
7.11 0.011634
7.12 0.0107598
7.13 0.00987362
7.14 0.00897753
7.15 0.00807305
7.16 0.00716129
7.17 0.00624302
7.18 0.00531872
7.19 0.00438874
7.2 0.00345337
7.21 0.00251292
7.22 0.00156795
7.23 0.000619256
7.24 -0.000332006
7.25 -0.00128439
7.26 -0.00223618
7.27 -0.00318555
7.28 -0.00413071
7.29 -0.00507
7.3 -0.00600204
7.31 -0.00692574
7.32 -0.00784036
7.33 -0.00874544
7.34 -0.00964067
7.35 -0.0105258
7.36 -0.0114003
7.37 -0.0122637
7.38 -0.0131149
7.39 -0.0139528
7.4 -0.0147755
7.41 -0.0155814
7.42 -0.0163685
7.43 -0.0171349
7.44 -0.017879
7.45 -0.0185994
7.46 -0.0192953
7.47 -0.0199662
7.48 -0.0206117
7.49 -0.0212323
7.5 -0.0218286
7.51 -0.0224015
7.52 -0.0229522
7.53 -0.0234822
7.54 -0.0239927
7.55 -0.0244849
7.56 -0.0249602
7.57 -0.0254197
7.58 -0.0258646
7.59 -0.0262961
7.6 -0.0267156
7.61 -0.0271243
7.62 -0.0275232
7.63 -0.027913
7.64 -0.0282938
7.65 -0.0286655
7.66 -0.0290273
7.67 -0.0293779
7.68 -0.0297155
7.69 -0.0300377
7.7 -0.0303415
7.71 -0.0306237
7.72 -0.0308811
7.73 -0.0311106
7.74 -0.0313097
7.75 -0.0314764
7.76 -0.0316092
7.77 -0.0317071
7.78 -0.0317694
7.79 -0.0317957
7.8 -0.0317859
7.81 -0.0317405
7.82 -0.0316597
7.83 -0.0315446
7.84 -0.031396
7.85 -0.0312153
7.86 -0.0310037
7.87 -0.0307627
7.88 -0.0304938
7.89 -0.0301983
7.9 -0.0298775
7.91 -0.0295325
7.92 -0.0291642
7.93 -0.0287731
7.94 -0.0283596
7.95 -0.0279239
7.96 -0.0274659
7.97 -0.0269854
7.98 -0.0264821
7.99 -0.0259554
8 -0.0254049
8.01 -0.0248303
8.02 -0.0242313
8.03 -0.0236079
8.04 -0.0229603
8.05 -0.022289
8.06 -0.0215947
8.07 -0.0208786
8.08 -0.020142
8.09 -0.0193862
8.1 -0.0186125
8.11 -0.0178222
8.12 -0.0170161
8.13 -0.0161946
8.14 -0.0153578
8.15 -0.0145057
8.16 -0.0136377
8.17 -0.0127535
8.18 -0.0118521
8.19 -0.0109331
8.2 -0.00999558
8.21 -0.00903922
8.22 -0.00806367
8.23 -0.00706883
8.24 -0.00605476
8.25 -0.0050217
8.26 -0.00397014
8.27 -0.00290083
8.28 -0.00181474
8.29 -0.000713169
8.3 0.000402267
8.31 0.00152949
8.32 0.00266587
8.33 0.00380823
8.34 0.00495289
8.35 0.00609579
8.36 0.00723268
8.37 0.00835931
8.38 0.00947168
8.39 0.0105662
8.4 0.01164
8.41 0.0126906
8.42 0.0137162
8.43 0.0147156
8.44 0.0156877
8.45 0.0166322
8.46 0.0175491
8.47 0.0184387
8.48 0.0193018
8.49 0.0201394
8.5 0.0209526
8.51 0.0217426
8.52 0.0225105
8.53 0.023257
8.54 0.0239826
8.55 0.0246873
8.56 0.0253707
8.57 0.0260321
8.58 0.0266709
8.59 0.027286
8.6 0.0278766
8.61 0.0284417
8.62 0.0289805
8.63 0.0294927
8.64 0.029978
8.65 0.0304367
8.66 0.0308691
8.67 0.0312762
8.68 0.0316589
8.69 0.0320182
8.7 0.0323554
8.71 0.0326714
8.72 0.0329673
8.73 0.0332439
8.74 0.0335019
8.75 0.0337418
8.76 0.0339638
8.77 0.0341675
8.78 0.0343527
8.79 0.0345184
8.8 0.0346636
8.81 0.0347869
8.82 0.0348869
8.83 0.0349619
8.84 0.0350103
8.85 0.0350309
8.86 0.0350225
8.87 0.034984
8.88 0.0349148
8.89 0.0348143
8.9 0.0346822
8.91 0.0345187
8.92 0.0343241
8.93 0.0340988
8.94 0.0338434
8.95 0.0335586
8.96 0.0332449
8.97 0.0329028
8.98 0.0325327
8.99 0.032135
9 0.0317098
9.01 0.0312569
9.02 0.0307761
9.03 0.0302667
9.04 0.0297279
9.05 0.0291589
9.06 0.0285588
9.07 0.027927
9.08 0.0272631
9.09 0.0265669
9.1 0.0258383
9.11 0.0250774
9.12 0.0242841
9.13 0.0234586
9.14 0.0226011
9.15 0.0217118
9.16 0.0207912
9.17 0.0198399
9.18 0.018859
9.19 0.01785
9.2 0.0168151
9.21 0.0157567
9.22 0.014678
9.23 0.0135826
9.24 0.0124745
9.25 0.0113578
9.26 0.0102362
9.27 0.00911342
9.28 0.00799252
9.29 0.00687606
9.3 0.00576612
9.31 0.00466448
9.32 0.00357281
9.33 0.00249263
9.34 0.00142539
9.35 0.000372435
9.36 -0.000664931
9.37 -0.00168548
9.38 -0.00268805
9.39 -0.00367154
9.4 -0.00463497
9.41 -0.00557763
9.42 -0.00649907
9.43 -0.00739925
9.44 -0.00827854
9.45 -0.00913781
9.46 -0.0099783
9.47 -0.0108014
9.48 -0.0116088
9.49 -0.0124016
9.5 -0.0131812
9.51 -0.0139481
9.52 -0.0147029
9.53 -0.0154455
9.54 -0.0161757
9.55 -0.0168932
9.56 -0.0175975
9.57 -0.0182886
9.58 -0.0189664
9.59 -0.0196312
9.6 -0.0202835
9.61 -0.0209239
9.62 -0.0215531
9.63 -0.0221715
9.64 -0.0227795
9.65 -0.0233768
9.66 -0.0239632
9.67 -0.0245378
9.68 -0.0250995
9.69 -0.025647
9.7 -0.0261788
9.71 -0.0266933
9.72 -0.0271891
9.73 -0.0276648
9.74 -0.0281193
9.75 -0.0285519
9.76 -0.0289619
9.77 -0.0293492
9.78 -0.0297137
9.79 -0.0300557
9.8 -0.0303757
9.81 -0.0306744
9.82 -0.0309526
9.83 -0.0312114
9.84 -0.0314521
9.85 -0.031676
9.86 -0.0318844
9.87 -0.0320787
9.88 -0.03226
9.89 -0.0324293
9.9 -0.0325875
9.91 -0.0327351
9.92 -0.0328724
9.93 -0.0329994
9.94 -0.0331159
9.95 -0.0332212
9.96 -0.0333145
9.97 -0.0333952
9.98 -0.0334626
9.99 -0.0335161
10 -0.0335557
10.01 -0.0335812
10.02 -0.0335929
10.03 -0.0335914
10.04 -0.0335774
10.05 -0.0335514
10.06 -0.033514
10.07 -0.0334656
10.08 -0.0334063
10.09 -0.0333361
10.1 -0.0332548
10.11 -0.0331622
10.12 -0.0330579
10.13 -0.0329417
10.14 -0.0328136
10.15 -0.0326737
10.16 -0.0325224
10.17 -0.0323599
10.18 -0.0321866
10.19 -0.0320027
10.2 -0.0318083
10.21 -0.0316032
10.22 -0.0313873
10.23 -0.0311602
10.24 -0.0309218
10.25 -0.0306716
10.26 -0.0304095
10.27 -0.0301354
10.28 -0.0298491
10.29 -0.0295508
10.3 -0.0292404
10.31 -0.0289181
10.32 -0.0285839
10.33 -0.0282378
10.34 -0.0278796
10.35 -0.0275093
10.36 -0.0271269
10.37 -0.0267322
10.38 -0.0263254
10.39 -0.0259063
10.4 -0.025475
10.41 -0.0250312
10.42 -0.0245748
10.43 -0.0241052
10.44 -0.0236219
10.45 -0.0231239
10.46 -0.0226103
10.47 -0.0220799
10.48 -0.0215319
10.49 -0.0209654
10.5 -0.0203799
10.51 -0.0197753
10.52 -0.0191518
10.53 -0.0185098
10.54 -0.0178502
10.55 -0.0171738
10.56 -0.0164817
10.57 -0.0157749
10.58 -0.0150545
10.59 -0.0143217
10.6 -0.0135777
10.61 -0.0128236
10.62 -0.0120606
10.63 -0.0112902
10.64 -0.0105137
10.65 -0.00973267
10.66 -0.00894879
10.67 -0.00816376
10.68 -0.00737932
10.69 -0.0065971
10.7 -0.00581857
10.71 -0.00504499
10.72 -0.00427745
10.73 -0.00351691
10.74 -0.00276419
10.75 -0.00202001
10.76 -0.00128505
10.77 -0.00055986
10.78 0.000155102
10.79 0.000859507
10.8 0.0015531
10.81 0.00223569
10.82 0.00290712
10.83 0.00356736
10.84 0.0042164
10.85 0.00485425
10.86 0.00548088
10.87 0.00609613
10.88 0.00669977
10.89 0.00729153
10.9 0.00787107
10.91 0.00843804
10.92 0.00899215
10.93 0.00953328
10.94 0.0100615
10.95 0.0105773
10.96 0.0110812
10.97 0.011574
10.98 0.0120566
10.99 0.0125302
11 0.0129955
11.01 0.0134535
11.02 0.0139049
11.03 0.0143501
11.04 0.0147896
11.05 0.0152235
11.06 0.0156519
11.07 0.0160747
11.08 0.0164918
11.09 0.0169031
11.1 0.0173083
11.11 0.0177072
11.12 0.0180996
11.13 0.0184856
11.14 0.0188652
11.15 0.0192383
11.16 0.019605
11.17 0.0199655
11.18 0.0203202
11.19 0.0206697
11.2 0.021015
11.21 0.021357
11.22 0.0216969
11.23 0.022036
11.24 0.0223755
11.25 0.0227163
11.26 0.0230587
11.27 0.0234026
11.28 0.0237476
11.29 0.024093
11.3 0.0244377
11.31 0.0247809
11.32 0.0251216
11.33 0.0254589
11.34 0.0257921
11.35 0.0261208
11.36 0.026445
11.37 0.0267651
11.38 0.0270815
11.39 0.0273946
11.4 0.027705
11.41 0.0280129
11.42 0.0283186
11.43 0.0286218
11.44 0.0289223
11.45 0.0292193
11.46 0.0295122
11.47 0.0298004
11.48 0.0300832
11.49 0.0303605
11.5 0.0306324
11.51 0.0308993
11.52 0.031162
11.53 0.0314217
11.54 0.0316795
11.55 0.0319364
11.56 0.0321937
11.57 0.032452
11.58 0.0327119
11.59 0.0329736
11.6 0.0332371
11.61 0.0335027
11.62 0.0337704
11.63 0.0340404
11.64 0.0343128
11.65 0.0345879
11.66 0.0348656
11.67 0.0351462
11.68 0.0354296
11.69 0.0357159
11.7 0.0360049
11.71 0.0362961
11.72 0.0365889
11.73 0.0368822
11.74 0.0371748
11.75 0.037465
11.76 0.0377508
11.77 0.0380297
11.78 0.0382987
11.79 0.0385544
11.8 0.0387932
11.81 0.0390115
11.82 0.0392061
11.83 0.0393739
11.84 0.0395125
11.85 0.0396196
11.86 0.0396932
11.87 0.0397318
11.88 0.0397336
11.89 0.039697
11.9 0.0396208
11.91 0.0395037
11.92 0.0393445
11.93 0.0391425
11.94 0.0388966
11.95 0.0386063
11.96 0.0382709
11.97 0.03789
11.98 0.0374633
11.99 0.0369907
12 0.0364724
12.01 0.0359089
12.02 0.0353009
12.03 0.0346495
12.04 0.033956
12.05 0.0332222
12.06 0.0324499
12.07 0.031641
12.08 0.0307975
12.09 0.0299212
12.1 0.0290135
12.11 0.0280757
12.12 0.0271089
12.13 0.0261138
12.14 0.0250908
12.15 0.0240399
12.16 0.0229611
12.17 0.021854
12.18 0.0207183
12.19 0.0195538
12.2 0.0183601
12.21 0.017137
12.22 0.0158845
12.23 0.0146026
12.24 0.0132915
12.25 0.0119515
12.26 0.0105831
12.27 0.00918685
12.28 0.00776367
12.29 0.00631457
12.3 0.00484075
12.31 0.00334358
12.32 0.00182469
12.33 0.000286
12.34 -0.00127029
12.35 -0.00284178
12.36 -0.00442586
12.37 -0.00601968
12.38 -0.00762014
12.39 -0.00922394
12.4 -0.0108277
12.41 -0.0124278
12.42 -0.014021
12.43 -0.0156038
12.44 -0.0171731
12.45 -0.0187257
12.46 -0.0202586
12.47 -0.0217687
12.48 -0.0232528
12.49 -0.0247072
12.5 -0.0261279
12.51 -0.0275104
12.52 -0.0288498
12.53 -0.030141
12.54 -0.0313789
12.55 -0.0325584
12.56 -0.0336747
12.57 -0.0347236
12.58 -0.035701
12.59 -0.0366032
12.6 -0.0374266
12.61 -0.0381678
12.62 -0.0388236
12.63 -0.0393912
12.64 -0.0398682
12.65 -0.0402526
12.66 -0.0405428
12.67 -0.0407376
12.68 -0.0408363
12.69 -0.0408388
12.7 -0.0407457
12.71 -0.0405578
12.72 -0.0402765
12.73 -0.0399033
12.74 -0.03944
12.75 -0.0388884
12.76 -0.0382505
12.77 -0.0375283
12.78 -0.0367236
12.79 -0.0358384
12.8 -0.0348748
12.81 -0.0338347
12.82 -0.0327206
12.83 -0.0315349
12.84 -0.0302802
12.85 -0.0289591
12.86 -0.0275744
12.87 -0.0261286
12.88 -0.0246242
12.89 -0.0230635
12.9 -0.0214484
12.91 -0.019781
12.92 -0.018063
12.93 -0.0162966
12.94 -0.0144838
12.95 -0.0126269
12.96 -0.0107282
12.97 -0.00879044
12.98 -0.00681623
12.99 -0.00480835
13 -0.00276963
13.01 -0.00070285
13.02 0.00138936
13.03 0.00350454
13.04 0.00564039
13.05 0.00779463
13.06 0.00996493
13.07 0.0121488
13.08 0.0143436
13.09 0.0165463
13.1 0.0187538
13.11 0.0209625
13.12 0.0231688
13.13 0.0253689
13.14 0.0275592
13.15 0.0297362
13.16 0.0318965
13.17 0.0340373
13.18 0.0361557
13.19 0.0382492
13.2 0.0403154
13.21 0.0423522
13.22 0.0443571
13.23 0.046328
13.24 0.0482627
13.25 0.0501589
13.26 0.0520143
13.27 0.0538266
13.28 0.0555935
13.29 0.0573125
13.3 0.0589811
13.31 0.0605967
13.32 0.0621566
13.33 0.063658
13.34 0.065098
13.35 0.0664736
13.36 0.0677821
13.37 0.0690208
13.38 0.0701874
13.39 0.0712798
13.4 0.0722961
13.41 0.0732347
13.42 0.0740943
13.43 0.074874
13.44 0.0755733
13.45 0.0761918
13.46 0.0767295
13.47 0.077187
13.48 0.0775647
13.49 0.0778635
13.5 0.0780845
13.51 0.0782288
13.52 0.0782979
13.53 0.0782932
13.54 0.0782165
13.55 0.0780695
13.56 0.0778545
13.57 0.0775733
13.58 0.0772282
13.59 0.0768211
13.6 0.0763537
13.61 0.0758278
13.62 0.0752449
13.63 0.074607
13.64 0.0739155
13.65 0.0731724
13.66 0.0723794
13.67 0.0715383
13.68 0.0706511
13.69 0.0697195
13.7 0.0687451
13.71 0.0677294
13.72 0.0666738
13.73 0.0655796
13.74 0.0644478
13.75 0.0632791
13.76 0.0620742
13.77 0.0608332
13.78 0.0595559
13.79 0.0582418
13.8 0.0568901
13.81 0.0554993
13.82 0.0540676
13.83 0.0525932
13.84 0.0510745
13.85 0.0495106
13.86 0.0479014
13.87 0.0462475
13.88 0.0445495
13.89 0.0428084
13.9 0.0410248
13.91 0.0391997
13.92 0.0373339
13.93 0.0354285
13.94 0.0334843
13.95 0.0315023
13.96 0.0294836
13.97 0.0274293
13.98 0.0253405
13.99 0.0232185
14 0.0210644
14.01 0.0188794
14.02 0.0166645
14.03 0.014421
14.04 0.0121502
14.05 0.00985333
14.06 0.00753185
14.07 0.00518702
14.08 0.00281997
14.09 0.000431683
14.1 -0.00197711
14.11 -0.00440593
14.12 -0.00685458
14.13 -0.00932318
14.14 -0.0118121
14.15 -0.0143222
14.16 -0.0168543
14.17 -0.0194097
14.18 -0.0219895
14.19 -0.0245947
14.2 -0.0272262
14.21 -0.029885
14.22 -0.0325719
14.23 -0.0352878
14.24 -0.0380337
14.25 -0.0408106
14.26 -0.0436196
14.27 -0.0464618
14.28 -0.0493381
14.29 -0.0522495
14.3 -0.0551963
14.31 -0.0581788
14.32 -0.0611967
14.33 -0.0642492
14.34 -0.0673354
14.35 -0.070454
14.36 -0.0736038
14.37 -0.0767837
14.38 -0.0799929
14.39 -0.0832307
14.4 -0.0864965
14.41 -0.0897898
14.42 -0.0931098
14.43 -0.0964559
14.44 -0.099827
14.45 -0.103222
14.46 -0.106638
14.47 -0.110072
14.48 -0.113524
14.49 -0.116993
14.5 -0.120479
14.51 -0.123984
14.52 -0.127507
14.53 -0.131049
14.54 -0.134611
14.55 -0.138194
14.56 -0.141798
14.57 -0.145426
14.58 -0.149077
14.59 -0.152753
14.6 -0.156455
14.61 -0.160182
14.62 -0.163936
14.63 -0.167716
14.64 -0.17152
14.65 -0.175347
14.66 -0.179193
14.67 -0.183054
14.68 -0.186927
14.69 -0.190808
14.7 -0.194694
14.71 -0.19858
14.72 -0.202464
14.73 -0.206341
14.74 -0.210207
14.75 -0.214054
14.76 -0.217878
14.77 -0.22167
14.78 -0.225424
14.79 -0.229134
14.8 -0.232793
14.81 -0.236394
14.82 -0.239932
14.83 -0.243399
14.84 -0.246789
14.85 -0.250096
14.86 -0.253313
14.87 -0.256434
14.88 -0.259454
14.89 -0.262365
14.9 -0.265162
14.91 -0.267837
14.92 -0.270385
14.93 -0.272797
14.94 -0.275069
14.95 -0.277192
14.96 -0.27916
14.97 -0.280967
14.98 -0.282608
14.99 -0.284076
15 -0.285369
15.01 -0.286485
15.02 -0.287422
15.03 -0.288183
15.04 -0.288769
15.05 -0.289182
15.06 -0.289425
15.07 -0.289503
15.08 -0.289421
15.09 -0.289183
15.1 -0.288795
15.11 -0.288261
15.12 -0.287587
15.13 -0.286778
15.14 -0.285842
15.15 -0.284782
15.16 -0.283606
15.17 -0.282318
15.18 -0.280923
15.19 -0.279427
15.2 -0.277834
15.21 -0.276147
15.22 -0.274373
15.23 -0.272515
15.24 -0.270578
15.25 -0.268569
15.26 -0.266494
15.27 -0.264359
15.28 -0.262171
15.29 -0.259937
15.3 -0.257665
15.31 -0.25536
15.32 -0.253029
15.33 -0.250676
15.34 -0.248308
15.35 -0.245927
15.36 -0.24354
15.37 -0.241152
15.38 -0.238768
15.39 -0.236393
15.4 -0.234032
15.41 -0.23169
15.42 -0.22937
15.43 -0.227078
15.44 -0.224815
15.45 -0.222584
15.46 -0.220388
15.47 -0.218229
15.48 -0.216106
15.49 -0.21402
15.5 -0.21197
15.51 -0.209953
15.52 -0.207967
15.53 -0.206009
15.54 -0.204076
15.55 -0.202163
15.56 -0.200267
15.57 -0.198386
15.58 -0.196516
15.59 -0.194652
15.6 -0.192793
15.61 -0.190934
15.62 -0.189072
15.63 -0.187204
15.64 -0.185325
15.65 -0.183433
15.66 -0.181524
15.67 -0.179594
15.68 -0.17764
15.69 -0.175659
15.7 -0.173647
15.71 -0.171602
15.72 -0.169519
15.73 -0.167396
15.74 -0.16523
15.75 -0.163017
15.76 -0.160754
15.77 -0.158438
15.78 -0.156066
15.79 -0.153635
15.8 -0.151142
15.81 -0.148586
15.82 -0.145962
15.83 -0.143271
15.84 -0.140511
15.85 -0.137681
15.86 -0.13478
15.87 -0.131809
15.88 -0.128768
15.89 -0.125657
15.9 -0.122477
15.91 -0.119229
15.92 -0.115914
15.93 -0.112534
15.94 -0.10909
15.95 -0.105583
15.96 -0.102016
15.97 -0.0983901
15.98 -0.094709
15.99 -0.0909757
16 -0.087194
16.01 -0.0833684
16.02 -0.0795043
16.03 -0.0756077
16.04 -0.0716858
16.05 -0.0677467
16.06 -0.0637973
16.07 -0.0598424
16.08 -0.0558859
16.09 -0.0519328
16.1 -0.0479878
16.11 -0.0440555
16.12 -0.0401406
16.13 -0.0362477
16.14 -0.0323817
16.15 -0.0285473
16.16 -0.0247497
16.17 -0.0209939
16.18 -0.017285
16.19 -0.0136283
16.2 -0.0100288
16.21 -0.00649163
16.22 -0.00302142
16.23 0.000377626
16.24 0.00370193
16.25 0.00694873
16.26 0.0101161
16.27 0.0132028
16.28 0.0162082
16.29 0.0191318
16.3 0.0219735
16.31 0.0247331
16.32 0.0274107
16.33 0.0300067
16.34 0.0325214
16.35 0.0349552
16.36 0.0373088
16.37 0.0395827
16.38 0.0417774
16.39 0.0438937
16.4 0.0459324
16.41 0.0478944
16.42 0.0497806
16.43 0.0515916
16.44 0.0533282
16.45 0.0549909
16.46 0.0565804
16.47 0.0580973
16.48 0.0595422
16.49 0.0609155
16.5 0.0622178
16.51 0.0634495
16.52 0.0646112
16.53 0.0657032
16.54 0.0667261
16.55 0.0676805
16.56 0.0685667
16.57 0.069385
16.58 0.0701357
16.59 0.0708187
16.6 0.071434
16.61 0.0719811
16.62 0.0724593
16.63 0.0728678
16.64 0.0732052
16.65 0.0734698
16.66 0.0736595
16.67 0.073772
16.68 0.0738044
16.69 0.0737536
16.7 0.0736162
16.71 0.0733889
16.72 0.0730688
16.73 0.0726537
16.74 0.0721417
16.75 0.0715319
16.76 0.0708236
16.77 0.0700166
16.78 0.0691108
16.79 0.0681067
16.8 0.0670051
16.81 0.0658069
16.82 0.0645135
16.83 0.0631263
16.84 0.0616469
16.85 0.0600771
16.86 0.0584189
16.87 0.0566741
16.88 0.0548444
16.89 0.0529317
16.9 0.0509375
16.91 0.0488633
16.92 0.0467107
16.93 0.0444814
16.94 0.042177
16.95 0.0397995
16.96 0.037351
16.97 0.0348338
16.98 0.0322502
16.99 0.0296029
17 0.0268945
17.01 0.0241279
17.02 0.0213061
17.03 0.0184318
17.04 0.0155081
17.05 0.0125379
17.06 0.00952398
17.07 0.00646946
17.08 0.00337747
17.09 0.000251185
17.1 -0.00290626
17.11 -0.00609172
17.12 -0.00930204
17.13 -0.012534
17.14 -0.0157845
17.15 -0.0190501
17.16 -0.0223276
17.17 -0.0256138
17.18 -0.0289055
17.19 -0.0321994
17.2 -0.0354923
17.21 -0.0387807
17.22 -0.0420615
17.23 -0.0453313
17.24 -0.0485869
17.25 -0.0518251
17.26 -0.0550429
17.27 -0.0582374
17.28 -0.0614059
17.29 -0.0645457
17.3 -0.0676543
17.31 -0.0707292
17.32 -0.0737679
17.33 -0.0767682
17.34 -0.0797277
17.35 -0.0826445
17.36 -0.0855167
17.37 -0.0883431
17.38 -0.0911227
17.39 -0.0938551
17.4 -0.0965404
17.41 -0.0991792
17.42 -0.101773
17.43 -0.104322
17.44 -0.106828
17.45 -0.109293
17.46 -0.111716
17.47 -0.114098
17.48 -0.116437
17.49 -0.118735
17.5 -0.120989
17.51 -0.123198
17.52 -0.125363
17.53 -0.127482
17.54 -0.129555
17.55 -0.131582
17.56 -0.133561
17.57 -0.135493
17.58 -0.137375
17.59 -0.139208
17.6 -0.140989
17.61 -0.142716
17.62 -0.144387
17.63 -0.146001
17.64 -0.147553
17.65 -0.149042
17.66 -0.150467
17.67 -0.151826
17.68 -0.153116
17.69 -0.154335
17.7 -0.155479
17.71 -0.156548
17.72 -0.157538
17.73 -0.158449
17.74 -0.159279
17.75 -0.160027
17.76 -0.160691
17.77 -0.161269
17.78 -0.161761
17.79 -0.162162
17.8 -0.16247
17.81 -0.162682
17.82 -0.162795
17.83 -0.162804
17.84 -0.162708
17.85 -0.162503
17.86 -0.162187
17.87 -0.161756
17.88 -0.161208
17.89 -0.160542
17.9 -0.159756
17.91 -0.158851
17.92 -0.157825
17.93 -0.156681
17.94 -0.155418
17.95 -0.154037
17.96 -0.152541
17.97 -0.150931
17.98 -0.149209
17.99 -0.147378
18 -0.145439
18.01 -0.143396
18.02 -0.141251
18.03 -0.139006
18.04 -0.136666
18.05 -0.134232
18.06 -0.131707
18.07 -0.129095
18.08 -0.126399
18.09 -0.123621
18.1 -0.120766
18.11 -0.117836
18.12 -0.114834
18.13 -0.111766
18.14 -0.108633
18.15 -0.10544
18.16 -0.10219
18.17 -0.0988851
18.18 -0.0955295
18.19 -0.0921258
18.2 -0.0886768
18.21 -0.0851852
18.22 -0.0816536
18.23 -0.078085
18.24 -0.0744823
18.25 -0.0708483
18.26 -0.0671865
18.27 -0.0634999
18.28 -0.0597918
18.29 -0.0560654
18.3 -0.0523239
18.31 -0.0485703
18.32 -0.0448077
18.33 -0.0410391
18.34 -0.0372675
18.35 -0.0334961
18.36 -0.029728
18.37 -0.0259668
18.38 -0.0222159
18.39 -0.0184786
18.4 -0.0147586
18.41 -0.0110588
18.42 -0.00738251
18.43 -0.00373242
18.44 -0.000111066
18.45 0.00347932
18.46 0.0070368
18.47 0.0105597
18.48 0.0140464
18.49 0.0174956
18.5 0.0209059
18.51 0.0242758
18.52 0.0276036
18.53 0.0308876
18.54 0.0341256
18.55 0.0373157
18.56 0.0404555
18.57 0.0435425
18.58 0.0465742
18.59 0.0495483
18.6 0.0524623
18.61 0.055314
18.62 0.0581012
18.63 0.0608232
18.64 0.063481
18.65 0.0660761
18.66 0.0686091
18.67 0.0710807
18.68 0.0734909
18.69 0.075839
18.7 0.0781235
18.71 0.0803421
18.72 0.0824917
18.73 0.0845682
18.74 0.0865673
18.75 0.0884848
18.76 0.0903164
18.77 0.092058
18.78 0.0937054
18.79 0.0952546
18.8 0.0967015
18.81 0.0980418
18.82 0.0992713
18.83 0.100386
18.84 0.101381
18.85 0.102251
18.86 0.102994
18.87 0.103603
18.88 0.104075
18.89 0.104405
18.9 0.10459
18.91 0.104625
18.92 0.104508
18.93 0.104236
18.94 0.103808
18.95 0.103223
18.96 0.102481
18.97 0.101581
18.98 0.100522
18.99 0.0993052
19 0.0979284
19.01 0.0963915
19.02 0.0946935
19.03 0.0928333
19.04 0.09081
19.05 0.0886231
19.06 0.0862722
19.07 0.0837578
19.08 0.0810808
19.09 0.0782425
19.1 0.0752447
19.11 0.0720896
19.12 0.068779
19.13 0.0653151
19.14 0.0616997
19.15 0.0579348
19.16 0.0540228
19.17 0.0499667
19.18 0.04577
19.19 0.0414374
19.2 0.0369746
19.21 0.0323879
19.22 0.0276846
19.23 0.0228725
19.24 0.0179598
19.25 0.0129546
19.26 0.00786451
19.27 0.00269664
19.28 -0.00254257
19.29 -0.00784686
19.3 -0.0132098
19.31 -0.0186247
19.32 -0.0240845
19.33 -0.0295817
19.34 -0.0351084
19.35 -0.0406562
19.36 -0.0462163
19.37 -0.0517795
19.38 -0.0573366
19.39 -0.0628784
19.4 -0.068396
19.41 -0.0738805
19.42 -0.0793229
19.43 -0.0847143
19.44 -0.0900461
19.45 -0.0953094
19.46 -0.100496
19.47 -0.105597
19.48 -0.110604
19.49 -0.11551
19.5 -0.120308
19.51 -0.124994
19.52 -0.129568
19.53 -0.134026
19.54 -0.138368
19.55 -0.142591
19.56 -0.146697
19.57 -0.150683
19.58 -0.15455
19.59 -0.158298
19.6 -0.161927
19.61 -0.165437
19.62 -0.168829
19.63 -0.172104
19.64 -0.175261
19.65 -0.178302
19.66 -0.181227
19.67 -0.184036
19.68 -0.186731
19.69 -0.189313
19.7 -0.191781
19.71 -0.194138
19.72 -0.196385
19.73 -0.198523
19.74 -0.200553
19.75 -0.202476
19.76 -0.204293
19.77 -0.206005
19.78 -0.207611
19.79 -0.209113
19.8 -0.210511
19.81 -0.211804
19.82 -0.212993
19.83 -0.214079
19.84 -0.215063
19.85 -0.215944
19.86 -0.216724
19.87 -0.217404
19.88 -0.217986
19.89 -0.218469
19.9 -0.218857
19.91 -0.219148
19.92 -0.219346
19.93 -0.219449
19.94 -0.219458
19.95 -0.219374
19.96 -0.219198
19.97 -0.218931
19.98 -0.218573
19.99 -0.218127
20 -0.217595
20.01 -0.216978
20.02 -0.216278
20.03 -0.215499
20.04 -0.214641
20.05 -0.213706
20.06 -0.212696
20.07 -0.21161
20.08 -0.210449
20.09 -0.209213
20.1 -0.207902
20.11 -0.206514
20.12 -0.205048
20.13 -0.203505
20.14 -0.201883
20.15 -0.200182
20.16 -0.198402
20.17 -0.196542
20.18 -0.194603
20.19 -0.192586
20.2 -0.190491
20.21 -0.188319
20.22 -0.186072
20.23 -0.183752
20.24 -0.18136
20.25 -0.178898
20.26 -0.176368
20.27 -0.173773
20.28 -0.171114
20.29 -0.168395
20.3 -0.165618
20.31 -0.162787
20.32 -0.159904
20.33 -0.156974
20.34 -0.154001
20.35 -0.150988
20.36 -0.147938
20.37 -0.144856
20.38 -0.141745
20.39 -0.138607
20.4 -0.135445
20.41 -0.132261
20.42 -0.129057
20.43 -0.125835
20.44 -0.122595
20.45 -0.119341
20.46 -0.116072
20.47 -0.11279
20.48 -0.109498
20.49 -0.106196
20.5 -0.102887
20.51 -0.0995707
20.52 -0.0962494
20.53 -0.0929242
20.54 -0.0895966
20.55 -0.0862677
20.56 -0.0829389
20.57 -0.0796118
20.58 -0.0762881
20.59 -0.0729701
20.6 -0.0696604
20.61 -0.0663623
20.62 -0.0630793
20.63 -0.0598152
20.64 -0.0565735
20.65 -0.0533582
20.66 -0.050173
20.67 -0.0470215
20.68 -0.0439074
20.69 -0.040834
20.7 -0.0378045
20.71 -0.0348221
20.72 -0.0318896
20.73 -0.0290098
20.74 -0.0261855
20.75 -0.0234193
20.76 -0.0207139
20.77 -0.0180717
20.78 -0.0154951
20.79 -0.0129861
20.8 -0.0105461
20.81 -0.00817648
20.82 -0.00587767
20.83 -0.00364987
20.84 -0.00149293
20.85 0.000593321
20.86 0.00260972
20.87 0.00455819
20.88 0.00644072
20.89 0.00825871
20.9 0.0100132
20.91 0.0117051
20.92 0.0133351
20.93 0.014904
20.94 0.0164125
20.95 0.0178612
20.96 0.0192506
20.97 0.0205808
20.98 0.0218518
20.99 0.0230631
21 0.0242139
21.01 0.0253029
21.02 0.0263285
21.03 0.0272887
21.04 0.0281812
21.05 0.0290037
21.06 0.0297539
21.07 0.0304296
21.08 0.0310287
21.09 0.0315489
21.1 0.031988
21.11 0.0323442
21.12 0.0326156
21.13 0.0328011
21.14 0.0328994
21.15 0.03291
21.16 0.032832
21.17 0.0326649
21.18 0.0324084
21.19 0.0320622
21.2 0.0316261
21.21 0.0311
21.22 0.0304838
21.23 0.0297777
21.24 0.0289819
21.25 0.0280968
21.26 0.0271231
21.27 0.0260619
21.28 0.0249144
21.29 0.0236821
21.3 0.022367
21.31 0.0209711
21.32 0.0194965
21.33 0.0179451
21.34 0.0163189
21.35 0.0146198
21.36 0.0128495
21.37 0.0110094
21.38 0.00910088
21.39 0.00712518
21.4 0.00508326
21.41 0.00297594
21.42 0.000803941
21.43 -0.00143199
21.44 -0.00373105
21.45 -0.0060923
21.46 -0.00851459
21.47 -0.0109965
21.48 -0.0135365
21.49 -0.0161329
21.5 -0.0187841
21.51 -0.0214882
21.52 -0.0242436
21.53 -0.0270482
21.54 -0.0299001
21.55 -0.0327973
21.56 -0.0357375
21.57 -0.0387188
21.58 -0.0417393
21.59 -0.0447971
21.6 -0.0478906
21.61 -0.0510181
21.62 -0.054178
21.63 -0.0573684
21.64 -0.060587
21.65 -0.0638313
21.66 -0.0670985
21.67 -0.0703852
21.68 -0.0736883
21.69 -0.077004
21.7 -0.0803288
21.71 -0.0836593
21.72 -0.0869919
21.73 -0.0903231
21.74 -0.0936491
21.75 -0.0969663
21.76 -0.10027
21.77 -0.103557
21.78 -0.106822
21.79 -0.110061
21.8 -0.113269
21.81 -0.116442
21.82 -0.119576
21.83 -0.122667
21.84 -0.125711
21.85 -0.128706
21.86 -0.131648
21.87 -0.134536
21.88 -0.137368
21.89 -0.14014
21.9 -0.142852
21.91 -0.145501
21.92 -0.148086
21.93 -0.150604
21.94 -0.153054
21.95 -0.155434
21.96 -0.15774
21.97 -0.159973
21.98 -0.162129
21.99 -0.164208
22 -0.16621
22.01 -0.168134
22.02 -0.16998
22.03 -0.171749
22.04 -0.173442
22.05 -0.175058
22.06 -0.176598
22.07 -0.178061
22.08 -0.179444
22.09 -0.180748
22.1 -0.181969
22.11 -0.183107
22.12 -0.184158
22.13 -0.185123
22.14 -0.185998
22.15 -0.186782
22.16 -0.187474
22.17 -0.188075
22.18 -0.188584
22.19 -0.189001
22.2 -0.189327
22.21 -0.189561
22.22 -0.189703
22.23 -0.189752
22.24 -0.189709
22.25 -0.189571
22.26 -0.18934
22.27 -0.189013
22.28 -0.188592
22.29 -0.188075
22.3 -0.187463
22.31 -0.186757
22.32 -0.185958
22.33 -0.185068
22.34 -0.184087
22.35 -0.183019
22.36 -0.181867
22.37 -0.180631
22.38 -0.179315
22.39 -0.177922
22.4 -0.176452
22.41 -0.174909
22.42 -0.173295
22.43 -0.171612
22.44 -0.169861
22.45 -0.168044
22.46 -0.166164
22.47 -0.164221
22.48 -0.162218
22.49 -0.160154
22.5 -0.158032
22.51 -0.155852
22.52 -0.153615
22.53 -0.151321
22.54 -0.14897
22.55 -0.146563
22.56 -0.1441
22.57 -0.141582
22.58 -0.139009
22.59 -0.136382
22.6 -0.1337
22.61 -0.130965
22.62 -0.128176
22.63 -0.125336
22.64 -0.122444
22.65 -0.119502
22.66 -0.116512
22.67 -0.113476
22.68 -0.110395
22.69 -0.107273
22.7 -0.104111
22.71 -0.100914
22.72 -0.0976823
22.73 -0.0944195
22.74 -0.0911276
22.75 -0.0878091
22.76 -0.0844665
22.77 -0.0811023
22.78 -0.0777191
22.79 -0.07432
22.8 -0.0709076
22.81 -0.067485
22.82 -0.0640551
22.83 -0.0606207
22.84 -0.0571851
22.85 -0.0537511
22.86 -0.050322
22.87 -0.0469009
22.88 -0.0434911
22.89 -0.0400959
22.9 -0.0367187
22.91 -0.0333634
22.92 -0.0300336
22.93 -0.0267335
22.94 -0.023467
22.95 -0.0202385
22.96 -0.0170524
22.97 -0.0139131
22.98 -0.0108251
22.99 -0.00779248
23 -0.00481899
23.01 -0.00190774
23.02 0.000938496
23.03 0.00371731
23.04 0.0064266
23.05 0.0090645
23.06 0.0116293
23.07 0.0141192
23.08 0.0165322
23.09 0.0188662
23.1 0.0211189
23.11 0.0232877
23.12 0.0253705
23.13 0.0273649
23.14 0.0292689
23.15 0.0310806
23.16 0.032799
23.17 0.0344247
23.18 0.0359582
23.19 0.0373999
23.2 0.0387502
23.21 0.0400096
23.22 0.0411784
23.23 0.0422571
23.24 0.0432461
23.25 0.0441456
23.26 0.0449561
23.27 0.0456779
23.28 0.0463115
23.29 0.0468572
23.3 0.0473159
23.31 0.0476883
23.32 0.047975
23.33 0.048177
23.34 0.0482948
23.35 0.0483291
23.36 0.0482805
23.37 0.0481494
23.38 0.0479361
23.39 0.047641
23.4 0.0472641
23.41 0.0468054
23.42 0.0462646
23.43 0.0456416
23.44 0.0449358
23.45 0.0441467
23.46 0.0432739
23.47 0.0423171
23.48 0.0412762
23.49 0.0401515
23.5 0.0389439
23.51 0.0376541
23.52 0.0362834
23.53 0.0348329
23.54 0.0333041
23.55 0.0316984
23.56 0.0300174
23.57 0.028263
23.58 0.026437
23.59 0.0245417
23.6 0.0225793
23.61 0.0205522
23.62 0.0184628
23.63 0.0163138
23.64 0.014108
23.65 0.0118483
23.66 0.00953791
23.67 0.00717977
23.68 0.00477687
23.69 0.00233211
23.7 -0.000151759
23.71 -0.00267208
23.72 -0.00522636
23.73 -0.00781224
23.74 -0.0104275
23.75 -0.0130703
23.76 -0.0157387
23.77 -0.0184314
23.78 -0.0211474
23.79 -0.0238861
23.8 -0.0266468
23.81 -0.0294294
23.82 -0.0322333
23.83 -0.035058
23.84 -0.0379029
23.85 -0.0407675
23.86 -0.0436508
23.87 -0.0465523
23.88 -0.049471
23.89 -0.0524062
23.9 -0.055357
23.91 -0.0583229
23.92 -0.0613034
23.93 -0.0642981
23.94 -0.0673066
23.95 -0.0703284
23.96 -0.0733626
23.97 -0.0764084
23.98 -0.0794643
23.99 -0.0825284
24 -0.0855983
24.01 -0.088671
24.02 -0.0917433
24.03 -0.0948116
24.04 -0.0978719
24.05 -0.100919
24.06 -0.103949
24.07 -0.106955
24.08 -0.109931
24.09 -0.112871
24.1 -0.115769
24.11 -0.11862
24.12 -0.121418
24.13 -0.124158
24.14 -0.126836
24.15 -0.129448
24.16 -0.131991
24.17 -0.134463
24.18 -0.136861
24.19 -0.139184
24.2 -0.141428
24.21 -0.143594
24.22 -0.145678
24.23 -0.14768
24.24 -0.149598
24.25 -0.151432
24.26 -0.15318
24.27 -0.154842
24.28 -0.156418
24.29 -0.157908
24.3 -0.159311
24.31 -0.16063
24.32 -0.161864
24.33 -0.163014
24.34 -0.16408
24.35 -0.165063
24.36 -0.165961
24.37 -0.166775
24.38 -0.167502
24.39 -0.168142
24.4 -0.168694
24.41 -0.169157
24.42 -0.169529
24.43 -0.16981
24.44 -0.17
24.45 -0.170099
24.46 -0.170106
24.47 -0.170021
24.48 -0.169845
24.49 -0.169577
24.5 -0.169218
24.51 -0.168768
24.52 -0.168228
24.53 -0.167596
24.54 -0.166875
24.55 -0.166066
24.56 -0.165168
24.57 -0.164183
24.58 -0.163114
24.59 -0.161961
24.6 -0.160727
24.61 -0.159414
24.62 -0.158023
24.63 -0.156558
24.64 -0.155019
24.65 -0.15341
24.66 -0.151732
24.67 -0.149988
24.68 -0.148177
24.69 -0.146304
24.7 -0.144367
24.71 -0.14237
24.72 -0.140312
24.73 -0.138196
24.74 -0.136022
24.75 -0.133793
24.76 -0.131508
24.77 -0.12917
24.78 -0.12678
24.79 -0.12434
24.8 -0.121851
24.81 -0.119315
24.82 -0.116735
24.83 -0.114113
24.84 -0.111452
24.85 -0.108755
24.86 -0.106024
24.87 -0.103263
24.88 -0.100476
24.89 -0.0976643
24.9 -0.0948333
24.91 -0.0919864
24.92 -0.089128
24.93 -0.0862621
24.94 -0.0833933
24.95 -0.0805259
24.96 -0.0776643
24.97 -0.074813
24.98 -0.0719764
24.99 -0.0691588
25 -0.0663642
