0.01 3.06025e-09
0.02 1.43798e-08
0.03 3.40617e-08
0.04 5.78145e-08
0.05 8.11349e-08
0.06 9.97587e-08
0.07 1.10073e-07
0.08 1.09432e-07
0.09 9.63609e-08
0.1 7.06578e-08
0.11 3.33917e-08
0.12 -1.32382e-08
0.13 -6.61824e-08
0.14 -1.21914e-07
0.15 -1.76793e-07
0.16 -2.27357e-07
0.17 -2.70606e-07
0.18 -3.04259e-07
0.19 -3.2694e-07
0.2 -3.38274e-07
0.21 -3.38877e-07
0.22 -3.30274e-07
0.23 -3.14724e-07
0.24 -2.95008e-07
0.25 -2.74178e-07
0.26 -2.55317e-07
0.27 -2.41294e-07
0.28 -2.34341e-07
0.29 -2.35649e-07
0.3 -2.4517e-07
0.31 -2.61601e-07
0.32 -2.82514e-07
0.33 -3.04422e-07
0.34 -3.2304e-07
0.35 -3.33976e-07
0.36 -3.33357e-07
0.37 -3.18297e-07
0.38 -2.87702e-07
0.39 -2.4306e-07
0.4 -1.88789e-07
0.41 -1.32057e-07
0.42 -8.15818e-08
0.43 -4.61846e-08
0.44 -3.40388e-08
0.45 -5.17696e-08
0.46 -1.03438e-07
0.47 -1.89827e-07
0.48 -3.07904e-07
0.49 -4.51018e-07
0.5 -6.09525e-07
0.51 -7.72004e-07
0.52 -9.26708e-07
0.53 -1.06222e-06
0.54 -1.16879e-06
0.55 -1.2396e-06
0.56 -1.27088e-06
0.57 -1.26234e-06
0.58 -1.21748e-06
0.59 -1.14315e-06
0.6 -1.04869e-06
0.61 -9.44944e-07
0.62 -8.43184e-07
0.63 -7.54076e-07
0.64 -6.86739e-07
0.65 -6.48029e-07
0.66 -6.4206e-07
0.67 -6.69984e-07
0.68 -7.30016e-07
0.69 -8.17642e-07
0.7 -9.25965e-07
0.71 -1.04611e-06
0.72 -1.16763e-06
0.73 -1.27897e-06
0.74 -1.3679e-06
0.75 -1.42214e-06
0.76 -1.43022e-06
0.77 -1.3828e-06
0.78 -1.27468e-06
0.79 -1.10724e-06
0.8 -8.89681e-07
0.81 -6.38301e-07
0.82 -3.74473e-07
0.83 -1.21683e-07
0.84 9.65142e-08
0.85 2.57306e-07
0.86 3.41429e-07
0.87 3.3857e-07
0.88 2.51724e-07
0.89 9.71432e-08
0.9 -9.96332e-08
0.91 -3.08277e-07
0.92 -4.97799e-07
0.93 -6.41461e-07
0.94 -7.21795e-07
0.95 -7.33161e-07
0.96 -6.82631e-07
0.97 -5.88167e-07
0.98 -4.71972e-07
0.99 -3.53254e-07
1 -2.44694e-07
1.01 -1.52097e-07
1.02 -7.3886e-08
1.03 -2.46325e-09
1.04 7.25362e-08
1.05 1.61066e-07
1.06 2.6857e-07
1.07 3.94039e-07
1.08 5.31651e-07
1.09 6.74136e-07
1.1 8.14304e-07
1.11 9.44389e-07
1.12 1.05794e-06
1.13 1.15212e-06
1.14 1.22728e-06
1.15 1.28556e-06
1.16 1.32884e-06
1.17 1.35615e-06
1.18 1.36154e-06
1.19 1.33656e-06
1.2 1.27428e-06
1.21 1.1685e-06
1.22 1.0129e-06
1.23 8.04417e-07
1.24 5.48734e-07
1.25 2.66928e-07
1.26 -2.39475e-09
1.27 -2.11987e-07
1.28 -3.19755e-07
1.29 -2.95263e-07
1.3 -1.22967e-07
1.31 1.91993e-07
1.32 6.22517e-07
1.33 1.12532e-06
1.34 1.65064e-06
1.35 2.15045e-06
1.36 2.58338e-06
1.37 2.9182e-06
1.38 3.13606e-06
1.39 3.23062e-06
1.4 3.20633e-06
1.41 3.07471e-06
1.42 2.84936e-06
1.43 2.54043e-06
1.44 2.15013e-06
1.45 1.67059e-06
1.46 1.08626e-06
1.47 3.81887e-07
1.48 -4.49757e-07
1.49 -1.40617e-06
1.5 -2.47259e-06
1.51 -3.61924e-06
1.52 -4.80258e-06
1.53 -5.96301e-06
1.54 -7.02318e-06
1.55 -7.88855e-06
1.56 -8.45437e-06
1.57 -8.62477e-06
1.58 -8.32973e-06
1.59 -7.53709e-06
1.6 -6.2664e-06
1.61 -4.59177e-06
1.62 -2.63049e-06
1.63 -5.31275e-07
1.64 1.54075e-06
1.65 3.42109e-06
1.66 4.9589e-06
1.67 6.02937e-06
1.68 6.54658e-06
1.69 6.47619e-06
1.7 5.84065e-06
1.71 4.71529e-06
1.72 3.22024e-06
1.73 1.50976e-06
1.74 -2.39866e-07
1.75 -1.84414e-06
1.76 -3.13254e-06
1.77 -3.97091e-06
1.78 -4.26906e-06
1.79 -3.98282e-06
1.8 -3.11899e-06
1.81 -1.73785e-06
1.82 5.41131e-08
1.83 2.11387e-06
1.84 4.26667e-06
1.85 6.31834e-06
1.86 8.07858e-06
1.87 9.38802e-06
1.88 1.01383e-05
1.89 1.02815e-05
1.9 9.83288e-06
1.91 8.86765e-06
1.92 7.51195e-06
1.93 5.92736e-06
1.94 4.28175e-06
1.95 2.71759e-06
1.96 1.33827e-06
1.97 2.04376e-07
1.98 -6.66745e-07
1.99 -1.29035e-06
2 -1.69221e-06
2.01 -1.88845e-06
2.02 -1.88194e-06
2.03 -1.66549e-06
2.04 -1.22543e-06
2.05 -5.52476e-07
2.06 3.47703e-07
2.07 1.44595e-06
2.08 2.67792e-06
2.09 3.94013e-06
2.1 5.09904e-06
2.11 6.00712e-06
2.12 6.51507e-06
2.13 6.48121e-06
2.14 5.79536e-06
2.15 4.40001e-06
2.16 2.29699e-06
2.17 -4.48199e-07
2.18 -3.71297e-06
2.19 -7.33799e-06
2.2 -1.11502e-05
2.21 -1.49738e-05
2.22 -1.86373e-05
2.23 -2.19824e-05
2.24 -2.48746e-05
2.25 -2.72195e-05
2.26 -2.89658e-05
2.27 -3.00838e-05
2.28 -3.05614e-05
2.29 -3.04167e-05
2.3 -2.96987e-05
2.31 -2.84811e-05
2.32 -2.68483e-05
2.33 -2.48749e-05
2.34 -2.26137e-05
2.35 -2.00962e-05
2.36 -1.73381e-05
2.37 -1.43489e-05
2.38 -1.11403e-05
2.39 -7.72241e-06
2.4 -4.12054e-06
2.41 -4.13128e-07
2.42 3.26204e-06
2.43 6.73769e-06
2.44 9.85149e-06
2.45 1.2467e-05
2.46 1.44843e-05
2.47 1.58386e-05
2.48 1.65009e-05
2.49 1.64957e-05
2.5 1.59134e-05
2.51 1.49119e-05
2.52 1.37015e-05
2.53 1.25096e-05
2.54 1.15544e-05
2.55 1.10307e-05
2.56 1.10848e-05
2.57 1.17764e-05
2.58 1.30559e-05
2.59 1.47671e-05
2.6 1.66696e-05
2.61 1.84815e-05
2.62 1.99261e-05
2.63 2.0776e-05
2.64 2.08848e-05
2.65 2.01999e-05
2.66 1.87637e-05
2.67 1.67034e-05
2.68 1.42063e-05
2.69 1.14858e-05
2.7 8.75665e-06
2.71 6.22496e-06
2.72 4.06961e-06
2.73 2.42836e-06
2.74 1.40312e-06
2.75 1.05634e-06
2.76 1.39195e-06
2.77 2.35234e-06
2.78 3.84909e-06
2.79 5.78458e-06
2.8 8.05643e-06
2.81 1.05622e-05
2.82 1.3179e-05
2.83 1.5747e-05
2.84 1.80792e-05
2.85 1.99797e-05
2.86 2.12667e-05
2.87 2.17831e-05
2.88 2.13957e-05
2.89 2.00148e-05
2.9 1.76246e-05
2.91 1.429e-05
2.92 1.01476e-05
2.93 5.39666e-06
2.94 2.91792e-07
2.95 -4.8786e-06
2.96 -9.81205e-06
2.97 -1.41941e-05
2.98 -1.77161e-05
2.99 -2.01168e-05
3 -2.12172e-05
3.01 -2.09446e-05
3.02 -1.93577e-05
3.03 -1.66534e-05
3.04 -1.31509e-05
3.05 -9.26509e-06
3.06 -5.47155e-06
3.07 -2.26385e-06
3.08 -1.02736e-07
3.09 6.42576e-07
3.1 -2.42656e-07
3.11 -2.77611e-06
3.12 -6.76507e-06
3.13 -1.18169e-05
3.14 -1.73946e-05
3.15 -2.29002e-05
3.16 -2.77417e-05
3.17 -3.13871e-05
3.18 -3.34165e-05
3.19 -3.35732e-05
3.2 -3.18061e-05
3.21 -2.82555e-05
3.22 -2.31984e-05
3.23 -1.70089e-05
3.24 -1.01181e-05
3.25 -2.97917e-06
3.26 3.96326e-06
3.27 1.03329e-05
3.28 1.58696e-05
3.29 2.04172e-05
3.3 2.3905e-05
3.31 2.637e-05
3.32 2.79507e-05
3.33 2.88242e-05
3.34 2.91455e-05
3.35 2.9007e-05
3.36 2.84188e-05
3.37 2.73177e-05
3.38 2.55892e-05
3.39 2.30844e-05
3.4 1.96438e-05
3.41 1.51313e-05
3.42 9.47606e-06
3.43 2.71409e-06
3.44 -5.00132e-06
3.45 -1.34121e-05
3.46 -2.21708e-05
3.47 -3.08364e-05
3.48 -3.88741e-05
3.49 -4.56899e-05
3.5 -5.06948e-05
3.51 -5.3375e-05
3.52 -5.33457e-05
3.53 -5.03999e-05
3.54 -4.45542e-05
3.55 -3.60899e-05
3.56 -2.5575e-05
3.57 -1.38091e-05
3.58 -1.69859e-06
3.59 9.84203e-06
3.6 1.9941e-05
3.61 2.78301e-05
3.62 3.2923e-05
3.63 3.48671e-05
3.64 3.35639e-05
3.65 2.9175e-05
3.66 2.20959e-05
3.67 1.28989e-05
3.68 2.27294e-06
3.69 -9.02221e-06
3.7 -2.01835e-05
3.71 -3.04252e-05
3.72 -3.90724e-05
3.73 -4.55992e-05
3.74 -4.96457e-05
3.75 -5.10625e-05
3.76 -4.99264e-05
3.77 -4.65181e-05
3.78 -4.12874e-05
3.79 -3.48131e-05
3.8 -2.7736e-05
3.81 -2.06737e-05
3.82 -1.41723e-05
3.83 -8.68388e-06
3.84 -4.52451e-06
3.85 -1.85768e-06
3.86 -7.30869e-07
3.87 -1.11733e-06
3.88 -2.94482e-06
3.89 -6.11757e-06
3.9 -1.05251e-05
3.91 -1.60542e-05
3.92 -2.25979e-05
3.93 -3.00342e-05
3.94 -3.81938e-05
3.95 -4.6853e-05
3.96 -5.57358e-05
3.97 -6.45022e-05
3.98 -7.27265e-05
3.99 -7.99048e-05
4 -8.55055e-05
4.01 -8.90248e-05
4.02 -9.00434e-05
4.03 -8.82782e-05
4.04 -8.36033e-05
4.05 -7.60599e-05
4.06 -6.58524e-05
4.07 -5.33087e-05
4.08 -3.88311e-05
4.09 -2.28728e-05
4.1 -5.92776e-06
4.11 1.14611e-05
4.12 2.86574e-05
4.13 4.49149e-05
4.14 5.9413e-05
4.15 7.1285e-05
4.16 7.96434e-05
4.17 8.36494e-05
4.18 8.26421e-05
4.19 7.62471e-05
4.2 6.44255e-05
4.21 4.75247e-05
4.22 2.6312e-05
4.23 1.98106e-06
4.24 -2.39013e-05
4.25 -4.95752e-05
4.26 -7.32974e-05
4.27 -9.34783e-05
4.28 -0.000108799
4.29 -0.000118313
4.3 -0.000121502
4.31 -0.000118331
4.32 -0.000109258
4.33 -9.51866e-05
4.34 -7.7347e-05
4.35 -5.71453e-05
4.36 -3.60309e-05
4.37 -1.5374e-05
4.38 3.6324e-06
4.39 2.00441e-05
4.4 3.32379e-05
4.41 4.2962e-05
4.42 4.93324e-05
4.43 5.2777e-05
4.44 5.39632e-05
4.45 5.36904e-05
4.46 5.27374e-05
4.47 5.17379e-05
4.48 5.11272e-05
4.49 5.11562e-05
4.5 5.19475e-05
4.51 5.35137e-05
4.52 5.57172e-05
4.53 5.82498e-05
4.54 6.06776e-05
4.55 6.24997e-05
4.56 6.32113e-05
4.57 6.23582e-05
4.58 5.95786e-05
4.59 5.4653e-05
4.6 4.75328e-05
4.61 3.83755e-05
4.62 2.75739e-05
4.63 1.5717e-05
4.64 3.52568e-06
4.65 -8.20172e-06
4.66 -1.86483e-05
4.67 -2.70167e-05
4.68 -3.25781e-05
4.69 -3.47719e-05
4.7 -3.33049e-05
4.71 -2.82346e-05
4.72 -1.99826e-05
4.73 -9.26657e-06
4.74 2.95769e-06
4.75 1.55342e-05
4.76 2.72187e-05
4.77 3.6842e-05
4.78 4.34323e-05
4.79 4.63259e-05
4.8 4.52213e-05
4.81 4.01436e-05
4.82 3.14424e-05
4.83 1.98102e-05
4.84 6.19435e-06
4.85 -8.34848e-06
4.86 -2.27391e-05
4.87 -3.59078e-05
4.88 -4.68738e-05
4.89 -5.48792e-05
4.9 -5.94532e-05
4.91 -6.04144e-05
4.92 -5.78731e-05
4.93 -5.22229e-05
4.94 -4.4121e-05
4.95 -3.4427e-05
4.96 -2.40981e-05
4.97 -1.40787e-05
4.98 -5.19852e-06
4.99 1.90346e-06
5 6.81988e-06
5.01 9.36814e-06
5.02 9.53943e-06
5.03 7.44751e-06
5.04 3.30092e-06
5.05 -2.61697e-06
5.06 -9.9899e-06
5.07 -1.85182e-05
5.08 -2.79025e-05
5.09 -3.78198e-05
5.1 -4.79628e-05
5.11 -5.80574e-05
5.12 -6.78175e-05
5.13 -7.69351e-05
5.14 -8.50943e-05
5.15 -9.19539e-05
5.16 -9.71248e-05
5.17 -0.000100171
5.18 -0.000100684
5.19 -9.83689e-05
5.2 -9.30744e-05
5.21 -8.48037e-05
5.22 -7.37615e-05
5.23 -6.0397e-05
5.24 -4.53938e-05
5.25 -2.95815e-05
5.26 -1.37998e-05
5.27 1.20775e-06
5.28 1.48385e-05
5.29 2.66373e-05
5.3 3.63072e-05
5.31 4.37294e-05
5.32 4.89296e-05
5.33 5.19886e-05
5.34 5.29851e-05
5.35 5.19966e-05
5.36 4.90697e-05
5.37 4.41623e-05
5.38 3.71787e-05
5.39 2.80856e-05
5.4 1.69982e-05
5.41 4.20124e-06
5.42 -9.84691e-06
5.43 -2.44972e-05
5.44 -3.89244e-05
5.45 -5.21906e-05
5.46 -6.33431e-05
5.47 -7.15473e-05
5.48 -7.62138e-05
5.49 -7.70627e-05
5.5 -7.41059e-05
5.51 -6.76177e-05
5.52 -5.81438e-05
5.53 -4.6488e-05
5.54 -3.36254e-05
5.55 -2.05735e-05
5.56 -8.30461e-06
5.57 2.27644e-06
5.58 1.03638e-05
5.59 1.53433e-05
5.6 1.68932e-05
5.61 1.50459e-05
5.62 1.0188e-05
5.63 3.00138e-06
5.64 -5.59723e-06
5.65 -1.45716e-05
5.66 -2.28911e-05
5.67 -2.95902e-05
5.68 -3.38359e-05
5.69 -3.49856e-05
5.7 -3.2634e-05
5.71 -2.66417e-05
5.72 -1.71296e-05
5.73 -4.50005e-06
5.74 1.05757e-05
5.75 2.72401e-05
5.76 4.45051e-05
5.77 6.12942e-05
5.78 7.65085e-05
5.79 8.90914e-05
5.8 9.80947e-05
5.81 0.000102749
5.82 0.000102506
5.83 9.70661e-05
5.84 8.64182e-05
5.85 7.08909e-05
5.86 5.11555e-05
5.87 2.81804e-05
5.88 3.16441e-06
5.89 -2.25467e-05
5.9 -4.75557e-05
5.91 -7.04888e-05
5.92 -9.00883e-05
5.93 -0.00010533
5.94 -0.0001155
5.95 -0.000120221
5.96 -0.000119414
5.97 -0.000113239
5.98 -0.00010208
5.99 -8.65564e-05
6 -6.74751e-05
6.01 -4.58003e-05
6.02 -2.26435e-05
6.03 8.0787e-07
6.04 2.34038e-05
6.05 4.4117e-05
6.06 6.20831e-05
6.07 7.66003e-05
6.08 8.71387e-05
6.09 9.33896e-05
6.1 9.5333e-05
6.11 9.3246e-05
6.12 8.76459e-05
6.13 7.92424e-05
6.14 6.89222e-05
6.15 5.77291e-05
6.16 4.6802e-05
6.17 3.73309e-05
6.18 3.05234e-05
6.19 2.74919e-05
6.2 2.90715e-05
6.21 3.56917e-05
6.22 4.73636e-05
6.23 6.36865e-05
6.24 8.38277e-05
6.25 0.000106582
6.26 0.000130525
6.27 0.000154149
6.28 0.000176014
6.29 0.000194916
6.3 0.00021001
6.31 0.000220875
6.32 0.000227569
6.33 0.000230604
6.34 0.000230854
6.35 0.000229456
6.36 0.000227628
6.37 0.000226412
6.38 0.000226463
6.39 0.000228007
6.4 0.000230897
6.41 0.000234691
6.42 0.000238805
6.43 0.000242677
6.44 0.000245866
6.45 0.000248193
6.46 0.000249823
6.47 0.000251178
6.48 0.000252751
6.49 0.000254944
6.5 0.000257906
6.51 0.000261362
6.52 0.00026459
6.53 0.000266527
6.54 0.000265865
6.55 0.000261134
6.56 0.000250874
6.57 0.000233897
6.58 0.000209492
6.59 0.00017764
6.6 0.000139173
6.61 9.57888e-05
6.62 4.99229e-05
6.63 4.52246e-06
6.64 -3.72799e-05
6.65 -7.2587e-05
6.66 -9.91465e-05
6.67 -0.000115622
6.68 -0.000121703
6.69 -0.000118095
6.7 -0.000106423
6.71 -8.90237e-05
6.72 -6.8675e-05
6.73 -4.83296e-05
6.74 -3.08047e-05
6.75 -1.84494e-05
6.76 -1.28961e-05
6.77 -1.49346e-05
6.78 -2.44623e-05
6.79 -4.05098e-05
6.8 -6.13804e-05
6.81 -8.49031e-05
6.82 -0.000108735
6.83 -0.000130639
6.84 -0.000148716
6.85 -0.000161604
6.86 -0.000168612
6.87 -0.000169765
6.88 -0.000165753
6.89 -0.00015776
6.9 -0.000147247
6.91 -0.000135705
6.92 -0.000124439
6.93 -0.000114414
6.94 -0.000106135
6.95 -9.96378e-05
6.96 -9.45931e-05
6.97 -9.04746e-05
6.98 -8.67929e-05
6.99 -8.32714e-05
7 -7.99178e-05
7.01 -7.70713e-05
7.02 -7.53322e-05
7.03 -7.53459e-05
7.04 -7.75864e-05
7.05 -8.21856e-05
7.06 -8.87835e-05
7.07 -9.64797e-05
7.08 -0.000103928
7.09 -0.000109507
7.1 -0.000111547
7.11 -0.000108586
7.12 -9.96215e-05
7.13 -8.44088e-05
7.14 -6.36533e-05
7.15 -3.89847e-05
7.16 -1.27603e-05
7.17 1.22383e-05
7.18 3.31662e-05
7.19 4.7496e-05
7.2 5.33442e-05
7.21 4.97361e-05
7.22 3.68029e-05
7.23 1.58362e-05
7.24 -1.08404e-05
7.25 -4.01346e-05
7.26 -6.8547e-05
7.27 -9.26426e-05
7.28 -0.000109525
7.29 -0.000117211
7.3 -0.000114876
7.31 -0.000102954
7.32 -8.30939e-05
7.33 -5.7913e-05
7.34 -3.05834e-05
7.35 -4.39196e-06
7.36 1.76951e-05
7.37 3.34341e-05
7.38 4.15765e-05
7.39 4.19792e-05
7.4 3.55487e-05
7.41 2.40446e-05
7.42 9.78208e-06
7.43 -4.76768e-06
7.44 -1.73878e-05
7.45 -2.63949e-05
7.46 -3.08187e-05
7.47 -3.05096e-05
7.48 -2.61258e-05
7.49 -1.90482e-05
7.5 -1.1225e-05
7.51 -4.91832e-06
7.52 -2.38904e-06
7.53 -5.55884e-06
7.54 -1.57248e-05
7.55 -3.33921e-05
7.56 -5.82753e-05
7.57 -8.94124e-05
7.58 -0.000125279
7.59 -0.000163946
7.6 -0.000203294
7.61 -0.000241165
7.62 -0.000275398
7.63 -0.000303873
7.64 -0.000324631
7.65 -0.00033608
7.66 -0.000337101
7.67 -0.000327032
7.68 -0.000305701
7.69 -0.000273461
7.7 -0.000231186
7.71 -0.000180311
7.72 -0.000123
7.73 -6.22057e-05
7.74 -1.50414e-06
7.75 5.51667e-05
7.76 0.0001039
7.77 0.000141293
7.78 0.000164826
7.79 0.000173088
7.8 0.000165868
7.81 0.000144173
7.82 0.000110152
7.83 6.68527e-05
7.84 1.79002e-05
7.85 -3.28048e-05
7.86 -8.13986e-05
7.87 -0.0001244
7.88 -0.000158967
7.89 -0.000183045
7.9 -0.00019547
7.91 -0.000196035
7.92 -0.00018544
7.93 -0.000165158
7.94 -0.00013727
7.95 -0.00010428
7.96 -6.89e-05
7.97 -3.38018e-05
7.98 -1.38188e-06
7.99 2.64193e-05
8 4.81789e-05
8.01 6.30114e-05
8.02 7.06086e-05
8.03 7.12203e-05
8.04 6.55484e-05
8.05 5.46065e-05
8.06 3.95907e-05
8.07 2.17975e-05
8.08 2.58392e-06
8.09 -1.66629e-05
8.1 -3.45488e-05
8.11 -4.96645e-05
8.12 -6.05743e-05
8.13 -6.59178e-05
8.14 -6.45869e-05
8.15 -5.58483e-05
8.16 -3.94242e-05
8.17 -1.55718e-05
8.18 1.48692e-05
8.19 5.04794e-05
8.2 8.93582e-05
8.21 0.000129255
8.22 0.000167706
8.23 0.000202287
8.24 0.000230888
8.25 0.000251866
8.26 0.000264135
8.27 0.000267244
8.28 0.000261409
8.29 0.000247415
8.3 0.000226472
8.31 0.000199994
8.32 0.000169357
8.33 0.00013575
8.34 0.00010013
8.35 6.32429e-05
8.36 2.57141e-05
8.37 -1.17838e-05
8.38 -4.83918e-05
8.39 -8.29772e-05
8.4 -0.000114091
8.41 -0.000140089
8.42 -0.000159372
8.43 -0.000170602
8.44 -0.00017285
8.45 -0.000165674
8.46 -0.000149143
8.47 -0.000123843
8.48 -9.08653e-05
8.49 -5.17932e-05
8.5 -8.64424e-06
8.51 3.62639e-05
8.52 8.04095e-05
8.53 0.00012115
8.54 0.000155855
8.55 0.000182104
8.56 0.000197976
8.57 0.000202318
8.58 0.000194919
8.59 0.000176554
8.6 0.000148962
8.61 0.00011472
8.62 7.70792e-05
8.63 3.97373e-05
8.64 6.52174e-06
8.65 -1.89532e-05
8.66 -3.36168e-05
8.67 -3.52738e-05
8.68 -2.28635e-05
8.69 3.37859e-06
8.7 4.18957e-05
8.71 9.00004e-05
8.72 0.000144105
8.73 0.000199962
8.74 0.000253071
8.75 0.000299121
8.76 0.000334328
8.77 0.000355697
8.78 0.000361765
8.79 0.000352537
8.8 0.000328697
8.81 0.000291963
8.82 0.000244996
8.83 0.000191035
8.84 0.00013394
8.85 7.78888e-05
8.86 2.7e-05
8.87 -1.50848e-05
8.88 -4.55364e-05
8.89 -6.25057e-05
8.9 -6.521e-05
8.91 -5.39908e-05
8.92 -3.02951e-05
8.93 3.43933e-06
8.94 4.39479e-05
8.95 8.73818e-05
8.96 0.00012966
8.97 0.000166862
8.98 0.000195584
8.99 0.000213199
9 0.000217998
9.01 0.000209279
9.02 0.000187378
9.03 0.000153589
9.04 0.000110063
9.05 5.97193e-05
9.06 6.08074e-06
9.07 -4.69959e-05
9.08 -9.56611e-05
9.09 -0.000136445
9.1 -0.000166615
9.11 -0.000184487
9.12 -0.000189583
9.13 -0.000182622
9.14 -0.000165428
9.15 -0.000140706
9.16 -0.000111673
9.17 -8.16144e-05
9.18 -5.34596e-05
9.19 -2.9462e-05
9.2 -1.09727e-05
9.21 1.7263e-06
9.22 9.4373e-06
9.23 1.3875e-05
9.24 1.73298e-05
9.25 2.21969e-05
9.26 3.051e-05
9.27 4.36073e-05
9.28 6.19121e-05
9.29 8.48265e-05
9.3 0.000110871
9.31 0.000138064
9.32 0.000164256
9.33 0.000187353
9.34 0.000205535
9.35 0.000217457
9.36 0.000222366
9.37 0.000220147
9.38 0.00021133
9.39 0.000197021
9.4 0.000178695
9.41 0.000157964
9.42 0.000136359
9.43 0.000115115
9.44 9.49839e-05
9.45 7.61487e-05
9.46 5.83309e-05
9.47 4.09812e-05
9.48 2.34673e-05
9.49 5.31717e-06
9.5 -1.35904e-05
9.51 -3.2955e-05
9.52 -5.20562e-05
9.53 -6.98535e-05
9.54 -8.52069e-05
9.55 -9.71363e-05
9.56 -0.000105012
9.57 -0.000108702
9.58 -0.000108674
9.59 -0.000105987
9.6 -0.000102125
9.61 -9.87385e-05
9.62 -9.7376e-05
9.63 -9.92159e-05
9.64 -0.000104836
9.65 -0.000114104
9.66 -0.000126209
9.67 -0.000139765
9.68 -0.000152969
9.69 -0.000163828
9.7 -0.000170452
9.71 -0.000171368
9.72 -0.000165738
9.73 -0.000153476
9.74 -0.0001353
9.75 -0.000112732
9.76 -8.79394e-05
9.77 -6.3472e-05
9.78 -4.19779e-05
9.79 -2.59425e-05
9.8 -1.74673e-05
9.81 -1.80747e-05
9.82 -2.85454e-05
9.83 -4.884e-05
9.84 -7.81174e-05
9.85 -0.000114812
9.86 -0.000156723
9.87 -0.000201132
9.88 -0.000245015
9.89 -0.000285348
9.9 -0.000319373
9.91 -0.000344752
9.92 -0.000360655
9.93 -0.000367995
9.94 -0.000367418
9.95 -0.000358916
9.96 -0.000342895
9.97 -0.000320428
9.98 -0.000293254
9.99 -0.000263693
10 -0.000234416
10.01 -0.000208184
10.02 -0.00018762
10.03 -0.00017497
10.04 -0.0001718
10.05 -0.000178709
10.06 -0.000195183
10.07 -0.000219627
10.08 -0.000249542
10.09 -0.000281814
10.1 -0.000313037
10.11 -0.000339869
10.12 -0.000359462
10.13 -0.000369851
10.14 -0.000370198
10.15 -0.000360604
10.16 -0.000342184
10.17 -0.000317325
10.18 -0.000288913
10.19 -0.000259738
10.2 -0.000232412
10.21 -0.00020913
10.22 -0.000191538
10.23 -0.000180636
10.24 -0.000176692
10.25 -0.000179287
10.26 -0.000187452
10.27 -0.000199807
10.28 -0.00021469
10.29 -0.000230294
10.3 -0.000244835
10.31 -0.000256691
10.32 -0.000264466
10.33 -0.000267099
10.34 -0.000264004
10.35 -0.000255176
10.36 -0.000241158
10.37 -0.000222957
10.38 -0.000201953
10.39 -0.000179733
10.4 -0.000157911
10.41 -0.000137934
10.42 -0.000120879
10.43 -0.000107321
10.44 -9.72805e-05
10.45 -9.02282e-05
10.46 -8.51951e-05
10.47 -8.099e-05
10.48 -7.64312e-05
10.49 -7.05569e-05
10.5 -6.28299e-05
10.51 -5.32277e-05
10.52 -4.22092e-05
10.53 -3.06364e-05
10.54 -1.96268e-05
10.55 -1.03398e-05
10.56 -3.7984e-06
10.57 -7.87137e-07
10.58 -1.78047e-06
10.59 -6.87161e-06
10.6 -1.57501e-05
10.61 -2.77787e-05
10.62 -4.21017e-05
10.63 -5.77383e-05
10.64 -7.37099e-05
10.65 -8.91544e-05
10.66 -0.000103377
10.67 -0.000115888
10.68 -0.000126386
10.69 -0.000134692
10.7 -0.000140685
10.71 -0.000144268
10.72 -0.000145429
10.73 -0.000144267
10.74 -0.000140973
10.75 -0.00013586
10.76 -0.000129351
10.77 -0.000121911
10.78 -0.000113971
10.79 -0.000105901
10.8 -9.80061e-05
10.81 -9.05324e-05
10.82 -8.36218e-05
10.83 -7.72894e-05
10.84 -7.14633e-05
10.85 -6.60272e-05
10.86 -6.08852e-05
10.87 -5.60315e-05
10.88 -5.15336e-05
10.89 -4.74816e-05
10.9 -4.39794e-05
10.91 -4.11122e-05
10.92 -3.88521e-05
10.93 -3.69715e-05
10.94 -3.50016e-05
10.95 -3.22627e-05
10.96 -2.79506e-05
10.97 -2.12507e-05
10.98 -1.14712e-05
10.99 1.80581e-06
11 1.85873e-05
11.01 3.8441e-05
11.02 6.05375e-05
11.03 8.36948e-05
11.04 0.00010646
11.05 0.000127285
11.06 0.000144749
11.07 0.000157711
11.08 0.000165391
11.09 0.000167449
11.1 0.000164051
11.11 0.000155893
11.12 0.00014417
11.13 0.000130465
11.14 0.000116531
11.15 0.000104074
11.16 9.46603e-05
11.17 8.96512e-05
11.18 9.01379e-05
11.19 9.68719e-05
11.2 0.000110192
11.21 0.000129979
11.22 0.000155667
11.23 0.000186234
11.24 0.000220118
11.25 0.000255181
11.26 0.000288799
11.27 0.000318112
11.28 0.000341046
11.29 0.000356976
11.3 0.000365729
11.31 0.000366933
11.32 0.000360224
11.33 0.000345842
11.34 0.000325212
11.35 0.000300614
11.36 0.000274842
11.37 0.000251003
11.38 0.000232065
11.39 0.000220458
11.4 0.000217808
11.41 0.000224753
11.42 0.000240797
11.43 0.000264322
11.44 0.000292801
11.45 0.000323122
11.46 0.000351989
11.47 0.000376355
11.48 0.00039447
11.49 0.00040641
11.5 0.000412977
11.51 0.000415095
11.52 0.000413969
11.53 0.000411087
11.54 0.000408183
11.55 0.000406959
11.56 0.000408755
11.57 0.000414328
11.58 0.000423773
11.59 0.000437103
11.6 0.00045478
11.61 0.000477266
11.62 0.000504813
11.63 0.00053766
11.64 0.000576067
11.65 0.000620274
11.66 0.000670475
11.67 0.000726851
11.68 0.000789547
11.69 0.000858596
11.7 0.000933861
11.71 0.00101498
11.72 0.00110131
11.73 0.00119197
11.74 0.00128575
11.75 0.00138118
11.76 0.00147642
11.77 0.00156922
11.78 0.0016569
11.79 0.0017364
11.8 0.00180457
11.81 0.0018584
11.82 0.0018952
11.83 0.0019127
11.84 0.00190901
11.85 0.00188339
11.86 0.0018372
11.87 0.00177381
11.88 0.0016981
11.89 0.00161605
11.9 0.00153414
11.91 0.00145875
11.92 0.00139553
11.93 0.0013489
11.94 0.00132165
11.95 0.0013147
11.96 0.00132709
11.97 0.0013561
11.98 0.00139762
11.99 0.00144671
12 0.00149807
12.01 0.0015465
12.02 0.00158745
12.03 0.00161749
12.04 0.00163462
12.05 0.00163836
12.06 0.00162964
12.07 0.00161062
12.08 0.00158432
12.09 0.00155414
12.1 0.00152349
12.11 0.00149545
12.12 0.00147254
12.13 0.00145637
12.14 0.00144752
12.15 0.00144552
12.16 0.00144902
12.17 0.00145601
12.18 0.00146417
12.19 0.00147114
12.2 0.00147468
12.21 0.00147299
12.22 0.00146496
12.23 0.00145023
12.24 0.00142912
12.25 0.00140259
12.26 0.00137228
12.27 0.00134029
12.28 0.00130897
12.29 0.00128068
12.3 0.00125755
12.31 0.00124132
12.32 0.00123323
12.33 0.001234
12.34 0.00124371
12.35 0.00126181
12.36 0.00128713
12.37 0.00131808
12.38 0.00135286
12.39 0.0013895
12.4 0.00142607
12.41 0.0014608
12.42 0.0014921
12.43 0.00151862
12.44 0.00153943
12.45 0.00155415
12.46 0.00156295
12.47 0.00156656
12.48 0.00156642
12.49 0.00156469
12.5 0.00156404
12.51 0.00156743
12.52 0.00157776
12.53 0.0015975
12.54 0.00162829
12.55 0.00167057
12.56 0.00172348
12.57 0.0017849
12.58 0.00185171
12.59 0.00192021
12.6 0.00198838
12.61 0.00205763
12.62 0.00213064
12.63 0.00220956
12.64 0.00229613
12.65 0.0023918
12.66 0.00249772
12.67 0.00261462
12.68 0.00274281
12.69 0.0028821
12.7 0.00303183
12.71 0.00319101
12.72 0.00335845
12.73 0.0035328
12.74 0.00371266
12.75 0.0038966
12.76 0.00408331
12.77 0.00427156
12.78 0.00446027
12.79 0.00464842
12.8 0.00483511
12.81 0.00501942
12.82 0.00520035
12.83 0.00537685
12.84 0.00554781
12.85 0.00571217
12.86 0.005869
12.87 0.00601748
12.88 0.00615707
12.89 0.00628748
12.9 0.00640875
12.91 0.00652106
12.92 0.00662465
12.93 0.00671975
12.94 0.00680651
12.95 0.00688499
12.96 0.0069551
12.97 0.00701668
12.98 0.00706948
12.99 0.00711325
13 0.00714771
13.01 0.00717265
13.02 0.00718808
13.03 0.00719418
13.04 0.00719131
13.05 0.00718022
13.06 0.00716234
13.07 0.00713959
13.08 0.00711403
13.09 0.00708769
13.1 0.00706231
13.11 0.00703926
13.12 0.00701942
13.13 0.00700332
13.14 0.00699114
13.15 0.0069828
13.16 0.00697806
13.17 0.00697659
13.18 0.00697797
13.19 0.00698171
13.2 0.00698723
13.21 0.00699384
13.22 0.00700075
13.23 0.00700717
13.24 0.0070123
13.25 0.00701547
13.26 0.00701611
13.27 0.00701382
13.28 0.00700839
13.29 0.00699978
13.3 0.00698818
13.31 0.00697389
13.32 0.00695725
13.33 0.00693862
13.34 0.00691843
13.35 0.00689716
13.36 0.00687541
13.37 0.00685392
13.38 0.00683353
13.39 0.00681508
13.4 0.00679937
13.41 0.00678711
13.42 0.00677888
13.43 0.0067751
13.44 0.00677597
13.45 0.00678149
13.46 0.00679143
13.47 0.00680538
13.48 0.00682273
13.49 0.00684267
13.5 0.00686432
13.51 0.00688671
13.52 0.00690891
13.53 0.0069301
13.54 0.0069497
13.55 0.0069674
13.56 0.00698316
13.57 0.00699712
13.58 0.00700952
13.59 0.00702052
13.6 0.00703021
13.61 0.00703868
13.62 0.00704601
13.63 0.0070524
13.64 0.00705811
13.65 0.00706338
13.66 0.00706851
13.67 0.00707382
13.68 0.00707957
13.69 0.00708582
13.7 0.00709242
13.71 0.00709901
13.72 0.00710509
13.73 0.00711007
13.74 0.00711323
13.75 0.00711377
13.76 0.00711089
13.77 0.00710378
13.78 0.00709166
13.79 0.00707388
13.8 0.00704992
13.81 0.00701937
13.82 0.00698202
13.83 0.00693816
13.84 0.00688895
13.85 0.00683665
13.86 0.00678443
13.87 0.00673592
13.88 0.00669445
13.89 0.00666256
13.9 0.00664179
13.91 0.0066326
13.92 0.00663434
13.93 0.00664536
13.94 0.0066631
13.95 0.00668445
13.96 0.00670608
13.97 0.00672474
13.98 0.00673762
13.99 0.00674252
14 0.00673799
14.01 0.00672349
14.02 0.00669937
14.03 0.00666695
14.04 0.00662833
14.05 0.0065862
14.06 0.00654346
14.07 0.00650291
14.08 0.00646581
14.09 0.00643099
14.1 0.00639631
14.11 0.00635958
14.12 0.00631844
14.13 0.00627024
14.14 0.00621212
14.15 0.00614096
14.16 0.00605349
14.17 0.00594636
14.18 0.00581634
14.19 0.00566041
14.2 0.0054757
14.21 0.00525945
14.22 0.00500903
14.23 0.00472189
14.24 0.00439549
14.25 0.0040273
14.26 0.00361478
14.27 0.00315551
14.28 0.00264724
14.29 0.00208799
14.3 0.00147609
14.31 0.000810338
14.32 8.99809e-05
14.33 -0.000685256
14.34 -0.00151528
14.35 -0.00239982
14.36 -0.00333859
14.37 -0.00433146
14.38 -0.00537848
14.39 -0.00647986
14.4 -0.00763582
14.41 -0.00884656
14.42 -0.0101122
14.43 -0.0114328
14.44 -0.012808
14.45 -0.014237
14.46 -0.0157184
14.47 -0.0172504
14.48 -0.0188309
14.49 -0.0204575
14.5 -0.0221278
14.51 -0.0238392
14.52 -0.0255897
14.53 -0.0273768
14.54 -0.0291988
14.55 -0.0310537
14.56 -0.0329397
14.57 -0.0348551
14.58 -0.0367982
14.59 -0.0387674
14.6 -0.0407608
14.61 -0.0427765
14.62 -0.0448121
14.63 -0.0468645
14.64 -0.0489301
14.65 -0.0510046
14.66 -0.0530828
14.67 -0.0551591
14.68 -0.0572278
14.69 -0.0592832
14.7 -0.0613203
14.71 -0.0633346
14.72 -0.0653214
14.73 -0.0672756
14.74 -0.0691913
14.75 -0.0710618
14.76 -0.0728802
14.77 -0.0746396
14.78 -0.0763335
14.79 -0.0779558
14.8 -0.0795006
14.81 -0.0809622
14.82 -0.082335
14.83 -0.083614
14.84 -0.0847942
14.85 -0.0858711
14.86 -0.0868405
14.87 -0.0876984
14.88 -0.088441
14.89 -0.0890646
14.9 -0.0895657
14.91 -0.0899405
14.92 -0.0901859
14.93 -0.0902985
14.94 -0.0902753
14.95 -0.0901178
14.96 -0.0898385
14.97 -0.0894617
14.98 -0.0890057
14.99 -0.0884696
15 -0.0878487
15.01 -0.0871438
15.02 -0.0863571
15.03 -0.0854921
15.04 -0.0845533
15.05 -0.0835457
15.06 -0.0824751
15.07 -0.0813482
15.08 -0.080172
15.09 -0.0789532
15.1 -0.0776986
15.11 -0.0764146
15.12 -0.0751077
15.13 -0.0737842
15.14 -0.0724504
15.15 -0.0711123
15.16 -0.0697753
15.17 -0.0684446
15.18 -0.0671245
15.19 -0.0658186
15.2 -0.0645303
15.21 -0.0632625
15.22 -0.0620181
15.23 -0.0608006
15.24 -0.0596129
15.25 -0.0584586
15.26 -0.0573413
15.27 -0.0562649
15.28 -0.0552339
15.29 -0.0542524
15.3 -0.0533241
15.31 -0.0524519
15.32 -0.051638
15.33 -0.0508842
15.34 -0.0501913
15.35 -0.0495605
15.36 -0.0489927
15.37 -0.0484891
15.38 -0.0480509
15.39 -0.0476789
15.4 -0.0473739
15.41 -0.0471362
15.42 -0.0469655
15.43 -0.0468613
15.44 -0.0468222
15.45 -0.0468467
15.46 -0.0469299
15.47 -0.0470609
15.48 -0.0472238
15.49 -0.0474
15.5 -0.0475693
15.51 -0.0477169
15.52 -0.0478373
15.53 -0.0479276
15.54 -0.0479834
15.55 -0.0480003
15.56 -0.0479742
15.57 -0.0479035
15.58 -0.0477916
15.59 -0.0476457
15.6 -0.0474755
15.61 -0.0472926
15.62 -0.0471045
15.63 -0.0469092
15.64 -0.0467011
15.65 -0.0464752
15.66 -0.0462267
15.67 -0.0459509
15.68 -0.0456435
15.69 -0.0453002
15.7 -0.0449171
15.71 -0.0444903
15.72 -0.0440163
15.73 -0.0434913
15.74 -0.042912
15.75 -0.0422748
15.76 -0.0415765
15.77 -0.0408139
15.78 -0.0399841
15.79 -0.0390843
15.8 -0.0381121
15.81 -0.0370653
15.82 -0.0359422
15.83 -0.0347417
15.84 -0.033463
15.85 -0.0321057
15.86 -0.0306701
15.87 -0.0291564
15.88 -0.0275653
15.89 -0.0258975
15.9 -0.0241544
15.91 -0.0223373
15.92 -0.0204479
15.93 -0.0184876
15.94 -0.0164581
15.95 -0.014361
15.96 -0.0121985
15.97 -0.00997281
15.98 -0.00768682
15.99 -0.00534367
16 -0.00294703
16.01 -0.000501048
16.02 0.00198942
16.03 0.00451879
16.04 0.00708064
16.05 0.00966786
16.06 0.0122728
16.07 0.0148877
16.08 0.0175049
16.09 0.0201171
16.1 0.0227174
16.11 0.0252989
16.12 0.0278553
16.13 0.0303802
16.14 0.0328672
16.15 0.0353104
16.16 0.0377037
16.17 0.0400413
16.18 0.0423174
16.19 0.0445265
16.2 0.0466633
16.21 0.0487229
16.22 0.0507009
16.23 0.0525936
16.24 0.0543981
16.25 0.0561123
16.26 0.0577354
16.27 0.059267
16.28 0.0607078
16.29 0.0620584
16.3 0.0633198
16.31 0.0644933
16.32 0.0655803
16.33 0.0665825
16.34 0.0675016
16.35 0.0683395
16.36 0.0690984
16.37 0.06978
16.38 0.0703867
16.39 0.0709205
16.4 0.0713837
16.41 0.0717787
16.42 0.0721079
16.43 0.0723735
16.44 0.0725777
16.45 0.0727224
16.46 0.0728099
16.47 0.072842
16.48 0.072821
16.49 0.0727508
16.5 0.0726405
16.51 0.0725025
16.52 0.0723508
16.53 0.0722006
16.54 0.0720663
16.55 0.0719558
16.56 0.0718673
16.57 0.0717981
16.58 0.0717476
16.59 0.0717152
16.6 0.0716999
16.61 0.0717007
16.62 0.0717158
16.63 0.0717421
16.64 0.0717754
16.65 0.0718104
16.66 0.0718415
16.67 0.0718634
16.68 0.0718713
16.69 0.0718615
16.7 0.0718321
16.71 0.0717827
16.72 0.0717153
16.73 0.071634
16.74 0.0715409
16.75 0.0714332
16.76 0.0713084
16.77 0.0711657
16.78 0.0710047
16.79 0.0708251
16.8 0.0706271
16.81 0.070411
16.82 0.0701772
16.83 0.0699262
16.84 0.0696585
16.85 0.0693749
16.86 0.069076
16.87 0.0687623
16.88 0.0684342
16.89 0.0680919
16.9 0.0677354
16.91 0.0673646
16.92 0.0669794
16.93 0.0665796
16.94 0.0661651
16.95 0.065736
16.96 0.0652923
16.97 0.0648344
16.98 0.0643626
16.99 0.0638773
17 0.0633789
17.01 0.0628682
17.02 0.0623456
17.03 0.0618117
17.04 0.061267
17.05 0.0607118
17.06 0.0601467
17.07 0.059572
17.08 0.0589882
17.09 0.058396
17.1 0.0577957
17.11 0.0571878
17.12 0.0565727
17.13 0.0559508
17.14 0.0553226
17.15 0.0546886
17.16 0.0540492
17.17 0.0534047
17.18 0.0527557
17.19 0.0521025
17.2 0.0514455
17.21 0.0507853
17.22 0.0501222
17.23 0.0494569
17.24 0.0487897
17.25 0.048121
17.26 0.0474509
17.27 0.0467798
17.28 0.0461076
17.29 0.0454343
17.3 0.0447597
17.31 0.0440838
17.32 0.0434064
17.33 0.0427275
17.34 0.0420469
17.35 0.0413642
17.36 0.0406789
17.37 0.0399901
17.38 0.0392966
17.39 0.0385968
17.4 0.0378886
17.41 0.0371698
17.42 0.0364376
17.43 0.0356891
17.44 0.0349217
17.45 0.0341333
17.46 0.0333224
17.47 0.0324878
17.48 0.0316291
17.49 0.0307463
17.5 0.0298395
17.51 0.0289088
17.52 0.0279544
17.53 0.0269762
17.54 0.0259743
17.55 0.0249489
17.56 0.0239002
17.57 0.0228288
17.58 0.0217355
17.59 0.0206213
17.6 0.0194877
17.61 0.0183364
17.62 0.0171697
17.63 0.0159902
17.64 0.0148008
17.65 0.0136048
17.66 0.0124055
17.67 0.0112065
17.68 0.0100116
17.69 0.00882433
17.7 0.00764839
17.71 0.00648703
17.72 0.00534311
17.73 0.004219
17.74 0.00311673
17.75 0.00203816
17.76 0.000985245
17.77 -3.98461e-05
17.78 -0.0010346
17.79 -0.00199616
17.8 -0.00292139
17.81 -0.00380706
17.82 -0.00465003
17.83 -0.00544728
17.84 -0.00619601
17.85 -0.00689353
17.86 -0.00753735
17.87 -0.00812524
17.88 -0.00865529
17.89 -0.00912608
17.9 -0.00953672
17.91 -0.00988695
17.92 -0.0101771
17.93 -0.0104077
17.94 -0.0105799
17.95 -0.0106945
17.96 -0.0107528
17.97 -0.0107564
17.98 -0.0107068
17.99 -0.0106092
18 -0.0104757
18.01 -0.0103212
18.02 -0.0101612
18.03 -0.010011
18.04 -0.00988033
18.05 -0.00976913
18.06 -0.00967539
18.07 -0.00959853
18.08 -0.00953805
18.09 -0.00949347
18.1 -0.00946436
18.11 -0.00945033
18.12 -0.009451
18.13 -0.00946556
18.14 -0.00949211
18.15 -0.00952756
18.16 -0.00956789
18.17 -0.0096086
18.18 -0.00964509
18.19 -0.00967318
18.2 -0.00968943
18.21 -0.0096915
18.22 -0.0096784
18.23 -0.00965069
18.24 -0.00961039
18.25 -0.00956072
18.26 -0.00950585
18.27 -0.00945032
18.28 -0.00939729
18.29 -0.00934717
18.3 -0.00929898
18.31 -0.00925168
18.32 -0.00920418
18.33 -0.00915542
18.34 -0.00910441
18.35 -0.00905029
18.36 -0.00899234
18.37 -0.00893005
18.38 -0.00886303
18.39 -0.00879089
18.4 -0.00871321
18.41 -0.00862949
18.42 -0.00853909
18.43 -0.00844119
18.44 -0.00833477
18.45 -0.00821856
18.46 -0.00809116
18.47 -0.00795096
18.48 -0.00779634
18.49 -0.00762563
18.5 -0.0074373
18.51 -0.00722997
18.52 -0.00700257
18.53 -0.00675428
18.54 -0.00648456
18.55 -0.0061931
18.56 -0.00587988
18.57 -0.00554507
18.58 -0.00518897
18.59 -0.00481191
18.6 -0.0044142
18.61 -0.00399615
18.62 -0.00355802
18.63 -0.00310008
18.64 -0.00262259
18.65 -0.00212587
18.66 -0.0016104
18.67 -0.00107691
18.68 -0.000526639
18.69 3.85571e-05
18.7 0.000616031
18.71 0.00120235
18.72 0.00179334
18.73 0.00238421
18.74 0.00296989
18.75 0.00354548
18.76 0.00410635
18.77 0.00464807
18.78 0.00516638
18.79 0.00565716
18.8 0.00611642
18.81 0.00654023
18.82 0.00692475
18.83 0.00726623
18.84 0.00756097
18.85 0.00780536
18.86 0.00799588
18.87 0.00812914
18.88 0.00820195
18.89 0.00821143
18.9 0.00815512
18.91 0.00803534
18.92 0.00786335
18.93 0.00765561
18.94 0.00743073
18.95 0.00720106
18.96 0.00696591
18.97 0.00672153
18.98 0.00646656
18.99 0.0061995
19 0.00591857
19.01 0.00562169
19.02 0.00530656
19.03 0.00497068
19.04 0.00461156
19.05 0.00422695
19.06 0.00381496
19.07 0.00337409
19.08 0.0029033
19.09 0.00240192
19.1 0.0018696
19.11 0.0013061
19.12 0.000711021
19.13 8.37833e-05
19.14 -0.000576342
19.15 -0.00127006
19.16 -0.0019979
19.17 -0.00275992
19.18 -0.00355552
19.19 -0.00438331
19.2 -0.00524106
19.21 -0.00612589
19.22 -0.0070343
19.23 -0.00796242
19.24 -0.00890625
19.25 -0.00986195
19.26 -0.0108264
19.27 -0.0117971
19.28 -0.0127725
19.29 -0.0137512
19.3 -0.0147316
19.31 -0.0157121
19.32 -0.0166909
19.33 -0.0176655
19.34 -0.0186336
19.35 -0.019592
19.36 -0.0205376
19.37 -0.0214667
19.38 -0.0223758
19.39 -0.0232618
19.4 -0.0241214
19.41 -0.0249517
19.42 -0.0257499
19.43 -0.026513
19.44 -0.0272385
19.45 -0.0279237
19.46 -0.0285663
19.47 -0.0291641
19.48 -0.0297148
19.49 -0.0302164
19.5 -0.0306672
19.51 -0.0310659
19.52 -0.0314111
19.53 -0.0317021
19.54 -0.0319382
19.55 -0.0321193
19.56 -0.0322459
19.57 -0.0323188
19.58 -0.0323393
19.59 -0.0323086
19.6 -0.0322308
19.61 -0.0321152
19.62 -0.0319749
19.63 -0.031824
19.64 -0.0316773
19.65 -0.0315488
19.66 -0.0314453
19.67 -0.0313646
19.68 -0.0313037
19.69 -0.0312627
19.7 -0.0312416
19.71 -0.0312406
19.72 -0.03126
19.73 -0.0312985
19.74 -0.0313525
19.75 -0.0314165
19.76 -0.0314845
19.77 -0.0315503
19.78 -0.0316077
19.79 -0.0316514
19.8 -0.0316777
19.81 -0.0316847
19.82 -0.0316721
19.83 -0.031642
19.84 -0.031598
19.85 -0.0315451
19.86 -0.0314891
19.87 -0.0314363
19.88 -0.0313923
19.89 -0.031362
19.9 -0.0313485
19.91 -0.0313532
19.92 -0.0313758
19.93 -0.0314136
19.94 -0.0314629
19.95 -0.0315189
19.96 -0.0315763
19.97 -0.0316301
19.98 -0.031676
19.99 -0.0317108
20 -0.0317326
20.01 -0.0317407
20.02 -0.0317362
20.03 -0.0317208
20.04 -0.0316971
20.05 -0.0316678
20.06 -0.0316356
20.07 -0.0316029
20.08 -0.0315718
20.09 -0.0315434
20.1 -0.0315185
20.11 -0.0314967
20.12 -0.0314777
20.13 -0.0314606
20.14 -0.0314446
20.15 -0.0314289
20.16 -0.0314126
20.17 -0.031395
20.18 -0.0313759
20.19 -0.0313552
20.2 -0.0313335
20.21 -0.0313116
20.22 -0.0312906
20.23 -0.0312714
20.24 -0.0312548
20.25 -0.0312412
20.26 -0.031231
20.27 -0.0312237
20.28 -0.0312185
20.29 -0.0312146
20.3 -0.0312119
20.31 -0.0312103
20.32 -0.0312099
20.33 -0.0312111
20.34 -0.031214
20.35 -0.0312186
20.36 -0.0312248
20.37 -0.0312319
20.38 -0.0312391
20.39 -0.031245
20.4 -0.0312482
20.41 -0.031247
20.42 -0.0312401
20.43 -0.0312263
20.44 -0.0312053
20.45 -0.0311762
20.46 -0.0311378
20.47 -0.0310881
20.48 -0.0310256
20.49 -0.0309485
20.5 -0.0308553
20.51 -0.0307443
20.52 -0.0306139
20.53 -0.0304626
20.54 -0.0302889
20.55 -0.0300913
20.56 -0.0298686
20.57 -0.0296196
20.58 -0.0293435
20.59 -0.0290401
20.6 -0.0287097
20.61 -0.0283531
20.62 -0.0279713
20.63 -0.0275657
20.64 -0.0271376
20.65 -0.0266885
20.66 -0.0262198
20.67 -0.0257329
20.68 -0.0252289
20.69 -0.0247091
20.7 -0.0241745
20.71 -0.0236259
20.72 -0.0230642
20.73 -0.0224899
20.74 -0.0219039
20.75 -0.0213069
20.76 -0.0206996
20.77 -0.0200826
20.78 -0.0194564
20.79 -0.0188214
20.8 -0.0181776
20.81 -0.0175245
20.82 -0.0168613
20.83 -0.0161869
20.84 -0.0155
20.85 -0.0147993
20.86 -0.014084
20.87 -0.0133532
20.88 -0.0126067
20.89 -0.0118445
20.9 -0.0110669
20.91 -0.0102745
20.92 -0.00946803
20.93 -0.00864808
20.94 -0.00781539
20.95 -0.00697071
20.96 -0.00611498
20.97 -0.00524935
20.98 -0.00437525
20.99 -0.00349441
21 -0.00260888
21.01 -0.00172106
21.02 -0.000833714
21.03 5.01062e-05
21.04 0.000927211
21.05 0.00179446
21.06 0.00264888
21.07 0.00348765
21.08 0.00430805
21.09 0.00510743
21.1 0.00588327
21.11 0.00663332
21.12 0.00735572
21.13 0.00804906
21.14 0.00871226
21.15 0.00934457
21.16 0.00994537
21.17 0.0105142
21.18 0.0110505
21.19 0.011554
21.2 0.0120244
21.21 0.0124613
21.22 0.0128645
21.23 0.0132338
21.24 0.013569
21.25 0.0138702
21.26 0.0141375
21.27 0.0143714
21.28 0.0145726
21.29 0.0147418
21.3 0.0148802
21.31 0.0149889
21.32 0.015069
21.33 0.0151214
21.34 0.0151469
21.35 0.0151462
21.36 0.0151203
21.37 0.0150718
21.38 0.0150052
21.39 0.0149262
21.4 0.0148414
21.41 0.0147574
21.42 0.0146805
21.43 0.0146159
21.44 0.0145676
21.45 0.014538
21.46 0.0145279
21.47 0.014536
21.48 0.0145599
21.49 0.0145956
21.5 0.014638
21.51 0.0146815
21.52 0.0147208
21.53 0.0147511
21.54 0.0147685
21.55 0.0147707
21.56 0.0147566
21.57 0.014727
21.58 0.0146837
21.59 0.0146296
21.6 0.0145684
21.61 0.0145044
21.62 0.0144419
21.63 0.0143835
21.64 0.0143279
21.65 0.0142737
21.66 0.0142202
21.67 0.0141668
21.68 0.0141134
21.69 0.01406
21.7 0.0140064
21.71 0.0139527
21.72 0.0138986
21.73 0.0138442
21.74 0.0137896
21.75 0.0137351
21.76 0.0136811
21.77 0.0136285
21.78 0.0135781
21.79 0.0135309
21.8 0.013488
21.81 0.0134502
21.82 0.0134181
21.83 0.0133921
21.84 0.013372
21.85 0.0133577
21.86 0.0133486
21.87 0.0133441
21.88 0.0133431
21.89 0.0133447
21.9 0.0133477
21.91 0.0133509
21.92 0.0133532
21.93 0.0133536
21.94 0.0133519
21.95 0.0133479
21.96 0.0133418
21.97 0.0133337
21.98 0.013323
21.99 0.0133087
22 0.0132896
22.01 0.0132641
22.02 0.0132303
22.03 0.0131862
22.04 0.0131301
22.05 0.0130605
22.06 0.0129768
22.07 0.0128788
22.08 0.0127672
22.09 0.0126427
22.1 0.0125066
22.11 0.01236
22.12 0.0122042
22.13 0.0120407
22.14 0.0118708
22.15 0.0116956
22.16 0.0115161
22.17 0.0113331
22.18 0.0111472
22.19 0.0109591
22.2 0.010769
22.21 0.0105778
22.22 0.010386
22.23 0.0101947
22.24 0.0100049
22.25 0.00981777
22.26 0.00963444
22.27 0.00945608
22.28 0.00928371
22.29 0.00911819
22.3 0.00896008
22.31 0.00880958
22.32 0.00866647
22.33 0.00853025
22.34 0.00840022
22.35 0.00827554
22.36 0.00815528
22.37 0.00803857
22.38 0.00792463
22.39 0.00781284
22.4 0.00770273
22.41 0.00759401
22.42 0.0074866
22.43 0.00738058
22.44 0.00727615
22.45 0.00717361
22.46 0.00707345
22.47 0.0069764
22.48 0.00688343
22.49 0.00679568
22.5 0.0067145
22.51 0.00664145
22.52 0.00657832
22.53 0.00652702
22.54 0.00648952
22.55 0.00646776
22.56 0.00646363
22.57 0.00647905
22.58 0.00651469
22.59 0.0065687
22.6 0.00663751
22.61 0.00671664
22.62 0.00680076
22.63 0.00688408
22.64 0.00696093
22.65 0.00702618
22.66 0.00707577
22.67 0.0071069
22.68 0.00711827
22.69 0.00711028
22.7 0.00708512
22.71 0.00704667
22.72 0.00700008
22.73 0.00695115
22.74 0.00690581
22.75 0.00686949
22.76 0.00684658
22.77 0.00683998
22.78 0.00685081
22.79 0.0068784
22.8 0.00692049
22.81 0.00697346
22.82 0.00703279
22.83 0.00709341
22.84 0.00715025
22.85 0.00719996
22.86 0.00724214
22.87 0.00727763
22.88 0.00730705
22.89 0.00733088
22.9 0.00734945
22.91 0.00736286
22.92 0.00737102
22.93 0.00737365
22.94 0.00737032
22.95 0.00736073
22.96 0.0073451
22.97 0.00732406
22.98 0.00729866
22.99 0.00727052
23 0.00724187
23.01 0.00721536
23.02 0.00719363
23.03 0.00717907
23.04 0.00717351
23.05 0.00717805
23.06 0.00719282
23.07 0.00721688
23.08 0.00724818
23.09 0.00728369
23.1 0.00731985
23.11 0.00735303
23.12 0.00737995
23.13 0.0073986
23.14 0.00740867
23.15 0.00741042
23.16 0.00740396
23.17 0.00738991
23.18 0.00736991
23.19 0.00734622
23.2 0.00732132
23.21 0.00729776
23.22 0.00727786
23.23 0.00726348
23.24 0.00725593
23.25 0.00725581
23.26 0.00726295
23.27 0.0072765
23.28 0.00729512
23.29 0.00731714
23.3 0.00734073
23.31 0.00736401
23.32 0.00738529
23.33 0.00740307
23.34 0.00741617
23.35 0.00742417
23.36 0.00742742
23.37 0.0074263
23.38 0.00742104
23.39 0.00741208
23.4 0.00739994
23.41 0.00738516
23.42 0.00736828
23.43 0.00734984
23.44 0.00733031
23.45 0.0073101
23.46 0.00728955
23.47 0.00726915
23.48 0.00724955
23.49 0.00723158
23.5 0.00721609
23.51 0.00720384
23.52 0.00719536
23.53 0.00719083
23.54 0.00719008
23.55 0.00719268
23.56 0.0071979
23.57 0.00720489
23.58 0.00721275
23.59 0.00722061
23.6 0.00722768
23.61 0.00723332
23.62 0.00723709
23.63 0.00723887
23.64 0.00723879
23.65 0.00723727
23.66 0.0072349
23.67 0.00723226
23.68 0.00722986
23.69 0.00722803
23.7 0.00722688
23.71 0.00722631
23.72 0.00722601
23.73 0.00722547
23.74 0.00722403
23.75 0.00722094
23.76 0.00721533
23.77 0.00720625
23.78 0.00719276
23.79 0.007174
23.8 0.00714938
23.81 0.00711882
23.82 0.00708282
23.83 0.00704245
23.84 0.0069992
23.85 0.00695482
23.86 0.00691117
23.87 0.00687005
23.88 0.00683296
23.89 0.00680097
23.9 0.00677457
23.91 0.00675351
23.92 0.0067369
23.93 0.00672286
23.94 0.00670851
23.95 0.00669092
23.96 0.00666764
23.97 0.00663656
23.98 0.00659603
23.99 0.00654494
24 0.00648274
24.01 0.00640936
24.02 0.00632511
24.03 0.00623064
24.04 0.0061271
24.05 0.00601617
24.06 0.00590016
24.07 0.00578184
24.08 0.0056642
24.09 0.00555023
24.1 0.00544275
24.11 0.00534434
24.12 0.0052572
24.13 0.00518303
24.14 0.00512297
24.15 0.00507757
24.16 0.00504678
24.17 0.0050302
24.18 0.00502721
24.19 0.00503718
24.2 0.00505862
24.21 0.0050885
24.22 0.00512299
24.23 0.00515806
24.24 0.00518964
24.25 0.00521405
24.26 0.00522834
24.27 0.00523042
24.28 0.00521931
24.29 0.00519509
24.3 0.00515881
24.31 0.00511246
24.32 0.00505887
24.33 0.00500169
24.34 0.0049432
24.35 0.00488291
24.36 0.00482011
24.37 0.00475504
24.38 0.00468822
24.39 0.00462037
24.4 0.00455229
24.41 0.00448482
24.42 0.0044187
24.43 0.00435448
24.44 0.00429256
24.45 0.00423318
24.46 0.00417654
24.47 0.00412288
24.48 0.0040725
24.49 0.00402579
24.5 0.00398314
24.51 0.00394497
24.52 0.00391168
24.53 0.00388361
24.54 0.00386095
24.55 0.00384382
24.56 0.0038322
24.57 0.00382594
24.58 0.00382466
24.59 0.00382784
24.6 0.00383471
24.61 0.00384407
24.62 0.00385451
24.63 0.00386462
24.64 0.00387309
24.65 0.00387896
24.66 0.00388179
24.67 0.00388167
24.68 0.00387914
24.69 0.00387519
24.7 0.0038711
24.71 0.00386829
24.72 0.00386808
24.73 0.00387154
24.74 0.00387935
24.75 0.00389186
24.76 0.00390902
24.77 0.00393044
24.78 0.00395521
24.79 0.00398199
24.8 0.00400913
24.81 0.00403489
24.82 0.00405753
24.83 0.00407543
24.84 0.00408734
24.85 0.00409246
24.86 0.00409058
24.87 0.00408206
24.88 0.00406778
24.89 0.00404893
24.9 0.00402689
24.91 0.00400308
24.92 0.00397885
24.93 0.00395545
24.94 0.00393388
24.95 0.00391491
24.96 0.00389902
24.97 0.00388635
24.98 0.00387671
24.99 0.00386976
25 0.003865
