0.01 3.11701e-09
0.02 1.48386e-08
0.03 3.59375e-08
0.04 6.31036e-08
0.05 9.2879e-08
0.06 1.21829e-07
0.07 1.46701e-07
0.08 1.64558e-07
0.09 1.72875e-07
0.1 1.69641e-07
0.11 1.53447e-07
0.12 1.23538e-07
0.13 7.97925e-08
0.14 2.26547e-08
0.15 -4.69091e-08
0.16 -1.27408e-07
0.17 -2.16858e-07
0.18 -3.12864e-07
0.19 -4.12725e-07
0.2 -5.13544e-07
0.21 -6.12347e-07
0.22 -7.06211e-07
0.23 -7.92397e-07
0.24 -8.68474e-07
0.25 -9.3246e-07
0.26 -9.82947e-07
0.27 -1.0192e-06
0.28 -1.04103e-06
0.29 -1.04855e-06
0.3 -1.04206e-06
0.31 -1.02198e-06
0.32 -9.88763e-07
0.33 -9.42721e-07
0.34 -8.83877e-07
0.35 -8.12244e-07
0.36 -7.28036e-07
0.37 -6.31772e-07
0.38 -5.24819e-07
0.39 -4.10073e-07
0.4 -2.92373e-07
0.41 -1.78598e-07
0.42 -7.68732e-08
0.43 4.3789e-09
0.44 5.67203e-08
0.45 7.22067e-08
0.46 4.41597e-08
0.47 -3.21563e-08
0.48 -1.58802e-07
0.49 -3.34915e-07
0.5 -5.56694e-07
0.51 -8.17834e-07
0.52 -1.11017e-06
0.53 -1.42359e-06
0.54 -1.74678e-06
0.55 -2.06811e-06
0.56 -2.37573e-06
0.57 -2.65822e-06
0.58 -2.90548e-06
0.59 -3.10915e-06
0.6 -3.26277e-06
0.61 -3.3621e-06
0.62 -3.40515e-06
0.63 -3.39231e-06
0.64 -3.32635e-06
0.65 -3.21234e-06
0.66 -3.05748e-06
0.67 -2.87088e-06
0.68 -2.66312e-06
0.69 -2.44574e-06
0.7 -2.23056e-06
0.71 -2.02885e-06
0.72 -1.85033e-06
0.73 -1.7022e-06
0.74 -1.58818e-06
0.75 -1.50787e-06
0.76 -1.45652e-06
0.77 -1.42559e-06
0.78 -1.4044e-06
0.79 -1.38275e-06
0.8 -1.35295e-06
0.81 -1.31049e-06
0.82 -1.25389e-06
0.83 -1.18391e-06
0.84 -1.10374e-06
0.85 -1.02024e-06
0.86 -9.42934e-07
0.87 -8.79732e-07
0.88 -8.32966e-07
0.89 -7.98727e-07
0.9 -7.69235e-07
0.91 -7.3508e-07
0.92 -6.86787e-07
0.93 -6.17207e-07
0.94 -5.24447e-07
0.95 -4.13032e-07
0.96 -2.94312e-07
0.97 -1.85043e-07
0.98 -1.01861e-07
0.99 -5.54703e-08
1 -4.84763e-08
1.01 -7.6108e-08
1.02 -1.26405e-07
1.03 -1.81891e-07
1.04 -2.22826e-07
1.05 -2.30256e-07
1.06 -1.90033e-07
1.07 -9.49199e-08
1.08 5.66213e-08
1.09 2.63189e-07
1.1 5.2138e-07
1.11 8.24609e-07
1.12 1.16462e-06
1.13 1.53363e-06
1.14 1.92406e-06
1.15 2.32756e-06
1.16 2.73357e-06
1.17 3.12732e-06
1.18 3.48824e-06
1.19 3.79276e-06
1.2 4.01855e-06
1.21 4.14402e-06
1.22 4.14788e-06
1.23 4.01275e-06
1.24 3.73131e-06
1.25 3.31395e-06
1.26 2.79266e-06
1.27 2.21447e-06
1.28 1.62981e-06
1.29 1.08765e-06
1.3 6.32669e-07
1.31 2.98575e-07
1.32 1.04454e-07
1.33 5.68414e-08
1.34 1.5489e-07
1.35 3.93955e-07
1.36 7.66225e-07
1.37 1.26097e-06
1.38 1.86455e-06
1.39 2.55982e-06
1.4 3.32492e-06
1.41 4.13129e-06
1.42 4.94127e-06
1.43 5.70572e-06
1.44 6.36255e-06
1.45 6.83752e-06
1.46 7.04907e-06
1.47 6.91828e-06
1.48 6.37867e-06
1.49 5.38009e-06
1.5 3.8936e-06
1.51 1.91695e-06
1.52 -5.23831e-07
1.53 -3.36918e-06
1.54 -6.52125e-06
1.55 -9.84145e-06
1.56 -1.31547e-05
1.57 -1.62666e-05
1.58 -1.89807e-05
1.59 -2.11129e-05
1.6 -2.25118e-05
1.61 -2.30702e-05
1.62 -2.27266e-05
1.63 -2.14674e-05
1.64 -1.93266e-05
1.65 -1.63824e-05
1.66 -1.27555e-05
1.67 -8.60479e-06
1.68 -4.11763e-06
1.69 5.04308e-07
1.7 5.05779e-06
1.71 9.34659e-06
1.72 1.31905e-05
1.73 1.64349e-05
1.74 1.89604e-05
1.75 2.0691e-05
1.76 2.15917e-05
1.77 2.16627e-05
1.78 2.09428e-05
1.79 1.95118e-05
1.8 1.74845e-05
1.81 1.50001e-05
1.82 1.22154e-05
1.83 9.29628e-06
1.84 6.4002e-06
1.85 3.66413e-06
1.86 1.20359e-06
1.87 -8.82635e-07
1.88 -2.5103e-06
1.89 -3.61245e-06
1.9 -4.14183e-06
1.91 -4.07236e-06
1.92 -3.4e-06
1.93 -2.14441e-06
1.94 -3.60632e-07
1.95 1.84812e-06
1.96 4.33498e-06
1.97 6.92153e-06
1.98 9.41034e-06
1.99 1.16049e-05
2 1.33381e-05
2.01 1.44965e-05
2.02 1.50266e-05
2.03 1.49327e-05
2.04 1.4273e-05
2.05 1.31462e-05
2.06 1.16767e-05
2.07 9.99893e-06
2.08 8.23585e-06
2.09 6.48268e-06
2.1 4.80137e-06
2.11 3.22121e-06
2.12 1.73593e-06
2.13 2.99839e-07
2.14 -1.15857e-06
2.15 -2.72109e-06
2.16 -4.47328e-06
2.17 -6.49426e-06
2.18 -8.85186e-06
2.19 -1.16071e-05
2.2 -1.48185e-05
2.21 -1.85341e-05
2.22 -2.27787e-05
2.23 -2.75475e-05
2.24 -3.2801e-05
2.25 -3.84732e-05
2.26 -4.44693e-05
2.27 -5.06454e-05
2.28 -5.68089e-05
2.29 -6.27402e-05
2.3 -6.82061e-05
2.31 -7.29697e-05
2.32 -7.67935e-05
2.33 -7.94381e-05
2.34 -8.06668e-05
2.35 -8.02606e-05
2.36 -7.80353e-05
2.37 -7.38595e-05
2.38 -6.76686e-05
2.39 -5.94631e-05
2.4 -4.9326e-05
2.41 -3.74583e-05
2.42 -2.41841e-05
2.43 -9.91846e-06
2.44 4.86995e-06
2.45 1.96862e-05
2.46 3.40289e-05
2.47 4.74025e-05
2.48 5.93334e-05
2.49 6.94066e-05
2.5 7.72985e-05
2.51 8.28018e-05
2.52 8.58337e-05
2.53 8.64229e-05
2.54 8.47018e-05
2.55 8.0905e-05
2.56 7.535e-05
2.57 6.83951e-05
2.58 6.04036e-05
2.59 5.17225e-05
2.6 4.26726e-05
2.61 3.35526e-05
2.62 2.46461e-05
2.63 1.62279e-05
2.64 8.56417e-06
2.65 1.90265e-06
2.66 -3.53835e-06
2.67 -7.58273e-06
2.68 -1.01128e-05
2.69 -1.10885e-05
2.7 -1.05506e-05
2.71 -8.60733e-06
2.72 -5.42735e-06
2.73 -1.22894e-06
2.74 3.74776e-06
2.75 9.25656e-06
2.76 1.50413e-05
2.77 2.08428e-05
2.78 2.64333e-05
2.79 3.16388e-05
2.8 3.634e-05
2.81 4.04708e-05
2.82 4.39896e-05
2.83 4.68514e-05
2.84 4.90028e-05
2.85 5.03847e-05
2.86 5.09385e-05
2.87 5.06031e-05
2.88 4.93016e-05
2.89 4.69531e-05
2.9 4.34997e-05
2.91 3.89167e-05
2.92 3.32118e-05
2.93 2.64309e-05
2.94 1.86688e-05
2.95 1.00686e-05
2.96 8.23274e-07
2.97 -8.80602e-06
2.98 -1.849e-05
2.99 -2.78594e-05
3 -3.65335e-05
3.01 -4.41463e-05
3.02 -5.03839e-05
3.03 -5.50134e-05
3.04 -5.78984e-05
3.05 -5.90104e-05
3.06 -5.84352e-05
3.07 -5.6371e-05
3.08 -5.31144e-05
3.09 -4.90291e-05
3.1 -4.44979e-05
3.11 -3.98781e-05
3.12 -3.54691e-05
3.13 -3.14864e-05
3.14 -2.80659e-05
3.15 -2.52891e-05
3.16 -2.31889e-05
3.17 -2.17471e-05
3.18 -2.08998e-05
3.19 -2.05563e-05
3.2 -2.06263e-05
3.21 -2.10114e-05
3.22 -2.15729e-05
3.23 -2.2129e-05
3.24 -2.24622e-05
3.25 -2.2337e-05
3.26 -2.15234e-05
3.27 -1.97893e-05
3.28 -1.68948e-05
3.29 -1.2638e-05
3.3 -6.89251e-06
3.31 4.06522e-07
3.32 9.26146e-06
3.33 1.95663e-05
3.34 3.10689e-05
3.35 4.33593e-05
3.36 5.58761e-05
3.37 6.79421e-05
3.38 7.88098e-05
3.39 8.76988e-05
3.4 9.38397e-05
3.41 9.65252e-05
3.42 9.51699e-05
3.43 8.93698e-05
3.44 7.89338e-05
3.45 6.38933e-05
3.46 4.45083e-05
3.47 2.12926e-05
3.48 -4.96801e-06
3.49 -3.32357e-05
3.5 -6.22763e-05
3.51 -9.07317e-05
3.52 -0.000117187
3.53 -0.000140251
3.54 -0.000158644
3.55 -0.000171305
3.56 -0.000177488
3.57 -0.000176796
3.58 -0.000169148
3.59 -0.000154764
3.6 -0.000134191
3.61 -0.000108291
3.62 -7.81881e-05
3.63 -4.52139e-05
3.64 -1.08528e-05
3.65 2.33299e-05
3.66 5.57537e-05
3.67 8.48786e-05
3.68 0.000109269
3.69 0.000127678
3.7 0.000139144
3.71 0.000143043
3.72 0.000139088
3.73 0.000127359
3.74 0.000108321
3.75 8.27788e-05
3.76 5.18282e-05
3.77 1.68116e-05
3.78 -2.07428e-05
3.79 -5.91981e-05
3.8 -9.68734e-05
3.81 -0.000132093
3.82 -0.00016327
3.83 -0.000188998
3.84 -0.000208105
3.85 -0.000219713
3.86 -0.000223314
3.87 -0.000218828
3.88 -0.000206625
3.89 -0.000187509
3.9 -0.000162679
3.91 -0.000133667
3.92 -0.000102264
3.93 -7.04078e-05
3.94 -4.00484e-05
3.95 -1.30419e-05
3.96 8.94961e-06
3.97 2.45658e-05
3.98 3.28569e-05
3.99 3.33523e-05
4 2.60705e-05
4.01 1.15042e-05
4.02 -9.42056e-06
4.03 -3.5408e-05
4.04 -6.4854e-05
4.05 -9.59237e-05
4.06 -0.000126641
4.07 -0.000154959
4.08 -0.000178837
4.09 -0.000196344
4.1 -0.000205775
4.11 -0.000205775
4.12 -0.000195492
4.13 -0.000174683
4.14 -0.000143751
4.15 -0.000103768
4.16 -5.64745e-05
4.17 -4.20604e-06
4.18 5.02709e-05
4.19 0.000103939
4.2 0.000153686
4.21 0.000196501
4.22 0.00022968
4.23 0.00025103
4.24 0.000259024
4.25 0.000252837
4.26 0.000232328
4.27 0.000198057
4.28 0.00015128
4.29 9.38969e-05
4.3 2.83752e-05
4.31 -4.23813e-05
4.32 -0.000115192
4.33 -0.00018675
4.34 -0.000253746
4.35 -0.000312992
4.36 -0.000361552
4.37 -0.000396888
4.38 -0.000416986
4.39 -0.000420473
4.4 -0.000406667
4.41 -0.000375597
4.42 -0.000328
4.43 -0.00026531
4.44 -0.000189608
4.45 -0.00010355
4.46 -1.03231e-05
4.47 8.64544e-05
4.48 0.000182899
4.49 0.000275085
4.5 0.000359287
4.51 0.000432167
4.52 0.000490861
4.53 0.000533059
4.54 0.000557099
4.55 0.000562043
4.56 0.000547713
4.57 0.000514691
4.58 0.00046428
4.59 0.000398451
4.6 0.000319754
4.61 0.000231237
4.62 0.000136358
4.63 3.88248e-05
4.64 -5.75623e-05
4.65 -0.000149063
4.66 -0.000232134
4.67 -0.00030354
4.68 -0.000360455
4.69 -0.000400613
4.7 -0.000422442
4.71 -0.000425184
4.72 -0.000408943
4.73 -0.00037464
4.74 -0.000323981
4.75 -0.000259428
4.76 -0.000184078
4.77 -0.000101478
4.78 -1.54468e-05
4.79 7.01175e-05
4.8 0.000151409
4.81 0.00022482
4.82 0.000287104
4.83 0.000335565
4.84 0.000368159
4.85 0.000383509
4.86 0.000380977
4.87 0.00036074
4.88 0.000323795
4.89 0.000271852
4.9 0.000207246
4.91 0.000132859
4.92 5.19916e-05
4.93 -3.17974e-05
4.94 -0.000114878
4.95 -0.000193714
4.96 -0.000264996
4.97 -0.000325763
4.98 -0.000373506
4.99 -0.000406271
5 -0.000422741
5.01 -0.000422321
5.02 -0.000405211
5.03 -0.000372428
5.04 -0.000325761
5.05 -0.000267674
5.06 -0.0002012
5.07 -0.000129818
5.08 -5.72478e-05
5.09 1.27654e-05
5.1 7.66055e-05
5.11 0.00013095
5.12 0.000172977
5.13 0.000200515
5.14 0.000212139
5.15 0.000207266
5.16 0.000186216
5.17 0.00015022
5.18 0.00010132
5.19 4.22066e-05
5.2 -2.39058e-05
5.21 -9.34349e-05
5.22 -0.000162643
5.23 -0.000227869
5.24 -0.000285728
5.25 -0.000333231
5.26 -0.000367853
5.27 -0.000387604
5.28 -0.000391129
5.29 -0.000377797
5.3 -0.000347747
5.31 -0.000301863
5.32 -0.000241766
5.33 -0.000169811
5.34 -8.90236e-05
5.35 -2.9406e-06
5.36 8.45229e-05
5.37 0.000169197
5.38 0.000246871
5.39 0.000313579
5.4 0.000365856
5.41 0.00040091
5.42 0.000416766
5.43 0.000412403
5.44 0.000387828
5.45 0.00034408
5.46 0.000283154
5.47 0.000207858
5.48 0.000121617
5.49 2.83019e-05
5.5 -6.79109e-05
5.51 -0.000162707
5.52 -0.000251865
5.53 -0.000331484
5.54 -0.000398138
5.55 -0.000448989
5.56 -0.000481899
5.57 -0.000495585
5.58 -0.000489701
5.59 -0.000464824
5.6 -0.000422353
5.61 -0.000364395
5.62 -0.000293646
5.63 -0.000213275
5.64 -0.000126762
5.65 -3.77668e-05
5.66 5.00082e-05
5.67 0.000133019
5.68 0.000208048
5.69 0.000272359
5.7 0.000323804
5.71 0.000360917
5.72 0.000382965
5.73 0.000389927
5.74 0.000382446
5.75 0.000361799
5.76 0.000329794
5.77 0.000288629
5.78 0.000240748
5.79 0.00018869
5.8 0.000134947
5.81 8.18349e-05
5.82 3.13819e-05
5.83 -1.47814e-05
5.84 -5.54559e-05
5.85 -8.98622e-05
5.86 -0.000117618
5.87 -0.000138717
5.88 -0.000153489
5.89 -0.000162539
5.9 -0.000166677
5.91 -0.000166822
5.92 -0.000163921
5.93 -0.000158909
5.94 -0.000152656
5.95 -0.000145898
5.96 -0.000139145
5.97 -0.0001326
5.98 -0.000126171
5.99 -0.000119529
6 -0.000112154
6.01 -0.000103404
6.02 -9.26423e-05
6.03 -7.92986e-05
6.04 -6.2895e-05
6.05 -4.30882e-05
6.06 -1.97352e-05
6.07 7.02497e-06
6.08 3.673e-05
6.09 6.86256e-05
6.1 0.000101749
6.11 0.000134989
6.12 0.000167118
6.13 0.000196853
6.14 0.000222971
6.15 0.000244431
6.16 0.000260458
6.17 0.000270641
6.18 0.000275021
6.19 0.000274087
6.2 0.000268662
6.21 0.000259802
6.22 0.000248764
6.23 0.000236942
6.24 0.000225732
6.25 0.00021644
6.26 0.000210251
6.27 0.000208184
6.28 0.000211048
6.29 0.000219454
6.3 0.000233798
6.31 0.000254256
6.32 0.000280804
6.33 0.000313217
6.34 0.000351053
6.35 0.000393673
6.36 0.000440202
6.37 0.000489435
6.38 0.000539771
6.39 0.000589298
6.4 0.000635953
6.41 0.00067766
6.42 0.00071253
6.43 0.00073904
6.44 0.000756142
6.45 0.000763397
6.46 0.000761063
6.47 0.000750004
6.48 0.000731495
6.49 0.000707055
6.5 0.000678237
6.51 0.000646397
6.52 0.000612579
6.53 0.000577498
6.54 0.000541503
6.55 0.000504514
6.56 0.000466073
6.57 0.000425488
6.58 0.000381976
6.59 0.000334858
6.6 0.000283773
6.61 0.000228806
6.62 0.000170533
6.63 0.000110019
6.64 4.87261e-05
6.65 -1.16745e-05
6.66 -6.95251e-05
6.67 -0.00012333
6.68 -0.000171826
6.69 -0.000214027
6.7 -0.000249258
6.71 -0.000277152
6.72 -0.000297636
6.73 -0.00031093
6.74 -0.000317517
6.75 -0.000318036
6.76 -0.000313217
6.77 -0.000303854
6.78 -0.000290768
6.79 -0.000274761
6.8 -0.000256603
6.81 -0.000237072
6.82 -0.000217003
6.83 -0.000197301
6.84 -0.00017893
6.85 -0.000162892
6.86 -0.000150209
6.87 -0.00014188
6.88 -0.000138807
6.89 -0.000141673
6.9 -0.000150828
6.91 -0.000166174
6.92 -0.000187108
6.93 -0.000212518
6.94 -0.000240806
6.95 -0.000269989
6.96 -0.000297886
6.97 -0.000322347
6.98 -0.000341523
6.99 -0.000354076
7 -0.000359274
7.01 -0.000357073
7.02 -0.00034807
7.03 -0.000333315
7.04 -0.000314097
7.05 -0.000291753
7.06 -0.000267456
7.07 -0.000242072
7.08 -0.000216119
7.09 -0.000189784
7.1 -0.000162988
7.11 -0.000135488
7.12 -0.00010702
7.13 -7.75263e-05
7.14 -4.73502e-05
7.15 -1.72859e-05
7.16 1.14807e-05
7.17 3.74896e-05
7.18 5.91605e-05
7.19 7.49741e-05
7.2 8.3635e-05
7.21 8.42293e-05
7.22 7.63908e-05
7.23 6.04084e-05
7.24 3.72289e-05
7.25 8.39201e-06
7.26 -2.4095e-05
7.27 -5.79814e-05
7.28 -9.10282e-05
7.29 -0.000121224
7.3 -0.00014695
7.31 -0.0001671
7.32 -0.000181158
7.33 -0.000189146
7.34 -0.00019148
7.35 -0.000188817
7.36 -0.0001819
7.37 -0.000171389
7.38 -0.000157757
7.39 -0.000141245
7.4 -0.000121897
7.41 -9.9642e-05
7.42 -7.44041e-05
7.43 -4.62745e-05
7.44 -1.56771e-05
7.45 1.65778e-05
7.46 4.93003e-05
7.47 8.09415e-05
7.48 0.00010967
7.49 0.000133454
7.5 0.000150155
7.51 0.000157677
7.52 0.000154145
7.53 0.000138108
7.54 0.000108708
7.55 6.57702e-05
7.56 9.76868e-06
7.57 -5.82702e-05
7.58 -0.000136826
7.59 -0.000223955
7.6 -0.000317405
7.61 -0.000414656
7.62 -0.000512869
7.63 -0.000608841
7.64 -0.000699076
7.65 -0.000779964
7.66 -0.000847903
7.67 -0.000899344
7.68 -0.00093156
7.69 -0.0009429
7.7 -0.000931499
7.71 -0.000895377
7.72 -0.00083374
7.73 -0.000747151
7.74 -0.0006375
7.75 -0.000508118
7.76 -0.000363593
7.77 -0.000209443
7.78 -5.17882e-05
7.79 0.000102941
7.8 0.000248272
7.81 0.00037801
7.82 0.000486549
7.83 0.000569101
7.84 0.000621877
7.85 0.00064229
7.86 0.000629109
7.87 0.000582505
7.88 0.000504075
7.89 0.000396854
7.9 0.000265217
7.91 0.000114686
7.92 -4.82901e-05
7.93 -0.000216589
7.94 -0.000382737
7.95 -0.000539265
7.96 -0.000679065
7.97 -0.000795707
7.98 -0.000883715
7.99 -0.000938822
8 -0.000958241
8.01 -0.000940834
8.02 -0.000887339
8.03 -0.000800373
8.04 -0.000683985
8.05 -0.000543485
8.06 -0.000385401
8.07 -0.000217139
8.08 -4.65565e-05
8.09 0.000118487
8.1 0.000270576
8.11 0.000403195
8.12 0.000511134
8.13 0.000590724
8.14 0.000639913
8.15 0.000658292
8.16 0.000647059
8.17 0.000608865
8.18 0.000547581
8.19 0.00046801
8.2 0.000375609
8.21 0.000276172
8.22 0.000175493
8.23 7.91216e-05
8.24 -7.82025e-06
8.25 -8.08838e-05
8.26 -0.000136531
8.27 -0.000172269
8.28 -0.000186736
8.29 -0.000179782
8.3 -0.000152519
8.31 -0.000107331
8.32 -4.7851e-05
8.33 2.11951e-05
8.34 9.42817e-05
8.35 0.000165444
8.36 0.000228699
8.37 0.000278532
8.38 0.00031033
8.39 0.000320742
8.4 0.000307956
8.41 0.00027177
8.42 0.000213493
8.43 0.000135787
8.44 4.24966e-05
8.45 -6.15447e-05
8.46 -0.000170733
8.47 -0.000278988
8.48 -0.000380077
8.49 -0.000467994
8.5 -0.000537328
8.51 -0.000583546
8.52 -0.000603314
8.53 -0.000594775
8.54 -0.000557723
8.55 -0.000493631
8.56 -0.000405488
8.57 -0.00029753
8.58 -0.000174952
8.59 -4.36013e-05
8.6 9.0358e-05
8.61 0.000220796
8.62 0.000341982
8.63 0.000448925
8.64 0.000537625
8.65 0.000605245
8.66 0.000650218
8.67 0.000672228
8.68 0.000672122
8.69 0.000651749
8.7 0.000613775
8.71 0.000561555
8.72 0.00049891
8.73 0.000429832
8.74 0.000358285
8.75 0.00028805
8.76 0.000222495
8.77 0.000164354
8.78 0.000115636
8.79 7.76009e-05
8.8 5.07317e-05
8.81 3.47289e-05
8.82 2.86015e-05
8.83 3.08552e-05
8.84 3.97235e-05
8.85 5.33338e-05
8.86 6.98142e-05
8.87 8.73493e-05
8.88 0.000104251
8.89 0.000119104
8.9 0.000130886
8.91 0.000138982
8.92 0.00014316
8.93 0.000143511
8.94 0.000140341
8.95 0.000134061
8.96 0.000125135
8.97 0.000114055
8.98 0.000101314
8.99 8.73323e-05
9 7.23547e-05
9.01 5.63993e-05
9.02 3.9256e-05
9.03 2.04816e-05
9.04 -5.24298e-07
9.05 -2.4345e-05
9.06 -5.13863e-05
9.07 -8.17765e-05
9.08 -0.000115332
9.09 -0.000151579
9.1 -0.000189822
9.11 -0.00022925
9.12 -0.000269008
9.13 -0.000308213
9.14 -0.000346006
9.15 -0.000381575
9.16 -0.000414092
9.17 -0.000442632
9.18 -0.0004661
9.19 -0.000483224
9.2 -0.000492585
9.21 -0.00049261
9.22 -0.000481623
9.23 -0.000457983
9.24 -0.000420305
9.25 -0.00036775
9.26 -0.000300296
9.27 -0.000218873
9.28 -0.00012542
9.29 -2.28772e-05
9.3 8.5015e-05
9.31 0.000194107
9.32 0.000300163
9.33 0.000399058
9.34 0.000486976
9.35 0.000560601
9.36 0.000617257
9.37 0.000654999
9.38 0.000672702
9.39 0.000670087
9.4 0.000647636
9.41 0.000606465
9.42 0.000548209
9.43 0.000474864
9.44 0.000388613
9.45 0.0002917
9.46 0.000186442
9.47 7.52802e-05
9.48 -3.91964e-05
9.49 -0.000154182
9.5 -0.000266625
9.51 -0.000373292
9.52 -0.000470874
9.53 -0.000556143
9.54 -0.000626208
9.55 -0.000678783
9.56 -0.000712374
9.57 -0.00072643
9.58 -0.000721451
9.59 -0.000699004
9.6 -0.000661581
9.61 -0.000612368
9.62 -0.000554984
9.63 -0.000493193
9.64 -0.000430602
9.65 -0.000370442
9.66 -0.000315427
9.67 -0.000267659
9.68 -0.000228561
9.69 -0.000198866
9.7 -0.000178711
9.71 -0.000167774
9.72 -0.000165397
9.73 -0.000170671
9.74 -0.000182557
9.75 -0.000200021
9.76 -0.00022209
9.77 -0.000247855
9.78 -0.000276476
9.79 -0.000307213
9.8 -0.000339461
9.81 -0.000372768
9.82 -0.000406816
9.83 -0.000441401
9.84 -0.000476435
9.85 -0.000511915
9.86 -0.000547837
9.87 -0.000584094
9.88 -0.00062041
9.89 -0.000656365
9.9 -0.000691404
9.91 -0.000724752
9.92 -0.000755402
9.93 -0.000782193
9.94 -0.000803867
9.95 -0.00081913
9.96 -0.000826792
9.97 -0.000825981
9.98 -0.000816307
9.99 -0.00079796
10 -0.000771696
10.01 -0.000738796
10.02 -0.000701043
10.03 -0.00066063
10.04 -0.000619963
10.05 -0.000581391
10.06 -0.000546981
10.07 -0.000518385
10.08 -0.000496776
10.09 -0.000482824
10.1 -0.000476694
10.11 -0.000478068
10.12 -0.000486291
10.13 -0.000500538
10.14 -0.000519889
10.15 -0.000543359
10.16 -0.000569936
10.17 -0.000598565
10.18 -0.000628084
10.19 -0.000657195
10.2 -0.000684476
10.21 -0.000708442
10.22 -0.000727684
10.23 -0.000740967
10.24 -0.000747268
10.25 -0.000745865
10.26 -0.000736442
10.27 -0.000719122
10.28 -0.000694441
10.29 -0.000663285
10.3 -0.000626837
10.31 -0.000586492
10.32 -0.000543704
10.33 -0.000499903
10.34 -0.000456493
10.35 -0.000414849
10.36 -0.000376246
10.37 -0.000341793
10.38 -0.000312401
10.39 -0.000288729
10.4 -0.000271137
10.41 -0.000259632
10.42 -0.000253808
10.43 -0.000252826
10.44 -0.000255447
10.45 -0.000260084
10.46 -0.000264918
10.47 -0.000268103
10.48 -0.000267949
10.49 -0.000263101
10.5 -0.000252709
10.51 -0.000236505
10.52 -0.000214787
10.53 -0.00018837
10.54 -0.000158488
10.55 -0.00012663
10.56 -9.44011e-05
10.57 -6.34456e-05
10.58 -3.53673e-05
10.59 -1.16269e-05
10.6 6.54302e-06
10.61 1.81513e-05
10.62 2.24464e-05
10.63 1.89381e-05
10.64 7.38257e-06
10.65 -1.22341e-05
10.66 -3.96735e-05
10.67 -7.44337e-05
10.68 -0.000115721
10.69 -0.000162399
10.7 -0.000212966
10.71 -0.000265577
10.72 -0.000318193
10.73 -0.000368692
10.74 -0.000414959
10.75 -0.000455029
10.76 -0.000487191
10.77 -0.000510025
10.78 -0.000522435
10.79 -0.000523695
10.8 -0.000513507
10.81 -0.000492037
10.82 -0.000459872
10.83 -0.00041798
10.84 -0.00036769
10.85 -0.000310669
10.86 -0.000248893
10.87 -0.000184618
10.88 -0.000120265
10.89 -5.82662e-05
10.9 -9.64656e-07
10.91 4.951e-05
10.92 9.14163e-05
10.93 0.000123562
10.94 0.000145413
10.95 0.000157129
10.96 0.000159522
10.97 0.000153974
10.98 0.000142313
10.99 0.000126629
11 0.000109076
11.01 9.17354e-05
11.02 7.65157e-05
11.03 6.50268e-05
11.04 5.84766e-05
11.05 5.76548e-05
11.06 6.2985e-05
11.07 7.45344e-05
11.08 9.19996e-05
11.09 0.000114741
11.1 0.000141871
11.11 0.000172345
11.12 0.000205069
11.13 0.000238962
11.14 0.000272945
11.15 0.000305941
11.16 0.000336989
11.17 0.000365368
11.18 0.000390676
11.19 0.00041287
11.2 0.00043225
11.21 0.000449409
11.22 0.00046519
11.23 0.000480566
11.24 0.000496399
11.25 0.000513196
11.26 0.000530968
11.27 0.000549224
11.28 0.000567072
11.29 0.000583392
11.3 0.000597006
11.31 0.000606802
11.32 0.000611845
11.33 0.000611501
11.34 0.00060556
11.35 0.000594368
11.36 0.000578861
11.37 0.00056043
11.38 0.000540708
11.39 0.000521363
11.4 0.000503978
11.41 0.00048993
11.42 0.000480213
11.43 0.000475338
11.44 0.000475345
11.45 0.000479868
11.46 0.000488249
11.47 0.00049969
11.48 0.000513413
11.49 0.000528813
11.5 0.00054559
11.51 0.000563754
11.52 0.000583561
11.53 0.000605408
11.54 0.000629725
11.55 0.000656842
11.56 0.000686832
11.57 0.000719389
11.58 0.000753814
11.59 0.000789106
11.6 0.000824547
11.61 0.00086022
11.62 0.000896563
11.63 0.000933972
11.64 0.000972866
11.65 0.00101365
11.66 0.00105668
11.67 0.00110232
11.68 0.00115088
11.69 0.00120257
11.7 0.00125743
11.71 0.00131528
11.72 0.00137564
11.73 0.00143779
11.74 0.00150068
11.75 0.00156298
11.76 0.00162296
11.77 0.00167848
11.78 0.00172691
11.79 0.00176524
11.8 0.00179033
11.81 0.0017991
11.82 0.00178882
11.83 0.00175753
11.84 0.00170469
11.85 0.001631
11.86 0.00153821
11.87 0.00142895
11.88 0.00130656
11.89 0.00117496
11.9 0.00103848
11.91 0.000901657
11.92 0.000769044
11.93 0.00064502
11.94 0.000533577
11.95 0.000438158
11.96 0.000361497
11.97 0.000305515
11.98 0.000271337
11.99 0.000259339
12 0.000269153
12.01 0.000299658
12.02 0.000349071
12.03 0.000415117
12.04 0.000495149
12.05 0.000586202
12.06 0.000685047
12.07 0.000788256
12.08 0.000892221
12.09 0.000993164
12.1 0.00108724
12.11 0.00117073
12.12 0.00124019
12.13 0.00129251
12.14 0.00132503
12.15 0.00133566
12.16 0.00132302
12.17 0.0012866
12.18 0.00122687
12.19 0.00114529
12.2 0.00104417
12.21 0.000926658
12.22 0.000796678
12.23 0.000658729
12.24 0.000517592
12.25 0.000378149
12.26 0.000245282
12.27 0.000123667
12.28 1.75354e-05
12.29 -7.08147e-05
12.3 -0.000141843
12.31 -0.000196596
12.32 -0.000235478
12.33 -0.000258607
12.34 -0.000265848
12.35 -0.000256883
12.36 -0.000231589
12.37 -0.000190427
12.38 -0.000134275
12.39 -6.4362e-05
12.4 1.76528e-05
12.41 0.000109731
12.42 0.000209393
12.43 0.000313739
12.44 0.000419664
12.45 0.000524042
12.46 0.000623817
12.47 0.00071622
12.48 0.000799094
12.49 0.000871129
12.5 0.000931971
12.51 0.000982222
12.52 0.00102335
12.53 0.00105749
12.54 0.00108719
12.55 0.00111504
12.56 0.00114343
12.57 0.00117442
12.58 0.00120964
12.59 0.00125036
12.6 0.00129749
12.61 0.00135162
12.62 0.0014129
12.63 0.00148084
12.64 0.0015552
12.65 0.00163694
12.66 0.00172741
12.67 0.00182756
12.68 0.00193791
12.69 0.00205848
12.7 0.00218883
12.71 0.00232818
12.72 0.00247553
12.73 0.00262971
12.74 0.00278949
12.75 0.00295361
12.76 0.00312087
12.77 0.00329019
12.78 0.00346059
12.79 0.00363115
12.8 0.00380104
12.81 0.00396942
12.82 0.00413536
12.83 0.00429784
12.84 0.00445579
12.85 0.00460816
12.86 0.00475402
12.87 0.00489254
12.88 0.00502314
12.89 0.00514552
12.9 0.00525967
12.91 0.00536571
12.92 0.00546385
12.93 0.00555427
12.94 0.00563708
12.95 0.00571226
12.96 0.0057797
12.97 0.00583914
12.98 0.00589031
12.99 0.00593284
13 0.0059664
13.01 0.00599069
13.02 0.00600562
13.03 0.00601129
13.04 0.00600796
13.05 0.00599611
13.06 0.00597654
13.07 0.00595022
13.08 0.00591817
13.09 0.0058814
13.1 0.00584079
13.11 0.00579713
13.12 0.0057511
13.13 0.00570345
13.14 0.005655
13.15 0.00560671
13.16 0.00555972
13.17 0.00551533
13.18 0.00547494
13.19 0.0054399
13.2 0.00541147
13.21 0.00539061
13.22 0.00537794
13.23 0.00537368
13.24 0.00537767
13.25 0.00538931
13.26 0.00540763
13.27 0.00543127
13.28 0.00545858
13.29 0.00548767
13.3 0.0055165
13.31 0.00554292
13.32 0.00556475
13.33 0.00557983
13.34 0.00558622
13.35 0.00558231
13.36 0.00556701
13.37 0.00553984
13.38 0.005501
13.39 0.00545133
13.4 0.00539226
13.41 0.00532582
13.42 0.00525452
13.43 0.00518127
13.44 0.00510925
13.45 0.00504174
13.46 0.004982
13.47 0.0049331
13.48 0.00489778
13.49 0.00487824
13.5 0.00487608
13.51 0.00489222
13.52 0.00492682
13.53 0.00497932
13.54 0.00504852
13.55 0.00513264
13.56 0.00522937
13.57 0.00533591
13.58 0.00544901
13.59 0.005565
13.6 0.00567995
13.61 0.00578992
13.62 0.00589118
13.63 0.00598042
13.64 0.0060549
13.65 0.0061136
13.66 0.00615775
13.67 0.00618895
13.68 0.00620824
13.69 0.00621649
13.7 0.00621439
13.71 0.0062026
13.72 0.00618199
13.73 0.00615359
13.74 0.0061185
13.75 0.00607781
13.76 0.00603253
13.77 0.00598349
13.78 0.00593127
13.79 0.00587619
13.8 0.00581824
13.81 0.00575705
13.82 0.00569195
13.83 0.00562229
13.84 0.0055479
13.85 0.00546945
13.86 0.00538849
13.87 0.00530717
13.88 0.00522783
13.89 0.00515264
13.9 0.00508351
13.91 0.00502208
13.92 0.00496966
13.93 0.00492713
13.94 0.00489486
13.95 0.00487277
13.96 0.00486038
13.97 0.00485683
13.98 0.00486092
13.99 0.00487116
14 0.00488573
14.01 0.00490262
14.02 0.00491974
14.03 0.00493504
14.04 0.00494666
14.05 0.00495299
14.06 0.00495266
14.07 0.0049445
14.08 0.00492757
14.09 0.0049011
14.1 0.00486455
14.11 0.0048175
14.12 0.00475971
14.13 0.0046911
14.14 0.00461171
14.15 0.00452173
14.16 0.00442148
14.17 0.00430986
14.18 0.00418318
14.19 0.00403736
14.2 0.00386902
14.21 0.00367486
14.22 0.00345168
14.23 0.00319627
14.24 0.00290545
14.25 0.002576
14.26 0.00220466
14.27 0.00178824
14.28 0.00132368
14.29 0.000808163
14.3 0.000239191
14.31 -0.000385348
14.32 -0.00106711
14.33 -0.00180728
14.34 -0.00260671
14.35 -0.00346606
14.36 -0.00438598
14.37 -0.00536729
14.38 -0.00641101
14.39 -0.00751829
14.4 -0.00869032
14.41 -0.00992829
14.42 -0.0112333
14.43 -0.0126064
14.44 -0.0140482
14.45 -0.0155588
14.46 -0.017138
14.47 -0.0187848
14.48 -0.0204981
14.49 -0.0222764
14.5 -0.0241181
14.51 -0.0260217
14.52 -0.0279857
14.53 -0.0300088
14.54 -0.0320897
14.55 -0.0342273
14.56 -0.0364205
14.57 -0.0386684
14.58 -0.0409699
14.59 -0.043324
14.6 -0.0457295
14.61 -0.048185
14.62 -0.0506885
14.63 -0.0532378
14.64 -0.0558295
14.65 -0.0584596
14.66 -0.0611235
14.67 -0.0638157
14.68 -0.0665306
14.69 -0.0692628
14.7 -0.0720074
14.71 -0.0747595
14.72 -0.0775144
14.73 -0.080267
14.74 -0.083011
14.75 -0.0857393
14.76 -0.0884445
14.77 -0.0911192
14.78 -0.0937562
14.79 -0.0963487
14.8 -0.0988897
14.81 -0.101373
14.82 -0.103791
14.83 -0.106138
14.84 -0.108409
14.85 -0.110596
14.86 -0.112695
14.87 -0.1147
14.88 -0.116605
14.89 -0.118406
14.9 -0.120097
14.91 -0.121672
14.92 -0.123127
14.93 -0.124456
14.94 -0.125654
14.95 -0.126716
14.96 -0.127637
14.97 -0.128414
14.98 -0.129042
14.99 -0.12952
15 -0.129845
15.01 -0.130019
15.02 -0.130043
15.03 -0.129921
15.04 -0.129661
15.05 -0.12928
15.06 -0.128802
15.07 -0.128251
15.08 -0.127652
15.09 -0.127013
15.1 -0.12634
15.11 -0.125638
15.12 -0.124912
15.13 -0.124168
15.14 -0.12341
15.15 -0.122644
15.16 -0.121873
15.17 -0.121104
15.18 -0.120338
15.19 -0.119579
15.2 -0.11883
15.21 -0.118092
15.22 -0.117369
15.23 -0.116664
15.24 -0.115979
15.25 -0.115316
15.26 -0.11468
15.27 -0.114075
15.28 -0.113504
15.29 -0.112972
15.3 -0.112482
15.31 -0.112038
15.32 -0.111641
15.33 -0.111295
15.34 -0.110999
15.35 -0.110755
15.36 -0.110565
15.37 -0.11043
15.38 -0.110352
15.39 -0.110332
15.4 -0.110371
15.41 -0.110469
15.42 -0.110622
15.43 -0.110822
15.44 -0.111061
15.45 -0.111328
15.46 -0.11161
15.47 -0.111896
15.48 -0.11217
15.49 -0.112423
15.5 -0.112651
15.51 -0.112852
15.52 -0.11302
15.53 -0.113152
15.54 -0.113242
15.55 -0.113286
15.56 -0.113279
15.57 -0.113219
15.58 -0.113103
15.59 -0.112933
15.6 -0.112711
15.61 -0.112442
15.62 -0.112135
15.63 -0.111797
15.64 -0.111437
15.65 -0.111063
15.66 -0.110668
15.67 -0.110249
15.68 -0.109799
15.69 -0.109315
15.7 -0.108791
15.71 -0.108223
15.72 -0.107607
15.73 -0.106939
15.74 -0.106214
15.75 -0.105428
15.76 -0.104578
15.77 -0.103658
15.78 -0.102665
15.79 -0.101596
15.8 -0.100447
15.81 -0.099214
15.82 -0.0978953
15.83 -0.0964883
15.84 -0.0949909
15.85 -0.0934018
15.86 -0.09172
15.87 -0.0899445
15.88 -0.0880748
15.89 -0.0861106
15.9 -0.0840517
15.91 -0.0818987
15.92 -0.0796517
15.93 -0.0773112
15.94 -0.0748777
15.95 -0.0723516
15.96 -0.0697339
15.97 -0.067026
15.98 -0.0642294
15.99 -0.0613464
16 -0.0583795
16.01 -0.0553321
16.02 -0.0522079
16.03 -0.0490119
16.04 -0.0457496
16.05 -0.0424275
16.06 -0.0390525
16.07 -0.0356321
16.08 -0.0321735
16.09 -0.0286835
16.1 -0.025169
16.11 -0.0216367
16.12 -0.0180931
16.13 -0.0145446
16.14 -0.0109975
16.15 -0.00745841
16.16 -0.00393357
16.17 -0.000429351
16.18 0.00304796
16.19 0.00649214
16.2 0.00989713
16.21 0.0132572
16.22 0.0165669
16.23 0.0198216
16.24 0.0230173
16.25 0.0261509
16.26 0.0292201
16.27 0.0322235
16.28 0.0351603
16.29 0.0380299
16.3 0.040832
16.31 0.0435666
16.32 0.0462336
16.33 0.0488333
16.34 0.0513662
16.35 0.0538328
16.36 0.0562336
16.37 0.0585693
16.38 0.0608406
16.39 0.0630483
16.4 0.0651933
16.41 0.0672767
16.42 0.0692994
16.43 0.0712624
16.44 0.0731665
16.45 0.0750123
16.46 0.0768008
16.47 0.0785327
16.48 0.0802088
16.49 0.0818298
16.5 0.0833964
16.51 0.0849093
16.52 0.0863692
16.53 0.0877768
16.54 0.089133
16.55 0.0904384
16.56 0.0916938
16.57 0.0928998
16.58 0.0940567
16.59 0.0951651
16.6 0.0962249
16.61 0.0972362
16.62 0.0981987
16.63 0.0991117
16.64 0.0999745
16.65 0.100786
16.66 0.101544
16.67 0.102247
16.68 0.102893
16.69 0.103479
16.7 0.104003
16.71 0.104462
16.72 0.104854
16.73 0.105176
16.74 0.105429
16.75 0.105611
16.76 0.105722
16.77 0.105762
16.78 0.105731
16.79 0.105632
16.8 0.10547
16.81 0.105252
16.82 0.10499
16.83 0.104694
16.84 0.104379
16.85 0.104057
16.86 0.103743
16.87 0.103444
16.88 0.103156
16.89 0.102877
16.9 0.102605
16.91 0.102339
16.92 0.102078
16.93 0.101821
16.94 0.101568
16.95 0.101318
16.96 0.10107
16.97 0.100823
16.98 0.100577
16.99 0.100331
17 0.100086
17.01 0.0998406
17.02 0.0995952
17.03 0.0993493
17.04 0.0991029
17.05 0.0988554
17.06 0.0986065
17.07 0.098356
17.08 0.0981038
17.09 0.0978495
17.1 0.0975931
17.11 0.0973342
17.12 0.0970727
17.13 0.0968082
17.14 0.0965406
17.15 0.0962697
17.16 0.0959954
17.17 0.0957175
17.18 0.0954357
17.19 0.09515
17.2 0.0948601
17.21 0.0945661
17.22 0.0942679
17.23 0.0939655
17.24 0.0936587
17.25 0.0933475
17.26 0.0930315
17.27 0.0927107
17.28 0.0923844
17.29 0.0920523
17.3 0.0917138
17.31 0.0913683
17.32 0.0910154
17.33 0.0906546
17.34 0.0902852
17.35 0.0899066
17.36 0.0895179
17.37 0.0891177
17.38 0.0887045
17.39 0.0882763
17.4 0.0878307
17.41 0.087365
17.42 0.0868759
17.43 0.0863602
17.44 0.0858148
17.45 0.0852371
17.46 0.0846249
17.47 0.0839767
17.48 0.0832915
17.49 0.0825688
17.5 0.0818082
17.51 0.0810092
17.52 0.0801715
17.53 0.0792946
17.54 0.0783781
17.55 0.0774215
17.56 0.0764247
17.57 0.0753879
17.58 0.0743111
17.59 0.0731952
17.6 0.0720411
17.61 0.0708501
17.62 0.0696241
17.63 0.0683654
17.64 0.0670766
17.65 0.0657607
17.66 0.0644208
17.67 0.0630604
17.68 0.0616829
17.69 0.0602921
17.7 0.0588914
17.71 0.0574843
17.72 0.0560736
17.73 0.0546619
17.74 0.0532513
17.75 0.0518438
17.76 0.0504418
17.77 0.0490476
17.78 0.0476641
17.79 0.0462944
17.8 0.0449422
17.81 0.0436112
17.82 0.0423049
17.83 0.041027
17.84 0.039781
17.85 0.0385701
17.86 0.0373977
17.87 0.0362666
17.88 0.0351796
17.89 0.034139
17.9 0.0331465
17.91 0.0322034
17.92 0.0313101
17.93 0.0304671
17.94 0.0296743
17.95 0.0289317
17.96 0.0282389
17.97 0.0275954
17.98 0.0270006
17.99 0.0264537
18 0.0259539
18.01 0.0255003
18.02 0.025092
18.03 0.0247281
18.04 0.0244079
18.05 0.0241304
18.06 0.023895
18.07 0.0237012
18.08 0.023548
18.09 0.0234349
18.1 0.023361
18.11 0.0233255
18.12 0.0233274
18.13 0.0233657
18.14 0.0234379
18.15 0.0235405
18.16 0.0236688
18.17 0.0238173
18.18 0.02398
18.19 0.0241504
18.2 0.0243222
18.21 0.024489
18.22 0.0246451
18.23 0.0247852
18.24 0.0249046
18.25 0.0249996
18.26 0.0250675
18.27 0.0251068
18.28 0.0251177
18.29 0.0251023
18.3 0.0250628
18.31 0.0250028
18.32 0.0249264
18.33 0.0248384
18.34 0.0247439
18.35 0.0246481
18.36 0.0245559
18.37 0.0244719
18.38 0.0244002
18.39 0.0243441
18.4 0.0243065
18.41 0.0242892
18.42 0.0242935
18.43 0.0243199
18.44 0.0243682
18.45 0.0244374
18.46 0.0245259
18.47 0.0246317
18.48 0.0247519
18.49 0.0248834
18.5 0.0250225
18.51 0.0251651
18.52 0.0253089
18.53 0.0254551
18.54 0.0256053
18.55 0.0257607
18.56 0.0259222
18.57 0.0260903
18.58 0.0262655
18.59 0.0264482
18.6 0.0266391
18.61 0.0268384
18.62 0.0270468
18.63 0.0272647
18.64 0.0274926
18.65 0.027731
18.66 0.0279802
18.67 0.0282402
18.68 0.0285105
18.69 0.0287899
18.7 0.0290765
18.71 0.0293675
18.72 0.0296594
18.73 0.0299479
18.74 0.0302284
18.75 0.0304965
18.76 0.0307479
18.77 0.0309784
18.78 0.0311841
18.79 0.031361
18.8 0.0315053
18.81 0.031613
18.82 0.0316804
18.83 0.0317036
18.84 0.0316788
18.85 0.0316033
18.86 0.0314769
18.87 0.0313013
18.88 0.0310805
18.89 0.03082
18.9 0.0305276
18.91 0.0302125
18.92 0.0298852
18.93 0.029553
18.94 0.0292157
18.95 0.028871
18.96 0.0285174
18.97 0.0281534
18.98 0.0277775
18.99 0.0273881
19 0.0269831
19.01 0.0265603
19.02 0.0261171
19.03 0.0256508
19.04 0.0251585
19.05 0.0246376
19.06 0.024086
19.07 0.0235017
19.08 0.0228833
19.09 0.0222297
19.1 0.0215402
19.11 0.0208139
19.12 0.0200502
19.13 0.0192479
19.14 0.0184059
19.15 0.017523
19.16 0.0165981
19.17 0.0156307
19.18 0.0146209
19.19 0.0135696
19.2 0.0124785
19.21 0.0113501
19.22 0.0101874
19.23 0.00899395
19.24 0.00777337
19.25 0.00652919
19.26 0.00526434
19.27 0.00398094
19.28 0.00268054
19.29 0.00136434
19.3 3.36338e-05
19.31 -0.00131001
19.32 -0.00266476
19.33 -0.00402848
19.34 -0.0053986
19.35 -0.00677216
19.36 -0.0081458
19.37 -0.00951588
19.38 -0.0108788
19.39 -0.012231
19.4 -0.0135692
19.41 -0.0148902
19.42 -0.0161907
19.43 -0.0174675
19.44 -0.0187175
19.45 -0.0199377
19.46 -0.0211253
19.47 -0.0222774
19.48 -0.0233912
19.49 -0.0244641
19.5 -0.0254937
19.51 -0.026478
19.52 -0.027415
19.53 -0.028303
19.54 -0.0291407
19.55 -0.0299272
19.56 -0.030662
19.57 -0.0313454
19.58 -0.0319776
19.59 -0.0325592
19.6 -0.0330906
19.61 -0.0335728
19.62 -0.0340065
19.63 -0.0343927
19.64 -0.0347324
19.65 -0.0350266
19.66 -0.0352763
19.67 -0.0354828
19.68 -0.0356472
19.69 -0.0357709
19.7 -0.0358553
19.71 -0.0359021
19.72 -0.0359127
19.73 -0.0358889
19.74 -0.0358331
19.75 -0.0357494
19.76 -0.0356425
19.77 -0.0355178
19.78 -0.0353811
19.79 -0.0352384
19.8 -0.0350959
19.81 -0.0349597
19.82 -0.0348356
19.83 -0.0347287
19.84 -0.0346436
19.85 -0.0345839
19.86 -0.0345522
19.87 -0.0345502
19.88 -0.034578
19.89 -0.0346348
19.9 -0.0347183
19.91 -0.034825
19.92 -0.0349504
19.93 -0.035089
19.94 -0.0352347
19.95 -0.0353813
19.96 -0.0355229
19.97 -0.0356539
19.98 -0.0357696
19.99 -0.0358663
20 -0.0359412
20.01 -0.0359937
20.02 -0.0360252
20.03 -0.0360375
20.04 -0.0360319
20.05 -0.0360091
20.06 -0.0359703
20.07 -0.035917
20.08 -0.0358504
20.09 -0.0357722
20.1 -0.0356837
20.11 -0.0355867
20.12 -0.0354827
20.13 -0.035374
20.14 -0.035263
20.15 -0.0351519
20.16 -0.0350432
20.17 -0.0349393
20.18 -0.0348424
20.19 -0.0347547
20.2 -0.0346783
20.21 -0.034615
20.22 -0.0345661
20.23 -0.0345324
20.24 -0.0345141
20.25 -0.0345104
20.26 -0.0345205
20.27 -0.0345426
20.28 -0.0345751
20.29 -0.0346159
20.3 -0.0346628
20.31 -0.0347138
20.32 -0.0347668
20.33 -0.0348196
20.34 -0.0348706
20.35 -0.0349177
20.36 -0.0349595
20.37 -0.0349943
20.38 -0.0350205
20.39 -0.0350366
20.4 -0.035041
20.41 -0.0350325
20.42 -0.0350099
20.43 -0.0349727
20.44 -0.0349206
20.45 -0.0348541
20.46 -0.0347743
20.47 -0.0346829
20.48 -0.0345821
20.49 -0.0344743
20.5 -0.0343621
20.51 -0.0342481
20.52 -0.0341336
20.53 -0.0340163
20.54 -0.0338936
20.55 -0.0337635
20.56 -0.0336238
20.57 -0.0334728
20.58 -0.0333087
20.59 -0.0331308
20.6 -0.0329383
20.61 -0.0327314
20.62 -0.0325104
20.63 -0.0322758
20.64 -0.0320282
20.65 -0.0317685
20.66 -0.0314972
20.67 -0.0312149
20.68 -0.0309224
20.69 -0.0306201
20.7 -0.0303082
20.71 -0.0299871
20.72 -0.0296568
20.73 -0.0293175
20.74 -0.0289693
20.75 -0.0286122
20.76 -0.0282465
20.77 -0.0278723
20.78 -0.0274893
20.79 -0.0270975
20.8 -0.0266963
20.81 -0.0262847
20.82 -0.0258613
20.83 -0.0254246
20.84 -0.0249726
20.85 -0.0245036
20.86 -0.024016
20.87 -0.0235086
20.88 -0.0229805
20.89 -0.0224311
20.9 -0.0218603
20.91 -0.021268
20.92 -0.0206545
20.93 -0.0200198
20.94 -0.0193642
20.95 -0.018688
20.96 -0.0179916
20.97 -0.0172757
20.98 -0.0165413
20.99 -0.0157897
21 -0.0150226
21.01 -0.0142421
21.02 -0.0134506
21.03 -0.012651
21.04 -0.0118461
21.05 -0.0110389
21.06 -0.0102324
21.07 -0.00942914
21.08 -0.00863192
21.09 -0.00784336
21.1 -0.00706605
21.11 -0.00630231
21.12 -0.00555412
21.13 -0.00482309
21.14 -0.00411045
21.15 -0.00341721
21.16 -0.00274421
21.17 -0.00209223
21.18 -0.00146199
21.19 -0.000854164
21.2 -0.000269436
21.21 0.000291546
21.22 0.000828163
21.23 0.00133983
21.24 0.00182602
21.25 0.00228632
21.26 0.00272048
21.27 0.00312851
21.28 0.00351063
21.29 0.00386726
21.3 0.00419899
21.31 0.00450651
21.32 0.00479048
21.33 0.00505142
21.34 0.00528968
21.35 0.00550543
21.36 0.00569865
21.37 0.00586909
21.38 0.00601627
21.39 0.00613946
21.4 0.00623775
21.41 0.00631
21.42 0.00635492
21.43 0.00637126
21.44 0.00635776
21.45 0.00631389
21.46 0.00624071
21.47 0.0061407
21.48 0.00601736
21.49 0.00587521
21.5 0.00571944
21.51 0.00555567
21.52 0.0053898
21.53 0.00522777
21.54 0.00507525
21.55 0.00493743
21.56 0.00481872
21.57 0.00472257
21.58 0.00465122
21.59 0.0046056
21.6 0.00458493
21.61 0.00458687
21.62 0.00460868
21.63 0.00464737
21.64 0.00469954
21.65 0.00476162
21.66 0.00483004
21.67 0.00490127
21.68 0.00497195
21.69 0.00503896
21.7 0.00509938
21.71 0.0051506
21.72 0.00519046
21.73 0.0052174
21.74 0.00523057
21.75 0.0052299
21.76 0.00521617
21.77 0.00519093
21.78 0.00515641
21.79 0.0051153
21.8 0.00507056
21.81 0.00502514
21.82 0.00498173
21.83 0.0049426
21.84 0.00490949
21.85 0.00488357
21.86 0.00486547
21.87 0.00485524
21.88 0.0048524
21.89 0.00485602
21.9 0.00486485
21.91 0.00487751
21.92 0.00489257
21.93 0.00490868
21.94 0.0049247
21.95 0.00493965
21.96 0.00495264
21.97 0.00496271
21.98 0.00496883
21.99 0.00496982
22 0.00496435
22.01 0.00495102
22.02 0.00492847
22.03 0.00489563
22.04 0.00485196
22.05 0.00479776
22.06 0.00473433
22.07 0.00466407
22.08 0.00459016
22.09 0.00451618
22.1 0.00444436
22.11 0.00437476
22.12 0.00430749
22.13 0.0042435
22.14 0.00418367
22.15 0.00412876
22.16 0.00407933
22.17 0.00403578
22.18 0.00399835
22.19 0.00396718
22.2 0.00394242
22.21 0.0039243
22.22 0.00391321
22.23 0.00390974
22.24 0.00391465
22.25 0.00392856
22.26 0.00395171
22.27 0.00398393
22.28 0.00402466
22.29 0.00407284
22.3 0.00412686
22.31 0.00418455
22.32 0.00424324
22.33 0.00429998
22.34 0.00435175
22.35 0.00439564
22.36 0.00442908
22.37 0.00444998
22.38 0.00445694
22.39 0.00444928
22.4 0.00442714
22.41 0.00439141
22.42 0.00434376
22.43 0.00428652
22.44 0.00422247
22.45 0.00415473
22.46 0.00408676
22.47 0.00402216
22.48 0.00396461
22.49 0.00391763
22.5 0.00388441
22.51 0.00386733
22.52 0.00386785
22.53 0.0038873
22.54 0.00392671
22.55 0.00398629
22.56 0.00406543
22.57 0.00416275
22.58 0.00427623
22.59 0.00440319
22.6 0.00454044
22.61 0.0046844
22.62 0.00483129
22.63 0.00497713
22.64 0.00511791
22.65 0.00524973
22.66 0.00536888
22.67 0.00547199
22.68 0.00555607
22.69 0.00561878
22.7 0.00565927
22.71 0.00567846
22.72 0.00567797
22.73 0.00565962
22.74 0.00562578
22.75 0.0055795
22.76 0.00552426
22.77 0.00546376
22.78 0.00540172
22.79 0.00534174
22.8 0.00528721
22.81 0.00524122
22.82 0.00520639
22.83 0.00518476
22.84 0.00517773
22.85 0.00518597
22.86 0.00520943
22.87 0.00524732
22.88 0.00529818
22.89 0.00535988
22.9 0.00542971
22.91 0.00550447
22.92 0.00558061
22.93 0.00565441
22.94 0.00572215
22.95 0.00578133
22.96 0.00583134
22.97 0.00587168
22.98 0.00590137
22.99 0.00591969
23 0.00592632
23.01 0.00592141
23.02 0.00590563
23.03 0.00588039
23.04 0.00584773
23.05 0.00581005
23.06 0.00576995
23.07 0.00572999
23.08 0.0056924
23.09 0.00565892
23.1 0.00563082
23.11 0.00560903
23.12 0.00559412
23.13 0.00558635
23.14 0.00558572
23.15 0.00559195
23.16 0.00560449
23.17 0.00562254
23.18 0.00564515
23.19 0.00567128
23.2 0.00569984
23.21 0.00572973
23.22 0.00575976
23.23 0.00578873
23.24 0.00581551
23.25 0.00583911
23.26 0.00585862
23.27 0.00587332
23.28 0.00588283
23.29 0.00588711
23.3 0.00588643
23.31 0.00588136
23.32 0.0058727
23.33 0.00586138
23.34 0.00584835
23.35 0.00583456
23.36 0.00582086
23.37 0.00580793
23.38 0.00579626
23.39 0.00578609
23.4 0.00577737
23.41 0.00576972
23.42 0.00576248
23.43 0.00575481
23.44 0.00574571
23.45 0.00573407
23.46 0.00571884
23.47 0.00569924
23.48 0.0056749
23.49 0.00564592
23.5 0.00561285
23.51 0.00557654
23.52 0.00553805
23.53 0.00549857
23.54 0.00545934
23.55 0.00542163
23.56 0.00538664
23.57 0.00535555
23.58 0.0053294
23.59 0.00530914
23.6 0.00529546
23.61 0.00528882
23.62 0.00528943
23.63 0.00529727
23.64 0.00531212
23.65 0.00533356
23.66 0.00536093
23.67 0.00539329
23.68 0.00542939
23.69 0.00546771
23.7 0.00550652
23.71 0.00554396
23.72 0.00557807
23.73 0.00560694
23.74 0.0056287
23.75 0.00564162
23.76 0.0056441
23.77 0.00563467
23.78 0.00561201
23.79 0.00557507
23.8 0.00552315
23.81 0.00545614
23.82 0.00537461
23.83 0.0052798
23.84 0.00517353
23.85 0.00505812
23.86 0.00493629
23.87 0.00481103
23.88 0.00468543
23.89 0.00456252
23.9 0.00444507
23.91 0.00433541
23.92 0.0042353
23.93 0.00414597
23.94 0.004067
23.95 0.00399562
23.96 0.00392871
23.97 0.00386391
23.98 0.00379925
23.99 0.00373332
24 0.00366524
24.01 0.00359461
24.02 0.00352141
24.03 0.00344594
24.04 0.00336904
24.05 0.00329209
24.06 0.00321708
24.07 0.00314653
24.08 0.00308321
24.09 0.00302989
24.1 0.00298924
24.11 0.00296369
24.12 0.00295534
24.13 0.00296582
24.14 0.00299577
24.15 0.00304432
24.16 0.00310925
24.17 0.00318744
24.18 0.0032751
24.19 0.00336803
24.2 0.00346182
24.21 0.003552
24.22 0.00363425
24.23 0.00370458
24.24 0.00375946
24.25 0.00379607
24.26 0.00381232
24.27 0.00380689
24.28 0.00377927
24.29 0.00372971
24.3 0.00365912
24.31 0.0035691
24.32 0.00346202
24.33 0.00334114
24.34 0.00321063
24.35 0.00307557
24.36 0.00294162
24.37 0.00281313
24.38 0.00269156
24.39 0.00257727
24.4 0.00247088
24.41 0.00237303
24.42 0.00228428
24.43 0.00220503
24.44 0.00213549
24.45 0.00207576
24.46 0.00202588
24.47 0.00198594
24.48 0.0019561
24.49 0.00193658
24.5 0.00192767
24.51 0.00192964
24.52 0.00194262
24.53 0.00196624
24.54 0.0019996
24.55 0.00204131
24.56 0.00208954
24.57 0.0021421
24.58 0.00219643
24.59 0.0022498
24.6 0.00229954
24.61 0.00234321
24.62 0.00237871
24.63 0.00240426
24.64 0.00241862
24.65 0.00242117
24.66 0.00241211
24.67 0.00239232
24.68 0.00236333
24.69 0.00232724
24.7 0.00228665
24.71 0.00224443
24.72 0.00220354
24.73 0.00216686
24.74 0.00213702
24.75 0.00211639
24.76 0.002107
24.77 0.0021104
24.78 0.00212747
24.79 0.00215832
24.8 0.00220232
24.81 0.00225816
24.82 0.00232388
24.83 0.00239691
24.84 0.00247425
24.85 0.00255265
24.86 0.00262881
24.87 0.00269946
24.88 0.00276154
24.89 0.00281224
24.9 0.00284903
24.91 0.00286985
24.92 0.00287316
24.93 0.00285808
24.94 0.00282443
24.95 0.00277279
24.96 0.00270448
24.97 0.00262147
24.98 0.00252633
24.99 0.00242218
25 0.0023126
