0.01 3.1398e-09
0.02 1.50213e-08
0.03 3.66831e-08
0.04 6.52187e-08
0.05 9.76446e-08
0.06 1.30993e-07
0.07 1.62398e-07
0.08 1.89159e-07
0.09 2.0878e-07
0.1 2.19031e-07
0.11 2.1801e-07
0.12 2.04189e-07
0.13 1.76402e-07
0.14 1.33811e-07
0.15 7.59064e-08
0.16 2.57075e-09
0.17 -8.58816e-08
0.18 -1.88707e-07
0.19 -3.04748e-07
0.2 -4.32456e-07
0.21 -5.69931e-07
0.22 -7.14963e-07
0.23 -8.65105e-07
0.24 -1.01775e-06
0.25 -1.17022e-06
0.26 -1.31991e-06
0.27 -1.4644e-06
0.28 -1.60133e-06
0.29 -1.72823e-06
0.3 -1.84252e-06
0.31 -1.94146e-06
0.32 -2.02219e-06
0.33 -2.08163e-06
0.34 -2.11643e-06
0.35 -2.12333e-06
0.36 -2.09944e-06
0.37 -2.04246e-06
0.38 -1.95123e-06
0.39 -1.82657e-06
0.4 -1.6718e-06
0.41 -1.49291e-06
0.42 -1.29799e-06
0.43 -1.09634e-06
0.44 -8.98399e-07
0.45 -7.15251e-07
0.46 -5.57945e-07
0.47 -4.3679e-07
0.48 -3.60548e-07
0.49 -3.36029e-07
0.5 -3.67839e-07
0.51 -4.58516e-07
0.52 -6.08829e-07
0.53 -8.17301e-07
0.54 -1.08054e-06
0.55 -1.39379e-06
0.56 -1.75056e-06
0.57 -2.14301e-06
0.58 -2.56258e-06
0.59 -3.00017e-06
0.6 -3.44628e-06
0.61 -3.89124e-06
0.62 -4.32542e-06
0.63 -4.73951e-06
0.64 -5.12485e-06
0.65 -5.47363e-06
0.66 -5.77929e-06
0.67 -6.03668e-06
0.68 -6.2422e-06
0.69 -6.39387e-06
0.7 -6.49115e-06
0.71 -6.53457e-06
0.72 -6.52528e-06
0.73 -6.46432e-06
0.74 -6.35195e-06
0.75 -6.18706e-06
0.76 -5.96691e-06
0.77 -5.68751e-06
0.78 -5.34487e-06
0.79 -4.93733e-06
0.8 -4.46714e-06
0.81 -3.94069e-06
0.82 -3.36806e-06
0.83 -2.76195e-06
0.84 -2.13753e-06
0.85 -1.51352e-06
0.86 -9.10974e-07
0.87 -3.49004e-07
0.88 1.59447e-07
0.89 6.08457e-07
0.9 9.97079e-07
0.91 1.32745e-06
0.92 1.60355e-06
0.93 1.82909e-06
0.94 2.00471e-06
0.95 2.12685e-06
0.96 2.18714e-06
0.97 2.17348e-06
0.98 2.07512e-06
0.99 1.88804e-06
1 1.61679e-06
1.01 1.27357e-06
1.02 8.7798e-07
1.03 4.55422e-07
1.04 3.39718e-08
1.05 -3.58512e-07
1.06 -6.98303e-07
1.07 -9.67938e-07
1.08 -1.15514e-06
1.09 -1.25033e-06
1.1 -1.24597e-06
1.11 -1.13811e-06
1.12 -9.2523e-07
1.13 -6.06529e-07
1.14 -1.82467e-07
1.15 3.43931e-07
1.16 9.65352e-07
1.17 1.66794e-06
1.18 2.42942e-06
1.19 3.22151e-06
1.2 4.014e-06
1.21 4.77399e-06
1.22 5.46539e-06
1.23 6.0526e-06
1.24 6.50685e-06
1.25 6.81441e-06
1.26 6.98146e-06
1.27 7.02874e-06
1.28 6.98161e-06
1.29 6.86656e-06
1.3 6.70988e-06
1.31 6.5321e-06
1.32 6.34514e-06
1.33 6.15477e-06
1.34 5.96578e-06
1.35 5.78534e-06
1.36 5.62307e-06
1.37 5.4907e-06
1.38 5.40117e-06
1.39 5.36709e-06
1.4 5.39837e-06
1.41 5.49902e-06
1.42 5.66331e-06
1.43 5.87186e-06
1.44 6.0885e-06
1.45 6.25925e-06
1.46 6.3153e-06
1.47 6.18126e-06
1.48 5.78365e-06
1.49 5.05392e-06
1.5 3.93317e-06
1.51 2.37804e-06
1.52 3.63718e-07
1.53 -2.10885e-06
1.54 -5.00529e-06
1.55 -8.25162e-06
1.56 -1.17341e-05
1.57 -1.53119e-05
1.58 -1.88289e-05
1.59 -2.21242e-05
1.6 -2.50488e-05
1.61 -2.74746e-05
1.62 -2.92953e-05
1.63 -3.04287e-05
1.64 -3.08187e-05
1.65 -3.04352e-05
1.66 -2.92773e-05
1.67 -2.73742e-05
1.68 -2.4782e-05
1.69 -2.15767e-05
1.7 -1.78476e-05
1.71 -1.36959e-05
1.72 -9.23036e-06
1.73 -4.56336e-06
1.74 1.9619e-07
1.75 4.9488e-06
1.76 9.60227e-06
1.77 1.40669e-05
1.78 1.82619e-05
1.79 2.21224e-05
1.8 2.55986e-05
1.81 2.8652e-05
1.82 3.12561e-05
1.83 3.33948e-05
1.84 3.50528e-05
1.85 3.62105e-05
1.86 3.68486e-05
1.87 3.69585e-05
1.88 3.6548e-05
1.89 3.56418e-05
1.9 3.42802e-05
1.91 3.25187e-05
1.92 3.04259e-05
1.93 2.80793e-05
1.94 2.55511e-05
1.95 2.28897e-05
1.96 2.01182e-05
1.97 1.72395e-05
1.98 1.42402e-05
1.99 1.1103e-05
2 7.82672e-06
2.01 4.44462e-06
2.02 1.02489e-06
2.03 -2.33439e-06
2.04 -5.51079e-06
2.05 -8.37059e-06
2.06 -1.07822e-05
2.07 -1.26291e-05
2.08 -1.38282e-05
2.09 -1.43424e-05
2.1 -1.4183e-05
2.11 -1.34061e-05
2.12 -1.21128e-05
2.13 -1.04507e-05
2.14 -8.59935e-06
2.15 -6.75251e-06
2.16 -5.111e-06
2.17 -3.87101e-06
2.18 -3.21779e-06
2.19 -3.32856e-06
2.2 -4.37514e-06
2.21 -6.51424e-06
2.22 -9.87313e-06
2.23 -1.45407e-05
2.24 -2.05607e-05
2.25 -2.79362e-05
2.26 -3.66255e-05
2.27 -4.65177e-05
2.28 -5.74306e-05
2.29 -6.91278e-05
2.3 -8.13295e-05
2.31 -9.37191e-05
2.32 -0.000105945
2.33 -0.000117616
2.34 -0.000128309
2.35 -0.000137583
2.36 -0.000144996
2.37 -0.000150131
2.38 -0.000152613
2.39 -0.000152112
2.4 -0.000148376
2.41 -0.000141267
2.42 -0.00013079
2.43 -0.000117066
2.44 -0.000100314
2.45 -8.08364e-05
2.46 -5.90128e-05
2.47 -3.52993e-05
2.48 -1.02206e-05
2.49 1.566e-05
2.5 4.17719e-05
2.51 6.75637e-05
2.52 9.25179e-05
2.53 0.000116149
2.54 0.000138012
2.55 0.000157716
2.56 0.000174926
2.57 0.000189349
2.58 0.000200711
2.59 0.000208767
2.6 0.000213305
2.61 0.000214171
2.62 0.00021129
2.63 0.000204686
2.64 0.000194492
2.65 0.000180946
2.66 0.00016438
2.67 0.000145213
2.68 0.000123922
2.69 0.000101023
2.7 7.70445e-05
2.71 5.25333e-05
2.72 2.80371e-05
2.73 4.09489e-06
2.74 -1.87585e-05
2.75 -4.00006e-05
2.76 -5.9148e-05
2.77 -7.57727e-05
2.78 -8.94871e-05
2.79 -9.99405e-05
2.8 -0.000106832
2.81 -0.000109923
2.82 -0.000109071
2.83 -0.000104265
2.84 -9.56261e-05
2.85 -8.34051e-05
2.86 -6.79699e-05
2.87 -4.98007e-05
2.88 -2.94922e-05
2.89 -7.72962e-06
2.9 1.47536e-05
2.91 3.72021e-05
2.92 5.88564e-05
2.93 7.8978e-05
2.94 9.68811e-05
2.95 0.000111953
2.96 0.000123674
2.97 0.000131663
2.98 0.00013569
2.99 0.000135669
3 0.000131649
3.01 0.000123798
3.02 0.000112374
3.03 9.77045e-05
3.04 8.01664e-05
3.05 6.01712e-05
3.06 3.81455e-05
3.07 1.45167e-05
3.08 -1.0294e-05
3.09 -3.58656e-05
3.1 -6.17556e-05
3.11 -8.7484e-05
3.12 -0.000112527
3.13 -0.000136317
3.14 -0.000158267
3.15 -0.000177818
3.16 -0.000194458
3.17 -0.000207731
3.18 -0.000217254
3.19 -0.000222736
3.2 -0.000224013
3.21 -0.00022103
3.22 -0.00021381
3.23 -0.000202438
3.24 -0.000187061
3.25 -0.000167887
3.26 -0.000145195
3.27 -0.000119309
3.28 -9.05716e-05
3.29 -5.93746e-05
3.3 -2.61753e-05
3.31 8.53201e-06
3.32 4.42297e-05
3.33 8.03422e-05
3.34 0.000116206
3.35 0.000151062
3.36 0.00018406
3.37 0.000214289
3.38 0.000240817
3.39 0.000262715
3.4 0.00027909
3.41 0.000289126
3.42 0.000292132
3.43 0.000287595
3.44 0.000275206
3.45 0.000254873
3.46 0.000226731
3.47 0.000191174
3.48 0.00014889
3.49 0.000100859
3.5 4.8318e-05
3.51 -7.28907e-06
3.52 -6.43555e-05
3.53 -0.000121171
3.54 -0.000175997
3.55 -0.00022716
3.56 -0.000273149
3.57 -0.000312659
3.58 -0.000344576
3.59 -0.000367988
3.6 -0.000382247
3.61 -0.000386998
3.62 -0.000382174
3.63 -0.000367994
3.64 -0.000344957
3.65 -0.000313823
3.66 -0.000275591
3.67 -0.000231487
3.68 -0.000182929
3.69 -0.000131467
3.7 -7.86937e-05
3.71 -2.61899e-05
3.72 2.44951e-05
3.73 7.19036e-05
3.74 0.000114732
3.75 0.000151847
3.76 0.000182297
3.77 0.000205346
3.78 0.00022049
3.79 0.000227453
3.8 0.000226204
3.81 0.000216975
3.82 0.000200241
3.83 0.000176676
3.84 0.000147138
3.85 0.000112635
3.86 7.42469e-05
3.87 3.30583e-05
3.88 -9.89579e-06
3.89 -5.36672e-05
3.9 -9.74154e-05
3.91 -0.000140427
3.92 -0.00018213
3.93 -0.000222074
3.94 -0.000259891
3.95 -0.000295281
3.96 -0.000327996
3.97 -0.000357803
3.98 -0.000384436
3.99 -0.000407562
4 -0.000426794
4.01 -0.000441703
4.02 -0.000451842
4.03 -0.000456768
4.04 -0.000456056
4.05 -0.000449307
4.06 -0.000436165
4.07 -0.000416311
4.08 -0.000389449
4.09 -0.00035534
4.1 -0.000313831
4.11 -0.000264926
4.12 -0.000208875
4.13 -0.000146251
4.14 -7.79689e-05
4.15 -5.3094e-06
4.16 7.00549e-05
4.17 0.000146092
4.18 0.000220519
4.19 0.000290912
4.2 0.000354791
4.21 0.000409741
4.22 0.000453547
4.23 0.000484343
4.24 0.000500724
4.25 0.000501753
4.26 0.000486939
4.27 0.000456269
4.28 0.000410235
4.29 0.000349827
4.3 0.00027652
4.31 0.000192221
4.32 9.91875e-05
4.33 -4.37297e-08
4.34 -0.000102699
4.35 -0.000205817
4.36 -0.00030633
4.37 -0.000401154
4.38 -0.000487297
4.39 -0.000561969
4.4 -0.000622651
4.41 -0.000667159
4.42 -0.000693702
4.43 -0.000700957
4.44 -0.000688116
4.45 -0.000654939
4.46 -0.000601819
4.47 -0.000529823
4.48 -0.000440646
4.49 -0.000336515
4.5 -0.000220047
4.51 -9.41522e-05
4.52 3.79938e-05
4.53 0.000172997
4.54 0.000307341
4.55 0.000437484
4.56 0.000559966
4.57 0.000671495
4.58 0.000769022
4.59 0.000849838
4.6 0.000911638
4.61 0.000952614
4.62 0.000971539
4.63 0.000967798
4.64 0.000941384
4.65 0.000892915
4.66 0.000823622
4.67 0.000735354
4.68 0.000630552
4.69 0.000512143
4.7 0.000383409
4.71 0.000247841
4.72 0.000109015
4.73 -2.94735e-05
4.74 -0.000164122
4.75 -0.000291664
4.76 -0.000409146
4.77 -0.000513956
4.78 -0.000603865
4.79 -0.000677048
4.8 -0.000732127
4.81 -0.000768247
4.82 -0.000785081
4.83 -0.000782768
4.84 -0.000761912
4.85 -0.000723609
4.86 -0.000669399
4.87 -0.000601145
4.88 -0.000520965
4.89 -0.000431214
4.9 -0.00033443
4.91 -0.000233229
4.92 -0.000130238
4.93 -2.80366e-05
4.94 7.0871e-05
4.95 0.000164112
4.96 0.000249516
4.97 0.000325183
4.98 0.000389537
4.99 0.00044136
5 0.000479803
5.01 0.000504362
5.02 0.000514821
5.03 0.000511202
5.04 0.000493752
5.05 0.000462933
5.06 0.000419397
5.07 0.000363943
5.08 0.000297548
5.09 0.000221389
5.1 0.000136801
5.11 4.5263e-05
5.12 -5.15791e-05
5.13 -0.00015191
5.14 -0.000253778
5.15 -0.000355094
5.16 -0.00045363
5.17 -0.000547035
5.18 -0.000632927
5.19 -0.000709003
5.2 -0.000773093
5.21 -0.000823221
5.22 -0.000857695
5.23 -0.000875219
5.24 -0.000874958
5.25 -0.000856535
5.26 -0.000819976
5.27 -0.000765679
5.28 -0.000694423
5.29 -0.000607386
5.3 -0.000506143
5.31 -0.000392626
5.32 -0.000269108
5.33 -0.000138228
5.34 -2.97307e-06
5.35 0.00013341
5.36 0.000267476
5.37 0.00039561
5.38 0.000514149
5.39 0.000619579
5.4 0.000708706
5.41 0.000778764
5.42 0.000827516
5.43 0.000853365
5.44 0.00085544
5.45 0.000833623
5.46 0.000788538
5.47 0.000721478
5.48 0.000634313
5.49 0.000529417
5.5 0.000409643
5.51 0.000278257
5.52 0.00013882
5.53 -4.96303e-06
5.54 -0.000149323
5.55 -0.000290493
5.56 -0.00042481
5.57 -0.000548869
5.58 -0.00065966
5.59 -0.000754612
5.6 -0.000831603
5.61 -0.000888959
5.62 -0.000925478
5.63 -0.00094046
5.64 -0.000933704
5.65 -0.000905531
5.66 -0.000856784
5.67 -0.000788767
5.68 -0.000703182
5.69 -0.000602061
5.7 -0.000487704
5.71 -0.00036262
5.72 -0.000229446
5.73 -9.09261e-05
5.74 5.01236e-05
5.75 0.000190895
5.76 0.000328625
5.77 0.000460603
5.78 0.000584199
5.79 0.000696884
5.8 0.000796254
5.81 0.000880074
5.82 0.000946303
5.83 0.000993115
5.84 0.00101897
5.85 0.00102271
5.86 0.00100361
5.87 0.000961424
5.88 0.000896435
5.89 0.000809461
5.9 0.000701867
5.91 0.000575587
5.92 0.000433107
5.93 0.00027739
5.94 0.000111816
5.95 -5.98804e-05
5.96 -0.000233636
5.97 -0.000405105
5.98 -0.000569777
5.99 -0.000723147
6 -0.000860837
6.01 -0.000978764
6.02 -0.00107331
6.03 -0.00114147
6.04 -0.00118086
6.05 -0.00118986
6.06 -0.00116766
6.07 -0.00111432
6.08 -0.00103088
6.09 -0.00091923
6.1 -0.000782081
6.11 -0.000622824
6.12 -0.000445471
6.13 -0.000254545
6.14 -5.48971e-05
6.15 0.000148487
6.16 0.000350652
6.17 0.000546864
6.18 0.000732803
6.19 0.000904664
6.2 0.00105916
6.21 0.00119355
6.22 0.00130567
6.23 0.00139402
6.24 0.00145771
6.25 0.00149641
6.26 0.00151066
6.27 0.00150178
6.28 0.00147138
6.29 0.00142141
6.3 0.00135433
6.31 0.00127296
6.32 0.00118049
6.33 0.00108037
6.34 0.000976259
6.35 0.000871841
6.36 0.000770728
6.37 0.000676207
6.38 0.000591049
6.39 0.000517456
6.4 0.000457087
6.41 0.000411075
6.42 0.000380114
6.43 0.00036456
6.44 0.000364468
6.45 0.000379707
6.46 0.000410037
6.47 0.000455058
6.48 0.000514074
6.49 0.000586006
6.5 0.000669289
6.51 0.00076175
6.52 0.000860609
6.53 0.000962576
6.54 0.00106393
6.55 0.00116056
6.56 0.00124811
6.57 0.00132218
6.58 0.00137862
6.59 0.00141367
6.6 0.00142436
6.61 0.00140858
6.62 0.00136526
6.63 0.00129436
6.64 0.00119684
6.65 0.0010745
6.66 0.000929785
6.67 0.00076561
6.68 0.000585302
6.69 0.000392506
6.7 0.000191089
6.71 -1.49241e-05
6.72 -0.000221429
6.73 -0.000424352
6.74 -0.000619719
6.75 -0.000803687
6.76 -0.000972587
6.77 -0.00112302
6.78 -0.00125195
6.79 -0.00135673
6.8 -0.00143521
6.81 -0.00148622
6.82 -0.00150981
6.83 -0.00150651
6.84 -0.00147707
6.85 -0.00142286
6.86 -0.001346
6.87 -0.00124924
6.88 -0.00113586
6.89 -0.00100957
6.9 -0.000874212
6.91 -0.000733668
6.92 -0.000591614
6.93 -0.000451434
6.94 -0.00031609
6.95 -0.000188087
6.96 -6.95094e-05
6.97 3.78893e-05
6.98 0.000132543
6.99 0.000212975
7 0.000277777
7.01 0.000325589
7.02 0.000355156
7.03 0.000365513
7.04 0.000356164
7.05 0.00032722
7.06 0.000279537
7.07 0.000214786
7.08 0.000135403
7.09 4.4495e-05
7.1 -5.43212e-05
7.11 -0.000157107
7.12 -0.000259828
7.13 -0.000358675
7.14 -0.000450355
7.15 -0.000532226
7.16 -0.000602345
7.17 -0.00065944
7.18 -0.000702849
7.19 -0.00073241
7.2 -0.000748359
7.21 -0.000751212
7.22 -0.000741614
7.23 -0.000720212
7.24 -0.000687617
7.25 -0.000644395
7.26 -0.000591104
7.27 -0.000528412
7.28 -0.000457228
7.29 -0.000378802
7.3 -0.000294772
7.31 -0.000207175
7.32 -0.000118434
7.33 -3.12321e-05
7.34 5.16944e-05
7.35 0.000127748
7.36 0.000194655
7.37 0.00025065
7.38 0.000294593
7.39 0.000326013
7.4 0.000345068
7.41 0.000352453
7.42 0.00034927
7.43 0.000336819
7.44 0.000316398
7.45 0.000289185
7.46 0.000256179
7.47 0.000218136
7.48 0.000175564
7.49 0.000128702
7.5 7.75325e-05
7.51 2.18301e-05
7.52 -3.87324e-05
7.53 -0.000104448
7.54 -0.000175455
7.55 -0.000251667
7.56 -0.000332808
7.57 -0.000418486
7.58 -0.000508207
7.59 -0.000601382
7.6 -0.000697367
7.61 -0.00079542
7.62 -0.000894546
7.63 -0.000993359
7.64 -0.00109004
7.65 -0.00118243
7.66 -0.00126801
7.67 -0.00134391
7.68 -0.00140693
7.69 -0.00145367
7.7 -0.00148067
7.71 -0.00148462
7.72 -0.00146279
7.73 -0.00141336
7.74 -0.00133561
7.75 -0.00122999
7.76 -0.00109813
7.77 -0.000942639
7.78 -0.000766962
7.79 -0.000575272
7.8 -0.000372368
7.81 -0.000163511
7.82 4.57711e-05
7.83 0.000249813
7.84 0.000442947
7.85 0.000619706
7.86 0.000775018
7.87 0.000904342
7.88 0.00100384
7.89 0.00107055
7.9 0.00110255
7.91 0.00109894
7.92 0.00105997
7.93 0.000986994
7.94 0.000882459
7.95 0.000749774
7.96 0.000593194
7.97 0.000417673
7.98 0.000228724
7.99 3.22352e-05
8 -0.000165793
8.01 -0.000359496
8.02 -0.000543314
8.03 -0.000712157
8.04 -0.000861584
8.05 -0.000987967
8.06 -0.00108859
8.07 -0.00116166
8.08 -0.00120625
8.09 -0.00122221
8.1 -0.00121003
8.11 -0.00117071
8.12 -0.00110553
8.13 -0.00101602
8.14 -0.000903937
8.15 -0.000771271
8.16 -0.000620206
8.17 -0.00045313
8.18 -0.000272665
8.19 -8.16997e-05
8.2 0.000116632
8.21 0.000318967
8.22 0.000521708
8.23 0.000721124
8.24 0.000913495
8.25 0.00109516
8.26 0.00126257
8.27 0.00141231
8.28 0.00154127
8.29 0.00164793
8.3 0.00173289
8.31 0.00179635
8.32 0.0018373
8.33 0.00185417
8.34 0.00184494
8.35 0.00180752
8.36 0.00174033
8.37 0.00164253
8.38 0.00151421
8.39 0.00135659
8.4 0.00117215
8.41 0.000964545
8.42 0.000738468
8.43 0.000499406
8.44 0.000253486
8.45 7.31051e-06
8.46 -0.000232205
8.47 -0.000458038
8.48 -0.000663294
8.49 -0.00084147
8.5 -0.000986731
8.51 -0.0010941
8.52 -0.00116021
8.53 -0.00118362
8.54 -0.00116393
8.55 -0.00110159
8.56 -0.000998572
8.57 -0.000858098
8.58 -0.000684316
8.59 -0.000482257
8.6 -0.000257622
8.61 -1.65506e-05
8.62 0.000234632
8.63 0.000489681
8.64 0.000742633
8.65 0.000987969
8.66 0.00122075
8.67 0.00143666
8.68 0.00163204
8.69 0.00180386
8.7 0.0019509
8.71 0.00207448
8.72 0.00217659
8.73 0.00225863
8.74 0.00232177
8.75 0.00236695
8.76 0.00239484
8.77 0.0024057
8.78 0.00239946
8.79 0.00237592
8.8 0.00233502
8.81 0.00227682
8.82 0.00220156
8.83 0.00210975
8.84 0.00200238
8.85 0.00188093
8.86 0.00174738
8.87 0.00160411
8.88 0.00145384
8.89 0.00129962
8.9 0.00114484
8.91 0.0009931
8.92 0.000848085
8.93 0.00071341
8.94 0.000592438
8.95 0.000488104
8.96 0.000402821
8.97 0.000338422
8.98 0.000296126
8.99 0.000276455
9 0.000279155
9.01 0.000303164
9.02 0.000346643
9.03 0.000407023
9.04 0.00048112
9.05 0.000565378
9.06 0.000656091
9.07 0.000749586
9.08 0.000842346
9.09 0.000931086
9.1 0.00101279
9.11 0.00108469
9.12 0.00114433
9.13 0.00118961
9.14 0.00121882
9.15 0.00123072
9.16 0.00122464
9.17 0.00120057
9.18 0.00115935
9.19 0.0011026
9.2 0.00103277
9.21 0.000953109
9.22 0.000867574
9.23 0.000780698
9.24 0.000697297
9.25 0.000622109
9.26 0.00055944
9.27 0.00051291
9.28 0.00048526
9.29 0.000478198
9.3 0.000492432
9.31 0.000527886
9.32 0.000583844
9.33 0.000658998
9.34 0.000751506
9.35 0.000859087
9.36 0.000979081
9.37 0.00110852
9.38 0.00124422
9.39 0.00138284
9.4 0.00152093
9.41 0.00165487
9.42 0.00178095
9.43 0.00189536
9.44 0.00199421
9.45 0.0020736
9.46 0.00212983
9.47 0.00215961
9.48 0.0021603
9.49 0.00213016
9.5 0.00206847
9.51 0.00197567
9.52 0.00185335
9.53 0.00170415
9.54 0.00153159
9.55 0.00133983
9.56 0.00113342
9.57 0.000917107
9.58 0.000695591
9.59 0.000473378
9.6 0.000254706
9.61 4.35624e-05
9.62 -0.000156307
9.63 -0.000341353
9.64 -0.000508173
9.65 -0.000653519
9.66 -0.000775861
9.67 -0.000876009
9.68 -0.000954556
9.69 -0.00101104
9.7 -0.00104484
9.71 -0.00105529
9.72 -0.0010418
9.73 -0.00100421
9.74 -0.000943231
9.75 -0.000860395
9.76 -0.00075795
9.77 -0.000638826
9.78 -0.000506525
9.79 -0.000365022
9.8 -0.000218666
9.81 -7.20643e-05
9.82 7.00695e-05
9.83 0.000203062
9.84 0.000322403
9.85 0.000423876
9.86 0.000503749
9.87 0.000558959
9.88 0.000587246
9.89 0.00058719
9.9 0.000558243
9.91 0.000500841
9.92 0.000416427
9.93 0.000307374
9.94 0.000176905
9.95 2.89975e-05
9.96 -0.000131809
9.97 -0.000300696
9.98 -0.000472828
9.99 -0.000643554
10 -0.000808531
10.01 -0.000963827
10.02 -0.00110604
10.03 -0.00123348
10.04 -0.0013467
10.05 -0.00144682
10.06 -0.00153448
10.07 -0.00161012
10.08 -0.00167396
10.09 -0.00172606
10.1 -0.0017663
10.11 -0.00179445
10.12 -0.00181022
10.13 -0.00181348
10.14 -0.00180423
10.15 -0.0017828
10.16 -0.00175004
10.17 -0.00170713
10.18 -0.00165538
10.19 -0.00159618
10.2 -0.0015309
10.21 -0.00146087
10.22 -0.00138741
10.23 -0.00131186
10.24 -0.00123551
10.25 -0.00115963
10.26 -0.00108552
10.27 -0.0010145
10.28 -0.000947895
10.29 -0.000886917
10.3 -0.000832677
10.31 -0.000786108
10.32 -0.000747864
10.33 -0.000718285
10.34 -0.000697457
10.35 -0.000685265
10.36 -0.000681391
10.37 -0.000685311
10.38 -0.000696322
10.39 -0.000713543
10.4 -0.000735915
10.41 -0.000762187
10.42 -0.000790877
10.43 -0.00082027
10.44 -0.000848449
10.45 -0.000873336
10.46 -0.000892789
10.47 -0.000904769
10.48 -0.000907504
10.49 -0.000899629
10.5 -0.000880337
10.51 -0.000849442
10.52 -0.000807352
10.53 -0.000755034
10.54 -0.000693922
10.55 -0.000625776
10.56 -0.00055256
10.57 -0.000476388
10.58 -0.000399464
10.59 -0.000323985
10.6 -0.000252072
10.61 -0.000185746
10.62 -0.000126924
10.63 -7.73813e-05
10.64 -3.87376e-05
10.65 -1.24446e-05
10.66 2.74198e-07
10.67 -1.5232e-06
10.68 -1.84233e-05
10.69 -5.05585e-05
10.7 -9.75262e-05
10.71 -0.000158366
10.72 -0.000231644
10.73 -0.000315525
10.74 -0.000407813
10.75 -0.000506067
10.76 -0.000607686
10.77 -0.000709942
10.78 -0.00081003
10.79 -0.000905136
10.8 -0.000992549
10.81 -0.00106975
10.82 -0.00113445
10.83 -0.00118462
10.84 -0.00121861
10.85 -0.00123516
10.86 -0.00123353
10.87 -0.00121353
10.88 -0.00117555
10.89 -0.00112046
10.9 -0.00104958
10.91 -0.000964648
10.92 -0.000867664
10.93 -0.000760737
10.94 -0.00064597
10.95 -0.000525386
10.96 -0.000400894
10.97 -0.00027428
10.98 -0.00014722
10.99 -2.1338e-05
11 0.000101729
11.01 0.000220329
11.02 0.000332822
11.03 0.000437572
11.04 0.000532947
11.05 0.000617386
11.06 0.000689513
11.07 0.000748189
11.08 0.000792517
11.09 0.000821874
11.1 0.000835976
11.11 0.00083493
11.12 0.000819279
11.13 0.000790004
11.14 0.000748432
11.15 0.000696152
11.16 0.000635042
11.17 0.0005673
11.18 0.000495446
11.19 0.000422282
11.2 0.000350803
11.21 0.000284102
11.22 0.000225273
11.23 0.000177259
11.24 0.000142587
11.25 0.000123099
11.26 0.000119792
11.27 0.000132788
11.28 0.000161422
11.29 0.000204389
11.3 0.00025991
11.31 0.000325851
11.32 0.000399851
11.33 0.000479465
11.34 0.00056233
11.35 0.000646358
11.36 0.000729835
11.37 0.000811379
11.38 0.000889823
11.39 0.000964108
11.4 0.00103326
11.41 0.00109634
11.42 0.00115238
11.43 0.00120079
11.44 0.00124165
11.45 0.001275
11.46 0.00130057
11.47 0.00131811
11.48 0.00132751
11.49 0.00132893
11.5 0.0013229
11.51 0.00131041
11.52 0.00129298
11.53 0.00127244
11.54 0.00125074
11.55 0.00122988
11.56 0.00121166
11.57 0.00119751
11.58 0.00118849
11.59 0.00118525
11.6 0.00118819
11.61 0.00119755
11.62 0.00121341
11.63 0.00123573
11.64 0.00126431
11.65 0.00129881
11.66 0.00133872
11.67 0.00138372
11.68 0.00143401
11.69 0.00148982
11.7 0.0015512
11.71 0.00161794
11.72 0.00168956
11.73 0.00176531
11.74 0.00184414
11.75 0.00192466
11.76 0.00200513
11.77 0.00208335
11.78 0.00215664
11.79 0.00222191
11.8 0.00227593
11.81 0.00231551
11.82 0.00233778
11.83 0.00234021
11.84 0.00232063
11.85 0.00227765
11.86 0.00221092
11.87 0.00212078
11.88 0.0020081
11.89 0.00187436
11.9 0.0017216
11.91 0.00155241
11.92 0.00136982
11.93 0.00117724
11.94 0.000978344
11.95 0.000776979
11.96 0.000577038
11.97 0.000382372
11.98 0.000196773
11.99 2.39689e-05
12 -0.000132465
12.01 -0.000269232
12.02 -0.000383357
12.03 -0.000472176
12.04 -0.000533387
12.05 -0.000565165
12.06 -0.000566275
12.07 -0.000536186
12.08 -0.000475191
12.09 -0.000384544
12.1 -0.000266479
12.11 -0.000124116
12.12 3.86274e-05
12.13 0.000217067
12.14 0.00040584
12.15 0.000599083
12.16 0.000790649
12.17 0.000974362
12.18 0.00114428
12.19 0.00129488
12.2 0.00142114
12.21 0.00151878
12.22 0.00158437
12.23 0.00161549
12.24 0.00161058
12.25 0.00156907
12.26 0.00149146
12.27 0.00137929
12.28 0.00123507
12.29 0.00106219
12.3 0.000864838
12.31 0.000647883
12.32 0.000416817
12.33 0.000177675
12.34 -6.31502e-05
12.35 -0.000299128
12.36 -0.000523768
12.37 -0.000730713
12.38 -0.000915821
12.39 -0.00107829
12.4 -0.00121761
12.41 -0.00133235
12.42 -0.00142117
12.43 -0.0014829
12.44 -0.00151643
12.45 -0.00152075
12.46 -0.00149488
12.47 -0.00143836
12.48 -0.00135152
12.49 -0.00123504
12.5 -0.00108967
12.51 -0.000916385
12.52 -0.000716412
12.53 -0.000491272
12.54 -0.000242948
12.55 2.59587e-05
12.56 0.000312175
12.57 0.000611772
12.58 0.000920292
12.59 0.00123297
12.6 0.00154494
12.61 0.00185404
12.62 0.00216258
12.63 0.00247364
12.64 0.00278911
12.65 0.00311064
12.66 0.00343959
12.67 0.00377694
12.68 0.00412321
12.69 0.00447849
12.7 0.00484236
12.71 0.00521407
12.72 0.00559266
12.73 0.005977
12.74 0.00636586
12.75 0.00675801
12.76 0.00715225
12.77 0.00754752
12.78 0.00794283
12.79 0.00833726
12.8 0.00872998
12.81 0.00912013
12.82 0.00950677
12.83 0.00988885
12.84 0.0102653
12.85 0.010635
12.86 0.010997
12.87 0.0113504
12.88 0.0116946
12.89 0.0120293
12.9 0.0123543
12.91 0.0126699
12.92 0.012976
12.93 0.0132729
12.94 0.0135606
12.95 0.013839
12.96 0.014108
12.97 0.0143673
12.98 0.0146165
12.99 0.0148553
13 0.0150831
13.01 0.0152998
13.02 0.0155051
13.03 0.015699
13.04 0.0158818
13.05 0.0160538
13.06 0.016215
13.07 0.0163657
13.08 0.0165056
13.09 0.0166344
13.1 0.0167515
13.11 0.0168559
13.12 0.0169466
13.13 0.0170225
13.14 0.0170824
13.15 0.0171255
13.16 0.0171511
13.17 0.0171587
13.18 0.0171482
13.19 0.0171197
13.2 0.0170743
13.21 0.0170131
13.22 0.0169378
13.23 0.0168503
13.24 0.0167527
13.25 0.0166473
13.26 0.0165365
13.27 0.0164226
13.28 0.016308
13.29 0.0161946
13.3 0.0160846
13.31 0.0159797
13.32 0.0158811
13.33 0.0157899
13.34 0.0157068
13.35 0.0156321
13.36 0.015566
13.37 0.0155086
13.38 0.01546
13.39 0.0154202
13.4 0.0153889
13.41 0.0153662
13.42 0.015352
13.43 0.0153463
13.44 0.0153489
13.45 0.0153601
13.46 0.0153797
13.47 0.015408
13.48 0.0154448
13.49 0.0154902
13.5 0.0155441
13.51 0.0156061
13.52 0.0156759
13.53 0.0157529
13.54 0.0158366
13.55 0.0159265
13.56 0.0160218
13.57 0.0161218
13.58 0.0162255
13.59 0.0163317
13.6 0.0164388
13.61 0.0165452
13.62 0.0166492
13.63 0.0167493
13.64 0.0168438
13.65 0.0169315
13.66 0.0170109
13.67 0.0170812
13.68 0.0171416
13.69 0.0171913
13.7 0.0172304
13.71 0.0172592
13.72 0.0172783
13.73 0.0172877
13.74 0.0172874
13.75 0.017277
13.76 0.0172561
13.77 0.017224
13.78 0.0171802
13.79 0.0171239
13.8 0.0170542
13.81 0.01697
13.82 0.0168703
13.83 0.0167542
13.84 0.0166214
13.85 0.0164728
13.86 0.0163104
13.87 0.0161369
13.88 0.0159556
13.89 0.0157697
13.9 0.0155827
13.91 0.0153979
13.92 0.0152186
13.93 0.0150478
13.94 0.0148884
13.95 0.0147427
13.96 0.0146129
13.97 0.0145006
13.98 0.0144072
13.99 0.0143335
14 0.0142792
14.01 0.0142429
14.02 0.014223
14.03 0.0142178
14.04 0.0142258
14.05 0.0142455
14.06 0.014275
14.07 0.0143119
14.08 0.0143539
14.09 0.0143981
14.1 0.0144416
14.11 0.014481
14.12 0.014513
14.13 0.0145341
14.14 0.0145409
14.15 0.0145299
14.16 0.0144978
14.17 0.0144419
14.18 0.01436
14.19 0.0142505
14.2 0.0141128
14.21 0.013945
14.22 0.0137436
14.23 0.0135045
14.24 0.0132244
14.25 0.0128998
14.26 0.0125274
14.27 0.0121038
14.28 0.0116257
14.29 0.0110899
14.3 0.0104939
14.31 0.00983506
14.32 0.00911158
14.33 0.00832193
14.34 0.00746494
14.35 0.00653965
14.36 0.00554505
14.37 0.00448
14.38 0.00334314
14.39 0.00213295
14.4 0.000847872
14.41 -0.000513651
14.42 -0.00195314
14.43 -0.00347196
14.44 -0.00507117
14.45 -0.00675139
14.46 -0.00851265
14.47 -0.0103545
14.48 -0.0122761
14.49 -0.0142765
14.5 -0.0163545
14.51 -0.018509
14.52 -0.0207388
14.53 -0.023043
14.54 -0.0254207
14.55 -0.0278713
14.56 -0.030394
14.57 -0.0329881
14.58 -0.0356531
14.59 -0.0383882
14.6 -0.0411926
14.61 -0.0440652
14.62 -0.0470045
14.63 -0.0500084
14.64 -0.053074
14.65 -0.0561975
14.66 -0.0593745
14.67 -0.0625998
14.68 -0.0658681
14.69 -0.069174
14.7 -0.0725128
14.71 -0.0758797
14.72 -0.0792703
14.73 -0.0826791
14.74 -0.0861002
14.75 -0.0895263
14.76 -0.0929499
14.77 -0.0963636
14.78 -0.09976
14.79 -0.103132
14.8 -0.106472
14.81 -0.109774
14.82 -0.113031
14.83 -0.116235
14.84 -0.119381
14.85 -0.122462
14.86 -0.125471
14.87 -0.128404
14.88 -0.131253
14.89 -0.134013
14.9 -0.136678
14.91 -0.139241
14.92 -0.141697
14.93 -0.14404
14.94 -0.146264
14.95 -0.148363
14.96 -0.150331
14.97 -0.152163
14.98 -0.153854
14.99 -0.155401
15 -0.156802
15.01 -0.158056
15.02 -0.159164
15.03 -0.160129
15.04 -0.160953
15.05 -0.16164
15.06 -0.162195
15.07 -0.162624
15.08 -0.162932
15.09 -0.163126
15.1 -0.163212
15.11 -0.163195
15.12 -0.163082
15.13 -0.162882
15.14 -0.162606
15.15 -0.162266
15.16 -0.161875
15.17 -0.161447
15.18 -0.160997
15.19 -0.160539
15.2 -0.160086
15.21 -0.159648
15.22 -0.159227
15.23 -0.158825
15.24 -0.158445
15.25 -0.158089
15.26 -0.157762
15.27 -0.157466
15.28 -0.157205
15.29 -0.156985
15.3 -0.156808
15.31 -0.156677
15.32 -0.156596
15.33 -0.156566
15.34 -0.156589
15.35 -0.156664
15.36 -0.156793
15.37 -0.156972
15.38 -0.157201
15.39 -0.157474
15.4 -0.157788
15.41 -0.158135
15.42 -0.158509
15.43 -0.158901
15.44 -0.159302
15.45 -0.159703
15.46 -0.160097
15.47 -0.160483
15.48 -0.160862
15.49 -0.161231
15.5 -0.161586
15.51 -0.161925
15.52 -0.162242
15.53 -0.162532
15.54 -0.16279
15.55 -0.163012
15.56 -0.163191
15.57 -0.163325
15.58 -0.163407
15.59 -0.163434
15.6 -0.1634
15.61 -0.163302
15.62 -0.163139
15.63 -0.162909
15.64 -0.162615
15.65 -0.162258
15.66 -0.161843
15.67 -0.161375
15.68 -0.160861
15.69 -0.160309
15.7 -0.159722
15.71 -0.159096
15.72 -0.158427
15.73 -0.157708
15.74 -0.156937
15.75 -0.156106
15.76 -0.155213
15.77 -0.154253
15.78 -0.15322
15.79 -0.152112
15.8 -0.150923
15.81 -0.14965
15.82 -0.148289
15.83 -0.146838
15.84 -0.145294
15.85 -0.143654
15.86 -0.141918
15.87 -0.140083
15.88 -0.138148
15.89 -0.136111
15.9 -0.133974
15.91 -0.131734
15.92 -0.129391
15.93 -0.126945
15.94 -0.124397
15.95 -0.121744
15.96 -0.118988
15.97 -0.11613
15.98 -0.11317
15.99 -0.110109
16 -0.10695
16.01 -0.103694
16.02 -0.100346
16.03 -0.0969094
16.04 -0.0933889
16.05 -0.0897905
16.06 -0.0861207
16.07 -0.0823862
16.08 -0.0785939
16.09 -0.0747501
16.1 -0.0708613
16.11 -0.0669338
16.12 -0.0629737
16.13 -0.0589873
16.14 -0.0549806
16.15 -0.0509599
16.16 -0.0469314
16.17 -0.0429013
16.18 -0.0388759
16.19 -0.0348612
16.2 -0.0308635
16.21 -0.0268886
16.22 -0.0229418
16.23 -0.0190281
16.24 -0.0151516
16.25 -0.0113157
16.26 -0.00752279
16.27 -0.0037746
16.28 -7.22397e-05
16.29 0.00358342
16.3 0.00719177
16.31 0.0107524
16.32 0.0142649
16.33 0.0177294
16.34 0.0211457
16.35 0.0245142
16.36 0.0278349
16.37 0.0311082
16.38 0.0343343
16.39 0.0375136
16.4 0.0406468
16.41 0.0437343
16.42 0.0467767
16.43 0.0497746
16.44 0.0527283
16.45 0.0556382
16.46 0.0585046
16.47 0.0613278
16.48 0.0641083
16.49 0.0668462
16.5 0.0695419
16.51 0.0721956
16.52 0.0748076
16.53 0.077378
16.54 0.0799073
16.55 0.0823958
16.56 0.0848436
16.57 0.087251
16.58 0.0896179
16.59 0.0919441
16.6 0.0942295
16.61 0.0964734
16.62 0.0986751
16.63 0.100834
16.64 0.102947
16.65 0.105015
16.66 0.107034
16.67 0.109002
16.68 0.110917
16.69 0.112775
16.7 0.114573
16.71 0.116308
16.72 0.117977
16.73 0.119578
16.74 0.121109
16.75 0.122569
16.76 0.123957
16.77 0.125271
16.78 0.126513
16.79 0.127682
16.8 0.128778
16.81 0.129801
16.82 0.130752
16.83 0.131632
16.84 0.132441
16.85 0.133181
16.86 0.133851
16.87 0.134453
16.88 0.134986
16.89 0.135453
16.9 0.135852
16.91 0.136183
16.92 0.136448
16.93 0.136645
16.94 0.136775
16.95 0.136837
16.96 0.136834
16.97 0.136764
16.98 0.13663
16.99 0.136437
17 0.136189
17.01 0.135892
17.02 0.135556
17.03 0.135187
17.04 0.134796
17.05 0.134391
17.06 0.133982
17.07 0.133579
17.08 0.133187
17.09 0.132803
17.1 0.132427
17.11 0.132056
17.12 0.131691
17.13 0.131331
17.14 0.130977
17.15 0.130627
17.16 0.130281
17.17 0.129939
17.18 0.129601
17.19 0.129266
17.2 0.128934
17.21 0.128604
17.22 0.128277
17.23 0.127953
17.24 0.12763
17.25 0.127309
17.26 0.126989
17.27 0.12667
17.28 0.126351
17.29 0.126032
17.3 0.125712
17.31 0.125389
17.32 0.125065
17.33 0.124737
17.34 0.124405
17.35 0.124068
17.36 0.123724
17.37 0.123374
17.38 0.123014
17.39 0.122642
17.4 0.122257
17.41 0.121854
17.42 0.12143
17.43 0.120983
17.44 0.120508
17.45 0.120002
17.46 0.119463
17.47 0.11889
17.48 0.11828
17.49 0.117633
17.5 0.116948
17.51 0.116225
17.52 0.115462
17.53 0.114659
17.54 0.113815
17.55 0.11293
17.56 0.112002
17.57 0.111031
17.58 0.110017
17.59 0.108961
17.6 0.107863
17.61 0.106725
17.62 0.105546
17.63 0.104331
17.64 0.10308
17.65 0.101797
17.66 0.100484
17.67 0.099144
17.68 0.097781
17.69 0.0963982
17.7 0.0949988
17.71 0.0935859
17.72 0.0921624
17.73 0.0907305
17.74 0.0892922
17.75 0.0878496
17.76 0.0864046
17.77 0.0849597
17.78 0.0835175
17.79 0.0820813
17.8 0.0806545
17.81 0.0792409
17.82 0.077844
17.83 0.0764676
17.84 0.0751151
17.85 0.0737899
17.86 0.0724955
17.87 0.0712348
17.88 0.0700109
17.89 0.0688261
17.9 0.0676824
17.91 0.0665811
17.92 0.0655232
17.93 0.0645091
17.94 0.0635391
17.95 0.0626134
17.96 0.0617319
17.97 0.0608944
17.98 0.0601004
17.99 0.0593495
18 0.0586411
18.01 0.0579746
18.02 0.0573494
18.03 0.0567648
18.04 0.0562203
18.05 0.0557155
18.06 0.0552498
18.07 0.0548229
18.08 0.0544344
18.09 0.0540838
18.1 0.0537705
18.11 0.053494
18.12 0.0532538
18.13 0.0530492
18.14 0.05288
18.15 0.0527457
18.16 0.0526463
18.17 0.0525817
18.18 0.0525523
18.19 0.0525583
18.2 0.0526
18.21 0.0526769
18.22 0.0527879
18.23 0.0529309
18.24 0.0531029
18.25 0.0533004
18.26 0.0535191
18.27 0.053754
18.28 0.0540002
18.29 0.0542523
18.3 0.0545052
18.31 0.0547535
18.32 0.0549926
18.33 0.0552179
18.34 0.055425
18.35 0.0556103
18.36 0.0557723
18.37 0.0559122
18.38 0.0560317
18.39 0.0561318
18.4 0.0562133
18.41 0.0562773
18.42 0.056325
18.43 0.0563576
18.44 0.056377
18.45 0.0563847
18.46 0.0563829
18.47 0.0563739
18.48 0.0563602
18.49 0.0563444
18.5 0.0563292
18.51 0.0563171
18.52 0.0563101
18.53 0.0563101
18.54 0.0563182
18.55 0.0563356
18.56 0.0563625
18.57 0.0563989
18.58 0.056445
18.59 0.0565011
18.6 0.0565679
18.61 0.0566459
18.62 0.0567357
18.63 0.056838
18.64 0.0569532
18.65 0.0570818
18.66 0.0572244
18.67 0.0573809
18.68 0.057551
18.69 0.0577335
18.7 0.0579266
18.71 0.0581276
18.72 0.0583329
18.73 0.0585384
18.74 0.0587393
18.75 0.0589313
18.76 0.05911
18.77 0.0592712
18.78 0.0594107
18.79 0.0595245
18.8 0.0596085
18.81 0.0596588
18.82 0.0596712
18.83 0.0596418
18.84 0.059567
18.85 0.0594448
18.86 0.0592743
18.87 0.0590553
18.88 0.0587893
18.89 0.0584787
18.9 0.0581273
18.91 0.0577403
18.92 0.0573243
18.93 0.056887
18.94 0.056437
18.95 0.0559793
18.96 0.0555112
18.97 0.0550295
18.98 0.0545326
18.99 0.0540187
19 0.0534859
19.01 0.0529317
19.02 0.0523534
19.03 0.0517483
19.04 0.0511134
19.05 0.050446
19.06 0.0497436
19.07 0.0490043
19.08 0.0482263
19.09 0.0474085
19.1 0.0465498
19.11 0.0456493
19.12 0.0447061
19.13 0.0437188
19.14 0.0426861
19.15 0.0416064
19.16 0.0404786
19.17 0.0393018
19.18 0.0380759
19.19 0.0368016
19.2 0.0354802
19.21 0.0341141
19.22 0.032706
19.23 0.0312592
19.24 0.0297772
19.25 0.0282634
19.26 0.0267205
19.27 0.0251505
19.28 0.0235548
19.29 0.0219345
19.3 0.0202908
19.31 0.0186251
19.32 0.0169391
19.33 0.015235
19.34 0.0135151
19.35 0.0117824
19.36 0.0100403
19.37 0.00829236
19.38 0.00654218
19.39 0.0047933
19.4 0.00304909
19.41 0.00131289
19.42 -0.00041196
19.43 -0.00212217
19.44 -0.00381454
19.45 -0.0054859
19.46 -0.00713313
19.47 -0.00875323
19.48 -0.0103432
19.49 -0.0119003
19.5 -0.0134217
19.51 -0.0149052
19.52 -0.0163485
19.53 -0.0177496
19.54 -0.0191068
19.55 -0.020419
19.56 -0.0216853
19.57 -0.0229057
19.58 -0.02408
19.59 -0.0252083
19.6 -0.026291
19.61 -0.0273283
19.62 -0.0283209
19.63 -0.0292693
19.64 -0.0301741
19.65 -0.031036
19.66 -0.0318557
19.67 -0.032634
19.68 -0.0333718
19.69 -0.0340699
19.7 -0.0347297
19.71 -0.0353523
19.72 -0.0359389
19.73 -0.0364909
19.74 -0.0370097
19.75 -0.0374962
19.76 -0.0379513
19.77 -0.0383756
19.78 -0.0387696
19.79 -0.0391336
19.8 -0.0394679
19.81 -0.0397729
19.82 -0.0400489
19.83 -0.0402965
19.84 -0.0405164
19.85 -0.0407092
19.86 -0.0408761
19.87 -0.0410182
19.88 -0.0411366
19.89 -0.0412326
19.9 -0.0413073
19.91 -0.0413616
19.92 -0.0413964
19.93 -0.0414123
19.94 -0.0414097
19.95 -0.0413892
19.96 -0.041352
19.97 -0.0412998
19.98 -0.0412346
19.99 -0.0411593
20 -0.0410769
20.01 -0.0409906
20.02 -0.0409039
20.03 -0.0408201
20.04 -0.0407417
20.05 -0.0406709
20.06 -0.0406091
20.07 -0.0405569
20.08 -0.0405142
20.09 -0.0404802
20.1 -0.0404537
20.11 -0.0404325
20.12 -0.0404147
20.13 -0.040398
20.14 -0.0403804
20.15 -0.0403598
20.16 -0.0403346
20.17 -0.040303
20.18 -0.0402638
20.19 -0.0402163
20.2 -0.0401603
20.21 -0.0400958
20.22 -0.0400236
20.23 -0.0399445
20.24 -0.0398595
20.25 -0.0397697
20.26 -0.0396764
20.27 -0.039581
20.28 -0.0394854
20.29 -0.0393915
20.3 -0.0393013
20.31 -0.039217
20.32 -0.0391406
20.33 -0.0390743
20.34 -0.0390198
20.35 -0.0389787
20.36 -0.0389522
20.37 -0.0389406
20.38 -0.0389437
20.39 -0.0389608
20.4 -0.0389901
20.41 -0.0390293
20.42 -0.0390756
20.43 -0.0391259
20.44 -0.0391767
20.45 -0.0392248
20.46 -0.0392669
20.47 -0.0393002
20.48 -0.0393218
20.49 -0.0393294
20.5 -0.0393208
20.51 -0.0392943
20.52 -0.0392484
20.53 -0.0391825
20.54 -0.039096
20.55 -0.0389891
20.56 -0.0388624
20.57 -0.0387174
20.58 -0.0385558
20.59 -0.0383806
20.6 -0.0381936
20.61 -0.0379946
20.62 -0.0377832
20.63 -0.0375598
20.64 -0.0373249
20.65 -0.0370789
20.66 -0.0368226
20.67 -0.0365563
20.68 -0.0362807
20.69 -0.0359959
20.7 -0.0357022
20.71 -0.0353998
20.72 -0.0350887
20.73 -0.0347687
20.74 -0.03444
20.75 -0.0341025
20.76 -0.0337562
20.77 -0.0334012
20.78 -0.0330372
20.79 -0.0326638
20.8 -0.0322804
20.81 -0.031886
20.82 -0.031479
20.83 -0.0310576
20.84 -0.0306199
20.85 -0.0301639
20.86 -0.0296879
20.87 -0.0291905
20.88 -0.0286706
20.89 -0.0281274
20.9 -0.0275607
20.91 -0.0269702
20.92 -0.0263559
20.93 -0.0257178
20.94 -0.0250558
20.95 -0.0243701
20.96 -0.0236609
20.97 -0.0229288
20.98 -0.0221746
20.99 -0.0213994
21 -0.0206047
21.01 -0.0197925
21.02 -0.0189651
21.03 -0.0181251
21.04 -0.0172754
21.05 -0.0164188
21.06 -0.0155582
21.07 -0.0146962
21.08 -0.0138354
21.09 -0.0129786
21.1 -0.0121282
21.11 -0.0112866
21.12 -0.0104558
21.13 -0.00963738
21.14 -0.00883274
21.15 -0.00804288
21.16 -0.00726873
21.17 -0.00651112
21.18 -0.00577087
21.19 -0.00504874
21.2 -0.0043455
21.21 -0.00366192
21.22 -0.00299872
21.23 -0.00235662
21.24 -0.00173625
21.25 -0.00113816
21.26 -0.000562744
21.27 -1.01348e-05
21.28 0.000519742
21.29 0.00102716
21.3 0.00151257
21.31 0.00197652
21.32 0.0024195
21.33 0.0028419
21.34 0.00324393
21.35 0.0036256
21.36 0.00398674
21.37 0.00432695
21.38 0.00464559
21.39 0.00494178
21.4 0.00521442
21.41 0.0054622
21.42 0.00568365
21.43 0.00587732
21.44 0.00604174
21.45 0.00617556
21.46 0.00627761
21.47 0.00634692
21.48 0.00638265
21.49 0.00638402
21.5 0.00635025
21.51 0.00628116
21.52 0.00617787
21.53 0.00604238
21.54 0.00587729
21.55 0.00568589
21.56 0.00547203
21.57 0.00524
21.58 0.00499428
21.59 0.00473944
21.6 0.00448003
21.61 0.00422059
21.62 0.00396566
21.63 0.00371973
21.64 0.00348727
21.65 0.00327266
21.66 0.00307789
21.67 0.0029014
21.68 0.00274162
21.69 0.00259822
21.7 0.00247087
21.71 0.0023592
21.72 0.00226285
21.73 0.0021815
21.74 0.00211498
21.75 0.00206332
21.76 0.00202675
21.77 0.00200575
21.78 0.002001
21.79 0.0020133
21.8 0.00204318
21.81 0.00209053
21.82 0.00215459
21.83 0.00223399
21.84 0.0023267
21.85 0.00243015
21.86 0.00254129
21.87 0.00265675
21.88 0.00277288
21.89 0.00288594
21.9 0.00299225
21.91 0.00308844
21.92 0.00317149
21.93 0.00323896
21.94 0.00328898
21.95 0.00332033
21.96 0.00333226
21.97 0.00332434
21.98 0.0032964
21.99 0.00324842
22 0.00318049
22.01 0.00309278
22.02 0.00298563
22.03 0.0028597
22.04 0.00271617
22.05 0.00255699
22.06 0.00238502
22.07 0.00220414
22.08 0.00201891
22.09 0.00183422
22.1 0.00165303
22.11 0.00147517
22.12 0.00130051
22.13 0.00112999
22.14 0.000964518
22.15 0.000804878
22.16 0.000651667
22.17 0.000505304
22.18 0.000366068
22.19 0.000234137
22.2 0.000109685
22.21 -7.01707e-06
22.22 -0.000115534
22.23 -0.000215232
22.24 -0.000305318
22.25 -0.000384905
22.26 -0.000453063
22.27 -0.000508867
22.28 -0.000551471
22.29 -0.000580195
22.3 -0.000594622
22.31 -0.000594711
22.32 -0.000580799
22.33 -0.000553771
22.34 -0.000515202
22.35 -0.000467074
22.36 -0.000411576
22.37 -0.000351037
22.38 -0.000287784
22.39 -0.000224049
22.4 -0.000161909
22.41 -0.000103194
22.42 -4.94201e-05
22.43 -1.79614e-06
22.44 3.87429e-05
22.45 7.15724e-05
22.46 9.64623e-05
22.47 0.000113635
22.48 0.000123766
22.49 0.000127908
22.5 0.00012747
22.51 0.000124229
22.52 0.00012027
22.53 0.000117866
22.54 0.000119346
22.55 0.000126942
22.56 0.000142738
22.57 0.000168684
22.58 0.000206527
22.59 0.000257711
22.6 0.000323333
22.61 0.000404132
22.62 0.000500443
22.63 0.000612108
22.64 0.000738415
22.65 0.000878104
22.66 0.00102937
22.67 0.00118984
22.68 0.00135659
22.69 0.00152636
22.7 0.00169585
22.71 0.00186194
22.72 0.00202176
22.73 0.0021727
22.74 0.00231246
22.75 0.00243908
22.76 0.00255223
22.77 0.00265369
22.78 0.00274524
22.79 0.00282794
22.8 0.00290278
22.81 0.00297072
22.82 0.00303269
22.83 0.00308955
22.84 0.00314212
22.85 0.00319113
22.86 0.00323724
22.87 0.00328104
22.88 0.00332301
22.89 0.00336349
22.9 0.00340266
22.91 0.0034405
22.92 0.00347679
22.93 0.0035111
22.94 0.00354284
22.95 0.00357125
22.96 0.00359538
22.97 0.00361415
22.98 0.00362648
22.99 0.00363153
23 0.00362888
23.01 0.00361861
23.02 0.00360134
23.03 0.00357806
23.04 0.00355014
23.05 0.00351919
23.06 0.00348689
23.07 0.00345486
23.08 0.00342437
23.09 0.00339632
23.1 0.00337128
23.11 0.00334964
23.12 0.00333164
23.13 0.00331742
23.14 0.00330707
23.15 0.00330062
23.16 0.00329804
23.17 0.00329919
23.18 0.00330391
23.19 0.00331207
23.2 0.00332352
23.21 0.0033381
23.22 0.00335554
23.23 0.00337546
23.24 0.00339744
23.25 0.003421
23.26 0.00344561
23.27 0.00347068
23.28 0.00349575
23.29 0.00352046
23.3 0.00354457
23.31 0.00356795
23.32 0.00359055
23.33 0.00361229
23.34 0.00363309
23.35 0.00365293
23.36 0.00367197
23.37 0.00369033
23.38 0.00370794
23.39 0.00372459
23.4 0.00373982
23.41 0.00375292
23.42 0.00376293
23.43 0.00376875
23.44 0.00376908
23.45 0.00376246
23.46 0.0037475
23.47 0.00372322
23.48 0.00368908
23.49 0.00364502
23.5 0.00359146
23.51 0.0035292
23.52 0.00345933
23.53 0.00338314
23.54 0.0033021
23.55 0.00321785
23.56 0.00313211
23.57 0.0030467
23.58 0.0029635
23.59 0.0028844
23.6 0.00281123
23.61 0.00274567
23.62 0.00268927
23.63 0.00264341
23.64 0.00260933
23.65 0.00258801
23.66 0.00258019
23.67 0.00258621
23.68 0.00260596
23.69 0.00263883
23.7 0.0026838
23.71 0.0027394
23.72 0.00280373
23.73 0.00287455
23.74 0.00294932
23.75 0.0030252
23.76 0.0030991
23.77 0.00316765
23.78 0.00322729
23.79 0.00327439
23.8 0.00330541
23.81 0.00331717
23.82 0.00330706
23.83 0.00327306
23.84 0.00321384
23.85 0.00312874
23.86 0.00301778
23.87 0.00288168
23.88 0.00272175
23.89 0.00253988
23.9 0.00233837
23.91 0.00211977
23.92 0.00188688
23.93 0.0016427
23.94 0.0013905
23.95 0.00113379
23.96 0.000876299
23.97 0.000621992
23.98 0.000372296
23.99 0.000124705
24 -0.000122976
24.01 -0.000371158
24.02 -0.000619893
24.03 -0.000868867
24.04 -0.00111728
24.05 -0.00136375
24.06 -0.00160628
24.07 -0.00184234
24.08 -0.00206915
24.09 -0.00228387
24.1 -0.0024838
24.11 -0.00266643
24.12 -0.00282957
24.13 -0.00297151
24.14 -0.00309105
24.15 -0.0031876
24.16 -0.0032611
24.17 -0.00331191
24.18 -0.00334053
24.19 -0.00334754
24.2 -0.0033336
24.21 -0.00329974
24.22 -0.00324771
24.23 -0.00317978
24.24 -0.00309859
24.25 -0.00300712
24.26 -0.00290865
24.27 -0.00280672
24.28 -0.00270508
24.29 -0.00260759
24.3 -0.00251823
24.31 -0.00244094
24.32 -0.00237931
24.33 -0.00233631
24.34 -0.002314
24.35 -0.00231334
24.36 -0.00233423
24.37 -0.00237571
24.38 -0.00243608
24.39 -0.00251297
24.4 -0.00260355
24.41 -0.00270463
24.42 -0.00281291
24.43 -0.00292509
24.44 -0.00303801
24.45 -0.00314864
24.46 -0.0032541
24.47 -0.00335165
24.48 -0.00343924
24.49 -0.00351603
24.5 -0.00358171
24.51 -0.00363594
24.52 -0.00367838
24.53 -0.00370875
24.54 -0.00372688
24.55 -0.00373272
24.56 -0.0037263
24.57 -0.00370797
24.58 -0.00367861
24.59 -0.00363951
24.6 -0.00359216
24.61 -0.00353823
24.62 -0.00347949
24.63 -0.00341785
24.64 -0.00335524
24.65 -0.0032934
24.66 -0.00323377
24.67 -0.0031775
24.68 -0.00312547
24.69 -0.00307818
24.7 -0.00303581
24.71 -0.00299827
24.72 -0.00296528
24.73 -0.00293641
24.74 -0.00291114
24.75 -0.00288881
24.76 -0.00286856
24.77 -0.00284948
24.78 -0.00283069
24.79 -0.00281154
24.8 -0.00279151
24.81 -0.00277023
24.82 -0.00274757
24.83 -0.00272363
24.84 -0.00269874
24.85 -0.00267334
24.86 -0.00264799
24.87 -0.00262334
24.88 -0.0026001
24.89 -0.00257917
24.9 -0.00256159
24.91 -0.00254852
24.92 -0.00254118
24.93 -0.00254077
24.94 -0.0025484
24.95 -0.00256502
24.96 -0.00259136
24.97 -0.00262795
24.98 -0.00267504
24.99 -0.00273254
25 -0.00279999
