0.01 3.15159e-09
0.02 1.51147e-08
0.03 3.70614e-08
0.04 6.62881e-08
0.05 1.00057e-07
0.06 1.35656e-07
0.07 1.7046e-07
0.08 2.01959e-07
0.09 2.27779e-07
0.1 2.45716e-07
0.11 2.53784e-07
0.12 2.50246e-07
0.13 2.33593e-07
0.14 2.02513e-07
0.15 1.55889e-07
0.16 9.28734e-08
0.17 1.29386e-08
0.18 -8.4104e-08
0.19 -1.98098e-07
0.2 -3.28536e-07
0.21 -4.74567e-07
0.22 -6.35007e-07
0.23 -8.08371e-07
0.24 -9.92916e-07
0.25 -1.1867e-06
0.26 -1.3877e-06
0.27 -1.59384e-06
0.28 -1.80293e-06
0.29 -2.01241e-06
0.3 -2.21935e-06
0.31 -2.4204e-06
0.32 -2.61179e-06
0.33 -2.78925e-06
0.34 -2.94793e-06
0.35 -3.0828e-06
0.36 -3.18886e-06
0.37 -3.26143e-06
0.38 -3.29675e-06
0.39 -3.29279e-06
0.4 -3.24984e-06
0.41 -3.17086e-06
0.42 -3.06087e-06
0.43 -2.92633e-06
0.44 -2.77508e-06
0.45 -2.61605e-06
0.46 -2.45866e-06
0.47 -2.31227e-06
0.48 -2.18542e-06
0.49 -2.08553e-06
0.5 -2.01864e-06
0.51 -1.9896e-06
0.52 -2.00229e-06
0.53 -2.0591e-06
0.54 -2.1612e-06
0.55 -2.30893e-06
0.56 -2.50133e-06
0.57 -2.73635e-06
0.58 -3.01133e-06
0.59 -3.32303e-06
0.6 -3.66754e-06
0.61 -4.04038e-06
0.62 -4.43658e-06
0.63 -4.85073e-06
0.64 -5.27723e-06
0.65 -5.71041e-06
0.66 -6.14477e-06
0.67 -6.57512e-06
0.68 -6.99672e-06
0.69 -7.40532e-06
0.7 -7.797e-06
0.71 -8.16793e-06
0.72 -8.51393e-06
0.73 -8.82991e-06
0.74 -9.10927e-06
0.75 -9.34344e-06
0.76 -9.52173e-06
0.77 -9.63179e-06
0.78 -9.66103e-06
0.79 -9.59897e-06
0.8 -9.43899e-06
0.81 -9.17877e-06
0.82 -8.82004e-06
0.83 -8.36765e-06
0.84 -7.82974e-06
0.85 -7.21903e-06
0.86 -6.5519e-06
0.87 -5.84425e-06
0.88 -5.10756e-06
0.89 -4.34806e-06
0.9 -3.56881e-06
0.91 -2.77154e-06
0.92 -1.95778e-06
0.93 -1.13084e-06
0.94 -2.98423e-07
0.95 5.26314e-07
0.96 1.32433e-06
0.97 2.07184e-06
0.98 2.74552e-06
0.99 3.32801e-06
1 3.80994e-06
1.01 4.18936e-06
1.02 4.47178e-06
1.03 4.66901e-06
1.04 4.79647e-06
1.05 4.87072e-06
1.06 4.90593e-06
1.07 4.91211e-06
1.08 4.89633e-06
1.09 4.86544e-06
1.1 4.82679e-06
1.11 4.78671e-06
1.12 4.75158e-06
1.13 4.72955e-06
1.14 4.72976e-06
1.15 4.76089e-06
1.16 4.82919e-06
1.17 4.93585e-06
1.18 5.07481e-06
1.19 5.23462e-06
1.2 5.40201e-06
1.21 5.56062e-06
1.22 5.68991e-06
1.23 5.76831e-06
1.24 5.77905e-06
1.25 5.71809e-06
1.26 5.59867e-06
1.27 5.44613e-06
1.28 5.28798e-06
1.29 5.15077e-06
1.3 5.05887e-06
1.31 5.02931e-06
1.32 5.06907e-06
1.33 5.17774e-06
1.34 5.35287e-06
1.35 5.5935e-06
1.36 5.90044e-06
1.37 6.27616e-06
1.38 6.72415e-06
1.39 7.24764e-06
1.4 7.84748e-06
1.41 8.51917e-06
1.42 9.24909e-06
1.43 1.00107e-05
1.44 1.0761e-05
1.45 1.14399e-05
1.46 1.19719e-05
1.47 1.22744e-05
1.48 1.22657e-05
1.49 1.1867e-05
1.5 1.10074e-05
1.51 9.62908e-06
1.52 7.69035e-06
1.53 5.17312e-06
1.54 2.09094e-06
1.55 -1.50408e-06
1.56 -5.51998e-06
1.57 -9.83597e-06
1.58 -1.43131e-05
1.59 -1.8803e-05
1.6 -2.31624e-05
1.61 -2.72623e-05
1.62 -3.09864e-05
1.63 -3.42337e-05
1.64 -3.69201e-05
1.65 -3.89784e-05
1.66 -4.03619e-05
1.67 -4.10463e-05
1.68 -4.1028e-05
1.69 -4.0318e-05
1.7 -3.89382e-05
1.71 -3.69204e-05
1.72 -3.43057e-05
1.73 -3.1141e-05
1.74 -2.74749e-05
1.75 -2.33531e-05
1.76 -1.88223e-05
1.77 -1.39362e-05
1.78 -8.7508e-06
1.79 -3.31759e-06
1.8 2.31452e-06
1.81 8.09529e-06
1.82 1.39739e-05
1.83 1.98977e-05
1.84 2.58032e-05
1.85 3.16115e-05
1.86 3.72344e-05
1.87 4.25851e-05
1.88 4.75856e-05
1.89 5.21686e-05
1.9 5.62787e-05
1.91 5.98725e-05
1.92 6.29199e-05
1.93 6.5402e-05
1.94 6.72977e-05
1.95 6.8569e-05
1.96 6.91598e-05
1.97 6.90028e-05
1.98 6.80245e-05
1.99 6.61577e-05
2 6.33629e-05
2.01 5.96463e-05
2.02 5.50618e-05
2.03 4.97062e-05
2.04 4.37145e-05
2.05 3.72479e-05
2.06 3.04804e-05
2.07 2.35866e-05
2.08 1.67229e-05
2.09 1.00144e-05
2.1 3.5505e-06
2.11 -2.61256e-06
2.12 -8.45509e-06
2.13 -1.39985e-05
2.14 -1.92934e-05
2.15 -2.44067e-05
2.16 -2.94171e-05
2.17 -3.44078e-05
2.18 -3.94628e-05
2.19 -4.46733e-05
2.2 -5.0143e-05
2.21 -5.59807e-05
2.22 -6.22874e-05
2.23 -6.9149e-05
2.24 -7.66295e-05
2.25 -8.47755e-05
2.26 -9.36108e-05
2.27 -0.00010311
2.28 -0.000113194
2.29 -0.000123742
2.3 -0.000134602
2.31 -0.000145587
2.32 -0.000156477
2.33 -0.000167007
2.34 -0.000176868
2.35 -0.000185716
2.36 -0.000193189
2.37 -0.000198919
2.38 -0.000202551
2.39 -0.000203745
2.4 -0.000202198
2.41 -0.000197692
2.42 -0.000190109
2.43 -0.000179422
2.44 -0.000165669
2.45 -0.000148952
2.46 -0.000129431
2.47 -0.000107334
2.48 -8.29581e-05
2.49 -5.66431e-05
2.5 -2.8753e-05
2.51 3.44551e-07
2.52 3.02853e-05
2.53 6.07002e-05
2.54 9.12168e-05
2.55 0.000121471
2.56 0.000151107
2.57 0.000179754
2.58 0.000207012
2.59 0.000232454
2.6 0.00025564
2.61 0.000276135
2.62 0.000293543
2.63 0.000307525
2.64 0.000317819
2.65 0.000324243
2.66 0.000326698
2.67 0.000325161
2.68 0.000319678
2.69 0.000310347
2.7 0.000297309
2.71 0.00028076
2.72 0.000260945
2.73 0.000238157
2.74 0.000212751
2.75 0.00018514
2.76 0.000155773
2.77 0.000125126
2.78 9.37162e-05
2.79 6.21069e-05
2.8 3.08917e-05
2.81 6.80492e-07
2.82 -2.79413e-05
2.83 -5.44517e-05
2.84 -7.84057e-05
2.85 -9.94419e-05
2.86 -0.000117283
2.87 -0.000131744
2.88 -0.000142753
2.89 -0.000150339
2.9 -0.000154607
2.91 -0.00015573
2.92 -0.000153945
2.93 -0.000149539
2.94 -0.000142836
2.95 -0.000134181
2.96 -0.00012393
2.97 -0.000112413
2.98 -9.99199e-05
2.99 -8.67056e-05
3 -7.30012e-05
3.01 -5.90193e-05
3.02 -4.49729e-05
3.03 -3.10894e-05
3.04 -1.76134e-05
3.05 -4.8109e-06
3.06 7.02821e-06
3.07 1.75903e-05
3.08 2.65468e-05
3.09 3.3576e-05
3.1 3.83997e-05
3.11 4.08145e-05
3.12 4.07123e-05
3.13 3.80955e-05
3.14 3.30625e-05
3.15 2.57768e-05
3.16 1.64542e-05
3.17 5.36131e-06
3.18 -7.19287e-06
3.19 -2.08777e-05
3.2 -3.53696e-05
3.21 -5.0344e-05
3.22 -6.54437e-05
3.23 -8.02756e-05
3.24 -9.44152e-05
3.25 -0.000107422
3.26 -0.000118859
3.27 -0.000128282
3.28 -0.000135234
3.29 -0.000139281
3.3 -0.000140056
3.31 -0.000137241
3.32 -0.000130574
3.33 -0.000119897
3.34 -0.000105204
3.35 -8.66662e-05
3.36 -6.46373e-05
3.37 -3.96423e-05
3.38 -1.23499e-05
3.39 1.64427e-05
3.4 4.58338e-05
3.41 7.4851e-05
3.42 0.000102499
3.43 0.00012781
3.44 0.000149882
3.45 0.000167891
3.46 0.000181122
3.47 0.000189015
3.48 0.00019122
3.49 0.000187618
3.5 0.000178318
3.51 0.000163632
3.52 0.000144064
3.53 0.000120279
3.54 9.30648e-05
3.55 6.32599e-05
3.56 3.16859e-05
3.57 -8.73839e-07
3.58 -3.36432e-05
3.59 -6.58553e-05
3.6 -9.68015e-05
3.61 -0.000125863
3.62 -0.000152511
3.63 -0.000176312
3.64 -0.000196938
3.65 -0.000214168
3.66 -0.000227893
3.67 -0.000238128
3.68 -0.00024501
3.69 -0.000248774
3.7 -0.000249698
3.71 -0.000248079
3.72 -0.000244251
3.73 -0.000238555
3.74 -0.000231305
3.75 -0.000222797
3.76 -0.000213315
3.77 -0.00020312
3.78 -0.000192438
3.79 -0.000181471
3.8 -0.000170384
3.81 -0.000159275
3.82 -0.000148193
3.83 -0.000137157
3.84 -0.000126162
3.85 -0.000115181
3.86 -0.00010422
3.87 -9.3362e-05
3.88 -8.27846e-05
3.89 -7.27746e-05
3.9 -6.37195e-05
3.91 -5.61013e-05
3.92 -5.04864e-05
3.93 -4.74824e-05
3.94 -4.7684e-05
3.95 -5.16375e-05
3.96 -5.98115e-05
3.97 -7.25504e-05
3.98 -9.00128e-05
3.99 -0.000112135
4 -0.000138633
4.01 -0.00016902
4.02 -0.000202618
4.03 -0.000238592
4.04 -0.000275963
4.05 -0.000313623
4.06 -0.000350365
4.07 -0.000384883
4.08 -0.000415782
4.09 -0.000441616
4.1 -0.000460948
4.11 -0.000472429
4.12 -0.00047492
4.13 -0.000467589
4.14 -0.000449959
4.15 -0.000421963
4.16 -0.000384005
4.17 -0.000336958
4.18 -0.000282095
4.19 -0.000221011
4.2 -0.00015557
4.21 -8.78159e-05
4.22 -1.9855e-05
4.23 4.62704e-05
4.24 0.000108689
4.25 0.000165707
4.26 0.000215794
4.27 0.000257633
4.28 0.000290169
4.29 0.00031264
4.3 0.000324603
4.31 0.000325924
4.32 0.000316749
4.33 0.000297493
4.34 0.000268846
4.35 0.000231782
4.36 0.000187543
4.37 0.000137587
4.38 8.35426e-05
4.39 2.71385e-05
4.4 -2.98336e-05
4.41 -8.55465e-05
4.42 -0.000138183
4.43 -0.000186001
4.44 -0.000227378
4.45 -0.000260881
4.46 -0.000285352
4.47 -0.000299984
4.48 -0.00030432
4.49 -0.000298211
4.5 -0.000281733
4.51 -0.000255158
4.52 -0.000218992
4.53 -0.000174002
4.54 -0.00012119
4.55 -6.17609e-05
4.56 2.91346e-06
4.57 7.13239e-05
4.58 0.00014185
4.59 0.000212806
4.6 0.000282479
4.61 0.000349194
4.62 0.000411392
4.63 0.000467657
4.64 0.000516734
4.65 0.000557566
4.66 0.000589328
4.67 0.000611476
4.68 0.000623782
4.69 0.000626296
4.7 0.000619294
4.71 0.000603201
4.72 0.000578556
4.73 0.000546015
4.74 0.000506325
4.75 0.000460246
4.76 0.000408537
4.77 0.000351984
4.78 0.000291407
4.79 0.000227671
4.8 0.000161666
4.81 9.42476e-05
4.82 2.62268e-05
4.83 -4.15751e-05
4.84 -0.000108353
4.85 -0.000173379
4.86 -0.000235998
4.87 -0.000295559
4.88 -0.000351409
4.89 -0.000402942
4.9 -0.000449612
4.91 -0.000490904
4.92 -0.000526333
4.93 -0.000555468
4.94 -0.000577959
4.95 -0.000593555
4.96 -0.000602087
4.97 -0.000603453
4.98 -0.000597606
4.99 -0.000584553
5 -0.00056437
5.01 -0.000537235
5.02 -0.000503494
5.03 -0.000463695
5.04 -0.000418597
5.05 -0.000369147
5.06 -0.00031648
5.07 -0.000261916
5.08 -0.000206893
5.09 -0.000152886
5.1 -0.000101398
5.11 -5.39163e-05
5.12 -1.18239e-05
5.13 2.36624e-05
5.14 5.15245e-05
5.15 7.10058e-05
5.16 8.16772e-05
5.17 8.34777e-05
5.18 7.66789e-05
5.19 6.18255e-05
5.2 3.97208e-05
5.21 1.14068e-05
5.22 -2.19069e-05
5.23 -5.89351e-05
5.24 -9.83786e-05
5.25 -0.000138929
5.26 -0.000179233
5.27 -0.000217888
5.28 -0.00025349
5.29 -0.0002847
5.3 -0.000310295
5.31 -0.000329187
5.32 -0.000340485
5.33 -0.000343583
5.34 -0.000338221
5.35 -0.000324476
5.36 -0.000302777
5.37 -0.000273951
5.38 -0.000239179
5.39 -0.000199857
5.4 -0.000157494
5.41 -0.00011364
5.42 -6.98312e-05
5.43 -2.74949e-05
5.44 1.21254e-05
5.45 4.80076e-05
5.46 7.93583e-05
5.47 0.00010558
5.48 0.000126223
5.49 0.000140977
5.5 0.000149707
5.51 0.000152478
5.52 0.000149502
5.53 0.000141087
5.54 0.000127634
5.55 0.000109664
5.56 8.77928e-05
5.57 6.26532e-05
5.58 3.48302e-05
5.59 4.87228e-06
5.6 -2.66672e-05
5.61 -5.91976e-05
5.62 -9.20859e-05
5.63 -0.00012468
5.64 -0.000156303
5.65 -0.000186292
5.66 -0.000214023
5.67 -0.000238891
5.68 -0.000260287
5.69 -0.000277598
5.7 -0.000290203
5.71 -0.00029748
5.72 -0.000298808
5.73 -0.000293616
5.74 -0.000281426
5.75 -0.000261851
5.76 -0.000234628
5.77 -0.000199682
5.78 -0.00015716
5.79 -0.000107473
5.8 -5.13156e-05
5.81 1.03302e-05
5.82 7.61881e-05
5.83 0.00014469
5.84 0.000214028
5.85 0.000282245
5.86 0.000347311
5.87 0.000407187
5.88 0.000459889
5.89 0.000503562
5.9 0.000536542
5.91 0.000557438
5.92 0.000565195
5.93 0.000559097
5.94 0.000538793
5.95 0.000504333
5.96 0.000456218
5.97 0.000395458
5.98 0.000323533
5.99 0.000242314
6 0.000154009
6.01 6.1067e-05
6.02 -3.39478e-05
6.03 -0.000128439
6.04 -0.000219819
6.05 -0.000305577
6.06 -0.000383366
6.07 -0.000451123
6.08 -0.000507148
6.09 -0.000550123
6.1 -0.000579082
6.11 -0.000593405
6.12 -0.000592848
6.13 -0.000577529
6.14 -0.000547866
6.15 -0.000504495
6.16 -0.000448212
6.17 -0.00037989
6.18 -0.000300385
6.19 -0.000210514
6.2 -0.00011113
6.21 -3.16452e-06
6.22 0.000112403
6.23 0.000234555
6.24 0.000362183
6.25 0.00049407
6.26 0.000628937
6.27 0.000765464
6.28 0.000902309
6.29 0.00103817
6.3 0.00117183
6.31 0.00130213
6.32 0.00142809
6.33 0.00154882
6.34 0.0016636
6.35 0.00177181
6.36 0.00187291
6.37 0.00196628
6.38 0.00205115
6.39 0.00212656
6.4 0.0021915
6.41 0.00224496
6.42 0.00228604
6.43 0.00231408
6.44 0.00232872
6.45 0.00233001
6.46 0.00231847
6.47 0.00229501
6.48 0.00226076
6.49 0.00221699
6.5 0.00216487
6.51 0.00210536
6.52 0.00203908
6.53 0.00196638
6.54 0.00188726
6.55 0.0018014
6.56 0.00170811
6.57 0.00160655
6.58 0.00149582
6.59 0.00137513
6.6 0.00124399
6.61 0.00110237
6.62 0.000950738
6.63 0.00079006
6.64 0.000621766
6.65 0.000447594
6.66 0.000269411
6.67 8.91055e-05
6.68 -9.14532e-05
6.69 -0.000270437
6.7 -0.000446088
6.71 -0.000616717
6.72 -0.000780702
6.73 -0.000936524
6.74 -0.00108276
6.75 -0.00121804
6.76 -0.00134103
6.77 -0.00145042
6.78 -0.00154502
6.79 -0.00162369
6.8 -0.00168543
6.81 -0.00172943
6.82 -0.00175519
6.83 -0.00176258
6.84 -0.00175182
6.85 -0.00172356
6.86 -0.00167885
6.87 -0.00161911
6.88 -0.0015461
6.89 -0.00146181
6.9 -0.00136828
6.91 -0.00126753
6.92 -0.0011614
6.93 -0.00105152
6.94 -0.000939233
6.95 -0.00082561
6.96 -0.000711522
6.97 -0.00059777
6.98 -0.00048525
6.99 -0.000375073
7 -0.000268604
7.01 -0.000167485
7.02 -7.35878e-05
7.03 1.1181e-05
7.04 8.50657e-05
7.05 0.000146623
7.06 0.000194892
7.07 0.000229504
7.08 0.000250688
7.09 0.000259231
7.1 0.000256387
7.11 0.000243761
7.12 0.000223147
7.13 0.000196282
7.14 0.000164618
7.15 0.000129232
7.16 9.08262e-05
7.17 4.9785e-05
7.18 6.257e-06
7.19 -3.97315e-05
7.2 -8.81757e-05
7.21 -0.000138984
7.22 -0.000191845
7.23 -0.000246129
7.24 -0.000300875
7.25 -0.000354822
7.26 -0.000406476
7.27 -0.000454267
7.28 -0.000496735
7.29 -0.000532665
7.3 -0.000561191
7.31 -0.000581868
7.32 -0.000594704
7.33 -0.000600105
7.34 -0.000598721
7.35 -0.000591305
7.36 -0.00057858
7.37 -0.000561091
7.38 -0.000539116
7.39 -0.000512643
7.4 -0.00048141
7.41 -0.000444992
7.42 -0.00040292
7.43 -0.000354857
7.44 -0.000300777
7.45 -0.000241037
7.46 -0.000176412
7.47 -0.000108107
7.48 -3.77372e-05
7.49 3.27056e-05
7.5 0.000100888
7.51 0.00016423
7.52 0.000220042
7.53 0.000265697
7.54 0.000298784
7.55 0.000317211
7.56 0.000319208
7.57 0.000303283
7.58 0.00026824
7.59 0.000213203
7.6 0.000137596
7.61 4.12149e-05
7.62 -7.56044e-05
7.63 -0.000211828
7.64 -0.00036567
7.65 -0.000534659
7.66 -0.000715637
7.67 -0.000904723
7.68 -0.00109735
7.69 -0.0012884
7.7 -0.00147231
7.71 -0.00164334
7.72 -0.00179595
7.73 -0.00192524
7.74 -0.00202711
7.75 -0.00209844
7.76 -0.0021371
7.77 -0.00214188
7.78 -0.00211244
7.79 -0.00204923
7.8 -0.00195355
7.81 -0.00182745
7.82 -0.00167364
7.83 -0.00149543
7.84 -0.0012967
7.85 -0.00108175
7.86 -0.000855171
7.87 -0.000621749
7.88 -0.000386316
7.89 -0.000153576
7.9 7.20384e-05
7.91 0.000286451
7.92 0.000486042
7.93 0.000667742
7.94 0.000829073
7.95 0.000968147
7.96 0.00108366
7.97 0.00117487
7.98 0.00124162
7.99 0.00128424
8 0.00130348
8.01 0.00130036
8.02 0.00127611
8.03 0.00123216
8.04 0.00117001
8.05 0.00109113
8.06 0.000996983
8.07 0.000888962
8.08 0.000768501
8.09 0.000637147
8.1 0.000496643
8.11 0.000349044
8.12 0.000196834
8.13 4.29169e-05
8.14 -0.000109489
8.15 -0.000256928
8.16 -0.000395787
8.17 -0.000522422
8.18 -0.000633309
8.19 -0.000725196
8.2 -0.000795198
8.21 -0.000840912
8.22 -0.000860533
8.23 -0.000852864
8.24 -0.00081728
8.25 -0.000753767
8.26 -0.000662972
8.27 -0.000546189
8.28 -0.000405328
8.29 -0.000242927
8.3 -6.21694e-05
8.31 0.000133085
8.32 0.000338263
8.33 0.000548136
8.34 0.000756974
8.35 0.000958751
8.36 0.0011474
8.37 0.00131715
8.38 0.00146279
8.39 0.00157998
8.4 0.0016654
8.41 0.00171688
8.42 0.00173331
8.43 0.00171456
8.44 0.00166147
8.45 0.00157583
8.46 0.00146028
8.47 0.00131833
8.48 0.00115412
8.49 0.000972346
8.5 0.000777984
8.51 0.000576188
8.52 0.000372049
8.53 0.000170357
8.54 -2.46032e-05
8.55 -0.000209155
8.56 -0.000380223
8.57 -0.000535257
8.58 -0.000672188
8.59 -0.000789388
8.6 -0.000885616
8.61 -0.000959956
8.62 -0.00101172
8.63 -0.00104037
8.64 -0.00104542
8.65 -0.00102649
8.66 -0.000983262
8.67 -0.000915547
8.68 -0.000823374
8.69 -0.00070708
8.7 -0.000567393
8.71 -0.000405409
8.72 -0.000222635
8.73 -2.10892e-05
8.74 0.000196721
8.75 0.000427854
8.76 0.000668913
8.77 0.000916022
8.78 0.0011649
8.79 0.001411
8.8 0.00164955
8.81 0.0018757
8.82 0.00208457
8.83 0.00227156
8.84 0.0024325
8.85 0.00256382
8.86 0.00266264
8.87 0.00272675
8.88 0.00275467
8.89 0.00274569
8.9 0.00269998
8.91 0.00261855
8.92 0.00250315
8.93 0.00235619
8.94 0.00218061
8.95 0.00197972
8.96 0.00175711
8.97 0.00151658
8.98 0.00126208
8.99 0.000997608
9 0.000727032
9.01 0.000454007
9.02 0.000181905
9.03 -8.62494e-05
9.04 -0.00034777
9.05 -0.000600199
9.06 -0.000841206
9.07 -0.00106854
9.08 -0.00128001
9.09 -0.00147357
9.1 -0.00164733
9.11 -0.0017997
9.12 -0.00192945
9.13 -0.00203566
9.14 -0.00211779
9.15 -0.00217564
9.16 -0.00220928
9.17 -0.0022189
9.18 -0.00220469
9.19 -0.00216679
9.2 -0.00210528
9.21 -0.00202006
9.22 -0.00191088
9.23 -0.00177736
9.24 -0.00161923
9.25 -0.00143646
9.26 -0.00122963
9.27 -0.000999955
9.28 -0.000749453
9.29 -0.000480963
9.3 -0.000198048
9.31 9.5292e-05
9.32 0.000394821
9.33 0.00069615
9.34 0.000994834
9.35 0.00128647
9.36 0.0015668
9.37 0.0018317
9.38 0.00207734
9.39 0.00230019
9.4 0.00249701
9.41 0.00266479
9.42 0.00280073
9.43 0.00290225
9.44 0.00296719
9.45 0.00299393
9.46 0.00298089
9.47 0.00292656
9.48 0.00283001
9.49 0.00269112
9.5 0.00251068
9.51 0.00229046
9.52 0.00203324
9.53 0.0017427
9.54 0.00142328
9.55 0.00107992
9.56 0.000717878
9.57 0.000342529
9.58 -4.0803e-05
9.59 -0.000426998
9.6 -0.000811167
9.61 -0.00118862
9.62 -0.00155481
9.63 -0.0019053
9.64 -0.00223569
9.65 -0.00254158
9.66 -0.00281869
9.67 -0.00306395
9.68 -0.00327638
9.69 -0.00345569
9.7 -0.00360132
9.71 -0.00371265
9.72 -0.00378914
9.73 -0.00383036
9.74 -0.00383608
9.75 -0.00380636
9.76 -0.00374189
9.77 -0.00364436
9.78 -0.00351618
9.79 -0.00336028
9.8 -0.0031802
9.81 -0.00298004
9.82 -0.00276433
9.83 -0.00253791
9.84 -0.00230588
9.85 -0.00207347
9.86 -0.00184586
9.87 -0.00162801
9.88 -0.00142451
9.89 -0.00123951
9.9 -0.00107666
9.91 -0.000938953
9.92 -0.000828628
9.93 -0.000747166
9.94 -0.000695294
9.95 -0.000672981
9.96 -0.000679535
9.97 -0.000713786
9.98 -0.000774252
9.99 -0.000859247
10 -0.000966927
10.01 -0.00109532
10.02 -0.00124239
10.03 -0.00140609
10.04 -0.00158428
10.05 -0.00177459
10.06 -0.00197435
10.07 -0.0021806
10.08 -0.00239008
10.09 -0.00259937
10.1 -0.00280492
10.11 -0.00300314
10.12 -0.00319058
10.13 -0.00336409
10.14 -0.00352096
10.15 -0.00365889
10.16 -0.00377604
10.17 -0.003871
10.18 -0.00394307
10.19 -0.00399242
10.2 -0.00401929
10.21 -0.00402358
10.22 -0.00400513
10.23 -0.00396395
10.24 -0.00390044
10.25 -0.00381536
10.26 -0.00370975
10.27 -0.00358508
10.28 -0.00344316
10.29 -0.00328608
10.3 -0.00311621
10.31 -0.00293607
10.32 -0.00274825
10.33 -0.00255532
10.34 -0.00235985
10.35 -0.00216444
10.36 -0.00197166
10.37 -0.00178401
10.38 -0.00160386
10.39 -0.00143343
10.4 -0.00127472
10.41 -0.00112943
10.42 -0.000998891
10.43 -0.000883965
10.44 -0.000785063
10.45 -0.000702116
10.46 -0.000634627
10.47 -0.000581803
10.48 -0.000542687
10.49 -0.000516271
10.5 -0.000501643
10.51 -0.000498049
10.52 -0.000504885
10.53 -0.00052168
10.54 -0.000548051
10.55 -0.000583603
10.56 -0.000627866
10.57 -0.000680294
10.58 -0.00074027
10.59 -0.00080708
10.6 -0.0008799
10.61 -0.000957846
10.62 -0.00104003
10.63 -0.00112557
10.64 -0.00121365
10.65 -0.00130354
10.66 -0.0013946
10.67 -0.00148624
10.68 -0.00157786
10.69 -0.00166883
10.7 -0.00175834
10.71 -0.00184542
10.72 -0.00192902
10.73 -0.002008
10.74 -0.00208119
10.75 -0.00214747
10.76 -0.00220577
10.77 -0.00225505
10.78 -0.00229437
10.79 -0.00232281
10.8 -0.0023396
10.81 -0.00234409
10.82 -0.0023358
10.83 -0.00231439
10.84 -0.00227966
10.85 -0.00223166
10.86 -0.00217068
10.87 -0.00209735
10.88 -0.00201255
10.89 -0.00191744
10.9 -0.00181334
10.91 -0.00170176
10.92 -0.00158424
10.93 -0.00146227
10.94 -0.00133714
10.95 -0.00120996
10.96 -0.00108163
10.97 -0.000952845
10.98 -0.000824192
10.99 -0.000696198
11 -0.000569442
11.01 -0.000444586
11.02 -0.000322378
11.03 -0.000203683
11.04 -8.95145e-05
11.05 1.90165e-05
11.06 0.000120795
11.07 0.000214741
11.08 0.000299807
11.09 0.000375008
11.1 0.000439489
11.11 0.000492592
11.12 0.000533912
11.13 0.000563325
11.14 0.000580924
11.15 0.000586969
11.16 0.000581951
11.17 0.000566664
11.18 0.000542245
11.19 0.000510182
11.2 0.000472272
11.21 0.000430565
11.22 0.00038731
11.23 0.000344844
11.24 0.00030535
11.25 0.00027062
11.26 0.000241898
11.27 0.000219852
11.28 0.000204646
11.29 0.000196065
11.3 0.000193648
11.31 0.000196766
11.32 0.000204704
11.33 0.000216755
11.34 0.000232342
11.35 0.000251153
11.36 0.000273204
11.37 0.000298756
11.38 0.000328154
11.39 0.000361696
11.4 0.000399573
11.41 0.000441818
11.42 0.00048818
11.43 0.000538068
11.44 0.000590587
11.45 0.000644616
11.46 0.000698914
11.47 0.000752269
11.48 0.000803629
11.49 0.000852251
11.5 0.000897805
11.51 0.000940389
11.52 0.000980446
11.53 0.00101868
11.54 0.00105594
11.55 0.0010931
11.56 0.00113088
11.57 0.00116975
11.58 0.00120983
11.59 0.00125102
11.6 0.00129305
11.61 0.00133568
11.62 0.00137864
11.63 0.0014217
11.64 0.00146463
11.65 0.00150722
11.66 0.00154922
11.67 0.00159041
11.68 0.00163054
11.69 0.00166928
11.7 0.00170618
11.71 0.00174059
11.72 0.00177162
11.73 0.00179832
11.74 0.00181973
11.75 0.00183467
11.76 0.00184149
11.77 0.00183812
11.78 0.00182206
11.79 0.0017906
11.8 0.00174108
11.81 0.00167118
11.82 0.00157915
11.83 0.00146393
11.84 0.00132514
11.85 0.0011631
11.86 0.00097878
11.87 0.000773557
11.88 0.0005492
11.89 0.000307833
11.9 5.19085e-05
11.91 -0.000215835
11.92 -0.000492402
11.93 -0.000774606
11.94 -0.00105914
11.95 -0.00134262
11.96 -0.00162167
11.97 -0.00189299
11.98 -0.0021533
11.99 -0.00239931
12 -0.00262779
12.01 -0.00283564
12.02 -0.00301993
12.03 -0.00317782
12.04 -0.00330664
12.05 -0.00340397
12.06 -0.00346776
12.07 -0.00349645
12.08 -0.00348909
12.09 -0.00344555
12.1 -0.00336652
12.11 -0.0032535
12.12 -0.00310875
12.13 -0.00293534
12.14 -0.00273713
12.15 -0.00251862
12.16 -0.00228488
12.17 -0.00204129
12.18 -0.00179337
12.19 -0.00154668
12.2 -0.00130669
12.21 -0.0010787
12.22 -0.000867592
12.23 -0.000677808
12.24 -0.000513373
12.25 -0.0003778
12.26 -0.000273932
12.27 -0.000203903
12.28 -0.000169156
12.29 -0.000170407
12.3 -0.000207651
12.31 -0.000280173
12.32 -0.000386492
12.33 -0.000524332
12.34 -0.000690694
12.35 -0.000881977
12.36 -0.00109405
12.37 -0.00132228
12.38 -0.00156156
12.39 -0.00180652
12.4 -0.00205161
12.41 -0.00229124
12.42 -0.00252004
12.43 -0.00273302
12.44 -0.00292555
12.45 -0.00309341
12.46 -0.00323287
12.47 -0.00334066
12.48 -0.00341382
12.49 -0.00344956
12.5 -0.00344524
12.51 -0.0033984
12.52 -0.00330687
12.53 -0.00316886
12.54 -0.00298321
12.55 -0.0027496
12.56 -0.00246868
12.57 -0.0021421
12.58 -0.00177249
12.59 -0.00136328
12.6 -0.000918522
12.61 -0.000442852
12.62 5.85412e-05
12.63 0.000579839
12.64 0.00111466
12.65 0.00165625
12.66 0.0021976
12.67 0.00273487
12.68 0.00326944
12.69 0.00380294
12.7 0.00433512
12.71 0.00486539
12.72 0.00539293
12.73 0.00591676
12.74 0.0064358
12.75 0.00694896
12.76 0.00745518
12.77 0.00795354
12.78 0.00844317
12.79 0.0089233
12.8 0.00939319
12.81 0.00985213
12.82 0.0102993
12.83 0.0107337
12.84 0.0111545
12.85 0.0115606
12.86 0.0119511
12.87 0.0123254
12.88 0.0126828
12.89 0.0130231
12.9 0.0133464
12.91 0.0136527
12.92 0.0139425
12.93 0.0142158
12.94 0.0144728
12.95 0.0147136
12.96 0.014938
12.97 0.0151459
12.98 0.015337
12.99 0.015511
13 0.0156675
13.01 0.0158064
13.02 0.0159274
13.03 0.0160308
13.04 0.0161168
13.05 0.0161857
13.06 0.0162378
13.07 0.0162733
13.08 0.0162921
13.09 0.016294
13.1 0.0162782
13.11 0.0162443
13.12 0.0161916
13.13 0.0161202
13.14 0.01603
13.15 0.0159215
13.16 0.0157958
13.17 0.0156542
13.18 0.0154988
13.19 0.0153318
13.2 0.015156
13.21 0.0149739
13.22 0.0147884
13.23 0.0146023
13.24 0.0144183
13.25 0.014239
13.26 0.0140669
13.27 0.0139041
13.28 0.0137524
13.29 0.0136136
13.3 0.0134888
13.31 0.0133788
13.32 0.0132842
13.33 0.0132049
13.34 0.0131404
13.35 0.01309
13.36 0.013053
13.37 0.0130282
13.38 0.0130148
13.39 0.0130117
13.4 0.0130179
13.41 0.0130325
13.42 0.0130546
13.43 0.0130836
13.44 0.0131189
13.45 0.0131601
13.46 0.0132069
13.47 0.0132592
13.48 0.013317
13.49 0.0133803
13.5 0.0134491
13.51 0.0135235
13.52 0.0136035
13.53 0.0136891
13.54 0.0137803
13.55 0.0138772
13.56 0.0139798
13.57 0.014088
13.58 0.0142017
13.59 0.0143204
13.6 0.0144432
13.61 0.0145692
13.62 0.0146972
13.63 0.0148261
13.64 0.0149548
13.65 0.015082
13.66 0.0152065
13.67 0.0153273
13.68 0.0154433
13.69 0.0155534
13.7 0.0156564
13.71 0.0157511
13.72 0.0158363
13.73 0.0159106
13.74 0.0159728
13.75 0.0160216
13.76 0.0160553
13.77 0.0160725
13.78 0.0160715
13.79 0.0160506
13.8 0.0160077
13.81 0.015941
13.82 0.0158484
13.83 0.015728
13.84 0.0155788
13.85 0.0154009
13.86 0.0151955
13.87 0.0149646
13.88 0.0147112
13.89 0.0144381
13.9 0.0141487
13.91 0.0138465
13.92 0.0135352
13.93 0.0132186
13.94 0.0129003
13.95 0.0125842
13.96 0.0122739
13.97 0.011973
13.98 0.0116849
13.99 0.0114127
14 0.0111593
14.01 0.0109271
14.02 0.010718
14.03 0.0105339
14.04 0.0103759
14.05 0.010244
14.06 0.0101362
14.07 0.0100504
14.08 0.00998477
14.09 0.0099375
14.1 0.00990638
14.11 0.00988902
14.12 0.00988272
14.13 0.00988452
14.14 0.00989113
14.15 0.00989886
14.16 0.00990381
14.17 0.00990199
14.18 0.00988954
14.19 0.0098629
14.2 0.00981858
14.21 0.00975289
14.22 0.00966219
14.23 0.0095429
14.24 0.00939141
14.25 0.00920405
14.26 0.00897707
14.27 0.00870676
14.28 0.00838953
14.29 0.00802197
14.3 0.00760097
14.31 0.00712379
14.32 0.00658811
14.33 0.00599205
14.34 0.0053341
14.35 0.00461286
14.36 0.00382698
14.37 0.00297488
14.38 0.00205482
14.39 0.00106487
14.4 3.0584e-06
14.41 -0.0011326
14.42 -0.00234406
14.43 -0.00363312
14.44 -0.00500127
14.45 -0.00644958
14.46 -0.00797854
14.47 -0.00958813
14.48 -0.011278
14.49 -0.0130476
14.5 -0.0148962
14.51 -0.016823
14.52 -0.0188275
14.53 -0.0209091
14.54 -0.0230674
14.55 -0.0253021
14.56 -0.0276129
14.57 -0.0299996
14.58 -0.032462
14.59 -0.0349998
14.6 -0.0376127
14.61 -0.0402999
14.62 -0.0430604
14.63 -0.0458923
14.64 -0.0487934
14.65 -0.0517602
14.66 -0.0547886
14.67 -0.0578738
14.68 -0.0610108
14.69 -0.0641946
14.7 -0.0674207
14.71 -0.0706848
14.72 -0.0739825
14.73 -0.0773088
14.74 -0.0806578
14.75 -0.0840226
14.76 -0.0873959
14.77 -0.0907702
14.78 -0.0941384
14.79 -0.0974935
14.8 -0.100828
14.81 -0.104136
14.82 -0.10741
14.83 -0.110643
14.84 -0.113829
14.85 -0.116961
14.86 -0.120034
14.87 -0.12304
14.88 -0.125974
14.89 -0.128829
14.9 -0.1316
14.91 -0.13428
14.92 -0.136863
14.93 -0.139343
14.94 -0.141712
14.95 -0.143966
14.96 -0.146099
14.97 -0.148103
14.98 -0.149975
14.99 -0.151711
15 -0.153308
15.01 -0.154764
15.02 -0.156081
15.03 -0.15726
15.04 -0.158304
15.05 -0.159216
15.06 -0.160001
15.07 -0.160663
15.08 -0.161208
15.09 -0.161642
15.1 -0.161971
15.11 -0.162199
15.12 -0.162333
15.13 -0.162378
15.14 -0.162339
15.15 -0.162223
15.16 -0.162036
15.17 -0.161787
15.18 -0.161483
15.19 -0.161132
15.2 -0.160744
15.21 -0.160326
15.22 -0.159889
15.23 -0.159442
15.24 -0.158994
15.25 -0.158557
15.26 -0.15814
15.27 -0.157754
15.28 -0.157409
15.29 -0.157114
15.3 -0.156878
15.31 -0.156708
15.32 -0.156608
15.33 -0.156581
15.34 -0.156631
15.35 -0.156756
15.36 -0.156957
15.37 -0.157232
15.38 -0.157577
15.39 -0.15799
15.4 -0.158466
15.41 -0.158997
15.42 -0.159578
15.43 -0.160199
15.44 -0.160852
15.45 -0.161525
15.46 -0.162208
15.47 -0.162889
15.48 -0.163561
15.49 -0.164223
15.5 -0.164874
15.51 -0.16551
15.52 -0.166126
15.53 -0.166716
15.54 -0.167276
15.55 -0.1678
15.56 -0.168285
15.57 -0.168723
15.58 -0.169112
15.59 -0.169445
15.6 -0.169718
15.61 -0.169927
15.62 -0.170066
15.63 -0.170131
15.64 -0.170118
15.65 -0.170022
15.66 -0.16984
15.67 -0.16957
15.68 -0.169213
15.69 -0.168769
15.7 -0.168241
15.71 -0.167633
15.72 -0.16695
15.73 -0.166198
15.74 -0.165384
15.75 -0.164515
15.76 -0.163601
15.77 -0.162643
15.78 -0.161635
15.79 -0.160569
15.8 -0.15944
15.81 -0.158243
15.82 -0.156975
15.83 -0.155631
15.84 -0.15421
15.85 -0.152707
15.86 -0.151121
15.87 -0.14945
15.88 -0.147691
15.89 -0.145842
15.9 -0.143902
15.91 -0.141871
15.92 -0.139747
15.93 -0.137528
15.94 -0.135215
15.95 -0.132805
15.96 -0.130299
15.97 -0.127696
15.98 -0.124997
15.99 -0.122203
16 -0.119314
16.01 -0.116332
16.02 -0.11326
16.03 -0.110102
16.04 -0.106861
16.05 -0.103544
16.06 -0.100155
16.07 -0.0967013
16.08 -0.0931887
16.09 -0.0896232
16.1 -0.0860107
16.11 -0.0823571
16.12 -0.0786679
16.13 -0.074949
16.14 -0.0712061
16.15 -0.0674449
16.16 -0.0636714
16.17 -0.0598913
16.18 -0.0561106
16.19 -0.0523352
16.2 -0.0485708
16.21 -0.0448231
16.22 -0.0410972
16.23 -0.0373979
16.24 -0.033729
16.25 -0.0300939
16.26 -0.0264947
16.27 -0.022933
16.28 -0.0194099
16.29 -0.015926
16.3 -0.0124818
16.31 -0.0090778
16.32 -0.00571405
16.33 -0.00239059
16.34 0.000892688
16.35 0.00413603
16.36 0.00733971
16.37 0.0105041
16.38 0.0136294
16.39 0.0167162
16.4 0.0197651
16.41 0.0227766
16.42 0.0257515
16.43 0.0286902
16.44 0.0315931
16.45 0.0344606
16.46 0.0372931
16.47 0.040091
16.48 0.0428545
16.49 0.045584
16.5 0.0482798
16.51 0.0509422
16.52 0.0535712
16.53 0.0561673
16.54 0.0587307
16.55 0.0612618
16.56 0.0637606
16.57 0.0662274
16.58 0.0686622
16.59 0.0710646
16.6 0.0734345
16.61 0.0757713
16.62 0.0780741
16.63 0.0803418
16.64 0.0825729
16.65 0.0847657
16.66 0.086918
16.67 0.0890274
16.68 0.091091
16.69 0.0931055
16.7 0.0950677
16.71 0.0969742
16.72 0.0988219
16.73 0.100608
16.74 0.102332
16.75 0.10399
16.76 0.105583
16.77 0.107109
16.78 0.108568
16.79 0.10996
16.8 0.111284
16.81 0.112542
16.82 0.113732
16.83 0.114855
16.84 0.115912
16.85 0.116904
16.86 0.117831
16.87 0.118693
16.88 0.11949
16.89 0.120224
16.9 0.120893
16.91 0.121497
16.92 0.122037
16.93 0.122512
16.94 0.122922
16.95 0.123266
16.96 0.123545
16.97 0.123759
16.98 0.123908
16.99 0.123992
17 0.124012
17.01 0.123969
17.02 0.123862
17.03 0.123696
17.04 0.123472
17.05 0.123195
17.06 0.122869
17.07 0.122499
17.08 0.122091
17.09 0.121653
17.1 0.12119
17.11 0.12071
17.12 0.12022
17.13 0.119728
17.14 0.11924
17.15 0.118765
17.16 0.118309
17.17 0.117878
17.18 0.117477
17.19 0.117102
17.2 0.116752
17.21 0.116426
17.22 0.116125
17.23 0.115847
17.24 0.115592
17.25 0.115359
17.26 0.115148
17.27 0.114957
17.28 0.114787
17.29 0.114636
17.3 0.114502
17.31 0.114386
17.32 0.114285
17.33 0.1142
17.34 0.114128
17.35 0.114069
17.36 0.114021
17.37 0.113983
17.38 0.113952
17.39 0.113926
17.4 0.113901
17.41 0.113876
17.42 0.113844
17.43 0.113804
17.44 0.113751
17.45 0.113681
17.46 0.113592
17.47 0.113482
17.48 0.113349
17.49 0.113191
17.5 0.113007
17.51 0.112797
17.52 0.112559
17.53 0.112291
17.54 0.111993
17.55 0.111663
17.56 0.111301
17.57 0.110905
17.58 0.110475
17.59 0.110012
17.6 0.109514
17.61 0.108983
17.62 0.10842
17.63 0.107826
17.64 0.107203
17.65 0.106554
17.66 0.105881
17.67 0.105186
17.68 0.104473
17.69 0.103744
17.7 0.103003
17.71 0.102253
17.72 0.101495
17.73 0.100732
17.74 0.0999655
17.75 0.0991974
17.76 0.0984293
17.77 0.0976633
17.78 0.0969019
17.79 0.096148
17.8 0.095405
17.81 0.0946762
17.82 0.0939652
17.83 0.0932753
17.84 0.09261
17.85 0.0919725
17.86 0.0913659
17.87 0.0907934
17.88 0.0902576
17.89 0.0897609
17.9 0.0893051
17.91 0.0888917
17.92 0.0885213
17.93 0.0881943
17.94 0.0879112
17.95 0.0876718
17.96 0.0874762
17.97 0.087324
17.98 0.0872148
17.99 0.0871481
18 0.0871232
18.01 0.0871396
18.02 0.0871963
18.03 0.0872917
18.04 0.0874238
18.05 0.0875899
18.06 0.0877872
18.07 0.0880123
18.08 0.0882613
18.09 0.0885302
18.1 0.0888144
18.11 0.0891093
18.12 0.0894101
18.13 0.0897119
18.14 0.0900101
18.15 0.0903004
18.16 0.0905786
18.17 0.0908411
18.18 0.0910847
18.19 0.0913068
18.2 0.0915052
18.21 0.0916783
18.22 0.0918249
18.23 0.0919443
18.24 0.092036
18.25 0.0920999
18.26 0.0921363
18.27 0.0921458
18.28 0.0921293
18.29 0.0920886
18.3 0.0920253
18.31 0.0919419
18.32 0.0918409
18.33 0.0917254
18.34 0.0915983
18.35 0.0914629
18.36 0.0913221
18.37 0.0911789
18.38 0.0910363
18.39 0.090897
18.4 0.0907638
18.41 0.0906394
18.42 0.0905267
18.43 0.0904283
18.44 0.090347
18.45 0.0902855
18.46 0.0902462
18.47 0.0902318
18.48 0.0902441
18.49 0.090285
18.5 0.0903558
18.51 0.0904569
18.52 0.0905884
18.53 0.0907495
18.54 0.0909387
18.55 0.0911539
18.56 0.0913925
18.57 0.0916513
18.58 0.0919266
18.59 0.0922146
18.6 0.0925114
18.61 0.092813
18.62 0.0931152
18.63 0.0934163
18.64 0.0937173
18.65 0.0940198
18.66 0.0943244
18.67 0.0946312
18.68 0.0949402
18.69 0.0952504
18.7 0.09556
18.71 0.0958666
18.72 0.0961667
18.73 0.0964562
18.74 0.0967308
18.75 0.096986
18.76 0.0972177
18.77 0.0974216
18.78 0.0975937
18.79 0.09773
18.8 0.0978266
18.81 0.0978793
18.82 0.0978843
18.83 0.0978374
18.84 0.0977351
18.85 0.0975751
18.86 0.097356
18.87 0.097077
18.88 0.0967383
18.89 0.0963413
18.9 0.0958885
18.91 0.0953836
18.92 0.0948317
18.93 0.0942392
18.94 0.0936137
18.95 0.0929634
18.96 0.0922971
18.97 0.0916235
18.98 0.0909469
18.99 0.0902644
19 0.0895717
19.01 0.0888664
19.02 0.0881455
19.03 0.0874059
19.04 0.0866446
19.05 0.0858586
19.06 0.0850452
19.07 0.0842021
19.08 0.0833274
19.09 0.0824196
19.1 0.0814775
19.11 0.0804998
19.12 0.0794853
19.13 0.0784325
19.14 0.0773396
19.15 0.0762048
19.16 0.0750267
19.17 0.0738042
19.18 0.0725367
19.19 0.0712246
19.2 0.0698691
19.21 0.0684721
19.22 0.0670361
19.23 0.0655642
19.24 0.0640595
19.25 0.0625251
19.26 0.0609635
19.27 0.0593765
19.28 0.0577653
19.29 0.0561306
19.3 0.0544735
19.31 0.0527951
19.32 0.051097
19.33 0.0493811
19.34 0.0476495
19.35 0.045905
19.36 0.0441508
19.37 0.0423903
19.38 0.0406269
19.39 0.0388641
19.4 0.0371051
19.41 0.0353531
19.42 0.0336113
19.43 0.031883
19.44 0.0301712
19.45 0.028479
19.46 0.0268096
19.47 0.0251658
19.48 0.0235506
19.49 0.0219668
19.5 0.0204172
19.51 0.018904
19.52 0.0174295
19.53 0.0159956
19.54 0.0146042
19.55 0.0132565
19.56 0.0119532
19.57 0.0106946
19.58 0.00948083
19.59 0.00831183
19.6 0.00718741
19.61 0.00610724
19.62 0.00507087
19.63 0.00407778
19.64 0.00312743
19.65 0.00221923
19.66 0.00135254
19.67 0.000526637
19.68 -0.000259277
19.69 -0.0010061
19.7 -0.00171488
19.71 -0.00238678
19.72 -0.00302301
19.73 -0.00362482
19.74 -0.00419342
19.75 -0.00472986
19.76 -0.00523492
19.77 -0.00570912
19.78 -0.0061528
19.79 -0.00656627
19.8 -0.00694978
19.81 -0.0073036
19.82 -0.00762809
19.83 -0.00792368
19.84 -0.00819095
19.85 -0.00843064
19.86 -0.00864367
19.87 -0.00883112
19.88 -0.00899414
19.89 -0.00913388
19.9 -0.00925139
19.91 -0.0093476
19.92 -0.00942325
19.93 -0.00947887
19.94 -0.00951488
19.95 -0.00953175
19.96 -0.00953002
19.97 -0.0095105
19.98 -0.00947441
19.99 -0.00942343
20 -0.00935963
20.01 -0.00928536
20.02 -0.00920315
20.03 -0.00911551
20.04 -0.00902458
20.05 -0.00893207
20.06 -0.0088392
20.07 -0.0087467
20.08 -0.00865484
20.09 -0.00856338
20.1 -0.00847164
20.11 -0.00837859
20.12 -0.0082831
20.13 -0.00818418
20.14 -0.00808096
20.15 -0.00797266
20.16 -0.00785863
20.17 -0.00773845
20.18 -0.00761197
20.19 -0.0074794
20.2 -0.00734132
20.21 -0.00719868
20.22 -0.00705271
20.23 -0.00690472
20.24 -0.00675596
20.25 -0.00660771
20.26 -0.00646131
20.27 -0.00631822
20.28 -0.00618002
20.29 -0.0060484
20.3 -0.00592512
20.31 -0.00581203
20.32 -0.00571092
20.33 -0.00562354
20.34 -0.00555147
20.35 -0.00549602
20.36 -0.00545815
20.37 -0.00543831
20.38 -0.00543635
20.39 -0.00545145
20.4 -0.00548215
20.41 -0.00552638
20.42 -0.00558157
20.43 -0.00564478
20.44 -0.00571282
20.45 -0.00578245
20.46 -0.00585054
20.47 -0.00591403
20.48 -0.00596992
20.49 -0.00601528
20.5 -0.00604738
20.51 -0.00606366
20.52 -0.00606182
20.53 -0.00603981
20.54 -0.00599591
20.55 -0.00592877
20.56 -0.00583749
20.57 -0.00572165
20.58 -0.00558155
20.59 -0.00541832
20.6 -0.00523393
20.61 -0.00503111
20.62 -0.00481325
20.63 -0.00458412
20.64 -0.00434767
20.65 -0.00410799
20.66 -0.0038692
20.67 -0.00363534
20.68 -0.0034089
20.69 -0.00318999
20.7 -0.00297813
20.71 -0.00277315
20.72 -0.00257479
20.73 -0.00238278
20.74 -0.00219683
20.75 -0.00201668
20.76 -0.00184211
20.77 -0.0016728
20.78 -0.00150832
20.79 -0.00134803
20.8 -0.001191
20.81 -0.0010359
20.82 -0.000880985
20.83 -0.00072416
20.84 -0.000563147
20.85 -0.000395724
20.86 -0.0002199
20.87 -3.39582e-05
20.88 0.000163513
20.89 0.000373533
20.9 0.000596768
20.91 0.000833683
20.92 0.00108466
20.93 0.00135003
20.94 0.00163007
20.95 0.00192501
20.96 0.00223489
20.97 0.00255947
20.98 0.00289825
20.99 0.00325036
21 0.0036146
21.01 0.00398933
21.02 0.00437253
21.03 0.00476181
21.04 0.00515457
21.05 0.00554817
21.06 0.00594009
21.07 0.00632787
21.08 0.0067091
21.09 0.00708136
21.1 0.00744227
21.11 0.00778968
21.12 0.00812177
21.13 0.00843707
21.14 0.00873446
21.15 0.00901304
21.16 0.00927205
21.17 0.00951077
21.18 0.00972856
21.19 0.00992478
21.2 0.0100988
21.21 0.01025
21.22 0.0103777
21.23 0.0104813
21.24 0.0105604
21.25 0.0106145
21.26 0.0106433
21.27 0.0106467
21.28 0.010625
21.29 0.0105787
21.3 0.0105092
21.31 0.0104183
21.32 0.0103079
21.33 0.0101802
21.34 0.0100374
21.35 0.00988167
21.36 0.00971523
21.37 0.00954019
21.38 0.00935851
21.39 0.00917197
21.4 0.00898219
21.41 0.00879054
21.42 0.00859829
21.43 0.0084066
21.44 0.00821665
21.45 0.0080296
21.46 0.00784675
21.47 0.00766945
21.48 0.00749907
21.49 0.00733691
21.5 0.00718408
21.51 0.0070415
21.52 0.00690996
21.53 0.00679013
21.54 0.00668253
21.55 0.00658749
21.56 0.00650514
21.57 0.00643533
21.58 0.00637754
21.59 0.0063309
21.6 0.00629421
21.61 0.00626607
21.62 0.00624502
21.63 0.00622966
21.64 0.00621877
21.65 0.00621141
21.66 0.00620693
21.67 0.0062049
21.68 0.00620509
21.69 0.00620735
21.7 0.00621152
21.71 0.00621734
21.72 0.00622456
21.73 0.00623297
21.74 0.00624245
21.75 0.00625308
21.76 0.00626512
21.77 0.0062791
21.78 0.00629566
21.79 0.00631557
21.8 0.00633954
21.81 0.00636809
21.82 0.00640147
21.83 0.00643955
21.84 0.00648182
21.85 0.00652744
21.86 0.00657531
21.87 0.00662408
21.88 0.00667222
21.89 0.00671807
21.9 0.00675997
21.91 0.0067964
21.92 0.00682606
21.93 0.0068479
21.94 0.00686123
21.95 0.00686568
21.96 0.00686099
21.97 0.00684692
21.98 0.00682313
21.99 0.00678911
22 0.00674411
22.01 0.00668718
22.02 0.00661725
22.03 0.0065333
22.04 0.00643466
22.05 0.00632122
22.06 0.00619368
22.07 0.0060537
22.08 0.00590364
22.09 0.00574631
22.1 0.00558481
22.11 0.00542245
22.12 0.00526269
22.13 0.00510892
22.14 0.00496441
22.15 0.00483212
22.16 0.00471404
22.17 0.00461075
22.18 0.00452232
22.19 0.00444882
22.2 0.00439035
22.21 0.00434708
22.22 0.00431936
22.23 0.00430772
22.24 0.00431289
22.25 0.00433555
22.26 0.00437619
22.27 0.00443502
22.28 0.0045119
22.29 0.00460629
22.3 0.00471712
22.31 0.00484271
22.32 0.0049808
22.33 0.00512866
22.34 0.00528323
22.35 0.00544122
22.36 0.00559925
22.37 0.00575397
22.38 0.00590225
22.39 0.00604117
22.4 0.00616817
22.41 0.00628107
22.42 0.00637813
22.43 0.00645806
22.44 0.00651996
22.45 0.00656332
22.46 0.00658816
22.47 0.00659502
22.48 0.006585
22.49 0.00655966
22.5 0.00652101
22.51 0.00647152
22.52 0.00641407
22.53 0.00635183
22.54 0.00628813
22.55 0.00622633
22.56 0.00616974
22.57 0.00612165
22.58 0.00608525
22.59 0.00606353
22.6 0.0060592
22.61 0.00607467
22.62 0.00611202
22.63 0.00617281
22.64 0.00625806
22.65 0.00636818
22.66 0.00650294
22.67 0.00666143
22.68 0.00684199
22.69 0.00704244
22.7 0.00726027
22.71 0.00749286
22.72 0.00773751
22.73 0.00799145
22.74 0.00825182
22.75 0.00851575
22.76 0.00878033
22.77 0.00904257
22.78 0.00929943
22.79 0.00954787
22.8 0.00978498
22.81 0.0100081
22.82 0.0102146
22.83 0.0104037
22.84 0.0105763
22.85 0.0107337
22.86 0.0108769
22.87 0.0110065
22.88 0.011123
22.89 0.011227
22.9 0.0113188
22.91 0.0113985
22.92 0.011466
22.93 0.0115209
22.94 0.0115629
22.95 0.0115912
22.96 0.0116051
22.97 0.0116035
22.98 0.0115857
22.99 0.0115511
23 0.0114999
23.01 0.0114332
23.02 0.0113522
23.03 0.011259
23.04 0.0111558
23.05 0.0110452
23.06 0.01093
23.07 0.0108128
23.08 0.010696
23.09 0.0105815
23.1 0.0104711
23.11 0.0103663
23.12 0.0102684
23.13 0.0101785
23.14 0.0100979
23.15 0.0100275
23.16 0.00996807
23.17 0.00992034
23.18 0.00988483
23.19 0.00986196
23.2 0.00985206
23.21 0.00985527
23.22 0.00987152
23.23 0.00990048
23.24 0.00994164
23.25 0.00999431
23.26 0.0100576
23.27 0.0101303
23.28 0.0102115
23.29 0.0103
23.3 0.0103946
23.31 0.0104943
23.32 0.0105979
23.33 0.0107042
23.34 0.0108121
23.35 0.01092
23.36 0.0110267
23.37 0.0111305
23.38 0.0112297
23.39 0.0113228
23.4 0.0114077
23.41 0.0114826
23.42 0.0115454
23.43 0.0115942
23.44 0.011627
23.45 0.0116421
23.46 0.0116381
23.47 0.011614
23.48 0.011569
23.49 0.011503
23.5 0.0114167
23.51 0.0113109
23.52 0.0111869
23.53 0.0110464
23.54 0.0108913
23.55 0.0107238
23.56 0.0105463
23.57 0.0103614
23.58 0.0101719
23.59 0.00998074
23.6 0.00979083
23.61 0.00960515
23.62 0.00942663
23.63 0.00925812
23.64 0.0091024
23.65 0.00896211
23.66 0.00883964
23.67 0.00873706
23.68 0.00865597
23.69 0.00859747
23.7 0.00856217
23.71 0.00855012
23.72 0.00856086
23.73 0.00859341
23.74 0.00864624
23.75 0.00871732
23.76 0.00880408
23.77 0.00890337
23.78 0.00901149
23.79 0.00912432
23.8 0.00923743
23.81 0.00934638
23.82 0.00944686
23.83 0.00953483
23.84 0.0096065
23.85 0.00965847
23.86 0.00968771
23.87 0.00969163
23.88 0.00966813
23.89 0.0096155
23.9 0.00953246
23.91 0.00941803
23.92 0.00927159
23.93 0.00909292
23.94 0.00888237
23.95 0.00864085
23.96 0.00836993
23.97 0.0080719
23.98 0.00774982
23.99 0.00740756
24 0.00704981
24.01 0.00668188
24.02 0.00630952
24.03 0.00593885
24.04 0.00557638
24.05 0.00522656
24.06 0.00489046
24.07 0.0045694
24.08 0.00426608
24.09 0.00398325
24.1 0.00372354
24.11 0.0034894
24.12 0.00328296
24.13 0.0031059
24.14 0.00295936
24.15 0.0028439
24.16 0.00275954
24.17 0.0027059
24.18 0.00268244
24.19 0.00268853
24.2 0.00272334
24.21 0.00278552
24.22 0.00287321
24.23 0.00298407
24.24 0.00311534
24.25 0.00326391
24.26 0.00342635
24.27 0.00359889
24.28 0.00377751
24.29 0.00395794
24.3 0.00413565
24.31 0.004306
24.32 0.00446452
24.33 0.00460717
24.34 0.00473059
24.35 0.00483235
24.36 0.00491092
24.37 0.00496548
24.38 0.00499585
24.39 0.00500244
24.4 0.00498619
24.41 0.00494839
24.42 0.00489058
24.43 0.00481447
24.44 0.00472185
24.45 0.00461465
24.46 0.00449494
24.47 0.00436502
24.48 0.00422738
24.49 0.00408472
24.5 0.0039398
24.51 0.0037954
24.52 0.00365429
24.53 0.0035191
24.54 0.00339219
24.55 0.0032757
24.56 0.00317147
24.57 0.00308097
24.58 0.00300524
24.59 0.0029449
24.6 0.00290032
24.61 0.00287161
24.62 0.00285866
24.63 0.00286107
24.64 0.00287823
24.65 0.00290948
24.66 0.00295421
24.67 0.00301182
24.68 0.0030817
24.69 0.00316329
24.7 0.00325608
24.71 0.00335952
24.72 0.003473
24.73 0.00359577
24.74 0.00372696
24.75 0.00386566
24.76 0.00401095
24.77 0.00416186
24.78 0.00431729
24.79 0.00447586
24.8 0.00463605
24.81 0.0047962
24.82 0.00495451
24.83 0.00510896
24.84 0.00525748
24.85 0.005398
24.86 0.00552849
24.87 0.005647
24.88 0.0057517
24.89 0.00584077
24.9 0.00591246
24.91 0.00596506
24.92 0.005997
24.93 0.00600695
24.94 0.0059938
24.95 0.00595678
24.96 0.00589549
24.97 0.00580986
24.98 0.00570023
24.99 0.00556739
25 0.0054126
