0.01 3.15863e-09
0.02 1.517e-08
0.03 3.72834e-08
0.04 6.69118e-08
0.05 1.01459e-07
0.06 1.38368e-07
0.07 1.75159e-07
0.08 2.09454e-07
0.09 2.3898e-07
0.1 2.61588e-07
0.11 2.75299e-07
0.12 2.78314e-07
0.13 2.69004e-07
0.14 2.45857e-07
0.15 2.07481e-07
0.16 1.5268e-07
0.17 8.04986e-08
0.18 -9.74798e-09
0.19 -1.18467e-07
0.2 -2.45774e-07
0.21 -3.91486e-07
0.22 -5.55121e-07
0.23 -7.35917e-07
0.24 -9.3286e-07
0.25 -1.14473e-06
0.26 -1.37017e-06
0.27 -1.60777e-06
0.28 -1.8559e-06
0.29 -2.11251e-06
0.3 -2.37507e-06
0.31 -2.64049e-06
0.32 -2.90518e-06
0.33 -3.16486e-06
0.34 -3.4145e-06
0.35 -3.64868e-06
0.36 -3.86185e-06
0.37 -4.0485e-06
0.38 -4.20383e-06
0.39 -4.32453e-06
0.4 -4.4094e-06
0.41 -4.45967e-06
0.42 -4.47852e-06
0.43 -4.47042e-06
0.44 -4.4412e-06
0.45 -4.39775e-06
0.46 -4.34755e-06
0.47 -4.29816e-06
0.48 -4.2565e-06
0.49 -4.22863e-06
0.5 -4.21956e-06
0.51 -4.2334e-06
0.52 -4.27367e-06
0.53 -4.34278e-06
0.54 -4.44228e-06
0.55 -4.57327e-06
0.56 -4.73593e-06
0.57 -4.92968e-06
0.58 -5.15364e-06
0.59 -5.4066e-06
0.6 -5.68695e-06
0.61 -5.99266e-06
0.62 -6.32135e-06
0.63 -6.67029e-06
0.64 -7.03657e-06
0.65 -7.41718e-06
0.66 -7.80918e-06
0.67 -8.20982e-06
0.68 -8.61658e-06
0.69 -9.02721e-06
0.7 -9.43951e-06
0.71 -9.85107e-06
0.72 -1.02588e-05
0.73 -1.06583e-05
0.74 -1.10432e-05
0.75 -1.14049e-05
0.76 -1.1732e-05
0.77 -1.20112e-05
0.78 -1.2228e-05
0.79 -1.23697e-05
0.8 -1.24269e-05
0.81 -1.23937e-05
0.82 -1.22678e-05
0.83 -1.20496e-05
0.84 -1.17423e-05
0.85 -1.13535e-05
0.86 -1.08941e-05
0.87 -1.03747e-05
0.88 -9.80141e-06
0.89 -9.17543e-06
0.9 -8.495e-06
0.91 -7.75734e-06
0.92 -6.95991e-06
0.93 -6.10236e-06
0.94 -5.18925e-06
0.95 -4.23116e-06
0.96 -3.24525e-06
0.97 -2.25419e-06
0.98 -1.28112e-06
0.99 -3.44214e-07
1 5.45333e-07
1.01 1.38265e-06
1.02 2.16938e-06
1.03 2.91252e-06
1.04 3.62194e-06
1.05 4.30798e-06
1.06 4.97815e-06
1.07 5.63538e-06
1.08 6.2795e-06
1.09 6.90999e-06
1.1 7.52681e-06
1.11 8.12902e-06
1.12 8.716e-06
1.13 9.28919e-06
1.14 9.85147e-06
1.15 1.04058e-05
1.16 1.09534e-05
1.17 1.14911e-05
1.18 1.20093e-05
1.19 1.24935e-05
1.2 1.29284e-05
1.21 1.3296e-05
1.22 1.35748e-05
1.23 1.37429e-05
1.24 1.37832e-05
1.25 1.36919e-05
1.26 1.34828e-05
1.27 1.31823e-05
1.28 1.28193e-05
1.29 1.24224e-05
1.3 1.20189e-05
1.31 1.16294e-05
1.32 1.12654e-05
1.33 1.09315e-05
1.34 1.06313e-05
1.35 1.03702e-05
1.36 1.01561e-05
1.37 9.99887e-06
1.38 9.90997e-06
1.39 9.90079e-06
1.4 9.98058e-06
1.41 1.01534e-05
1.42 1.04141e-05
1.43 1.07446e-05
1.44 1.11098e-05
1.45 1.14567e-05
1.46 1.17157e-05
1.47 1.18089e-05
1.48 1.16567e-05
1.49 1.11805e-05
1.5 1.03066e-05
1.51 8.97149e-06
1.52 7.12467e-06
1.53 4.73604e-06
1.54 1.80414e-06
1.55 -1.63657e-06
1.56 -5.51394e-06
1.57 -9.72834e-06
1.58 -1.41625e-05
1.59 -1.86894e-05
1.6 -2.31857e-05
1.61 -2.75402e-05
1.62 -3.16513e-05
1.63 -3.54294e-05
1.64 -3.87975e-05
1.65 -4.16909e-05
1.66 -4.40607e-05
1.67 -4.58753e-05
1.68 -4.71193e-05
1.69 -4.77871e-05
1.7 -4.78795e-05
1.71 -4.74035e-05
1.72 -4.63717e-05
1.73 -4.47997e-05
1.74 -4.27026e-05
1.75 -4.00907e-05
1.76 -3.69742e-05
1.77 -3.33703e-05
1.78 -2.92981e-05
1.79 -2.47736e-05
1.8 -1.98115e-05
1.81 -1.443e-05
1.82 -8.65039e-06
1.83 -2.4992e-06
1.84 3.98248e-06
1.85 1.0734e-05
1.86 1.76804e-05
1.87 2.47428e-05
1.88 3.18456e-05
1.89 3.89176e-05
1.9 4.58931e-05
1.91 5.27124e-05
1.92 5.93226e-05
1.93 6.56757e-05
1.94 7.17163e-05
1.95 7.73659e-05
1.96 8.25232e-05
1.97 8.70706e-05
1.98 9.08793e-05
1.99 9.38228e-05
2 9.5798e-05
2.01 9.67445e-05
2.02 9.66469e-05
2.03 9.55315e-05
2.04 9.34627e-05
2.05 9.05328e-05
2.06 8.68498e-05
2.07 8.25267e-05
2.08 7.76645e-05
2.09 7.23397e-05
2.1 6.66017e-05
2.11 6.04752e-05
2.12 5.39579e-05
2.13 4.70158e-05
2.14 3.9595e-05
2.15 3.16342e-05
2.16 2.3069e-05
2.17 1.38382e-05
2.18 3.8871e-06
2.19 -6.84007e-06
2.2 -1.8406e-05
2.21 -3.0874e-05
2.22 -4.42965e-05
2.23 -5.87082e-05
2.24 -7.41206e-05
2.25 -9.05273e-05
2.26 -0.000107899
2.27 -0.000126159
2.28 -0.000145176
2.29 -0.00016478
2.3 -0.000184771
2.31 -0.000204913
2.32 -0.00022494
2.33 -0.000244537
2.34 -0.000263347
2.35 -0.000280976
2.36 -0.000297006
2.37 -0.000311011
2.38 -0.000322573
2.39 -0.00033128
2.4 -0.000336751
2.41 -0.000338685
2.42 -0.000336872
2.43 -0.000331185
2.44 -0.000321559
2.45 -0.000307988
2.46 -0.000290522
2.47 -0.00026928
2.48 -0.00024445
2.49 -0.000216272
2.5 -0.000185013
2.51 -0.00015096
2.52 -0.000114404
2.53 -7.56612e-05
2.54 -3.50652e-05
2.55 7.03738e-06
2.56 5.02861e-05
2.57 9.42835e-05
2.58 0.00013858
2.59 0.000182671
2.6 0.000226015
2.61 0.000268047
2.62 0.000308213
2.63 0.000345991
2.64 0.000380908
2.65 0.000412547
2.66 0.000440551
2.67 0.000464619
2.68 0.000484502
2.69 0.000499991
2.7 0.000510909
2.71 0.000517133
2.72 0.000518584
2.73 0.00051524
2.74 0.000507148
2.75 0.000494429
2.76 0.000477259
2.77 0.000455867
2.78 0.000430552
2.79 0.000401691
2.8 0.000369735
2.81 0.000335188
2.82 0.000298581
2.83 0.000260428
2.84 0.000221216
2.85 0.000181402
2.86 0.000141411
2.87 0.000101624
2.88 6.236e-05
2.89 2.38835e-05
2.9 -1.35783e-05
2.91 -4.98266e-05
2.92 -8.46948e-05
2.93 -0.000118043
2.94 -0.000149745
2.95 -0.000179687
2.96 -0.000207758
2.97 -0.000233821
2.98 -0.000257709
2.99 -0.000279232
3 -0.000298196
3.01 -0.000314414
3.02 -0.000327728
3.03 -0.000338031
3.04 -0.000345271
3.05 -0.000349463
3.06 -0.000350691
3.07 -0.000349113
3.08 -0.000344955
3.09 -0.000338492
3.1 -0.000330009
3.11 -0.000319777
3.12 -0.000308026
3.13 -0.000294929
3.14 -0.000280617
3.15 -0.000265203
3.16 -0.000248793
3.17 -0.000231479
3.18 -0.000213345
3.19 -0.000194481
3.2 -0.000175004
3.21 -0.000155043
3.22 -0.000134705
3.23 -0.000114056
3.24 -9.31308e-05
3.25 -7.19291e-05
3.26 -5.04372e-05
3.27 -2.86066e-05
3.28 -6.34097e-06
3.29 1.64678e-05
3.3 3.99075e-05
3.31 6.40632e-05
3.32 8.90171e-05
3.33 0.000114799
3.34 0.000141344
3.35 0.000168465
3.36 0.000195843
3.37 0.000223041
3.38 0.000249522
3.39 0.000274665
3.4 0.000297774
3.41 0.000318113
3.42 0.000334942
3.43 0.000347561
3.44 0.000355338
3.45 0.000357721
3.46 0.000354253
3.47 0.000344619
3.48 0.000328695
3.49 0.000306564
3.5 0.000278511
3.51 0.000244999
3.52 0.000206657
3.53 0.000164253
3.54 0.000118652
3.55 7.07562e-05
3.56 2.1435e-05
3.57 -2.84922e-05
3.58 -7.82204e-05
3.59 -0.000126958
3.6 -0.000173973
3.61 -0.00021862
3.62 -0.00026034
3.63 -0.000298662
3.64 -0.000333214
3.65 -0.00036372
3.66 -0.00039001
3.67 -0.000412026
3.68 -0.00042983
3.69 -0.000443571
3.7 -0.000453442
3.71 -0.000459651
3.72 -0.000462448
3.73 -0.000462091
3.74 -0.000458819
3.75 -0.000452862
3.76 -0.00044445
3.77 -0.000433797
3.78 -0.000421103
3.79 -0.000406555
3.8 -0.00039032
3.81 -0.000372518
3.82 -0.000353231
3.83 -0.000332533
3.84 -0.000310482
3.85 -0.000287137
3.86 -0.000262598
3.87 -0.000237056
3.88 -0.000210809
3.89 -0.000184275
3.9 -0.000157984
3.91 -0.000132574
3.92 -0.000108776
3.93 -8.738e-05
3.94 -6.91748e-05
3.95 -5.4916e-05
3.96 -4.52961e-05
3.97 -4.08974e-05
3.98 -4.21288e-05
3.99 -4.91869e-05
4 -6.20557e-05
4.01 -8.05143e-05
4.02 -0.000104151
4.03 -0.000132383
4.04 -0.000164468
4.05 -0.00019951
4.06 -0.000236479
4.07 -0.00027421
4.08 -0.000311399
4.09 -0.000346636
4.1 -0.000378459
4.11 -0.000405429
4.12 -0.000426242
4.13 -0.000439829
4.14 -0.000445401
4.15 -0.00044251
4.16 -0.000431112
4.17 -0.000411576
4.18 -0.000384624
4.19 -0.000351268
4.2 -0.000312771
4.21 -0.000270575
4.22 -0.000226197
4.23 -0.000181122
4.24 -0.000136711
4.25 -9.42059e-05
4.26 -5.47572e-05
4.27 -1.93837e-05
4.28 1.10673e-05
4.29 3.59454e-05
4.3 5.48202e-05
4.31 6.74711e-05
4.32 7.38607e-05
4.33 7.4124e-05
4.34 6.85861e-05
4.35 5.77801e-05
4.36 4.24341e-05
4.37 2.34438e-05
4.38 1.83055e-06
4.39 -2.13081e-05
4.4 -4.48217e-05
4.41 -6.7519e-05
4.42 -8.81978e-05
4.43 -0.000105693
4.44 -0.000118913
4.45 -0.000126886
4.46 -0.00012885
4.47 -0.000124306
4.48 -0.00011302
4.49 -9.49749e-05
4.5 -7.02872e-05
4.51 -3.91802e-05
4.52 -2.02391e-06
4.53 4.06325e-05
4.54 8.80778e-05
4.55 0.000139464
4.56 0.000193829
4.57 0.000250117
4.58 0.00030719
4.59 0.000363859
4.6 0.000418915
4.61 0.00047117
4.62 0.000519531
4.63 0.000563012
4.64 0.00060074
4.65 0.000631985
4.66 0.000656182
4.67 0.000672983
4.68 0.000682278
4.69 0.000684167
4.7 0.000678899
4.71 0.000666802
4.72 0.000648255
4.73 0.000623691
4.74 0.000593581
4.75 0.000558359
4.76 0.000518422
4.77 0.000474161
4.78 0.000425978
4.79 0.000374303
4.8 0.000319593
4.81 0.000262267
4.82 0.000202715
4.83 0.000141359
4.84 7.86321e-05
4.85 1.49269e-05
4.86 -4.93925e-05
4.87 -0.00011392
4.88 -0.000178191
4.89 -0.000241731
4.9 -0.000304062
4.91 -0.000364673
4.92 -0.000423017
4.93 -0.000478531
4.94 -0.000530669
4.95 -0.000578916
4.96 -0.000622777
4.97 -0.000661765
4.98 -0.000695389
4.99 -0.000723167
5 -0.000744636
5.01 -0.000759404
5.02 -0.000767214
5.03 -0.000767992
5.04 -0.000761864
5.05 -0.000749145
5.06 -0.00073035
5.07 -0.000706205
5.08 -0.00067759
5.09 -0.000645476
5.1 -0.000610918
5.11 -0.000575035
5.12 -0.000538923
5.13 -0.000503604
5.14 -0.000470001
5.15 -0.000438879
5.16 -0.00041078
5.17 -0.000385982
5.18 -0.000364531
5.19 -0.000346292
5.2 -0.00033096
5.21 -0.000318063
5.22 -0.000307024
5.23 -0.000297242
5.24 -0.000288133
5.25 -0.000279126
5.26 -0.00026961
5.27 -0.000258919
5.28 -0.000246358
5.29 -0.000231259
5.3 -0.000213023
5.31 -0.000191122
5.32 -0.00016515
5.33 -0.000134908
5.34 -0.000100456
5.35 -6.2098e-05
5.36 -2.04034e-05
5.37 2.37492e-05
5.38 6.92131e-05
5.39 0.000114697
5.4 0.000158869
5.41 0.000200407
5.42 0.000238055
5.43 0.000270699
5.44 0.000297433
5.45 0.000317591
5.46 0.000330742
5.47 0.000336652
5.48 0.000335227
5.49 0.000326503
5.5 0.000310674
5.51 0.00028811
5.52 0.000259309
5.53 0.00022484
5.54 0.00018534
5.55 0.000141538
5.56 9.42354e-05
5.57 4.42261e-05
5.58 -7.76597e-06
5.59 -6.10743e-05
5.6 -0.000115047
5.61 -0.000169011
5.62 -0.000222267
5.63 -0.000274109
5.64 -0.000323819
5.65 -0.000370692
5.66 -0.000414077
5.67 -0.000453333
5.68 -0.000487824
5.69 -0.000516899
5.7 -0.000539896
5.71 -0.000556145
5.72 -0.000564963
5.73 -0.000565706
5.74 -0.000557809
5.75 -0.000540781
5.76 -0.000514239
5.77 -0.000477974
5.78 -0.000431986
5.79 -0.000376527
5.8 -0.000312126
5.81 -0.000239603
5.82 -0.000160074
5.83 -7.49652e-05
5.84 1.40342e-05
5.85 0.00010505
5.86 0.000196091
5.87 0.000285103
5.88 0.000370025
5.89 0.000448852
5.9 0.000519692
5.91 0.000580849
5.92 0.000630876
5.93 0.000668585
5.94 0.000693075
5.95 0.000703769
5.96 0.000700481
5.97 0.000683481
5.98 0.00065347
5.99 0.000611519
6 0.000559032
6.01 0.000497672
6.02 0.000429257
6.03 0.00035569
6.04 0.000278946
6.05 0.000201016
6.06 0.000123839
6.07 4.91961e-05
6.08 -2.1361e-05
6.09 -8.65173e-05
6.1 -0.000145162
6.11 -0.000196384
6.12 -0.000239498
6.13 -0.000274044
6.14 -0.000299731
6.15 -0.000316365
6.16 -0.000323805
6.17 -0.000321901
6.18 -0.000310405
6.19 -0.000288978
6.2 -0.000257272
6.21 -0.000214999
6.22 -0.00016191
6.23 -9.78097e-05
6.24 -2.26255e-05
6.25 6.35569e-05
6.26 0.000160524
6.27 0.000267935
6.28 0.000385329
6.29 0.00051217
6.3 0.000647864
6.31 0.000791768
6.32 0.000943224
6.33 0.00110156
6.34 0.00126606
6.35 0.001436
6.36 0.00161052
6.37 0.00178858
6.38 0.00196876
6.39 0.00214937
6.4 0.00232848
6.41 0.00250403
6.42 0.00267394
6.43 0.00283626
6.44 0.00298921
6.45 0.00313133
6.46 0.00326157
6.47 0.00337919
6.48 0.0034837
6.49 0.00357465
6.5 0.00365159
6.51 0.00371386
6.52 0.00376055
6.53 0.00379051
6.54 0.00380239
6.55 0.0037946
6.56 0.00376532
6.57 0.00371269
6.58 0.00363492
6.59 0.00353048
6.6 0.00339828
6.61 0.00323785
6.62 0.00304932
6.63 0.00283351
6.64 0.00259185
6.65 0.00232627
6.66 0.00203895
6.67 0.00173231
6.68 0.0014089
6.69 0.00107142
6.7 0.000722655
6.71 0.000365511
6.72 2.97063e-06
6.73 -0.000361929
6.74 -0.00072611
6.75 -0.00108641
6.76 -0.0014396
6.77 -0.00178237
6.78 -0.00211145
6.79 -0.00242356
6.8 -0.00271551
6.81 -0.00298428
6.82 -0.00322715
6.83 -0.0034418
6.84 -0.00362629
6.85 -0.00377918
6.86 -0.00389952
6.87 -0.00398724
6.88 -0.00404324
6.89 -0.00406864
6.9 -0.00406437
6.91 -0.00403127
6.92 -0.00397018
6.93 -0.00388199
6.94 -0.00376751
6.95 -0.00362754
6.96 -0.00346294
6.97 -0.00327477
6.98 -0.00306445
6.99 -0.00283386
7 -0.00258538
7.01 -0.00232194
7.02 -0.00204691
7.03 -0.00176393
7.04 -0.00147672
7.05 -0.00118886
7.06 -0.00090364
7.07 -0.000623924
7.08 -0.000352091
7.09 -9.00653e-05
7.1 0.000160639
7.11 0.000398832
7.12 0.000623533
7.13 0.000833754
7.14 0.00102832
7.15 0.00120579
7.16 0.00136452
7.17 0.00150272
7.18 0.00161858
7.19 0.00171039
7.2 0.00177664
7.21 0.00181618
7.22 0.00182835
7.23 0.00181307
7.24 0.0017709
7.25 0.00170297
7.26 0.00161095
7.27 0.00149688
7.28 0.001363
7.29 0.00121159
7.3 0.00104486
7.31 0.000864883
7.32 0.000673514
7.33 0.000472446
7.34 0.000263324
7.35 4.78565e-05
7.36 -0.000172078
7.37 -0.000394322
7.38 -0.000616379
7.39 -0.000835421
7.4 -0.00104836
7.41 -0.00125198
7.42 -0.00144305
7.43 -0.00161855
7.44 -0.00177588
7.45 -0.00191296
7.46 -0.00202827
7.47 -0.00212093
7.48 -0.00219065
7.49 -0.00223779
7.5 -0.00226331
7.51 -0.00226869
7.52 -0.00225586
7.53 -0.00222699
7.54 -0.00218439
7.55 -0.0021304
7.56 -0.00206739
7.57 -0.00199783
7.58 -0.00192419
7.59 -0.00184899
7.6 -0.00177475
7.61 -0.00170392
7.62 -0.00163866
7.63 -0.00158068
7.64 -0.00153111
7.65 -0.00149056
7.66 -0.00145905
7.67 -0.00143592
7.68 -0.00141983
7.69 -0.00140881
7.7 -0.00140031
7.71 -0.00139145
7.72 -0.00137931
7.73 -0.00136128
7.74 -0.00133526
7.75 -0.00129973
7.76 -0.00125379
7.77 -0.00119703
7.78 -0.00112948
7.79 -0.00105157
7.8 -0.000964142
7.81 -0.000868389
7.82 -0.000765799
7.83 -0.000658131
7.84 -0.000547394
7.85 -0.00043577
7.86 -0.000325513
7.87 -0.000218907
7.88 -0.000118179
7.89 -2.53614e-05
7.9 5.77862e-05
7.91 0.000129821
7.92 0.000189665
7.93 0.000236661
7.94 0.000270571
7.95 0.000291543
7.96 0.000300076
7.97 0.000296985
7.98 0.00028338
7.99 0.000260606
8 0.000230116
8.01 0.00019335
8.02 0.000151691
8.03 0.00010642
8.04 5.86337e-05
8.05 9.17255e-06
8.06 -4.14088e-05
8.07 -9.28074e-05
8.08 -0.000144884
8.09 -0.000197558
8.1 -0.000250698
8.11 -0.000303974
8.12 -0.000356718
8.13 -0.000407894
8.14 -0.000456167
8.15 -0.000499948
8.16 -0.000537434
8.17 -0.0005667
8.18 -0.000585812
8.19 -0.000592947
8.2 -0.000586466
8.21 -0.000564996
8.22 -0.000527529
8.23 -0.000473422
8.24 -0.000402351
8.25 -0.000314344
8.26 -0.000209841
8.27 -8.96841e-05
8.28 4.48965e-05
8.29 0.000192249
8.3 0.000350261
8.31 0.000516293
8.32 0.000687115
8.33 0.000858913
8.34 0.00102741
8.35 0.00118804
8.36 0.00133611
8.37 0.00146716
8.38 0.00157714
8.39 0.00166269
8.4 0.00172132
8.41 0.00175141
8.42 0.0017522
8.43 0.00172369
8.44 0.00166661
8.45 0.00158238
8.46 0.00147314
8.47 0.00134163
8.48 0.00119115
8.49 0.00102535
8.5 0.000848142
8.51 0.000663526
8.52 0.000475438
8.53 0.000287531
8.54 0.000103015
8.55 -7.54249e-05
8.56 -0.000245588
8.57 -0.000405667
8.58 -0.000554179
8.59 -0.000689916
8.6 -0.000811882
8.61 -0.000919221
8.62 -0.00101112
8.63 -0.00108672
8.64 -0.00114506
8.65 -0.00118508
8.66 -0.00120561
8.67 -0.00120548
8.68 -0.00118355
8.69 -0.00113888
8.7 -0.00107081
8.71 -0.000978924
8.72 -0.000863177
8.73 -0.000723972
8.74 -0.000562189
8.75 -0.000379156
8.76 -0.000176702
8.77 4.27846e-05
8.78 0.000276398
8.79 0.000520803
8.8 0.000772284
8.81 0.00102679
8.82 0.00128005
8.83 0.00152774
8.84 0.00176571
8.85 0.00199009
8.86 0.00219739
8.87 0.00238445
8.88 0.00254853
8.89 0.00268737
8.9 0.00279929
8.91 0.00288318
8.92 0.00293846
8.93 0.00296501
8.94 0.00296309
8.95 0.00293323
8.96 0.00287616
8.97 0.00279286
8.98 0.00268446
8.99 0.00255226
9 0.00239753
9.01 0.00222156
9.02 0.00202555
9.03 0.00181061
9.04 0.00157783
9.05 0.00132837
9.06 0.00106361
9.07 0.000785222
9.08 0.000495161
9.09 0.000195663
9.1 -0.000110845
9.11 -0.000421838
9.12 -0.000734762
9.13 -0.00104703
9.14 -0.00135609
9.15 -0.00165939
9.16 -0.00195435
9.17 -0.00223828
9.18 -0.00250824
9.19 -0.00276107
9.2 -0.00299337
9.21 -0.00320149
9.22 -0.00338151
9.23 -0.0035294
9.24 -0.00364119
9.25 -0.00371325
9.26 -0.00374261
9.27 -0.00372707
9.28 -0.00366541
9.29 -0.00355744
9.3 -0.00340395
9.31 -0.00320649
9.32 -0.00296717
9.33 -0.00268867
9.34 -0.00237414
9.35 -0.00202713
9.36 -0.00165156
9.37 -0.00125167
9.38 -0.000831959
9.39 -0.000397124
9.4 4.78989e-05
9.41 0.000497904
9.42 0.000947421
9.43 0.0013907
9.44 0.00182168
9.45 0.00223406
9.46 0.00262145
9.47 0.00297762
9.48 0.00329669
9.49 0.00357335
9.5 0.00380312
9.51 0.00398336
9.52 0.00411368
9.53 0.00419425
9.54 0.00422506
9.55 0.00420619
9.56 0.004138
9.57 0.00402128
9.58 0.00385714
9.59 0.00364689
9.6 0.0033921
9.61 0.00309473
9.62 0.00275716
9.63 0.00238235
9.64 0.00197388
9.65 0.00153601
9.66 0.00107362
9.67 0.000592172
9.68 9.75745e-05
9.69 -0.000403875
9.7 -0.000905692
9.71 -0.00140141
9.72 -0.00188474
9.73 -0.00234971
9.74 -0.00279079
9.75 -0.00320304
9.76 -0.00358215
9.77 -0.00392569
9.78 -0.00423388
9.79 -0.00450788
9.8 -0.00474879
9.81 -0.00495791
9.82 -0.0051367
9.83 -0.00528675
9.84 -0.00540977
9.85 -0.00550758
9.86 -0.00558196
9.87 -0.00563463
9.88 -0.00566712
9.89 -0.00568078
9.9 -0.00567682
9.91 -0.00565621
9.92 -0.00561975
9.93 -0.0055681
9.94 -0.00550182
9.95 -0.00542128
9.96 -0.00532685
9.97 -0.00521898
9.98 -0.00509838
9.99 -0.00496609
10 -0.00482345
10.01 -0.00467211
10.02 -0.00451404
10.03 -0.00435152
10.04 -0.00418699
10.05 -0.00402285
10.06 -0.00386135
10.07 -0.00370448
10.08 -0.00355397
10.09 -0.00341127
10.1 -0.00327758
10.11 -0.00315382
10.12 -0.00304079
10.13 -0.00293927
10.14 -0.00285007
10.15 -0.00277397
10.16 -0.00271175
10.17 -0.00266409
10.18 -0.00263147
10.19 -0.00261407
10.2 -0.00261176
10.21 -0.00262403
10.22 -0.00265015
10.23 -0.00268918
10.24 -0.00273997
10.25 -0.00280126
10.26 -0.00287172
10.27 -0.00295004
10.28 -0.00303491
10.29 -0.00312501
10.3 -0.00321902
10.31 -0.00331558
10.32 -0.00341327
10.33 -0.00351053
10.34 -0.00360581
10.35 -0.00369761
10.36 -0.00378449
10.37 -0.00386505
10.38 -0.00393799
10.39 -0.0040021
10.4 -0.00405622
10.41 -0.00409923
10.42 -0.00413
10.43 -0.00414734
10.44 -0.00414998
10.45 -0.00413665
10.46 -0.00410606
10.47 -0.00405705
10.48 -0.00398874
10.49 -0.00390064
10.5 -0.00379273
10.51 -0.00366555
10.52 -0.00352017
10.53 -0.00335811
10.54 -0.00318133
10.55 -0.00299203
10.56 -0.00279261
10.57 -0.00258558
10.58 -0.0023736
10.59 -0.00215933
10.6 -0.00194543
10.61 -0.00173457
10.62 -0.00152938
10.63 -0.00133252
10.64 -0.00114659
10.65 -0.000974188
10.66 -0.000817831
10.67 -0.000679901
10.68 -0.000562566
10.69 -0.000467671
10.7 -0.000396635
10.71 -0.000350396
10.72 -0.000329466
10.73 -0.000333947
10.74 -0.000363538
10.75 -0.00041759
10.76 -0.000495142
10.77 -0.000594903
10.78 -0.000715246
10.79 -0.000854236
10.8 -0.00100969
10.81 -0.00117922
10.82 -0.00136029
10.83 -0.00155014
10.84 -0.00174594
10.85 -0.00194484
10.86 -0.00214401
10.87 -0.00234079
10.88 -0.00253266
10.89 -0.00271725
10.9 -0.00289235
10.91 -0.00305592
10.92 -0.003206
10.93 -0.00334067
10.94 -0.00345797
10.95 -0.00355591
10.96 -0.00363249
10.97 -0.00368579
10.98 -0.00371403
10.99 -0.00371569
11 -0.00368959
11.01 -0.00363502
11.02 -0.00355166
11.03 -0.00343972
11.04 -0.00329991
11.05 -0.00313343
11.06 -0.00294184
11.07 -0.00272706
11.08 -0.00249136
11.09 -0.00223726
11.1 -0.00196754
11.11 -0.00168508
11.12 -0.00139278
11.13 -0.00109357
11.14 -0.000790355
11.15 -0.000486093
11.16 -0.000183662
11.17 0.000114247
11.18 0.00040521
11.19 0.000687131
11.2 0.00095824
11.21 0.00121709
11.22 0.00146253
11.23 0.0016937
11.24 0.00190974
11.25 0.0021097
11.26 0.00229303
11.27 0.00246013
11.28 0.00261127
11.29 0.00274625
11.3 0.00286469
11.31 0.00296617
11.32 0.00305024
11.33 0.00311656
11.34 0.00316497
11.35 0.00319562
11.36 0.00320904
11.37 0.00320606
11.38 0.00318771
11.39 0.00315515
11.4 0.00310967
11.41 0.00305258
11.42 0.00298507
11.43 0.00290819
11.44 0.00282279
11.45 0.00272962
11.46 0.00262939
11.47 0.00252292
11.48 0.00241119
11.49 0.00229551
11.5 0.00217758
11.51 0.00205946
11.52 0.00194354
11.53 0.00183234
11.54 0.00172846
11.55 0.00163439
11.56 0.00155237
11.57 0.00148421
11.58 0.00143129
11.59 0.00139453
11.6 0.00137458
11.61 0.00137189
11.62 0.00138673
11.63 0.0014192
11.64 0.0014692
11.65 0.00153647
11.66 0.00162052
11.67 0.00172068
11.68 0.00183607
11.69 0.00196559
11.7 0.0021078
11.71 0.00226092
11.72 0.0024228
11.73 0.00259092
11.74 0.00276242
11.75 0.0029341
11.76 0.00310236
11.77 0.00326325
11.78 0.00341293
11.79 0.00354823
11.8 0.00366605
11.81 0.00376322
11.82 0.00383685
11.83 0.00388436
11.84 0.00390355
11.85 0.00389258
11.86 0.00385002
11.87 0.00377492
11.88 0.00366675
11.89 0.00352542
11.9 0.00335127
11.91 0.00314508
11.92 0.00290811
11.93 0.00264199
11.94 0.00234874
11.95 0.00203075
11.96 0.00169068
11.97 0.00133145
11.98 0.00095632
11.99 0.000568869
12 0.00017301
12.01 -0.000227119
12.02 -0.000627171
12.03 -0.00102255
12.04 -0.00140848
12.05 -0.00178008
12.06 -0.00213253
12.07 -0.00246123
12.08 -0.0027619
12.09 -0.00303085
12.1 -0.00326507
12.11 -0.00346217
12.12 -0.00362048
12.13 -0.00373909
12.14 -0.00381791
12.15 -0.00385776
12.16 -0.00386031
12.17 -0.00382756
12.18 -0.00376175
12.19 -0.00366564
12.2 -0.00354233
12.21 -0.00339508
12.22 -0.0032272
12.23 -0.00304209
12.24 -0.00284327
12.25 -0.00263431
12.26 -0.00241866
12.27 -0.00219967
12.28 -0.0019805
12.29 -0.00176417
12.3 -0.00155345
12.31 -0.0013509
12.32 -0.00115873
12.33 -0.000978727
12.34 -0.00081227
12.35 -0.000660382
12.36 -0.000523734
12.37 -0.000402584
12.38 -0.000296759
12.39 -0.000205744
12.4 -0.000128728
12.41 -6.46481e-05
12.42 -1.23633e-05
12.43 2.92366e-05
12.44 6.13012e-05
12.45 8.50546e-05
12.46 0.000101739
12.47 0.000112687
12.48 0.00011952
12.49 0.000124289
12.5 0.000129514
12.51 0.000138157
12.52 0.00015354
12.53 0.000179204
12.54 0.000218669
12.55 0.000275188
12.56 0.000351577
12.57 0.000450124
12.58 0.000572584
12.59 0.00072027
12.6 0.000894144
12.61 0.00109482
12.62 0.00132246
12.63 0.00157667
12.64 0.00185641
12.65 0.00216016
12.66 0.0024859
12.67 0.00283104
12.68 0.00319236
12.69 0.00356605
12.7 0.00394775
12.71 0.00433402
12.72 0.00472354
12.73 0.00511559
12.74 0.00550904
12.75 0.00590278
12.76 0.00629571
12.77 0.00668685
12.78 0.00707529
12.79 0.00746022
12.8 0.00784086
12.81 0.00821643
12.82 0.00858605
12.83 0.00894874
12.84 0.00930345
12.85 0.00964915
12.86 0.0099849
12.87 0.0103099
12.88 0.0106235
12.89 0.0109254
12.9 0.0112155
12.91 0.011494
12.92 0.011761
12.93 0.0120167
12.94 0.0122612
12.95 0.0124943
12.96 0.012716
12.97 0.012926
12.98 0.0131239
12.99 0.0133093
13 0.0134819
13.01 0.0136413
13.02 0.0137873
13.03 0.01392
13.04 0.0140395
13.05 0.0141462
13.06 0.0142401
13.07 0.0143215
13.08 0.0143901
13.09 0.0144456
13.1 0.0144873
13.11 0.0145143
13.12 0.0145254
13.13 0.0145196
13.14 0.0144958
13.15 0.0144534
13.16 0.0143919
13.17 0.0143117
13.18 0.0142134
13.19 0.0140978
13.2 0.0139662
13.21 0.0138202
13.22 0.0136614
13.23 0.0134915
13.24 0.0133122
13.25 0.0131253
13.26 0.0129327
13.27 0.012736
13.28 0.0125369
13.29 0.012337
13.3 0.0121376
13.31 0.01194
13.32 0.0117452
13.33 0.011554
13.34 0.011367
13.35 0.0111846
13.36 0.0110072
13.37 0.0108354
13.38 0.0106698
13.39 0.0105109
13.4 0.0103596
13.41 0.0102166
13.42 0.010083
13.43 0.00995982
13.44 0.00984832
13.45 0.0097498
13.46 0.00966565
13.47 0.00959733
13.48 0.00954627
13.49 0.00951382
13.5 0.00950126
13.51 0.0095097
13.52 0.00954008
13.53 0.00959316
13.54 0.00966958
13.55 0.00976981
13.56 0.00989414
13.57 0.0100426
13.58 0.0102149
13.59 0.0104102
13.6 0.0106273
13.61 0.0108646
13.62 0.0111202
13.63 0.0113921
13.64 0.0116778
13.65 0.011975
13.66 0.0122812
13.67 0.0125937
13.68 0.0129099
13.69 0.0132269
13.7 0.0135418
13.71 0.0138513
13.72 0.0141525
13.73 0.0144419
13.74 0.0147164
13.75 0.0149736
13.76 0.0152133
13.77 0.0154348
13.78 0.0156366
13.79 0.015817
13.8 0.0159737
13.81 0.0161039
13.82 0.0162045
13.83 0.0162721
13.84 0.0163039
13.85 0.0162975
13.86 0.0162516
13.87 0.0161656
13.88 0.0160398
13.89 0.0158746
13.9 0.0156712
13.91 0.0154309
13.92 0.0151554
13.93 0.014847
13.94 0.014508
13.95 0.0141413
13.96 0.0137498
13.97 0.0133368
13.98 0.0129059
13.99 0.0124609
14 0.0120053
14.01 0.011543
14.02 0.0110777
14.03 0.0106131
14.04 0.0101532
14.05 0.00970159
14.06 0.00926191
14.07 0.00883748
14.08 0.00843129
14.09 0.0080444
14.1 0.00767489
14.11 0.00731995
14.12 0.00697696
14.13 0.00664299
14.14 0.00631482
14.15 0.00598892
14.16 0.00566149
14.17 0.00532861
14.18 0.00498641
14.19 0.00463111
14.2 0.00425902
14.21 0.0038665
14.22 0.00344994
14.23 0.00300574
14.24 0.00253025
14.25 0.00201974
14.26 0.0014704
14.27 0.000878449
14.28 0.000240216
14.29 -0.000447789
14.3 -0.00118878
14.31 -0.0019856
14.32 -0.00284068
14.33 -0.00375601
14.34 -0.00473325
14.35 -0.00577388
14.36 -0.00687943
14.37 -0.00805158
14.38 -0.00929223
14.39 -0.0106035
14.4 -0.0119874
14.41 -0.0134462
14.42 -0.0149819
14.43 -0.0165965
14.44 -0.0182918
14.45 -0.0200689
14.46 -0.0219285
14.47 -0.0238708
14.48 -0.0258957
14.49 -0.0280027
14.5 -0.0301913
14.51 -0.0324609
14.52 -0.0348112
14.53 -0.0372418
14.54 -0.0397525
14.55 -0.0423431
14.56 -0.0450136
14.57 -0.047764
14.58 -0.0505941
14.59 -0.053504
14.6 -0.0564935
14.61 -0.0595621
14.62 -0.0627088
14.63 -0.0659321
14.64 -0.0692298
14.65 -0.0725987
14.66 -0.0760348
14.67 -0.0795335
14.68 -0.0830899
14.69 -0.0866994
14.7 -0.0903573
14.71 -0.0940596
14.72 -0.0978019
14.73 -0.10158
14.74 -0.105386
14.75 -0.109216
14.76 -0.113061
14.77 -0.116914
14.78 -0.120767
14.79 -0.124614
14.8 -0.128449
14.81 -0.132263
14.82 -0.136049
14.83 -0.139802
14.84 -0.143515
14.85 -0.147181
14.86 -0.150793
14.87 -0.154345
14.88 -0.157832
14.89 -0.161246
14.9 -0.164582
14.91 -0.167833
14.92 -0.170993
14.93 -0.174054
14.94 -0.177011
14.95 -0.179858
14.96 -0.182587
14.97 -0.185193
14.98 -0.187671
14.99 -0.190016
15 -0.192226
15.01 -0.194299
15.02 -0.196236
15.03 -0.198037
15.04 -0.199705
15.05 -0.201244
15.06 -0.202656
15.07 -0.203948
15.08 -0.205124
15.09 -0.206189
15.1 -0.207149
15.11 -0.20801
15.12 -0.208775
15.13 -0.209452
15.14 -0.210044
15.15 -0.210557
15.16 -0.210997
15.17 -0.211367
15.18 -0.211672
15.19 -0.211915
15.2 -0.212099
15.21 -0.212226
15.22 -0.212301
15.23 -0.212327
15.24 -0.212306
15.25 -0.212242
15.26 -0.212141
15.27 -0.212008
15.28 -0.211849
15.29 -0.211672
15.3 -0.211481
15.31 -0.211284
15.32 -0.211086
15.33 -0.210892
15.34 -0.210705
15.35 -0.21053
15.36 -0.210371
15.37 -0.210233
15.38 -0.210118
15.39 -0.210032
15.4 -0.209976
15.41 -0.209953
15.42 -0.209965
15.43 -0.210013
15.44 -0.210096
15.45 -0.210213
15.46 -0.210363
15.47 -0.210542
15.48 -0.210748
15.49 -0.210975
15.5 -0.211218
15.51 -0.211469
15.52 -0.211721
15.53 -0.211965
15.54 -0.212195
15.55 -0.212401
15.56 -0.212578
15.57 -0.21272
15.58 -0.212823
15.59 -0.212881
15.6 -0.212889
15.61 -0.212842
15.62 -0.212736
15.63 -0.212568
15.64 -0.212334
15.65 -0.212032
15.66 -0.211661
15.67 -0.211219
15.68 -0.210707
15.69 -0.210125
15.7 -0.209474
15.71 -0.208758
15.72 -0.20798
15.73 -0.207142
15.74 -0.206249
15.75 -0.205305
15.76 -0.204316
15.77 -0.203282
15.78 -0.202195
15.79 -0.201049
15.8 -0.199838
15.81 -0.198558
15.82 -0.197204
15.83 -0.195774
15.84 -0.194263
15.85 -0.192669
15.86 -0.190988
15.87 -0.189219
15.88 -0.18736
15.89 -0.185407
15.9 -0.183361
15.91 -0.181218
15.92 -0.178978
15.93 -0.176641
15.94 -0.174203
15.95 -0.171665
15.96 -0.169025
15.97 -0.166284
15.98 -0.16344
15.99 -0.160495
16 -0.15745
16.01 -0.154305
16.02 -0.151065
16.03 -0.14773
16.04 -0.144307
16.05 -0.140799
16.06 -0.137213
16.07 -0.133553
16.08 -0.129828
16.09 -0.126041
16.1 -0.122199
16.11 -0.118307
16.12 -0.114372
16.13 -0.110398
16.14 -0.106391
16.15 -0.102357
16.16 -0.0983024
16.17 -0.0942317
16.18 -0.0901513
16.19 -0.0860671
16.2 -0.0819847
16.21 -0.0779098
16.22 -0.0738476
16.23 -0.0698026
16.24 -0.065779
16.25 -0.0617799
16.26 -0.0578077
16.27 -0.0538639
16.28 -0.0499495
16.29 -0.0460654
16.3 -0.0422122
16.31 -0.0383901
16.32 -0.0345996
16.33 -0.0308405
16.34 -0.0271129
16.35 -0.0234166
16.36 -0.0197514
16.37 -0.0161171
16.38 -0.0125133
16.39 -0.00893968
16.4 -0.00539572
16.41 -0.00188085
16.42 0.00160547
16.43 0.00506366
16.44 0.00849408
16.45 0.0118971
16.46 0.0152729
16.47 0.0186218
16.48 0.0219441
16.49 0.02524
16.5 0.0285097
16.51 0.0317533
16.52 0.0349711
16.53 0.0381631
16.54 0.0413297
16.55 0.044471
16.56 0.0475872
16.57 0.0506782
16.58 0.053744
16.59 0.0567844
16.6 0.0597987
16.61 0.0627866
16.62 0.0657469
16.63 0.0686786
16.64 0.0715799
16.65 0.0744491
16.66 0.0772838
16.67 0.0800814
16.68 0.0828391
16.69 0.0855534
16.7 0.0882209
16.71 0.0908381
16.72 0.0934016
16.73 0.0959089
16.74 0.0983578
16.75 0.100747
16.76 0.103074
16.77 0.10534
16.78 0.107542
16.79 0.109681
16.8 0.111757
16.81 0.113768
16.82 0.115716
16.83 0.117601
16.84 0.119422
16.85 0.12118
16.86 0.122876
16.87 0.124509
16.88 0.12608
16.89 0.127589
16.9 0.129036
16.91 0.130419
16.92 0.131739
16.93 0.132995
16.94 0.134186
16.95 0.135313
16.96 0.136375
16.97 0.137373
16.98 0.138305
16.99 0.139173
17 0.139976
17.01 0.140715
17.02 0.141389
17.03 0.142
17.04 0.142548
17.05 0.143031
17.06 0.143452
17.07 0.14381
17.08 0.144104
17.09 0.144337
17.1 0.144507
17.11 0.144615
17.12 0.144661
17.13 0.144646
17.14 0.144569
17.15 0.144433
17.16 0.144239
17.17 0.143989
17.18 0.143686
17.19 0.143334
17.2 0.142936
17.21 0.142498
17.22 0.142023
17.23 0.141519
17.24 0.140989
17.25 0.140439
17.26 0.139876
17.27 0.139305
17.28 0.138732
17.29 0.138162
17.3 0.1376
17.31 0.137052
17.32 0.136524
17.33 0.136016
17.34 0.135527
17.35 0.135055
17.36 0.134598
17.37 0.134154
17.38 0.133722
17.39 0.133299
17.4 0.132881
17.41 0.132466
17.42 0.13205
17.43 0.131629
17.44 0.131199
17.45 0.130756
17.46 0.130299
17.47 0.129823
17.48 0.129329
17.49 0.128814
17.5 0.128276
17.51 0.127716
17.52 0.127131
17.53 0.126521
17.54 0.125883
17.55 0.125218
17.56 0.124522
17.57 0.123797
17.58 0.123041
17.59 0.122254
17.6 0.121436
17.61 0.120587
17.62 0.119709
17.63 0.118803
17.64 0.117871
17.65 0.116915
17.66 0.115937
17.67 0.11494
17.68 0.113927
17.69 0.1129
17.7 0.111864
17.71 0.11082
17.72 0.109771
17.73 0.108718
17.74 0.107665
17.75 0.106611
17.76 0.10556
17.77 0.104512
17.78 0.103472
17.79 0.10244
17.8 0.101421
17.81 0.100419
17.82 0.0994359
17.83 0.0984761
17.84 0.0975427
17.85 0.0966391
17.86 0.0957685
17.87 0.094934
17.88 0.0941383
17.89 0.0933839
17.9 0.0926727
17.91 0.0920061
17.92 0.0913849
17.93 0.0908096
17.94 0.0902806
17.95 0.0897981
17.96 0.089362
17.97 0.088972
17.98 0.0886279
17.99 0.0883293
18 0.0880755
18.01 0.087866
18.02 0.0877002
18.03 0.0875777
18.04 0.0874978
18.05 0.0874602
18.06 0.0874645
18.07 0.0875101
18.08 0.0875963
18.09 0.0877218
18.1 0.0878846
18.11 0.0880826
18.12 0.0883132
18.13 0.0885736
18.14 0.0888606
18.15 0.0891711
18.16 0.0895019
18.17 0.0898497
18.18 0.0902113
18.19 0.0905834
18.2 0.090963
18.21 0.0913472
18.22 0.0917328
18.23 0.0921169
18.24 0.0924963
18.25 0.0928681
18.26 0.0932292
18.27 0.0935764
18.28 0.0939072
18.29 0.094219
18.3 0.0945096
18.31 0.094777
18.32 0.0950197
18.33 0.0952364
18.34 0.0954268
18.35 0.0955921
18.36 0.0957334
18.37 0.0958518
18.38 0.0959481
18.39 0.096023
18.4 0.0960774
18.41 0.0961124
18.42 0.096129
18.43 0.0961285
18.44 0.0961126
18.45 0.0960831
18.46 0.0960425
18.47 0.0959933
18.48 0.0959383
18.49 0.0958806
18.5 0.0958229
18.51 0.095768
18.52 0.0957184
18.53 0.0956762
18.54 0.0956432
18.55 0.0956209
18.56 0.0956105
18.57 0.0956128
18.58 0.0956283
18.59 0.0956573
18.6 0.0957002
18.61 0.095757
18.62 0.0958277
18.63 0.0959123
18.64 0.0960104
18.65 0.0961217
18.66 0.0962453
18.67 0.0963808
18.68 0.0965283
18.69 0.096687
18.7 0.0968552
18.71 0.0970303
18.72 0.0972087
18.73 0.0973864
18.74 0.0975587
18.75 0.0977212
18.76 0.0978696
18.77 0.0979994
18.78 0.0981067
18.79 0.0981871
18.8 0.0982367
18.81 0.0982511
18.82 0.0982261
18.83 0.0981579
18.84 0.0980429
18.85 0.0978781
18.86 0.0976609
18.87 0.0973894
18.88 0.0970621
18.89 0.0966786
18.9 0.0962391
18.91 0.095745
18.92 0.0951987
18.93 0.0946039
18.94 0.0939653
18.95 0.0932885
18.96 0.0925795
18.97 0.0918444
18.98 0.0910897
18.99 0.0903217
19 0.0895437
19.01 0.0887541
19.02 0.0879491
19.03 0.0871258
19.04 0.0862809
19.05 0.0854113
19.06 0.0845144
19.07 0.0835876
19.08 0.0826292
19.09 0.0816373
19.1 0.0806107
19.11 0.0795482
19.12 0.0784482
19.13 0.0773091
19.14 0.0761291
19.15 0.0749064
19.16 0.0736393
19.17 0.0723265
19.18 0.0709674
19.19 0.0695623
19.2 0.0681122
19.21 0.0666189
19.22 0.0650848
19.23 0.0635128
19.24 0.061906
19.25 0.0602673
19.26 0.0585992
19.27 0.0569033
19.28 0.0551807
19.29 0.0534321
19.3 0.0516585
19.31 0.0498609
19.32 0.0480408
19.33 0.0461999
19.34 0.0443405
19.35 0.0424652
19.36 0.0405771
19.37 0.0386795
19.38 0.036776
19.39 0.0348698
19.4 0.0329641
19.41 0.0310622
19.42 0.0291672
19.43 0.0272823
19.44 0.0254107
19.45 0.0235555
19.46 0.0217197
19.47 0.0199063
19.48 0.0181183
19.49 0.0163586
19.5 0.0146298
19.51 0.0129344
19.52 0.0112747
19.53 0.00965262
19.54 0.00807012
19.55 0.00652851
19.56 0.00502858
19.57 0.00357072
19.58 0.00215509
19.59 0.000781719
19.6 -0.000549476
19.61 -0.00183874
19.62 -0.00308644
19.63 -0.00429301
19.64 -0.0054589
19.65 -0.00658461
19.66 -0.00767069
19.67 -0.00871779
19.68 -0.00972661
19.69 -0.010698
19.7 -0.0116328
19.71 -0.0125322
19.72 -0.0133973
19.73 -0.0142293
19.74 -0.0150293
19.75 -0.0157983
19.76 -0.0165369
19.77 -0.0172456
19.78 -0.0179247
19.79 -0.0185744
19.8 -0.019195
19.81 -0.0197864
19.82 -0.0203492
19.83 -0.0208835
19.84 -0.02139
19.85 -0.0218693
19.86 -0.0223221
19.87 -0.0227496
19.88 -0.0231528
19.89 -0.0235328
19.9 -0.0238906
19.91 -0.024227
19.92 -0.0245427
19.93 -0.0248382
19.94 -0.0251139
19.95 -0.02537
19.96 -0.0256072
19.97 -0.0258261
19.98 -0.0260275
19.99 -0.0262126
20 -0.0263825
20.01 -0.0265386
20.02 -0.0266823
20.03 -0.0268147
20.04 -0.0269368
20.05 -0.0270489
20.06 -0.0271508
20.07 -0.0272418
20.08 -0.027321
20.09 -0.0273867
20.1 -0.0274369
20.11 -0.0274694
20.12 -0.0274817
20.13 -0.0274714
20.14 -0.0274366
20.15 -0.0273753
20.16 -0.0272862
20.17 -0.0271681
20.18 -0.0270207
20.19 -0.026844
20.2 -0.0266385
20.21 -0.0264056
20.22 -0.026147
20.23 -0.0258648
20.24 -0.0255613
20.25 -0.0252388
20.26 -0.0249001
20.27 -0.0245483
20.28 -0.0241867
20.29 -0.0238189
20.3 -0.0234488
20.31 -0.0230804
20.32 -0.022718
20.33 -0.0223656
20.34 -0.0220275
20.35 -0.0217075
20.36 -0.0214091
20.37 -0.0211356
20.38 -0.0208894
20.39 -0.0206723
20.4 -0.0204852
20.41 -0.0203286
20.42 -0.020202
20.43 -0.0201047
20.44 -0.0200352
20.45 -0.019992
20.46 -0.0199732
20.47 -0.0199766
20.48 -0.02
20.49 -0.0200408
20.5 -0.0200962
20.51 -0.0201632
20.52 -0.0202386
20.53 -0.0203194
20.54 -0.0204021
20.55 -0.0204837
20.56 -0.0205609
20.57 -0.0206309
20.58 -0.0206911
20.59 -0.0207396
20.6 -0.0207751
20.61 -0.020797
20.62 -0.0208051
20.63 -0.0207997
20.64 -0.0207812
20.65 -0.0207503
20.66 -0.0207077
20.67 -0.0206544
20.68 -0.0205912
20.69 -0.0205191
20.7 -0.020439
20.71 -0.0203517
20.72 -0.0202581
20.73 -0.020159
20.74 -0.0200552
20.75 -0.0199479
20.76 -0.0198379
20.77 -0.0197263
20.78 -0.0196134
20.79 -0.0194987
20.8 -0.0193812
20.81 -0.0192596
20.82 -0.0191321
20.83 -0.0189969
20.84 -0.0188515
20.85 -0.0186939
20.86 -0.0185222
20.87 -0.0183345
20.88 -0.0181295
20.89 -0.0179063
20.9 -0.0176641
20.91 -0.0174026
20.92 -0.0171214
20.93 -0.0168202
20.94 -0.0164987
20.95 -0.0161567
20.96 -0.0157942
20.97 -0.0154114
20.98 -0.0150089
20.99 -0.0145875
21 -0.0141485
21.01 -0.0136936
21.02 -0.0132247
21.03 -0.0127444
21.04 -0.0122552
21.05 -0.0117598
21.06 -0.0112608
21.07 -0.0107607
21.08 -0.010262
21.09 -0.00976723
21.1 -0.00927872
21.11 -0.00879876
21.12 -0.00832924
21.13 -0.00787171
21.14 -0.00742738
21.15 -0.00699724
21.16 -0.00658215
21.17 -0.00618291
21.18 -0.00580025
21.19 -0.00543492
21.2 -0.00508766
21.21 -0.0047592
21.22 -0.00445024
21.23 -0.0041615
21.24 -0.0038936
21.25 -0.00364709
21.26 -0.00342237
21.27 -0.00321959
21.28 -0.00303868
21.29 -0.00287938
21.3 -0.00274127
21.31 -0.00262382
21.32 -0.00252654
21.33 -0.00244907
21.34 -0.00239123
21.35 -0.00235301
21.36 -0.00233462
21.37 -0.00233648
21.38 -0.00235921
21.39 -0.00240346
21.4 -0.00246991
21.41 -0.00255922
21.42 -0.00267196
21.43 -0.00280849
21.44 -0.00296891
21.45 -0.00315301
21.46 -0.00336014
21.47 -0.00358926
21.48 -0.00383898
21.49 -0.00410766
21.5 -0.0043935
21.51 -0.00469456
21.52 -0.00500874
21.53 -0.00533372
21.54 -0.00566707
21.55 -0.00600628
21.56 -0.00634879
21.57 -0.00669214
21.58 -0.00703402
21.59 -0.00737237
21.6 -0.00770534
21.61 -0.00803122
21.62 -0.00834832
21.63 -0.00865494
21.64 -0.00894924
21.65 -0.00922921
21.66 -0.00949267
21.67 -0.00973739
21.68 -0.00996113
21.69 -0.0101618
21.7 -0.0103384
21.71 -0.0104913
21.72 -0.0106214
21.73 -0.010729
21.74 -0.0108141
21.75 -0.0108769
21.76 -0.010917
21.77 -0.0109341
21.78 -0.0109273
21.79 -0.0108961
21.8 -0.01084
21.81 -0.0107588
21.82 -0.010653
21.83 -0.0105236
21.84 -0.0103721
21.85 -0.0102004
21.86 -0.010011
21.87 -0.00980665
21.88 -0.00959058
21.89 -0.00936614
21.9 -0.00913684
21.91 -0.00890613
21.92 -0.00867735
21.93 -0.00845362
21.94 -0.00823777
21.95 -0.00803236
21.96 -0.00783979
21.97 -0.00766247
21.98 -0.00750283
21.99 -0.00736345
22 -0.00724703
22.01 -0.00715641
22.02 -0.0070944
22.03 -0.00706366
22.04 -0.00706637
22.05 -0.007104
22.06 -0.00717702
22.07 -0.00728478
22.08 -0.00742574
22.09 -0.00759768
22.1 -0.00779786
22.11 -0.00802304
22.12 -0.00826965
22.13 -0.00853381
22.14 -0.00881155
22.15 -0.00909888
22.16 -0.00939193
22.17 -0.00968697
22.18 -0.00998041
22.19 -0.0102688
22.2 -0.0105489
22.21 -0.0108172
22.22 -0.0110706
22.23 -0.0113066
22.24 -0.0115246
22.25 -0.0117241
22.26 -0.0119041
22.27 -0.0120638
22.28 -0.0122023
22.29 -0.012319
22.3 -0.0124134
22.31 -0.0124855
22.32 -0.0125357
22.33 -0.0125645
22.34 -0.0125729
22.35 -0.0125618
22.36 -0.0125325
22.37 -0.0124863
22.38 -0.0124247
22.39 -0.0123492
22.4 -0.0122613
22.41 -0.0121625
22.42 -0.012054
22.43 -0.0119371
22.44 -0.011813
22.45 -0.011683
22.46 -0.011548
22.47 -0.0114089
22.48 -0.0112662
22.49 -0.0111203
22.5 -0.0109714
22.51 -0.0108195
22.52 -0.0106642
22.53 -0.0105052
22.54 -0.0103418
22.55 -0.0101736
22.56 -0.0100001
22.57 -0.00982068
22.58 -0.00963484
22.59 -0.00944212
22.6 -0.00924212
22.61 -0.0090345
22.62 -0.00881907
22.63 -0.0085958
22.64 -0.00836494
22.65 -0.00812705
22.66 -0.00788295
22.67 -0.00763388
22.68 -0.00738148
22.69 -0.00712762
22.7 -0.00687419
22.71 -0.00662294
22.72 -0.00637546
22.73 -0.00613321
22.74 -0.00589753
22.75 -0.00566963
22.76 -0.00545066
22.77 -0.00524174
22.78 -0.00504402
22.79 -0.00485862
22.8 -0.00468605
22.81 -0.00452578
22.82 -0.00437684
22.83 -0.00423833
22.84 -0.00410941
22.85 -0.00398932
22.86 -0.00387735
22.87 -0.00377288
22.88 -0.0036754
22.89 -0.00358449
22.9 -0.00349995
22.91 -0.00342174
22.92 -0.00335006
22.93 -0.00328528
22.94 -0.00322793
22.95 -0.00317876
22.96 -0.00313869
22.97 -0.00310875
22.98 -0.00309002
22.99 -0.00308331
23 -0.00308905
23.01 -0.00310713
23.02 -0.00313702
23.03 -0.00317776
23.04 -0.00322811
23.05 -0.00328655
23.06 -0.00335147
23.07 -0.00342129
23.08 -0.00349469
23.09 -0.00357066
23.1 -0.00364841
23.11 -0.00372726
23.12 -0.00380658
23.13 -0.00388574
23.14 -0.00396408
23.15 -0.0040409
23.16 -0.00411554
23.17 -0.00418734
23.18 -0.00425561
23.19 -0.00431962
23.2 -0.00437861
23.21 -0.00443181
23.22 -0.00447859
23.23 -0.00451841
23.24 -0.0045508
23.25 -0.00457539
23.26 -0.00459194
23.27 -0.00460032
23.28 -0.00460037
23.29 -0.00459192
23.3 -0.0045748
23.31 -0.00454882
23.32 -0.00451388
23.33 -0.00446994
23.34 -0.00441718
23.35 -0.00435589
23.36 -0.00428658
23.37 -0.00421
23.38 -0.00412711
23.39 -0.00403911
23.4 -0.00394747
23.41 -0.00385397
23.42 -0.00376061
23.43 -0.00366957
23.44 -0.00358318
23.45 -0.00350387
23.46 -0.00343406
23.47 -0.00337595
23.48 -0.00333134
23.49 -0.00330165
23.5 -0.00328785
23.51 -0.00329059
23.52 -0.00331022
23.53 -0.00334689
23.54 -0.00340049
23.55 -0.0034707
23.56 -0.00355694
23.57 -0.00365841
23.58 -0.00377405
23.59 -0.00390252
23.6 -0.00404236
23.61 -0.00419193
23.62 -0.00434941
23.63 -0.00451287
23.64 -0.00468018
23.65 -0.00484914
23.66 -0.00501747
23.67 -0.00518299
23.68 -0.00534369
23.69 -0.00549775
23.7 -0.00564362
23.71 -0.00577997
23.72 -0.0059058
23.73 -0.00602038
23.74 -0.00612332
23.75 -0.00621458
23.76 -0.00629454
23.77 -0.00636403
23.78 -0.0064244
23.79 -0.00647742
23.8 -0.0065252
23.81 -0.00656995
23.82 -0.00661388
23.83 -0.00665911
23.84 -0.00670769
23.85 -0.00676156
23.86 -0.00682254
23.87 -0.00689231
23.88 -0.00697241
23.89 -0.00706424
23.9 -0.00716918
23.91 -0.00728859
23.92 -0.00742385
23.93 -0.00757623
23.94 -0.00774674
23.95 -0.00793612
23.96 -0.00814472
23.97 -0.00837237
23.98 -0.00861836
23.99 -0.00888126
24 -0.00915897
24.01 -0.00944878
24.02 -0.00974755
24.03 -0.0100517
24.04 -0.0103571
24.05 -0.010659
24.06 -0.0109524
24.07 -0.0112327
24.08 -0.0114973
24.09 -0.0117439
24.1 -0.0119698
24.11 -0.0121725
24.12 -0.0123497
24.13 -0.0124998
24.14 -0.0126214
24.15 -0.0127141
24.16 -0.0127776
24.17 -0.0128124
24.18 -0.0128187
24.19 -0.0127973
24.2 -0.0127488
24.21 -0.0126746
24.22 -0.0125764
24.23 -0.012456
24.24 -0.0123158
24.25 -0.0121583
24.26 -0.0119864
24.27 -0.011803
24.28 -0.0116115
24.29 -0.0114155
24.3 -0.0112188
24.31 -0.0110255
24.32 -0.0108396
24.33 -0.0106647
24.34 -0.0105039
24.35 -0.0103596
24.36 -0.0102335
24.37 -0.0101264
24.38 -0.0100391
24.39 -0.00997173
24.4 -0.00992403
24.41 -0.00989557
24.42 -0.00988577
24.43 -0.009894
24.44 -0.0099196
24.45 -0.00996184
24.46 -0.0100199
24.47 -0.0100926
24.48 -0.0101788
24.49 -0.0102769
24.5 -0.0103853
24.51 -0.0105022
24.52 -0.0106256
24.53 -0.0107538
24.54 -0.0108849
24.55 -0.0110173
24.56 -0.0111493
24.57 -0.0112795
24.58 -0.0114068
24.59 -0.01153
24.6 -0.0116485
24.61 -0.0117612
24.62 -0.0118674
24.63 -0.0119663
24.64 -0.0120575
24.65 -0.0121401
24.66 -0.0122134
24.67 -0.0122763
24.68 -0.0123278
24.69 -0.0123668
24.7 -0.0123921
24.71 -0.0124025
24.72 -0.0123969
24.73 -0.0123744
24.74 -0.0123342
24.75 -0.0122757
24.76 -0.0121984
24.77 -0.012102
24.78 -0.0119863
24.79 -0.0118517
24.8 -0.0116989
24.81 -0.0115288
24.82 -0.0113428
24.83 -0.0111427
24.84 -0.0109304
24.85 -0.0107082
24.86 -0.0104786
24.87 -0.0102442
24.88 -0.0100077
24.89 -0.00977206
24.9 -0.00954038
24.91 -0.00931596
24.92 -0.00910214
24.93 -0.00890224
24.94 -0.00871952
24.95 -0.00855705
24.96 -0.00841767
24.97 -0.00830397
24.98 -0.00821825
24.99 -0.00816237
25 -0.00813773
