0.01 3.16326e-09
0.02 1.52059e-08
0.03 3.74267e-08
0.04 6.7312e-08
0.05 1.02356e-07
0.06 1.40096e-07
0.07 1.78153e-07
0.08 2.14237e-07
0.09 2.46145e-07
0.1 2.71783e-07
0.11 2.89191e-07
0.12 2.9656e-07
0.13 2.92209e-07
0.14 2.74535e-07
0.15 2.42008e-07
0.16 1.93245e-07
0.17 1.27059e-07
0.18 4.24794e-08
0.19 -6.12306e-08
0.2 -1.84562e-07
0.21 -3.2775e-07
0.22 -4.9077e-07
0.23 -6.73344e-07
0.24 -8.7497e-07
0.25 -1.09495e-06
0.26 -1.33248e-06
0.27 -1.58667e-06
0.28 -1.85643e-06
0.29 -2.14022e-06
0.3 -2.43599e-06
0.31 -2.7411e-06
0.32 -3.05234e-06
0.33 -3.36576e-06
0.34 -3.67658e-06
0.35 -3.97951e-06
0.36 -4.26903e-06
0.37 -4.53954e-06
0.38 -4.78598e-06
0.39 -5.00465e-06
0.4 -5.1938e-06
0.41 -5.35396e-06
0.42 -5.48748e-06
0.43 -5.5979e-06
0.44 -5.68997e-06
0.45 -5.76952e-06
0.46 -5.84289e-06
0.47 -5.91648e-06
0.48 -5.99611e-06
0.49 -6.0868e-06
0.5 -6.19255e-06
0.51 -6.31662e-06
0.52 -6.46175e-06
0.53 -6.62973e-06
0.54 -6.82161e-06
0.55 -7.03815e-06
0.56 -7.27933e-06
0.57 -7.54451e-06
0.58 -7.83292e-06
0.59 -8.14357e-06
0.6 -8.47524e-06
0.61 -8.82638e-06
0.62 -9.19523e-06
0.63 -9.57975e-06
0.64 -9.97783e-06
0.65 -1.03873e-05
0.66 -1.08062e-05
0.67 -1.12326e-05
0.68 -1.16651e-05
0.69 -1.21023e-05
0.7 -1.25431e-05
0.71 -1.29859e-05
0.72 -1.34286e-05
0.73 -1.38676e-05
0.74 -1.42974e-05
0.75 -1.471e-05
0.76 -1.50945e-05
0.77 -1.5438e-05
0.78 -1.57262e-05
0.79 -1.59462e-05
0.8 -1.60882e-05
0.81 -1.61456e-05
0.82 -1.61151e-05
0.83 -1.59958e-05
0.84 -1.57893e-05
0.85 -1.55013e-05
0.86 -1.51409e-05
0.87 -1.47162e-05
0.88 -1.42312e-05
0.89 -1.36847e-05
0.9 -1.30724e-05
0.91 -1.23891e-05
0.92 -1.16297e-05
0.93 -1.07914e-05
0.94 -9.876e-06
0.95 -8.89174e-06
0.96 -7.85336e-06
0.97 -6.78131e-06
0.98 -5.69681e-06
0.99 -4.61642e-06
1 -3.55015e-06
1.01 -2.50208e-06
1.02 -1.47021e-06
1.03 -4.47606e-07
1.04 5.7515e-07
1.05 1.60762e-06
1.06 2.65619e-06
1.07 3.7224e-06
1.08 4.80441e-06
1.09 5.89978e-06
1.1 7.00631e-06
1.11 8.1207e-06
1.12 9.23972e-06
1.13 1.03621e-05
1.14 1.14877e-05
1.15 1.26166e-05
1.16 1.37468e-05
1.17 1.4872e-05
1.18 1.59793e-05
1.19 1.70511e-05
1.2 1.80686e-05
1.21 1.90105e-05
1.22 1.98515e-05
1.23 2.0566e-05
1.24 2.1133e-05
1.25 2.15446e-05
1.26 2.18104e-05
1.27 2.19523e-05
1.28 2.19952e-05
1.29 2.19636e-05
1.3 2.1881e-05
1.31 2.17649e-05
1.32 2.16236e-05
1.33 2.14597e-05
1.34 2.12748e-05
1.35 2.10732e-05
1.36 2.0862e-05
1.37 2.06511e-05
1.38 2.04525e-05
1.39 2.02788e-05
1.4 2.01412e-05
1.41 2.00464e-05
1.42 1.99924e-05
1.43 1.99648e-05
1.44 1.99331e-05
1.45 1.98484e-05
1.46 1.96462e-05
1.47 1.92527e-05
1.48 1.85925e-05
1.49 1.75904e-05
1.5 1.61749e-05
1.51 1.42839e-05
1.52 1.18668e-05
1.53 8.89207e-06
1.54 5.35539e-06
1.55 1.28696e-06
1.56 -3.2464e-06
1.57 -8.1513e-06
1.58 -1.33171e-05
1.59 -1.86236e-05
1.6 -2.39538e-05
1.61 -2.9202e-05
1.62 -3.42713e-05
1.63 -3.90753e-05
1.64 -4.35383e-05
1.65 -4.75953e-05
1.66 -5.11951e-05
1.67 -5.43018e-05
1.68 -5.68934e-05
1.69 -5.89557e-05
1.7 -6.0479e-05
1.71 -6.1458e-05
1.72 -6.18913e-05
1.73 -6.17788e-05
1.74 -6.11186e-05
1.75 -5.99029e-05
1.76 -5.8123e-05
1.77 -5.57759e-05
1.78 -5.28604e-05
1.79 -4.93716e-05
1.8 -4.53033e-05
1.81 -4.06528e-05
1.82 -3.5421e-05
1.83 -2.96143e-05
1.84 -2.32546e-05
1.85 -1.63844e-05
1.86 -9.06189e-06
1.87 -1.35106e-06
1.88 6.68532e-06
1.89 1.49865e-05
1.9 2.34947e-05
1.91 3.21551e-05
1.92 4.09166e-05
1.93 4.97303e-05
1.94 5.85359e-05
1.95 6.72471e-05
1.96 7.57511e-05
1.97 8.39147e-05
1.98 9.159e-05
1.99 9.86271e-05
2 0.000104895
2.01 0.000110302
2.02 0.000114795
2.03 0.000118362
2.04 0.000121025
2.05 0.00012283
2.06 0.000123836
2.07 0.00012411
2.08 0.000123702
2.09 0.000122639
2.1 0.000120923
2.11 0.000118532
2.12 0.000115417
2.13 0.0001115
2.14 0.000106687
2.15 0.000100876
2.16 9.3965e-05
2.17 8.58599e-05
2.18 7.6473e-05
2.19 6.57192e-05
2.2 5.35092e-05
2.21 3.97555e-05
2.22 2.43842e-05
2.23 7.3419e-06
2.24 -1.1399e-05
2.25 -3.18452e-05
2.26 -5.39777e-05
2.27 -7.77261e-05
2.28 -0.000102964
2.29 -0.00012952
2.3 -0.000157189
2.31 -0.000185725
2.32 -0.000214847
2.33 -0.000244218
2.34 -0.000273453
2.35 -0.00030212
2.36 -0.000329756
2.37 -0.000355882
2.38 -0.000380012
2.39 -0.000401662
2.4 -0.000420363
2.41 -0.000435716
2.42 -0.000447401
2.43 -0.000455173
2.44 -0.000458837
2.45 -0.000458247
2.46 -0.000453309
2.47 -0.000443988
2.48 -0.000430316
2.49 -0.000412372
2.5 -0.000390267
2.51 -0.000364126
2.52 -0.000334088
2.53 -0.000300319
2.54 -0.000263013
2.55 -0.000222385
2.56 -0.000178677
2.57 -0.00013218
2.58 -8.32566e-05
2.59 -3.23363e-05
2.6 2.00881e-05
2.61 7.34844e-05
2.62 0.000127305
2.63 0.000181012
2.64 0.000234088
2.65 0.000286048
2.66 0.000336438
2.67 0.000384835
2.68 0.000430842
2.69 0.000474074
2.7 0.000514158
2.71 0.000550747
2.72 0.000583521
2.73 0.000612195
2.74 0.000636537
2.75 0.000656373
2.76 0.000671576
2.77 0.00068206
2.78 0.000687807
2.79 0.000688874
2.8 0.000685392
2.81 0.000677558
2.82 0.000665599
2.83 0.000649742
2.84 0.000630206
2.85 0.000607198
2.86 0.00058092
2.87 0.000551556
2.88 0.000519255
2.89 0.000484146
2.9 0.00044635
2.91 0.000405996
2.92 0.000363214
2.93 0.000318143
2.94 0.000270942
2.95 0.000221795
2.96 0.000170915
2.97 0.000118576
2.98 6.51139e-05
2.99 1.09195e-05
3 -4.35824e-05
3.01 -9.79451e-05
3.02 -0.000151726
3.03 -0.000204506
3.04 -0.000255902
3.05 -0.000305575
3.06 -0.000353241
3.07 -0.000398679
3.08 -0.000441724
3.09 -0.000482255
3.1 -0.000520164
3.11 -0.000555325
3.12 -0.000587584
3.13 -0.000616738
3.14 -0.000642555
3.15 -0.000664804
3.16 -0.000683264
3.17 -0.000697725
3.18 -0.000707992
3.19 -0.000713906
3.2 -0.00071536
3.21 -0.000712295
3.22 -0.000704659
3.23 -0.000692396
3.24 -0.00067545
3.25 -0.000653769
3.26 -0.000627321
3.27 -0.000596073
3.28 -0.000559982
3.29 -0.000519024
3.3 -0.000473227
3.31 -0.000422655
3.32 -0.000367402
3.33 -0.000307642
3.34 -0.000243669
3.35 -0.000175924
3.36 -0.000104999
3.37 -3.16282e-05
3.38 4.33375e-05
3.39 0.000118941
3.4 0.000194135
3.41 0.000267817
3.42 0.000338859
3.43 0.000406163
3.44 0.000468686
3.45 0.000525449
3.46 0.000575563
3.47 0.000618271
3.48 0.000653005
3.49 0.000679401
3.5 0.000697303
3.51 0.000706738
3.52 0.000707916
3.53 0.000701201
3.54 0.00068708
3.55 0.000666105
3.56 0.000638831
3.57 0.000605799
3.58 0.000567582
3.59 0.000524785
3.6 0.000478004
3.61 0.0004278
3.62 0.000374704
3.63 0.000319215
3.64 0.000261789
3.65 0.00020284
3.66 0.000142737
3.67 8.17828e-05
3.68 2.02187e-05
3.69 -4.17587e-05
3.7 -0.000103948
3.71 -0.000166128
3.72 -0.000228078
3.73 -0.00028956
3.74 -0.000350286
3.75 -0.000409944
3.76 -0.0004682
3.77 -0.000524701
3.78 -0.000579069
3.79 -0.000630917
3.8 -0.00067984
3.81 -0.0007254
3.82 -0.000767133
3.83 -0.000804587
3.84 -0.00083732
3.85 -0.000864916
3.86 -0.000887033
3.87 -0.000903452
3.88 -0.000914105
3.89 -0.000919082
3.9 -0.000918632
3.91 -0.000913163
3.92 -0.000903227
3.93 -0.000889494
3.94 -0.000872687
3.95 -0.000853561
3.96 -0.000832868
3.97 -0.000811316
3.98 -0.000789499
3.99 -0.000767865
4 -0.000746705
4.01 -0.000726165
4.02 -0.00070625
4.03 -0.000686842
4.04 -0.000667704
4.05 -0.000648478
4.06 -0.000628702
4.07 -0.000607794
4.08 -0.000585044
4.09 -0.000559639
4.1 -0.000530705
4.11 -0.000497375
4.12 -0.000458893
4.13 -0.000414705
4.14 -0.000364498
4.15 -0.000308257
4.16 -0.000246321
4.17 -0.000179394
4.18 -0.000108483
4.19 -3.48317e-05
4.2 4.01089e-05
4.21 0.000114758
4.22 0.000187499
4.23 0.000256785
4.24 0.000321229
4.25 0.000379591
4.26 0.000430748
4.27 0.000473734
4.28 0.000507771
4.29 0.000532297
4.3 0.000546981
4.31 0.000551717
4.32 0.00054659
4.33 0.00053187
4.34 0.000508024
4.35 0.000475738
4.36 0.000435902
4.37 0.000389585
4.38 0.000337993
4.39 0.000282424
4.4 0.000224241
4.41 0.000164867
4.42 0.000105751
4.43 4.83292e-05
4.44 -6.01964e-06
4.45 -5.6015e-05
4.46 -0.000100563
4.47 -0.000138815
4.48 -0.000170171
4.49 -0.00019423
4.5 -0.000210714
4.51 -0.000219444
4.52 -0.000220385
4.53 -0.000213681
4.54 -0.000199644
4.55 -0.000178734
4.56 -0.000151543
4.57 -0.000118777
4.58 -8.12565e-05
4.59 -3.98826e-05
4.6 4.37847e-06
4.61 5.05429e-05
4.62 9.76686e-05
4.63 0.000144868
4.64 0.000191312
4.65 0.000236256
4.66 0.000279061
4.67 0.000319244
4.68 0.000356504
4.69 0.000390691
4.7 0.000421752
4.71 0.000449664
4.72 0.000474406
4.73 0.000495976
4.74 0.000514367
4.75 0.000529513
4.76 0.000541278
4.77 0.00054951
4.78 0.000554047
4.79 0.000554752
4.8 0.00055151
4.81 0.000544175
4.82 0.000532583
4.83 0.000516612
4.84 0.000496178
4.85 0.000471178
4.86 0.000441514
4.87 0.000407165
4.88 0.000368207
4.89 0.000324772
4.9 0.000277039
4.91 0.000225276
4.92 0.000169838
4.93 0.000111153
4.94 4.96907e-05
4.95 -1.40488e-05
4.96 -7.95245e-05
4.97 -0.00014614
4.98 -0.000213237
4.99 -0.0002801
5 -0.000345975
5.01 -0.000410119
5.02 -0.000471866
5.03 -0.000530685
5.04 -0.000586189
5.05 -0.000638143
5.06 -0.000686471
5.07 -0.000731277
5.08 -0.000772796
5.09 -0.000811339
5.1 -0.000847295
5.11 -0.000881118
5.12 -0.000913248
5.13 -0.000944072
5.14 -0.000973903
5.15 -0.00100293
5.16 -0.00103115
5.17 -0.00105835
5.18 -0.00108414
5.19 -0.00110799
5.2 -0.00112925
5.21 -0.00114717
5.22 -0.00116093
5.23 -0.00116977
5.24 -0.00117298
5.25 -0.00116991
5.26 -0.00115995
5.27 -0.00114245
5.28 -0.0011168
5.29 -0.00108245
5.3 -0.00103896
5.31 -0.000986006
5.32 -0.000923408
5.33 -0.000851229
5.34 -0.000769818
5.35 -0.000679796
5.36 -0.000582072
5.37 -0.000477886
5.38 -0.000368773
5.39 -0.000256433
5.4 -0.000142634
5.41 -2.91549e-05
5.42 8.22651e-05
5.43 0.000190007
5.44 0.000292637
5.45 0.000388943
5.46 0.00047793
5.47 0.000558786
5.48 0.000630832
5.49 0.000693513
5.5 0.000746435
5.51 0.000789385
5.52 0.000822292
5.53 0.000845172
5.54 0.000858136
5.55 0.000861415
5.56 0.00085535
5.57 0.000840316
5.58 0.000816665
5.59 0.000784745
5.6 0.000744942
5.61 0.000697724
5.62 0.000643649
5.63 0.000583343
5.64 0.000517516
5.65 0.000446928
5.66 0.00037236
5.67 0.000294647
5.68 0.000214693
5.69 0.000133484
5.7 5.20834e-05
5.71 -2.83718e-05
5.72 -0.00010667
5.73 -0.000181575
5.74 -0.000251879
5.75 -0.000316389
5.76 -0.000373979
5.77 -0.000423651
5.78 -0.000464582
5.79 -0.000496171
5.8 -0.000518079
5.81 -0.00053024
5.82 -0.000532888
5.83 -0.000526576
5.84 -0.00051214
5.85 -0.000490635
5.86 -0.000463277
5.87 -0.000431403
5.88 -0.000396424
5.89 -0.000359772
5.9 -0.000322855
5.91 -0.000286981
5.92 -0.000253312
5.93 -0.000222856
5.94 -0.00019645
5.95 -0.000174717
5.96 -0.000158003
5.97 -0.000146307
5.98 -0.000139304
5.99 -0.000136399
6 -0.000136754
6.01 -0.000139351
6.02 -0.000143091
6.03 -0.000146846
6.04 -0.000149466
6.05 -0.000149811
6.06 -0.000146821
6.07 -0.000139599
6.08 -0.000127472
6.09 -0.000109991
6.1 -8.68851e-05
6.11 -5.80471e-05
6.12 -2.35546e-05
6.13 1.63408e-05
6.14 6.12764e-05
6.15 0.000110855
6.16 0.00016469
6.17 0.00022248
6.18 0.000284092
6.19 0.000349565
6.2 0.000419022
6.21 0.000492617
6.22 0.00057054
6.23 0.000653017
6.24 0.000740233
6.25 0.000832296
6.26 0.000929265
6.27 0.00103115
6.28 0.0011379
6.29 0.00124948
6.3 0.00136582
6.31 0.00148689
6.32 0.00161266
6.33 0.00174314
6.34 0.00187833
6.35 0.00201823
6.36 0.00216273
6.37 0.00231153
6.38 0.00246397
6.39 0.00261908
6.4 0.00277564
6.41 0.00293225
6.42 0.00308745
6.43 0.00323985
6.44 0.00338817
6.45 0.00353136
6.46 0.0036687
6.47 0.00379971
6.48 0.00392403
6.49 0.00404131
6.5 0.00415106
6.51 0.00425249
6.52 0.00434447
6.53 0.00442557
6.54 0.00449404
6.55 0.00454776
6.56 0.00458434
6.57 0.00460124
6.58 0.00459588
6.59 0.00456586
6.6 0.00450915
6.61 0.00442421
6.62 0.00431009
6.63 0.00416644
6.64 0.00399345
6.65 0.0037918
6.66 0.00356241
6.67 0.00330643
6.68 0.00302515
6.69 0.00272006
6.7 0.00239278
6.71 0.00204512
6.72 0.00167905
6.73 0.0012967
6.74 0.000900363
6.75 0.000492534
6.76 7.59455e-05
6.77 -0.000346475
6.78 -0.000771623
6.79 -0.00119624
6.8 -0.00161695
6.81 -0.00203038
6.82 -0.00243325
6.83 -0.00282246
6.84 -0.00319515
6.85 -0.00354872
6.86 -0.0038809
6.87 -0.00418975
6.88 -0.00447365
6.89 -0.00473123
6.9 -0.00496125
6.91 -0.00516255
6.92 -0.00533397
6.93 -0.00547429
6.94 -0.00558225
6.95 -0.00565656
6.96 -0.00569599
6.97 -0.00569955
6.98 -0.00566665
6.99 -0.00559724
7 -0.00549188
7.01 -0.00535175
7.02 -0.00517865
7.03 -0.00497478
7.04 -0.0047426
7.05 -0.00448464
7.06 -0.00420335
7.07 -0.00390097
7.08 -0.0035795
7.09 -0.00324074
7.1 -0.00288631
7.11 -0.00251778
7.12 -0.00213672
7.13 -0.00174499
7.14 -0.00134486
7.15 -0.000939077
7.16 -0.000530842
7.17 -0.000123699
7.18 0.000278577
7.19 0.00067212
7.2 0.00105311
7.21 0.00141791
7.22 0.00176324
7.23 0.00208627
7.24 0.00238472
7.25 0.00265681
7.26 0.00290127
7.27 0.00311719
7.28 0.00330384
7.29 0.00346062
7.3 0.00358693
7.31 0.00368212
7.32 0.00374546
7.33 0.00377623
7.34 0.00377383
7.35 0.00373791
7.36 0.00366854
7.37 0.00356629
7.38 0.00343232
7.39 0.00326839
7.4 0.00307684
7.41 0.0028604
7.42 0.00262214
7.43 0.00236524
7.44 0.00209277
7.45 0.00180761
7.46 0.00151239
7.47 0.00120943
7.48 0.000900721
7.49 0.000587914
7.5 0.000272314
7.51 -4.50744e-05
7.52 -0.000363462
7.53 -0.000682147
7.54 -0.00100041
7.55 -0.00131743
7.56 -0.00163237
7.57 -0.00194438
7.58 -0.00225268
7.59 -0.0025565
7.6 -0.00285513
7.61 -0.00314787
7.62 -0.00343388
7.63 -0.00371197
7.64 -0.00398058
7.65 -0.00423779
7.66 -0.00448131
7.67 -0.00470842
7.68 -0.00491592
7.69 -0.00510026
7.7 -0.00525756
7.71 -0.00538383
7.72 -0.00547533
7.73 -0.00552885
7.74 -0.00554193
7.75 -0.00551295
7.76 -0.00544113
7.77 -0.00532641
7.78 -0.00516938
7.79 -0.00497125
7.8 -0.00473387
7.81 -0.00445964
7.82 -0.00415144
7.83 -0.0038126
7.84 -0.00344691
7.85 -0.00305847
7.86 -0.00265163
7.87 -0.00223091
7.88 -0.0018009
7.89 -0.00136614
7.9 -0.000930979
7.91 -0.000499541
7.92 -7.56563e-05
7.93 0.000337214
7.94 0.000736003
7.95 0.00111803
7.96 0.00148097
7.97 0.00182288
7.98 0.00214216
7.99 0.00243754
8 0.002708
8.01 0.00295261
8.02 0.00317056
8.03 0.00336113
8.04 0.00352361
8.05 0.00365723
8.06 0.00376119
8.07 0.00383466
8.08 0.00387689
8.09 0.00388733
8.1 0.00386573
8.11 0.00381229
8.12 0.00372783
8.13 0.00361375
8.14 0.00347202
8.15 0.00330514
8.16 0.00311602
8.17 0.00290798
8.18 0.00268453
8.19 0.00244935
8.2 0.0022061
8.21 0.00195838
8.22 0.00170962
8.23 0.00146304
8.24 0.00122168
8.25 0.000988351
8.26 0.000765539
8.27 0.000555401
8.28 0.000359749
8.29 0.00017998
8.3 1.70149e-05
8.31 -0.000128801
8.32 -0.0002578
8.33 -0.000371003
8.34 -0.000470047
8.35 -0.000557047
8.36 -0.000634425
8.37 -0.000704653
8.38 -0.00077002
8.39 -0.000832437
8.4 -0.000893262
8.41 -0.000953265
8.42 -0.00101271
8.43 -0.00107142
8.44 -0.00112883
8.45 -0.00118397
8.46 -0.00123549
8.47 -0.00128171
8.48 -0.00132067
8.49 -0.0013503
8.5 -0.00136849
8.51 -0.00137326
8.52 -0.00136281
8.53 -0.00133581
8.54 -0.00129145
8.55 -0.00122951
8.56 -0.00115034
8.57 -0.00105468
8.58 -0.000943583
8.59 -0.00081838
8.6 -0.000680541
8.61 -0.000531612
8.62 -0.000373088
8.63 -0.000206299
8.64 -3.23501e-05
8.65 0.000147911
8.66 0.000333901
8.67 0.000525251
8.68 0.00072172
8.69 0.000923102
8.7 0.00112914
8.71 0.00133952
8.72 0.00155383
8.73 0.00177142
8.74 0.0019914
8.75 0.00221266
8.76 0.00243379
8.77 0.00265305
8.78 0.00286835
8.79 0.00307736
8.8 0.00327751
8.81 0.00346604
8.82 0.00364007
8.83 0.00379675
8.84 0.00393347
8.85 0.00404793
8.86 0.00413821
8.87 0.00420273
8.88 0.00424029
8.89 0.0042501
8.9 0.00423191
8.91 0.00418593
8.92 0.00411283
8.93 0.00401362
8.94 0.00388957
8.95 0.00374211
8.96 0.00357276
8.97 0.00338312
8.98 0.00317486
8.99 0.00294966
9 0.00270908
9.01 0.00245454
9.02 0.00218725
9.03 0.00190826
9.04 0.00161844
9.05 0.00131865
9.06 0.00100987
9.07 0.000693285
9.08 0.000370285
9.09 4.24643e-05
9.1 -0.000288437
9.11 -0.00062063
9.12 -0.000952318
9.13 -0.0012817
9.14 -0.00160697
9.15 -0.00192637
9.16 -0.00223805
9.17 -0.00254001
9.18 -0.00282996
9.19 -0.00310531
9.2 -0.00336317
9.21 -0.00360027
9.22 -0.00381301
9.23 -0.00399753
9.24 -0.00414991
9.25 -0.00426643
9.26 -0.00434385
9.27 -0.0043796
9.28 -0.00437188
9.29 -0.00431981
9.3 -0.00422335
9.31 -0.00408304
9.32 -0.00389994
9.33 -0.00367551
9.34 -0.00341163
9.35 -0.00311053
9.36 -0.00277475
9.37 -0.00240714
9.38 -0.00201084
9.39 -0.00158918
9.4 -0.00114582
9.41 -0.000684766
9.42 -0.000210386
9.43 0.000272535
9.44 0.000758759
9.45 0.00124262
9.46 0.00171816
9.47 0.00217937
9.48 0.00262035
9.49 0.00303553
9.5 0.0034199
9.51 0.00376909
9.52 0.00407944
9.53 0.00434804
9.54 0.00457257
9.55 0.00475122
9.56 0.00488256
9.57 0.00496544
9.58 0.00499892
9.59 0.00498219
9.6 0.00491466
9.61 0.00479601
9.62 0.00462639
9.63 0.00440644
9.64 0.0041375
9.65 0.00382163
9.66 0.0034616
9.67 0.00306083
9.68 0.00262338
9.69 0.00215387
9.7 0.00165729
9.71 0.00113887
9.72 0.000603903
9.73 5.76715e-05
9.74 -0.000494687
9.75 -0.0010483
9.76 -0.00159863
9.77 -0.00214141
9.78 -0.00267274
9.79 -0.003189
9.8 -0.00368697
9.81 -0.0041638
9.82 -0.00461703
9.83 -0.00504451
9.84 -0.0054445
9.85 -0.00581556
9.86 -0.00615654
9.87 -0.00646644
9.88 -0.00674436
9.89 -0.00698952
9.9 -0.00720125
9.91 -0.00737888
9.92 -0.00752167
9.93 -0.00762891
9.94 -0.00769985
9.95 -0.00773379
9.96 -0.00773009
9.97 -0.00768843
9.98 -0.00760886
9.99 -0.00749194
10 -0.00733874
10.01 -0.00715079
10.02 -0.00693014
10.03 -0.00667933
10.04 -0.00640127
10.05 -0.00609902
10.06 -0.00577568
10.07 -0.0054343
10.08 -0.00507783
10.09 -0.00470914
10.1 -0.00433102
10.11 -0.00394614
10.12 -0.0035572
10.13 -0.00316701
10.14 -0.00277852
10.15 -0.00239477
10.16 -0.00201887
10.17 -0.00165393
10.18 -0.00130286
10.19 -0.000968347
10.2 -0.000652735
10.21 -0.000358027
10.22 -8.59415e-05
10.23 0.00016206
10.24 0.00038479
10.25 0.000581293
10.26 0.000750774
10.27 0.000892568
10.28 0.00100616
10.29 0.00109123
10.3 0.00114764
10.31 0.00117547
10.32 0.00117513
10.33 0.00114732
10.34 0.00109302
10.35 0.0010134
10.36 0.000909797
10.37 0.000783749
10.38 0.000636957
10.39 0.000471286
10.4 0.000288781
10.41 9.16826e-05
10.42 -0.000117512
10.43 -0.000336034
10.44 -0.000560851
10.45 -0.000788687
10.46 -0.00101609
10.47 -0.00123958
10.48 -0.0014558
10.49 -0.00166163
10.5 -0.00185434
10.51 -0.00203167
10.52 -0.0021918
10.53 -0.00233339
10.54 -0.00245545
10.55 -0.00255733
10.56 -0.0026386
10.57 -0.00269903
10.58 -0.00273863
10.59 -0.0027576
10.6 -0.00275628
10.61 -0.00273517
10.62 -0.00269503
10.63 -0.00263681
10.64 -0.00256169
10.65 -0.00247112
10.66 -0.00236673
10.67 -0.00225034
10.68 -0.00212384
10.69 -0.00198913
10.7 -0.00184796
10.71 -0.00170195
10.72 -0.00155258
10.73 -0.0014012
10.74 -0.00124906
10.75 -0.00109731
10.76 -0.000947058
10.77 -0.000799275
10.78 -0.000654817
10.79 -0.000514397
10.8 -0.000378623
10.81 -0.000248026
10.82 -0.000123032
10.83 -3.94818e-06
10.84 0.000109003
10.85 0.000215648
10.86 0.000315808
10.87 0.000409242
10.88 0.000495658
10.89 0.000574764
10.9 0.000646268
10.91 0.000709903
10.92 0.000765521
10.93 0.000813186
10.94 0.000853245
10.95 0.000886342
10.96 0.000913399
10.97 0.000935567
10.98 0.00095416
10.99 0.000970546
11 0.000986034
11.01 0.00100181
11.02 0.00101894
11.03 0.00103829
11.04 0.00106048
11.05 0.00108593
11.06 0.00111491
11.07 0.00114761
11.08 0.00118403
11.09 0.0012241
11.1 0.00126767
11.11 0.00131455
11.12 0.00136465
11.13 0.0014179
11.14 0.00147426
11.15 0.00153363
11.16 0.00159597
11.17 0.00166131
11.18 0.00172989
11.19 0.00180213
11.2 0.00187861
11.21 0.00196009
11.22 0.00204741
11.23 0.00214147
11.24 0.002243
11.25 0.00235234
11.26 0.00246929
11.27 0.00259316
11.28 0.00272278
11.29 0.00285671
11.3 0.00299332
11.31 0.00313089
11.32 0.00326773
11.33 0.0034022
11.34 0.00353293
11.35 0.00365887
11.36 0.00377941
11.37 0.00389428
11.38 0.00400341
11.39 0.00410677
11.4 0.00420436
11.41 0.00429614
11.42 0.00438189
11.43 0.00446115
11.44 0.00453329
11.45 0.00459752
11.46 0.00465301
11.47 0.00469904
11.48 0.0047351
11.49 0.00476101
11.5 0.00477707
11.51 0.004784
11.52 0.00478291
11.53 0.00477518
11.54 0.00476236
11.55 0.00474604
11.56 0.0047277
11.57 0.00470857
11.58 0.00468956
11.59 0.00467135
11.6 0.00465449
11.61 0.00463951
11.62 0.00462694
11.63 0.00461728
11.64 0.00461105
11.65 0.00460872
11.66 0.00461069
11.67 0.00461734
11.68 0.00462895
11.69 0.00464568
11.7 0.00466748
11.71 0.00469403
11.72 0.00472471
11.73 0.00475855
11.74 0.0047943
11.75 0.00483034
11.76 0.00486467
11.77 0.00489485
11.78 0.00491797
11.79 0.00493077
11.8 0.00492987
11.81 0.00491207
11.82 0.00487456
11.83 0.00481501
11.84 0.00473164
11.85 0.00462317
11.86 0.00448883
11.87 0.00432814
11.88 0.00414091
11.89 0.00392726
11.9 0.0036876
11.91 0.00342262
11.92 0.00313333
11.93 0.00282101
11.94 0.00248719
11.95 0.00213364
11.96 0.00176231
11.97 0.00137533
11.98 0.000975062
11.99 0.000564187
12 0.00014565
12.01 -0.00027739
12.02 -0.000701554
12.03 -0.0011232
12.04 -0.00153843
12.05 -0.00194322
12.06 -0.00233349
12.07 -0.00270526
12.08 -0.00305479
12.09 -0.00337877
12.1 -0.0036744
12.11 -0.00393938
12.12 -0.00417195
12.13 -0.00437094
12.14 -0.00453585
12.15 -0.00466677
12.16 -0.00476435
12.17 -0.00482965
12.18 -0.00486405
12.19 -0.00486917
12.2 -0.00484687
12.21 -0.00479921
12.22 -0.00472827
12.23 -0.00463618
12.24 -0.00452521
12.25 -0.00439765
12.26 -0.00425578
12.27 -0.00410177
12.28 -0.00393772
12.29 -0.00376566
12.3 -0.00358749
12.31 -0.00340502
12.32 -0.00321983
12.33 -0.00303324
12.34 -0.0028463
12.35 -0.00265985
12.36 -0.00247457
12.37 -0.00229084
12.38 -0.0021088
12.39 -0.00192837
12.4 -0.00174933
12.41 -0.00157136
12.42 -0.00139415
12.43 -0.00121757
12.44 -0.00104151
12.45 -0.000865926
12.46 -0.000690786
12.47 -0.00051605
12.48 -0.000341429
12.49 -0.000166234
12.5 1.06793e-05
12.51 0.00019091
12.52 0.000376442
12.53 0.000569526
12.54 0.000772462
12.55 0.000987367
12.56 0.00121603
12.57 0.00145983
12.58 0.00171973
12.59 0.00199642
12.6 0.00229036
12.61 0.00260183
12.62 0.00293081
12.63 0.00327687
12.64 0.0036391
12.65 0.00401624
12.66 0.00440667
12.67 0.00480834
12.68 0.00521867
12.69 0.0056346
12.7 0.00605256
12.71 0.00646867
12.72 0.00687886
12.73 0.00727896
12.74 0.00766483
12.75 0.00803241
12.76 0.0083779
12.77 0.00869878
12.78 0.00899436
12.79 0.00926441
12.8 0.00950836
12.81 0.00972563
12.82 0.00991557
12.83 0.0100774
12.84 0.0102102
12.85 0.0103133
12.86 0.0103859
12.87 0.0104273
12.88 0.0104371
12.89 0.0104152
12.9 0.010362
12.91 0.0102781
12.92 0.0101647
12.93 0.0100229
12.94 0.00985423
12.95 0.00966002
12.96 0.00944185
12.97 0.0092013
12.98 0.00894006
12.99 0.00865992
13 0.00836275
13.01 0.00805066
13.02 0.00772597
13.03 0.00739132
13.04 0.00704954
13.05 0.00670357
13.06 0.00635629
13.07 0.00601043
13.08 0.0056685
13.09 0.00533269
13.1 0.00500485
13.11 0.00468647
13.12 0.00437875
13.13 0.00408276
13.14 0.00379947
13.15 0.0035299
13.16 0.00327514
13.17 0.00303639
13.18 0.00281495
13.19 0.00261215
13.2 0.0024293
13.21 0.00226756
13.22 0.00212791
13.23 0.00201112
13.24 0.00191774
13.25 0.00184805
13.26 0.00180208
13.27 0.00177954
13.28 0.00177987
13.29 0.00180221
13.3 0.00184542
13.31 0.00190805
13.32 0.00198829
13.33 0.00208402
13.34 0.00219287
13.35 0.00231234
13.36 0.00243987
13.37 0.00257298
13.38 0.00270933
13.39 0.00284671
13.4 0.00298308
13.41 0.00311663
13.42 0.00324584
13.43 0.00336945
13.44 0.0034865
13.45 0.00359634
13.46 0.00369862
13.47 0.00379326
13.48 0.00388043
13.49 0.00396049
13.5 0.00403397
13.51 0.00410152
13.52 0.00416391
13.53 0.00422201
13.54 0.00427684
13.55 0.00432954
13.56 0.00438134
13.57 0.00443348
13.58 0.00448708
13.59 0.00454304
13.6 0.00460202
13.61 0.00466451
13.62 0.00473087
13.63 0.00480142
13.64 0.00487642
13.65 0.00495602
13.66 0.00504035
13.67 0.00512953
13.68 0.00522359
13.69 0.00532239
13.7 0.00542554
13.71 0.00553249
13.72 0.00564247
13.73 0.00575453
13.74 0.00586748
13.75 0.00597983
13.76 0.00608983
13.77 0.00619539
13.78 0.00629408
13.79 0.00638315
13.8 0.0064595
13.81 0.00651968
13.82 0.00655994
13.83 0.00657655
13.84 0.00656629
13.85 0.00652681
13.86 0.00645676
13.87 0.00635559
13.88 0.00622319
13.89 0.0060597
13.9 0.00586544
13.91 0.00564104
13.92 0.00538735
13.93 0.00510547
13.94 0.00479663
13.95 0.00446229
13.96 0.00410409
13.97 0.0037239
13.98 0.00332379
13.99 0.00290595
14 0.00247262
14.01 0.00202609
14.02 0.0015687
14.03 0.0011029
14.04 0.000631229
14.05 0.000156304
14.06 -0.000319266
14.07 -0.000793002
14.08 -0.00126262
14.09 -0.00172606
14.1 -0.00218162
14.11 -0.00262791
14.12 -0.00306398
14.13 -0.00348923
14.14 -0.00390354
14.15 -0.00430719
14.16 -0.00470084
14.17 -0.00508539
14.18 -0.00546182
14.19 -0.00583109
14.2 -0.00619417
14.21 -0.00655322
14.22 -0.00691233
14.23 -0.00727582
14.24 -0.00764762
14.25 -0.00803174
14.26 -0.00843226
14.27 -0.00885325
14.28 -0.00929869
14.29 -0.00977235
14.3 -0.0102778
14.31 -0.0108181
14.32 -0.0113961
14.33 -0.012014
14.34 -0.0126739
14.35 -0.0133776
14.36 -0.0141268
14.37 -0.0149237
14.38 -0.0157704
14.39 -0.0166694
14.4 -0.0176231
14.41 -0.018634
14.42 -0.0197047
14.43 -0.0208373
14.44 -0.022034
14.45 -0.0232963
14.46 -0.0246253
14.47 -0.0260215
14.48 -0.0274851
14.49 -0.029016
14.5 -0.0306142
14.51 -0.0322794
14.52 -0.0340116
14.53 -0.0358107
14.54 -0.037677
14.55 -0.0396106
14.56 -0.0416118
14.57 -0.043681
14.58 -0.0458185
14.59 -0.0480245
14.6 -0.0502993
14.61 -0.0526428
14.62 -0.0550543
14.63 -0.0575327
14.64 -0.0600761
14.65 -0.0626816
14.66 -0.0653457
14.67 -0.068064
14.68 -0.0708321
14.69 -0.0736454
14.7 -0.0764998
14.71 -0.0793914
14.72 -0.0823164
14.73 -0.0852701
14.74 -0.0882469
14.75 -0.0912404
14.76 -0.0942434
14.77 -0.097249
14.78 -0.10025
14.79 -0.10324
14.8 -0.106212
14.81 -0.109159
14.82 -0.112075
14.83 -0.114953
14.84 -0.117786
14.85 -0.120568
14.86 -0.123293
14.87 -0.125955
14.88 -0.128547
14.89 -0.131064
14.9 -0.133499
14.91 -0.135846
14.92 -0.138098
14.93 -0.140249
14.94 -0.142292
14.95 -0.144221
14.96 -0.146031
14.97 -0.147714
14.98 -0.149266
14.99 -0.150682
15 -0.15196
15.01 -0.153098
15.02 -0.154095
15.03 -0.154955
15.04 -0.155678
15.05 -0.156268
15.06 -0.156729
15.07 -0.157065
15.08 -0.157282
15.09 -0.157385
15.1 -0.15738
15.11 -0.157271
15.12 -0.157066
15.13 -0.15677
15.14 -0.156391
15.15 -0.155939
15.16 -0.15542
15.17 -0.154844
15.18 -0.154219
15.19 -0.153553
15.2 -0.152854
15.21 -0.152131
15.22 -0.151393
15.23 -0.150646
15.24 -0.149902
15.25 -0.149168
15.26 -0.148455
15.27 -0.147772
15.28 -0.147128
15.29 -0.146533
15.3 -0.145996
15.31 -0.145524
15.32 -0.145124
15.33 -0.144801
15.34 -0.144558
15.35 -0.1444
15.36 -0.144329
15.37 -0.144347
15.38 -0.144457
15.39 -0.144659
15.4 -0.144953
15.41 -0.145338
15.42 -0.145812
15.43 -0.146371
15.44 -0.147011
15.45 -0.147727
15.46 -0.148511
15.47 -0.149357
15.48 -0.150255
15.49 -0.151196
15.5 -0.152168
15.51 -0.153159
15.52 -0.154156
15.53 -0.155146
15.54 -0.156116
15.55 -0.157052
15.56 -0.157942
15.57 -0.158778
15.58 -0.159553
15.59 -0.160265
15.6 -0.160908
15.61 -0.161477
15.62 -0.161969
15.63 -0.162377
15.64 -0.162697
15.65 -0.162925
15.66 -0.163055
15.67 -0.163082
15.68 -0.163002
15.69 -0.162811
15.7 -0.162506
15.71 -0.162086
15.72 -0.161548
15.73 -0.160893
15.74 -0.160122
15.75 -0.159236
15.76 -0.158237
15.77 -0.157129
15.78 -0.155916
15.79 -0.154602
15.8 -0.153194
15.81 -0.151698
15.82 -0.150122
15.83 -0.148475
15.84 -0.146766
15.85 -0.145001
15.86 -0.143183
15.87 -0.141307
15.88 -0.139372
15.89 -0.137375
15.9 -0.135313
15.91 -0.133186
15.92 -0.13099
15.93 -0.128725
15.94 -0.126389
15.95 -0.123979
15.96 -0.121495
15.97 -0.118937
15.98 -0.116302
15.99 -0.113592
16 -0.110807
16.01 -0.107948
16.02 -0.105016
16.03 -0.102016
16.04 -0.0989488
16.05 -0.0958207
16.06 -0.0926364
16.07 -0.0894015
16.08 -0.0861215
16.09 -0.0828017
16.1 -0.0794475
16.11 -0.0760641
16.12 -0.0726566
16.13 -0.0692302
16.14 -0.0657901
16.15 -0.0623418
16.16 -0.0588905
16.17 -0.0554417
16.18 -0.0520009
16.19 -0.0485735
16.2 -0.0451651
16.21 -0.0417809
16.22 -0.0384256
16.23 -0.0351038
16.24 -0.0318192
16.25 -0.0285746
16.26 -0.0253721
16.27 -0.022213
16.28 -0.0190981
16.29 -0.0160279
16.3 -0.0130028
16.31 -0.0100227
16.32 -0.00708784
16.33 -0.00419789
16.34 -0.00135258
16.35 0.0014485
16.36 0.00420584
16.37 0.00691991
16.38 0.00959124
16.39 0.0122205
16.4 0.0148083
16.41 0.0173556
16.42 0.0198632
16.43 0.0223316
16.44 0.0247615
16.45 0.0271535
16.46 0.029508
16.47 0.0318256
16.48 0.0341068
16.49 0.036352
16.5 0.0385616
16.51 0.040736
16.52 0.0428756
16.53 0.0449808
16.54 0.0470521
16.55 0.0490899
16.56 0.0510944
16.57 0.0530661
16.58 0.0550048
16.59 0.0569107
16.6 0.0587834
16.61 0.0606226
16.62 0.0624275
16.63 0.0641971
16.64 0.0659301
16.65 0.0676246
16.66 0.0692786
16.67 0.0708897
16.68 0.0724552
16.69 0.0739718
16.7 0.0754362
16.71 0.076845
16.72 0.0781952
16.73 0.0794842
16.74 0.08071
16.75 0.0818711
16.76 0.0829664
16.77 0.0839951
16.78 0.0849564
16.79 0.0858501
16.8 0.0866759
16.81 0.0874339
16.82 0.0881243
16.83 0.0887474
16.84 0.0893036
16.85 0.0897932
16.86 0.0902168
16.87 0.0905746
16.88 0.0908668
16.89 0.0910934
16.9 0.0912542
16.91 0.091349
16.92 0.0913772
16.93 0.0913385
16.94 0.0912329
16.95 0.091061
16.96 0.0908242
16.97 0.0905243
16.98 0.0901637
16.99 0.0897453
17 0.0892727
17.01 0.0887497
17.02 0.0881808
17.03 0.0875705
17.04 0.0869238
17.05 0.0862456
17.06 0.0855411
17.07 0.0848159
17.08 0.0840757
17.09 0.0833261
17.1 0.0825729
17.11 0.0818216
17.12 0.081078
17.13 0.0803475
17.14 0.0796354
17.15 0.078947
17.16 0.0782871
17.17 0.0776605
17.18 0.0770715
17.19 0.076524
17.2 0.0760218
17.21 0.0755682
17.22 0.0751662
17.23 0.0748182
17.24 0.0745253
17.25 0.0742869
17.26 0.0741016
17.27 0.0739685
17.28 0.0738864
17.29 0.0738541
17.3 0.0738705
17.31 0.0739341
17.32 0.0740431
17.33 0.0741954
17.34 0.0743885
17.35 0.0746195
17.36 0.0748848
17.37 0.0751804
17.38 0.0755016
17.39 0.0758432
17.4 0.0761994
17.41 0.0765639
17.42 0.0769298
17.43 0.0772902
17.44 0.0776384
17.45 0.0779683
17.46 0.0782742
17.47 0.0785515
17.48 0.0787962
17.49 0.0790049
17.5 0.0791748
17.51 0.0793034
17.52 0.0793884
17.53 0.079428
17.54 0.0794206
17.55 0.079365
17.56 0.0792608
17.57 0.0791079
17.58 0.078907
17.59 0.0786596
17.6 0.0783676
17.61 0.0780339
17.62 0.0776622
17.63 0.0772567
17.64 0.0768225
17.65 0.0763649
17.66 0.07589
17.67 0.0754041
17.68 0.0749136
17.69 0.0744252
17.7 0.0739455
17.71 0.0734809
17.72 0.0730354
17.73 0.0726102
17.74 0.0722059
17.75 0.0718239
17.76 0.0714657
17.77 0.0711331
17.78 0.0708282
17.79 0.0705537
17.8 0.0703126
17.81 0.0701081
17.82 0.0699435
17.83 0.069822
17.84 0.0697467
17.85 0.0697206
17.86 0.0697468
17.87 0.0698279
17.88 0.0699658
17.89 0.0701615
17.9 0.0704153
17.91 0.0707264
17.92 0.0710929
17.93 0.0715124
17.94 0.0719818
17.95 0.0724975
17.96 0.0730553
17.97 0.0736507
17.98 0.0742786
17.99 0.0749336
18 0.0756103
18.01 0.0763028
18.02 0.0770055
18.03 0.0777123
18.04 0.0784177
18.05 0.0791159
18.06 0.0798014
18.07 0.0804691
18.08 0.0811138
18.09 0.0817305
18.1 0.0823146
18.11 0.0828616
18.12 0.0833674
18.13 0.0838284
18.14 0.0842412
18.15 0.0846033
18.16 0.0849125
18.17 0.0851675
18.18 0.0853673
18.19 0.0855119
18.2 0.0856015
18.21 0.0856372
18.22 0.0856204
18.23 0.0855529
18.24 0.0854368
18.25 0.0852744
18.26 0.0850683
18.27 0.0848214
18.28 0.084537
18.29 0.0842185
18.3 0.0838699
18.31 0.083495
18.32 0.0830984
18.33 0.0826846
18.34 0.082258
18.35 0.0818231
18.36 0.0813845
18.37 0.0809464
18.38 0.0805127
18.39 0.0800877
18.4 0.0796752
18.41 0.0792793
18.42 0.0789038
18.43 0.0785526
18.44 0.0782298
18.45 0.0779394
18.46 0.0776851
18.47 0.0774709
18.48 0.0773002
18.49 0.0771763
18.5 0.077102
18.51 0.0770796
18.52 0.0771106
18.53 0.0771961
18.54 0.0773362
18.55 0.0775307
18.56 0.0777784
18.57 0.0780778
18.58 0.0784267
18.59 0.0788224
18.6 0.0792622
18.61 0.0797429
18.62 0.080261
18.63 0.0808128
18.64 0.0813944
18.65 0.0820016
18.66 0.0826301
18.67 0.0832748
18.68 0.0839303
18.69 0.0845905
18.7 0.0852484
18.71 0.0858962
18.72 0.0865255
18.73 0.0871292
18.74 0.0877035
18.75 0.0882447
18.76 0.0887487
18.77 0.0892113
18.78 0.0896286
18.79 0.0899965
18.8 0.0903111
18.81 0.0905682
18.82 0.0907637
18.83 0.0908936
18.84 0.0909538
18.85 0.0909399
18.86 0.0908479
18.87 0.0906745
18.88 0.0904168
18.89 0.090073
18.9 0.0896422
18.91 0.0891244
18.92 0.0885212
18.93 0.0878354
18.94 0.0870709
18.95 0.0862326
18.96 0.0853261
18.97 0.0843576
18.98 0.0833334
18.99 0.0822601
19 0.0811443
19.01 0.0799926
19.02 0.0788112
19.03 0.0776067
19.04 0.0763852
19.05 0.0751535
19.06 0.0739183
19.07 0.0726831
19.08 0.0714456
19.09 0.0702025
19.1 0.0689521
19.11 0.067693
19.12 0.0664233
19.13 0.0651411
19.14 0.0638442
19.15 0.0625306
19.16 0.0611981
19.17 0.0598452
19.18 0.058471
19.19 0.0570754
19.2 0.055659
19.21 0.0542235
19.22 0.0527707
19.23 0.0513033
19.24 0.0498242
19.25 0.0483358
19.26 0.0468404
19.27 0.0453393
19.28 0.0438333
19.29 0.0423227
19.3 0.0408083
19.31 0.0392907
19.32 0.0377712
19.33 0.0362513
19.34 0.0347328
19.35 0.0332181
19.36 0.03171
19.37 0.0302116
19.38 0.0287261
19.39 0.0272566
19.4 0.025806
19.41 0.0243772
19.42 0.0229732
19.43 0.0215969
19.44 0.0202514
19.45 0.0189393
19.46 0.0176636
19.47 0.016427
19.48 0.0152323
19.49 0.0140821
19.5 0.012979
19.51 0.0119252
19.52 0.0109227
19.53 0.00997349
19.54 0.00907911
19.55 0.00824077
19.56 0.0074591
19.57 0.00673431
19.58 0.00606639
19.59 0.00545521
19.6 0.00490049
19.61 0.00440184
19.62 0.00395873
19.63 0.00357056
19.64 0.0032367
19.65 0.00295652
19.66 0.00272927
19.67 0.00255417
19.68 0.00243036
19.69 0.00235685
19.7 0.00233252
19.71 0.00235614
19.72 0.00242624
19.73 0.00254088
19.74 0.00269784
19.75 0.00289475
19.76 0.00312921
19.77 0.00339883
19.78 0.00370107
19.79 0.00403324
19.8 0.00439249
19.81 0.00477571
19.82 0.00517962
19.83 0.00560065
19.84 0.00603503
19.85 0.00647874
19.86 0.00692751
19.87 0.00737694
19.88 0.00782256
19.89 0.00825999
19.9 0.00868498
19.91 0.00909359
19.92 0.0094822
19.93 0.0098476
19.94 0.0101869
19.95 0.0104974
19.96 0.0107765
19.97 0.0110218
19.98 0.0112309
19.99 0.0114017
20 0.0115319
20.01 0.0116197
20.02 0.0116635
20.03 0.0116622
20.04 0.0116156
20.05 0.0115242
20.06 0.0113893
20.07 0.0112131
20.08 0.0109987
20.09 0.0107497
20.1 0.0104705
20.11 0.0101661
20.12 0.00984188
20.13 0.00950302
20.14 0.00915486
20.15 0.00880272
20.16 0.00845188
20.17 0.00810742
20.18 0.00777415
20.19 0.00745648
20.2 0.0071584
20.21 0.00688341
20.22 0.00663455
20.23 0.0064146
20.24 0.00622616
20.25 0.00607151
20.26 0.00595256
20.27 0.00587077
20.28 0.00582706
20.29 0.00582186
20.3 0.00585507
20.31 0.00592609
20.32 0.00603383
20.33 0.00617679
20.34 0.00635314
20.35 0.00656078
20.36 0.00679748
20.37 0.00706099
20.38 0.00734921
20.39 0.00766024
20.4 0.00799241
20.41 0.00834427
20.42 0.00871454
20.43 0.00910204
20.44 0.00950563
20.45 0.00992406
20.46 0.0103559
20.47 0.0107995
20.48 0.0112534
20.49 0.011716
20.5 0.0121856
20.51 0.0126607
20.52 0.0131397
20.53 0.013621
20.54 0.014103
20.55 0.0145843
20.56 0.0150632
20.57 0.015538
20.58 0.0160069
20.59 0.0164674
20.6 0.0169169
20.61 0.0173522
20.62 0.0177701
20.63 0.0181671
20.64 0.01854
20.65 0.0188858
20.66 0.0192025
20.67 0.01949
20.68 0.0197485
20.69 0.0199783
20.7 0.0201795
20.71 0.0203524
20.72 0.0204975
20.73 0.0206153
20.74 0.0207063
20.75 0.0207708
20.76 0.0208094
20.77 0.0208224
20.78 0.0208106
20.79 0.0207748
20.8 0.0207165
20.81 0.0206377
20.82 0.0205409
20.83 0.0204292
20.84 0.0203059
20.85 0.0201745
20.86 0.0200381
20.87 0.0198998
20.88 0.0197622
20.89 0.0196276
20.9 0.0194979
20.91 0.0193748
20.92 0.0192599
20.93 0.0191544
20.94 0.0190596
20.95 0.0189768
20.96 0.0189066
20.97 0.0188496
20.98 0.0188058
20.99 0.0187748
21 0.0187558
21.01 0.0187473
21.02 0.0187476
21.03 0.0187543
21.04 0.0187649
21.05 0.0187766
21.06 0.018787
21.07 0.0187936
21.08 0.0187938
21.09 0.0187855
21.1 0.0187662
21.11 0.0187339
21.12 0.0186872
21.13 0.0186249
21.14 0.0185463
21.15 0.0184512
21.16 0.0183396
21.17 0.0182114
21.18 0.0180672
21.19 0.0179072
21.2 0.017732
21.21 0.0175424
21.22 0.0173389
21.23 0.0171227
21.24 0.0168946
21.25 0.0166559
21.26 0.016408
21.27 0.0161525
21.28 0.0158916
21.29 0.0156273
21.3 0.0153621
21.31 0.0150983
21.32 0.0148384
21.33 0.0145845
21.34 0.0143387
21.35 0.0141027
21.36 0.0138777
21.37 0.013665
21.38 0.0134652
21.39 0.0132786
21.4 0.0131053
21.41 0.012945
21.42 0.0127969
21.43 0.0126603
21.44 0.0125344
21.45 0.0124184
21.46 0.0123114
21.47 0.0122128
21.48 0.012122
21.49 0.0120382
21.5 0.0119609
21.51 0.0118892
21.52 0.0118224
21.53 0.0117596
21.54 0.0117001
21.55 0.0116431
21.56 0.011588
21.57 0.0115337
21.58 0.0114794
21.59 0.0114238
21.6 0.0113655
21.61 0.0113032
21.62 0.0112357
21.63 0.0111618
21.64 0.0110808
21.65 0.0109925
21.66 0.0108967
21.67 0.0107939
21.68 0.0106848
21.69 0.0105701
21.7 0.0104507
21.71 0.0103275
21.72 0.0102014
21.73 0.0100732
21.74 0.00994403
21.75 0.00981523
21.76 0.00968825
21.77 0.00956481
21.78 0.00944677
21.79 0.00933608
21.8 0.00923462
21.81 0.00914409
21.82 0.00906586
21.83 0.00900091
21.84 0.00894976
21.85 0.0089126
21.86 0.00888924
21.87 0.00887917
21.88 0.0088816
21.89 0.00889547
21.9 0.0089196
21.91 0.00895278
21.92 0.00899386
21.93 0.00904178
21.94 0.00909564
21.95 0.00915469
21.96 0.00921811
21.97 0.00928492
21.98 0.00935388
21.99 0.00942341
22 0.00949154
22.01 0.00955592
22.02 0.00961397
22.03 0.00966301
22.04 0.00970055
22.05 0.00972453
22.06 0.00973365
22.07 0.00972745
22.08 0.00970612
22.09 0.00967031
22.1 0.009621
22.11 0.00955944
22.12 0.00948713
22.13 0.00940569
22.14 0.00931679
22.15 0.00922203
22.16 0.00912287
22.17 0.00902063
22.18 0.00891649
22.19 0.00881158
22.2 0.00870698
22.21 0.00860389
22.22 0.00850366
22.23 0.00840779
22.24 0.00831792
22.25 0.00823573
22.26 0.00816289
22.27 0.00810098
22.28 0.00805143
22.29 0.00801541
22.3 0.0079937
22.31 0.00798662
22.32 0.00799397
22.33 0.00801515
22.34 0.00804924
22.35 0.00809506
22.36 0.00815127
22.37 0.00821644
22.38 0.00828919
22.39 0.00836823
22.4 0.00845234
22.41 0.00854045
22.42 0.00863168
22.43 0.0087253
22.44 0.00882067
22.45 0.00891726
22.46 0.00901474
22.47 0.00911303
22.48 0.00921232
22.49 0.009313
22.5 0.00941569
22.51 0.00952125
22.52 0.00963079
22.53 0.00974558
22.54 0.00986696
22.55 0.00999625
22.56 0.0101347
22.57 0.0102837
22.58 0.0104444
22.59 0.010618
22.6 0.0108056
22.61 0.0110081
22.62 0.0112264
22.63 0.011461
22.64 0.011712
22.65 0.0119796
22.66 0.012263
22.67 0.0125616
22.68 0.0128737
22.69 0.0131978
22.7 0.013532
22.71 0.0138746
22.72 0.0142238
22.73 0.0145781
22.74 0.0149357
22.75 0.015295
22.76 0.0156545
22.77 0.0160124
22.78 0.0163669
22.79 0.016716
22.8 0.017058
22.81 0.017391
22.82 0.0177133
22.83 0.0180231
22.84 0.0183189
22.85 0.018599
22.86 0.0188621
22.87 0.0191067
22.88 0.0193314
22.89 0.019535
22.9 0.0197162
22.91 0.0198737
22.92 0.0200062
22.93 0.0201124
22.94 0.0201912
22.95 0.0202413
22.96 0.0202616
22.97 0.0202511
22.98 0.0202089
22.99 0.0201347
23 0.020029
23.01 0.0198926
23.02 0.0197272
23.03 0.0195348
23.04 0.0193179
23.05 0.0190794
23.06 0.0188223
23.07 0.0185494
23.08 0.0182638
23.09 0.017968
23.1 0.0176643
23.11 0.0173551
23.12 0.0170427
23.13 0.0167294
23.14 0.0164174
23.15 0.0161091
23.16 0.0158069
23.17 0.0155128
23.18 0.0152293
23.19 0.0149583
23.2 0.0147022
23.21 0.014463
23.22 0.0142426
23.23 0.0140427
23.24 0.0138647
23.25 0.0137101
23.26 0.01358
23.27 0.0134751
23.28 0.0133962
23.29 0.013344
23.3 0.0133191
23.31 0.0133218
23.32 0.0133524
23.33 0.0134108
23.34 0.0134968
23.35 0.0136098
23.36 0.0137489
23.37 0.0139129
23.38 0.0141001
23.39 0.0143086
23.4 0.0145361
23.41 0.0147798
23.42 0.0150368
23.43 0.0153036
23.44 0.0155767
23.45 0.0158522
23.46 0.0161264
23.47 0.0163955
23.48 0.0166561
23.49 0.0169051
23.5 0.0171398
23.51 0.0173578
23.52 0.0175569
23.53 0.0177353
23.54 0.0178911
23.55 0.018023
23.56 0.0181296
23.57 0.0182101
23.58 0.0182638
23.59 0.0182905
23.6 0.0182902
23.61 0.018263
23.62 0.0182096
23.63 0.0181307
23.64 0.0180275
23.65 0.0179014
23.66 0.017754
23.67 0.017587
23.68 0.0174022
23.69 0.0172013
23.7 0.0169861
23.71 0.0167582
23.72 0.0165191
23.73 0.0162704
23.74 0.0160134
23.75 0.0157493
23.76 0.0154789
23.77 0.0152029
23.78 0.0149217
23.79 0.014635
23.8 0.0143427
23.81 0.0140445
23.82 0.0137402
23.83 0.0134296
23.84 0.0131127
23.85 0.0127896
23.86 0.0124605
23.87 0.0121257
23.88 0.0117855
23.89 0.0114403
23.9 0.0110903
23.91 0.0107359
23.92 0.0103769
23.93 0.0100135
23.94 0.00964577
23.95 0.00927384
23.96 0.00889816
23.97 0.00851943
23.98 0.00813878
23.99 0.00775781
24 0.00737865
24.01 0.00700384
24.02 0.00663622
24.03 0.00627891
24.04 0.00593542
24.05 0.00560971
24.06 0.0053062
24.07 0.00502965
24.08 0.00478486
24.09 0.00457645
24.1 0.00440858
24.11 0.00428469
24.12 0.00420706
24.13 0.00417725
24.14 0.00419633
24.15 0.00426462
24.16 0.00438146
24.17 0.00454545
24.18 0.00475469
24.19 0.00500685
24.2 0.00529923
24.21 0.00562869
24.22 0.00599174
24.23 0.00638453
24.24 0.00680291
24.25 0.00724248
24.26 0.00769865
24.27 0.00816656
24.28 0.00864116
24.29 0.00911716
24.3 0.00958906
24.31 0.0100512
24.32 0.0104981
24.33 0.0109246
24.34 0.0113261
24.35 0.0116989
24.36 0.01204
24.37 0.0123471
24.38 0.0126185
24.39 0.0128529
24.4 0.0130494
24.41 0.0132076
24.42 0.0133273
24.43 0.0134083
24.44 0.0134509
24.45 0.0134551
24.46 0.0134217
24.47 0.0133514
24.48 0.0132454
24.49 0.0131055
24.5 0.0129334
24.51 0.0127314
24.52 0.0125018
24.53 0.0122472
24.54 0.0119702
24.55 0.0116735
24.56 0.0113597
24.57 0.0110315
24.58 0.0106914
24.59 0.010342
24.6 0.00998566
24.61 0.00962497
24.62 0.00926246
24.63 0.00890065
24.64 0.00854205
24.65 0.0081893
24.66 0.0078452
24.67 0.00751272
24.68 0.00719485
24.69 0.00689472
24.7 0.00661546
24.71 0.00636018
24.72 0.00613185
24.73 0.0059332
24.74 0.00576674
24.75 0.00563475
24.76 0.00553933
24.77 0.00548233
24.78 0.00546515
24.79 0.00548873
24.8 0.00555349
24.81 0.00565943
24.82 0.00580601
24.83 0.00599216
24.84 0.00621633
24.85 0.00647655
24.86 0.00677048
24.87 0.00709546
24.88 0.00744845
24.89 0.00782605
24.9 0.00822443
24.91 0.00863943
24.92 0.0090666
24.93 0.0095013
24.94 0.00993875
24.95 0.0103742
24.96 0.0108028
24.97 0.0112199
24.98 0.0116211
24.99 0.0120018
25 0.0123583
