0.01 3.16651e-09
0.02 1.5231e-08
0.03 3.75256e-08
0.04 6.75866e-08
0.05 1.02968e-07
0.06 1.41274e-07
0.07 1.80191e-07
0.08 2.17489e-07
0.09 2.51022e-07
0.1 2.78732e-07
0.11 2.98684e-07
0.12 3.09072e-07
0.13 3.08193e-07
0.14 2.94395e-07
0.15 2.66074e-07
0.16 2.21737e-07
0.17 1.60058e-07
0.18 7.98938e-08
0.19 -1.96989e-08
0.2 -1.39451e-07
0.21 -2.79869e-07
0.22 -4.4123e-07
0.23 -6.23585e-07
0.24 -8.26788e-07
0.25 -1.05052e-06
0.26 -1.29436e-06
0.27 -1.55783e-06
0.28 -1.84025e-06
0.29 -2.1405e-06
0.3 -2.45695e-06
0.31 -2.78737e-06
0.32 -3.12894e-06
0.33 -3.47805e-06
0.34 -3.83027e-06
0.35 -4.18057e-06
0.36 -4.52366e-06
0.37 -4.85408e-06
0.38 -5.16684e-06
0.39 -5.4582e-06
0.4 -5.7263e-06
0.41 -5.97147e-06
0.42 -6.19576e-06
0.43 -6.40231e-06
0.44 -6.59546e-06
0.45 -6.78051e-06
0.46 -6.96327e-06
0.47 -7.14957e-06
0.48 -7.34468e-06
0.49 -7.55303e-06
0.5 -7.77808e-06
0.51 -8.02255e-06
0.52 -8.2887e-06
0.53 -8.57787e-06
0.54 -8.8907e-06
0.55 -9.2276e-06
0.56 -9.58825e-06
0.57 -9.97177e-06
0.58 -1.03772e-05
0.59 -1.08034e-05
0.6 -1.12491e-05
0.61 -1.17126e-05
0.62 -1.21922e-05
0.63 -1.2686e-05
0.64 -1.31918e-05
0.65 -1.37077e-05
0.66 -1.42317e-05
0.67 -1.47623e-05
0.68 -1.5298e-05
0.69 -1.58377e-05
0.7 -1.63805e-05
0.71 -1.6925e-05
0.72 -1.74694e-05
0.73 -1.80101e-05
0.74 -1.8542e-05
0.75 -1.90572e-05
0.76 -1.95449e-05
0.77 -1.99921e-05
0.78 -2.03846e-05
0.79 -2.07094e-05
0.8 -2.09562e-05
0.81 -2.1118e-05
0.82 -2.11909e-05
0.83 -2.11732e-05
0.84 -2.10656e-05
0.85 -2.08726e-05
0.86 -2.06022e-05
0.87 -2.02613e-05
0.88 -1.98526e-05
0.89 -1.93734e-05
0.9 -1.8818e-05
0.91 -1.81797e-05
0.92 -1.74518e-05
0.93 -1.66299e-05
0.94 -1.57144e-05
0.95 -1.47115e-05
0.96 -1.36346e-05
0.97 -1.25023e-05
0.98 -1.13345e-05
0.99 -1.01464e-05
1 -8.94678e-06
1.01 -7.73879e-06
1.02 -6.51967e-06
1.03 -5.28192e-06
1.04 -4.01574e-06
1.05 -2.71135e-06
1.06 -1.36231e-06
1.07 3.28689e-08
1.08 1.47211e-06
1.09 2.9526e-06
1.1 4.47164e-06
1.11 6.02526e-06
1.12 7.60944e-06
1.13 9.22191e-06
1.14 1.08616e-05
1.15 1.25271e-05
1.16 1.42153e-05
1.17 1.59184e-05
1.18 1.76217e-05
1.19 1.93061e-05
1.2 2.09507e-05
1.21 2.2532e-05
1.22 2.40226e-05
1.23 2.5394e-05
1.24 2.66225e-05
1.25 2.7697e-05
1.26 2.86234e-05
1.27 2.94202e-05
1.28 3.01082e-05
1.29 3.07083e-05
1.3 3.12399e-05
1.31 3.17168e-05
1.32 3.21435e-05
1.33 3.25191e-05
1.34 3.28417e-05
1.35 3.31124e-05
1.36 3.33353e-05
1.37 3.35175e-05
1.38 3.36686e-05
1.39 3.3799e-05
1.4 3.39181e-05
1.41 3.40312e-05
1.42 3.41352e-05
1.43 3.42152e-05
1.44 3.42402e-05
1.45 3.41615e-05
1.46 3.39143e-05
1.47 3.34252e-05
1.48 3.26187e-05
1.49 3.14191e-05
1.5 2.97543e-05
1.51 2.7561e-05
1.52 2.47867e-05
1.53 2.13973e-05
1.54 1.73853e-05
1.55 1.27769e-05
1.56 7.63483e-06
1.57 2.04764e-06
1.58 -3.87879e-06
1.59 -1.00287e-05
1.6 -1.62894e-05
1.61 -2.25588e-05
1.62 -2.87425e-05
1.63 -3.47559e-05
1.64 -4.05237e-05
1.65 -4.59802e-05
1.66 -5.10719e-05
1.67 -5.57592e-05
1.68 -6.00151e-05
1.69 -6.38187e-05
1.7 -6.71524e-05
1.71 -7.00014e-05
1.72 -7.23536e-05
1.73 -7.4197e-05
1.74 -7.55166e-05
1.75 -7.62904e-05
1.76 -7.64944e-05
1.77 -7.61096e-05
1.78 -7.51179e-05
1.79 -7.34968e-05
1.8 -7.12218e-05
1.81 -6.82716e-05
1.82 -6.46278e-05
1.83 -6.02777e-05
1.84 -5.52236e-05
1.85 -4.94888e-05
1.86 -4.31123e-05
1.87 -3.61397e-05
1.88 -2.8616e-05
1.89 -2.0585e-05
1.9 -1.20891e-05
1.91 -3.16885e-06
1.92 6.13746e-06
1.93 1.57916e-05
1.94 2.57426e-05
1.95 3.59111e-05
1.96 4.6189e-05
1.97 5.64455e-05
1.98 6.65321e-05
1.99 7.62952e-05
2 8.55972e-05
2.01 9.43356e-05
2.02 0.000102445
2.03 0.000109896
2.04 0.000116688
2.05 0.000122847
2.06 0.000128405
2.07 0.0001334
2.08 0.000137851
2.09 0.000141755
2.1 0.000145078
2.11 0.000147762
2.12 0.000149723
2.13 0.000150844
2.14 0.000150992
2.15 0.000150026
2.16 0.000147803
2.17 0.000144186
2.18 0.000139045
2.19 0.000132252
2.2 0.000123673
2.21 0.000113178
2.22 0.000100646
2.23 8.59803e-05
2.24 6.9108e-05
2.25 4.99779e-05
2.26 2.85649e-05
2.27 4.89616e-06
2.28 -2.09431e-05
2.29 -4.88228e-05
2.3 -7.85732e-05
2.31 -0.000109985
2.32 -0.000142805
2.33 -0.000176724
2.34 -0.000211376
2.35 -0.000246345
2.36 -0.000281174
2.37 -0.000315383
2.38 -0.000348478
2.39 -0.000379953
2.4 -0.000409312
2.41 -0.000436114
2.42 -0.000459988
2.43 -0.000480626
2.44 -0.000497758
2.45 -0.000511154
2.46 -0.000520623
2.47 -0.000526025
2.48 -0.000527277
2.49 -0.000524334
2.5 -0.000517176
2.51 -0.000505791
2.52 -0.000490175
2.53 -0.000470348
2.54 -0.000446355
2.55 -0.000418259
2.56 -0.000386154
2.57 -0.00035018
2.58 -0.000310553
2.59 -0.000267563
2.6 -0.000221565
2.61 -0.000172966
2.62 -0.000122194
2.63 -6.96841e-05
2.64 -1.58575e-05
2.65 3.88782e-05
2.66 9.41319e-05
2.67 0.000149528
2.68 0.000204696
2.69 0.000259264
2.7 0.000312848
2.71 0.000365073
2.72 0.000415572
2.73 0.00046399
2.74 0.000510009
2.75 0.000553346
2.76 0.00059375
2.77 0.000630989
2.78 0.000664881
2.79 0.000695309
2.8 0.000722209
2.81 0.000745573
2.82 0.00076541
2.83 0.000781721
2.84 0.000794491
2.85 0.000803687
2.86 0.000809268
2.87 0.00081117
2.88 0.0008093
2.89 0.000803539
2.9 0.000793771
2.91 0.000779888
2.92 0.000761791
2.93 0.000739399
2.94 0.000712661
2.95 0.000681561
2.96 0.000646127
2.97 0.00060646
2.98 0.000562741
2.99 0.000515222
3 0.00046421
3.01 0.000410052
3.02 0.000353114
3.03 0.00029376
3.04 0.000232343
3.05 0.000169196
3.06 0.00010462
3.07 3.8882e-05
3.08 -2.77858e-05
3.09 -9.51699e-05
3.1 -0.000163045
3.11 -0.000231146
3.12 -0.000299155
3.13 -0.000366685
3.14 -0.000433301
3.15 -0.000498545
3.16 -0.000561954
3.17 -0.000623056
3.18 -0.000681382
3.19 -0.000736477
3.2 -0.000787934
3.21 -0.000835376
3.22 -0.000878427
3.23 -0.000916699
3.24 -0.000949799
3.25 -0.000977335
3.26 -0.000998932
3.27 -0.00101422
3.28 -0.00102281
3.29 -0.00102436
3.3 -0.00101856
3.31 -0.00100515
3.32 -0.000983941
3.33 -0.000954794
3.34 -0.000917733
3.35 -0.000872935
3.36 -0.000820755
3.37 -0.000761706
3.38 -0.000696447
3.39 -0.000625772
3.4 -0.000550589
3.41 -0.000471905
3.42 -0.000390778
3.43 -0.000308279
3.44 -0.000225465
3.45 -0.000143366
3.46 -6.29675e-05
3.47 1.48352e-05
3.48 8.92913e-05
3.49 0.000159815
3.5 0.000225984
3.51 0.000287522
3.52 0.000344296
3.53 0.000396297
3.54 0.000443606
3.55 0.000486342
3.56 0.000524605
3.57 0.000558463
3.58 0.000587999
3.59 0.000613319
3.6 0.000634513
3.61 0.000651636
3.62 0.000664712
3.63 0.000673741
3.64 0.000678688
3.65 0.000679495
3.66 0.00067607
3.67 0.00066828
3.68 0.000655951
3.69 0.000638893
3.7 0.000616949
3.71 0.000590012
3.72 0.00055801
3.73 0.000520923
3.74 0.000478816
3.75 0.000431822
3.76 0.000380131
3.77 0.000323998
3.78 0.000263741
3.79 0.000199734
3.8 0.000132411
3.81 6.22848e-05
3.82 -1.00649e-05
3.83 -8.4024e-05
3.84 -0.000158946
3.85 -0.000234166
3.86 -0.000309055
3.87 -0.000383064
3.88 -0.000455759
3.89 -0.000526828
3.9 -0.000596086
3.91 -0.000663478
3.92 -0.000729072
3.93 -0.000793027
3.94 -0.000855546
3.95 -0.000916849
3.96 -0.000977149
3.97 -0.00103661
3.98 -0.00109529
3.99 -0.00115311
4 -0.00120984
4.01 -0.00126512
4.02 -0.00131846
4.03 -0.00136929
4.04 -0.00141692
4.05 -0.00146058
4.06 -0.00149941
4.07 -0.00153247
4.08 -0.0015587
4.09 -0.001577
4.1 -0.0015862
4.11 -0.0015852
4.12 -0.001573
4.13 -0.00154888
4.14 -0.00151234
4.15 -0.00146324
4.16 -0.00140182
4.17 -0.0013287
4.18 -0.00124485
4.19 -0.00115152
4.2 -0.00105018
4.21 -0.000942486
4.22 -0.000830179
4.23 -0.000714962
4.24 -0.00059843
4.25 -0.000482077
4.26 -0.000367323
4.27 -0.000255484
4.28 -0.000147729
4.29 -4.5059e-05
4.3 5.17188e-05
4.31 0.000141979
4.32 0.000225253
4.33 0.000301225
4.34 0.000369752
4.35 0.000430884
4.36 0.000484861
4.37 0.000532091
4.38 0.000573117
4.39 0.000608572
4.4 0.000639167
4.41 0.000665687
4.42 0.000688966
4.43 0.00070985
4.44 0.000729168
4.45 0.000747687
4.46 0.000766031
4.47 0.000784631
4.48 0.000803722
4.49 0.000823394
4.5 0.000843672
4.51 0.000864542
4.52 0.000885906
4.53 0.000907547
4.54 0.000929139
4.55 0.000950268
4.56 0.000970444
4.57 0.000989117
4.58 0.00100568
4.59 0.00101948
4.6 0.00102986
4.61 0.00103617
4.62 0.00103786
4.63 0.00103445
4.64 0.00102554
4.65 0.00101086
4.66 0.00099024
4.67 0.000963702
4.68 0.00093145
4.69 0.000893849
4.7 0.000851363
4.71 0.000804492
4.72 0.00075373
4.73 0.000699586
4.74 0.00064256
4.75 0.000583073
4.76 0.000521469
4.77 0.000458051
4.78 0.000393097
4.79 0.000326883
4.8 0.000259681
4.81 0.000191705
4.82 0.000123116
4.83 5.40885e-05
4.84 -1.52025e-05
4.85 -8.46357e-05
4.86 -0.000154124
4.87 -0.00022354
4.88 -0.000292701
4.89 -0.000361405
4.9 -0.000429442
4.91 -0.000496554
4.92 -0.000562432
4.93 -0.000626728
4.94 -0.000689091
4.95 -0.000749169
4.96 -0.000806601
4.97 -0.000860999
4.98 -0.000911937
4.99 -0.000958956
5 -0.00100158
5.01 -0.00103935
5.02 -0.00107191
5.03 -0.00109904
5.04 -0.00112067
5.05 -0.0011369
5.06 -0.00114798
5.07 -0.00115433
5.08 -0.00115652
5.09 -0.00115518
5.1 -0.00115102
5.11 -0.00114481
5.12 -0.00113729
5.13 -0.00112915
5.14 -0.00112099
5.15 -0.00111328
5.16 -0.00110629
5.17 -0.00110007
5.18 -0.00109446
5.19 -0.00108914
5.2 -0.00108369
5.21 -0.00107752
5.22 -0.00106999
5.23 -0.00106044
5.24 -0.00104828
5.25 -0.00103293
5.26 -0.00101381
5.27 -0.00099028
5.28 -0.000961695
5.29 -0.000927446
5.3 -0.000886994
5.31 -0.000839876
5.32 -0.000785749
5.33 -0.000724474
5.34 -0.000656168
5.35 -0.000581192
5.36 -0.000500169
5.37 -0.000414034
5.38 -0.000323999
5.39 -0.000231431
5.4 -0.000137757
5.41 -4.44158e-05
5.42 4.71862e-05
5.43 0.000135755
5.44 0.000220167
5.45 0.000299499
5.46 0.000373023
5.47 0.000440169
5.48 0.000500472
5.49 0.000553556
5.5 0.000599176
5.51 0.000637237
5.52 0.000667745
5.53 0.000690765
5.54 0.000706417
5.55 0.00071491
5.56 0.000716529
5.57 0.000711561
5.58 0.00070024
5.59 0.000682766
5.6 0.000659353
5.61 0.000630269
5.62 0.000595849
5.63 0.000556482
5.64 0.000512617
5.65 0.000464743
5.66 0.000413359
5.67 0.00035901
5.68 0.000302307
5.69 0.000243943
5.7 0.00018469
5.71 0.000125405
5.72 6.70272e-05
5.73 1.05359e-05
5.74 -4.30948e-05
5.75 -9.28891e-05
5.76 -0.000137909
5.77 -0.000177315
5.78 -0.000210414
5.79 -0.000236701
5.8 -0.000255896
5.81 -0.000267961
5.82 -0.000273123
5.83 -0.000271894
5.84 -0.000265036
5.85 -0.000253505
5.86 -0.000238389
5.87 -0.000220877
5.88 -0.000202209
5.89 -0.000183638
5.9 -0.000166374
5.91 -0.000151526
5.92 -0.000140051
5.93 -0.000132753
5.94 -0.000130265
5.95 -0.000133014
5.96 -0.000141154
5.97 -0.000154506
5.98 -0.000172571
5.99 -0.000194592
6 -0.000219578
6.01 -0.000246364
6.02 -0.000273715
6.03 -0.000300367
6.04 -0.000325042
6.05 -0.000346474
6.06 -0.000363478
6.07 -0.000375033
6.08 -0.000380341
6.09 -0.000378828
6.1 -0.000370097
6.11 -0.000353916
6.12 -0.000330237
6.13 -0.00029919
6.14 -0.000261017
6.15 -0.000216001
6.16 -0.00016442
6.17 -0.000106474
6.18 -4.22022e-05
6.19 2.85167e-05
6.2 0.000105883
6.21 0.000190115
6.22 0.000281459
6.23 0.00038019
6.24 0.000486529
6.25 0.000600614
6.26 0.000722527
6.27 0.000852285
6.28 0.000989849
6.29 0.00113516
6.3 0.00128816
6.31 0.00144877
6.32 0.00161694
6.33 0.00179263
6.34 0.00197581
6.35 0.0021664
6.36 0.00236424
6.37 0.00256895
6.38 0.0027798
6.39 0.00299573
6.4 0.00321541
6.41 0.00343734
6.42 0.00365994
6.43 0.00388166
6.44 0.00410107
6.45 0.00431695
6.46 0.00452837
6.47 0.00473465
6.48 0.0049352
6.49 0.0051294
6.5 0.0053165
6.51 0.00549545
6.52 0.00566481
6.53 0.00582283
6.54 0.00596743
6.55 0.00609615
6.56 0.00620624
6.57 0.00629474
6.58 0.00635868
6.59 0.0063952
6.6 0.0064018
6.61 0.00637645
6.62 0.00631765
6.63 0.0062245
6.64 0.00609665
6.65 0.00593414
6.66 0.00573732
6.67 0.00550671
6.68 0.00524301
6.69 0.0049471
6.7 0.00462001
6.71 0.00426297
6.72 0.00387743
6.73 0.00346501
6.74 0.00302752
6.75 0.00256705
6.76 0.00208596
6.77 0.00158689
6.78 0.0010727
6.79 0.000546503
6.8 1.15935e-05
6.81 -0.00052863
6.82 -0.00107078
6.83 -0.00161155
6.84 -0.00214775
6.85 -0.00267639
6.86 -0.00319465
6.87 -0.00369998
6.88 -0.00419002
6.89 -0.00466256
6.9 -0.00511542
6.91 -0.00554643
6.92 -0.00595328
6.93 -0.00633359
6.94 -0.00668479
6.95 -0.00700424
6.96 -0.0072893
6.97 -0.0075375
6.98 -0.00774673
6.99 -0.00791536
7 -0.00804236
7.01 -0.00812729
7.02 -0.00817032
7.03 -0.00817204
7.04 -0.00813331
7.05 -0.00805512
7.06 -0.00793839
7.07 -0.00778394
7.08 -0.00759239
7.09 -0.00736426
7.1 -0.00709999
7.11 -0.00680007
7.12 -0.00646512
7.13 -0.00609616
7.14 -0.00569476
7.15 -0.00526311
7.16 -0.00480399
7.17 -0.00432068
7.18 -0.00381688
7.19 -0.0032965
7.2 -0.00276364
7.21 -0.00222235
7.22 -0.00167653
7.23 -0.00112979
7.24 -0.000585406
7.25 -4.62853e-05
7.26 0.000484965
7.27 0.00100594
7.28 0.00151429
7.29 0.00200762
7.3 0.00248341
7.31 0.00293895
7.32 0.00337139
7.33 0.00377774
7.34 0.00415506
7.35 0.00450062
7.36 0.00481201
7.37 0.0050873
7.38 0.00532514
7.39 0.00552479
7.4 0.00568604
7.41 0.00580919
7.42 0.00589489
7.43 0.00594396
7.44 0.00595727
7.45 0.00593556
7.46 0.00587947
7.47 0.00578949
7.48 0.00566592
7.49 0.00550891
7.5 0.00531846
7.51 0.00509444
7.52 0.00483673
7.53 0.0045453
7.54 0.00422038
7.55 0.00386248
7.56 0.00347238
7.57 0.00305106
7.58 0.00259967
7.59 0.00211954
7.6 0.00161216
7.61 0.00107918
7.62 0.000522664
7.63 -5.48592e-05
7.64 -0.000650267
7.65 -0.00125992
7.66 -0.00187963
7.67 -0.00250462
7.68 -0.0031295
7.69 -0.00374835
7.7 -0.00435482
7.71 -0.00494231
7.72 -0.00550434
7.73 -0.00603489
7.74 -0.00652857
7.75 -0.00698077
7.76 -0.00738763
7.77 -0.00774601
7.78 -0.00805337
7.79 -0.00830781
7.8 -0.00850807
7.81 -0.00865348
7.82 -0.00874395
7.83 -0.00877993
7.84 -0.00876239
7.85 -0.00869283
7.86 -0.00857309
7.87 -0.00840542
7.88 -0.00819232
7.89 -0.00793645
7.9 -0.00764055
7.91 -0.0073074
7.92 -0.00693973
7.93 -0.00654021
7.94 -0.00611139
7.95 -0.00565575
7.96 -0.0051757
7.97 -0.0046736
7.98 -0.00415174
7.99 -0.00361239
8 -0.00305788
8.01 -0.00249071
8.02 -0.00191351
8.03 -0.00132915
8.04 -0.000740693
8.05 -0.000151481
8.06 0.00043486
8.07 0.0010145
8.08 0.0015835
8.09 0.00213795
8.1 0.00267414
8.11 0.00318864
8.12 0.00367857
8.13 0.00414158
8.14 0.00457583
8.15 0.00497998
8.16 0.00535316
8.17 0.00569492
8.18 0.00600511
8.19 0.00628379
8.2 0.0065312
8.21 0.00674764
8.22 0.00693343
8.23 0.0070889
8.24 0.00721441
8.25 0.00731034
8.26 0.00737705
8.27 0.00741481
8.28 0.00742386
8.29 0.00740434
8.3 0.00735619
8.31 0.00727914
8.32 0.00717254
8.33 0.00703536
8.34 0.00686628
8.35 0.00666381
8.36 0.00642642
8.37 0.00615285
8.38 0.00584226
8.39 0.00549445
8.4 0.00511001
8.41 0.00469036
8.42 0.00423759
8.43 0.00375444
8.44 0.00324423
8.45 0.00271082
8.46 0.00215859
8.47 0.00159238
8.48 0.0010174
8.49 0.000439084
8.5 -0.000137051
8.51 -0.000705524
8.52 -0.00126105
8.53 -0.00179876
8.54 -0.00231431
8.55 -0.002804
8.56 -0.00326471
8.57 -0.00369379
8.58 -0.00408901
8.59 -0.0044485
8.6 -0.00477069
8.61 -0.00505421
8.62 -0.00529783
8.63 -0.00550035
8.64 -0.00566054
8.65 -0.00577714
8.66 -0.00584886
8.67 -0.00587443
8.68 -0.00585273
8.69 -0.00578283
8.7 -0.00566415
8.71 -0.0054964
8.72 -0.00527971
8.73 -0.00501466
8.74 -0.00470239
8.75 -0.00434452
8.76 -0.0039432
8.77 -0.00350124
8.78 -0.00302198
8.79 -0.00250933
8.8 -0.00196762
8.81 -0.00140166
8.82 -0.000816585
8.83 -0.000217709
8.84 0.000389662
8.85 0.00100036
8.86 0.00160939
8.87 0.00221198
8.88 0.00280355
8.89 0.00337985
8.9 0.00393701
8.91 0.00447161
8.92 0.00498057
8.93 0.00546117
8.94 0.00591092
8.95 0.00632753
8.96 0.00670881
8.97 0.00705276
8.98 0.00735754
8.99 0.00762142
9 0.00784272
9.01 0.00801974
9.02 0.00815083
9.03 0.00823431
9.04 0.00826858
9.05 0.00825226
9.06 0.00818434
9.07 0.00806425
9.08 0.00789194
9.09 0.00766781
9.1 0.00739272
9.11 0.00706787
9.12 0.00669476
9.13 0.00627521
9.14 0.00581134
9.15 0.00530554
9.16 0.00476058
9.17 0.0041797
9.18 0.00356668
9.19 0.00292591
9.2 0.00226237
9.21 0.00158166
9.22 0.000889977
9.23 0.000194036
9.24 -0.000499161
9.25 -0.0011826
9.26 -0.00184953
9.27 -0.00249368
9.28 -0.00310941
9.29 -0.00369183
9.3 -0.00423674
9.31 -0.00474051
9.32 -0.00519989
9.33 -0.00561201
9.34 -0.00597445
9.35 -0.00628513
9.36 -0.00654234
9.37 -0.00674479
9.38 -0.00689154
9.39 -0.00698208
9.4 -0.00701632
9.41 -0.00699475
9.42 -0.00691847
9.43 -0.00678925
9.44 -0.00660958
9.45 -0.00638272
9.46 -0.00611251
9.47 -0.00580325
9.48 -0.00545948
9.49 -0.00508578
9.5 -0.00468662
9.51 -0.00426621
9.52 -0.00382846
9.53 -0.00337699
9.54 -0.00291519
9.55 -0.0024464
9.56 -0.00197397
9.57 -0.00150132
9.58 -0.00103208
9.59 -0.000570073
9.6 -0.000119267
9.61 0.000316369
9.62 0.000732995
9.63 0.00112705
9.64 0.00149543
9.65 0.00183552
9.66 0.00214529
9.67 0.00242323
9.68 0.00266836
9.69 0.00288022
9.7 0.00305873
9.71 0.00320406
9.72 0.00331654
9.73 0.00339658
9.74 0.00344461
9.75 0.00346097
9.76 0.00344593
9.77 0.00339969
9.78 0.00332243
9.79 0.0032143
9.8 0.00307544
9.81 0.00290597
9.82 0.00270601
9.83 0.00247573
9.84 0.00221535
9.85 0.00192518
9.86 0.00160565
9.87 0.00125752
9.88 0.000881808
9.89 0.000479893
9.9 5.34447e-05
9.91 -0.000395452
9.92 -0.000864264
9.93 -0.00135006
9.94 -0.00184954
9.95 -0.00235906
9.96 -0.00287473
9.97 -0.00339263
9.98 -0.00390897
9.99 -0.00442016
10 -0.00492291
10.01 -0.00541419
10.02 -0.0058913
10.03 -0.00635191
10.04 -0.00679396
10.05 -0.00721547
10.06 -0.00761449
10.07 -0.00798901
10.08 -0.00833698
10.09 -0.00865636
10.1 -0.00894514
10.11 -0.00920135
10.12 -0.00942323
10.13 -0.00960935
10.14 -0.00975866
10.15 -0.00987047
10.16 -0.00994448
10.17 -0.00998069
10.18 -0.00997927
10.19 -0.00994051
10.2 -0.00986477
10.21 -0.00975244
10.22 -0.00960403
10.23 -0.00942024
10.24 -0.00920187
10.25 -0.00894994
10.26 -0.00866571
10.27 -0.00835071
10.28 -0.00800676
10.29 -0.00763586
10.3 -0.00724019
10.31 -0.0068221
10.32 -0.00638396
10.33 -0.00592815
10.34 -0.00545711
10.35 -0.00497335
10.36 -0.00447945
10.37 -0.00397803
10.38 -0.00347173
10.39 -0.00296319
10.4 -0.002455
10.41 -0.00194964
10.42 -0.0014494
10.43 -0.000956323
10.44 -0.000472176
10.45 1.56366e-06
10.46 0.000463673
10.47 0.00091307
10.48 0.00134871
10.49 0.00176948
10.5 0.00217408
10.51 0.00256101
10.52 0.00292854
10.53 0.00327482
10.54 0.00359788
10.55 0.00389579
10.56 0.0041667
10.57 0.00440892
10.58 0.00462088
10.59 0.00480119
10.6 0.0049487
10.61 0.00506241
10.62 0.0051415
10.63 0.0051853
10.64 0.00519325
10.65 0.00516489
10.66 0.0050999
10.67 0.00499812
10.68 0.00485959
10.69 0.00468467
10.7 0.00447409
10.71 0.00422901
10.72 0.00395093
10.73 0.00364169
10.74 0.00330341
10.75 0.00293845
10.76 0.0025494
10.77 0.00213901
10.78 0.0017103
10.79 0.00126644
10.8 0.000810767
10.81 0.00034667
10.82 -0.000122359
10.83 -0.00059276
10.84 -0.00106096
10.85 -0.00152342
10.86 -0.00197673
10.87 -0.00241769
10.88 -0.00284328
10.89 -0.00325068
10.9 -0.00363725
10.91 -0.00400054
10.92 -0.00433823
10.93 -0.00464799
10.94 -0.00492749
10.95 -0.00517435
10.96 -0.00538619
10.97 -0.00556066
10.98 -0.00569553
10.99 -0.00578881
11 -0.00583883
11.01 -0.0058443
11.02 -0.00580435
11.03 -0.00571857
11.04 -0.00558704
11.05 -0.0054103
11.06 -0.00518928
11.07 -0.00492525
11.08 -0.00461984
11.09 -0.00427501
11.1 -0.00389298
11.11 -0.00347618
11.12 -0.00302715
11.13 -0.00254851
11.14 -0.00204303
11.15 -0.00151363
11.16 -0.000963293
11.17 -0.000394989
11.18 0.000188435
11.19 0.000784277
11.2 0.00138999
11.21 0.00200318
11.22 0.00262157
11.23 0.00324299
11.24 0.00386513
11.25 0.00448539
11.26 0.00510074
11.27 0.00570774
11.28 0.00630263
11.29 0.00688149
11.3 0.00744038
11.31 0.00797543
11.32 0.00848295
11.33 0.0089595
11.34 0.00940208
11.35 0.0098082
11.36 0.010176
11.37 0.0105042
11.38 0.0107919
11.39 0.0110384
11.4 0.0112433
11.41 0.0114064
11.42 0.0115274
11.43 0.0116061
11.44 0.0116424
11.45 0.011636
11.46 0.0115869
11.47 0.0114955
11.48 0.0113623
11.49 0.0111885
11.5 0.010976
11.51 0.0107271
11.52 0.0104447
11.53 0.0101321
11.54 0.00979282
11.55 0.00943071
11.56 0.00904943
11.57 0.00865253
11.58 0.00824334
11.59 0.00782497
11.6 0.00740049
11.61 0.00697295
11.62 0.00654542
11.63 0.00612096
11.64 0.00570261
11.65 0.00529333
11.66 0.004896
11.67 0.00451336
11.68 0.00414806
11.69 0.00380249
11.7 0.00347873
11.71 0.00317852
11.72 0.00290313
11.73 0.00265338
11.74 0.00242965
11.75 0.00223178
11.76 0.00205909
11.77 0.00191024
11.78 0.00178326
11.79 0.00167561
11.8 0.00158444
11.81 0.00150683
11.82 0.00144006
11.83 0.00138165
11.84 0.0013294
11.85 0.00128147
11.86 0.00123622
11.87 0.00119214
11.88 0.00114777
11.89 0.00110177
11.9 0.00105288
11.91 0.000999989
11.92 0.000942098
11.93 0.000878352
11.94 0.000808012
11.95 0.000730458
11.96 0.00064517
11.97 0.000551732
11.98 0.00044991
11.99 0.00033974
12 0.000221529
12.01 9.58062e-05
12.02 -3.66469e-05
12.03 -0.000174726
12.04 -0.000317001
12.05 -0.000461797
12.06 -0.000607283
12.07 -0.00075157
12.08 -0.000892854
12.09 -0.00102958
12.1 -0.0011605
12.11 -0.00128469
12.12 -0.0014015
12.13 -0.00151071
12.14 -0.00161247
12.15 -0.00170734
12.16 -0.00179619
12.17 -0.00188006
12.18 -0.00196009
12.19 -0.00203744
12.2 -0.0021133
12.21 -0.00218886
12.22 -0.00226512
12.23 -0.00234298
12.24 -0.00242327
12.25 -0.00250675
12.26 -0.00259397
12.27 -0.00268526
12.28 -0.00278082
12.29 -0.00288064
12.3 -0.00298453
12.31 -0.00309215
12.32 -0.00320289
12.33 -0.00331586
12.34 -0.0034299
12.35 -0.00354364
12.36 -0.00365556
12.37 -0.00376391
12.38 -0.00386673
12.39 -0.00396191
12.4 -0.00404728
12.41 -0.00412063
12.42 -0.0041799
12.43 -0.00422327
12.44 -0.00424911
12.45 -0.00425592
12.46 -0.00424239
12.47 -0.00420731
12.48 -0.00414938
12.49 -0.00406705
12.5 -0.00395847
12.51 -0.00382145
12.52 -0.00365362
12.53 -0.00345246
12.54 -0.00321553
12.55 -0.00294075
12.56 -0.00262647
12.57 -0.00227159
12.58 -0.00187555
12.59 -0.0014382
12.6 -0.000959705
12.61 -0.000440535
12.62 0.000118442
12.63 0.000715838
12.64 0.00134971
12.65 0.00201767
12.66 0.0027169
12.67 0.00344403
12.68 0.00419515
12.69 0.00496574
12.7 0.00575075
12.71 0.00654472
12.72 0.00734196
12.73 0.00813662
12.74 0.00892279
12.75 0.00969465
12.76 0.0104465
12.77 0.011173
12.78 0.011869
12.79 0.0125296
12.8 0.0131503
12.81 0.0137269
12.82 0.0142551
12.83 0.0147326
12.84 0.0151591
12.85 0.0155345
12.86 0.0158582
12.87 0.0161297
12.88 0.0163486
12.89 0.0165151
12.9 0.0166293
12.91 0.0166917
12.92 0.0167027
12.93 0.0166628
12.94 0.0165727
12.95 0.016433
12.96 0.016245
12.97 0.0160098
12.98 0.0157288
12.99 0.0154034
13 0.0150357
13.01 0.0146276
13.02 0.0141818
13.03 0.0137011
13.04 0.0131889
13.05 0.0126487
13.06 0.0120841
13.07 0.0114986
13.08 0.0108959
13.09 0.0102792
13.1 0.00965163
13.11 0.00901605
13.12 0.00837516
13.13 0.00773164
13.14 0.00708816
13.15 0.00644753
13.16 0.00581272
13.17 0.00518686
13.18 0.00457326
13.19 0.0039753
13.2 0.00339636
13.21 0.00283973
13.22 0.00230854
13.23 0.00180568
13.24 0.00133384
13.25 0.000895415
13.26 0.000492502
13.27 0.000126868
13.28 -0.000200076
13.29 -0.000487282
13.3 -0.000734065
13.31 -0.000940145
13.32 -0.0011057
13.33 -0.00123137
13.34 -0.00131815
13.35 -0.00136734
13.36 -0.00138043
13.37 -0.001359
13.38 -0.0013047
13.39 -0.00121921
13.4 -0.00110421
13.41 -0.000961375
13.42 -0.00079228
13.43 -0.000598429
13.44 -0.000381217
13.45 -0.000141938
13.46 0.000118229
13.47 0.000398206
13.48 0.000696976
13.49 0.00101355
13.5 0.00134695
13.51 0.0016962
13.52 0.00206028
13.53 0.00243816
13.54 0.00282887
13.55 0.00323146
13.56 0.00364501
13.57 0.00406853
13.58 0.0045009
13.59 0.00494073
13.6 0.0053864
13.61 0.00583613
13.62 0.00628801
13.63 0.00674014
13.64 0.0071906
13.65 0.00763744
13.66 0.00807876
13.67 0.00851272
13.68 0.00893751
13.69 0.00935125
13.7 0.00975195
13.71 0.0101375
13.72 0.0105059
13.73 0.0108549
13.74 0.0111822
13.75 0.0114854
13.76 0.0117621
13.77 0.0120094
13.78 0.0122245
13.79 0.0124042
13.8 0.0125453
13.81 0.0126443
13.82 0.0126974
13.83 0.0127011
13.84 0.0126525
13.85 0.0125496
13.86 0.0123915
13.87 0.0121782
13.88 0.0119103
13.89 0.0115886
13.9 0.0112144
13.91 0.010789
13.92 0.0103142
13.93 0.00979228
13.94 0.0092254
13.95 0.00861616
13.96 0.00796737
13.97 0.0072821
13.98 0.00656369
13.99 0.00581558
14 0.00504135
14.01 0.00424463
14.02 0.00342914
14.03 0.0025987
14.04 0.00175728
14.05 0.000908893
14.06 5.75876e-05
14.07 -0.000792729
14.08 -0.00163834
14.09 -0.00247576
14.1 -0.00330186
14.11 -0.00411387
14.12 -0.00490944
14.13 -0.00568663
14.14 -0.00644401
14.15 -0.00718059
14.16 -0.0078958
14.17 -0.0085894
14.18 -0.00926127
14.19 -0.00991138
14.2 -0.0105398
14.21 -0.0111466
14.22 -0.0117334
14.23 -0.0123037
14.24 -0.0128619
14.25 -0.0134122
14.26 -0.0139588
14.27 -0.014506
14.28 -0.015058
14.29 -0.0156187
14.3 -0.0161918
14.31 -0.0167807
14.32 -0.0173883
14.33 -0.0180172
14.34 -0.0186694
14.35 -0.0193471
14.36 -0.0200523
14.37 -0.0207872
14.38 -0.0215542
14.39 -0.022356
14.4 -0.0231954
14.41 -0.0240748
14.42 -0.0249972
14.43 -0.025965
14.44 -0.0269805
14.45 -0.0280455
14.46 -0.0291613
14.47 -0.0303287
14.48 -0.031548
14.49 -0.0328196
14.5 -0.0341435
14.51 -0.0355197
14.52 -0.0369484
14.53 -0.0384299
14.54 -0.0399645
14.55 -0.0415527
14.56 -0.0431951
14.57 -0.0448921
14.58 -0.0466445
14.59 -0.0484527
14.6 -0.0503171
14.61 -0.0522379
14.62 -0.0542146
14.63 -0.0562465
14.64 -0.0583318
14.65 -0.0604679
14.66 -0.0626515
14.67 -0.0648785
14.68 -0.0671446
14.69 -0.0694455
14.7 -0.0717773
14.71 -0.0741364
14.72 -0.076519
14.73 -0.0789208
14.74 -0.0813363
14.75 -0.0837592
14.76 -0.0861827
14.77 -0.0885998
14.78 -0.0910039
14.79 -0.0933882
14.8 -0.0957461
14.81 -0.098071
14.82 -0.100356
14.83 -0.102595
14.84 -0.104782
14.85 -0.10691
14.86 -0.108973
14.87 -0.110966
14.88 -0.112881
14.89 -0.114713
14.9 -0.116456
14.91 -0.118103
14.92 -0.119649
14.93 -0.121085
14.94 -0.122407
14.95 -0.123608
14.96 -0.124682
14.97 -0.125622
14.98 -0.126424
14.99 -0.127083
15 -0.127595
15.01 -0.127961
15.02 -0.128179
15.03 -0.128251
15.04 -0.12818
15.05 -0.127968
15.06 -0.127622
15.07 -0.127148
15.08 -0.126554
15.09 -0.125849
15.1 -0.125042
15.11 -0.124144
15.12 -0.123164
15.13 -0.122114
15.14 -0.121006
15.15 -0.119851
15.16 -0.118661
15.17 -0.117446
15.18 -0.116219
15.19 -0.114989
15.2 -0.113766
15.21 -0.112561
15.22 -0.111383
15.23 -0.110241
15.24 -0.109145
15.25 -0.108105
15.26 -0.10713
15.27 -0.106231
15.28 -0.105416
15.29 -0.104694
15.3 -0.104073
15.31 -0.103561
15.32 -0.103162
15.33 -0.102882
15.34 -0.102722
15.35 -0.102685
15.36 -0.102772
15.37 -0.102986
15.38 -0.103326
15.39 -0.103791
15.4 -0.104381
15.41 -0.105092
15.42 -0.105921
15.43 -0.106864
15.44 -0.107914
15.45 -0.109064
15.46 -0.110307
15.47 -0.111633
15.48 -0.113032
15.49 -0.114493
15.5 -0.116003
15.51 -0.117547
15.52 -0.119113
15.53 -0.120683
15.54 -0.122245
15.55 -0.123781
15.56 -0.125279
15.57 -0.126723
15.58 -0.1281
15.59 -0.129396
15.6 -0.130603
15.61 -0.131716
15.62 -0.132734
15.63 -0.133651
15.64 -0.134461
15.65 -0.135162
15.66 -0.135746
15.67 -0.136211
15.68 -0.136551
15.69 -0.136761
15.7 -0.136837
15.71 -0.136775
15.72 -0.136571
15.73 -0.136221
15.74 -0.135723
15.75 -0.135076
15.76 -0.134279
15.77 -0.133333
15.78 -0.132238
15.79 -0.130997
15.8 -0.129613
15.81 -0.12809
15.82 -0.126433
15.83 -0.12465
15.84 -0.122747
15.85 -0.120734
15.86 -0.11862
15.87 -0.116414
15.88 -0.114129
15.89 -0.111775
15.9 -0.109364
15.91 -0.106907
15.92 -0.104405
15.93 -0.101856
15.94 -0.0992585
15.95 -0.0966105
15.96 -0.0939104
15.97 -0.0911572
15.98 -0.0883499
15.99 -0.0854882
16 -0.0825724
16.01 -0.0796033
16.02 -0.0765824
16.03 -0.0735121
16.04 -0.0703958
16.05 -0.0672377
16.06 -0.0640427
16.07 -0.0608161
16.08 -0.0575631
16.09 -0.0542889
16.1 -0.0509985
16.11 -0.0476968
16.12 -0.0443889
16.13 -0.0410795
16.14 -0.0377739
16.15 -0.0344769
16.16 -0.0311939
16.17 -0.0279301
16.18 -0.0246907
16.19 -0.021481
16.2 -0.0183063
16.21 -0.0151717
16.22 -0.0120818
16.23 -0.00904094
16.24 -0.00605258
16.25 -0.00311952
16.26 -0.00024364
16.27 0.00257392
16.28 0.00533251
16.29 0.00803175
16.3 0.0106715
16.31 0.0132517
16.32 0.0157726
16.33 0.0182345
16.34 0.0206379
16.35 0.0229832
16.36 0.0252711
16.37 0.0275023
16.38 0.0296774
16.39 0.0317971
16.4 0.0338624
16.41 0.0358742
16.42 0.0378334
16.43 0.0397408
16.44 0.0415972
16.45 0.0434032
16.46 0.0451595
16.47 0.0468667
16.48 0.0485255
16.49 0.0501364
16.5 0.0517001
16.51 0.0532169
16.52 0.0546875
16.53 0.0561124
16.54 0.0574921
16.55 0.0588272
16.56 0.0601183
16.57 0.0613655
16.58 0.0625692
16.59 0.0637295
16.6 0.0648463
16.61 0.0659191
16.62 0.0669476
16.63 0.0679306
16.64 0.0688671
16.65 0.0697553
16.66 0.0705934
16.67 0.071379
16.68 0.0721094
16.69 0.0727816
16.7 0.0733923
16.71 0.0739382
16.72 0.0744164
16.73 0.0748244
16.74 0.0751603
16.75 0.0754226
16.76 0.0756103
16.77 0.0757227
16.78 0.0757591
16.79 0.0757191
16.8 0.0756031
16.81 0.0754119
16.82 0.0751468
16.83 0.07481
16.84 0.0744037
16.85 0.073931
16.86 0.0733951
16.87 0.0727995
16.88 0.0721481
16.89 0.0714446
16.9 0.070693
16.91 0.0698975
16.92 0.0690622
16.93 0.0681916
16.94 0.0672904
16.95 0.0663636
16.96 0.0654163
16.97 0.0644538
16.98 0.0634816
16.99 0.0625052
17 0.0615303
17.01 0.0605625
17.02 0.0596075
17.03 0.0586707
17.04 0.0577572
17.05 0.056872
17.06 0.0560198
17.07 0.0552053
17.08 0.0544328
17.09 0.0537064
17.1 0.0530298
17.11 0.0524063
17.12 0.051839
17.13 0.0513305
17.14 0.0508831
17.15 0.0504987
17.16 0.0501789
17.17 0.0499246
17.18 0.0497367
17.19 0.0496152
17.2 0.0495602
17.21 0.0495711
17.22 0.0496472
17.23 0.0497872
17.24 0.0499895
17.25 0.0502518
17.26 0.0505719
17.27 0.0509466
17.28 0.0513726
17.29 0.0518462
17.3 0.0523632
17.31 0.0529194
17.32 0.0535102
17.33 0.0541309
17.34 0.0547766
17.35 0.055442
17.36 0.0561217
17.37 0.0568096
17.38 0.0574996
17.39 0.0581848
17.4 0.0588583
17.41 0.0595126
17.42 0.0601401
17.43 0.0607332
17.44 0.0612845
17.45 0.0617875
17.46 0.0622365
17.47 0.0626266
17.48 0.0629539
17.49 0.0632151
17.5 0.0634077
17.51 0.0635296
17.52 0.063579
17.53 0.0635546
17.54 0.0634553
17.55 0.0632808
17.56 0.0630313
17.57 0.0627078
17.58 0.0623118
17.59 0.0618456
17.6 0.0613123
17.61 0.0607158
17.62 0.0600609
17.63 0.0593531
17.64 0.0585984
17.65 0.0578036
17.66 0.0569761
17.67 0.0561235
17.68 0.0552537
17.69 0.054375
17.7 0.0534954
17.71 0.052623
17.72 0.0517651
17.73 0.0509288
17.74 0.0501206
17.75 0.0493467
17.76 0.0486133
17.77 0.0479265
17.78 0.0472913
17.79 0.0467108
17.8 0.0461877
17.81 0.0457249
17.82 0.0453257
17.83 0.044993
17.84 0.04473
17.85 0.0445394
17.86 0.0444243
17.87 0.0443874
17.88 0.0444311
17.89 0.0445574
17.9 0.0447668
17.91 0.0450594
17.92 0.0454337
17.93 0.0458879
17.94 0.0464192
17.95 0.0470243
17.96 0.0476995
17.97 0.0484402
17.98 0.0492414
17.99 0.0500978
18 0.0510036
18.01 0.0519527
18.02 0.0529389
18.03 0.0539556
18.04 0.0549963
18.05 0.0560545
18.06 0.0571236
18.07 0.0581971
18.08 0.0592684
18.09 0.0603309
18.1 0.0613783
18.11 0.062404
18.12 0.0634021
18.13 0.0643665
18.14 0.0652916
18.15 0.0661723
18.16 0.067004
18.17 0.0677824
18.18 0.068504
18.19 0.0691657
18.2 0.0697648
18.21 0.0702995
18.22 0.0707682
18.23 0.0711698
18.24 0.0715033
18.25 0.0717683
18.26 0.0719646
18.27 0.0720923
18.28 0.0721523
18.29 0.0721458
18.3 0.0720745
18.31 0.0719405
18.32 0.0717461
18.33 0.0714942
18.34 0.0711878
18.35 0.0708302
18.36 0.0704249
18.37 0.0699754
18.38 0.0694855
18.39 0.068959
18.4 0.0684002
18.41 0.0678134
18.42 0.0672034
18.43 0.0665753
18.44 0.0659344
18.45 0.0652864
18.46 0.0646372
18.47 0.0639928
18.48 0.0633594
18.49 0.062743
18.5 0.0621495
18.51 0.0615845
18.52 0.0610531
18.53 0.06056
18.54 0.0601094
18.55 0.0597049
18.56 0.0593496
18.57 0.0590463
18.58 0.0587969
18.59 0.0586033
18.6 0.058467
18.61 0.0583891
18.62 0.0583703
18.63 0.0584112
18.64 0.0585118
18.65 0.0586717
18.66 0.0588902
18.67 0.0591658
18.68 0.0594962
18.69 0.0598782
18.7 0.0603072
18.71 0.0607779
18.72 0.0612836
18.73 0.0618168
18.74 0.0623696
18.75 0.0629337
18.76 0.0635014
18.77 0.0640645
18.78 0.0646155
18.79 0.0651465
18.8 0.0656501
18.81 0.0661189
18.82 0.0665458
18.83 0.0669237
18.84 0.067246
18.85 0.0675064
18.86 0.0676988
18.87 0.0678177
18.88 0.067858
18.89 0.0678154
18.9 0.0676864
18.91 0.0674683
18.92 0.0671597
18.93 0.0667603
18.94 0.0662712
18.95 0.0656941
18.96 0.0650315
18.97 0.0642862
18.98 0.0634616
18.99 0.0625614
19 0.0615891
19.01 0.0605485
19.02 0.0594434
19.03 0.0582776
19.04 0.0570554
19.05 0.0557812
19.06 0.0544603
19.07 0.0530982
19.08 0.0517014
19.09 0.0502766
19.1 0.0488309
19.11 0.0473716
19.12 0.0459059
19.13 0.0444406
19.14 0.0429802
19.15 0.0415243
19.16 0.0400707
19.17 0.0386176
19.18 0.0371639
19.19 0.0357093
19.2 0.0342542
19.21 0.0328001
19.22 0.0313486
19.23 0.0299022
19.24 0.0284635
19.25 0.0270349
19.26 0.0256183
19.27 0.024215
19.28 0.0228254
19.29 0.0214498
19.3 0.0200887
19.31 0.0187427
19.32 0.0174128
19.33 0.0161001
19.34 0.0148065
19.35 0.0135342
19.36 0.0122857
19.37 0.0110641
19.38 0.00987224
19.39 0.00871313
19.4 0.00758952
19.41 0.00650421
19.42 0.00546001
19.43 0.00445972
19.44 0.00350609
19.45 0.00260185
19.46 0.00174971
19.47 0.000952324
19.48 0.000212295
19.49 -0.000467819
19.5 -0.00108565
19.51 -0.00163908
19.52 -0.00212615
19.53 -0.00254508
19.54 -0.00289435
19.55 -0.00317289
19.56 -0.00338018
19.57 -0.00351609
19.58 -0.00358075
19.59 -0.00357438
19.6 -0.00349748
19.61 -0.00335101
19.62 -0.00313651
19.63 -0.00285595
19.64 -0.00251173
19.65 -0.00210666
19.66 -0.00164396
19.67 -0.00112726
19.68 -0.000560568
19.69 5.17274e-05
19.7 0.000704831
19.71 0.00139362
19.72 0.00211274
19.73 0.00285662
19.74 0.00361965
19.75 0.00439626
19.76 0.00518112
19.77 0.00596916
19.78 0.00675545
19.79 0.00753522
19.8 0.00830378
19.81 0.00905655
19.82 0.009789
19.83 0.0104967
19.84 0.0111751
19.85 0.0118201
19.86 0.0124271
19.87 0.0129921
19.88 0.013511
19.89 0.0139802
19.9 0.0143963
19.91 0.0147566
19.92 0.0150587
19.93 0.0153011
19.94 0.0154825
19.95 0.015602
19.96 0.0156591
19.97 0.0156534
19.98 0.0155848
19.99 0.0154532
20 0.0152589
20.01 0.0150024
20.02 0.0146845
20.03 0.0143064
20.04 0.0138703
20.05 0.013379
20.06 0.0128362
20.07 0.0122464
20.08 0.0116148
20.09 0.0109472
20.1 0.0102501
20.11 0.00953051
20.12 0.00879564
20.13 0.00805263
20.14 0.00730857
20.15 0.00657049
20.16 0.00584529
20.17 0.00513963
20.18 0.00445976
20.19 0.00381152
20.2 0.00320022
20.21 0.0026306
20.22 0.0021069
20.23 0.00163298
20.24 0.00121245
20.25 0.000848549
20.26 0.00054403
20.27 0.000301109
20.28 0.000121415
20.29 5.96896e-06
20.3 -4.48169e-05
20.31 -3.11427e-05
20.32 4.62334e-05
20.33 0.000186034
20.34 0.000386524
20.35 0.000645619
20.36 0.000960978
20.37 0.00133014
20.38 0.00175066
20.39 0.00222019
20.4 0.00273649
20.41 0.00329741
20.42 0.0039009
20.43 0.00454487
20.44 0.00522716
20.45 0.0059454
20.46 0.00669696
20.47 0.00747898
20.48 0.0082885
20.49 0.00912249
20.5 0.00997783
20.51 0.0108513
20.52 0.0117397
20.53 0.0126398
20.54 0.0135482
20.55 0.0144616
20.56 0.0153767
20.57 0.01629
20.58 0.0171978
20.59 0.0180957
20.6 0.0189794
20.61 0.0198439
20.62 0.0206841
20.63 0.0214948
20.64 0.022271
20.65 0.023008
20.66 0.0237012
20.67 0.0243464
20.68 0.024941
20.69 0.0254852
20.7 0.0259795
20.71 0.0264246
20.72 0.0268208
20.73 0.027169
20.74 0.0274695
20.75 0.027723
20.76 0.0279301
20.77 0.0280913
20.78 0.0282074
20.79 0.0282793
20.8 0.0283084
20.81 0.0282962
20.82 0.0282449
20.83 0.0281572
20.84 0.0280364
20.85 0.0278857
20.86 0.0277085
20.87 0.0275077
20.88 0.0272865
20.89 0.0270476
20.9 0.0267933
20.91 0.0265261
20.92 0.0262482
20.93 0.0259621
20.94 0.02567
20.95 0.0253742
20.96 0.0250768
20.97 0.0247798
20.98 0.0244845
20.99 0.0241923
21 0.0239038
21.01 0.0236194
21.02 0.0233389
21.03 0.0230619
21.04 0.0227875
21.05 0.0225149
21.06 0.0222432
21.07 0.0219718
21.08 0.0216998
21.09 0.0214265
21.1 0.0211512
21.11 0.0208732
21.12 0.0205925
21.13 0.0203091
21.14 0.0200236
21.15 0.0197365
21.16 0.0194488
21.17 0.0191612
21.18 0.0188747
21.19 0.0185902
21.2 0.0183085
21.21 0.0180305
21.22 0.0177568
21.23 0.0174884
21.24 0.017226
21.25 0.0169705
21.26 0.0167227
21.27 0.0164837
21.28 0.0162549
21.29 0.0160376
21.3 0.0158332
21.31 0.0156433
21.32 0.0154691
21.33 0.0153119
21.34 0.0151723
21.35 0.0150509
21.36 0.014948
21.37 0.0148633
21.38 0.0147964
21.39 0.0147464
21.4 0.0147121
21.41 0.014692
21.42 0.0146842
21.43 0.014687
21.44 0.0146983
21.45 0.0147163
21.46 0.0147391
21.47 0.0147652
21.48 0.014793
21.49 0.0148211
21.5 0.0148479
21.51 0.0148719
21.52 0.0148918
21.53 0.0149061
21.54 0.0149135
21.55 0.014913
21.56 0.0149034
21.57 0.0148834
21.58 0.0148519
21.59 0.0148074
21.6 0.0147486
21.61 0.0146742
21.62 0.0145827
21.63 0.0144734
21.64 0.0143456
21.65 0.0141992
21.66 0.0140344
21.67 0.0138521
21.68 0.0136532
21.69 0.013439
21.7 0.0132107
21.71 0.0129697
21.72 0.0127175
21.73 0.0124556
21.74 0.0121858
21.75 0.0119099
21.76 0.0116302
21.77 0.0113491
21.78 0.0110693
21.79 0.0107935
21.8 0.0105245
21.81 0.0102649
21.82 0.0100168
21.83 0.00978221
21.84 0.00956258
21.85 0.00935902
21.86 0.00917228
21.87 0.00900283
21.88 0.00885081
21.89 0.00871607
21.9 0.00859835
21.91 0.00849732
21.92 0.00841265
21.93 0.00834407
21.94 0.00829144
21.95 0.00825466
21.96 0.00823356
21.97 0.00822769
21.98 0.00823631
21.99 0.00825823
22 0.0082918
22.01 0.00833493
22.02 0.00838516
22.03 0.00843984
22.04 0.00849644
22.05 0.00855273
22.06 0.00860714
22.07 0.00865882
22.08 0.00870748
22.09 0.0087532
22.1 0.00879628
22.11 0.00883721
22.12 0.00887665
22.13 0.00891534
22.14 0.00895396
22.15 0.00899311
22.16 0.00903319
22.17 0.00907442
22.18 0.00911691
22.19 0.00916063
22.2 0.00920557
22.21 0.00925178
22.22 0.00929952
22.23 0.00934922
22.24 0.00940145
22.25 0.0094569
22.26 0.00951628
22.27 0.00958028
22.28 0.0096495
22.29 0.00972436
22.3 0.00980498
22.31 0.00989107
22.32 0.00998196
22.33 0.0100766
22.34 0.0101738
22.35 0.0102722
22.36 0.0103702
22.37 0.0104663
22.38 0.0105593
22.39 0.0106479
22.4 0.0107311
22.41 0.010808
22.42 0.0108782
22.43 0.0109411
22.44 0.0109968
22.45 0.011045
22.46 0.0110861
22.47 0.0111206
22.48 0.0111492
22.49 0.011173
22.5 0.0111934
22.51 0.011212
22.52 0.0112307
22.53 0.0112514
22.54 0.0112765
22.55 0.011308
22.56 0.0113481
22.57 0.0113989
22.58 0.0114627
22.59 0.0115415
22.6 0.0116372
22.61 0.0117518
22.62 0.011887
22.63 0.0120441
22.64 0.0122243
22.65 0.0124285
22.66 0.0126569
22.67 0.0129095
22.68 0.0131856
22.69 0.0134844
22.7 0.0138047
22.71 0.0141453
22.72 0.0145051
22.73 0.014883
22.74 0.0152777
22.75 0.015688
22.76 0.0161126
22.77 0.0165498
22.78 0.0169978
22.79 0.0174549
22.8 0.017919
22.81 0.018388
22.82 0.0188598
22.83 0.0193324
22.84 0.0198036
22.85 0.0202712
22.86 0.020733
22.87 0.0211867
22.88 0.02163
22.89 0.0220607
22.9 0.0224764
22.91 0.0228746
22.92 0.0232527
22.93 0.0236083
22.94 0.0239386
22.95 0.024241
22.96 0.0245128
22.97 0.0247516
22.98 0.024955
22.99 0.025121
23 0.0252483
23.01 0.0253365
23.02 0.0253854
23.03 0.0253956
23.04 0.0253679
23.05 0.0253038
23.06 0.0252048
23.07 0.0250725
23.08 0.0249086
23.09 0.0247145
23.1 0.0244916
23.11 0.0242412
23.12 0.0239649
23.13 0.0236644
23.14 0.0233414
23.15 0.0229979
23.16 0.0226362
23.17 0.0222584
23.18 0.0218669
23.19 0.0214642
23.2 0.021053
23.21 0.0206361
23.22 0.0202162
23.23 0.0197959
23.24 0.0193781
23.25 0.0189652
23.26 0.0185599
23.27 0.0181646
23.28 0.0177818
23.29 0.0174141
23.3 0.0170638
23.31 0.0167336
23.32 0.0164257
23.33 0.0161424
23.34 0.0158856
23.35 0.015657
23.36 0.0154582
23.37 0.01529
23.38 0.0151534
23.39 0.0150487
23.4 0.0149757
23.41 0.014934
23.42 0.0149225
23.43 0.01494
23.44 0.0149848
23.45 0.0150548
23.46 0.0151477
23.47 0.0152614
23.48 0.0153935
23.49 0.0155421
23.5 0.0157054
23.51 0.0158815
23.52 0.0160687
23.53 0.0162653
23.54 0.0164695
23.55 0.0166795
23.56 0.0168937
23.57 0.0171104
23.58 0.0173281
23.59 0.0175453
23.6 0.0177607
23.61 0.0179728
23.62 0.0181807
23.63 0.0183831
23.64 0.0185791
23.65 0.018768
23.66 0.018949
23.67 0.0191214
23.68 0.0192846
23.69 0.0194377
23.7 0.0195797
23.71 0.0197098
23.72 0.0198268
23.73 0.0199296
23.74 0.0200169
23.75 0.0200874
23.76 0.0201394
23.77 0.0201713
23.78 0.020181
23.79 0.0201662
23.8 0.0201247
23.81 0.0200542
23.82 0.0199527
23.83 0.0198185
23.84 0.01965
23.85 0.0194462
23.86 0.0192059
23.87 0.0189287
23.88 0.018614
23.89 0.0182617
23.9 0.0178718
23.91 0.0174442
23.92 0.0169792
23.93 0.0164768
23.94 0.0159377
23.95 0.0153626
23.96 0.0147527
23.97 0.0141098
23.98 0.013436
23.99 0.0127344
24 0.0120084
24.01 0.0112623
24.02 0.0105007
24.03 0.00972854
24.04 0.00895148
24.05 0.00817563
24.06 0.0074077
24.07 0.00665489
24.08 0.00592454
24.09 0.00522386
24.1 0.00455978
24.11 0.00393879
24.12 0.00336677
24.13 0.00284884
24.14 0.00238924
24.15 0.00199126
24.16 0.00165724
24.17 0.00138872
24.18 0.00118668
24.19 0.00105159
24.2 0.000983436
24.21 0.000981699
24.22 0.00104534
24.23 0.0011728
24.24 0.00136206
24.25 0.00161068
24.26 0.00191575
24.27 0.00227392
24.28 0.00268136
24.29 0.00313377
24.3 0.00362634
24.31 0.00415383
24.32 0.00471081
24.33 0.00529192
24.34 0.00589209
24.35 0.00650674
24.36 0.00713176
24.37 0.00776336
24.38 0.00839799
24.39 0.00903234
24.4 0.00966324
24.41 0.0102876
24.42 0.0109024
24.43 0.0115044
24.44 0.0120904
24.45 0.0126573
24.46 0.0132019
24.47 0.0137213
24.48 0.0142129
24.49 0.0146743
24.5 0.0151034
24.51 0.0154983
24.52 0.0158574
24.53 0.0161792
24.54 0.0164624
24.55 0.0167057
24.56 0.0169082
24.57 0.017069
24.58 0.017187
24.59 0.0172617
24.6 0.0172925
24.61 0.0172791
24.62 0.0172216
24.63 0.0171202
24.64 0.0169757
24.65 0.016789
24.66 0.0165616
24.67 0.0162955
24.68 0.015993
24.69 0.0156571
24.7 0.015291
24.71 0.0148981
24.72 0.0144823
24.73 0.0140474
24.74 0.0135974
24.75 0.0131365
24.76 0.0126688
24.77 0.0121988
24.78 0.0117307
24.79 0.0112684
24.8 0.0108157
24.81 0.0103761
24.82 0.0099531
24.83 0.00954946
24.84 0.00916783
24.85 0.00881056
24.86 0.00847971
24.87 0.00817709
24.88 0.00790418
24.89 0.00766209
24.9 0.00745149
24.91 0.00727263
24.92 0.00712538
24.93 0.00700928
24.94 0.00692357
24.95 0.00686728
24.96 0.00683923
24.97 0.00683805
24.98 0.00686223
24.99 0.00691017
25 0.00698032
