0.01 3.16891e-09
0.02 1.52493e-08
0.03 3.75975e-08
0.04 6.7785e-08
0.05 1.03408e-07
0.06 1.42118e-07
0.07 1.81647e-07
0.08 2.19811e-07
0.09 2.54503e-07
0.1 2.83695e-07
0.11 3.05471e-07
0.12 3.18034e-07
0.13 3.19669e-07
0.14 3.08698e-07
0.15 2.83472e-07
0.16 2.4243e-07
0.17 1.84157e-07
0.18 1.07398e-07
0.19 1.10705e-08
0.2 -1.05715e-07
0.21 -2.4365e-07
0.22 -4.03219e-07
0.23 -5.84704e-07
0.24 -7.88209e-07
0.25 -1.01368e-06
0.26 -1.261e-06
0.27 -1.52998e-06
0.28 -1.82025e-06
0.29 -2.13103e-06
0.3 -2.46101e-06
0.31 -2.8083e-06
0.32 -3.1704e-06
0.33 -3.54404e-06
0.34 -3.92508e-06
0.35 -4.30879e-06
0.36 -4.69011e-06
0.37 -5.06381e-06
0.38 -5.42506e-06
0.39 -5.77023e-06
0.4 -6.09753e-06
0.41 -6.40728e-06
0.42 -6.70146e-06
0.43 -6.98315e-06
0.44 -7.2565e-06
0.45 -7.52666e-06
0.46 -7.79921e-06
0.47 -8.07977e-06
0.48 -8.37334e-06
0.49 -8.68411e-06
0.5 -9.01532e-06
0.51 -9.36944e-06
0.52 -9.74851e-06
0.53 -1.01537e-05
0.54 -1.05853e-05
0.55 -1.10438e-05
0.56 -1.15286e-05
0.57 -1.20386e-05
0.58 -1.25728e-05
0.59 -1.313e-05
0.6 -1.37088e-05
0.61 -1.43075e-05
0.62 -1.49242e-05
0.63 -1.5557e-05
0.64 -1.62038e-05
0.65 -1.68625e-05
0.66 -1.75312e-05
0.67 -1.82081e-05
0.68 -1.8892e-05
0.69 -1.95816e-05
0.7 -2.02759e-05
0.71 -2.09737e-05
0.72 -2.16728e-05
0.73 -2.23698e-05
0.74 -2.30594e-05
0.75 -2.37336e-05
0.76 -2.43816e-05
0.77 -2.499e-05
0.78 -2.55445e-05
0.79 -2.60317e-05
0.8 -2.64408e-05
0.81 -2.67644e-05
0.82 -2.69978e-05
0.83 -2.71387e-05
0.84 -2.71867e-05
0.85 -2.71457e-05
0.86 -2.70224e-05
0.87 -2.68227e-05
0.88 -2.65481e-05
0.89 -2.61948e-05
0.9 -2.57558e-05
0.91 -2.52232e-05
0.92 -2.45889e-05
0.93 -2.38471e-05
0.94 -2.29967e-05
0.95 -2.20426e-05
0.96 -2.09965e-05
0.97 -1.98759e-05
0.98 -1.86989e-05
0.99 -1.74794e-05
1 -1.62252e-05
1.01 -1.49382e-05
1.02 -1.36146e-05
1.03 -1.22459e-05
1.04 -1.08217e-05
1.05 -9.3314e-06
1.06 -7.76795e-06
1.07 -6.12933e-06
1.08 -4.41716e-06
1.09 -2.63389e-06
1.1 -7.81947e-07
1.11 1.13485e-06
1.12 3.11255e-06
1.13 5.14881e-06
1.14 7.24238e-06
1.15 9.39169e-06
1.16 1.15931e-05
1.17 1.38383e-05
1.18 1.61122e-05
1.19 1.83945e-05
1.2 2.06637e-05
1.21 2.2895e-05
1.22 2.50597e-05
1.23 2.71276e-05
1.24 2.90732e-05
1.25 3.08831e-05
1.26 3.2561e-05
1.27 3.41224e-05
1.28 3.55855e-05
1.29 3.6968e-05
1.3 3.82863e-05
1.31 3.95508e-05
1.32 4.07631e-05
1.33 4.19186e-05
1.34 4.30123e-05
1.35 4.4042e-05
1.36 4.50084e-05
1.37 4.59155e-05
1.38 4.67696e-05
1.39 4.75781e-05
1.4 4.83474e-05
1.41 4.90799e-05
1.42 4.97701e-05
1.43 5.04003e-05
1.44 5.09374e-05
1.45 5.13301e-05
1.46 5.15118e-05
1.47 5.14064e-05
1.48 5.09361e-05
1.49 5.00226e-05
1.5 4.85909e-05
1.51 4.6574e-05
1.52 4.39158e-05
1.53 4.05781e-05
1.54 3.65484e-05
1.55 3.18481e-05
1.56 2.65342e-05
1.57 2.06897e-05
1.58 1.44149e-05
1.59 7.82002e-06
1.6 1.01241e-06
1.61 -5.91036e-06
1.62 -1.28582e-05
1.63 -1.97497e-05
1.64 -2.65121e-05
1.65 -3.30814e-05
1.66 -3.94043e-05
1.67 -4.54408e-05
1.68 -5.11621e-05
1.69 -5.65447e-05
1.7 -6.15668e-05
1.71 -6.62087e-05
1.72 -7.04519e-05
1.73 -7.42774e-05
1.74 -7.76617e-05
1.75 -8.05735e-05
1.76 -8.29785e-05
1.77 -8.48462e-05
1.78 -8.61462e-05
1.79 -8.68428e-05
1.8 -8.68975e-05
1.81 -8.6274e-05
1.82 -8.49384e-05
1.83 -8.28614e-05
1.84 -8.00285e-05
1.85 -7.64453e-05
1.86 -7.21332e-05
1.87 -6.71192e-05
1.88 -6.14303e-05
1.89 -5.50923e-05
1.9 -4.81293e-05
1.91 -4.05644e-05
1.92 -3.24186e-05
1.93 -2.37137e-05
1.94 -1.44847e-05
1.95 -4.79605e-06
1.96 5.25799e-06
1.97 1.55591e-05
1.98 2.597e-05
1.99 3.6346e-05
2 4.6557e-05
2.01 5.65054e-05
2.02 6.61288e-05
2.03 7.53972e-05
2.04 8.43102e-05
2.05 9.28869e-05
2.06 0.000101155
2.07 0.000109143
2.08 0.000116861
2.09 0.000124291
2.1 0.000131386
2.11 0.000138072
2.12 0.000144245
2.13 0.000149771
2.14 0.000154492
2.15 0.000158245
2.16 0.000160859
2.17 0.00016217
2.18 0.000162017
2.19 0.000160239
2.2 0.000156669
2.21 0.000151136
2.22 0.000143485
2.23 0.000133575
2.24 0.00012129
2.25 0.000106536
2.26 8.92398e-05
2.27 6.93815e-05
2.28 4.69976e-05
2.29 2.21685e-05
2.3 -4.98529e-06
2.31 -3.43039e-05
2.32 -6.55821e-05
2.33 -9.85585e-05
2.34 -0.000132911
2.35 -0.000168266
2.36 -0.000204205
2.37 -0.000240282
2.38 -0.000276031
2.39 -0.00031097
2.4 -0.000344619
2.41 -0.000376545
2.42 -0.00040638
2.43 -0.000433809
2.44 -0.000458546
2.45 -0.000480338
2.46 -0.000498961
2.47 -0.000514235
2.48 -0.000526027
2.49 -0.000534235
2.5 -0.000538771
2.51 -0.000539551
2.52 -0.000536491
2.53 -0.000529523
2.54 -0.000518598
2.55 -0.000503681
2.56 -0.000484758
2.57 -0.000461865
2.58 -0.000435103
2.59 -0.000404647
2.6 -0.000370737
2.61 -0.000333661
2.62 -0.000293733
2.63 -0.00025127
2.64 -0.000206583
2.65 -0.000159972
2.66 -0.000111723
2.67 -6.21162e-05
2.68 -1.14282e-05
2.69 4.00491e-05
2.7 9.20087e-05
2.71 0.00014414
2.72 0.000196132
2.73 0.000247677
2.74 0.000298486
2.75 0.000348303
2.76 0.000396884
2.77 0.000443996
2.78 0.000489443
2.79 0.00053308
2.8 0.000574804
2.81 0.000614555
2.82 0.000652279
2.83 0.000687902
2.84 0.000721325
2.85 0.000752417
2.86 0.00078103
2.87 0.000806988
2.88 0.00083007
2.89 0.000850026
2.9 0.000866597
2.91 0.000879528
2.92 0.000888566
2.93 0.000893467
2.94 0.000894016
2.95 0.000890025
2.96 0.000881348
2.97 0.000867909
2.98 0.000849713
2.99 0.000826831
3 0.000799393
3.01 0.000767571
3.02 0.000731559
3.03 0.000691553
3.04 0.000647745
3.05 0.000600314
3.06 0.000549416
3.07 0.000495182
3.08 0.000437716
3.09 0.000377117
3.1 0.000313508
3.11 0.000247063
3.12 0.000178021
3.13 0.000106705
3.14 3.35041e-05
3.15 -4.11592e-05
3.16 -0.000116838
3.17 -0.000193063
3.18 -0.000269344
3.19 -0.000345197
3.2 -0.000420158
3.21 -0.000493783
3.22 -0.000565605
3.23 -0.000635132
3.24 -0.000701847
3.25 -0.000765215
3.26 -0.000824703
3.27 -0.000879764
3.28 -0.000929823
3.29 -0.000974316
3.3 -0.00101272
3.31 -0.00104455
3.32 -0.00106934
3.33 -0.00108671
3.34 -0.00109639
3.35 -0.0010983
3.36 -0.00109248
3.37 -0.00107916
3.38 -0.0010587
3.39 -0.00103159
3.4 -0.000998447
3.41 -0.000959976
3.42 -0.000916954
3.43 -0.000870174
3.44 -0.00082043
3.45 -0.000768505
3.46 -0.000715153
3.47 -0.000661058
3.48 -0.000606782
3.49 -0.000552744
3.5 -0.000499227
3.51 -0.000446389
3.52 -0.000394274
3.53 -0.000342828
3.54 -0.000291932
3.55 -0.000241456
3.56 -0.000191316
3.57 -0.000141486
3.58 -9.19462e-05
3.59 -4.26835e-05
3.6 6.27892e-06
3.61 5.4857e-05
3.62 0.000102916
3.63 0.000150275
3.64 0.0001967
3.65 0.000241908
3.66 0.000285572
3.67 0.000327303
3.68 0.000366657
3.69 0.000403156
3.7 0.000436345
3.71 0.000465808
3.72 0.000491148
3.73 0.000512016
3.74 0.000528141
3.75 0.000539311
3.76 0.000545371
3.77 0.000546226
3.78 0.00054185
3.79 0.000532272
3.8 0.000517585
3.81 0.00049797
3.82 0.000473685
3.83 0.000445034
3.84 0.000412365
3.85 0.000376062
3.86 0.000336494
3.87 0.000293964
3.88 0.00024869
3.89 0.000200785
3.9 0.00015026
3.91 9.70243e-05
3.92 4.08868e-05
3.93 -1.84075e-05
3.94 -8.11325e-05
3.95 -0.000147552
3.96 -0.0002179
3.97 -0.000292334
3.98 -0.000370881
3.99 -0.000453402
4 -0.00053959
4.01 -0.000628981
4.02 -0.000720966
4.03 -0.000814808
4.04 -0.00090965
4.05 -0.00100452
4.06 -0.00109833
4.07 -0.00118989
4.08 -0.00127788
4.09 -0.00136089
4.1 -0.00143746
4.11 -0.0015061
4.12 -0.0015655
4.13 -0.00161451
4.14 -0.00165224
4.15 -0.00167813
4.16 -0.00169196
4.17 -0.00169391
4.18 -0.00168448
4.19 -0.00166444
4.2 -0.00163478
4.21 -0.00159671
4.22 -0.00155148
4.23 -0.00150034
4.24 -0.00144446
4.25 -0.00138489
4.26 -0.00132268
4.27 -0.00125875
4.28 -0.00119395
4.29 -0.00112895
4.3 -0.00106431
4.31 -0.00100039
4.32 -0.000937485
4.33 -0.00087574
4.34 -0.000815184
4.35 -0.000755688
4.36 -0.000696977
4.37 -0.000638645
4.38 -0.000580195
4.39 -0.000521071
4.4 -0.000460681
4.41 -0.000398391
4.42 -0.000333549
4.43 -0.000265524
4.44 -0.00019373
4.45 -0.000117668
4.46 -3.7003e-05
4.47 4.83842e-05
4.48 0.000138397
4.49 0.000232779
4.5 0.000331191
4.51 0.000433243
4.52 0.00053845
4.53 0.000646197
4.54 0.000755753
4.55 0.000866291
4.56 0.000976905
4.57 0.00108662
4.58 0.00119441
4.59 0.0012992
4.6 0.0013999
4.61 0.00149545
4.62 0.00158486
4.63 0.00166723
4.64 0.00174178
4.65 0.0018078
4.66 0.00186475
4.67 0.00191225
4.68 0.00195013
4.69 0.00197841
4.7 0.0019972
4.71 0.00200667
4.72 0.00200702
4.73 0.00199848
4.74 0.00198129
4.75 0.00195565
4.76 0.0019217
4.77 0.00187956
4.78 0.00182938
4.79 0.00177131
4.8 0.00170556
4.81 0.00163228
4.82 0.00155163
4.83 0.00146379
4.84 0.001369
4.85 0.00126744
4.86 0.00115932
4.87 0.00104491
4.88 0.000924566
4.89 0.000798693
4.9 0.000667733
4.91 0.000532201
4.92 0.000392691
4.93 0.000249859
4.94 0.000104393
4.95 -4.30003e-05
4.96 -0.000191583
4.97 -0.000340568
4.98 -0.000489115
4.99 -0.000636332
5 -0.000781293
5.01 -0.000923085
5.02 -0.00106088
5.03 -0.00119396
5.04 -0.0013218
5.05 -0.00144397
5.06 -0.00156023
5.07 -0.00167053
5.08 -0.00177493
5.09 -0.00187358
5.1 -0.00196672
5.11 -0.00205465
5.12 -0.00213767
5.13 -0.00221604
5.14 -0.00228997
5.15 -0.00235955
5.16 -0.0024247
5.17 -0.00248513
5.18 -0.0025404
5.19 -0.00258995
5.2 -0.00263308
5.21 -0.00266904
5.22 -0.00269701
5.23 -0.00271619
5.24 -0.00272589
5.25 -0.00272544
5.26 -0.00271422
5.27 -0.00269157
5.28 -0.00265687
5.29 -0.00260953
5.3 -0.00254907
5.31 -0.00247513
5.32 -0.00238747
5.33 -0.00228609
5.34 -0.00217125
5.35 -0.0020435
5.36 -0.00190365
5.37 -0.00175286
5.38 -0.00159258
5.39 -0.00142444
5.4 -0.00125015
5.41 -0.00107146
5.42 -0.000890085
5.43 -0.000707688
5.44 -0.000525758
5.45 -0.000345614
5.46 -0.000168398
5.47 4.88447e-06
5.48 0.000173318
5.49 0.000336061
5.5 0.000492387
5.51 0.000641708
5.52 0.00078353
5.53 0.00091741
5.54 0.00104296
5.55 0.00115987
5.56 0.00126791
5.57 0.00136688
5.58 0.0014565
5.59 0.00153648
5.6 0.00160657
5.61 0.00166657
5.62 0.00171636
5.63 0.00175593
5.64 0.00178531
5.65 0.00180461
5.66 0.00181399
5.67 0.00181368
5.68 0.001804
5.69 0.00178538
5.7 0.00175838
5.71 0.00172368
5.72 0.00168207
5.73 0.00163443
5.74 0.00158169
5.75 0.00152479
5.76 0.00146471
5.77 0.00140236
5.78 0.00133855
5.79 0.00127396
5.8 0.00120908
5.81 0.0011442
5.82 0.00107939
5.83 0.00101447
5.84 0.000949058
5.85 0.000882596
5.86 0.000814436
5.87 0.000743851
5.88 0.000670086
5.89 0.000592391
5.9 0.00051007
5.91 0.000422543
5.92 0.000329385
5.93 0.000230327
5.94 0.000125267
5.95 1.43087e-05
5.96 -0.000102182
5.97 -0.000223513
5.98 -0.000348687
5.99 -0.000476459
6 -0.000605365
6.01 -0.000733784
6.02 -0.000860039
6.03 -0.000982439
6.04 -0.0010993
6.05 -0.00120895
6.06 -0.00130985
6.07 -0.00140059
6.08 -0.00148006
6.09 -0.00154734
6.1 -0.00160174
6.11 -0.00164275
6.12 -0.00167004
6.13 -0.0016835
6.14 -0.00168317
6.15 -0.00166914
6.16 -0.0016415
6.17 -0.00160034
6.18 -0.00154556
6.19 -0.00147698
6.2 -0.00139432
6.21 -0.00129735
6.22 -0.00118582
6.23 -0.00105947
6.24 -0.000918149
6.25 -0.00076178
6.26 -0.00059039
6.27 -0.000404086
6.28 -0.000203058
6.29 1.24656e-05
6.3 0.000242226
6.31 0.000485936
6.32 0.000743315
6.33 0.00101407
6.34 0.0012979
6.35 0.00159443
6.36 0.00190322
6.37 0.00222357
6.38 0.00255442
6.39 0.00289437
6.4 0.00324177
6.41 0.00359473
6.42 0.0039513
6.43 0.00430956
6.44 0.00466769
6.45 0.00502404
6.46 0.00537727
6.47 0.00572627
6.48 0.00607001
6.49 0.00640744
6.5 0.00673735
6.51 0.00705822
6.52 0.00736816
6.53 0.00766497
6.54 0.00794608
6.55 0.00820858
6.56 0.00844921
6.57 0.00866455
6.58 0.00885111
6.59 0.00900555
6.6 0.00912483
6.61 0.00920639
6.62 0.00924821
6.63 0.00924883
6.64 0.00920732
6.65 0.0091232
6.66 0.00899623
6.67 0.00882637
6.68 0.00861377
6.69 0.00835874
6.7 0.0080618
6.71 0.00772366
6.72 0.00734525
6.73 0.00692773
6.74 0.00647246
6.75 0.00598114
6.76 0.00545574
6.77 0.00489857
6.78 0.00431223
6.79 0.00369958
6.8 0.00306378
6.81 0.0024081
6.82 0.00173589
6.83 0.00105051
6.84 0.000355242
6.85 -0.000346722
6.86 -0.00105232
6.87 -0.00175862
6.88 -0.00246285
6.89 -0.00316228
6.9 -0.00385414
6.91 -0.00453557
6.92 -0.00520351
6.93 -0.00585473
6.94 -0.00648576
6.95 -0.00709295
6.96 -0.00767261
6.97 -0.00822111
6.98 -0.00873512
6.99 -0.00921177
7 -0.00964867
7.01 -0.010044
7.02 -0.0103965
7.03 -0.0107052
7.04 -0.0109696
7.05 -0.0111891
7.06 -0.011363
7.07 -0.0114907
7.08 -0.0115713
7.09 -0.0116036
7.1 -0.0115867
7.11 -0.0115195
7.12 -0.0114013
7.13 -0.0112316
7.14 -0.0110107
7.15 -0.0107395
7.16 -0.0104195
7.17 -0.0100529
7.18 -0.00964233
7.19 -0.00919073
7.2 -0.00870136
7.21 -0.00817754
7.22 -0.00762258
7.23 -0.0070396
7.24 -0.00643154
7.25 -0.00580111
7.26 -0.00515087
7.27 -0.00448331
7.28 -0.00380102
7.29 -0.0031068
7.3 -0.00240371
7.31 -0.00169513
7.32 -0.000984775
7.33 -0.000276607
7.34 0.000425305
7.35 0.00111695
7.36 0.00179451
7.37 0.0024545
7.38 0.00309392
7.39 0.00371021
7.4 0.00430128
7.41 0.00486541
7.42 0.00540117
7.43 0.00590722
7.44 0.00638217
7.45 0.0068245
7.46 0.00723252
7.47 0.00760436
7.48 0.00793796
7.49 0.00823109
7.5 0.00848138
7.51 0.00868635
7.52 0.00884357
7.53 0.00895074
7.54 0.00900585
7.55 0.00900726
7.56 0.00895366
7.57 0.00884403
7.58 0.00867759
7.59 0.00845389
7.6 0.00817272
7.61 0.00783418
7.62 0.00743888
7.63 0.00698808
7.64 0.00648377
7.65 0.0059286
7.66 0.00532596
7.67 0.00468001
7.68 0.0039957
7.69 0.00327869
7.7 0.00253529
7.71 0.00177228
7.72 0.000996517
7.73 0.000214625
7.74 -0.000567181
7.75 -0.00134323
7.76 -0.00210839
7.77 -0.00285803
7.78 -0.00358789
7.79 -0.00429416
7.8 -0.00497347
7.81 -0.00562284
7.82 -0.00623971
7.83 -0.00682188
7.84 -0.00736754
7.85 -0.00787527
7.86 -0.00834388
7.87 -0.00877248
7.88 -0.00916038
7.89 -0.00950699
7.9 -0.00981173
7.91 -0.0100741
7.92 -0.0102934
7.93 -0.0104692
7.94 -0.0106007
7.95 -0.0106871
7.96 -0.0107279
7.97 -0.0107223
7.98 -0.0106697
7.99 -0.0105696
8 -0.0104217
8.01 -0.0102261
8.02 -0.00998301
8.03 -0.00969328
8.04 -0.00935803
8.05 -0.00897891
8.06 -0.00855807
8.07 -0.00809809
8.08 -0.00760191
8.09 -0.00707268
8.1 -0.00651365
8.11 -0.00592799
8.12 -0.00531863
8.13 -0.00468824
8.14 -0.00403922
8.15 -0.00337374
8.16 -0.00269378
8.17 -0.00200114
8.18 -0.00129757
8.19 -0.000584827
8.2 0.000135257
8.21 0.000860729
8.22 0.00158943
8.23 0.00231903
8.24 0.00304707
8.25 0.00377095
8.26 0.00448789
8.27 0.00519492
8.28 0.00588892
8.29 0.00656659
8.3 0.00722436
8.31 0.00785837
8.32 0.00846437
8.33 0.0090377
8.34 0.00957341
8.35 0.0100664
8.36 0.0105114
8.37 0.0109038
8.38 0.0112392
8.39 0.0115139
8.4 0.0117252
8.41 0.0118713
8.42 0.0119511
8.43 0.0119645
8.44 0.011912
8.45 0.0117947
8.46 0.0116147
8.47 0.0113745
8.48 0.0110774
8.49 0.0107271
8.5 0.0103275
8.51 0.00988286
8.52 0.00939758
8.53 0.00887584
8.54 0.00832159
8.55 0.00773846
8.56 0.00712981
8.57 0.0064988
8.58 0.00584851
8.59 0.00518192
8.6 0.00450205
8.61 0.00381194
8.62 0.00311481
8.63 0.00241413
8.64 0.00171361
8.65 0.00101726
8.66 0.000329352
8.67 -0.000345666
8.68 -0.00100327
8.69 -0.00163897
8.7 -0.00224843
8.71 -0.00282751
8.72 -0.00337229
8.73 -0.00387926
8.74 -0.00434535
8.75 -0.00476791
8.76 -0.00514481
8.77 -0.00547451
8.78 -0.0057561
8.79 -0.00598919
8.8 -0.00617393
8.81 -0.00631101
8.82 -0.00640157
8.83 -0.00644708
8.84 -0.00644916
8.85 -0.00640946
8.86 -0.0063297
8.87 -0.00621159
8.88 -0.00605691
8.89 -0.00586737
8.9 -0.00564457
8.91 -0.00539
8.92 -0.00510507
8.93 -0.00479118
8.94 -0.00444981
8.95 -0.0040826
8.96 -0.00369137
8.97 -0.00327815
8.98 -0.0028451
8.99 -0.00239464
9 -0.00192946
9.01 -0.00145257
9.02 -0.000967304
9.03 -0.000477288
9.04 1.35994e-05
9.05 0.000501414
9.06 0.000982301
9.07 0.0014526
9.08 0.00190888
9.09 0.00234799
9.1 0.00276698
9.11 0.00316308
9.12 0.00353364
9.13 0.0038762
9.14 0.00418847
9.15 0.00446834
9.16 0.00471401
9.17 0.00492413
9.18 0.00509786
9.19 0.005235
9.2 0.00533595
9.21 0.00540183
9.22 0.00543446
9.23 0.0054363
9.24 0.00541025
9.25 0.00535942
9.26 0.00528686
9.27 0.00519538
9.28 0.00508743
9.29 0.00496499
9.3 0.00482962
9.31 0.00468268
9.32 0.00452542
9.33 0.00435907
9.34 0.00418478
9.35 0.00400369
9.36 0.00381692
9.37 0.00362556
9.38 0.00343069
9.39 0.00323333
9.4 0.00303442
9.41 0.00283467
9.42 0.00263454
9.43 0.00243413
9.44 0.00223311
9.45 0.00203071
9.46 0.00182582
9.47 0.00161717
9.48 0.00140345
9.49 0.00118352
9.5 0.000956561
9.51 0.000722152
9.52 0.000480312
9.53 0.000231474
9.54 -2.36324e-05
9.55 -0.000284143
9.56 -0.00054917
9.57 -0.000817905
9.58 -0.00108974
9.59 -0.0013643
9.6 -0.00164143
9.61 -0.00192107
9.62 -0.00220312
9.63 -0.00248735
9.64 -0.00277325
9.65 -0.00305994
9.66 -0.00334622
9.67 -0.00363055
9.68 -0.00391106
9.69 -0.00418565
9.7 -0.00445206
9.71 -0.00470805
9.72 -0.00495149
9.73 -0.00518045
9.74 -0.00539324
9.75 -0.00558855
9.76 -0.00576545
9.77 -0.00592333
9.78 -0.00606192
9.79 -0.00618123
9.8 -0.00628159
9.81 -0.00636363
9.82 -0.00642821
9.83 -0.00647646
9.84 -0.00650967
9.85 -0.00652934
9.86 -0.006537
9.87 -0.00653418
9.88 -0.00652227
9.89 -0.00650256
9.9 -0.00647618
9.91 -0.00644405
9.92 -0.00640674
9.93 -0.00636459
9.94 -0.00631763
9.95 -0.00626565
9.96 -0.00620827
9.97 -0.00614508
9.98 -0.00607583
9.99 -0.00600048
10 -0.00591923
10.01 -0.00583249
10.02 -0.00574098
10.03 -0.00564564
10.04 -0.00554759
10.05 -0.00544793
10.06 -0.00534762
10.07 -0.00524742
10.08 -0.00514786
10.09 -0.00504933
10.1 -0.00495199
10.11 -0.0048559
10.12 -0.00476106
10.13 -0.00466758
10.14 -0.00457571
10.15 -0.00448585
10.16 -0.0043985
10.17 -0.00431422
10.18 -0.0042335
10.19 -0.0041567
10.2 -0.00408398
10.21 -0.00401531
10.22 -0.00395053
10.23 -0.00388944
10.24 -0.00383169
10.25 -0.00377696
10.26 -0.00372495
10.27 -0.00367542
10.28 -0.00362824
10.29 -0.00358327
10.3 -0.00354044
10.31 -0.00349965
10.32 -0.00346072
10.33 -0.00342336
10.34 -0.00338724
10.35 -0.00335203
10.36 -0.00331741
10.37 -0.00328306
10.38 -0.00324864
10.39 -0.00321381
10.4 -0.0031782
10.41 -0.00314136
10.42 -0.00310268
10.43 -0.00306137
10.44 -0.00301644
10.45 -0.00296673
10.46 -0.0029109
10.47 -0.0028476
10.48 -0.00277557
10.49 -0.00269378
10.5 -0.00260151
10.51 -0.00249844
10.52 -0.00238463
10.53 -0.00226045
10.54 -0.0021266
10.55 -0.00198392
10.56 -0.00183337
10.57 -0.001676
10.58 -0.0015129
10.59 -0.00134524
10.6 -0.00117417
10.61 -0.00100088
10.62 -0.000826603
10.63 -0.000652667
10.64 -0.000480473
10.65 -0.000311533
10.66 -0.000147424
10.67 1.02399e-05
10.68 0.000159876
10.69 0.000300028
10.7 0.000429463
10.71 0.000547211
10.72 0.000652516
10.73 0.000744815
10.74 0.000823739
10.75 0.000889064
10.76 0.000940688
10.77 0.000978659
10.78 0.0010032
10.79 0.0010147
10.8 0.00101367
10.81 0.00100072
10.82 0.000976572
10.83 0.000942063
10.84 0.000898113
10.85 0.000845677
10.86 0.000785689
10.87 0.000718995
10.88 0.000646362
10.89 0.000568523
10.9 0.000486167
10.91 0.000399963
10.92 0.000310648
10.93 0.000219114
10.94 0.000126481
10.95 3.41035e-05
10.96 -5.64445e-05
10.97 -0.000143421
10.98 -0.000224979
10.99 -0.000299271
11 -0.000364567
11.01 -0.000419301
11.02 -0.000462095
11.03 -0.000491806
11.04 -0.000507578
11.05 -0.00050881
11.06 -0.000495085
11.07 -0.000466142
11.08 -0.000421904
11.09 -0.000362454
11.1 -0.000287988
11.11 -0.000198754
11.12 -9.50035e-05
11.13 2.30382e-05
11.14 0.000155105
11.15 0.000300851
11.16 0.000459916
11.17 0.000632018
11.18 0.000817006
11.19 0.00101489
11.2 0.00122583
11.21 0.00145011
11.22 0.00168809
11.23 0.00194019
11.24 0.00220661
11.25 0.00248719
11.26 0.00278123
11.27 0.0030875
11.28 0.00340435
11.29 0.00372977
11.3 0.00406163
11.31 0.00439768
11.32 0.00473564
11.33 0.00507336
11.34 0.00540884
11.35 0.00574046
11.36 0.00606698
11.37 0.00638751
11.38 0.00670132
11.39 0.00700775
11.4 0.00730613
11.41 0.00759576
11.42 0.00787575
11.43 0.00814501
11.44 0.00840222
11.45 0.00864596
11.46 0.00887476
11.47 0.00908725
11.48 0.00928228
11.49 0.00945906
11.5 0.00961725
11.51 0.00975701
11.52 0.00987885
11.53 0.00998361
11.54 0.0100723
11.55 0.0101462
11.56 0.0102061
11.57 0.0102531
11.58 0.0102878
11.59 0.0103105
11.6 0.0103217
11.61 0.0103219
11.62 0.0103114
11.63 0.0102909
11.64 0.010261
11.65 0.0102223
11.66 0.0101756
11.67 0.0101215
11.68 0.0100608
11.69 0.00999399
11.7 0.00992167
11.71 0.00984411
11.72 0.00976134
11.73 0.00967314
11.74 0.00957899
11.75 0.00947808
11.76 0.00936924
11.77 0.00925086
11.78 0.00912087
11.79 0.00897685
11.8 0.00881622
11.81 0.00863653
11.82 0.00843567
11.83 0.00821197
11.84 0.0079642
11.85 0.00769157
11.86 0.00739371
11.87 0.00707046
11.88 0.00672184
11.89 0.0063481
11.9 0.00594968
11.91 0.00552723
11.92 0.00508164
11.93 0.00461396
11.94 0.00412545
11.95 0.00361751
11.96 0.00309168
11.97 0.00254966
11.98 0.00199329
11.99 0.00142474
12 0.000846399
12.01 0.000260892
12.02 -0.000328942
12.03 -0.000919972
12.04 -0.00150878
12.05 -0.00209177
12.06 -0.00266521
12.07 -0.0032254
12.08 -0.0037688
12.09 -0.00429215
12.1 -0.00479264
12.11 -0.0052678
12.12 -0.00571559
12.13 -0.00613444
12.14 -0.00652331
12.15 -0.00688163
12.16 -0.00720926
12.17 -0.0075064
12.18 -0.0077734
12.19 -0.00801082
12.2 -0.00821936
12.21 -0.00839984
12.22 -0.00855305
12.23 -0.0086798
12.24 -0.008781
12.25 -0.00885759
12.26 -0.00891047
12.27 -0.00894044
12.28 -0.0089483
12.29 -0.00893478
12.3 -0.00890055
12.31 -0.00884625
12.32 -0.00877237
12.33 -0.00867921
12.34 -0.00856689
12.35 -0.00843545
12.36 -0.00828483
12.37 -0.00811481
12.38 -0.00792503
12.39 -0.00771502
12.4 -0.00748429
12.41 -0.00723235
12.42 -0.00695886
12.43 -0.00666373
12.44 -0.00634704
12.45 -0.00600901
12.46 -0.00565
12.47 -0.00527046
12.48 -0.00487068
12.49 -0.00445065
12.5 -0.00401
12.51 -0.00354797
12.52 -0.00306348
12.53 -0.00255526
12.54 -0.00202201
12.55 -0.00146266
12.56 -0.000876486
12.57 -0.000263175
12.58 0.000377172
12.59 0.00104417
12.6 0.00173723
12.61 0.0024556
12.62 0.00319825
12.63 0.00396378
12.64 0.00475033
12.65 0.00555572
12.66 0.00637747
12.67 0.00721264
12.68 0.00805785
12.69 0.00890922
12.7 0.00976239
12.71 0.0106127
12.72 0.0114553
12.73 0.0122851
12.74 0.0130973
12.75 0.0138869
12.76 0.0146492
12.77 0.0153798
12.78 0.0160744
12.79 0.0167291
12.8 0.0173403
12.81 0.0179045
12.82 0.0184184
12.83 0.0188796
12.84 0.0192871
12.85 0.0196402
12.86 0.0199385
12.87 0.0201813
12.88 0.0203684
12.89 0.0204996
12.9 0.0205754
12.91 0.020596
12.92 0.0205619
12.93 0.0204737
12.94 0.0203323
12.95 0.0201385
12.96 0.0198936
12.97 0.0195985
12.98 0.0192547
12.99 0.0188637
13 0.0184272
13.01 0.0179471
13.02 0.0174259
13.03 0.0168662
13.04 0.0162711
13.05 0.0156438
13.06 0.0149878
13.07 0.0143063
13.08 0.0136025
13.09 0.0128796
13.1 0.0121403
13.11 0.0113874
13.12 0.0106232
13.13 0.00985029
13.14 0.00907118
13.15 0.00828854
13.16 0.00750523
13.17 0.00672438
13.18 0.00594927
13.19 0.00518334
13.2 0.00443008
13.21 0.00369293
13.22 0.00297525
13.23 0.00228022
13.24 0.00161087
13.25 0.000970022
13.26 0.000360251
13.27 -0.00021613
13.28 -0.000757097
13.29 -0.00126093
13.3 -0.00172621
13.31 -0.00215186
13.32 -0.00253723
13.33 -0.00288205
13.34 -0.0031864
13.35 -0.00345061
13.36 -0.00367518
13.37 -0.00386068
13.38 -0.00400771
13.39 -0.00411694
13.4 -0.004189
13.41 -0.00422454
13.42 -0.00422413
13.43 -0.00418827
13.44 -0.00411741
13.45 -0.00401191
13.46 -0.00387206
13.47 -0.00369809
13.48 -0.00349022
13.49 -0.00324872
13.5 -0.00297388
13.51 -0.00266607
13.52 -0.00232576
13.53 -0.0019535
13.54 -0.00154988
13.55 -0.0011155
13.56 -0.000651057
13.57 -0.000157372
13.58 0.000364507
13.59 0.000913194
13.6 0.00148698
13.61 0.00208389
13.62 0.00270177
13.63 0.00333836
13.64 0.0039913
13.65 0.0046581
13.66 0.00533625
13.67 0.00602321
13.68 0.00671638
13.69 0.007413
13.7 0.00811014
13.71 0.00880469
13.72 0.00949345
13.73 0.0101731
13.74 0.01084
13.75 0.0114906
13.76 0.0121209
13.77 0.0127268
13.78 0.0133038
13.79 0.0138474
13.8 0.0143527
13.81 0.0148145
13.82 0.0152274
13.83 0.0155863
13.84 0.0158864
13.85 0.0161241
13.86 0.0162966
13.87 0.0164022
13.88 0.0164397
13.89 0.0164081
13.9 0.0163069
13.91 0.0161357
13.92 0.0158947
13.93 0.0155843
13.94 0.0152053
13.95 0.0147587
13.96 0.0142459
13.97 0.0136686
13.98 0.0130289
13.99 0.0123292
14 0.0115719
14.01 0.0107599
14.02 0.00989607
14.03 0.00898369
14.04 0.00802625
14.05 0.0070275
14.06 0.00599135
14.07 0.00492174
14.08 0.0038226
14.09 0.0026978
14.1 0.00155103
14.11 0.000385794
14.12 -0.000794643
14.13 -0.00198728
14.14 -0.00318942
14.15 -0.00439869
14.16 -0.00561296
14.17 -0.00683028
14.18 -0.00804871
14.19 -0.00926623
14.2 -0.0104808
14.21 -0.0116905
14.22 -0.0128932
14.23 -0.0140871
14.24 -0.0152705
14.25 -0.0164417
14.26 -0.0176015
14.27 -0.0187538
14.28 -0.0199035
14.29 -0.0210544
14.3 -0.0222105
14.31 -0.023375
14.32 -0.0245509
14.33 -0.0257409
14.34 -0.0269471
14.35 -0.0281717
14.36 -0.0294166
14.37 -0.0306843
14.38 -0.0319772
14.39 -0.0332981
14.4 -0.0346495
14.41 -0.0360344
14.42 -0.0374556
14.43 -0.0389155
14.44 -0.0404166
14.45 -0.0419608
14.46 -0.0435493
14.47 -0.0451832
14.48 -0.0468628
14.49 -0.0485885
14.5 -0.0503605
14.51 -0.0521788
14.52 -0.0540438
14.53 -0.0559557
14.54 -0.057915
14.55 -0.0599224
14.56 -0.0619783
14.57 -0.0640835
14.58 -0.0662386
14.59 -0.0684443
14.6 -0.0707009
14.61 -0.0730089
14.62 -0.0753678
14.63 -0.077777
14.64 -0.0802347
14.65 -0.0827385
14.66 -0.0852851
14.67 -0.0878706
14.68 -0.0904906
14.69 -0.093141
14.7 -0.0958181
14.71 -0.0985181
14.72 -0.101237
14.73 -0.103972
14.74 -0.106716
14.75 -0.109463
14.76 -0.112207
14.77 -0.11494
14.78 -0.117657
14.79 -0.12035
14.8 -0.123013
14.81 -0.125639
14.82 -0.128221
14.83 -0.130754
14.84 -0.13323
14.85 -0.135643
14.86 -0.137988
14.87 -0.140258
14.88 -0.142448
14.89 -0.14455
14.9 -0.146559
14.91 -0.148468
14.92 -0.150271
14.93 -0.151962
14.94 -0.153534
14.95 -0.15498
14.96 -0.156295
14.97 -0.157472
14.98 -0.158506
14.99 -0.159392
15 -0.160128
15.01 -0.160712
15.02 -0.161143
15.03 -0.161424
15.04 -0.161556
15.05 -0.161542
15.06 -0.161386
15.07 -0.161095
15.08 -0.160673
15.09 -0.160129
15.1 -0.159469
15.11 -0.158704
15.12 -0.15784
15.13 -0.156887
15.14 -0.155856
15.15 -0.154756
15.16 -0.153597
15.17 -0.152389
15.18 -0.151141
15.19 -0.149862
15.2 -0.148562
15.21 -0.14725
15.22 -0.145933
15.23 -0.144621
15.24 -0.143324
15.25 -0.14205
15.26 -0.14081
15.27 -0.139613
15.28 -0.13847
15.29 -0.13739
15.3 -0.136382
15.31 -0.135454
15.32 -0.134614
15.33 -0.133868
15.34 -0.133221
15.35 -0.132677
15.36 -0.13224
15.37 -0.131916
15.38 -0.131707
15.39 -0.131615
15.4 -0.131644
15.41 -0.131794
15.42 -0.132065
15.43 -0.132456
15.44 -0.132966
15.45 -0.133591
15.46 -0.134328
15.47 -0.13517
15.48 -0.136113
15.49 -0.137148
15.5 -0.138266
15.51 -0.139458
15.52 -0.140712
15.53 -0.142016
15.54 -0.143359
15.55 -0.144728
15.56 -0.14611
15.57 -0.147495
15.58 -0.148869
15.59 -0.15022
15.6 -0.151537
15.61 -0.152809
15.62 -0.154023
15.63 -0.155169
15.64 -0.156237
15.65 -0.157215
15.66 -0.158095
15.67 -0.158866
15.68 -0.159521
15.69 -0.160051
15.7 -0.16045
15.71 -0.16071
15.72 -0.160827
15.73 -0.160794
15.74 -0.160608
15.75 -0.160265
15.76 -0.159761
15.77 -0.159094
15.78 -0.158264
15.79 -0.157269
15.8 -0.15611
15.81 -0.154788
15.82 -0.153306
15.83 -0.151668
15.84 -0.149877
15.85 -0.14794
15.86 -0.145864
15.87 -0.143656
15.88 -0.141324
15.89 -0.138878
15.9 -0.136327
15.91 -0.133681
15.92 -0.130953
15.93 -0.128152
15.94 -0.125291
15.95 -0.122379
15.96 -0.119417
15.97 -0.116404
15.98 -0.113341
15.99 -0.110227
16 -0.107061
16.01 -0.103844
16.02 -0.100579
16.03 -0.0972662
16.04 -0.0939102
16.05 -0.0905147
16.06 -0.0870847
16.07 -0.0836253
16.08 -0.0801416
16.09 -0.0766388
16.1 -0.0731219
16.11 -0.0695956
16.12 -0.066065
16.13 -0.0625349
16.14 -0.0590102
16.15 -0.0554961
16.16 -0.0519977
16.17 -0.0485201
16.18 -0.0450687
16.19 -0.0416487
16.2 -0.0382653
16.21 -0.0349236
16.22 -0.0316283
16.23 -0.0283837
16.24 -0.0251932
16.25 -0.0220597
16.26 -0.0189851
16.27 -0.0159704
16.28 -0.0130164
16.29 -0.0101234
16.3 -0.00729168
16.31 -0.00452116
16.32 -0.00181173
16.33 0.000836939
16.34 0.00342527
16.35 0.00595379
16.36 0.00842311
16.37 0.0108338
16.38 0.0131866
16.39 0.0154822
16.4 0.0177214
16.41 0.0199053
16.42 0.0220347
16.43 0.0241104
16.44 0.026133
16.45 0.0281034
16.46 0.0300221
16.47 0.0318897
16.48 0.0337069
16.49 0.0354743
16.5 0.0371923
16.51 0.0388615
16.52 0.0404824
16.53 0.0420555
16.54 0.0435814
16.55 0.0450606
16.56 0.0464935
16.57 0.0478806
16.58 0.049222
16.59 0.0505179
16.6 0.051768
16.61 0.0529721
16.62 0.0541295
16.63 0.0552394
16.64 0.0563004
16.65 0.0573109
16.66 0.058269
16.67 0.0591723
16.68 0.0600182
16.69 0.0608035
16.7 0.0615249
16.71 0.0621791
16.72 0.0627631
16.73 0.0632744
16.74 0.063711
16.75 0.0640715
16.76 0.0643548
16.77 0.06456
16.78 0.0646865
16.79 0.0647339
16.8 0.0647021
16.81 0.0645914
16.82 0.0644025
16.83 0.0641366
16.84 0.0637954
16.85 0.063381
16.86 0.0628956
16.87 0.0623421
16.88 0.061723
16.89 0.0610414
16.9 0.0603001
16.91 0.0595024
16.92 0.0586514
16.93 0.0577507
16.94 0.0568042
16.95 0.0558158
16.96 0.0547899
16.97 0.0537311
16.98 0.0526443
16.99 0.0515343
17 0.0504064
17.01 0.0492659
17.02 0.048118
17.03 0.0469681
17.04 0.0458214
17.05 0.0446829
17.06 0.0435576
17.07 0.0424505
17.08 0.0413665
17.09 0.0403103
17.1 0.0392867
17.11 0.0382997
17.12 0.0373537
17.13 0.0364524
17.14 0.0355996
17.15 0.0347987
17.16 0.034053
17.17 0.0333652
17.18 0.0327379
17.19 0.0321734
17.2 0.0316736
17.21 0.0312403
17.22 0.0308748
17.23 0.0305781
17.24 0.030351
17.25 0.0301936
17.26 0.0301059
17.27 0.0300871
17.28 0.0301364
17.29 0.0302522
17.3 0.0304327
17.31 0.0306757
17.32 0.0309789
17.33 0.0313395
17.34 0.0317544
17.35 0.0322204
17.36 0.0327333
17.37 0.0332888
17.38 0.0338819
17.39 0.0345069
17.4 0.0351577
17.41 0.0358277
17.42 0.0365096
17.43 0.037196
17.44 0.0378798
17.45 0.038554
17.46 0.0392124
17.47 0.0398495
17.48 0.0404602
17.49 0.0410401
17.5 0.0415852
17.51 0.0420915
17.52 0.0425553
17.53 0.0429729
17.54 0.0433411
17.55 0.0436567
17.56 0.0439173
17.57 0.0441206
17.58 0.0442652
17.59 0.04435
17.6 0.0443747
17.61 0.0443398
17.62 0.0442464
17.63 0.0440963
17.64 0.0438921
17.65 0.043637
17.66 0.0433345
17.67 0.0429889
17.68 0.0426047
17.69 0.0421866
17.7 0.0417397
17.71 0.0412688
17.72 0.0407786
17.73 0.0402734
17.74 0.0397574
17.75 0.0392345
17.76 0.0387091
17.77 0.0381857
17.78 0.0376692
17.79 0.0371649
17.8 0.0366785
17.81 0.0362156
17.82 0.0357819
17.83 0.0353829
17.84 0.0350238
17.85 0.0347094
17.86 0.0344445
17.87 0.0342333
17.88 0.0340795
17.89 0.0339862
17.9 0.0339558
17.91 0.0339896
17.92 0.0340884
17.93 0.0342521
17.94 0.0344802
17.95 0.0347718
17.96 0.0351254
17.97 0.035539
17.98 0.0360104
17.99 0.0365368
18 0.0371153
18.01 0.0377424
18.02 0.0384149
18.03 0.0391288
18.04 0.0398805
18.05 0.040666
18.06 0.0414812
18.07 0.0423223
18.08 0.0431849
18.09 0.0440648
18.1 0.0449575
18.11 0.0458586
18.12 0.0467636
18.13 0.0476681
18.14 0.0485677
18.15 0.0494584
18.16 0.0503362
18.17 0.0511975
18.18 0.0520391
18.19 0.0528578
18.2 0.053651
18.21 0.0544161
18.22 0.0551509
18.23 0.0558532
18.24 0.056521
18.25 0.0571521
18.26 0.0577448
18.27 0.0582972
18.28 0.0588079
18.29 0.0592755
18.3 0.0596991
18.31 0.0600779
18.32 0.0604115
18.33 0.0606998
18.34 0.0609428
18.35 0.0611405
18.36 0.0612933
18.37 0.0614013
18.38 0.061465
18.39 0.061485
18.4 0.0614621
18.41 0.0613975
18.42 0.0612927
18.43 0.0611496
18.44 0.0609706
18.45 0.0607584
18.46 0.0605162
18.47 0.0602473
18.48 0.0599556
18.49 0.0596447
18.5 0.0593187
18.51 0.0589812
18.52 0.058636
18.53 0.0582864
18.54 0.0579356
18.55 0.0575866
18.56 0.057242
18.57 0.0569042
18.58 0.0565756
18.59 0.0562584
18.6 0.0559547
18.61 0.0556667
18.62 0.0553964
18.63 0.0551458
18.64 0.0549168
18.65 0.0547111
18.66 0.0545301
18.67 0.0543749
18.68 0.054246
18.69 0.0541428
18.7 0.0540642
18.71 0.0540078
18.72 0.0539703
18.73 0.0539477
18.74 0.0539355
18.75 0.053929
18.76 0.0539239
18.77 0.0539157
18.78 0.0539002
18.79 0.0538731
18.8 0.0538302
18.81 0.0537673
18.82 0.0536802
18.83 0.053565
18.84 0.0534176
18.85 0.0532341
18.86 0.0530108
18.87 0.0527441
18.88 0.0524307
18.89 0.0520678
18.9 0.051653
18.91 0.0511846
18.92 0.0506618
18.93 0.0500846
18.94 0.0494541
18.95 0.0487716
18.96 0.0480393
18.97 0.047259
18.98 0.0464331
18.99 0.0455637
19 0.044653
19.01 0.0437028
19.02 0.042715
19.03 0.0416911
19.04 0.0406328
19.05 0.0395423
19.06 0.0384218
19.07 0.0372744
19.08 0.0361033
19.09 0.0349123
19.1 0.0337056
19.11 0.0324873
19.12 0.0312615
19.13 0.0300321
19.14 0.0288027
19.15 0.0275769
19.16 0.0263561
19.17 0.0251385
19.18 0.0239222
19.19 0.0227069
19.2 0.021493
19.21 0.0202817
19.22 0.019075
19.23 0.017875
19.24 0.0166843
19.25 0.0155054
19.26 0.0143402
19.27 0.0131897
19.28 0.0120546
19.29 0.010935
19.3 0.0098314
19.31 0.00874431
19.32 0.0076747
19.33 0.00662382
19.34 0.0055934
19.35 0.00458559
19.36 0.00360301
19.37 0.00264857
19.38 0.00172527
19.39 0.000835988
19.4 -1.64835e-05
19.41 -0.000829366
19.42 -0.00159984
19.43 -0.00232511
19.44 -0.00300242
19.45 -0.00362904
19.46 -0.00420223
19.47 -0.00471935
19.48 -0.00517777
19.49 -0.0055749
19.5 -0.00590838
19.51 -0.00617603
19.52 -0.0063759
19.53 -0.00650617
19.54 -0.00656528
19.55 -0.00655214
19.56 -0.0064663
19.57 -0.00630805
19.58 -0.00607824
19.59 -0.00577815
19.6 -0.00540953
19.61 -0.00497459
19.62 -0.00447598
19.63 -0.00391669
19.64 -0.00330002
19.65 -0.00262955
19.66 -0.00190917
19.67 -0.00114307
19.68 -0.000335688
19.69 0.00050824
19.7 0.00138369
19.71 0.00228539
19.72 0.00320793
19.73 0.00414579
19.74 0.00509344
19.75 0.00604548
19.76 0.0069968
19.77 0.00794259
19.78 0.00887825
19.79 0.00979934
19.8 0.0107015
19.81 0.0115807
19.82 0.0124325
19.83 0.0132531
19.84 0.0140384
19.85 0.0147843
19.86 0.015487
19.87 0.0161425
19.88 0.0167471
19.89 0.0172974
19.9 0.0177903
19.91 0.0182231
19.92 0.0185936
19.93 0.0189003
19.94 0.0191419
19.95 0.0193174
19.96 0.0194261
19.97 0.0194675
19.98 0.0194412
19.99 0.0193468
20 0.0191842
20.01 0.0189534
20.02 0.0186549
20.03 0.0182893
20.04 0.0178582
20.05 0.0173639
20.06 0.0168096
20.07 0.0161989
20.08 0.0155366
20.09 0.0148277
20.1 0.0140782
20.11 0.0132945
20.12 0.0124833
20.13 0.0116511
20.14 0.0108047
20.15 0.00995075
20.16 0.00909579
20.17 0.00824632
20.18 0.00740851
20.19 0.00658821
20.2 0.00579086
20.21 0.00502144
20.22 0.00428456
20.23 0.00358459
20.24 0.00292575
20.25 0.00231202
20.26 0.00174704
20.27 0.00123402
20.28 0.000775708
20.29 0.00037436
20.3 3.17337e-05
20.31 -0.000250924
20.32 -0.00047283
20.33 -0.000633635
20.34 -0.000733374
20.35 -0.000772367
20.36 -0.000751142
20.37 -0.000670308
20.38 -0.000530429
20.39 -0.00033196
20.4 -7.52514e-05
20.41 0.000239445
20.42 0.00061192
20.43 0.00104192
20.44 0.00152907
20.45 0.00207273
20.46 0.00267193
20.47 0.00332537
20.48 0.00403161
20.49 0.00478899
20.5 0.00559567
20.51 0.00644961
20.52 0.0073486
20.53 0.00829029
20.54 0.00927214
20.55 0.0102914
20.56 0.0113452
20.57 0.0124302
20.58 0.0135429
20.59 0.014679
20.6 0.0158338
20.61 0.0170018
20.62 0.0181774
20.63 0.0193546
20.64 0.0205274
20.65 0.02169
20.66 0.0228364
20.67 0.0239608
20.68 0.0250577
20.69 0.0261218
20.7 0.0271483
20.71 0.0281325
20.72 0.02907
20.73 0.029957
20.74 0.0307897
20.75 0.0315666
20.76 0.032289
20.77 0.0329587
20.78 0.0335763
20.79 0.0341427
20.8 0.0346593
20.81 0.0351275
20.82 0.0355496
20.83 0.035928
20.84 0.0362651
20.85 0.0365637
20.86 0.0368261
20.87 0.0370543
20.88 0.0372502
20.89 0.0374152
20.9 0.0375503
20.91 0.0376565
20.92 0.0377344
20.93 0.0377849
20.94 0.0378087
20.95 0.0378063
20.96 0.0377782
20.97 0.0377249
20.98 0.0376464
20.99 0.0375427
21 0.0374134
21.01 0.037258
21.02 0.0370755
21.03 0.0368648
21.04 0.0366247
21.05 0.0363539
21.06 0.0360515
21.07 0.0357169
21.08 0.0353493
21.09 0.0349485
21.1 0.0345142
21.11 0.0340464
21.12 0.0335457
21.13 0.0330132
21.14 0.0324504
21.15 0.0318591
21.16 0.0312415
21.17 0.0305998
21.18 0.0299364
21.19 0.0292539
21.2 0.0285547
21.21 0.0278416
21.22 0.0271172
21.23 0.0263842
21.24 0.0256455
21.25 0.0249039
21.26 0.0241624
21.27 0.0234243
21.28 0.022693
21.29 0.0219721
21.3 0.0212651
21.31 0.0205759
21.32 0.0199077
21.33 0.019264
21.34 0.0186477
21.35 0.0180613
21.36 0.0175071
21.37 0.0169869
21.38 0.0165022
21.39 0.0160538
21.4 0.0156424
21.41 0.015268
21.42 0.0149305
21.43 0.0146293
21.44 0.0143639
21.45 0.0141334
21.46 0.0139372
21.47 0.0137745
21.48 0.0136446
21.49 0.0135465
21.5 0.0134791
21.51 0.0134413
21.52 0.0134317
21.53 0.0134489
21.54 0.0134913
21.55 0.0135575
21.56 0.0136457
21.57 0.013754
21.58 0.0138804
21.59 0.0140224
21.6 0.0141775
21.61 0.0143429
21.62 0.014516
21.63 0.0146942
21.64 0.0148752
21.65 0.0150571
21.66 0.0152383
21.67 0.0154174
21.68 0.0155934
21.69 0.0157652
21.7 0.015932
21.71 0.0160928
21.72 0.0162468
21.73 0.0163931
21.74 0.0165312
21.75 0.0166607
21.76 0.0167814
21.77 0.0168936
21.78 0.0169976
21.79 0.0170941
21.8 0.0171838
21.81 0.0172672
21.82 0.0173446
21.83 0.0174163
21.84 0.017482
21.85 0.0175414
21.86 0.0175939
21.87 0.0176386
21.88 0.0176746
21.89 0.017701
21.9 0.0177166
21.91 0.0177207
21.92 0.0177123
21.93 0.017691
21.94 0.0176565
21.95 0.0176088
21.96 0.0175479
21.97 0.0174738
21.98 0.0173863
21.99 0.0172848
22 0.0171685
22.01 0.0170364
22.02 0.016887
22.03 0.0167189
22.04 0.0165308
22.05 0.016322
22.06 0.0160924
22.07 0.0158427
22.08 0.0155743
22.09 0.0152889
22.1 0.0149886
22.11 0.0146758
22.12 0.0143528
22.13 0.0140224
22.14 0.013687
22.15 0.0133493
22.16 0.0130114
22.17 0.0126755
22.18 0.0123436
22.19 0.0120175
22.2 0.0116991
22.21 0.01139
22.22 0.0110924
22.23 0.0108084
22.24 0.01054
22.25 0.0102896
22.26 0.0100592
22.27 0.00985104
22.28 0.00966691
22.29 0.00950843
22.3 0.00937681
22.31 0.00927278
22.32 0.00919654
22.33 0.00914783
22.34 0.00912607
22.35 0.0091304
22.36 0.00915972
22.37 0.00921286
22.38 0.0092886
22.39 0.00938576
22.4 0.00950321
22.41 0.00963988
22.42 0.00979484
22.43 0.00996722
22.44 0.0101562
22.45 0.010361
22.46 0.010581
22.47 0.0108157
22.48 0.0110649
22.49 0.0113284
22.5 0.0116063
22.51 0.0118989
22.52 0.0122065
22.53 0.0125299
22.54 0.0128697
22.55 0.0132264
22.56 0.0136005
22.57 0.0139927
22.58 0.0144035
22.59 0.0148332
22.6 0.0152823
22.61 0.015751
22.62 0.0162396
22.63 0.0167478
22.64 0.0172754
22.65 0.0178218
22.66 0.0183859
22.67 0.0189665
22.68 0.0195617
22.69 0.0201694
22.7 0.0207876
22.71 0.021414
22.72 0.0220469
22.73 0.0226841
22.74 0.023324
22.75 0.0239645
22.76 0.024604
22.77 0.0252404
22.78 0.0258717
22.79 0.0264958
22.8 0.0271106
22.81 0.0277141
22.82 0.0283042
22.83 0.028879
22.84 0.0294365
22.85 0.0299748
22.86 0.0304921
22.87 0.0309865
22.88 0.0314564
22.89 0.0318998
22.9 0.032315
22.91 0.0327001
22.92 0.0330533
22.93 0.0333726
22.94 0.0336561
22.95 0.0339019
22.96 0.034108
22.97 0.0342725
22.98 0.0343939
22.99 0.0344708
23 0.0345026
23.01 0.0344895
23.02 0.034432
23.03 0.0343312
23.04 0.0341885
23.05 0.0340058
23.06 0.0337852
23.07 0.0335289
23.08 0.0332387
23.09 0.0329166
23.1 0.0325642
23.11 0.0321833
23.12 0.0317757
23.13 0.0313434
23.14 0.0308883
23.15 0.0304127
23.16 0.0299189
23.17 0.0294094
23.18 0.0288865
23.19 0.028353
23.2 0.0278116
23.21 0.0272652
23.22 0.0267167
23.23 0.0261687
23.24 0.025624
23.25 0.0250853
23.26 0.0245554
23.27 0.0240366
23.28 0.0235317
23.29 0.0230431
23.3 0.0225737
23.31 0.0221258
23.32 0.0217021
23.33 0.0213049
23.34 0.0209364
23.35 0.0205985
23.36 0.0202929
23.37 0.020021
23.38 0.0197838
23.39 0.019582
23.4 0.0194158
23.41 0.019285
23.42 0.0191891
23.43 0.0191272
23.44 0.0190978
23.45 0.0190995
23.46 0.0191303
23.47 0.0191883
23.48 0.0192718
23.49 0.0193792
23.5 0.0195088
23.51 0.0196593
23.52 0.0198293
23.53 0.0200172
23.54 0.0202215
23.55 0.0204408
23.56 0.0206734
23.57 0.0209178
23.58 0.0211726
23.59 0.0214365
23.6 0.0217079
23.61 0.0219855
23.62 0.022268
23.63 0.0225542
23.64 0.0228429
23.65 0.023133
23.66 0.0234236
23.67 0.0237136
23.68 0.0240019
23.69 0.0242871
23.7 0.0245679
23.71 0.0248427
23.72 0.0251099
23.73 0.0253676
23.74 0.0256141
23.75 0.0258471
23.76 0.0260644
23.77 0.0262635
23.78 0.0264416
23.79 0.0265954
23.8 0.026722
23.81 0.0268181
23.82 0.0268809
23.83 0.0269076
23.84 0.0268958
23.85 0.0268433
23.86 0.0267483
23.87 0.0266089
23.88 0.0264239
23.89 0.0261921
23.9 0.0259123
23.91 0.0255836
23.92 0.0252052
23.93 0.0247763
23.94 0.0242964
23.95 0.0237655
23.96 0.0231838
23.97 0.0225523
23.98 0.0218724
23.99 0.0211462
24 0.0203768
24.01 0.0195675
24.02 0.0187226
24.03 0.0178466
24.04 0.0169447
24.05 0.0160228
24.06 0.0150874
24.07 0.0141459
24.08 0.0132055
24.09 0.0122739
24.1 0.0113582
24.11 0.0104655
24.12 0.0096025
24.13 0.00877505
24.14 0.00798845
24.15 0.00724714
24.16 0.00655479
24.17 0.00591442
24.18 0.0053286
24.19 0.00479956
24.2 0.00432914
24.21 0.00391879
24.22 0.00356958
24.23 0.0032821
24.24 0.00305659
24.25 0.00289289
24.26 0.00279048
24.27 0.00274837
24.28 0.00276512
24.29 0.00283885
24.3 0.00296709
24.31 0.00314696
24.32 0.0033753
24.33 0.00364894
24.34 0.00396493
24.35 0.00432068
24.36 0.00471398
24.37 0.00514278
24.38 0.00560513
24.39 0.00609916
24.4 0.00662297
24.41 0.00717459
24.42 0.00775184
24.43 0.00835229
24.44 0.00897325
24.45 0.00961183
24.46 0.010265
24.47 0.0109299
24.48 0.0116033
24.49 0.0122826
24.5 0.0129648
24.51 0.013647
24.52 0.0143266
24.53 0.0150006
24.54 0.0156662
24.55 0.0163205
24.56 0.0169605
24.57 0.0175831
24.58 0.0181854
24.59 0.0187641
24.6 0.0193162
24.61 0.0198388
24.62 0.0203293
24.63 0.020785
24.64 0.0212037
24.65 0.0215832
24.66 0.0219222
24.67 0.0222195
24.68 0.0224744
24.69 0.0226867
24.7 0.0228565
24.71 0.0229844
24.72 0.0230712
24.73 0.0231178
24.74 0.0231256
24.75 0.023096
24.76 0.0230308
24.77 0.0229319
24.78 0.0228013
24.79 0.0226411
24.8 0.0224532
24.81 0.0222396
24.82 0.0220022
24.83 0.0217427
24.84 0.021463
24.85 0.0211645
24.86 0.0208491
24.87 0.0205183
24.88 0.0201737
24.89 0.0198167
24.9 0.0194485
24.91 0.0190703
24.92 0.0186829
24.93 0.0182871
24.94 0.0178838
24.95 0.0174737
24.96 0.0170575
24.97 0.0166359
24.98 0.0162098
24.99 0.0157799
25 0.0153473
