0.01 3.17074e-09
0.02 1.52632e-08
0.03 3.76518e-08
0.04 6.79339e-08
0.05 1.03737e-07
0.06 1.42747e-07
0.07 1.82729e-07
0.08 2.21534e-07
0.09 2.57083e-07
0.1 2.87373e-07
0.11 3.10503e-07
0.12 3.24682e-07
0.13 3.28194e-07
0.14 3.19343e-07
0.15 2.9645e-07
0.16 2.57911e-07
0.17 2.0225e-07
0.18 1.28132e-07
0.19 3.43841e-08
0.2 -7.99994e-08
0.21 -2.15839e-07
0.22 -3.73768e-07
0.23 -5.54235e-07
0.24 -7.57526e-07
0.25 -9.83791e-07
0.26 -1.23311e-06
0.27 -1.50554e-06
0.28 -1.80095e-06
0.29 -2.1188e-06
0.3 -2.45805e-06
0.31 -2.81706e-06
0.32 -3.19363e-06
0.33 -3.58473e-06
0.34 -3.9865e-06
0.35 -4.39445e-06
0.36 -4.80376e-06
0.37 -5.20942e-06
0.38 -5.60677e-06
0.39 -5.99236e-06
0.4 -6.36449e-06
0.41 -6.72358e-06
0.42 -7.07168e-06
0.43 -7.41186e-06
0.44 -7.74829e-06
0.45 -8.08607e-06
0.46 -8.43076e-06
0.47 -8.7879e-06
0.48 -9.16244e-06
0.49 -9.55852e-06
0.5 -9.9793e-06
0.51 -1.04272e-05
0.52 -1.09042e-05
0.53 -1.14114e-05
0.54 -1.19492e-05
0.55 -1.25178e-05
0.56 -1.31168e-05
0.57 -1.37451e-05
0.58 -1.44015e-05
0.59 -1.5085e-05
0.6 -1.57941e-05
0.61 -1.65271e-05
0.62 -1.72823e-05
0.63 -1.80576e-05
0.64 -1.88509e-05
0.65 -1.96602e-05
0.66 -2.04836e-05
0.67 -2.13193e-05
0.68 -2.21659e-05
0.69 -2.30224e-05
0.7 -2.38875e-05
0.71 -2.47599e-05
0.72 -2.56375e-05
0.73 -2.65169e-05
0.74 -2.73925e-05
0.75 -2.82562e-05
0.76 -2.9097e-05
0.77 -2.99016e-05
0.78 -3.0655e-05
0.79 -3.13437e-05
0.8 -3.19565e-05
0.81 -3.24854e-05
0.82 -3.29253e-05
0.83 -3.32729e-05
0.84 -3.35275e-05
0.85 -3.36918e-05
0.86 -3.37717e-05
0.87 -3.37723e-05
0.88 -3.36939e-05
0.89 -3.35317e-05
0.9 -3.32777e-05
0.91 -3.29227e-05
0.92 -3.24575e-05
0.93 -3.18749e-05
0.94 -3.11726e-05
0.95 -3.03542e-05
0.96 -2.94298e-05
0.97 -2.84154e-05
0.98 -2.73281e-05
0.99 -2.61802e-05
1 -2.49781e-05
1.01 -2.37226e-05
1.02 -2.24086e-05
1.03 -2.10265e-05
1.04 -1.95647e-05
1.05 -1.80117e-05
1.06 -1.63593e-05
1.07 -1.46046e-05
1.08 -1.27481e-05
1.09 -1.07916e-05
1.1 -8.73655e-06
1.11 -6.58605e-06
1.12 -4.34333e-06
1.13 -2.01012e-06
1.14 4.12884e-07
1.15 2.92459e-06
1.16 5.52174e-06
1.17 8.19633e-06
1.18 1.09334e-05
1.19 1.37129e-05
1.2 1.6513e-05
1.21 1.93089e-05
1.22 2.20713e-05
1.23 2.47696e-05
1.24 2.73772e-05
1.25 2.98798e-05
1.26 3.22796e-05
1.27 3.45906e-05
1.28 3.68293e-05
1.29 3.90115e-05
1.3 4.11515e-05
1.31 4.32574e-05
1.32 4.53285e-05
1.33 4.73581e-05
1.34 4.93384e-05
1.35 5.12645e-05
1.36 5.31348e-05
1.37 5.49503e-05
1.38 5.67145e-05
1.39 5.8432e-05
1.4 6.01063e-05
1.41 6.17371e-05
1.42 6.33159e-05
1.43 6.48223e-05
1.44 6.62202e-05
1.45 6.74556e-05
1.46 6.84587e-05
1.47 6.91505e-05
1.48 6.94497e-05
1.49 6.92745e-05
1.5 6.8546e-05
1.51 6.71929e-05
1.52 6.51545e-05
1.53 6.23874e-05
1.54 5.88738e-05
1.55 5.46291e-05
1.56 4.9704e-05
1.57 4.41754e-05
1.58 3.81369e-05
1.59 3.16923e-05
1.6 2.49426e-05
1.61 1.79796e-05
1.62 1.08874e-05
1.63 3.74259e-06
1.64 -3.38697e-06
1.65 -1.04409e-05
1.66 -1.73695e-05
1.67 -2.41351e-05
1.68 -3.07107e-05
1.69 -3.70735e-05
1.7 -4.32019e-05
1.71 -4.90754e-05
1.72 -5.46741e-05
1.73 -5.99762e-05
1.74 -6.4955e-05
1.75 -6.9575e-05
1.76 -7.37967e-05
1.77 -7.75838e-05
1.78 -8.08989e-05
1.79 -8.36987e-05
1.8 -8.5936e-05
1.81 -8.7565e-05
1.82 -8.85414e-05
1.83 -8.88248e-05
1.84 -8.83886e-05
1.85 -8.72257e-05
1.86 -8.53438e-05
1.87 -8.27561e-05
1.88 -7.94749e-05
1.89 -7.55107e-05
1.9 -7.08727e-05
1.91 -6.55678e-05
1.92 -5.96015e-05
1.93 -5.29794e-05
1.94 -4.57207e-05
1.95 -3.78738e-05
1.96 -2.95175e-05
1.97 -2.07547e-05
1.98 -1.17083e-05
1.99 -2.50883e-06
2 6.72636e-06
2.01 1.59115e-05
2.02 2.49949e-05
2.03 3.39559e-05
2.04 4.28021e-05
2.05 5.15593e-05
2.06 6.02612e-05
2.07 6.89393e-05
2.08 7.7607e-05
2.09 8.62485e-05
2.1 9.48165e-05
2.11 0.000103236
2.12 0.000111401
2.13 0.000119171
2.14 0.000126385
2.15 0.00013287
2.16 0.000138448
2.17 0.000142941
2.18 0.000146176
2.19 0.000147975
2.2 0.000148153
2.21 0.00014652
2.22 0.000142896
2.23 0.000137116
2.24 0.000129037
2.25 0.000118533
2.26 0.0001055
2.27 8.9883e-05
2.28 7.1682e-05
2.29 5.09391e-05
2.3 2.77345e-05
2.31 2.18708e-06
2.32 -2.55401e-05
2.33 -5.52284e-05
2.34 -8.65989e-05
2.35 -0.000119319
2.36 -0.000153012
2.37 -0.000187272
2.38 -0.00022167
2.39 -0.000255759
2.4 -0.000289091
2.41 -0.000321261
2.42 -0.000351924
2.43 -0.000380783
2.44 -0.000407568
2.45 -0.000432034
2.46 -0.000453961
2.47 -0.000473166
2.48 -0.000489508
2.49 -0.000502872
2.5 -0.000513153
2.51 -0.00052024
2.52 -0.000524019
2.53 -0.000524386
2.54 -0.000521252
2.55 -0.000514536
2.56 -0.000504171
2.57 -0.000490138
2.58 -0.000472477
2.59 -0.000451299
2.6 -0.000426776
2.61 -0.000399124
2.62 -0.000368583
2.63 -0.000335396
2.64 -0.000299798
2.65 -0.00026201
2.66 -0.000222243
2.67 -0.000180698
2.68 -0.000137578
2.69 -9.31001e-05
2.7 -4.74996e-05
2.71 -1.0177e-06
2.72 4.60999e-05
2.73 9.36066e-05
2.74 0.000141274
2.75 0.000188896
2.76 0.000236277
2.77 0.000283228
2.78 0.000329588
2.79 0.000375242
2.8 0.000420113
2.81 0.000464157
2.82 0.000507332
2.83 0.000549568
2.84 0.000590764
2.85 0.000630781
2.86 0.000669456
2.87 0.000706589
2.88 0.000741933
2.89 0.0007752
2.9 0.000806089
2.91 0.000834295
2.92 0.000859507
2.93 0.00088142
2.94 0.000899745
2.95 0.000914219
2.96 0.000924613
2.97 0.000930759
2.98 0.000932565
2.99 0.000930005
3 0.000923098
3.01 0.000911909
3.02 0.000896516
3.03 0.000876999
3.04 0.000853431
3.05 0.000825869
3.06 0.000794348
3.07 0.000758875
3.08 0.000719434
3.09 0.000676001
3.1 0.00062858
3.11 0.000577225
3.12 0.000522062
3.13 0.0004633
3.14 0.00040122
3.15 0.000336142
3.16 0.000268414
3.17 0.000198415
3.18 0.00012655
3.19 5.32297e-05
3.2 -2.1153e-05
3.21 -9.62101e-05
3.22 -0.000171525
3.23 -0.000246642
3.24 -0.000321071
3.25 -0.000394295
3.26 -0.000465782
3.27 -0.000534978
3.28 -0.000601286
3.29 -0.000664106
3.3 -0.000722872
3.31 -0.000777028
3.32 -0.000826038
3.33 -0.00086943
3.34 -0.000906843
3.35 -0.000938059
3.36 -0.000963011
3.37 -0.000981776
3.38 -0.000994564
3.39 -0.0010017
3.4 -0.00100364
3.41 -0.00100091
3.42 -0.000994093
3.43 -0.000983806
3.44 -0.000970647
3.45 -0.000955208
3.46 -0.000938052
3.47 -0.000919672
3.48 -0.000900443
3.49 -0.0008806
3.5 -0.000860247
3.51 -0.000839371
3.52 -0.000817847
3.53 -0.000795463
3.54 -0.000771949
3.55 -0.00074703
3.56 -0.000720489
3.57 -0.000692169
3.58 -0.000661937
3.59 -0.00062967
3.6 -0.000595295
3.61 -0.000558808
3.62 -0.000520267
3.63 -0.000479789
3.64 -0.000437555
3.65 -0.000393804
3.66 -0.000348835
3.67 -0.00030302
3.68 -0.0002568
3.69 -0.000210663
3.7 -0.000165088
3.71 -0.000120529
3.72 -7.74338e-05
3.73 -3.62179e-05
3.74 2.76614e-06
3.75 3.92138e-05
3.76 7.28609e-05
3.77 0.000103494
3.78 0.00013095
3.79 0.000155114
3.8 0.000175922
3.81 0.000193389
3.82 0.000207593
3.83 0.000218654
3.84 0.000226726
3.85 0.000231996
3.86 0.000234625
3.87 0.000234712
3.88 0.00023226
3.89 0.00022717
3.9 0.000219238
3.91 0.00020816
3.92 0.00019353
3.93 0.000174881
3.94 0.000151726
3.95 0.000123593
3.96 9.00422e-05
3.97 5.07116e-05
3.98 5.37525e-06
3.99 -4.60204e-05
4 -0.000103357
4.01 -0.000166352
4.02 -0.000234568
4.03 -0.000307433
4.04 -0.000384241
4.05 -0.000464156
4.06 -0.000546225
4.07 -0.000629367
4.08 -0.000712357
4.09 -0.000793857
4.1 -0.000872452
4.11 -0.000946718
4.12 -0.00101533
4.13 -0.00107713
4.14 -0.00113121
4.15 -0.00117694
4.16 -0.00121401
4.17 -0.0012425
4.18 -0.00126277
4.19 -0.00127544
4.2 -0.00128135
4.21 -0.00128148
4.22 -0.0012769
4.23 -0.00126863
4.24 -0.0012576
4.25 -0.00124464
4.26 -0.00123052
4.27 -0.00121593
4.28 -0.00120144
4.29 -0.00118746
4.3 -0.00117428
4.31 -0.00116202
4.32 -0.00115068
4.33 -0.00114017
4.34 -0.00113025
4.35 -0.00112054
4.36 -0.00111053
4.37 -0.00109957
4.38 -0.00108694
4.39 -0.00107184
4.4 -0.00105347
4.41 -0.001031
4.42 -0.00100355
4.43 -0.000970322
4.44 -0.000930527
4.45 -0.000883492
4.46 -0.000828715
4.47 -0.000765917
4.48 -0.000695044
4.49 -0.000616212
4.5 -0.000529632
4.51 -0.000435578
4.52 -0.000334431
4.53 -0.000226715
4.54 -0.000113086
4.55 5.68854e-06
4.56 0.000128747
4.57 0.000255144
4.58 0.000383853
4.59 0.000513794
4.6 0.000643845
4.61 0.000772889
4.62 0.000899869
4.63 0.0010238
4.64 0.00114375
4.65 0.0012589
4.66 0.00136854
4.67 0.0014721
4.68 0.00156922
4.69 0.00165967
4.7 0.00174334
4.71 0.00182014
4.72 0.00188998
4.73 0.0019528
4.74 0.00200853
4.75 0.00205706
4.76 0.0020982
4.77 0.00213173
4.78 0.00215745
4.79 0.00217517
4.8 0.00218473
4.81 0.00218594
4.82 0.00217858
4.83 0.00216248
4.84 0.0021375
4.85 0.0021035
4.86 0.00206033
4.87 0.0020079
4.88 0.00194625
4.89 0.00187545
4.9 0.00179563
4.91 0.00170701
4.92 0.00160989
4.93 0.00150467
4.94 0.00139177
4.95 0.00127166
4.96 0.00114489
4.97 0.00101205
4.98 0.000873805
4.99 0.000730915
5 0.000584191
5.01 0.000434458
5.02 0.000282492
5.03 0.000128965
5.04 -2.55716e-05
5.05 -0.000180681
5.06 -0.000336059
5.07 -0.000491554
5.08 -0.000647117
5.09 -0.00080275
5.1 -0.000958515
5.11 -0.00111452
5.12 -0.00127084
5.13 -0.00142749
5.14 -0.00158441
5.15 -0.00174138
5.16 -0.00189803
5.17 -0.00205374
5.18 -0.00220772
5.19 -0.00235905
5.2 -0.00250665
5.21 -0.00264938
5.22 -0.002786
5.23 -0.00291532
5.24 -0.00303618
5.25 -0.0031475
5.26 -0.0032482
5.27 -0.00333716
5.28 -0.00341328
5.29 -0.00347552
5.3 -0.00352293
5.31 -0.00355464
5.32 -0.00356995
5.33 -0.00356838
5.34 -0.00354972
5.35 -0.00351403
5.36 -0.00346169
5.37 -0.00339338
5.38 -0.00331012
5.39 -0.00321312
5.4 -0.00310368
5.41 -0.00298317
5.42 -0.00285297
5.43 -0.0027144
5.44 -0.00256866
5.45 -0.00241681
5.46 -0.00225976
5.47 -0.00209833
5.48 -0.00193328
5.49 -0.00176535
5.5 -0.00159518
5.51 -0.00142335
5.52 -0.00125033
5.53 -0.00107665
5.54 -0.000902771
5.55 -0.000729138
5.56 -0.00055615
5.57 -0.000384239
5.58 -0.000213922
5.59 -4.57785e-05
5.6 0.000119604
5.61 0.00028167
5.62 0.000439916
5.63 0.000593879
5.64 0.000743151
5.65 0.000887359
5.66 0.00102614
5.67 0.00115919
5.68 0.00128627
5.69 0.00140725
5.7 0.00152209
5.71 0.00163087
5.72 0.00173377
5.73 0.00183105
5.74 0.00192302
5.75 0.00201
5.76 0.00209236
5.77 0.0021704
5.78 0.00224434
5.79 0.00231425
5.8 0.00238008
5.81 0.00244155
5.82 0.00249821
5.83 0.00254937
5.84 0.00259417
5.85 0.00263159
5.86 0.00266056
5.87 0.00267993
5.88 0.00268859
5.89 0.00268543
5.9 0.00266944
5.91 0.00263974
5.92 0.00259566
5.93 0.0025367
5.94 0.00246256
5.95 0.00237318
5.96 0.00226879
5.97 0.00214998
5.98 0.00201769
5.99 0.00187314
6 0.00171778
6.01 0.0015533
6.02 0.00138145
6.03 0.00120405
6.04 0.00102296
6.05 0.000840026
6.06 0.000657077
6.07 0.00047578
6.08 0.000297608
6.09 0.000123832
6.1 -4.44305e-05
6.11 -0.000206211
6.12 -0.000360708
6.13 -0.000507285
6.14 -0.000645411
6.15 -0.000774588
6.16 -0.000894311
6.17 -0.001004
6.18 -0.00110293
6.19 -0.0011902
6.2 -0.00126486
6.21 -0.00132595
6.22 -0.00137249
6.23 -0.00140351
6.24 -0.00141809
6.25 -0.00141543
6.26 -0.0013948
6.27 -0.00135556
6.28 -0.00129718
6.29 -0.00121914
6.3 -0.001121
6.31 -0.00100233
6.32 -0.000862731
6.33 -0.00070183
6.34 -0.000519301
6.35 -0.000314881
6.36 -8.84388e-05
6.37 0.000159885
6.38 0.000429555
6.39 0.000719656
6.4 0.00102897
6.41 0.00135602
6.42 0.00169921
6.43 0.00205692
6.44 0.00242758
6.45 0.00280974
6.46 0.00320221
6.47 0.00360396
6.48 0.00401398
6.49 0.00443119
6.5 0.00485429
6.51 0.00528161
6.52 0.00571105
6.53 0.00614013
6.54 0.00656594
6.55 0.00698516
6.56 0.0073941
6.57 0.00778878
6.58 0.00816513
6.59 0.00851913
6.6 0.00884704
6.61 0.00914549
6.62 0.0094116
6.63 0.00964301
6.64 0.0098378
6.65 0.00999445
6.66 0.0101117
6.67 0.0101882
6.68 0.0102232
6.69 0.0102156
6.7 0.0101648
6.71 0.0100701
6.72 0.00993131
6.73 0.00974821
6.74 0.00952091
6.75 0.00924975
6.76 0.00893545
6.77 0.00857903
6.78 0.00818182
6.79 0.00774546
6.8 0.00727191
6.81 0.00676329
6.82 0.00622187
6.83 0.00564993
6.84 0.0050498
6.85 0.00442376
6.86 0.00377406
6.87 0.00310285
6.88 0.00241228
6.89 0.0017045
6.9 0.000981802
6.91 0.000246688
6.92 -0.000498058
6.93 -0.00124935
6.94 -0.00200377
6.95 -0.00275761
6.96 -0.00350699
6.97 -0.00424799
6.98 -0.00497687
6.99 -0.0056902
7 -0.00638494
7.01 -0.00705851
7.02 -0.00770875
7.03 -0.00833378
7.04 -0.00893184
7.05 -0.00950119
7.06 -0.0100399
7.07 -0.0105459
7.08 -0.0110166
7.09 -0.0114497
7.1 -0.0118423
7.11 -0.0121917
7.12 -0.0124953
7.13 -0.012751
7.14 -0.012957
7.15 -0.0131124
7.16 -0.0132166
7.17 -0.01327
7.18 -0.013273
7.19 -0.0132268
7.2 -0.0131326
7.21 -0.0129916
7.22 -0.0128054
7.23 -0.0125751
7.24 -0.0123018
7.25 -0.0119865
7.26 -0.01163
7.27 -0.0112331
7.28 -0.0107969
7.29 -0.0103228
7.3 -0.00981243
7.31 -0.00926797
7.32 -0.00869199
7.33 -0.00808748
7.34 -0.00745763
7.35 -0.00680574
7.36 -0.00613503
7.37 -0.00544854
7.38 -0.00474902
7.39 -0.00403889
7.4 -0.00332026
7.41 -0.00259503
7.42 -0.001865
7.43 -0.00113198
7.44 -0.000398029
7.45 0.000334538
7.46 0.00106308
7.47 0.00178462
7.48 0.00249586
7.49 0.00319319
7.5 0.00387273
7.51 0.00453037
7.52 0.00516187
7.53 0.00576307
7.54 0.00632996
7.55 0.00685877
7.56 0.007346
7.57 0.00778831
7.58 0.00818258
7.59 0.00852586
7.6 0.00881545
7.61 0.00904888
7.62 0.00922416
7.63 0.0093399
7.64 0.00939544
7.65 0.00939077
7.66 0.00932662
7.67 0.00920454
7.68 0.00902686
7.69 0.00879674
7.7 0.00851799
7.71 0.00819501
7.72 0.00783237
7.73 0.00743451
7.74 0.00700561
7.75 0.00654942
7.76 0.00606931
7.77 0.00556833
7.78 0.00504928
7.79 0.00451475
7.8 0.00396704
7.81 0.00340825
7.82 0.00284027
7.83 0.00226482
7.84 0.00168344
7.85 0.00109748
7.86 0.000508253
7.87 -8.3013e-05
7.88 -0.000675087
7.89 -0.00126664
7.9 -0.00185618
7.91 -0.00244205
7.92 -0.00302238
7.93 -0.00359505
7.94 -0.00415772
7.95 -0.00470785
7.96 -0.00524278
7.97 -0.0057597
7.98 -0.00625575
7.99 -0.006728
8 -0.00717364
8.01 -0.00759004
8.02 -0.00797484
8.03 -0.00832594
8.04 -0.00864159
8.05 -0.00892049
8.06 -0.00916177
8.07 -0.00936498
8.08 -0.00952998
8.09 -0.00965686
8.1 -0.00974581
8.11 -0.00979697
8.12 -0.00981029
8.13 -0.00978549
8.14 -0.0097221
8.15 -0.00961951
8.16 -0.009477
8.17 -0.00929378
8.18 -0.00906913
8.19 -0.00880246
8.2 -0.00849339
8.21 -0.0081418
8.22 -0.00774795
8.23 -0.00731243
8.24 -0.00683611
8.25 -0.0063202
8.26 -0.00576629
8.27 -0.00517631
8.28 -0.00455258
8.29 -0.00389779
8.3 -0.0032151
8.31 -0.00250817
8.32 -0.00178128
8.33 -0.00103932
8.34 -0.000287718
8.35 0.000467729
8.36 0.00122101
8.37 0.00196616
8.38 0.0026975
8.39 0.00340986
8.4 0.00409872
8.41 0.00476026
8.42 0.00539132
8.43 0.00598932
8.44 0.00655221
8.45 0.00707852
8.46 0.00756734
8.47 0.00801829
8.48 0.00843148
8.49 0.00880734
8.5 0.00914658
8.51 0.00945005
8.52 0.00971866
8.53 0.00995313
8.54 0.0101539
8.55 0.0103212
8.56 0.0104548
8.57 0.0105545
8.58 0.0106199
8.59 0.0106507
8.6 0.0106467
8.61 0.0106077
8.62 0.010534
8.63 0.010426
8.64 0.0102847
8.65 0.0101114
8.66 0.00990807
8.67 0.00967674
8.68 0.00941987
8.69 0.00914004
8.7 0.0088399
8.71 0.00852214
8.72 0.00818944
8.73 0.00784429
8.74 0.00748901
8.75 0.00712573
8.76 0.00675632
8.77 0.00638228
8.78 0.00600477
8.79 0.00562464
8.8 0.00524247
8.81 0.00485851
8.82 0.00447281
8.83 0.00408532
8.84 0.00369604
8.85 0.00330514
8.86 0.00291295
8.87 0.00251996
8.88 0.00212679
8.89 0.00173426
8.9 0.0013435
8.91 0.000955836
8.92 0.000572827
8.93 0.000196139
8.94 -0.000172539
8.95 -0.000531602
8.96 -0.000879565
8.97 -0.00121507
8.98 -0.00153692
8.99 -0.00184407
9 -0.00213582
9.01 -0.00241176
9.02 -0.00267184
9.03 -0.00291636
9.04 -0.00314593
9.05 -0.00336128
9.06 -0.00356318
9.07 -0.00375229
9.08 -0.00392917
9.09 -0.00409423
9.1 -0.00424785
9.11 -0.00439037
9.12 -0.00452218
9.13 -0.00464367
9.14 -0.00475526
9.15 -0.00485738
9.16 -0.00495033
9.17 -0.00503423
9.18 -0.00510886
9.19 -0.0051736
9.2 -0.00522744
9.21 -0.00526887
9.22 -0.00529592
9.23 -0.00530619
9.24 -0.00529704
9.25 -0.00526583
9.26 -0.0052102
9.27 -0.00512821
9.28 -0.00501846
9.29 -0.00488022
9.3 -0.00471335
9.31 -0.00451808
9.32 -0.00429487
9.33 -0.00404441
9.34 -0.00376755
9.35 -0.00346531
9.36 -0.00313885
9.37 -0.00278946
9.38 -0.00241854
9.39 -0.00202761
9.4 -0.00161839
9.41 -0.00119286
9.42 -0.000753321
9.43 -0.000302454
9.44 0.000156596
9.45 0.000620218
9.46 0.00108446
9.47 0.00154521
9.48 0.00199833
9.49 0.00243986
9.5 0.00286623
9.51 0.00327426
9.52 0.00366132
9.53 0.0040252
9.54 0.0043641
9.55 0.00467643
9.56 0.0049607
9.57 0.00521548
9.58 0.00543922
9.59 0.00563026
9.6 0.00578687
9.61 0.00590735
9.62 0.00599016
9.63 0.00603407
9.64 0.00603827
9.65 0.00600245
9.66 0.00592683
9.67 0.0058121
9.68 0.00565945
9.69 0.0054705
9.7 0.00524719
9.71 0.0049916
9.72 0.00470591
9.73 0.00439228
9.74 0.00405278
9.75 0.0036893
9.76 0.00330353
9.77 0.00289699
9.78 0.00247107
9.79 0.002027
9.8 0.00156587
9.81 0.00108862
9.82 0.000596072
9.83 8.89618e-05
9.84 -0.000432055
9.85 -0.000966381
9.86 -0.00151339
9.87 -0.00207232
9.88 -0.0026422
9.89 -0.0032219
9.9 -0.00381006
9.91 -0.00440505
9.92 -0.00500487
9.93 -0.00560726
9.94 -0.00620962
9.95 -0.00680911
9.96 -0.00740273
9.97 -0.00798745
9.98 -0.00856044
9.99 -0.00911909
10 -0.00966108
10.01 -0.0101844
10.02 -0.0106873
10.03 -0.0111684
10.04 -0.0116267
10.05 -0.012061
10.06 -0.0124703
10.07 -0.0128533
10.08 -0.0132089
10.09 -0.0135356
10.1 -0.013832
10.11 -0.0140969
10.12 -0.0143288
10.13 -0.0145267
10.14 -0.0146899
10.15 -0.0148179
10.16 -0.0149105
10.17 -0.0149677
10.18 -0.0149896
10.19 -0.0149764
10.2 -0.0149281
10.21 -0.0148447
10.22 -0.0147265
10.23 -0.0145734
10.24 -0.0143859
10.25 -0.0141642
10.26 -0.0139088
10.27 -0.0136206
10.28 -0.0133005
10.29 -0.0129495
10.3 -0.0125691
10.31 -0.0121606
10.32 -0.0117253
10.33 -0.0112648
10.34 -0.0107805
10.35 -0.010274
10.36 -0.0097468
10.37 -0.00920073
10.38 -0.00863753
10.39 -0.00805903
10.4 -0.00746703
10.41 -0.00686333
10.42 -0.00624956
10.43 -0.00562723
10.44 -0.00499763
10.45 -0.00436186
10.46 -0.00372084
10.47 -0.00307548
10.48 -0.00242671
10.49 -0.00177566
10.5 -0.00112373
10.51 -0.000472638
10.52 0.000175581
10.53 0.000818633
10.54 0.00145402
10.55 0.00207915
10.56 0.00269143
10.57 0.00328829
10.58 0.00386716
10.59 0.00442555
10.6 0.00496111
10.61 0.00547152
10.62 0.00595456
10.63 0.00640802
10.64 0.00682975
10.65 0.0072176
10.66 0.00756948
10.67 0.00788336
10.68 0.00815741
10.69 0.00838999
10.7 0.00857984
10.71 0.00872606
10.72 0.00882808
10.73 0.00888564
10.74 0.00889878
10.75 0.00886779
10.76 0.00879319
10.77 0.00867575
10.78 0.00851651
10.79 0.00831678
10.8 0.00807807
10.81 0.00780207
10.82 0.00749069
10.83 0.00714602
10.84 0.00677029
10.85 0.00636585
10.86 0.00593511
10.87 0.00548041
10.88 0.00500409
10.89 0.00450851
10.9 0.00399599
10.91 0.00346891
10.92 0.00292972
10.93 0.00238105
10.94 0.00182578
10.95 0.00126704
10.96 0.000708158
10.97 0.000152663
10.98 -0.000395837
10.99 -0.000933737
11 -0.00145757
11.01 -0.00196405
11.02 -0.0024501
11.03 -0.00291293
11.04 -0.00335006
11.05 -0.00375931
11.06 -0.00413873
11.07 -0.00448659
11.08 -0.00480138
11.09 -0.00508185
11.1 -0.0053269
11.11 -0.00553559
11.12 -0.00570702
11.13 -0.00584038
11.14 -0.00593498
11.15 -0.00599029
11.16 -0.00600591
11.17 -0.00598143
11.18 -0.00591644
11.19 -0.00581043
11.2 -0.00566287
11.21 -0.00547322
11.22 -0.00524092
11.23 -0.0049655
11.24 -0.00464677
11.25 -0.00428504
11.26 -0.00388124
11.27 -0.00343692
11.28 -0.00295418
11.29 -0.00243553
11.3 -0.00188374
11.31 -0.00130179
11.32 -0.000692759
11.33 -5.97314e-05
11.34 0.000594311
11.35 0.00126664
11.36 0.00195486
11.37 0.0026568
11.38 0.00337041
11.39 0.00409364
11.4 0.00482433
11.41 0.00556027
11.42 0.00629898
11.43 0.00703773
11.44 0.00777355
11.45 0.0085033
11.46 0.00922375
11.47 0.00993178
11.48 0.0106244
11.49 0.0112992
11.5 0.0119538
11.51 0.0125866
11.52 0.0131964
11.53 0.0137823
11.54 0.0143434
11.55 0.0148792
11.56 0.015389
11.57 0.0158722
11.58 0.0163276
11.59 0.0167543
11.6 0.0171511
11.61 0.017517
11.62 0.0178513
11.63 0.0181533
11.64 0.0184224
11.65 0.0186582
11.66 0.0188605
11.67 0.019029
11.68 0.0191638
11.69 0.0192648
11.7 0.0193318
11.71 0.0193649
11.72 0.0193637
11.73 0.0193277
11.74 0.0192563
11.75 0.0191488
11.76 0.019004
11.77 0.0188205
11.78 0.0185967
11.79 0.0183305
11.8 0.0180199
11.81 0.0176629
11.82 0.0172582
11.83 0.0168049
11.84 0.0163026
11.85 0.0157514
11.86 0.0151519
11.87 0.014505
11.88 0.0138118
11.89 0.0130737
11.9 0.0122924
11.91 0.0114697
11.92 0.0106077
11.93 0.00970896
11.94 0.00877592
11.95 0.00781141
11.96 0.00681837
11.97 0.00579986
11.98 0.00475919
11.99 0.00369993
12 0.00262592
12.01 0.00154122
12.02 0.000450117
12.03 -0.000642823
12.04 -0.00173275
12.05 -0.00281463
12.06 -0.00388334
12.07 -0.00493376
12.08 -0.00596094
12.09 -0.00696029
12.1 -0.0079276
12.11 -0.00885911
12.12 -0.00975143
12.13 -0.0106017
12.14 -0.0114077
12.15 -0.0121676
12.16 -0.0128801
12.17 -0.0135443
12.18 -0.0141593
12.19 -0.0147249
12.2 -0.0152407
12.21 -0.0157066
12.22 -0.0161225
12.23 -0.0164886
12.24 -0.016805
12.25 -0.0170721
12.26 -0.0172901
12.27 -0.0174595
12.28 -0.0175807
12.29 -0.0176542
12.3 -0.0176803
12.31 -0.0176596
12.32 -0.0175925
12.33 -0.0174795
12.34 -0.0173208
12.35 -0.0171167
12.36 -0.0168673
12.37 -0.016573
12.38 -0.0162338
12.39 -0.0158498
12.4 -0.0154212
12.41 -0.014948
12.42 -0.0144309
12.43 -0.0138705
12.44 -0.0132678
12.45 -0.012624
12.46 -0.0119403
12.47 -0.0112184
12.48 -0.0104596
12.49 -0.00966503
12.5 -0.00883547
12.51 -0.00797137
12.52 -0.00707288
12.53 -0.00613996
12.54 -0.00517256
12.55 -0.00417087
12.56 -0.00313542
12.57 -0.00206714
12.58 -0.000967389
12.59 0.000162233
12.6 0.00131993
12.61 0.00250377
12.62 0.00371158
12.63 0.00494081
12.64 0.00618851
12.65 0.00745146
12.66 0.00872613
12.67 0.0100086
12.68 0.0112946
12.69 0.0125793
12.7 0.0138574
12.71 0.0151235
12.72 0.016372
12.73 0.0175969
12.74 0.0187928
12.75 0.0199539
12.76 0.0210749
12.77 0.0221506
12.78 0.0231763
12.79 0.0241474
12.8 0.0250608
12.81 0.0259158
12.82 0.0267121
12.83 0.0274489
12.84 0.0281256
12.85 0.0287414
12.86 0.0292957
12.87 0.0297879
12.88 0.0302178
12.89 0.0305853
12.9 0.0308907
12.91 0.0311343
12.92 0.0313165
12.93 0.031438
12.94 0.0314989
12.95 0.0314995
12.96 0.03144
12.97 0.0313205
12.98 0.0311416
12.99 0.0309038
13 0.0306079
13.01 0.030255
13.02 0.0298466
13.03 0.0293845
13.04 0.028871
13.05 0.0283085
13.06 0.0276996
13.07 0.0270469
13.08 0.0263531
13.09 0.0256206
13.1 0.0248518
13.11 0.0240487
13.12 0.0232137
13.13 0.0223487
13.14 0.0214561
13.15 0.0205385
13.16 0.0195986
13.17 0.0186397
13.18 0.017665
13.19 0.0166783
13.2 0.0156834
13.21 0.0146841
13.22 0.0136842
13.23 0.0126875
13.24 0.0116977
13.25 0.0107185
13.26 0.00975323
13.27 0.00880522
13.28 0.00787754
13.29 0.00697306
13.3 0.00609441
13.31 0.00524398
13.32 0.00442379
13.33 0.00363556
13.34 0.00288071
13.35 0.00216049
13.36 0.001476
13.37 0.000828316
13.38 0.000218527
13.39 -0.000352304
13.4 -0.000883101
13.41 -0.00137275
13.42 -0.00182008
13.43 -0.00222386
13.44 -0.00258277
13.45 -0.00289548
13.46 -0.00316057
13.47 -0.00337663
13.48 -0.00354224
13.49 -0.00365609
13.5 -0.00371694
13.51 -0.0037237
13.52 -0.00367541
13.53 -0.00357129
13.54 -0.00341065
13.55 -0.00319292
13.56 -0.00291766
13.57 -0.00258469
13.58 -0.00219412
13.59 -0.00174651
13.6 -0.00124282
13.61 -0.000684421
13.62 -7.29364e-05
13.63 0.000589776
13.64 0.00130165
13.65 0.00206039
13.66 0.00286351
13.67 0.00370842
13.68 0.00459232
13.69 0.00551216
13.7 0.00646455
13.71 0.00744582
13.72 0.0084521
13.73 0.00947921
13.74 0.0105227
13.75 0.0115778
13.76 0.0126394
13.77 0.0137021
13.78 0.0147601
13.79 0.0158071
13.8 0.0168368
13.81 0.0178421
13.82 0.0188159
13.83 0.0197509
13.84 0.0206404
13.85 0.0214786
13.86 0.0222604
13.87 0.0229818
13.88 0.0236392
13.89 0.0242291
13.9 0.0247484
13.91 0.0251943
13.92 0.0255642
13.93 0.025856
13.94 0.0260678
13.95 0.026198
13.96 0.0262453
13.97 0.0262087
13.98 0.0260879
13.99 0.0258827
14 0.025593
14.01 0.0252193
14.02 0.0247621
14.03 0.0242225
14.04 0.0236019
14.05 0.022902
14.06 0.0221248
14.07 0.0212726
14.08 0.0203476
14.09 0.0193522
14.1 0.0182889
14.11 0.0171601
14.12 0.0159681
14.13 0.0147151
14.14 0.0134033
14.15 0.0120347
14.16 0.0106112
14.17 0.00913482
14.18 0.00760767
14.19 0.00603216
14.2 0.00441093
14.21 0.00274678
14.22 0.00104266
14.23 -0.000698392
14.24 -0.00247329
14.25 -0.00427897
14.26 -0.00611235
14.27 -0.00797031
14.28 -0.00984957
14.29 -0.0117467
14.3 -0.0136578
14.31 -0.0155789
14.32 -0.0175055
14.33 -0.0194357
14.34 -0.0213726
14.35 -0.0233195
14.36 -0.0252787
14.37 -0.0272524
14.38 -0.0292432
14.39 -0.0312539
14.4 -0.0332872
14.41 -0.035346
14.42 -0.0374331
14.43 -0.0395512
14.44 -0.0417028
14.45 -0.0438897
14.46 -0.0461134
14.47 -0.0483748
14.48 -0.0506745
14.49 -0.0530129
14.5 -0.0553901
14.51 -0.0578065
14.52 -0.0602623
14.53 -0.0627579
14.54 -0.0652939
14.55 -0.0678709
14.56 -0.0704895
14.57 -0.0731506
14.58 -0.0758549
14.59 -0.078603
14.6 -0.0813955
14.61 -0.0842327
14.62 -0.0871145
14.63 -0.0900401
14.64 -0.093008
14.65 -0.0960157
14.66 -0.0990601
14.67 -0.102137
14.68 -0.105243
14.69 -0.108373
14.7 -0.111524
14.71 -0.114692
14.72 -0.117873
14.73 -0.121064
14.74 -0.124259
14.75 -0.127451
14.76 -0.130635
14.77 -0.133803
14.78 -0.136948
14.79 -0.140064
14.8 -0.143144
14.81 -0.146183
14.82 -0.149172
14.83 -0.152106
14.84 -0.154978
14.85 -0.157782
14.86 -0.160512
14.87 -0.163162
14.88 -0.165726
14.89 -0.168197
14.9 -0.170569
14.91 -0.172836
14.92 -0.174992
14.93 -0.177029
14.94 -0.178942
14.95 -0.180724
14.96 -0.182369
14.97 -0.18387
14.98 -0.185222
14.99 -0.18642
15 -0.187462
15.01 -0.188346
15.02 -0.189072
15.03 -0.18964
15.04 -0.190054
15.05 -0.190315
15.06 -0.190428
15.07 -0.190397
15.08 -0.190228
15.09 -0.189926
15.1 -0.189498
15.11 -0.188949
15.12 -0.188289
15.13 -0.187523
15.14 -0.186661
15.15 -0.185711
15.16 -0.18468
15.17 -0.183579
15.18 -0.182414
15.19 -0.181193
15.2 -0.179925
15.21 -0.178616
15.22 -0.177274
15.23 -0.175908
15.24 -0.174527
15.25 -0.173138
15.26 -0.171751
15.27 -0.170375
15.28 -0.169021
15.29 -0.167698
15.3 -0.166416
15.31 -0.165182
15.32 -0.164006
15.33 -0.162893
15.34 -0.16185
15.35 -0.160883
15.36 -0.159997
15.37 -0.159198
15.38 -0.158492
15.39 -0.157882
15.4 -0.157374
15.41 -0.156971
15.42 -0.156675
15.43 -0.156488
15.44 -0.15641
15.45 -0.156443
15.46 -0.156584
15.47 -0.156832
15.48 -0.157184
15.49 -0.157635
15.5 -0.15818
15.51 -0.158812
15.52 -0.159522
15.53 -0.160303
15.54 -0.161146
15.55 -0.162041
15.56 -0.162979
15.57 -0.16395
15.58 -0.164946
15.59 -0.165957
15.6 -0.166973
15.61 -0.167986
15.62 -0.168984
15.63 -0.16996
15.64 -0.170903
15.65 -0.171806
15.66 -0.172658
15.67 -0.173451
15.68 -0.174177
15.69 -0.174828
15.7 -0.175396
15.71 -0.175874
15.72 -0.176255
15.73 -0.176533
15.74 -0.176702
15.75 -0.176756
15.76 -0.176689
15.77 -0.176497
15.78 -0.176176
15.79 -0.175722
15.8 -0.175132
15.81 -0.174404
15.82 -0.173537
15.83 -0.17253
15.84 -0.171383
15.85 -0.170098
15.86 -0.168678
15.87 -0.167124
15.88 -0.165442
15.89 -0.163634
15.9 -0.161707
15.91 -0.159665
15.92 -0.157516
15.93 -0.155265
15.94 -0.15292
15.95 -0.150488
15.96 -0.147976
15.97 -0.145395
15.98 -0.142752
15.99 -0.140055
16 -0.137307
16.01 -0.134508
16.02 -0.13166
16.03 -0.128765
16.04 -0.125827
16.05 -0.122848
16.06 -0.119834
16.07 -0.116791
16.08 -0.113722
16.09 -0.110634
16.1 -0.107531
16.11 -0.104419
16.12 -0.101301
16.13 -0.0981822
16.14 -0.0950684
16.15 -0.0919643
16.16 -0.088875
16.17 -0.0858055
16.18 -0.0827612
16.19 -0.0797473
16.2 -0.076769
16.21 -0.0738314
16.22 -0.0709391
16.23 -0.0680964
16.24 -0.0653068
16.25 -0.0625731
16.26 -0.0598972
16.27 -0.0572803
16.28 -0.054723
16.29 -0.0522256
16.3 -0.0497885
16.31 -0.0474116
16.32 -0.0450947
16.33 -0.0428376
16.34 -0.0406398
16.35 -0.0385008
16.36 -0.0364201
16.37 -0.034397
16.38 -0.0324308
16.39 -0.0305209
16.4 -0.0286664
16.41 -0.0268663
16.42 -0.0251198
16.43 -0.0234261
16.44 -0.0217845
16.45 -0.0201942
16.46 -0.0186548
16.47 -0.0171655
16.48 -0.0157258
16.49 -0.014335
16.5 -0.0129927
16.51 -0.0116984
16.52 -0.0104516
16.53 -0.00925172
16.54 -0.00809825
16.55 -0.00699065
16.56 -0.00592847
16.57 -0.00491137
16.58 -0.00393916
16.59 -0.00301177
16.6 -0.00212931
16.61 -0.00129214
16.62 -0.000500858
16.63 0.000243579
16.64 0.000939889
16.65 0.00158643
16.66 0.00218121
16.67 0.00272188
16.68 0.00320572
16.69 0.00362963
16.7 0.00399023
16.71 0.00428423
16.72 0.00450857
16.73 0.0046607
16.74 0.00473863
16.75 0.00474086
16.76 0.00466627
16.77 0.00451419
16.78 0.0042846
16.79 0.00397803
16.8 0.00359553
16.81 0.0031386
16.82 0.00260914
16.83 0.00200939
16.84 0.00134197
16.85 0.00060984
16.86 -0.000183864
16.87 -0.00103587
16.88 -0.00194286
16.89 -0.00290148
16.9 -0.00390838
16.91 -0.00496022
16.92 -0.00605356
16.93 -0.00718485
16.94 -0.0083503
16.95 -0.00954594
16.96 -0.0107676
16.97 -0.012011
16.98 -0.0132717
16.99 -0.0145451
17 -0.0158264
17.01 -0.017111
17.02 -0.018394
17.03 -0.0196707
17.04 -0.0209365
17.05 -0.0221871
17.06 -0.023418
17.07 -0.0246249
17.08 -0.0258036
17.09 -0.02695
17.1 -0.02806
17.11 -0.0291301
17.12 -0.0301566
17.13 -0.0311362
17.14 -0.0320656
17.15 -0.032942
17.16 -0.0337625
17.17 -0.0345246
17.18 -0.0352261
17.19 -0.035865
17.2 -0.0364395
17.21 -0.036948
17.22 -0.0373891
17.23 -0.0377619
17.24 -0.0380656
17.25 -0.0382998
17.26 -0.0384644
17.27 -0.0385598
17.28 -0.0385867
17.29 -0.0385461
17.3 -0.0384395
17.31 -0.0382685
17.32 -0.0380349
17.33 -0.0377409
17.34 -0.0373889
17.35 -0.0369818
17.36 -0.0365227
17.37 -0.0360155
17.38 -0.0354645
17.39 -0.0348745
17.4 -0.034251
17.41 -0.0336001
17.42 -0.0329283
17.43 -0.0322423
17.44 -0.0315488
17.45 -0.0308542
17.46 -0.0301641
17.47 -0.0294839
17.48 -0.0288182
17.49 -0.028171
17.5 -0.0275465
17.51 -0.0269483
17.52 -0.0263802
17.53 -0.0258459
17.54 -0.025349
17.55 -0.0248928
17.56 -0.0244802
17.57 -0.0241138
17.58 -0.0237958
17.59 -0.0235277
17.6 -0.0233106
17.61 -0.023145
17.62 -0.0230306
17.63 -0.0229666
17.64 -0.0229514
17.65 -0.022983
17.66 -0.023059
17.67 -0.0231764
17.68 -0.023332
17.69 -0.0235222
17.7 -0.0237434
17.71 -0.0239919
17.72 -0.0242644
17.73 -0.0245579
17.74 -0.0248695
17.75 -0.0251964
17.76 -0.0255355
17.77 -0.0258835
17.78 -0.0262366
17.79 -0.0265905
17.8 -0.0269404
17.81 -0.0272816
17.82 -0.0276093
17.83 -0.0279186
17.84 -0.028205
17.85 -0.028464
17.86 -0.0286913
17.87 -0.0288829
17.88 -0.0290352
17.89 -0.029145
17.9 -0.0292101
17.91 -0.0292285
17.92 -0.0291994
17.93 -0.0291222
17.94 -0.0289967
17.95 -0.0288232
17.96 -0.0286022
17.97 -0.0283346
17.98 -0.0280218
17.99 -0.0276653
18 -0.0272668
18.01 -0.0268282
18.02 -0.0263517
18.03 -0.0258394
18.04 -0.0252938
18.05 -0.0247172
18.06 -0.0241119
18.07 -0.0234804
18.08 -0.0228253
18.09 -0.0221493
18.1 -0.0214551
18.11 -0.0207458
18.12 -0.0200242
18.13 -0.0192933
18.14 -0.0185558
18.15 -0.0178147
18.16 -0.0170723
18.17 -0.0163311
18.18 -0.0155932
18.19 -0.0148607
18.2 -0.0141352
18.21 -0.0134185
18.22 -0.012712
18.23 -0.0120172
18.24 -0.0113358
18.25 -0.0106692
18.26 -0.0100193
18.27 -0.00938745
18.28 -0.00877528
18.29 -0.0081841
18.3 -0.00761515
18.31 -0.00706951
18.32 -0.00654805
18.33 -0.00605154
18.34 -0.00558069
18.35 -0.0051362
18.36 -0.00471877
18.37 -0.00432919
18.38 -0.0039682
18.39 -0.00363646
18.4 -0.00333443
18.41 -0.00306234
18.42 -0.00282018
18.43 -0.00260756
18.44 -0.00242377
18.45 -0.00226773
18.46 -0.002138
18.47 -0.00203285
18.48 -0.00195035
18.49 -0.00188839
18.5 -0.00184486
18.51 -0.00181771
18.52 -0.00180503
18.53 -0.00180512
18.54 -0.00181644
18.55 -0.00183764
18.56 -0.00186758
18.57 -0.00190528
18.58 -0.00194983
18.59 -0.00200033
18.6 -0.00205584
18.61 -0.00211538
18.62 -0.00217792
18.63 -0.00224239
18.64 -0.00230774
18.65 -0.00237293
18.66 -0.0024371
18.67 -0.00249968
18.68 -0.00256056
18.69 -0.00262034
18.7 -0.00268046
18.71 -0.00274318
18.72 -0.00281162
18.73 -0.0028896
18.74 -0.00298129
18.75 -0.0030908
18.76 -0.00322203
18.77 -0.00337871
18.78 -0.00356444
18.79 -0.00378269
18.8 -0.00403684
18.81 -0.00433016
18.82 -0.00466582
18.83 -0.00504691
18.84 -0.00547638
18.85 -0.00595707
18.86 -0.00649166
18.87 -0.00708265
18.88 -0.00773224
18.89 -0.00844225
18.9 -0.00921398
18.91 -0.010048
18.92 -0.0109442
18.93 -0.0119015
18.94 -0.012918
18.95 -0.0139911
18.96 -0.0151182
18.97 -0.0162961
18.98 -0.017522
18.99 -0.0187927
19 -0.0201055
19.01 -0.0214577
19.02 -0.0228469
19.03 -0.0242707
19.04 -0.025727
19.05 -0.027213
19.06 -0.028726
19.07 -0.0302624
19.08 -0.0318186
19.09 -0.0333903
19.1 -0.0349732
19.11 -0.0365626
19.12 -0.0381541
19.13 -0.0397438
19.14 -0.0413276
19.15 -0.0429018
19.16 -0.0444625
19.17 -0.0460085
19.18 -0.0475425
19.19 -0.0490664
19.2 -0.0505797
19.21 -0.0520814
19.22 -0.0535695
19.23 -0.0550419
19.24 -0.056496
19.25 -0.0579295
19.26 -0.0593406
19.27 -0.0607281
19.28 -0.0620915
19.29 -0.0634307
19.3 -0.0647454
19.31 -0.0660349
19.32 -0.0672984
19.33 -0.0685347
19.34 -0.069742
19.35 -0.0709184
19.36 -0.0720611
19.37 -0.0731673
19.38 -0.0742341
19.39 -0.0752586
19.4 -0.0762381
19.41 -0.0771697
19.42 -0.0780508
19.43 -0.0788784
19.44 -0.07965
19.45 -0.0803628
19.46 -0.081014
19.47 -0.0816011
19.48 -0.0821213
19.49 -0.0825722
19.5 -0.0829514
19.51 -0.0832568
19.52 -0.0834863
19.53 -0.0836381
19.54 -0.0837107
19.55 -0.0837031
19.56 -0.0836146
19.57 -0.0834457
19.58 -0.0831968
19.59 -0.0828694
19.6 -0.0824648
19.61 -0.0819852
19.62 -0.0814329
19.63 -0.0808108
19.64 -0.0801218
19.65 -0.0793693
19.66 -0.0785569
19.67 -0.0776885
19.68 -0.0767684
19.69 -0.0758009
19.7 -0.0747908
19.71 -0.0737432
19.72 -0.0726633
19.73 -0.0715565
19.74 -0.0704281
19.75 -0.0692835
19.76 -0.0681276
19.77 -0.0669654
19.78 -0.0658014
19.79 -0.0646403
19.8 -0.0634866
19.81 -0.0623446
19.82 -0.0612189
19.83 -0.0601138
19.84 -0.0590339
19.85 -0.0579837
19.86 -0.0569678
19.87 -0.0559906
19.88 -0.0550567
19.89 -0.0541703
19.9 -0.0533355
19.91 -0.0525558
19.92 -0.0518344
19.93 -0.0511742
19.94 -0.0505774
19.95 -0.0500463
19.96 -0.0495829
19.97 -0.049189
19.98 -0.0488665
19.99 -0.0486171
20 -0.0484424
20.01 -0.0483438
20.02 -0.0483226
20.03 -0.0483793
20.04 -0.048514
20.05 -0.048726
20.06 -0.0490137
20.07 -0.0493747
20.08 -0.049806
20.09 -0.0503038
20.1 -0.0508635
20.11 -0.0514802
20.12 -0.0521484
20.13 -0.0528626
20.14 -0.0536173
20.15 -0.0544068
20.16 -0.0552253
20.17 -0.0560672
20.18 -0.0569269
20.19 -0.057799
20.2 -0.0586784
20.21 -0.0595605
20.22 -0.0604405
20.23 -0.0613141
20.24 -0.0621767
20.25 -0.063024
20.26 -0.0638518
20.27 -0.0646561
20.28 -0.0654333
20.29 -0.0661801
20.3 -0.0668935
20.31 -0.067571
20.32 -0.0682102
20.33 -0.0688092
20.34 -0.0693664
20.35 -0.0698801
20.36 -0.0703488
20.37 -0.0707712
20.38 -0.0711456
20.39 -0.0714703
20.4 -0.0717431
20.41 -0.071962
20.42 -0.0721247
20.43 -0.072229
20.44 -0.0722727
20.45 -0.072254
20.46 -0.0721711
20.47 -0.0720229
20.48 -0.0718082
20.49 -0.0715262
20.5 -0.0711762
20.51 -0.0707578
20.52 -0.0702707
20.53 -0.0697151
20.54 -0.0690911
20.55 -0.0683995
20.56 -0.0676409
20.57 -0.0668168
20.58 -0.0659288
20.59 -0.0649797
20.6 -0.0639724
20.61 -0.0629111
20.62 -0.0618001
20.63 -0.0606444
20.64 -0.059449
20.65 -0.0582191
20.66 -0.0569601
20.67 -0.0556775
20.68 -0.0543767
20.69 -0.0530631
20.7 -0.0517419
20.71 -0.0504182
20.72 -0.0490971
20.73 -0.0477834
20.74 -0.0464822
20.75 -0.0451982
20.76 -0.0439362
20.77 -0.0427007
20.78 -0.0414961
20.79 -0.0403261
20.8 -0.0391945
20.81 -0.0381039
20.82 -0.0370568
20.83 -0.0360548
20.84 -0.0350993
20.85 -0.0341897
20.86 -0.0333226
20.87 -0.0324952
20.88 -0.0317057
20.89 -0.0309526
20.9 -0.0302349
20.91 -0.0295517
20.92 -0.0289023
20.93 -0.0282859
20.94 -0.0277019
20.95 -0.0271495
20.96 -0.0266284
20.97 -0.0261384
20.98 -0.0256795
20.99 -0.0252523
21 -0.0248575
21.01 -0.0244964
21.02 -0.0241706
21.03 -0.0238822
21.04 -0.0236333
21.05 -0.0234264
21.06 -0.0232635
21.07 -0.0231469
21.08 -0.0230787
21.09 -0.023061
21.1 -0.0230959
21.11 -0.0231854
21.12 -0.0233304
21.13 -0.0235318
21.14 -0.0237896
21.15 -0.0241036
21.16 -0.0244731
21.17 -0.0248973
21.18 -0.025375
21.19 -0.0259049
21.2 -0.0264854
21.21 -0.0271148
21.22 -0.0277912
21.23 -0.0285126
21.24 -0.0292766
21.25 -0.0300807
21.26 -0.030922
21.27 -0.0317974
21.28 -0.0327035
21.29 -0.0336362
21.3 -0.0345917
21.31 -0.0355657
21.32 -0.0365539
21.33 -0.0375523
21.34 -0.0385568
21.35 -0.0395636
21.36 -0.0405693
21.37 -0.0415704
21.38 -0.042564
21.39 -0.0435473
21.4 -0.0445179
21.41 -0.0454738
21.42 -0.0464129
21.43 -0.0473336
21.44 -0.0482343
21.45 -0.0491132
21.46 -0.0499687
21.47 -0.0507989
21.48 -0.0516023
21.49 -0.0523769
21.5 -0.0531214
21.51 -0.0538343
21.52 -0.0545143
21.53 -0.0551603
21.54 -0.0557711
21.55 -0.0563457
21.56 -0.0568833
21.57 -0.0573834
21.58 -0.0578456
21.59 -0.05827
21.6 -0.058657
21.61 -0.0590071
21.62 -0.0593211
21.63 -0.0595995
21.64 -0.0598429
21.65 -0.0600516
21.66 -0.0602257
21.67 -0.0603652
21.68 -0.06047
21.69 -0.0605401
21.7 -0.0605755
21.71 -0.0605764
21.72 -0.0605433
21.73 -0.0604764
21.74 -0.0603763
21.75 -0.0602433
21.76 -0.0600777
21.77 -0.0598796
21.78 -0.0596492
21.79 -0.0593864
21.8 -0.0590914
21.81 -0.0587646
21.82 -0.0584069
21.83 -0.0580192
21.84 -0.0576032
21.85 -0.0571608
21.86 -0.0566942
21.87 -0.0562061
21.88 -0.0556992
21.89 -0.0551766
21.9 -0.0546414
21.91 -0.0540967
21.92 -0.0535456
21.93 -0.0529908
21.94 -0.052435
21.95 -0.0518808
21.96 -0.0513305
21.97 -0.0507868
21.98 -0.0502524
21.99 -0.0497303
22 -0.0492241
22.01 -0.0487373
22.02 -0.0482739
22.03 -0.0478378
22.04 -0.0474327
22.05 -0.047062
22.06 -0.046728
22.07 -0.0464325
22.08 -0.0461762
22.09 -0.0459597
22.1 -0.045783
22.11 -0.0456457
22.12 -0.0455473
22.13 -0.0454869
22.14 -0.0454637
22.15 -0.0454766
22.16 -0.0455248
22.17 -0.0456072
22.18 -0.0457232
22.19 -0.0458717
22.2 -0.0460516
22.21 -0.0462618
22.22 -0.0465006
22.23 -0.0467663
22.24 -0.0470566
22.25 -0.0473693
22.26 -0.047702
22.27 -0.0480521
22.28 -0.0484171
22.29 -0.0487945
22.3 -0.0491823
22.31 -0.0495785
22.32 -0.0499817
22.33 -0.0503906
22.34 -0.0508042
22.35 -0.0512217
22.36 -0.0516423
22.37 -0.0520652
22.38 -0.0524894
22.39 -0.052914
22.4 -0.0533379
22.41 -0.0537596
22.42 -0.0541777
22.43 -0.0545906
22.44 -0.0549966
22.45 -0.0553937
22.46 -0.0557801
22.47 -0.0561537
22.48 -0.0565119
22.49 -0.0568524
22.5 -0.0571724
22.51 -0.0574692
22.52 -0.0577396
22.53 -0.0579807
22.54 -0.0581894
22.55 -0.0583626
22.56 -0.0584975
22.57 -0.0585914
22.58 -0.0586416
22.59 -0.0586456
22.6 -0.058601
22.61 -0.0585059
22.62 -0.0583582
22.63 -0.0581565
22.64 -0.0578996
22.65 -0.0575869
22.66 -0.0572181
22.67 -0.0567934
22.68 -0.0563138
22.69 -0.0557806
22.7 -0.0551954
22.71 -0.0545597
22.72 -0.0538752
22.73 -0.0531438
22.74 -0.0523674
22.75 -0.051548
22.76 -0.0506878
22.77 -0.0497894
22.78 -0.0488554
22.79 -0.0478888
22.8 -0.0468928
22.81 -0.0458706
22.82 -0.0448256
22.83 -0.0437611
22.84 -0.0426808
22.85 -0.0415884
22.86 -0.0404875
22.87 -0.039382
22.88 -0.0382758
22.89 -0.037173
22.9 -0.0360776
22.91 -0.0349941
22.92 -0.0339267
22.93 -0.0328801
22.94 -0.0318589
22.95 -0.0308676
22.96 -0.0299111
22.97 -0.0289939
22.98 -0.0281207
22.99 -0.0272955
23 -0.0265217
23.01 -0.0258023
23.02 -0.0251395
23.03 -0.0245351
23.04 -0.0239904
23.05 -0.0235062
23.06 -0.0230833
23.07 -0.022722
23.08 -0.0224223
23.09 -0.0221834
23.1 -0.0220045
23.11 -0.0218856
23.12 -0.0218264
23.13 -0.0218269
23.14 -0.0218867
23.15 -0.0220055
23.16 -0.0221826
23.17 -0.022417
23.18 -0.0227076
23.19 -0.0230527
23.2 -0.0234507
23.21 -0.0238994
23.22 -0.0243965
23.23 -0.0249399
23.24 -0.0255269
23.25 -0.0261549
23.26 -0.026821
23.27 -0.0275224
23.28 -0.028256
23.29 -0.0290184
23.3 -0.0298061
23.31 -0.0306154
23.32 -0.0314424
23.33 -0.0322833
23.34 -0.0331343
23.35 -0.0339917
23.36 -0.0348517
23.37 -0.0357108
23.38 -0.0365659
23.39 -0.0374136
23.4 -0.0382513
23.41 -0.0390765
23.42 -0.0398869
23.43 -0.0406806
23.44 -0.041456
23.45 -0.0422117
23.46 -0.0429464
23.47 -0.043659
23.48 -0.0443482
23.49 -0.0450123
23.5 -0.0456498
23.51 -0.0462589
23.52 -0.0468381
23.53 -0.0473858
23.54 -0.0479004
23.55 -0.0483807
23.56 -0.0488252
23.57 -0.0492329
23.58 -0.0496024
23.59 -0.0499327
23.6 -0.0502228
23.61 -0.0504718
23.62 -0.0506788
23.63 -0.0508433
23.64 -0.0509644
23.65 -0.0510417
23.66 -0.0510748
23.67 -0.0510633
23.68 -0.0510074
23.69 -0.0509075
23.7 -0.0507643
23.71 -0.0505788
23.72 -0.0503524
23.73 -0.0500867
23.74 -0.0497838
23.75 -0.0494461
23.76 -0.0490763
23.77 -0.0486778
23.78 -0.0482543
23.79 -0.0478098
23.8 -0.047349
23.81 -0.0468765
23.82 -0.0463968
23.83 -0.0459144
23.84 -0.0454339
23.85 -0.0449597
23.86 -0.044496
23.87 -0.0440469
23.88 -0.0436167
23.89 -0.0432093
23.9 -0.0428285
23.91 -0.0424785
23.92 -0.0421632
23.93 -0.0418865
23.94 -0.0416522
23.95 -0.0414637
23.96 -0.0413241
23.97 -0.041236
23.98 -0.0412013
23.99 -0.0412213
24 -0.0412964
24.01 -0.0414266
24.02 -0.0416111
24.03 -0.0418486
24.04 -0.0421371
24.05 -0.0424737
24.06 -0.042855
24.07 -0.0432765
24.08 -0.0437336
24.09 -0.0442212
24.1 -0.0447344
24.11 -0.0452684
24.12 -0.0458185
24.13 -0.0463804
24.14 -0.0469504
24.15 -0.0475252
24.16 -0.0481022
24.17 -0.0486791
24.18 -0.0492538
24.19 -0.0498242
24.2 -0.0503886
24.21 -0.0509451
24.22 -0.0514921
24.23 -0.0520283
24.24 -0.0525522
24.25 -0.0530627
24.26 -0.0535588
24.27 -0.0540397
24.28 -0.0545048
24.29 -0.0549539
24.3 -0.0553868
24.31 -0.0558039
24.32 -0.0562057
24.33 -0.0565923
24.34 -0.0569636
24.35 -0.057319
24.36 -0.0576575
24.37 -0.0579776
24.38 -0.058278
24.39 -0.0585568
24.4 -0.0588125
24.41 -0.0590434
24.42 -0.059248
24.43 -0.0594251
24.44 -0.0595739
24.45 -0.0596937
24.46 -0.059784
24.47 -0.0598443
24.48 -0.0598742
24.49 -0.0598734
24.5 -0.0598415
24.51 -0.0597785
24.52 -0.0596841
24.53 -0.0595587
24.54 -0.0594024
24.55 -0.0592158
24.56 -0.0589998
24.57 -0.0587553
24.58 -0.0584837
24.59 -0.0581867
24.6 -0.0578658
24.61 -0.057523
24.62 -0.0571601
24.63 -0.056779
24.64 -0.0563818
24.65 -0.0559703
24.66 -0.0555461
24.67 -0.0551108
24.68 -0.0546656
24.69 -0.0542118
24.7 -0.0537502
24.71 -0.0532815
24.72 -0.0528067
24.73 -0.0523264
24.74 -0.0518414
24.75 -0.0513523
24.76 -0.0508598
24.77 -0.0503644
24.78 -0.0498667
24.79 -0.0493677
24.8 -0.0488682
24.81 -0.0483694
24.82 -0.0478726
24.83 -0.0473792
24.84 -0.0468908
24.85 -0.0464091
24.86 -0.0459361
24.87 -0.0454734
24.88 -0.0450229
24.89 -0.0445868
24.9 -0.0441672
24.91 -0.0437665
24.92 -0.043387
24.93 -0.0430313
24.94 -0.0427019
24.95 -0.0424011
24.96 -0.0421312
24.97 -0.0418945
24.98 -0.0416929
24.99 -0.0415283
25 -0.0414022
