0.01 3.17431e-09
0.02 1.52901e-08
0.03 3.77553e-08
0.04 6.82152e-08
0.05 1.04354e-07
0.06 1.43918e-07
0.07 1.84736e-07
0.08 2.24719e-07
0.09 2.6184e-07
0.1 2.94142e-07
0.11 3.19758e-07
0.12 3.36911e-07
0.13 3.43883e-07
0.14 3.38959e-07
0.15 3.20413e-07
0.16 2.86569e-07
0.17 2.35853e-07
0.18 1.66803e-07
0.19 7.80839e-08
0.2 -3.14997e-08
0.21 -1.62994e-07
0.22 -3.17289e-07
0.23 -4.95126e-07
0.24 -6.97113e-07
0.25 -9.2376e-07
0.26 -1.17553e-06
0.27 -1.4529e-06
0.28 -1.75619e-06
0.29 -2.08534e-06
0.3 -2.4398e-06
0.31 -2.81845e-06
0.32 -3.21962e-06
0.33 -3.64085e-06
0.34 -4.07879e-06
0.35 -4.52953e-06
0.36 -4.98876e-06
0.37 -5.45197e-06
0.38 -5.91499e-06
0.39 -6.37478e-06
0.4 -6.83003e-06
0.41 -7.28151e-06
0.42 -7.73156e-06
0.43 -8.18353e-06
0.44 -8.64181e-06
0.45 -9.11171e-06
0.46 -9.59899e-06
0.47 -1.01094e-05
0.48 -1.0648e-05
0.49 -1.12192e-05
0.5 -1.18263e-05
0.51 -1.24721e-05
0.52 -1.31587e-05
0.53 -1.38874e-05
0.54 -1.4659e-05
0.55 -1.54741e-05
0.56 -1.63323e-05
0.57 -1.72331e-05
0.58 -1.81757e-05
0.59 -1.91593e-05
0.6 -2.01828e-05
0.61 -2.12449e-05
0.62 -2.23443e-05
0.63 -2.34792e-05
0.64 -2.46479e-05
0.65 -2.58488e-05
0.66 -2.70802e-05
0.67 -2.83408e-05
0.68 -2.96293e-05
0.69 -3.0945e-05
0.7 -3.2287e-05
0.71 -3.3654e-05
0.72 -3.50442e-05
0.73 -3.64543e-05
0.74 -3.78787e-05
0.75 -3.93095e-05
0.76 -4.07355e-05
0.77 -4.21433e-05
0.78 -4.35177e-05
0.79 -4.48447e-05
0.8 -4.61125e-05
0.81 -4.73125e-05
0.82 -4.84386e-05
0.83 -4.94864e-05
0.84 -5.04539e-05
0.85 -5.13424e-05
0.86 -5.21562e-05
0.87 -5.28986e-05
0.88 -5.35682e-05
0.89 -5.41579e-05
0.9 -5.46578e-05
0.91 -5.50562e-05
0.92 -5.53415e-05
0.93 -5.55038e-05
0.94 -5.55381e-05
0.95 -5.54448e-05
0.96 -5.52312e-05
0.97 -5.491e-05
0.98 -5.44948e-05
0.99 -5.39949e-05
1 -5.34132e-05
1.01 -5.27471e-05
1.02 -5.19884e-05
1.03 -5.11242e-05
1.04 -5.01393e-05
1.05 -4.90189e-05
1.06 -4.77514e-05
1.07 -4.63303e-05
1.08 -4.47529e-05
1.09 -4.30173e-05
1.1 -4.11213e-05
1.11 -3.90647e-05
1.12 -3.68472e-05
1.13 -3.4467e-05
1.14 -3.19214e-05
1.15 -2.9208e-05
1.16 -2.6327e-05
1.17 -2.3283e-05
1.18 -2.00879e-05
1.19 -1.67587e-05
1.2 -1.33145e-05
1.21 -9.77756e-06
1.22 -6.17491e-06
1.23 -2.53528e-06
1.24 1.11636e-06
1.25 4.76671e-06
1.26 8.41874e-06
1.27 1.20869e-05
1.28 1.57873e-05
1.29 1.95356e-05
1.3 2.33453e-05
1.31 2.72235e-05
1.32 3.11683e-05
1.33 3.51712e-05
1.34 3.92227e-05
1.35 4.33158e-05
1.36 4.74462e-05
1.37 5.16121e-05
1.38 5.58141e-05
1.39 6.00534e-05
1.4 6.433e-05
1.41 6.86395e-05
1.42 7.29696e-05
1.43 7.72955e-05
1.44 8.15765e-05
1.45 8.57536e-05
1.46 8.97516e-05
1.47 9.34853e-05
1.48 9.68668e-05
1.49 9.98067e-05
1.5 0.000102218
1.51 0.000104019
1.52 0.000105139
1.53 0.000105523
1.54 0.00010514
1.55 0.000103992
1.56 0.000102115
1.57 9.95694e-05
1.58 9.64331e-05
1.59 9.27929e-05
1.6 8.87332e-05
1.61 8.43286e-05
1.62 7.96468e-05
1.63 7.47477e-05
1.64 6.96834e-05
1.65 6.44989e-05
1.66 5.92294e-05
1.67 5.38987e-05
1.68 4.85211e-05
1.69 4.31073e-05
1.7 3.7668e-05
1.71 3.2214e-05
1.72 2.67564e-05
1.73 2.13095e-05
1.74 1.58936e-05
1.75 1.0539e-05
1.76 5.28174e-06
1.77 1.55663e-07
1.78 -4.80272e-06
1.79 -9.54928e-06
1.8 -1.40345e-05
1.81 -1.82088e-05
1.82 -2.20221e-05
1.83 -2.54265e-05
1.84 -2.83863e-05
1.85 -3.08833e-05
1.86 -3.29127e-05
1.87 -3.44732e-05
1.88 -3.5561e-05
1.89 -3.61694e-05
1.9 -3.62883e-05
1.91 -3.59044e-05
1.92 -3.50015e-05
1.93 -3.3562e-05
1.94 -3.15811e-05
1.95 -2.90818e-05
1.96 -2.61167e-05
1.97 -2.2762e-05
1.98 -1.91133e-05
1.99 -1.52738e-05
2 -1.13338e-05
2.01 -7.35215e-06
2.02 -3.35423e-06
2.03 6.65012e-07
2.04 4.73818e-06
2.05 8.91547e-06
2.06 1.32543e-05
2.07 1.78091e-05
2.08 2.2616e-05
2.09 2.76805e-05
2.1 3.29761e-05
2.11 3.84474e-05
2.12 4.40072e-05
2.13 4.95328e-05
2.14 5.48767e-05
2.15 5.988e-05
2.16 6.43749e-05
2.17 6.81922e-05
2.18 7.11634e-05
2.19 7.31131e-05
2.2 7.38535e-05
2.21 7.31897e-05
2.22 7.09317e-05
2.23 6.69009e-05
2.24 6.09356e-05
2.25 5.28866e-05
2.26 4.26223e-05
2.27 3.00549e-05
2.28 1.5147e-05
2.29 -2.10101e-06
2.3 -2.16549e-05
2.31 -4.34458e-05
2.32 -6.73641e-05
2.33 -9.32478e-05
2.34 -0.000120877
2.35 -0.00014998
2.36 -0.000180243
2.37 -0.00021132
2.38 -0.000242845
2.39 -0.000274432
2.4 -0.00030569
2.41 -0.000336268
2.42 -0.000365873
2.43 -0.000394255
2.44 -0.000421185
2.45 -0.000446454
2.46 -0.000469874
2.47 -0.000491286
2.48 -0.000510567
2.49 -0.000527614
2.5 -0.000542325
2.51 -0.00055459
2.52 -0.000564285
2.53 -0.000571289
2.54 -0.00057549
2.55 -0.000576776
2.56 -0.000575044
2.57 -0.000570227
2.58 -0.000562315
2.59 -0.000551359
2.6 -0.000537466
2.61 -0.000520783
2.62 -0.000501473
2.63 -0.000479699
2.64 -0.00045561
2.65 -0.000429341
2.66 -0.000401012
2.67 -0.000370731
2.68 -0.000338607
2.69 -0.000304761
2.7 -0.000269332
2.71 -0.000232466
2.72 -0.000194312
2.73 -0.000155024
2.74 -0.000114737
2.75 -7.35673e-05
2.76 -3.16238e-05
2.77 1.09868e-05
2.78 5.41843e-05
2.79 9.79282e-05
2.8 0.000142212
2.81 0.000187058
2.82 0.000232485
2.83 0.00027848
2.84 0.000324989
2.85 0.000371923
2.86 0.000419152
2.87 0.000466512
2.88 0.00051378
2.89 0.000560685
2.9 0.000606938
2.91 0.000652235
2.92 0.000696257
2.93 0.000738684
2.94 0.000779201
2.95 0.000817509
2.96 0.000853332
2.97 0.000886447
2.98 0.000916695
2.99 0.000943973
3 0.000968215
3.01 0.000989386
3.02 0.00100746
3.03 0.00102241
3.04 0.00103418
3.05 0.00104269
3.06 0.00104785
3.07 0.00104952
3.08 0.00104753
3.09 0.00104169
3.1 0.00103186
3.11 0.0010179
3.12 0.000999785
3.13 0.000977531
3.14 0.000951242
3.15 0.000921052
3.16 0.000887125
3.17 0.000849655
3.18 0.000808861
3.19 0.000764969
3.2 0.000718195
3.21 0.000668749
3.22 0.000616877
3.23 0.000562869
3.24 0.000507057
3.25 0.000449811
3.26 0.000391521
3.27 0.000332612
3.28 0.000273565
3.29 0.000214874
3.3 0.000157018
3.31 0.000100475
3.32 4.57263e-05
3.33 -6.79921e-06
3.34 -5.67649e-05
3.35 -0.000103957
3.36 -0.000148295
3.37 -0.000189829
3.38 -0.000228717
3.39 -0.000265227
3.4 -0.000299721
3.41 -0.000332637
3.42 -0.000364458
3.43 -0.000395669
3.44 -0.000426741
3.45 -0.000458126
3.46 -0.000490236
3.47 -0.000523409
3.48 -0.000557858
3.49 -0.000593651
3.5 -0.000630719
3.51 -0.000668875
3.52 -0.000707814
3.53 -0.00074714
3.54 -0.000786395
3.55 -0.000825115
3.56 -0.000862886
3.57 -0.000899354
3.58 -0.000934185
3.59 -0.000967052
3.6 -0.000997673
3.61 -0.00102584
3.62 -0.00105139
3.63 -0.00107424
3.64 -0.00109435
3.65 -0.00111176
3.66 -0.00112655
3.67 -0.00113889
3.68 -0.00114902
3.69 -0.00115722
3.7 -0.0011638
3.71 -0.00116901
3.72 -0.00117314
3.73 -0.00117643
3.74 -0.00117909
3.75 -0.00118127
3.76 -0.00118311
3.77 -0.0011847
3.78 -0.00118611
3.79 -0.00118736
3.8 -0.00118843
3.81 -0.00118926
3.82 -0.0011897
3.83 -0.00118962
3.84 -0.00118882
3.85 -0.00118713
3.86 -0.00118437
3.87 -0.00118047
3.88 -0.00117546
3.89 -0.00116948
3.9 -0.00116279
3.91 -0.00115576
3.92 -0.00114887
3.93 -0.0011427
3.94 -0.00113784
3.95 -0.00113488
3.96 -0.0011344
3.97 -0.00113693
3.98 -0.00114285
3.99 -0.00115242
4 -0.0011657
4.01 -0.00118264
4.02 -0.00120302
4.03 -0.0012265
4.04 -0.00125262
4.05 -0.00128081
4.06 -0.00131036
4.07 -0.00134046
4.08 -0.00137014
4.09 -0.00139831
4.1 -0.00142382
4.11 -0.00144548
4.12 -0.0014622
4.13 -0.00147304
4.14 -0.0014773
4.15 -0.00147452
4.16 -0.00146458
4.17 -0.0014477
4.18 -0.00142436
4.19 -0.00139531
4.2 -0.00136147
4.21 -0.00132393
4.22 -0.00128381
4.23 -0.0012422
4.24 -0.00120008
4.25 -0.00115831
4.26 -0.0011177
4.27 -0.00107897
4.28 -0.0010427
4.29 -0.00100934
4.3 -0.000979168
4.31 -0.00095232
4.32 -0.000928805
4.33 -0.000908524
4.34 -0.000891241
4.35 -0.000876567
4.36 -0.000863967
4.37 -0.000852774
4.38 -0.000842226
4.39 -0.000831506
4.4 -0.000819753
4.41 -0.000806063
4.42 -0.000789507
4.43 -0.000769174
4.44 -0.000744188
4.45 -0.000713756
4.46 -0.000677239
4.47 -0.00063421
4.48 -0.000584447
4.49 -0.000527888
4.5 -0.000464547
4.51 -0.000394488
4.52 -0.000317873
4.53 -0.000234993
4.54 -0.000146264
4.55 -5.2202e-05
4.56 4.65831e-05
4.57 0.000149403
4.58 0.00025549
4.59 0.000364021
4.6 0.000474128
4.61 0.000584942
4.62 0.000695643
4.63 0.000805471
4.64 0.000913722
4.65 0.00101977
4.66 0.00112308
4.67 0.00122328
4.68 0.00132014
4.69 0.00141356
4.7 0.00150355
4.71 0.00159011
4.72 0.00167324
4.73 0.00175291
4.74 0.0018291
4.75 0.00190171
4.76 0.00197054
4.77 0.00203535
4.78 0.00209588
4.79 0.00215189
4.8 0.00220313
4.81 0.00224927
4.82 0.00228999
4.83 0.00232496
4.84 0.00235388
4.85 0.00237639
4.86 0.00239214
4.87 0.00240083
4.88 0.00240222
4.89 0.00239612
4.9 0.00238238
4.91 0.00236091
4.92 0.00233171
4.93 0.00229482
4.94 0.00225035
4.95 0.00219841
4.96 0.00213919
4.97 0.00207289
4.98 0.00199983
4.99 0.00192039
5 0.00183501
5.01 0.00174413
5.02 0.00164816
5.03 0.00154741
5.04 0.00144208
5.05 0.00133225
5.06 0.0012179
5.07 0.00109885
5.08 0.000974844
5.09 0.000845568
5.1 0.000710679
5.11 0.000569798
5.12 0.000422587
5.13 0.000268788
5.14 0.000108243
5.15 -5.9062e-05
5.16 -0.000232935
5.17 -0.000412942
5.18 -0.000598445
5.19 -0.00078865
5.2 -0.000982619
5.21 -0.00117927
5.22 -0.00137744
5.23 -0.00157595
5.24 -0.00177365
5.25 -0.00196943
5.26 -0.00216213
5.27 -0.00235053
5.28 -0.00253338
5.29 -0.00270947
5.3 -0.00287762
5.31 -0.00303671
5.32 -0.00318573
5.33 -0.00332386
5.34 -0.0034505
5.35 -0.00356532
5.36 -0.0036682
5.37 -0.00375936
5.38 -0.00383929
5.39 -0.00390864
5.4 -0.00396814
5.41 -0.00401856
5.42 -0.00406067
5.43 -0.00409515
5.44 -0.00412256
5.45 -0.00414331
5.46 -0.00415768
5.47 -0.00416582
5.48 -0.00416784
5.49 -0.00416383
5.5 -0.00415381
5.51 -0.00413769
5.52 -0.00411537
5.53 -0.00408674
5.54 -0.00405168
5.55 -0.00401006
5.56 -0.00396174
5.57 -0.0039066
5.58 -0.00384466
5.59 -0.00377602
5.6 -0.0037008
5.61 -0.00361914
5.62 -0.00353115
5.63 -0.00343692
5.64 -0.00333653
5.65 -0.00323007
5.66 -0.00311763
5.67 -0.0029993
5.68 -0.00287514
5.69 -0.00274513
5.7 -0.0026092
5.71 -0.00246721
5.72 -0.00231894
5.73 -0.00216414
5.74 -0.00200255
5.75 -0.00183392
5.76 -0.001658
5.77 -0.00147464
5.78 -0.00128381
5.79 -0.00108564
5.8 -0.000880436
5.81 -0.000668752
5.82 -0.000451353
5.83 -0.000229263
5.84 -3.73038e-06
5.85 0.000223833
5.86 0.000451904
5.87 0.000678878
5.88 0.000903113
5.89 0.00112297
5.9 0.00133686
5.91 0.00154329
5.92 0.00174094
5.93 0.00192862
5.94 0.00210533
5.95 0.00227025
5.96 0.00242284
5.97 0.0025629
5.98 0.00269053
5.99 0.00280612
6 0.00291027
6.01 0.00300379
6.02 0.00308757
6.03 0.00316256
6.04 0.00322975
6.05 0.00329016
6.06 0.00334475
6.07 0.00339438
6.08 0.00343973
6.09 0.0034813
6.1 0.00351949
6.11 0.00355456
6.12 0.00358665
6.13 0.00361576
6.14 0.00364187
6.15 0.00366492
6.16 0.00368493
6.17 0.00370203
6.18 0.00371657
6.19 0.00372909
6.2 0.00374025
6.21 0.0037508
6.22 0.00376151
6.23 0.00377326
6.24 0.00378691
6.25 0.00380326
6.26 0.00382311
6.27 0.00384722
6.28 0.00387633
6.29 0.00391122
6.3 0.00395264
6.31 0.00400141
6.32 0.00405838
6.33 0.00412443
6.34 0.00420045
6.35 0.00428733
6.36 0.0043859
6.37 0.00449676
6.38 0.00462016
6.39 0.00475605
6.4 0.00490408
6.41 0.00506373
6.42 0.00523436
6.43 0.00541535
6.44 0.00560615
6.45 0.00580637
6.46 0.00601588
6.47 0.00623471
6.48 0.00646296
6.49 0.00670061
6.5 0.00694747
6.51 0.00720294
6.52 0.00746599
6.53 0.00773519
6.54 0.00800866
6.55 0.00828409
6.56 0.0085587
6.57 0.00882946
6.58 0.00909313
6.59 0.00934647
6.6 0.00958644
6.61 0.00981033
6.62 0.0100158
6.63 0.0102009
6.64 0.0103641
6.65 0.0105041
6.66 0.0106198
6.67 0.0107101
6.68 0.0107739
6.69 0.0108102
6.7 0.010818
6.71 0.0107964
6.72 0.0107446
6.73 0.0106619
6.74 0.0105477
6.75 0.0104017
6.76 0.0102236
6.77 0.0100137
6.78 0.00977209
6.79 0.00949945
6.8 0.0091965
6.81 0.00886416
6.82 0.00850335
6.83 0.00811504
6.84 0.00770013
6.85 0.00725946
6.86 0.00679381
6.87 0.00630383
6.88 0.00579016
6.89 0.00525341
6.9 0.00469436
6.91 0.00411398
6.92 0.00351353
6.93 0.00289462
6.94 0.00225919
6.95 0.00160953
6.96 0.000948141
6.97 0.000277622
6.98 -0.000399539
6.99 -0.0010811
7 -0.00176511
7.01 -0.00245001
7.02 -0.00313454
7.03 -0.00381764
7.04 -0.00449829
7.05 -0.00517533
7.06 -0.00584737
7.07 -0.00651262
7.08 -0.00716898
7.09 -0.00781401
7.1 -0.008445
7.11 -0.00905914
7.12 -0.00965358
7.13 -0.0102257
7.14 -0.0107734
7.15 -0.0112948
7.16 -0.0117889
7.17 -0.0122549
7.18 -0.0126923
7.19 -0.013101
7.2 -0.0134809
7.21 -0.0138319
7.22 -0.0141539
7.23 -0.0144465
7.24 -0.014709
7.25 -0.0149407
7.26 -0.0151404
7.27 -0.015307
7.28 -0.0154396
7.29 -0.0155373
7.3 -0.0155998
7.31 -0.0156269
7.32 -0.015619
7.33 -0.0155768
7.34 -0.0155013
7.35 -0.0153933
7.36 -0.0152538
7.37 -0.0150837
7.38 -0.0148833
7.39 -0.0146529
7.4 -0.0143924
7.41 -0.0141017
7.42 -0.0137803
7.43 -0.0134282
7.44 -0.0130455
7.45 -0.0126325
7.46 -0.0121903
7.47 -0.01172
7.48 -0.0112235
7.49 -0.0107029
7.5 -0.0101608
7.51 -0.00959998
7.52 -0.00902375
7.53 -0.00843535
7.54 -0.00783804
7.55 -0.007235
7.56 -0.00662935
7.57 -0.00602417
7.58 -0.00542255
7.59 -0.00482756
7.6 -0.00424225
7.61 -0.00366958
7.62 -0.00311227
7.63 -0.00257259
7.64 -0.00205231
7.65 -0.0015527
7.66 -0.00107449
7.67 -0.000617776
7.68 -0.000182012
7.69 0.000233978
7.7 0.000631929
7.71 0.00101399
7.72 0.00138237
7.73 0.00173906
7.74 0.00208567
7.75 0.00242332
7.76 0.00275268
7.77 0.00307402
7.78 0.00338735
7.79 0.0036924
7.8 0.00398861
7.81 0.00427519
7.82 0.00455115
7.83 0.00481533
7.84 0.00506637
7.85 0.00530283
7.86 0.00552316
7.87 0.00572584
7.88 0.00590936
7.89 0.0060724
7.9 0.00621383
7.91 0.00633278
7.92 0.00642868
7.93 0.00650127
7.94 0.00655065
7.95 0.00657719
7.96 0.00658154
7.97 0.00656457
7.98 0.00652739
7.99 0.00647128
8 0.00639757
8.01 0.00630755
8.02 0.00620243
8.03 0.00608332
8.04 0.00595112
8.05 0.0058065
8.06 0.00564986
8.07 0.00548136
8.08 0.00530103
8.09 0.00510883
8.1 0.00490483
8.11 0.0046893
8.12 0.0044629
8.13 0.00422666
8.14 0.00398198
8.15 0.00373058
8.16 0.00347445
8.17 0.00321581
8.18 0.00295697
8.19 0.00270027
8.2 0.00244799
8.21 0.00220229
8.22 0.00196512
8.23 0.0017382
8.24 0.00152312
8.25 0.00132123
8.26 0.00113364
8.27 0.000961196
8.28 0.000804457
8.29 0.000663678
8.3 0.000538731
8.31 0.000429018
8.32 0.000333372
8.33 0.000250035
8.34 0.000176734
8.35 0.000110798
8.36 4.9323e-05
8.37 -1.05833e-05
8.38 -7.15872e-05
8.39 -0.000135941
8.4 -0.000205315
8.41 -0.000280772
8.42 -0.000362845
8.43 -0.00045161
8.44 -0.000546719
8.45 -0.0006474
8.46 -0.000752461
8.47 -0.000860326
8.48 -0.000969097
8.49 -0.00107667
8.5 -0.00118087
8.51 -0.00127949
8.52 -0.00137046
8.53 -0.00145205
8.54 -0.00152292
8.55 -0.00158225
8.56 -0.00162964
8.57 -0.00166498
8.58 -0.00168841
8.59 -0.00170021
8.6 -0.00170078
8.61 -0.00169048
8.62 -0.00166961
8.63 -0.00163823
8.64 -0.00159617
8.65 -0.00154297
8.66 -0.00147787
8.67 -0.00139992
8.68 -0.00130802
8.69 -0.00120103
8.7 -0.00107787
8.71 -0.00093752
8.72 -0.000779076
8.73 -0.000601888
8.74 -0.000405578
8.75 -0.000190024
8.76 4.45625e-05
8.77 0.000297561
8.78 0.00056795
8.79 0.000854366
8.8 0.00115512
8.81 0.00146818
8.82 0.0017913
8.83 0.00212207
8.84 0.00245818
8.85 0.00279743
8.86 0.0031378
8.87 0.00347742
8.88 0.00381459
8.89 0.0041478
8.9 0.00447588
8.91 0.00479789
8.92 0.00511318
8.93 0.00542121
8.94 0.00572157
8.95 0.0060138
8.96 0.00629738
8.97 0.00657175
8.98 0.00683629
8.99 0.00709027
9 0.00733276
9.01 0.0075626
9.02 0.00777837
9.03 0.00797841
9.04 0.00816087
9.05 0.00832385
9.06 0.00846555
9.07 0.00858437
9.08 0.00867891
9.09 0.00874804
9.1 0.00879077
9.11 0.00880625
9.12 0.00879369
9.13 0.00875242
9.14 0.00868183
9.15 0.00858143
9.16 0.00845095
9.17 0.00829041
9.18 0.00810028
9.19 0.00788151
9.2 0.0076356
9.21 0.00736459
9.22 0.00707113
9.23 0.00675841
9.24 0.00642994
9.25 0.00608937
9.26 0.00574019
9.27 0.00538555
9.28 0.00502818
9.29 0.00467029
9.3 0.00431357
9.31 0.00395944
9.32 0.00360921
9.33 0.00326404
9.34 0.002925
9.35 0.0025931
9.36 0.00226926
9.37 0.00195435
9.38 0.00164916
9.39 0.00135444
9.4 0.00107076
9.41 0.000798482
9.42 0.000537652
9.43 0.000287953
9.44 4.86115e-05
9.45 -0.00018162
9.46 -0.00040435
9.47 -0.000621389
9.48 -0.000834606
9.49 -0.00104574
9.5 -0.00125624
9.51 -0.0014672
9.52 -0.00167929
9.53 -0.00189281
9.54 -0.00210777
9.55 -0.0023241
9.56 -0.00254168
9.57 -0.00276053
9.58 -0.00298084
9.59 -0.00320307
9.6 -0.00342788
9.61 -0.00365604
9.62 -0.00388829
9.63 -0.00412521
9.64 -0.00436711
9.65 -0.00461395
9.66 -0.0048653
9.67 -0.0051204
9.68 -0.00537814
9.69 -0.00563715
9.7 -0.00589583
9.71 -0.00615259
9.72 -0.00640587
9.73 -0.00665426
9.74 -0.00689653
9.75 -0.00713174
9.76 -0.00735928
9.77 -0.00757879
9.78 -0.00779014
9.79 -0.00799344
9.8 -0.00818903
9.81 -0.00837747
9.82 -0.00855951
9.83 -0.00873605
9.84 -0.00890814
9.85 -0.00907695
9.86 -0.00924365
9.87 -0.00940933
9.88 -0.00957493
9.89 -0.00974122
9.9 -0.00990882
9.91 -0.010078
9.92 -0.0102489
9.93 -0.010421
9.94 -0.0105939
9.95 -0.0107667
9.96 -0.0109382
9.97 -0.0111073
9.98 -0.0112731
9.99 -0.0114348
10 -0.0115918
10.01 -0.0117437
10.02 -0.0118906
10.03 -0.0120324
10.04 -0.0121696
10.05 -0.0123024
10.06 -0.0124311
10.07 -0.0125556
10.08 -0.0126757
10.09 -0.0127911
10.1 -0.0129012
10.11 -0.0130053
10.12 -0.0131028
10.13 -0.0131931
10.14 -0.013276
10.15 -0.0133511
10.16 -0.0134185
10.17 -0.0134781
10.18 -0.01353
10.19 -0.013574
10.2 -0.01361
10.21 -0.0136375
10.22 -0.0136561
10.23 -0.0136652
10.24 -0.0136642
10.25 -0.0136527
10.26 -0.0136301
10.27 -0.0135961
10.28 -0.0135505
10.29 -0.0134931
10.3 -0.0134237
10.31 -0.0133424
10.32 -0.013249
10.33 -0.0131432
10.34 -0.013025
10.35 -0.0128942
10.36 -0.0127506
10.37 -0.0125941
10.38 -0.0124247
10.39 -0.0122423
10.4 -0.0120469
10.41 -0.0118383
10.42 -0.0116163
10.43 -0.0113805
10.44 -0.0111304
10.45 -0.010865
10.46 -0.0105836
10.47 -0.0102851
10.48 -0.00996876
10.49 -0.00963395
10.5 -0.00928033
10.51 -0.00890799
10.52 -0.00851736
10.53 -0.00810919
10.54 -0.00768452
10.55 -0.00724457
10.56 -0.00679062
10.57 -0.00632407
10.58 -0.00584636
10.59 -0.00535898
10.6 -0.00486342
10.61 -0.00436121
10.62 -0.00385393
10.63 -0.00334327
10.64 -0.00283099
10.65 -0.00231897
10.66 -0.00180921
10.67 -0.00130371
10.68 -0.000804511
10.69 -0.000313523
10.7 0.000167527
10.71 0.000637149
10.72 0.00109404
10.73 0.00153706
10.74 0.00196522
10.75 0.00237768
10.76 0.00277366
10.77 0.00315252
10.78 0.00351379
10.79 0.00385711
10.8 0.00418226
10.81 0.00448908
10.82 0.00477751
10.83 0.00504763
10.84 0.00529958
10.85 0.00553352
10.86 0.00574963
10.87 0.00594799
10.88 0.00612862
10.89 0.00629153
10.9 0.00643669
10.91 0.0065641
10.92 0.00667384
10.93 0.00676617
10.94 0.00684162
10.95 0.006901
10.96 0.00694537
10.97 0.00697603
10.98 0.00699442
10.99 0.00700205
11 0.00700037
11.01 0.00699075
11.02 0.00697444
11.03 0.00695253
11.04 0.00692589
11.05 0.00689524
11.06 0.00686118
11.07 0.00682424
11.08 0.00678484
11.09 0.00674333
11.1 0.0067
11.11 0.00665519
11.12 0.00660929
11.13 0.0065628
11.14 0.00651623
11.15 0.00647008
11.16 0.0064249
11.17 0.00638138
11.18 0.00634038
11.19 0.00630299
11.2 0.00627049
11.21 0.00624432
11.22 0.00622607
11.23 0.00621741
11.24 0.00621985
11.25 0.00623454
11.26 0.00626216
11.27 0.00630288
11.28 0.00635645
11.29 0.0064223
11.3 0.00649972
11.31 0.00658785
11.32 0.00668586
11.33 0.00679293
11.34 0.00690844
11.35 0.00703204
11.36 0.00716377
11.37 0.00730393
11.38 0.00745294
11.39 0.00761123
11.4 0.00777916
11.41 0.00795697
11.42 0.00814467
11.43 0.00834196
11.44 0.00854826
11.45 0.00876278
11.46 0.0089846
11.47 0.0092128
11.48 0.00944659
11.49 0.00968544
11.5 0.00992917
11.51 0.0101779
11.52 0.0104323
11.53 0.0106928
11.54 0.0109604
11.55 0.0112358
11.56 0.0115196
11.57 0.0118122
11.58 0.0121137
11.59 0.0124239
11.6 0.0127423
11.61 0.0130687
11.62 0.0134025
11.63 0.0137436
11.64 0.0140914
11.65 0.0144456
11.66 0.0148058
11.67 0.0151715
11.68 0.0155423
11.69 0.0159175
11.7 0.0162964
11.71 0.0166779
11.72 0.0170609
11.73 0.0174436
11.74 0.0178244
11.75 0.0182009
11.76 0.0185706
11.77 0.0189305
11.78 0.0192771
11.79 0.0196064
11.8 0.0199145
11.81 0.0201974
11.82 0.0204514
11.83 0.0206732
11.84 0.0208601
11.85 0.0210095
11.86 0.0211195
11.87 0.0211882
11.88 0.0212139
11.89 0.0211952
11.9 0.0211307
11.91 0.0210193
11.92 0.0208603
11.93 0.020653
11.94 0.0203968
11.95 0.0200916
11.96 0.0197371
11.97 0.0193335
11.98 0.0188811
11.99 0.0183805
12 0.0178327
12.01 0.0172389
12.02 0.0166007
12.03 0.01592
12.04 0.0151991
12.05 0.0144407
12.06 0.0136476
12.07 0.0128229
12.08 0.0119696
12.09 0.0110905
12.1 0.0101882
12.11 0.00926513
12.12 0.00832344
12.13 0.00736499
12.14 0.00639133
12.15 0.00540366
12.16 0.00440297
12.17 0.00339008
12.18 0.00236582
12.19 0.00133099
12.2 0.000286393
12.21 -0.000767116
12.22 -0.00182853
12.23 -0.00289669
12.24 -0.00397041
12.25 -0.00504845
12.26 -0.00612934
12.27 -0.00721148
12.28 -0.00829311
12.29 -0.00937233
12.3 -0.0104471
12.31 -0.0115153
12.32 -0.0125745
12.33 -0.0136221
12.34 -0.0146553
12.35 -0.015671
12.36 -0.0166662
12.37 -0.0176376
12.38 -0.0185817
12.39 -0.0194949
12.4 -0.0203735
12.41 -0.021214
12.42 -0.0220129
12.43 -0.0227668
12.44 -0.0234734
12.45 -0.024131
12.46 -0.0247388
12.47 -0.0252954
12.48 -0.0257993
12.49 -0.0262488
12.5 -0.0266415
12.51 -0.0269747
12.52 -0.0272451
12.53 -0.0274492
12.54 -0.0275834
12.55 -0.0276443
12.56 -0.0276286
12.57 -0.0275332
12.58 -0.0273558
12.59 -0.0270944
12.6 -0.0267469
12.61 -0.026312
12.62 -0.0257883
12.63 -0.0251752
12.64 -0.0244725
12.65 -0.0236805
12.66 -0.0227998
12.67 -0.0218319
12.68 -0.0207786
12.69 -0.0196425
12.7 -0.0184269
12.71 -0.0171354
12.72 -0.0157722
12.73 -0.0143417
12.74 -0.0128487
12.75 -0.011298
12.76 -0.00969455
12.77 -0.00804328
12.78 -0.00634915
12.79 -0.00461712
12.8 -0.00285218
12.81 -0.00105938
12.82 0.000756078
12.83 0.00258884
12.84 0.00443348
12.85 0.00628457
12.86 0.00813676
12.87 0.00998485
12.88 0.0118239
12.89 0.0136491
12.9 0.0154564
12.91 0.0172415
12.92 0.0190004
12.93 0.0207312
12.94 0.0224347
12.95 0.0241117
12.96 0.025762
12.97 0.0273853
12.98 0.0289814
12.99 0.0305498
13 0.0320901
13.01 0.0336019
13.02 0.035085
13.03 0.0365395
13.04 0.0379656
13.05 0.0393634
13.06 0.0407332
13.07 0.042075
13.08 0.0433886
13.09 0.0446737
13.1 0.0459296
13.11 0.0471553
13.12 0.0483496
13.13 0.0495114
13.14 0.0506396
13.15 0.051733
13.16 0.0527909
13.17 0.0538128
13.18 0.0547983
13.19 0.0557472
13.2 0.0566597
13.21 0.0575356
13.22 0.0583751
13.23 0.0591782
13.24 0.0599447
13.25 0.0606747
13.26 0.061368
13.27 0.0620242
13.28 0.062643
13.29 0.063224
13.3 0.0637664
13.31 0.0642696
13.32 0.0647327
13.33 0.0651544
13.34 0.0655334
13.35 0.0658685
13.36 0.0661584
13.37 0.0664018
13.38 0.0665978
13.39 0.0667455
13.4 0.0668441
13.41 0.0668933
13.42 0.0668926
13.43 0.0668422
13.44 0.0667424
13.45 0.0665939
13.46 0.0663977
13.47 0.0661552
13.48 0.0658681
13.49 0.0655381
13.5 0.0651675
13.51 0.0647584
13.52 0.0643132
13.53 0.0638346
13.54 0.0633251
13.55 0.0627878
13.56 0.0622256
13.57 0.0616416
13.58 0.0610388
13.59 0.0604201
13.6 0.0597881
13.61 0.0591453
13.62 0.0584943
13.63 0.0578373
13.64 0.0571769
13.65 0.0565154
13.66 0.0558552
13.67 0.0551986
13.68 0.054548
13.69 0.0539054
13.7 0.0532728
13.71 0.0526519
13.72 0.0520442
13.73 0.0514511
13.74 0.0508735
13.75 0.0503123
13.76 0.0497676
13.77 0.0492395
13.78 0.0487276
13.79 0.0482308
13.8 0.0477479
13.81 0.0472768
13.82 0.0468153
13.83 0.0463606
13.84 0.0459107
13.85 0.0454637
13.86 0.0450189
13.87 0.0445757
13.88 0.0441341
13.89 0.0436939
13.9 0.0432548
13.91 0.0428167
13.92 0.0423793
13.93 0.0419424
13.94 0.0415058
13.95 0.0410692
13.96 0.0406324
13.97 0.0401953
13.98 0.0397575
13.99 0.0393191
14 0.0388796
14.01 0.0384389
14.02 0.0379966
14.03 0.0375524
14.04 0.0371061
14.05 0.0366576
14.06 0.0362067
14.07 0.035753
14.08 0.0352962
14.09 0.0348357
14.1 0.0343706
14.11 0.0338998
14.12 0.0334219
14.13 0.0329352
14.14 0.0324378
14.15 0.0319272
14.16 0.031401
14.17 0.0308565
14.18 0.030291
14.19 0.0297021
14.2 0.0290873
14.21 0.0284444
14.22 0.0277711
14.23 0.0270652
14.24 0.0263246
14.25 0.0255469
14.26 0.02473
14.27 0.0238717
14.28 0.0229699
14.29 0.022023
14.3 0.0210296
14.31 0.0199877
14.32 0.0188941
14.33 0.017746
14.34 0.0165413
14.35 0.0152781
14.36 0.0139543
14.37 0.0125678
14.38 0.0111163
14.39 0.009597
14.4 0.00800741
14.41 0.0063448
14.42 0.0046065
14.43 0.00278998
14.44 0.000892963
14.45 -0.00108639
14.46 -0.00314934
14.47 -0.0052967
14.48 -0.00752892
14.49 -0.00984623
14.5 -0.0122487
14.51 -0.0147365
14.52 -0.0173097
14.53 -0.0199687
14.54 -0.0227138
14.55 -0.0255456
14.56 -0.0284646
14.57 -0.0314714
14.58 -0.0345666
14.59 -0.0377509
14.6 -0.0410247
14.61 -0.0443881
14.62 -0.0478408
14.63 -0.0513821
14.64 -0.0550101
14.65 -0.0587225
14.66 -0.0625159
14.67 -0.0663862
14.68 -0.0703291
14.69 -0.0743404
14.7 -0.0784161
14.71 -0.0825525
14.72 -0.086746
14.73 -0.090992
14.74 -0.0952851
14.75 -0.0996188
14.76 -0.103986
14.77 -0.108381
14.78 -0.112795
14.79 -0.117222
14.8 -0.121655
14.81 -0.126087
14.82 -0.130512
14.83 -0.134923
14.84 -0.139313
14.85 -0.143676
14.86 -0.148004
14.87 -0.152293
14.88 -0.156535
14.89 -0.160723
14.9 -0.164852
14.91 -0.168915
14.92 -0.172904
14.93 -0.176813
14.94 -0.180636
14.95 -0.184364
14.96 -0.187992
14.97 -0.191512
14.98 -0.19492
14.99 -0.19821
15 -0.201379
15.01 -0.204424
15.02 -0.207345
15.03 -0.210143
15.04 -0.21282
15.05 -0.215377
15.06 -0.217819
15.07 -0.220149
15.08 -0.222372
15.09 -0.224493
15.1 -0.226516
15.11 -0.228447
15.12 -0.230289
15.13 -0.232048
15.14 -0.233728
15.15 -0.235335
15.16 -0.236872
15.17 -0.238344
15.18 -0.239755
15.19 -0.241107
15.2 -0.242403
15.21 -0.243646
15.22 -0.244839
15.23 -0.245984
15.24 -0.247084
15.25 -0.248143
15.26 -0.249165
15.27 -0.250154
15.28 -0.251114
15.29 -0.252051
15.3 -0.252969
15.31 -0.253871
15.32 -0.254761
15.33 -0.255642
15.34 -0.256516
15.35 -0.257384
15.36 -0.25825
15.37 -0.259116
15.38 -0.259985
15.39 -0.260859
15.4 -0.261741
15.41 -0.262632
15.42 -0.263534
15.43 -0.264448
15.44 -0.265376
15.45 -0.266317
15.46 -0.267271
15.47 -0.268237
15.48 -0.269214
15.49 -0.270199
15.5 -0.271189
15.51 -0.27218
15.52 -0.273166
15.53 -0.274143
15.54 -0.275105
15.55 -0.276047
15.56 -0.276964
15.57 -0.277849
15.58 -0.278699
15.59 -0.279507
15.6 -0.280268
15.61 -0.280977
15.62 -0.28163
15.63 -0.28222
15.64 -0.282742
15.65 -0.283191
15.66 -0.283562
15.67 -0.28385
15.68 -0.284048
15.69 -0.284153
15.7 -0.284158
15.71 -0.28406
15.72 -0.283853
15.73 -0.283532
15.74 -0.283094
15.75 -0.282534
15.76 -0.281849
15.77 -0.281034
15.78 -0.280087
15.79 -0.279004
15.8 -0.277783
15.81 -0.276423
15.82 -0.274922
15.83 -0.27328
15.84 -0.271496
15.85 -0.269572
15.86 -0.267509
15.87 -0.265309
15.88 -0.262974
15.89 -0.260508
15.9 -0.257914
15.91 -0.255195
15.92 -0.252357
15.93 -0.249404
15.94 -0.246342
15.95 -0.243174
15.96 -0.239907
15.97 -0.236548
15.98 -0.233099
15.99 -0.229559
16 -0.225928
16.01 -0.222206
16.02 -0.218393
16.03 -0.214494
16.04 -0.21051
16.05 -0.206447
16.06 -0.202308
16.07 -0.1981
16.08 -0.193827
16.09 -0.189495
16.1 -0.185109
16.11 -0.180673
16.12 -0.176193
16.13 -0.171673
16.14 -0.16712
16.15 -0.162537
16.16 -0.157931
16.17 -0.153306
16.18 -0.148669
16.19 -0.144024
16.2 -0.139377
16.21 -0.134734
16.22 -0.130098
16.23 -0.125475
16.24 -0.120869
16.25 -0.116282
16.26 -0.111717
16.27 -0.107175
16.28 -0.102657
16.29 -0.0981633
16.3 -0.093695
16.31 -0.0892519
16.32 -0.0848344
16.33 -0.0804423
16.34 -0.0760755
16.35 -0.0717338
16.36 -0.0674167
16.37 -0.0631241
16.38 -0.0588554
16.39 -0.0546102
16.4 -0.050388
16.41 -0.046188
16.42 -0.0420097
16.43 -0.0378524
16.44 -0.0337158
16.45 -0.0295995
16.46 -0.025503
16.47 -0.0214261
16.48 -0.0173683
16.49 -0.0133294
16.5 -0.00930908
16.51 -0.00530707
16.52 -0.00132317
16.53 0.00264287
16.54 0.00659138
16.55 0.0105226
16.56 0.0144368
16.57 0.018334
16.58 0.0222142
16.59 0.0260772
16.6 0.0299226
16.61 0.0337498
16.62 0.037558
16.63 0.0413459
16.64 0.045112
16.65 0.0488545
16.66 0.052571
16.67 0.0562589
16.68 0.0599153
16.69 0.0635368
16.7 0.0671197
16.71 0.0706605
16.72 0.0741558
16.73 0.0776028
16.74 0.0809991
16.75 0.084343
16.76 0.0876331
16.77 0.0908681
16.78 0.0940471
16.79 0.0971694
16.8 0.100235
16.81 0.103242
16.82 0.106192
16.83 0.109084
16.84 0.111919
16.85 0.114696
16.86 0.117416
16.87 0.120078
16.88 0.122682
16.89 0.125228
16.9 0.127716
16.91 0.130145
16.92 0.132513
16.93 0.134821
16.94 0.137067
16.95 0.139252
16.96 0.141373
16.97 0.143432
16.98 0.145428
16.99 0.14736
17 0.149229
17.01 0.151034
17.02 0.152775
17.03 0.154453
17.04 0.156067
17.05 0.157617
17.06 0.159102
17.07 0.160523
17.08 0.16188
17.09 0.163172
17.1 0.1644
17.11 0.165563
17.12 0.166661
17.13 0.167695
17.14 0.168663
17.15 0.169566
17.16 0.170404
17.17 0.171177
17.18 0.171885
17.19 0.172527
17.2 0.173104
17.21 0.173615
17.22 0.174061
17.23 0.174442
17.24 0.174757
17.25 0.175007
17.26 0.175192
17.27 0.175311
17.28 0.175364
17.29 0.17535
17.3 0.17527
17.31 0.175122
17.32 0.174907
17.33 0.174625
17.34 0.174275
17.35 0.173859
17.36 0.173375
17.37 0.172823
17.38 0.172204
17.39 0.171517
17.4 0.17076
17.41 0.169932
17.42 0.169032
17.43 0.168059
17.44 0.16701
17.45 0.165885
17.46 0.164685
17.47 0.163409
17.48 0.16206
17.49 0.160638
17.5 0.159146
17.51 0.157587
17.52 0.155963
17.53 0.154275
17.54 0.152528
17.55 0.150723
17.56 0.148864
17.57 0.146954
17.58 0.144996
17.59 0.142996
17.6 0.140956
17.61 0.138883
17.62 0.136782
17.63 0.134659
17.64 0.132521
17.65 0.130374
17.66 0.128225
17.67 0.12608
17.68 0.123939
17.69 0.121805
17.7 0.11968
17.71 0.117567
17.72 0.115467
17.73 0.113384
17.74 0.111317
17.75 0.109269
17.76 0.107242
17.77 0.105237
17.78 0.103256
17.79 0.101303
17.8 0.0993802
17.81 0.0974914
17.82 0.09564
17.83 0.0938294
17.84 0.092063
17.85 0.0903441
17.86 0.0886758
17.87 0.0870615
17.88 0.0855038
17.89 0.0840054
17.9 0.0825683
17.91 0.0811938
17.92 0.0798832
17.93 0.0786368
17.94 0.0774553
17.95 0.076339
17.96 0.0752879
17.97 0.074302
17.98 0.0733811
17.99 0.0725249
18 0.071733
18.01 0.0710051
18.02 0.0703406
18.03 0.0697392
18.04 0.0692004
18.05 0.0687241
18.06 0.06831
18.07 0.0679579
18.08 0.0676676
18.09 0.0674388
18.1 0.0672713
18.11 0.0671646
18.12 0.0671184
18.13 0.0671324
18.14 0.0672064
18.15 0.06734
18.16 0.0675331
18.17 0.0677856
18.18 0.0680971
18.19 0.0684677
18.2 0.0688973
18.21 0.0693857
18.22 0.0699328
18.23 0.0705383
18.24 0.0712015
18.25 0.0719216
18.26 0.0726976
18.27 0.0735282
18.28 0.0744121
18.29 0.0753479
18.3 0.0763342
18.31 0.0773694
18.32 0.0784521
18.33 0.0795805
18.34 0.080753
18.35 0.0819676
18.36 0.0832221
18.37 0.0845142
18.38 0.0858411
18.39 0.0872004
18.4 0.0885892
18.41 0.090005
18.42 0.0914453
18.43 0.0929077
18.44 0.0943902
18.45 0.0958906
18.46 0.0974075
18.47 0.0989392
18.48 0.100484
18.49 0.102041
18.5 0.103609
18.51 0.105186
18.52 0.10677
18.53 0.108358
18.54 0.10995
18.55 0.111542
18.56 0.113132
18.57 0.114718
18.58 0.116301
18.59 0.117882
18.6 0.119462
18.61 0.121042
18.62 0.122622
18.63 0.124203
18.64 0.125785
18.65 0.127371
18.66 0.128959
18.67 0.130551
18.68 0.132146
18.69 0.133743
18.7 0.135341
18.71 0.136937
18.72 0.138527
18.73 0.140108
18.74 0.141675
18.75 0.143224
18.76 0.144749
18.77 0.146247
18.78 0.147714
18.79 0.149144
18.8 0.150535
18.81 0.151881
18.82 0.153178
18.83 0.154422
18.84 0.155608
18.85 0.156731
18.86 0.157787
18.87 0.158772
18.88 0.15968
18.89 0.160508
18.9 0.161251
18.91 0.161905
18.92 0.162468
18.93 0.162937
18.94 0.16331
18.95 0.163585
18.96 0.163763
18.97 0.16384
18.98 0.163816
18.99 0.16369
19 0.163459
19.01 0.163121
19.02 0.162676
19.03 0.162121
19.04 0.161454
19.05 0.160674
19.06 0.159781
19.07 0.158774
19.08 0.157654
19.09 0.156422
19.1 0.155079
19.11 0.153627
19.12 0.152069
19.13 0.150406
19.14 0.148641
19.15 0.146775
19.16 0.144811
19.17 0.142753
19.18 0.140604
19.19 0.138369
19.2 0.136054
19.21 0.133667
19.22 0.131215
19.23 0.128707
19.24 0.12615
19.25 0.123554
19.26 0.120927
19.27 0.118276
19.28 0.115607
19.29 0.11292
19.3 0.110216
19.31 0.107496
19.32 0.104761
19.33 0.102013
19.34 0.099253
19.35 0.096484
19.36 0.0937085
19.37 0.0909299
19.38 0.0881512
19.39 0.0853757
19.4 0.0826064
19.41 0.0798462
19.42 0.0770984
19.43 0.0743658
19.44 0.0716517
19.45 0.0689589
19.46 0.0662905
19.47 0.0636494
19.48 0.0610386
19.49 0.058461
19.5 0.0559192
19.51 0.0534157
19.52 0.0509528
19.53 0.0485327
19.54 0.0461571
19.55 0.0438277
19.56 0.0415451
19.57 0.0393101
19.58 0.0371227
19.59 0.0349831
19.6 0.0328915
19.61 0.0308475
19.62 0.0288511
19.63 0.0269018
19.64 0.0249993
19.65 0.0231432
19.66 0.0213332
19.67 0.0195686
19.68 0.0178489
19.69 0.0161734
19.7 0.0145412
19.71 0.0129513
19.72 0.0114028
19.73 0.00989454
19.74 0.00842549
19.75 0.00699478
19.76 0.00560178
19.77 0.00424615
19.78 0.0029277
19.79 0.00164629
19.8 0.000401824
19.81 -0.0008058
19.82 -0.00197676
19.83 -0.00311134
19.84 -0.00420995
19.85 -0.00527317
19.86 -0.00630176
19.87 -0.00729664
19.88 -0.00825882
19.89 -0.0091893
19.9 -0.010089
19.91 -0.0109587
19.92 -0.0117991
19.93 -0.0126105
19.94 -0.0133933
19.95 -0.0141477
19.96 -0.0148743
19.97 -0.0155736
19.98 -0.0162465
19.99 -0.0168939
20 -0.0175171
20.01 -0.0181174
20.02 -0.0186961
20.03 -0.0192544
20.04 -0.0197932
20.05 -0.0203127
20.06 -0.0208129
20.07 -0.0212929
20.08 -0.0217519
20.09 -0.0221881
20.1 -0.0225996
20.11 -0.0229839
20.12 -0.0233386
20.13 -0.0236613
20.14 -0.0239496
20.15 -0.0242013
20.16 -0.024414
20.17 -0.0245857
20.18 -0.0247144
20.19 -0.0247986
20.2 -0.0248367
20.21 -0.0248278
20.22 -0.0247711
20.23 -0.0246659
20.24 -0.0245115
20.25 -0.0243076
20.26 -0.0240538
20.27 -0.0237503
20.28 -0.0233972
20.29 -0.0229953
20.3 -0.0225455
20.31 -0.022049
20.32 -0.0215076
20.33 -0.0209229
20.34 -0.0202969
20.35 -0.0196316
20.36 -0.0189291
20.37 -0.0181913
20.38 -0.0174198
20.39 -0.0166159
20.4 -0.0157807
20.41 -0.0149149
20.42 -0.0140188
20.43 -0.0130928
20.44 -0.012137
20.45 -0.0111518
20.46 -0.0101374
20.47 -0.00909434
20.48 -0.00802316
20.49 -0.0069243
20.5 -0.00579827
20.51 -0.00464559
20.52 -0.00346683
20.53 -0.00226251
20.54 -0.00103325
20.55 0.000220294
20.56 0.00149736
20.57 0.002797
20.58 0.00411791
20.59 0.0054583
20.6 0.00681582
20.61 0.00818763
20.62 0.00957049
20.63 0.010961
20.64 0.0123555
20.65 0.0137506
20.66 0.0151426
20.67 0.016528
20.68 0.0179033
20.69 0.0192654
20.7 0.020611
20.71 0.0219382
20.72 0.0232468
20.73 0.0245373
20.74 0.02581
20.75 0.0270652
20.76 0.0283031
20.77 0.029524
20.78 0.0307284
20.79 0.0319169
20.8 0.0330906
20.81 0.0342507
20.82 0.0353991
20.83 0.0365379
20.84 0.0376694
20.85 0.038796
20.86 0.0399198
20.87 0.0410426
20.88 0.042166
20.89 0.0432912
20.9 0.0444189
20.91 0.0455498
20.92 0.0466845
20.93 0.0478234
20.94 0.0489671
20.95 0.0501159
20.96 0.0512699
20.97 0.0524293
20.98 0.0535937
20.99 0.0547623
21 0.0559342
21.01 0.0571078
21.02 0.0582813
21.03 0.0594524
21.04 0.0606187
21.05 0.0617776
21.06 0.0629266
21.07 0.0640633
21.08 0.0651854
21.09 0.0662905
21.1 0.0673761
21.11 0.0684401
21.12 0.0694806
21.13 0.0704962
21.14 0.0714855
21.15 0.0724477
21.16 0.0733819
21.17 0.0742872
21.18 0.075163
21.19 0.0760084
21.2 0.0768228
21.21 0.0776053
21.22 0.0783553
21.23 0.079072
21.24 0.0797547
21.25 0.0804029
21.26 0.081016
21.27 0.081594
21.28 0.0821367
21.29 0.0826445
21.3 0.0831177
21.31 0.0835568
21.32 0.0839621
21.33 0.0843341
21.34 0.0846729
21.35 0.0849784
21.36 0.0852504
21.37 0.0854884
21.38 0.0856916
21.39 0.0858591
21.4 0.0859897
21.41 0.086082
21.42 0.0861342
21.43 0.0861448
21.44 0.0861121
21.45 0.0860346
21.46 0.0859112
21.47 0.0857408
21.48 0.0855228
21.49 0.0852565
21.5 0.0849417
21.51 0.0845777
21.52 0.0841645
21.53 0.0837018
21.54 0.08319
21.55 0.082629
21.56 0.0820194
21.57 0.0813615
21.58 0.0806555
21.59 0.0799017
21.6 0.0791003
21.61 0.0782515
21.62 0.0773557
21.63 0.0764136
21.64 0.0754262
21.65 0.0743949
21.66 0.0733217
21.67 0.0722088
21.68 0.0710586
21.69 0.0698741
21.7 0.0686579
21.71 0.0674129
21.72 0.066142
21.73 0.0648482
21.74 0.0635346
21.75 0.0622047
21.76 0.0608621
21.77 0.0595107
21.78 0.0581545
21.79 0.0567979
21.8 0.055445
21.81 0.0540999
21.82 0.0527666
21.83 0.0514485
21.84 0.0501487
21.85 0.04887
21.86 0.047615
21.87 0.046386
21.88 0.0451848
21.89 0.0440133
21.9 0.042873
21.91 0.0417655
21.92 0.0406925
21.93 0.0396547
21.94 0.0386519
21.95 0.0376835
21.96 0.0367489
21.97 0.0358477
21.98 0.0349789
21.99 0.0341415
22 0.033334
22.01 0.0325542
22.02 0.0318001
22.03 0.0310693
22.04 0.0303594
22.05 0.0296685
22.06 0.0289954
22.07 0.0283393
22.08 0.0277003
22.09 0.0270786
22.1 0.0264747
22.11 0.0258893
22.12 0.0253232
22.13 0.0247774
22.14 0.0242525
22.15 0.0237494
22.16 0.0232687
22.17 0.0228107
22.18 0.0223756
22.19 0.0219637
22.2 0.0215751
22.21 0.02121
22.22 0.0208689
22.23 0.0205524
22.24 0.0202612
22.25 0.0199964
22.26 0.0197589
22.27 0.0195495
22.28 0.0193693
22.29 0.019219
22.3 0.019099
22.31 0.0190095
22.32 0.0189502
22.33 0.0189206
22.34 0.0189198
22.35 0.018947
22.36 0.0190011
22.37 0.0190809
22.38 0.0191854
22.39 0.0193135
22.4 0.0194642
22.41 0.0196368
22.42 0.0198306
22.43 0.0200451
22.44 0.0202799
22.45 0.0205344
22.46 0.0208086
22.47 0.0211023
22.48 0.0214158
22.49 0.0217495
22.5 0.0221039
22.51 0.0224798
22.52 0.0228782
22.53 0.0233003
22.54 0.0237472
22.55 0.0242202
22.56 0.0247205
22.57 0.0252492
22.58 0.0258076
22.59 0.0263967
22.6 0.0270176
22.61 0.0276713
22.62 0.0283587
22.63 0.0290805
22.64 0.0298371
22.65 0.0306287
22.66 0.031455
22.67 0.0323154
22.68 0.0332089
22.69 0.0341343
22.7 0.03509
22.71 0.0360747
22.72 0.0370871
22.73 0.0381259
22.74 0.0391898
22.75 0.0402776
22.76 0.0413877
22.77 0.0425187
22.78 0.0436689
22.79 0.0448364
22.8 0.0460194
22.81 0.0472157
22.82 0.0484235
22.83 0.0496407
22.84 0.0508651
22.85 0.0520945
22.86 0.0533266
22.87 0.0545592
22.88 0.0557898
22.89 0.0570159
22.9 0.0582348
22.91 0.0594437
22.92 0.0606395
22.93 0.0618192
22.94 0.0629793
22.95 0.0641166
22.96 0.0652282
22.97 0.0663124
22.98 0.0673683
22.99 0.0683949
23 0.0693919
23.01 0.0703594
23.02 0.0712975
23.03 0.072207
23.04 0.0730887
23.05 0.0739434
23.06 0.0747723
23.07 0.0755763
23.08 0.0763559
23.09 0.0771115
23.1 0.077843
23.11 0.0785505
23.12 0.0792337
23.13 0.0798925
23.14 0.0805268
23.15 0.0811366
23.16 0.0817218
23.17 0.0822824
23.18 0.0828184
23.19 0.08333
23.2 0.0838174
23.21 0.0842808
23.22 0.0847205
23.23 0.0851367
23.24 0.0855296
23.25 0.0858994
23.26 0.0862462
23.27 0.0865703
23.28 0.0868717
23.29 0.087151
23.3 0.0874086
23.31 0.0876449
23.32 0.0878607
23.33 0.0880565
23.34 0.0882327
23.35 0.0883899
23.36 0.0885285
23.37 0.0886485
23.38 0.08875
23.39 0.0888328
23.4 0.0888967
23.41 0.0889409
23.42 0.0889645
23.43 0.0889665
23.44 0.0889456
23.45 0.0889005
23.46 0.0888296
23.47 0.0887318
23.48 0.0886061
23.49 0.0884519
23.5 0.0882689
23.51 0.0880569
23.52 0.0878161
23.53 0.0875465
23.54 0.0872486
23.55 0.0869226
23.56 0.0865692
23.57 0.0861889
23.58 0.0857826
23.59 0.0853513
23.6 0.084896
23.61 0.0844179
23.62 0.0839184
23.63 0.0833988
23.64 0.0828608
23.65 0.0823059
23.66 0.0817361
23.67 0.081153
23.68 0.0805584
23.69 0.0799538
23.7 0.0793406
23.71 0.07872
23.72 0.0780933
23.73 0.0774612
23.74 0.0768247
23.75 0.0761842
23.76 0.0755401
23.77 0.0748921
23.78 0.0742399
23.79 0.0735826
23.8 0.0729191
23.81 0.0722484
23.82 0.0715694
23.83 0.0708811
23.84 0.0701826
23.85 0.069473
23.86 0.0687515
23.87 0.0680175
23.88 0.0672704
23.89 0.0665095
23.9 0.0657342
23.91 0.0649437
23.92 0.064137
23.93 0.0633133
23.94 0.0624716
23.95 0.0616112
23.96 0.0607316
23.97 0.0598326
23.98 0.0589144
23.99 0.0579778
24 0.0570241
24.01 0.0560552
24.02 0.0550733
24.03 0.0540809
24.04 0.0530812
24.05 0.0520779
24.06 0.0510753
24.07 0.0500782
24.08 0.0490919
24.09 0.0481214
24.1 0.0471719
24.11 0.0462481
24.12 0.0453545
24.13 0.0444951
24.14 0.0436731
24.15 0.0428906
24.16 0.0421482
24.17 0.0414455
24.18 0.0407823
24.19 0.0401581
24.2 0.0395724
24.21 0.0390246
24.22 0.038514
24.23 0.0380398
24.24 0.0376011
24.25 0.0371969
24.26 0.0368262
24.27 0.0364877
24.28 0.0361801
24.29 0.0359018
24.3 0.035651
24.31 0.0354257
24.32 0.0352238
24.33 0.0350434
24.34 0.0348833
24.35 0.0347424
24.36 0.0346206
24.37 0.0345178
24.38 0.0344344
24.39 0.0343708
24.4 0.0343277
24.41 0.0343057
24.42 0.0343055
24.43 0.0343274
24.44 0.0343718
24.45 0.0344387
24.46 0.034528
24.47 0.0346396
24.48 0.0347736
24.49 0.03493
24.5 0.0351088
24.51 0.0353099
24.52 0.0355333
24.53 0.0357788
24.54 0.0360461
24.55 0.0363347
24.56 0.036644
24.57 0.0369731
24.58 0.0373211
24.59 0.0376865
24.6 0.0380681
24.61 0.0384646
24.62 0.0388745
24.63 0.0392964
24.64 0.039729
24.65 0.0401709
24.66 0.0406211
24.67 0.0410789
24.68 0.0415435
24.69 0.0420145
24.7 0.0424917
24.71 0.0429751
24.72 0.0434646
24.73 0.0439602
24.74 0.0444619
24.75 0.0449697
24.76 0.0454838
24.77 0.0460044
24.78 0.0465316
24.79 0.0470651
24.8 0.0476048
24.81 0.0481502
24.82 0.0487007
24.83 0.0492555
24.84 0.0498136
24.85 0.0503737
24.86 0.0509347
24.87 0.0514952
24.88 0.0520538
24.89 0.0526089
24.9 0.0531585
24.91 0.0537007
24.92 0.0542332
24.93 0.0547537
24.94 0.0552599
24.95 0.0557493
24.96 0.0562196
24.97 0.0566686
24.98 0.0570938
24.99 0.0574932
25 0.0578649
