0.01 3.17511e-09
0.02 1.5296e-08
0.03 3.77781e-08
0.04 6.82765e-08
0.05 1.04487e-07
0.06 1.4417e-07
0.07 1.85166e-07
0.08 2.25397e-07
0.09 2.6285e-07
0.1 2.95576e-07
0.11 3.21714e-07
0.12 3.39492e-07
0.13 3.47194e-07
0.14 3.43099e-07
0.15 3.25473e-07
0.16 2.92628e-07
0.17 2.4297e-07
0.18 1.75013e-07
0.19 8.73906e-08
0.2 -2.11311e-08
0.21 -1.51642e-07
0.22 -3.05085e-07
0.23 -4.82258e-07
0.24 -6.83838e-07
0.25 -9.10404e-07
0.26 -1.1625e-06
0.27 -1.4407e-06
0.28 -1.7454e-06
0.29 -2.07665e-06
0.3 -2.434e-06
0.31 -2.81647e-06
0.32 -3.22247e-06
0.33 -3.64968e-06
0.34 -4.09489e-06
0.35 -4.55428e-06
0.36 -5.0237e-06
0.37 -5.49873e-06
0.38 -5.97533e-06
0.39 -6.45057e-06
0.4 -6.92327e-06
0.41 -7.39428e-06
0.42 -7.86603e-06
0.43 -8.34197e-06
0.44 -8.82658e-06
0.45 -9.32526e-06
0.46 -9.84383e-06
0.47 -1.03881e-05
0.48 -1.09634e-05
0.49 -1.15741e-05
0.5 -1.22236e-05
0.51 -1.29147e-05
0.52 -1.36498e-05
0.53 -1.44304e-05
0.54 -1.52572e-05
0.55 -1.6131e-05
0.56 -1.70517e-05
0.57 -1.80187e-05
0.58 -1.90315e-05
0.59 -2.00895e-05
0.6 -2.11916e-05
0.61 -2.23368e-05
0.62 -2.35239e-05
0.63 -2.47513e-05
0.64 -2.60176e-05
0.65 -2.73211e-05
0.66 -2.86604e-05
0.67 -3.00343e-05
0.68 -3.14419e-05
0.69 -3.28824e-05
0.7 -3.43551e-05
0.71 -3.5859e-05
0.72 -3.73923e-05
0.73 -3.89517e-05
0.74 -4.05321e-05
0.75 -4.21254e-05
0.76 -4.37208e-05
0.77 -4.53046e-05
0.78 -4.6862e-05
0.79 -4.83788e-05
0.8 -4.98434e-05
0.81 -5.1247e-05
0.82 -5.25833e-05
0.83 -5.38481e-05
0.84 -5.50391e-05
0.85 -5.61573e-05
0.86 -5.7207e-05
0.87 -5.8191e-05
0.88 -5.91077e-05
0.89 -5.99498e-05
0.9 -6.07067e-05
0.91 -6.13666e-05
0.92 -6.19173e-05
0.93 -6.23485e-05
0.94 -6.26544e-05
0.95 -6.28352e-05
0.96 -6.28972e-05
0.97 -6.28527e-05
0.98 -6.27144e-05
0.99 -6.2491e-05
1 -6.21847e-05
1.01 -6.17921e-05
1.02 -6.13041e-05
1.03 -6.0707e-05
1.04 -5.9985e-05
1.05 -5.91221e-05
1.06 -5.81061e-05
1.07 -5.69294e-05
1.08 -5.55884e-05
1.09 -5.40799e-05
1.1 -5.24012e-05
1.11 -5.05507e-05
1.12 -4.8527e-05
1.13 -4.63274e-05
1.14 -4.39479e-05
1.15 -4.13851e-05
1.16 -3.86379e-05
1.17 -3.57098e-05
1.18 -3.26115e-05
1.19 -2.93589e-05
1.2 -2.59697e-05
1.21 -2.24653e-05
1.22 -1.88714e-05
1.23 -1.52157e-05
1.24 -1.15222e-05
1.25 -7.80313e-06
1.26 -4.05466e-06
1.27 -2.61513e-07
1.28 3.59339e-06
1.29 7.5262e-06
1.3 1.15514e-05
1.31 1.56766e-05
1.32 1.99005e-05
1.33 2.42154e-05
1.34 2.86121e-05
1.35 3.30842e-05
1.36 3.76277e-05
1.37 4.22413e-05
1.38 4.69258e-05
1.39 5.16827e-05
1.4 5.6512e-05
1.41 6.14098e-05
1.42 6.63634e-05
1.43 7.13483e-05
1.44 7.63235e-05
1.45 8.123e-05
1.46 8.5992e-05
1.47 9.0524e-05
1.48 9.47373e-05
1.49 9.85418e-05
1.5 0.000101849
1.51 0.000104576
1.52 0.000106651
1.53 0.000108017
1.54 0.00010864
1.55 0.00010852
1.56 0.00010769
1.57 0.000106207
1.58 0.000104147
1.59 0.000101592
1.6 9.86231e-05
1.61 9.53119e-05
1.62 9.1722e-05
1.63 8.79095e-05
1.64 8.39228e-05
1.65 7.98031e-05
1.66 7.55817e-05
1.67 7.12788e-05
1.68 6.6905e-05
1.69 6.24672e-05
1.7 5.79727e-05
1.71 5.34286e-05
1.72 4.88428e-05
1.73 4.4226e-05
1.74 3.95954e-05
1.75 3.49784e-05
1.76 3.04078e-05
1.77 2.59148e-05
1.78 2.15332e-05
1.79 1.73047e-05
1.8 1.32767e-05
1.81 9.49683e-06
1.82 6.01325e-06
1.83 2.87251e-06
1.84 1.09168e-07
1.85 -2.25955e-06
1.86 -4.22932e-06
1.87 -5.79923e-06
1.88 -6.96553e-06
1.89 -7.72114e-06
1.9 -8.05543e-06
1.91 -7.9543e-06
1.92 -7.40019e-06
1.93 -6.37429e-06
1.94 -4.86972e-06
1.95 -2.90773e-06
1.96 -5.38422e-07
1.97 2.1645e-06
1.98 5.10821e-06
1.99 8.19238e-06
2 1.13298e-05
2.01 1.44646e-05
2.02 1.75747e-05
2.03 2.06683e-05
2.04 2.37815e-05
2.05 2.69677e-05
2.06 3.0288e-05
2.07 3.38005e-05
2.08 3.75448e-05
2.09 4.15306e-05
2.1 4.57352e-05
2.11 5.01071e-05
2.12 5.45634e-05
2.13 5.89851e-05
2.14 6.32289e-05
2.15 6.71395e-05
2.16 7.05529e-05
2.17 7.33032e-05
2.18 7.52248e-05
2.19 7.61452e-05
2.2 7.58785e-05
2.21 7.42317e-05
2.22 7.10159e-05
2.23 6.60528e-05
2.24 5.91808e-05
2.25 5.02497e-05
2.26 3.91261e-05
2.27 2.57198e-05
2.28 9.99027e-06
2.29 -8.06622e-06
2.3 -2.84202e-05
2.31 -5.10082e-05
2.32 -7.5727e-05
2.33 -0.000102421
2.34 -0.000130878
2.35 -0.000160833
2.36 -0.000191981
2.37 -0.000223984
2.38 -0.000256485
2.39 -0.000289104
2.4 -0.000321459
2.41 -0.000353206
2.42 -0.00038406
2.43 -0.000413775
2.44 -0.000442129
2.45 -0.000468918
2.46 -0.000493957
2.47 -0.00051709
2.48 -0.000538198
2.49 -0.000557178
2.5 -0.00057393
2.51 -0.00058834
2.52 -0.000600284
2.53 -0.00060964
2.54 -0.000616289
2.55 -0.000620116
2.56 -0.000621011
2.57 -0.000618901
2.58 -0.000613766
2.59 -0.000605648
2.6 -0.000594645
2.61 -0.00058089
2.62 -0.000564535
2.63 -0.000545729
2.64 -0.000524609
2.65 -0.000501295
2.66 -0.00047589
2.67 -0.000448489
2.68 -0.000419184
2.69 -0.000388079
2.7 -0.000355298
2.71 -0.000320968
2.72 -0.000285224
2.73 -0.0002482
2.74 -0.000210017
2.75 -0.000170772
2.76 -0.00013056
2.77 -8.94691e-05
2.78 -4.75645e-05
2.79 -4.87089e-06
2.8 3.86204e-05
2.81 8.29462e-05
2.82 0.00012814
2.83 0.000174203
2.84 0.000221096
2.85 0.000268739
2.86 0.000317019
2.87 0.00036578
2.88 0.00041481
2.89 0.000463851
2.9 0.00051262
2.91 0.000560821
2.92 0.000608143
2.93 0.00065427
2.94 0.000698891
2.95 0.00074171
2.96 0.000782451
2.97 0.000820889
2.98 0.000856865
2.99 0.000890267
3 0.000921026
3.01 0.000949099
3.02 0.00097445
3.03 0.000997034
3.04 0.00101679
3.05 0.00103362
3.06 0.00104742
3.07 0.00105803
3.08 0.00106525
3.09 0.0010689
3.1 0.00106877
3.11 0.00106473
3.12 0.00105671
3.13 0.00104472
3.14 0.00102881
3.15 0.00100909
3.16 0.000985694
3.17 0.000958783
3.18 0.00092854
3.19 0.000895158
3.2 0.000858814
3.21 0.000819682
3.22 0.000777973
3.23 0.000733937
3.24 0.000687872
3.25 0.000640109
3.26 0.000591
3.27 0.000540937
3.28 0.000490364
3.29 0.000439742
3.3 0.000389515
3.31 0.000340132
3.32 0.000292041
3.33 0.000245647
3.34 0.000201257
3.35 0.000159064
3.36 0.000119125
3.37 8.13712e-05
3.38 4.56265e-05
3.39 1.16092e-05
3.4 -2.10565e-05
3.41 -5.28203e-05
3.42 -8.41733e-05
3.43 -0.00011561
3.44 -0.000147607
3.45 -0.00018062
3.46 -0.000215068
3.47 -0.000251289
3.48 -0.000289498
3.49 -0.000329765
3.5 -0.000372021
3.51 -0.000416075
3.52 -0.000461623
3.53 -0.000508263
3.54 -0.000555533
3.55 -0.000602961
3.56 -0.000650125
3.57 -0.000696662
3.58 -0.000742224
3.59 -0.00078647
3.6 -0.000829104
3.61 -0.000869896
3.62 -0.000908672
3.63 -0.000945316
3.64 -0.000979774
3.65 -0.00101205
3.66 -0.0010422
3.67 -0.00107037
3.68 -0.00109677
3.69 -0.00112165
3.7 -0.00114526
3.71 -0.00116786
3.72 -0.00118966
3.73 -0.0012109
3.74 -0.00123173
3.75 -0.00125227
3.76 -0.00127263
3.77 -0.00129286
3.78 -0.00131299
3.79 -0.001333
3.8 -0.00135284
3.81 -0.00137239
3.82 -0.0013915
3.83 -0.00140997
3.84 -0.00142759
3.85 -0.00144412
3.86 -0.00145938
3.87 -0.00147324
3.88 -0.0014857
3.89 -0.00149686
3.9 -0.00150695
3.91 -0.0015163
3.92 -0.00152537
3.93 -0.0015347
3.94 -0.00154483
3.95 -0.00155636
3.96 -0.00156982
3.97 -0.0015857
3.98 -0.0016044
3.99 -0.00162612
4 -0.00165092
4.01 -0.00167874
4.02 -0.00170933
4.03 -0.00174236
4.04 -0.00177735
4.05 -0.00181373
4.06 -0.00185078
4.07 -0.00188769
4.08 -0.00192349
4.09 -0.0019571
4.1 -0.00198736
4.11 -0.00201307
4.12 -0.00203316
4.13 -0.00204669
4.14 -0.00205294
4.15 -0.00205146
4.16 -0.00204213
4.17 -0.00202515
4.18 -0.00200102
4.19 -0.00197047
4.2 -0.00193442
4.21 -0.00189394
4.22 -0.00185017
4.23 -0.00180419
4.24 -0.00175697
4.25 -0.00170937
4.26 -0.00166222
4.27 -0.00161622
4.28 -0.00157197
4.29 -0.00152992
4.3 -0.00149037
4.31 -0.00145347
4.32 -0.00141923
4.33 -0.00138758
4.34 -0.0013583
4.35 -0.00133103
4.36 -0.00130525
4.37 -0.00128032
4.38 -0.00125552
4.39 -0.00123004
4.4 -0.00120305
4.41 -0.00117369
4.42 -0.00114104
4.43 -0.00110423
4.44 -0.00106241
4.45 -0.0010148
4.46 -0.000960802
4.47 -0.0009
4.48 -0.000832199
4.49 -0.000757352
4.5 -0.000675493
4.51 -0.000586701
4.52 -0.000491151
4.53 -0.000389147
4.54 -0.000281114
4.55 -0.00016758
4.56 -4.91614e-05
4.57 7.34464e-05
4.58 0.00019947
4.59 0.00032808
4.6 0.000458403
4.61 0.000589563
4.62 0.000720737
4.63 0.000851156
4.64 0.00098011
4.65 0.00110697
4.66 0.00123118
4.67 0.00135237
4.68 0.00147028
4.69 0.00158483
4.7 0.00169598
4.71 0.00180374
4.72 0.00190808
4.73 0.00200896
4.74 0.00210635
4.75 0.00220011
4.76 0.00229002
4.77 0.00237584
4.78 0.00245729
4.79 0.00253408
4.8 0.00260594
4.81 0.00267253
4.82 0.0027335
4.83 0.00278848
4.84 0.00283714
4.85 0.0028791
4.86 0.00291398
4.87 0.00294142
4.88 0.00296117
4.89 0.002973
4.9 0.00297672
4.91 0.00297219
4.92 0.00295937
4.93 0.00293827
4.94 0.00290894
4.95 0.00287146
4.96 0.00282596
4.97 0.00277262
4.98 0.00271169
4.99 0.00264351
5 0.00256846
5.01 0.00248696
5.02 0.00239937
5.03 0.00230594
5.04 0.00220684
5.05 0.0021021
5.06 0.00199166
5.07 0.0018753
5.08 0.00175271
5.09 0.00162356
5.1 0.00148746
5.11 0.00134399
5.12 0.00119279
5.13 0.00103354
5.14 0.000866073
5.15 0.000690331
5.16 0.000506475
5.17 0.000314907
5.18 0.000116238
5.19 -8.87673e-05
5.2 -0.000299195
5.21 -0.000513987
5.22 -0.000731998
5.23 -0.000952067
5.24 -0.00117306
5.25 -0.00139387
5.26 -0.00161334
5.27 -0.00183026
5.28 -0.00204336
5.29 -0.00225143
5.3 -0.00245325
5.31 -0.0026477
5.32 -0.00283373
5.33 -0.00301048
5.34 -0.00317731
5.35 -0.00333383
5.36 -0.00347988
5.37 -0.0036156
5.38 -0.00374141
5.39 -0.0038579
5.4 -0.0039657
5.41 -0.0040655
5.42 -0.00415797
5.43 -0.00424371
5.44 -0.00432318
5.45 -0.00439669
5.46 -0.0044644
5.47 -0.00452637
5.48 -0.00458259
5.49 -0.00463304
5.5 -0.00467763
5.51 -0.00471616
5.52 -0.00474839
5.53 -0.0047741
5.54 -0.00479307
5.55 -0.00480504
5.56 -0.00480973
5.57 -0.00480692
5.58 -0.0047965
5.59 -0.00477844
5.6 -0.00475276
5.61 -0.00471946
5.62 -0.00467853
5.63 -0.00462994
5.64 -0.00457368
5.65 -0.00450968
5.66 -0.00443795
5.67 -0.00435846
5.68 -0.00427115
5.69 -0.0041759
5.7 -0.00407253
5.71 -0.00396081
5.72 -0.00384042
5.73 -0.003711
5.74 -0.00357222
5.75 -0.00342372
5.76 -0.00326518
5.77 -0.00309637
5.78 -0.00291716
5.79 -0.00272762
5.8 -0.00252801
5.81 -0.00231878
5.82 -0.00210065
5.83 -0.00187459
5.84 -0.0016418
5.85 -0.00140364
5.86 -0.00116161
5.87 -0.000917263
5.88 -0.000672235
5.89 -0.000428147
5.9 -0.000186588
5.91 5.09545e-05
5.92 0.000283134
5.93 0.000508745
5.94 0.000726742
5.95 0.000936271
5.96 0.00113674
5.97 0.00132786
5.98 0.00150968
5.99 0.00168249
6 0.0018468
6.01 0.00200331
6.02 0.00215281
6.03 0.00229612
6.04 0.0024341
6.05 0.00256763
6.06 0.00269755
6.07 0.00282456
6.08 0.0029492
6.09 0.00307181
6.1 0.00319262
6.11 0.00331174
6.12 0.00342915
6.13 0.00354468
6.14 0.00365812
6.15 0.00376926
6.16 0.00387794
6.17 0.00398412
6.18 0.00408796
6.19 0.00418984
6.2 0.00429023
6.21 0.00438971
6.22 0.00448888
6.23 0.00458844
6.24 0.00468908
6.25 0.00479145
6.26 0.00489616
6.27 0.00500385
6.28 0.00511508
6.29 0.00523048
6.3 0.00535068
6.31 0.00547635
6.32 0.00560821
6.33 0.00574703
6.34 0.00589359
6.35 0.00604867
6.36 0.006213
6.37 0.0063871
6.38 0.00657115
6.39 0.00676502
6.4 0.00696832
6.41 0.00718046
6.42 0.00740078
6.43 0.00762864
6.44 0.00786345
6.45 0.00810481
6.46 0.0083526
6.47 0.00860685
6.48 0.00886767
6.49 0.00913508
6.5 0.0094089
6.51 0.00968859
6.52 0.00997316
6.53 0.0102612
6.54 0.010551
6.55 0.0108402
6.56 0.0111261
6.57 0.0114059
6.58 0.0116762
6.59 0.011934
6.6 0.0121763
6.61 0.0124004
6.62 0.0126042
6.63 0.0127856
6.64 0.0129434
6.65 0.0130761
6.66 0.0131829
6.67 0.0132625
6.68 0.0133141
6.69 0.0133366
6.7 0.013329
6.71 0.0132905
6.72 0.0132203
6.73 0.0131178
6.74 0.0129823
6.75 0.0128136
6.76 0.0126113
6.77 0.0123757
6.78 0.0121069
6.79 0.0118055
6.8 0.0114723
6.81 0.0111081
6.82 0.0107138
6.83 0.0102903
6.84 0.00983847
6.85 0.00935905
6.86 0.00885277
6.87 0.00832024
6.88 0.00776198
6.89 0.00717858
6.9 0.00657071
6.91 0.00593926
6.92 0.00528543
6.93 0.00461072
6.94 0.00391702
6.95 0.00320651
6.96 0.00248163
6.97 0.0017449
6.98 0.000998737
6.99 0.00024531
7 -0.000513497
7.01 -0.00127616
7.02 -0.0020415
7.03 -0.00280849
7.04 -0.00357613
7.05 -0.0043433
7.06 -0.00510863
7.07 -0.00587035
7.08 -0.00662635
7.09 -0.00737418
7.1 -0.00811114
7.11 -0.00883435
7.12 -0.00954095
7.13 -0.0102283
7.14 -0.010894
7.15 -0.0115365
7.16 -0.0121544
7.17 -0.0127468
7.18 -0.0133131
7.19 -0.0138532
7.2 -0.0143666
7.21 -0.0148533
7.22 -0.0153128
7.23 -0.0157447
7.24 -0.016148
7.25 -0.0165217
7.26 -0.0168645
7.27 -0.0171751
7.28 -0.0174521
7.29 -0.0176946
7.3 -0.0179019
7.31 -0.0180735
7.32 -0.0182096
7.33 -0.0183106
7.34 -0.018377
7.35 -0.0184096
7.36 -0.0184088
7.37 -0.0183753
7.38 -0.0183091
7.39 -0.0182101
7.4 -0.0180779
7.41 -0.017912
7.42 -0.0177117
7.43 -0.0174764
7.44 -0.0172061
7.45 -0.0169007
7.46 -0.0165609
7.47 -0.0161876
7.48 -0.0157823
7.49 -0.0153467
7.5 -0.0148831
7.51 -0.0143941
7.52 -0.0138825
7.53 -0.0133515
7.54 -0.0128039
7.55 -0.0122427
7.56 -0.0116708
7.57 -0.0110909
7.58 -0.0105061
7.59 -0.00991914
7.6 -0.00933293
7.61 -0.00875032
7.62 -0.00817388
7.63 -0.00760581
7.64 -0.0070478
7.65 -0.00650108
7.66 -0.00596636
7.67 -0.00544375
7.68 -0.00493274
7.69 -0.00443221
7.7 -0.00394051
7.71 -0.0034556
7.72 -0.0029754
7.73 -0.00249806
7.74 -0.00202216
7.75 -0.00154676
7.76 -0.0010714
7.77 -0.000596036
7.78 -0.000120903
7.79 0.000353463
7.8 0.000826228
7.81 0.0012963
7.82 0.00176238
7.83 0.00222299
7.84 0.00267643
7.85 0.00312088
7.86 0.00355443
7.87 0.00397518
7.88 0.00438122
7.89 0.00477079
7.9 0.00514236
7.91 0.00549461
7.92 0.00582651
7.93 0.00613736
7.94 0.00642676
7.95 0.0066946
7.96 0.00694106
7.97 0.0071665
7.98 0.00737153
7.99 0.00755692
8 0.00772351
8.01 0.00787207
8.02 0.00800332
8.03 0.00811784
8.04 0.00821606
8.05 0.00829813
8.06 0.00836398
8.07 0.00841328
8.08 0.00844557
8.09 0.00846036
8.1 0.00845727
8.11 0.00843612
8.12 0.00839711
8.13 0.00834089
8.14 0.00826843
8.15 0.00818106
8.16 0.0080804
8.17 0.0079683
8.18 0.00784674
8.19 0.00771775
8.2 0.00758331
8.21 0.00744531
8.22 0.00730544
8.23 0.00716522
8.24 0.00702602
8.25 0.00688904
8.26 0.00675525
8.27 0.00662537
8.28 0.00649989
8.29 0.00637899
8.3 0.00626252
8.31 0.00614988
8.32 0.00603994
8.33 0.00593098
8.34 0.00582082
8.35 0.00570689
8.36 0.0055864
8.37 0.00545662
8.38 0.00531504
8.39 0.00515962
8.4 0.00498887
8.41 0.00480198
8.42 0.00459863
8.43 0.00437903
8.44 0.00414379
8.45 0.00389397
8.46 0.00363107
8.47 0.00335699
8.48 0.00307397
8.49 0.00278445
8.5 0.00249099
8.51 0.00219616
8.52 0.00190243
8.53 0.00161195
8.54 0.00132648
8.55 0.00104727
8.56 0.000775192
8.57 0.000510793
8.58 0.000254418
8.59 6.25572e-06
8.6 -0.00023358
8.61 -0.000464976
8.62 -0.000687709
8.63 -0.000901347
8.64 -0.0011052
8.65 -0.00129828
8.66 -0.00147934
8.67 -0.00164689
8.68 -0.00179931
8.69 -0.00193494
8.7 -0.00205219
8.71 -0.00214952
8.72 -0.0022255
8.73 -0.00227898
8.74 -0.00230905
8.75 -0.00231511
8.76 -0.00229685
8.77 -0.00225441
8.78 -0.00218833
8.79 -0.00209949
8.8 -0.00198912
8.81 -0.00185878
8.82 -0.00171032
8.83 -0.00154569
8.84 -0.00136683
8.85 -0.00117553
8.86 -0.000973456
8.87 -0.000762121
8.88 -0.000542925
8.89 -0.000317058
8.9 -8.54398e-05
8.91 0.000151266
8.92 0.000392599
8.93 0.00063825
8.94 0.000887951
8.95 0.00114139
8.96 0.00139818
8.97 0.00165783
8.98 0.00191979
8.99 0.00218336
9 0.00244762
9.01 0.00271136
9.02 0.00297313
9.03 0.0032312
9.04 0.00348358
9.05 0.00372824
9.06 0.00396321
9.07 0.00418668
9.08 0.00439703
9.09 0.00459286
9.1 0.00477289
9.11 0.00493596
9.12 0.00508093
9.13 0.00520675
9.14 0.00531241
9.15 0.00539701
9.16 0.00545979
9.17 0.00550032
9.18 0.00551856
9.19 0.00551495
9.2 0.00549042
9.21 0.00544648
9.22 0.00538519
9.23 0.00530915
9.24 0.00522127
9.25 0.00512459
9.26 0.00502197
9.27 0.00491596
9.28 0.00480866
9.29 0.00470164
9.3 0.00459598
9.31 0.00449249
9.32 0.00439185
9.33 0.00429463
9.34 0.00420129
9.35 0.00411224
9.36 0.00402784
9.37 0.00394838
9.38 0.0038741
9.39 0.00380521
9.4 0.00374178
9.41 0.00368363
9.42 0.00363035
9.43 0.00358115
9.44 0.0035348
9.45 0.00348962
9.46 0.00344361
9.47 0.00339457
9.48 0.00334026
9.49 0.00327859
9.5 0.00320779
9.51 0.00312646
9.52 0.00303366
9.53 0.00292881
9.54 0.00281166
9.55 0.00268209
9.56 0.00253998
9.57 0.00238518
9.58 0.00221734
9.59 0.00203586
9.6 0.00183999
9.61 0.00162888
9.62 0.00140174
9.63 0.00115795
9.64 0.000897191
9.65 0.000619523
9.66 0.000325399
9.67 1.5639e-05
9.68 -0.000308573
9.69 -0.00064574
9.7 -0.000994164
9.71 -0.00135208
9.72 -0.00171778
9.73 -0.00208964
9.74 -0.00246621
9.75 -0.00284632
9.76 -0.00322909
9.77 -0.00361386
9.78 -0.00400021
9.79 -0.00438791
9.8 -0.00477695
9.81 -0.00516751
9.82 -0.00555997
9.83 -0.00595483
9.84 -0.00635271
9.85 -0.00675434
9.86 -0.00716046
9.87 -0.0075717
9.88 -0.00798853
9.89 -0.00841124
9.9 -0.00883996
9.91 -0.00927452
9.92 -0.00971443
9.93 -0.0101589
9.94 -0.0106067
9.95 -0.0110567
9.96 -0.011507
9.97 -0.0119563
9.98 -0.0124028
9.99 -0.0128453
10 -0.0132828
10.01 -0.0137144
10.02 -0.0141395
10.03 -0.0145577
10.04 -0.0149688
10.05 -0.0153727
10.06 -0.015769
10.07 -0.0161573
10.08 -0.0165369
10.09 -0.0169068
10.1 -0.0172663
10.11 -0.017614
10.12 -0.0179491
10.13 -0.0182704
10.14 -0.0185772
10.15 -0.018869
10.16 -0.0191452
10.17 -0.0194056
10.18 -0.0196498
10.19 -0.0198774
10.2 -0.0200878
10.21 -0.0202803
10.22 -0.0204541
10.23 -0.0206085
10.24 -0.0207427
10.25 -0.0208558
10.26 -0.0209473
10.27 -0.0210164
10.28 -0.021063
10.29 -0.0210865
10.3 -0.0210868
10.31 -0.0210638
10.32 -0.0210171
10.33 -0.0209465
10.34 -0.0208518
10.35 -0.0207327
10.36 -0.0205892
10.37 -0.0204211
10.38 -0.0202284
10.39 -0.020011
10.4 -0.0197691
10.41 -0.0195024
10.42 -0.019211
10.43 -0.0188945
10.44 -0.0185523
10.45 -0.0181841
10.46 -0.0177888
10.47 -0.0173659
10.48 -0.0169147
10.49 -0.0164347
10.5 -0.0159258
10.51 -0.0153884
10.52 -0.0148232
10.53 -0.0142312
10.54 -0.0136136
10.55 -0.012972
10.56 -0.0123081
10.57 -0.0116233
10.58 -0.0109196
10.59 -0.0101988
10.6 -0.00946268
10.61 -0.00871312
10.62 -0.00795209
10.63 -0.00718163
10.64 -0.00640391
10.65 -0.0056212
10.66 -0.00483588
10.67 -0.00405039
10.68 -0.00326718
10.69 -0.00248859
10.7 -0.0017168
10.71 -0.000953732
10.72 -0.000201151
10.73 0.000539338
10.74 0.00126629
10.75 0.00197838
10.76 0.00267435
10.77 0.00335308
10.78 0.00401361
10.79 0.0046551
10.8 0.00527683
10.81 0.00587815
10.82 0.00645852
10.83 0.00701753
10.84 0.00755481
10.85 0.00807007
10.86 0.00856299
10.87 0.00903319
10.88 0.00948022
10.89 0.00990362
10.9 0.0103029
10.91 0.0106777
10.92 0.0110276
10.93 0.0113524
10.94 0.0116523
10.95 0.0119276
10.96 0.0121791
10.97 0.0124078
10.98 0.0126145
10.99 0.0128007
11 0.0129673
11.01 0.0131155
11.02 0.0132463
11.03 0.0133604
11.04 0.0134585
11.05 0.0135412
11.06 0.0136087
11.07 0.0136616
11.08 0.0137001
11.09 0.0137244
11.1 0.0137347
11.11 0.0137312
11.12 0.0137144
11.13 0.0136848
11.14 0.0136427
11.15 0.0135888
11.16 0.0135237
11.17 0.0134481
11.18 0.013363
11.19 0.0132697
11.2 0.0131694
11.21 0.013064
11.22 0.0129552
11.23 0.0128448
11.24 0.0127346
11.25 0.0126262
11.26 0.0125203
11.27 0.0124177
11.28 0.0123182
11.29 0.0122219
11.3 0.0121282
11.31 0.0120369
11.32 0.0119474
11.33 0.0118594
11.34 0.0117728
11.35 0.0116877
11.36 0.0116046
11.37 0.0115243
11.38 0.0114478
11.39 0.0113759
11.4 0.0113097
11.41 0.0112499
11.42 0.011197
11.43 0.0111514
11.44 0.0111129
11.45 0.0110814
11.46 0.0110566
11.47 0.011038
11.48 0.0110255
11.49 0.0110192
11.5 0.0110192
11.51 0.0110266
11.52 0.0110422
11.53 0.0110673
11.54 0.0111032
11.55 0.0111513
11.56 0.0112128
11.57 0.0112885
11.58 0.0113789
11.59 0.0114844
11.6 0.0116051
11.61 0.0117411
11.62 0.0118925
11.63 0.0120592
11.64 0.0122415
11.65 0.0124392
11.66 0.0126524
11.67 0.012881
11.68 0.0131249
11.69 0.0133837
11.7 0.013657
11.71 0.0139442
11.72 0.0142441
11.73 0.0145555
11.74 0.0148768
11.75 0.0152058
11.76 0.0155403
11.77 0.0158772
11.78 0.0162133
11.79 0.0165447
11.8 0.0168673
11.81 0.0171772
11.82 0.0174708
11.83 0.0177447
11.84 0.0179959
11.85 0.018222
11.86 0.0184206
11.87 0.0185898
11.88 0.0187276
11.89 0.0188322
11.9 0.018902
11.91 0.0189357
11.92 0.0189319
11.93 0.0188895
11.94 0.0188077
11.95 0.0186856
11.96 0.0185227
11.97 0.0183185
11.98 0.0180726
11.99 0.0177851
12 0.0174564
12.01 0.0170869
12.02 0.0166777
12.03 0.0162299
12.04 0.0157451
12.05 0.0152252
12.06 0.0146725
12.07 0.014089
12.08 0.0134772
12.09 0.012839
12.1 0.0121762
12.11 0.0114906
12.12 0.0107834
12.13 0.0100559
12.14 0.00930873
12.15 0.00854239
12.16 0.00775713
12.17 0.00695304
12.18 0.00613021
12.19 0.00528876
12.2 0.0044288
12.21 0.00355051
12.22 0.00265424
12.23 0.00174053
12.24 0.000809949
12.25 -0.000136826
12.26 -0.00109891
12.27 -0.00207521
12.28 -0.00306449
12.29 -0.0040653
12.3 -0.00507606
12.31 -0.006095
12.32 -0.00712015
12.33 -0.0081492
12.34 -0.00917963
12.35 -0.0102087
12.36 -0.0112335
12.37 -0.012251
12.38 -0.0132578
12.39 -0.0142503
12.4 -0.0152251
12.41 -0.0161784
12.42 -0.0171068
12.43 -0.0180069
12.44 -0.0188755
12.45 -0.0197096
12.46 -0.0205062
12.47 -0.0212624
12.48 -0.0219757
12.49 -0.0226436
12.5 -0.023264
12.51 -0.0238339
12.52 -0.0243502
12.53 -0.0248091
12.54 -0.0252071
12.55 -0.0255406
12.56 -0.0258062
12.57 -0.0260009
12.58 -0.0261219
12.59 -0.0261666
12.6 -0.0261326
12.61 -0.0260174
12.62 -0.025819
12.63 -0.0255359
12.64 -0.025167
12.65 -0.0247116
12.66 -0.0241694
12.67 -0.0235409
12.68 -0.0228267
12.69 -0.0220286
12.7 -0.0211486
12.71 -0.0201894
12.72 -0.0191541
12.73 -0.018046
12.74 -0.0168687
12.75 -0.0156259
12.76 -0.0143215
12.77 -0.0129593
12.78 -0.0115433
12.79 -0.0100772
12.8 -0.00856511
12.81 -0.00701097
12.82 -0.00541901
12.83 -0.00379359
12.84 -0.00213923
12.85 -0.000460434
12.86 0.0012383
12.87 0.00295259
12.88 0.00467822
12.89 0.00641129
12.9 0.00814812
12.91 0.00988523
12.92 0.0116192
12.93 0.0133467
12.94 0.0150641
12.95 0.0167681
12.96 0.0184559
12.97 0.0201271
12.98 0.0217814
12.99 0.0234184
13 0.0250376
13.01 0.0266386
13.02 0.0282213
13.03 0.0297854
13.04 0.0313312
13.05 0.0328588
13.06 0.0343684
13.07 0.03586
13.08 0.0373334
13.09 0.038788
13.1 0.0402232
13.11 0.041638
13.12 0.0430311
13.13 0.0444014
13.14 0.0457475
13.15 0.0470685
13.16 0.0483635
13.17 0.0496318
13.18 0.050873
13.19 0.0520871
13.2 0.0532739
13.21 0.0544334
13.22 0.0555656
13.23 0.0566704
13.24 0.0577477
13.25 0.0587974
13.26 0.0598193
13.27 0.0608131
13.28 0.0617782
13.29 0.0627141
13.3 0.0636203
13.31 0.0644958
13.32 0.0653398
13.33 0.0661508
13.34 0.0669277
13.35 0.0676691
13.36 0.0683735
13.37 0.0690398
13.38 0.0696668
13.39 0.0702536
13.4 0.0707995
13.41 0.0713039
13.42 0.0717665
13.43 0.0721871
13.44 0.0725661
13.45 0.0729038
13.46 0.0732007
13.47 0.0734579
13.48 0.0736762
13.49 0.073857
13.5 0.0740013
13.51 0.0741107
13.52 0.0741865
13.53 0.0742302
13.54 0.0742434
13.55 0.0742277
13.56 0.0741851
13.57 0.0741172
13.58 0.0740261
13.59 0.0739132
13.6 0.07378
13.61 0.0736279
13.62 0.0734583
13.63 0.0732723
13.64 0.0730713
13.65 0.0728565
13.66 0.0726293
13.67 0.0723911
13.68 0.072143
13.69 0.0718865
13.7 0.0716223
13.71 0.0713515
13.72 0.0710746
13.73 0.0707924
13.74 0.0705049
13.75 0.0702124
13.76 0.0699145
13.77 0.0696106
13.78 0.0692998
13.79 0.0689806
13.8 0.0686513
13.81 0.0683096
13.82 0.0679528
13.83 0.067578
13.84 0.0671829
13.85 0.0667657
13.86 0.0663252
13.87 0.0658612
13.88 0.0653735
13.89 0.0648619
13.9 0.0643263
13.91 0.0637667
13.92 0.0631831
13.93 0.0625756
13.94 0.0619442
13.95 0.0612891
13.96 0.0606103
13.97 0.0599083
13.98 0.0591832
13.99 0.0584355
14 0.0576655
14.01 0.0568735
14.02 0.0560598
14.03 0.055225
14.04 0.0543694
14.05 0.0534936
14.06 0.0525984
14.07 0.0516842
14.08 0.0507515
14.09 0.0498005
14.1 0.0488313
14.11 0.0478438
14.12 0.0468373
14.13 0.0458113
14.14 0.0447647
14.15 0.0436961
14.16 0.0426041
14.17 0.0414868
14.18 0.0403428
14.19 0.0391704
14.2 0.0379683
14.21 0.0367352
14.22 0.0354698
14.23 0.0341709
14.24 0.0328373
14.25 0.0314676
14.26 0.0300598
14.27 0.0286099
14.28 0.0271139
14.29 0.025568
14.3 0.0239686
14.31 0.0223124
14.32 0.0205968
14.33 0.0188192
14.34 0.0169775
14.35 0.01507
14.36 0.0130945
14.37 0.011049
14.38 0.00893099
14.39 0.00673804
14.4 0.00446747
14.41 0.00211661
14.42 -0.000317206
14.43 -0.00283649
14.44 -0.0054435
14.45 -0.00814007
14.46 -0.0109274
14.47 -0.0138064
14.48 -0.0167775
14.49 -0.0198407
14.5 -0.0229964
14.51 -0.0262445
14.52 -0.0295851
14.53 -0.0330187
14.54 -0.0365455
14.55 -0.0401661
14.56 -0.043881
14.57 -0.0476909
14.58 -0.0515962
14.59 -0.0555977
14.6 -0.0596958
14.61 -0.0638905
14.62 -0.0681817
14.63 -0.0725684
14.64 -0.077049
14.65 -0.081621
14.66 -0.0862809
14.67 -0.0910248
14.68 -0.0958484
14.69 -0.100747
14.7 -0.105718
14.71 -0.110756
14.72 -0.115858
14.73 -0.121019
14.74 -0.126235
14.75 -0.131498
14.76 -0.136801
14.77 -0.142139
14.78 -0.147503
14.79 -0.152886
14.8 -0.158283
14.81 -0.163686
14.82 -0.169087
14.83 -0.174482
14.84 -0.179862
14.85 -0.185221
14.86 -0.190553
14.87 -0.195851
14.88 -0.201109
14.89 -0.20632
14.9 -0.211478
14.91 -0.216576
14.92 -0.221606
14.93 -0.226563
14.94 -0.231439
14.95 -0.236226
14.96 -0.24092
14.97 -0.245512
14.98 -0.249996
14.99 -0.254369
15 -0.258626
15.01 -0.262765
15.02 -0.266786
15.03 -0.270689
15.04 -0.274475
15.05 -0.278148
15.06 -0.28171
15.07 -0.285166
15.08 -0.28852
15.09 -0.291776
15.1 -0.29494
15.11 -0.298016
15.12 -0.301008
15.13 -0.303921
15.14 -0.306761
15.15 -0.309531
15.16 -0.312236
15.17 -0.314881
15.18 -0.317468
15.19 -0.320002
15.2 -0.322483
15.21 -0.324916
15.22 -0.327302
15.23 -0.329644
15.24 -0.331946
15.25 -0.334211
15.26 -0.336442
15.27 -0.338644
15.28 -0.340822
15.29 -0.34298
15.3 -0.345122
15.31 -0.347252
15.32 -0.349374
15.33 -0.351491
15.34 -0.353603
15.35 -0.355714
15.36 -0.357826
15.37 -0.359941
15.38 -0.362063
15.39 -0.364193
15.4 -0.366333
15.41 -0.368487
15.42 -0.370655
15.43 -0.372838
15.44 -0.375038
15.45 -0.377255
15.46 -0.379487
15.47 -0.381734
15.48 -0.383996
15.49 -0.386268
15.5 -0.388548
15.51 -0.390833
15.52 -0.393115
15.53 -0.395391
15.54 -0.397656
15.55 -0.399902
15.56 -0.402126
15.57 -0.404322
15.58 -0.406484
15.59 -0.408608
15.6 -0.410687
15.61 -0.412717
15.62 -0.414692
15.63 -0.416607
15.64 -0.418457
15.65 -0.420236
15.66 -0.421939
15.67 -0.423561
15.68 -0.425096
15.69 -0.426538
15.7 -0.427884
15.71 -0.429128
15.72 -0.430265
15.73 -0.431289
15.74 -0.432196
15.75 -0.43298
15.76 -0.433636
15.77 -0.434158
15.78 -0.434543
15.79 -0.434784
15.8 -0.434876
15.81 -0.434815
15.82 -0.434597
15.83 -0.434218
15.84 -0.433675
15.85 -0.432967
15.86 -0.43209
15.87 -0.431045
15.88 -0.429831
15.89 -0.428449
15.9 -0.426898
15.91 -0.42518
15.92 -0.423296
15.93 -0.42125
15.94 -0.419042
15.95 -0.416676
15.96 -0.414155
15.97 -0.411484
15.98 -0.408666
15.99 -0.405707
16 -0.402613
16.01 -0.399392
16.02 -0.396051
16.03 -0.392599
16.04 -0.389046
16.05 -0.385396
16.06 -0.381655
16.07 -0.377828
16.08 -0.373921
16.09 -0.369939
16.1 -0.365886
16.11 -0.361768
16.12 -0.35759
16.13 -0.353357
16.14 -0.349073
16.15 -0.344745
16.16 -0.340378
16.17 -0.335976
16.18 -0.331546
16.19 -0.327093
16.2 -0.322623
16.21 -0.31814
16.22 -0.31365
16.23 -0.309157
16.24 -0.304666
16.25 -0.300178
16.26 -0.295698
16.27 -0.291225
16.28 -0.28676
16.29 -0.282306
16.3 -0.277862
16.31 -0.273428
16.32 -0.269004
16.33 -0.264592
16.34 -0.26019
16.35 -0.255798
16.36 -0.251417
16.37 -0.247045
16.38 -0.242683
16.39 -0.23833
16.4 -0.233985
16.41 -0.229649
16.42 -0.22532
16.43 -0.220998
16.44 -0.216682
16.45 -0.212372
16.46 -0.208069
16.47 -0.203771
16.48 -0.199478
16.49 -0.195191
16.5 -0.190908
16.51 -0.18663
16.52 -0.182356
16.53 -0.178087
16.54 -0.173821
16.55 -0.16956
16.56 -0.165302
16.57 -0.161048
16.58 -0.156797
16.59 -0.152551
16.6 -0.148309
16.61 -0.144072
16.62 -0.139841
16.63 -0.135617
16.64 -0.131403
16.65 -0.127199
16.66 -0.123008
16.67 -0.118833
16.68 -0.114677
16.69 -0.110543
16.7 -0.106436
16.71 -0.102358
16.72 -0.0983133
16.73 -0.0943045
16.74 -0.0903342
16.75 -0.0864041
16.76 -0.0825158
16.77 -0.0786705
16.78 -0.0748693
16.79 -0.071113
16.8 -0.0674021
16.81 -0.063737
16.82 -0.0601178
16.83 -0.0565448
16.84 -0.053018
16.85 -0.0495374
16.86 -0.0461029
16.87 -0.0427147
16.88 -0.0393729
16.89 -0.0360782
16.9 -0.0328309
16.91 -0.029632
16.92 -0.0264822
16.93 -0.0233823
16.94 -0.0203332
16.95 -0.0173355
16.96 -0.0143897
16.97 -0.0114964
16.98 -0.00865591
16.99 -0.00586853
17 -0.00313448
17.01 -0.000453879
17.02 0.00217315
17.03 0.00474648
17.04 0.00726589
17.05 0.00973108
17.06 0.0121418
17.07 0.0144978
17.08 0.016799
17.09 0.0190453
17.1 0.0212365
17.11 0.0233723
17.12 0.0254526
17.13 0.0274771
17.14 0.0294458
17.15 0.0313584
17.16 0.0332149
17.17 0.0350151
17.18 0.0367587
17.19 0.0384457
17.2 0.0400759
17.21 0.0416493
17.22 0.0431658
17.23 0.0446255
17.24 0.0460281
17.25 0.0473737
17.26 0.048662
17.27 0.0498926
17.28 0.0510652
17.29 0.0521792
17.3 0.0532341
17.31 0.0542294
17.32 0.0551643
17.33 0.0560385
17.34 0.0568512
17.35 0.0576016
17.36 0.0582887
17.37 0.0589111
17.38 0.0594671
17.39 0.0599544
17.4 0.0603706
17.41 0.0607125
17.42 0.0609767
17.43 0.0611594
17.44 0.0612572
17.45 0.0612669
17.46 0.0611858
17.47 0.0610119
17.48 0.0607441
17.49 0.0603816
17.5 0.0599242
17.51 0.0593716
17.52 0.0587238
17.53 0.057981
17.54 0.0571433
17.55 0.0562113
17.56 0.0551858
17.57 0.0540682
17.58 0.05286
17.59 0.0515634
17.6 0.0501812
17.61 0.0487165
17.62 0.0471733
17.63 0.045556
17.64 0.0438696
17.65 0.0421196
17.66 0.0403119
17.67 0.0384526
17.68 0.0365484
17.69 0.0346059
17.7 0.0326319
17.71 0.0306331
17.72 0.0286157
17.73 0.0265858
17.74 0.0245491
17.75 0.0225111
17.76 0.0204776
17.77 0.0184547
17.78 0.0164475
17.79 0.0144595
17.8 0.0124938
17.81 0.0105538
17.82 0.00864298
17.83 0.00676477
17.84 0.0049226
17.85 0.00311982
17.86 0.00135976
17.87 -0.000354437
17.88 -0.00201984
17.89 -0.00363388
17.9 -0.00519448
17.91 -0.0067001
17.92 -0.00814971
17.93 -0.0095426
17.94 -0.0108783
17.95 -0.0121563
17.96 -0.0133766
17.97 -0.0145391
17.98 -0.015644
17.99 -0.0166915
18 -0.017682
18.01 -0.0186158
18.02 -0.0194932
18.03 -0.0203147
18.04 -0.0210805
18.05 -0.0217909
18.06 -0.022446
18.07 -0.023046
18.08 -0.0235909
18.09 -0.0240811
18.1 -0.0245168
18.11 -0.0248983
18.12 -0.0252259
18.13 -0.0254998
18.14 -0.0257202
18.15 -0.0258871
18.16 -0.0260003
18.17 -0.0260596
18.18 -0.0260644
18.19 -0.0260141
18.2 -0.025908
18.21 -0.0257453
18.22 -0.0255253
18.23 -0.0252477
18.24 -0.0249121
18.25 -0.0245184
18.26 -0.0240668
18.27 -0.0235577
18.28 -0.0229914
18.29 -0.0223684
18.3 -0.0216892
18.31 -0.0209544
18.32 -0.0201646
18.33 -0.0193206
18.34 -0.0184231
18.35 -0.0174733
18.36 -0.0164723
18.37 -0.0154218
18.38 -0.0143234
18.39 -0.013179
18.4 -0.0119905
18.41 -0.0107596
18.42 -0.00948807
18.43 -0.00817757
18.44 -0.00682951
18.45 -0.00544513
18.46 -0.0040255
18.47 -0.00257155
18.48 -0.00108415
18.49 0.000435825
18.5 0.00198744
18.51 0.00356953
18.52 0.00518069
18.53 0.00681924
18.54 0.0084832
18.55 0.0101704
18.56 0.0118782
18.57 0.0136041
18.58 0.0153451
18.59 0.0170984
18.6 0.0188624
18.61 0.0206375
18.62 0.0224249
18.63 0.0242252
18.64 0.0260391
18.65 0.0278674
18.66 0.0297105
18.67 0.0315686
18.68 0.0334416
18.69 0.0353284
18.7 0.0372274
18.71 0.0391359
18.72 0.0410504
18.73 0.0429667
18.74 0.0448803
18.75 0.0467866
18.76 0.0486811
18.77 0.0505594
18.78 0.0524173
18.79 0.0542502
18.8 0.0560539
18.81 0.057824
18.82 0.059556
18.83 0.0612454
18.84 0.0628875
18.85 0.0644778
18.86 0.0660114
18.87 0.0674837
18.88 0.0688901
18.89 0.0702261
18.9 0.0714874
18.91 0.0726703
18.92 0.0737718
18.93 0.0747892
18.94 0.0757207
18.95 0.0765648
18.96 0.07732
18.97 0.0779849
18.98 0.0785581
18.99 0.0790377
19 0.0794218
19.01 0.079708
19.02 0.0798936
19.03 0.0799755
19.04 0.0799509
19.05 0.0798168
19.06 0.0795709
19.07 0.0792115
19.08 0.0787374
19.09 0.0781479
19.1 0.0774431
19.11 0.076623
19.12 0.0756879
19.13 0.0746381
19.14 0.0734737
19.15 0.0721953
19.16 0.0708037
19.17 0.0693002
19.18 0.0676873
19.19 0.0659682
19.2 0.0641473
19.21 0.0622298
19.22 0.0602219
19.23 0.0581302
19.24 0.0559619
19.25 0.0537242
19.26 0.0514236
19.27 0.0490664
19.28 0.0466581
19.29 0.044204
19.3 0.0417097
19.31 0.039181
19.32 0.0366243
19.33 0.0340443
19.34 0.0314433
19.35 0.0288232
19.36 0.026187
19.37 0.0235378
19.38 0.0208788
19.39 0.0182133
19.4 0.0155442
19.41 0.0128747
19.42 0.0102079
19.43 0.0075468
19.44 0.00489454
19.45 0.00225416
19.46 -0.000371276
19.47 -0.00297879
19.48 -0.00556542
19.49 -0.00812823
19.5 -0.0106645
19.51 -0.0131717
19.52 -0.0156474
19.53 -0.0180896
19.54 -0.0204963
19.55 -0.0228659
19.56 -0.0251976
19.57 -0.0274908
19.58 -0.0297451
19.59 -0.0319605
19.6 -0.0341368
19.61 -0.0362741
19.62 -0.0383727
19.63 -0.0404327
19.64 -0.0424545
19.65 -0.0444383
19.66 -0.0463847
19.67 -0.048294
19.68 -0.0501669
19.69 -0.0520039
19.7 -0.0538059
19.71 -0.0555737
19.72 -0.0573084
19.73 -0.059011
19.74 -0.0606825
19.75 -0.0623237
19.76 -0.0639351
19.77 -0.0655171
19.78 -0.0670699
19.79 -0.0685934
19.8 -0.0700878
19.81 -0.0715531
19.82 -0.0729894
19.83 -0.074397
19.84 -0.0757762
19.85 -0.0771276
19.86 -0.0784519
19.87 -0.0797499
19.88 -0.0810226
19.89 -0.082271
19.9 -0.0834959
19.91 -0.0846981
19.92 -0.0858782
19.93 -0.0870365
19.94 -0.0881733
19.95 -0.0892888
19.96 -0.0903835
19.97 -0.0914579
19.98 -0.0925128
19.99 -0.0935492
20 -0.0945682
20.01 -0.0955711
20.02 -0.0965592
20.03 -0.0975336
20.04 -0.0984951
20.05 -0.0994441
20.06 -0.10038
20.07 -0.101303
20.08 -0.102211
20.09 -0.103103
20.1 -0.103976
20.11 -0.104829
20.12 -0.105658
20.13 -0.106461
20.14 -0.107237
20.15 -0.107982
20.16 -0.108694
20.17 -0.109371
20.18 -0.110011
20.19 -0.110613
20.2 -0.111174
20.21 -0.111695
20.22 -0.112173
20.23 -0.112609
20.24 -0.113
20.25 -0.113347
20.26 -0.113648
20.27 -0.113904
20.28 -0.114112
20.29 -0.114274
20.3 -0.11439
20.31 -0.114459
20.32 -0.114481
20.33 -0.114458
20.34 -0.11439
20.35 -0.114278
20.36 -0.114122
20.37 -0.113924
20.38 -0.113682
20.39 -0.113399
20.4 -0.113072
20.41 -0.112702
20.42 -0.112288
20.43 -0.111829
20.44 -0.111324
20.45 -0.110771
20.46 -0.110172
20.47 -0.109523
20.48 -0.108826
20.49 -0.10808
20.5 -0.107284
20.51 -0.106437
20.52 -0.10554
20.53 -0.104592
20.54 -0.103592
20.55 -0.102542
20.56 -0.101441
20.57 -0.100288
20.58 -0.0990857
20.59 -0.0978344
20.6 -0.0965361
20.61 -0.0951932
20.62 -0.0938086
20.63 -0.0923854
20.64 -0.0909269
20.65 -0.0894366
20.66 -0.0879177
20.67 -0.086374
20.68 -0.0848087
20.69 -0.0832253
20.7 -0.0816271
20.71 -0.0800172
20.72 -0.0783986
20.73 -0.0767745
20.74 -0.075148
20.75 -0.073522
20.76 -0.0718996
20.77 -0.070283
20.78 -0.0686724
20.79 -0.0670671
20.8 -0.0654662
20.81 -0.0638684
20.82 -0.0622719
20.83 -0.0606748
20.84 -0.0590746
20.85 -0.0574691
20.86 -0.0558562
20.87 -0.0542342
20.88 -0.0526016
20.89 -0.0509572
20.9 -0.0493003
20.91 -0.0476303
20.92 -0.0459467
20.93 -0.044249
20.94 -0.0425368
20.95 -0.0408098
20.96 -0.0390679
20.97 -0.037311
20.98 -0.0355396
20.99 -0.0337544
21 -0.0319565
21.01 -0.0301475
21.02 -0.0283292
21.03 -0.026504
21.04 -0.0246744
21.05 -0.022843
21.06 -0.0210123
21.07 -0.0191847
21.08 -0.0173628
21.09 -0.015549
21.1 -0.0137457
21.11 -0.0119551
21.12 -0.0101791
21.13 -0.00841948
21.14 -0.00667732
21.15 -0.00495369
21.16 -0.00324953
21.17 -0.00156567
21.18 9.70663e-05
21.19 0.00173787
21.2 0.00335592
21.21 0.0049504
21.22 0.00652051
21.23 0.00806547
21.24 0.00958452
21.25 0.011077
21.26 0.0125425
21.27 0.0139806
21.28 0.0153914
21.29 0.016775
21.3 0.0181316
21.31 0.0194618
21.32 0.0207658
21.33 0.022044
21.34 0.0232965
21.35 0.024523
21.36 0.0257233
21.37 0.0268969
21.38 0.028043
21.39 0.0291605
21.4 0.0302481
21.41 0.0313043
21.42 0.0323276
21.43 0.033316
21.44 0.034268
21.45 0.0351819
21.46 0.0360563
21.47 0.0368897
21.48 0.0376812
21.49 0.0384294
21.5 0.0391334
21.51 0.0397918
21.52 0.0404037
21.53 0.0409678
21.54 0.0414832
21.55 0.041949
21.56 0.042364
21.57 0.0427273
21.58 0.0430376
21.59 0.0432934
21.6 0.0434932
21.61 0.0436355
21.62 0.0437186
21.63 0.0437411
21.64 0.043702
21.65 0.0436005
21.66 0.0434364
21.67 0.0432098
21.68 0.0429213
21.69 0.0425715
21.7 0.0421614
21.71 0.0416919
21.72 0.0411641
21.73 0.0405791
21.74 0.0399385
21.75 0.039244
21.76 0.0384977
21.77 0.0377022
21.78 0.03686
21.79 0.0359741
21.8 0.0350477
21.81 0.0340837
21.82 0.0330849
21.83 0.032054
21.84 0.0309933
21.85 0.0299051
21.86 0.0287911
21.87 0.0276533
21.88 0.0264932
21.89 0.0253124
21.9 0.0241123
21.91 0.0228945
21.92 0.0216607
21.93 0.0204128
21.94 0.019153
21.95 0.0178835
21.96 0.0166067
21.97 0.0153246
21.98 0.0140393
21.99 0.0127522
22 0.0114646
22.01 0.0101773
22.02 0.00889074
22.03 0.00760517
22.04 0.00632101
22.05 0.00503899
22.06 0.00376041
22.07 0.00248731
22.08 0.00122223
22.09 -3.2645e-05
22.1 -0.00127626
22.11 -0.00250795
22.12 -0.00372683
22.13 -0.00493199
22.14 -0.00612253
22.15 -0.00729766
22.16 -0.00845679
22.17 -0.00959946
22.18 -0.0107254
22.19 -0.0118344
22.2 -0.0129262
22.21 -0.0140005
22.22 -0.015057
22.23 -0.0160948
22.24 -0.0171131
22.25 -0.018111
22.26 -0.0190875
22.27 -0.0200416
22.28 -0.0209723
22.29 -0.0218788
22.3 -0.0227605
22.31 -0.0236174
22.32 -0.0244496
22.33 -0.0252576
22.34 -0.0260421
22.35 -0.0268041
22.36 -0.0275445
22.37 -0.0282643
22.38 -0.0289642
22.39 -0.0296452
22.4 -0.0303077
22.41 -0.0309521
22.42 -0.0315787
22.43 -0.0321876
22.44 -0.0327785
22.45 -0.0333515
22.46 -0.0339061
22.47 -0.0344416
22.48 -0.0349571
22.49 -0.0354515
22.5 -0.0359235
22.51 -0.0363714
22.52 -0.0367934
22.53 -0.0371873
22.54 -0.037551
22.55 -0.0378822
22.56 -0.0381787
22.57 -0.0384381
22.58 -0.0386581
22.59 -0.0388362
22.6 -0.03897
22.61 -0.0390572
22.62 -0.0390954
22.63 -0.0390822
22.64 -0.0390159
22.65 -0.0388946
22.66 -0.038717
22.67 -0.0384822
22.68 -0.0381899
22.69 -0.03784
22.7 -0.0374325
22.71 -0.0369675
22.72 -0.0364451
22.73 -0.0358653
22.74 -0.0352284
22.75 -0.0345346
22.76 -0.0337843
22.77 -0.0329781
22.78 -0.0321168
22.79 -0.0312014
22.8 -0.0302332
22.81 -0.0292135
22.82 -0.0281437
22.83 -0.0270255
22.84 -0.0258604
22.85 -0.0246505
22.86 -0.0233976
22.87 -0.022104
22.88 -0.020772
22.89 -0.019404
22.9 -0.0180029
22.91 -0.0165716
22.92 -0.0151135
22.93 -0.0136318
22.94 -0.0121305
22.95 -0.0106133
22.96 -0.00908436
22.97 -0.00754801
22.98 -0.0060085
22.99 -0.00446988
23 -0.00293577
23.01 -0.00140935
23.02 0.000106571
23.03 0.00160947
23.04 0.0030971
23.05 0.00456739
23.06 0.00601972
23.07 0.00745546
23.08 0.00887578
23.09 0.0102809
23.1 0.0116708
23.11 0.0130453
23.12 0.0144043
23.13 0.0157475
23.14 0.0170748
23.15 0.018386
23.16 0.0196812
23.17 0.0209601
23.18 0.0222227
23.19 0.0234692
23.2 0.0246997
23.21 0.0259144
23.22 0.0271135
23.23 0.0282971
23.24 0.0294654
23.25 0.0306185
23.26 0.0317566
23.27 0.0328796
23.28 0.0339878
23.29 0.0350815
23.3 0.0361611
23.31 0.0372271
23.32 0.03828
23.33 0.0393204
23.34 0.0403487
23.35 0.0413653
23.36 0.0423705
23.37 0.0433644
23.38 0.044347
23.39 0.0453181
23.4 0.0462772
23.41 0.0472237
23.42 0.0481566
23.43 0.0490747
23.44 0.0499768
23.45 0.0508614
23.46 0.0517269
23.47 0.0525717
23.48 0.0533948
23.49 0.054195
23.5 0.0549717
23.51 0.0557242
23.52 0.0564522
23.53 0.0571552
23.54 0.0578327
23.55 0.0584845
23.56 0.0591104
23.57 0.05971
23.58 0.0602833
23.59 0.0608304
23.6 0.0613512
23.61 0.061846
23.62 0.0623148
23.63 0.0627579
23.64 0.0631758
23.65 0.0635688
23.66 0.0639376
23.67 0.0642825
23.68 0.0646039
23.69 0.064902
23.7 0.0651769
23.71 0.0654285
23.72 0.0656565
23.73 0.0658604
23.74 0.0660397
23.75 0.0661934
23.76 0.0663205
23.77 0.0664194
23.78 0.0664883
23.79 0.0665249
23.8 0.0665268
23.81 0.0664915
23.82 0.0664164
23.83 0.0662993
23.84 0.0661381
23.85 0.0659309
23.86 0.0656756
23.87 0.0653707
23.88 0.0650146
23.89 0.0646058
23.9 0.0641429
23.91 0.0636244
23.92 0.0630487
23.93 0.0624144
23.94 0.06172
23.95 0.0609645
23.96 0.0601471
23.97 0.0592673
23.98 0.0583252
23.99 0.0573216
24 0.0562578
24.01 0.0551357
24.02 0.0539577
24.03 0.0527267
24.04 0.0514462
24.05 0.0501202
24.06 0.0487536
24.07 0.0473519
24.08 0.0459209
24.09 0.0444666
24.1 0.0429947
24.11 0.0415111
24.12 0.0400213
24.13 0.0385301
24.14 0.0370422
24.15 0.0355614
24.16 0.034091
24.17 0.032634
24.18 0.0311931
24.19 0.0297707
24.2 0.0283695
24.21 0.0269916
24.22 0.0256393
24.23 0.0243144
24.24 0.0230187
24.25 0.0217528
24.26 0.0205152
24.27 0.0193042
24.28 0.0181185
24.29 0.0169565
24.3 0.0158166
24.31 0.0146966
24.32 0.0135947
24.33 0.012509
24.34 0.0114381
24.35 0.0103814
24.36 0.0093384
24.37 0.00830933
24.38 0.00729449
24.39 0.00629443
24.4 0.00530984
24.41 0.00434143
24.42 0.00338986
24.43 0.00245561
24.44 0.00153901
24.45 0.000640268
24.46 -0.000240459
24.47 -0.00110296
24.48 -0.00194696
24.49 -0.00277208
24.5 -0.0035779
24.51 -0.004364
24.52 -0.00512994
24.53 -0.00587534
24.54 -0.00659992
24.55 -0.00730352
24.56 -0.00798607
24.57 -0.00864764
24.58 -0.00928854
24.59 -0.00990921
24.6 -0.0105101
24.61 -0.0110918
24.62 -0.0116545
24.63 -0.012199
24.64 -0.0127255
24.65 -0.0132344
24.66 -0.0137256
24.67 -0.0141991
24.68 -0.0146543
24.69 -0.0150908
24.7 -0.0155075
24.71 -0.0159037
24.72 -0.0162781
24.73 -0.0166298
24.74 -0.0169577
24.75 -0.0172606
24.76 -0.0175372
24.77 -0.0177863
24.78 -0.0180066
24.79 -0.0181972
24.8 -0.0183573
24.81 -0.0184859
24.82 -0.0185827
24.83 -0.0186472
24.84 -0.0186793
24.85 -0.0186791
24.86 -0.0186465
24.87 -0.0185819
24.88 -0.0184856
24.89 -0.0183584
24.9 -0.0182011
24.91 -0.0180151
24.92 -0.0178018
24.93 -0.0175628
24.94 -0.0173002
24.95 -0.0170156
24.96 -0.0167111
24.97 -0.0163887
24.98 -0.0160505
24.99 -0.0156984
25 -0.0153343
