0.01 3.17637e-09
0.02 1.53054e-08
0.03 3.78136e-08
0.04 6.83716e-08
0.05 1.04693e-07
0.06 1.44556e-07
0.07 1.85822e-07
0.08 2.26431e-07
0.09 2.64387e-07
0.1 2.97753e-07
0.11 3.24681e-07
0.12 3.43405e-07
0.13 3.52208e-07
0.14 3.49365e-07
0.15 3.33131e-07
0.16 3.01798e-07
0.17 2.53745e-07
0.18 1.87449e-07
0.19 1.01498e-07
0.2 -5.39571e-09
0.21 -1.34389e-07
0.22 -2.865e-07
0.23 -4.62615e-07
0.24 -6.63506e-07
0.25 -8.89863e-07
0.26 -1.14235e-06
0.27 -1.42166e-06
0.28 -1.72835e-06
0.29 -2.06261e-06
0.3 -2.42416e-06
0.31 -2.81216e-06
0.32 -3.22525e-06
0.33 -3.66127e-06
0.34 -4.11719e-06
0.35 -4.5894e-06
0.36 -5.07394e-06
0.37 -5.56659e-06
0.38 -6.0635e-06
0.39 -6.56191e-06
0.4 -7.06082e-06
0.41 -7.56124e-06
0.42 -8.06579e-06
0.43 -8.57805e-06
0.44 -9.10268e-06
0.45 -9.64523e-06
0.46 -1.02117e-05
0.47 -1.08081e-05
0.48 -1.14398e-05
0.49 -1.21114e-05
0.5 -1.28266e-05
0.51 -1.35885e-05
0.52 -1.43994e-05
0.53 -1.52612e-05
0.54 -1.6175e-05
0.55 -1.71416e-05
0.56 -1.81612e-05
0.57 -1.92338e-05
0.58 -2.03588e-05
0.59 -2.1536e-05
0.6 -2.27649e-05
0.61 -2.40445e-05
0.62 -2.5374e-05
0.63 -2.67522e-05
0.64 -2.81779e-05
0.65 -2.96498e-05
0.66 -3.1167e-05
0.67 -3.27285e-05
0.68 -3.43337e-05
0.69 -3.59822e-05
0.7 -3.76736e-05
0.71 -3.94072e-05
0.72 -4.11817e-05
0.73 -4.2994e-05
0.74 -4.48393e-05
0.75 -4.67098e-05
0.76 -4.85949e-05
0.77 -5.04814e-05
0.78 -5.23544e-05
0.79 -5.42002e-05
0.8 -5.6007e-05
0.81 -5.77663e-05
0.82 -5.94719e-05
0.83 -6.11194e-05
0.84 -6.27063e-05
0.85 -6.42338e-05
0.86 -6.57057e-05
0.87 -6.71248e-05
0.88 -6.84889e-05
0.89 -6.97906e-05
0.9 -7.10189e-05
0.91 -7.21614e-05
0.92 -7.32054e-05
0.93 -7.41401e-05
0.94 -7.4959e-05
0.95 -7.56614e-05
0.96 -7.62529e-05
0.97 -7.67448e-05
0.98 -7.71491e-05
0.99 -7.74734e-05
1 -7.77187e-05
1.01 -7.78808e-05
1.02 -7.79495e-05
1.03 -7.79098e-05
1.04 -7.77447e-05
1.05 -7.74372e-05
1.06 -7.69733e-05
1.07 -7.63444e-05
1.08 -7.55451e-05
1.09 -7.45711e-05
1.1 -7.34177e-05
1.11 -7.20817e-05
1.12 -7.05602e-05
1.13 -6.88485e-05
1.14 -6.69408e-05
1.15 -6.4832e-05
1.16 -6.25189e-05
1.17 -6.0003e-05
1.18 -5.7293e-05
1.19 -5.44028e-05
1.2 -5.13481e-05
1.21 -4.8148e-05
1.22 -4.48264e-05
1.23 -4.14088e-05
1.24 -3.79172e-05
1.25 -3.4362e-05
1.26 -3.07375e-05
1.27 -2.70266e-05
1.28 -2.32105e-05
1.29 -1.92711e-05
1.3 -1.51924e-05
1.31 -1.0965e-05
1.32 -6.58847e-06
1.33 -2.06918e-06
1.34 2.58551e-06
1.35 7.37052e-06
1.36 1.22834e-05
1.37 1.73243e-05
1.38 2.24952e-05
1.39 2.77989e-05
1.4 3.32367e-05
1.41 3.88056e-05
1.42 4.44944e-05
1.43 5.02792e-05
1.44 5.61199e-05
1.45 6.19583e-05
1.46 6.77192e-05
1.47 7.33173e-05
1.48 7.86642e-05
1.49 8.36692e-05
1.5 8.82433e-05
1.51 9.23035e-05
1.52 9.57755e-05
1.53 9.86003e-05
1.54 0.000100743
1.55 0.000102199
1.56 0.000103
1.57 0.000103199
1.58 0.000102868
1.59 0.000102085
1.6 0.000100926
1.61 9.94596e-05
1.62 9.77434e-05
1.63 9.58291e-05
1.64 9.37601e-05
1.65 9.15727e-05
1.66 8.92933e-05
1.67 8.69367e-05
1.68 8.45087e-05
1.69 8.20111e-05
1.7 7.94459e-05
1.71 7.68154e-05
1.72 7.41223e-05
1.73 7.13723e-05
1.74 6.85776e-05
1.75 6.57609e-05
1.76 6.295e-05
1.77 6.01715e-05
1.78 5.74548e-05
1.79 5.48372e-05
1.8 5.23619e-05
1.81 5.00725e-05
1.82 4.80137e-05
1.83 4.62285e-05
1.84 4.47485e-05
1.85 4.3588e-05
1.86 4.2749e-05
1.87 4.22302e-05
1.88 4.20335e-05
1.89 4.21646e-05
1.9 4.26329e-05
1.91 4.34516e-05
1.92 4.4638e-05
1.93 4.62106e-05
1.94 4.81766e-05
1.95 5.05153e-05
1.96 5.31775e-05
1.97 5.60908e-05
1.98 5.91637e-05
1.99 6.22976e-05
2 6.54068e-05
2.01 6.84374e-05
2.02 7.13692e-05
2.03 7.42126e-05
2.04 7.70055e-05
2.05 7.98038e-05
2.06 8.2671e-05
2.07 8.56677e-05
2.08 8.88365e-05
2.09 9.21899e-05
2.1 9.57087e-05
2.11 9.93444e-05
2.12 0.000103018
2.13 0.000106613
2.14 0.000109991
2.15 0.000112999
2.16 0.000115476
2.17 0.00011726
2.18 0.000118187
2.19 0.000118086
2.2 0.000116774
2.21 0.000114058
2.22 0.00010975
2.23 0.000103669
2.24 9.56541e-05
2.25 8.55514e-05
2.26 7.32243e-05
2.27 5.85781e-05
2.28 4.15665e-05
2.29 2.21795e-05
2.3 4.38849e-07
2.31 -2.36005e-05
2.32 -4.98446e-05
2.33 -7.81481e-05
2.34 -0.000108309
2.35 -0.000140075
2.36 -0.000173152
2.37 -0.000207213
2.38 -0.000241913
2.39 -0.000276884
2.4 -0.000311755
2.41 -0.000346193
2.42 -0.000379921
2.43 -0.000412703
2.44 -0.000444325
2.45 -0.000474589
2.46 -0.000503316
2.47 -0.000530354
2.48 -0.000555587
2.49 -0.000578914
2.5 -0.000600233
2.51 -0.000619432
2.52 -0.000636383
2.53 -0.000650958
2.54 -0.000663034
2.55 -0.000672487
2.56 -0.000679199
2.57 -0.000683085
2.58 -0.000684113
2.59 -0.000682311
2.6 -0.00067776
2.61 -0.000670577
2.62 -0.000660895
2.63 -0.000648845
2.64 -0.00063454
2.65 -0.000618079
2.66 -0.000599544
2.67 -0.000579004
2.68 -0.000556527
2.69 -0.000532194
2.7 -0.0005061
2.71 -0.000478348
2.72 -0.000449045
2.73 -0.000418299
2.74 -0.000386203
2.75 -0.000352828
2.76 -0.00031824
2.77 -0.000282501
2.78 -0.000245649
2.79 -0.000207683
2.8 -0.000168566
2.81 -0.000128237
2.82 -8.66335e-05
2.83 -4.37311e-05
2.84 4.56677e-07
2.85 4.58758e-05
2.86 9.24365e-05
2.87 0.000140007
2.88 0.000188399
2.89 0.000237375
2.9 0.000286673
2.91 0.000336018
2.92 0.000385116
2.93 0.000433668
2.94 0.000481377
2.95 0.000527959
2.96 0.00057315
2.97 0.000616733
2.98 0.000658555
2.99 0.000698509
3 0.000736525
3.01 0.00077256
3.02 0.000806577
3.03 0.000838522
3.04 0.000868326
3.05 0.000895889
3.06 0.000921081
3.07 0.000943728
3.08 0.000963626
3.09 0.000980552
3.1 0.000994297
3.11 0.0010047
3.12 0.00101164
3.13 0.00101512
3.14 0.00101514
3.15 0.0010118
3.16 0.00100517
3.17 0.000995378
3.18 0.000982567
3.19 0.000966884
3.2 0.000948461
3.21 0.000927426
3.22 0.000903939
3.23 0.000878203
3.24 0.000850464
3.25 0.000821002
3.26 0.00079012
3.27 0.000758155
3.28 0.000725503
3.29 0.000692571
3.3 0.000659756
3.31 0.000627456
3.32 0.000596073
3.33 0.000565963
3.34 0.000537393
3.35 0.000510511
3.36 0.000485334
3.37 0.000461756
3.38 0.000439564
3.39 0.000418443
3.4 0.000397984
3.41 0.000377706
3.42 0.00035709
3.43 0.000335611
3.44 0.000312766
3.45 0.000288074
3.46 0.00026109
3.47 0.000231448
3.48 0.000198911
3.49 0.000163384
3.5 0.000124911
3.51 8.36617e-05
3.52 3.99179e-05
3.53 -5.94044e-06
3.54 -5.34704e-05
3.55 -0.000102218
3.56 -0.000151777
3.57 -0.000201798
3.58 -0.000251946
3.59 -0.00030189
3.6 -0.000351339
3.61 -0.000400067
3.62 -0.000447904
3.63 -0.000494731
3.64 -0.000540489
3.65 -0.000585176
3.66 -0.000628845
3.67 -0.000671619
3.68 -0.000713694
3.69 -0.00075531
3.7 -0.000796704
3.71 -0.000838093
3.72 -0.000879692
3.73 -0.000921692
3.74 -0.00096423
3.75 -0.0010074
3.76 -0.00105128
3.77 -0.00109589
3.78 -0.00114122
3.79 -0.00118723
3.8 -0.00123383
3.81 -0.00128087
3.82 -0.00132816
3.83 -0.00137546
3.84 -0.00142252
3.85 -0.00146907
3.86 -0.00151488
3.87 -0.00155978
3.88 -0.00160373
3.89 -0.00164678
3.9 -0.00168911
3.91 -0.00173102
3.92 -0.00177291
3.93 -0.00181526
3.94 -0.00185859
3.95 -0.00190343
3.96 -0.00195028
3.97 -0.0019996
3.98 -0.0020517
3.99 -0.00210678
4 -0.00216486
4.01 -0.00222581
4.02 -0.00228939
4.03 -0.00235519
4.04 -0.00242274
4.05 -0.0024914
4.06 -0.00256044
4.07 -0.00262902
4.08 -0.00269613
4.09 -0.00276066
4.1 -0.00282142
4.11 -0.0028772
4.12 -0.00292685
4.13 -0.00296942
4.14 -0.00300415
4.15 -0.00303054
4.16 -0.00304842
4.17 -0.00305796
4.18 -0.0030596
4.19 -0.003054
4.2 -0.00304206
4.21 -0.00302478
4.22 -0.00300324
4.23 -0.00297848
4.24 -0.00295141
4.25 -0.00292285
4.26 -0.00289357
4.27 -0.00286423
4.28 -0.0028354
4.29 -0.00280748
4.3 -0.00278074
4.31 -0.00275528
4.32 -0.00273111
4.33 -0.00270812
4.34 -0.00268608
4.35 -0.00266459
4.36 -0.00264313
4.37 -0.00262106
4.38 -0.00259761
4.39 -0.002572
4.4 -0.00254339
4.41 -0.00251089
4.42 -0.0024736
4.43 -0.00243063
4.44 -0.00238113
4.45 -0.00232432
4.46 -0.00225959
4.47 -0.00218652
4.48 -0.0021049
4.49 -0.00201469
4.5 -0.0019159
4.51 -0.00180861
4.52 -0.00169298
4.53 -0.00156929
4.54 -0.00143797
4.55 -0.00129954
4.56 -0.00115458
4.57 -0.0010038
4.58 -0.000847945
4.59 -0.000687847
4.6 -0.000524369
4.61 -0.000358382
4.62 -0.000190708
4.63 -2.21174e-05
4.64 0.000146676
4.65 0.000315029
4.66 0.000482391
4.67 0.00064835
4.68 0.000812652
4.69 0.000975173
4.7 0.00113586
4.71 0.00129468
4.72 0.00145157
4.73 0.00160646
4.74 0.00175926
4.75 0.00190979
4.76 0.0020578
4.77 0.00220296
4.78 0.00234495
4.79 0.00248342
4.8 0.00261803
4.81 0.00274838
4.82 0.00287402
4.83 0.00299453
4.84 0.00310948
4.85 0.00321843
4.86 0.00332087
4.87 0.00341638
4.88 0.0035046
4.89 0.0035852
4.9 0.00365787
4.91 0.00372238
4.92 0.00377857
4.93 0.00382634
4.94 0.0038656
4.95 0.00389633
4.96 0.00391852
4.97 0.00393222
4.98 0.00393757
4.99 0.00393475
5 0.00392404
5.01 0.0039057
5.02 0.00387995
5.03 0.00384693
5.04 0.00380666
5.05 0.00375905
5.06 0.00370388
5.07 0.00364082
5.08 0.00356943
5.09 0.00348923
5.1 0.0033997
5.11 0.00330031
5.12 0.00319054
5.13 0.00306998
5.14 0.0029383
5.15 0.00279533
5.16 0.0026411
5.17 0.00247589
5.18 0.0023002
5.19 0.00211465
5.2 0.00192006
5.21 0.00171737
5.22 0.00150761
5.23 0.00129186
5.24 0.00107113
5.25 0.000846458
5.26 0.000618916
5.27 0.000389646
5.28 0.000159835
5.29 -6.93347e-05
5.3 -0.000296717
5.31 -0.000521207
5.32 -0.000741783
5.33 -0.000957596
5.34 -0.00116802
5.35 -0.00137263
5.36 -0.00157125
5.37 -0.00176399
5.38 -0.00195122
5.39 -0.00213346
5.4 -0.0023113
5.41 -0.00248533
5.42 -0.00265614
5.43 -0.00282423
5.44 -0.00298996
5.45 -0.00315352
5.46 -0.00331495
5.47 -0.00347417
5.48 -0.00363105
5.49 -0.00378542
5.5 -0.00393702
5.51 -0.00408552
5.52 -0.0042305
5.53 -0.00437156
5.54 -0.00450831
5.55 -0.0046403
5.56 -0.00476706
5.57 -0.00488818
5.58 -0.00500333
5.59 -0.00511229
5.6 -0.00521484
5.61 -0.00531079
5.62 -0.00539989
5.63 -0.0054819
5.64 -0.00555655
5.65 -0.00562357
5.66 -0.00568271
5.67 -0.00573371
5.68 -0.00577627
5.69 -0.00581002
5.7 -0.00583455
5.71 -0.00584936
5.72 -0.00585391
5.73 -0.00584758
5.74 -0.00582978
5.75 -0.00579993
5.76 -0.00575744
5.77 -0.00570183
5.78 -0.00563273
5.79 -0.00554997
5.8 -0.00545354
5.81 -0.00534366
5.82 -0.00522082
5.83 -0.00508574
5.84 -0.00493938
5.85 -0.00478288
5.86 -0.00461751
5.87 -0.00444463
5.88 -0.00426565
5.89 -0.004082
5.9 -0.00389509
5.91 -0.00370623
5.92 -0.00351661
5.93 -0.00332728
5.94 -0.00313916
5.95 -0.00295299
5.96 -0.00276925
5.97 -0.00258812
5.98 -0.00240951
5.99 -0.00223307
6 -0.00205822
6.01 -0.00188424
6.02 -0.00171034
6.03 -0.00153569
6.04 -0.00135943
6.05 -0.00118071
6.06 -0.000998739
6.07 -0.000812843
6.08 -0.000622558
6.09 -0.0004276
6.1 -0.000227828
6.11 -2.32233e-05
6.12 0.000186085
6.13 0.000399832
6.14 0.000617676
6.15 0.000839274
6.16 0.00106432
6.17 0.00129263
6.18 0.00152419
6.19 0.00175922
6.2 0.00199801
6.21 0.00224094
6.22 0.00248844
6.23 0.00274099
6.24 0.00299909
6.25 0.00326315
6.26 0.00353361
6.27 0.00381083
6.28 0.00409521
6.29 0.0043871
6.3 0.00468694
6.31 0.00499516
6.32 0.00531224
6.33 0.00563872
6.34 0.00597516
6.35 0.00632212
6.36 0.0066801
6.37 0.00704939
6.38 0.00742995
6.39 0.00782145
6.4 0.00822327
6.41 0.00863463
6.42 0.00905465
6.43 0.00948249
6.44 0.00991738
6.45 0.0103587
6.46 0.0108062
6.47 0.0112596
6.48 0.011719
6.49 0.012184
6.5 0.0126545
6.51 0.0131297
6.52 0.0136085
6.53 0.0140892
6.54 0.01457
6.55 0.0150484
6.56 0.0155216
6.57 0.0159865
6.58 0.0164397
6.59 0.0168781
6.6 0.0172983
6.61 0.0176977
6.62 0.0180738
6.63 0.0184246
6.64 0.0187484
6.65 0.0190439
6.66 0.0193097
6.67 0.0195447
6.68 0.0197475
6.69 0.0199171
6.7 0.0200522
6.71 0.0201518
6.72 0.0202148
6.73 0.0202403
6.74 0.0202276
6.75 0.0201759
6.76 0.0200849
6.77 0.0199544
6.78 0.0197843
6.79 0.0195751
6.8 0.019327
6.81 0.0190407
6.82 0.0187169
6.83 0.018356
6.84 0.0179588
6.85 0.0175256
6.86 0.017057
6.87 0.0165532
6.88 0.0160146
6.89 0.0154413
6.9 0.0148339
6.91 0.0141929
6.92 0.0135193
6.93 0.0128144
6.94 0.0120797
6.95 0.0113173
6.96 0.0105294
6.97 0.0097182
6.98 0.00888603
6.99 0.00803484
7 0.00716637
7.01 0.00628198
7.02 0.00538274
7.03 0.00446956
7.04 0.00354336
7.05 0.00260517
7.06 0.00165634
7.07 0.000698586
7.08 -0.000265972
7.09 -0.00123487
7.1 -0.00220535
7.11 -0.0031745
7.12 -0.00413933
7.13 -0.00509706
7.14 -0.00604527
7.15 -0.00698203
7.16 -0.00790582
7.17 -0.00881554
7.18 -0.00971036
7.19 -0.0105897
7.2 -0.0114529
7.21 -0.0122995
7.22 -0.0131288
7.23 -0.0139398
7.24 -0.0147311
7.25 -0.0155013
7.26 -0.0162486
7.27 -0.0169712
7.28 -0.0176672
7.29 -0.018335
7.3 -0.0189734
7.31 -0.0195814
7.32 -0.0201584
7.33 -0.0207042
7.34 -0.0212186
7.35 -0.0217018
7.36 -0.0221535
7.37 -0.0225735
7.38 -0.0229613
7.39 -0.0233159
7.4 -0.0236361
7.41 -0.0239208
7.42 -0.0241683
7.43 -0.0243775
7.44 -0.0245473
7.45 -0.024677
7.46 -0.0247664
7.47 -0.0248156
7.48 -0.0248251
7.49 -0.0247961
7.5 -0.0247299
7.51 -0.0246284
7.52 -0.0244936
7.53 -0.0243277
7.54 -0.0241329
7.55 -0.0239114
7.56 -0.0236653
7.57 -0.0233968
7.58 -0.023108
7.59 -0.0228012
7.6 -0.0224786
7.61 -0.0221423
7.62 -0.0217945
7.63 -0.0214367
7.64 -0.0210702
7.65 -0.0206956
7.66 -0.0203132
7.67 -0.0199229
7.68 -0.0195236
7.69 -0.0191139
7.7 -0.0186919
7.71 -0.0182554
7.72 -0.0178019
7.73 -0.0173295
7.74 -0.0168367
7.75 -0.0163223
7.76 -0.0157858
7.77 -0.0152271
7.78 -0.0146466
7.79 -0.0140446
7.8 -0.0134222
7.81 -0.0127804
7.82 -0.0121208
7.83 -0.011445
7.84 -0.0107549
7.85 -0.0100525
7.86 -0.00934002
7.87 -0.0086197
7.88 -0.00789378
7.89 -0.00716441
7.9 -0.00643356
7.91 -0.005703
7.92 -0.00497427
7.93 -0.00424861
7.94 -0.00352699
7.95 -0.00281012
7.96 -0.00209848
7.97 -0.00139238
7.98 -0.000691902
7.99 2.97939e-06
8 0.000692335
8.01 0.00137616
8.02 0.00205435
8.03 0.00272666
8.04 0.00339265
8.05 0.00405163
8.06 0.00470259
8.07 0.00534431
8.08 0.0059754
8.09 0.00659445
8.1 0.0072001
8.11 0.00779121
8.12 0.00836702
8.13 0.00892717
8.14 0.00947166
8.15 0.0100008
8.16 0.0105153
8.17 0.0110159
8.18 0.0115036
8.19 0.0119795
8.2 0.0124446
8.21 0.0128998
8.22 0.0133459
8.23 0.0137834
8.24 0.0142127
8.25 0.0146342
8.26 0.015048
8.27 0.0154539
8.28 0.0158515
8.29 0.0162403
8.3 0.0166193
8.31 0.0169871
8.32 0.017342
8.33 0.0176813
8.34 0.0180024
8.35 0.0183019
8.36 0.0185765
8.37 0.0188228
8.38 0.0190378
8.39 0.0192189
8.4 0.019364
8.41 0.0194719
8.42 0.0195417
8.43 0.0195733
8.44 0.0195668
8.45 0.0195229
8.46 0.0194428
8.47 0.019328
8.48 0.0191805
8.49 0.0190025
8.5 0.0187963
8.51 0.0185643
8.52 0.0183088
8.53 0.018032
8.54 0.0177354
8.55 0.0174203
8.56 0.0170877
8.57 0.0167381
8.58 0.016372
8.59 0.0159897
8.6 0.0155916
8.61 0.0151779
8.62 0.0147492
8.63 0.0143062
8.64 0.01385
8.65 0.0133818
8.66 0.0129035
8.67 0.0124169
8.68 0.0119242
8.69 0.0114276
8.7 0.0109292
8.71 0.0104313
8.72 0.00993582
8.73 0.00944474
8.74 0.00895963
8.75 0.0084819
8.76 0.00801263
8.77 0.00755253
8.78 0.00710193
8.79 0.00666084
8.8 0.00622894
8.81 0.00580561
8.82 0.00539
8.83 0.00498112
8.84 0.00457806
8.85 0.00418002
8.86 0.00378639
8.87 0.00339669
8.88 0.00301056
8.89 0.00262789
8.9 0.00224879
8.91 0.00187368
8.92 0.00150314
8.93 0.00113794
8.94 0.000778844
8.95 0.000426603
8.96 8.18604e-05
8.97 -0.000254827
8.98 -0.000583
8.99 -0.000902352
9 -0.00121281
9.01 -0.0015146
9.02 -0.00180822
9.03 -0.00209447
9.04 -0.00237441
9.05 -0.00264919
9.06 -0.00291993
9.07 -0.00318761
9.08 -0.00345304
9.09 -0.00371687
9.1 -0.00397964
9.11 -0.00424184
9.12 -0.00450394
9.13 -0.00476639
9.14 -0.0050296
9.15 -0.00529398
9.16 -0.00555978
9.17 -0.00582699
9.18 -0.00609525
9.19 -0.00636377
9.2 -0.00663131
9.21 -0.0068961
9.22 -0.00715584
9.23 -0.00740777
9.24 -0.00764883
9.25 -0.00787588
9.26 -0.00808601
9.27 -0.00827663
9.28 -0.00844565
9.29 -0.00859156
9.3 -0.00871335
9.31 -0.00881032
9.32 -0.00888194
9.33 -0.00892782
9.34 -0.00894771
9.35 -0.00894144
9.36 -0.00890892
9.37 -0.00885017
9.38 -0.00876526
9.39 -0.00865435
9.4 -0.00851778
9.41 -0.0083561
9.42 -0.0081702
9.43 -0.00796132
9.44 -0.00773118
9.45 -0.00748197
9.46 -0.00721626
9.47 -0.0069368
9.48 -0.00664644
9.49 -0.00634788
9.5 -0.00604355
9.51 -0.0057355
9.52 -0.00542541
9.53 -0.00511455
9.54 -0.00480393
9.55 -0.00449445
9.56 -0.00418698
9.57 -0.00388252
9.58 -0.00358222
9.59 -0.00328752
9.6 -0.00300004
9.61 -0.00272149
9.62 -0.00245355
9.63 -0.00219775
9.64 -0.00195531
9.65 -0.00172709
9.66 -0.00151357
9.67 -0.00131487
9.68 -0.00113073
9.69 -0.000960601
9.7 -0.000803734
9.71 -0.000659301
9.72 -0.000526521
9.73 -0.000404701
9.74 -0.000293316
9.75 -0.000192102
9.76 -0.000101065
9.77 -2.04401e-05
9.78 4.934e-05
9.79 0.000107654
9.8 0.000153683
9.81 0.000186422
9.82 0.000204718
9.83 0.0002073
9.84 0.000192793
9.85 0.000159746
9.86 0.000106723
9.87 3.24135e-05
9.88 -6.42978e-05
9.89 -0.000184338
9.9 -0.00032843
9.91 -0.000496982
9.92 -0.000690039
9.93 -0.000907307
9.94 -0.00114817
9.95 -0.00141168
9.96 -0.00169668
9.97 -0.00200192
9.98 -0.00232624
9.99 -0.00266867
10 -0.00302838
10.01 -0.00340474
10.02 -0.00379736
10.03 -0.00420604
10.04 -0.00463072
10.05 -0.00507129
10.06 -0.00552747
10.07 -0.00599877
10.08 -0.00648447
10.09 -0.00698365
10.1 -0.00749519
10.11 -0.00801785
10.12 -0.00855031
10.13 -0.0090914
10.14 -0.00964004
10.15 -0.0101953
10.16 -0.0107564
10.17 -0.0113227
10.18 -0.0118932
10.19 -0.0124672
10.2 -0.0130435
10.21 -0.0136209
10.22 -0.014198
10.23 -0.0147735
10.24 -0.0153458
10.25 -0.0159135
10.26 -0.0164752
10.27 -0.0170296
10.28 -0.0175756
10.29 -0.0181119
10.3 -0.0186374
10.31 -0.0191512
10.32 -0.0196521
10.33 -0.020139
10.34 -0.0206105
10.35 -0.0210657
10.36 -0.0215033
10.37 -0.0219223
10.38 -0.0223215
10.39 -0.0227
10.4 -0.0230567
10.41 -0.0233905
10.42 -0.0237002
10.43 -0.0239844
10.44 -0.0242415
10.45 -0.0244699
10.46 -0.0246677
10.47 -0.0248331
10.48 -0.0249642
10.49 -0.0250596
10.5 -0.0251182
10.51 -0.025139
10.52 -0.0251218
10.53 -0.0250664
10.54 -0.024973
10.55 -0.0248422
10.56 -0.0246744
10.57 -0.0244703
10.58 -0.0242307
10.59 -0.0239565
10.6 -0.0236484
10.61 -0.0233074
10.62 -0.0229345
10.63 -0.022531
10.64 -0.0220981
10.65 -0.0216373
10.66 -0.0211502
10.67 -0.0206385
10.68 -0.0201039
10.69 -0.0195482
10.7 -0.0189729
10.71 -0.0183794
10.72 -0.017769
10.73 -0.0171427
10.74 -0.0165016
10.75 -0.0158468
10.76 -0.0151791
10.77 -0.0144993
10.78 -0.0138084
10.79 -0.013107
10.8 -0.0123957
10.81 -0.0116752
10.82 -0.0109459
10.83 -0.0102085
10.84 -0.00946338
10.85 -0.00871107
10.86 -0.00795212
10.87 -0.00718723
10.88 -0.00641721
10.89 -0.00564291
10.9 -0.00486526
10.91 -0.00408525
10.92 -0.00330378
10.93 -0.00252162
10.94 -0.00173932
10.95 -0.00095719
10.96 -0.00017529
10.97 0.00060649
10.98 0.0013884
10.99 0.00217074
11 0.00295371
11.01 0.00373743
11.02 0.00452188
11.03 0.00530687
11.04 0.00609199
11.05 0.00687666
11.06 0.00766018
11.07 0.0084418
11.08 0.00922062
11.09 0.00999572
11.1 0.0107661
11.11 0.0115308
11.12 0.012289
11.13 0.0130399
11.14 0.0137828
11.15 0.014517
11.16 0.0152417
11.17 0.0159566
11.18 0.0166614
11.19 0.0173559
11.2 0.0180404
11.21 0.0187153
11.22 0.0193811
11.23 0.0200384
11.24 0.0206879
11.25 0.0213298
11.26 0.021964
11.27 0.0225896
11.28 0.0232059
11.29 0.0238113
11.3 0.0244046
11.31 0.0249843
11.32 0.025549
11.33 0.0260972
11.34 0.0266279
11.35 0.0271406
11.36 0.0276354
11.37 0.0281132
11.38 0.0285747
11.39 0.0290208
11.4 0.0294524
11.41 0.0298702
11.42 0.0302747
11.43 0.0306662
11.44 0.0310445
11.45 0.0314096
11.46 0.031761
11.47 0.0320984
11.48 0.0324218
11.49 0.032731
11.5 0.0330267
11.51 0.0333095
11.52 0.0335808
11.53 0.0338417
11.54 0.0340938
11.55 0.0343385
11.56 0.0345773
11.57 0.0348111
11.58 0.0350408
11.59 0.0352669
11.6 0.0354898
11.61 0.03571
11.62 0.0359279
11.63 0.0361438
11.64 0.0363584
11.65 0.036572
11.66 0.036785
11.67 0.0369979
11.68 0.0372111
11.69 0.0374249
11.7 0.0376393
11.71 0.0378543
11.72 0.0380696
11.73 0.0382843
11.74 0.0384976
11.75 0.0387081
11.76 0.0389142
11.77 0.0391136
11.78 0.0393036
11.79 0.0394812
11.8 0.039643
11.81 0.0397857
11.82 0.0399062
11.83 0.0400019
11.84 0.0400704
11.85 0.0401096
11.86 0.0401177
11.87 0.0400931
11.88 0.0400342
11.89 0.0399396
11.9 0.0398081
11.91 0.0396385
11.92 0.03943
11.93 0.0391818
11.94 0.0388931
11.95 0.0385635
11.96 0.0381927
11.97 0.0377803
11.98 0.0373262
11.99 0.0368307
12 0.0362943
12.01 0.0357176
12.02 0.0351018
12.03 0.034448
12.04 0.0337581
12.05 0.033034
12.06 0.0322778
12.07 0.0314919
12.08 0.0306784
12.09 0.0298396
12.1 0.0289772
12.11 0.0280928
12.12 0.0271877
12.13 0.0262631
12.14 0.0253196
12.15 0.0243577
12.16 0.0233775
12.17 0.022379
12.18 0.0213623
12.19 0.0203273
12.2 0.019274
12.21 0.0182026
12.22 0.0171131
12.23 0.0160061
12.24 0.014882
12.25 0.0137413
12.26 0.0125846
12.27 0.011413
12.28 0.0102276
12.29 0.00902954
12.3 0.00782031
12.31 0.00660149
12.32 0.0053749
12.33 0.00414265
12.34 0.00290712
12.35 0.00167087
12.36 0.000436636
12.37 -0.000792607
12.38 -0.00201365
12.39 -0.00322314
12.4 -0.0044176
12.41 -0.00559348
12.42 -0.00674734
12.43 -0.00787591
12.44 -0.00897608
12.45 -0.0100448
12.46 -0.011079
12.47 -0.012076
12.48 -0.0130325
12.49 -0.0139452
12.5 -0.014811
12.51 -0.0156273
12.52 -0.0163912
12.53 -0.0170991
12.54 -0.0177472
12.55 -0.018332
12.56 -0.01885
12.57 -0.0192981
12.58 -0.0196736
12.59 -0.0199738
12.6 -0.0201962
12.61 -0.0203382
12.62 -0.0203976
12.63 -0.0203722
12.64 -0.0202605
12.65 -0.0200611
12.66 -0.0197733
12.67 -0.0193965
12.68 -0.018931
12.69 -0.0183776
12.7 -0.0177375
12.71 -0.0170128
12.72 -0.0162055
12.73 -0.0153182
12.74 -0.0143536
12.75 -0.0133145
12.76 -0.012204
12.77 -0.0110249
12.78 -0.00978016
12.79 -0.00847284
12.8 -0.00710594
12.81 -0.00568258
12.82 -0.00420605
12.83 -0.00267986
12.84 -0.00110762
12.85 0.000506993
12.86 0.00216032
12.87 0.00384878
12.88 0.00556895
12.89 0.00731765
12.9 0.00909194
12.91 0.010889
12.92 0.0127061
12.93 0.0145403
12.94 0.0163889
12.95 0.0182487
12.96 0.0201165
12.97 0.0219892
12.98 0.0238634
12.99 0.0257356
13 0.0276026
13.01 0.0294609
13.02 0.0313076
13.03 0.0331396
13.04 0.0349551
13.05 0.036754
13.06 0.0385364
13.07 0.0403024
13.08 0.0420517
13.09 0.0437838
13.1 0.0454981
13.11 0.0471934
13.12 0.0488685
13.13 0.0505223
13.14 0.0521535
13.15 0.0537609
13.16 0.0553437
13.17 0.0569014
13.18 0.0584333
13.19 0.0599395
13.2 0.0614197
13.21 0.062874
13.22 0.0643023
13.23 0.0657045
13.24 0.0670805
13.25 0.0684301
13.26 0.0697532
13.27 0.0710493
13.28 0.072318
13.29 0.0735588
13.3 0.0747709
13.31 0.0759535
13.32 0.0771055
13.33 0.0782259
13.34 0.0793131
13.35 0.0803658
13.36 0.0813826
13.37 0.0823622
13.38 0.0833035
13.39 0.0842056
13.4 0.0850677
13.41 0.0858891
13.42 0.0866696
13.43 0.087409
13.44 0.0881074
13.45 0.0887653
13.46 0.0893832
13.47 0.0899621
13.48 0.0905028
13.49 0.0910065
13.5 0.0914744
13.51 0.091908
13.52 0.0923085
13.53 0.0926775
13.54 0.0930165
13.55 0.0933271
13.56 0.0936112
13.57 0.0938704
13.58 0.0941064
13.59 0.0943207
13.6 0.0945145
13.61 0.0946887
13.62 0.0948445
13.63 0.0949828
13.64 0.0951044
13.65 0.0952103
13.66 0.0953013
13.67 0.0953783
13.68 0.0954422
13.69 0.0954937
13.7 0.0955332
13.71 0.0955612
13.72 0.0955778
13.73 0.095583
13.74 0.0955765
13.75 0.0955579
13.76 0.0955263
13.77 0.0954807
13.78 0.0954194
13.79 0.0953408
13.8 0.0952424
13.81 0.0951215
13.82 0.0949749
13.83 0.0947995
13.84 0.0945922
13.85 0.0943508
13.86 0.094074
13.87 0.0937608
13.88 0.0934107
13.89 0.0930231
13.9 0.0925976
13.91 0.0921338
13.92 0.0916312
13.93 0.0910897
13.94 0.0905088
13.95 0.0898885
13.96 0.0892285
13.97 0.0885288
13.98 0.0877895
13.99 0.0870106
14 0.0861923
14.01 0.0853346
14.02 0.0844377
14.03 0.0835017
14.04 0.082527
14.05 0.081514
14.06 0.0804633
14.07 0.0793752
14.08 0.07825
14.09 0.077088
14.1 0.0758892
14.11 0.0746533
14.12 0.0733798
14.13 0.072068
14.14 0.0707169
14.15 0.0693252
14.16 0.0678914
14.17 0.0664139
14.18 0.0648912
14.19 0.0633217
14.2 0.0617044
14.21 0.0600379
14.22 0.0583212
14.23 0.0565531
14.24 0.0547327
14.25 0.0528588
14.26 0.0509301
14.27 0.0489458
14.28 0.0469048
14.29 0.0448065
14.3 0.0426504
14.31 0.0404367
14.32 0.0381643
14.33 0.03583
14.34 0.033431
14.35 0.0309652
14.36 0.0284308
14.37 0.0258256
14.38 0.023147
14.39 0.0203926
14.4 0.0175596
14.41 0.0146453
14.42 0.0116471
14.43 0.00856233
14.44 0.00538872
14.45 0.0021244
14.46 -0.00123195
14.47 -0.00468117
14.48 -0.00822375
14.49 -0.01186
14.5 -0.0155899
14.51 -0.0194138
14.52 -0.0233318
14.53 -0.0273442
14.54 -0.0314516
14.55 -0.0356544
14.56 -0.0399533
14.57 -0.0443489
14.58 -0.0488419
14.59 -0.0534328
14.6 -0.0581223
14.61 -0.0629105
14.62 -0.0677972
14.63 -0.0727816
14.64 -0.0778621
14.65 -0.0830361
14.66 -0.0883005
14.67 -0.0936511
14.68 -0.0990838
14.69 -0.104594
14.7 -0.110179
14.71 -0.115833
14.72 -0.121554
14.73 -0.127338
14.74 -0.133178
14.75 -0.139068
14.76 -0.145001
14.77 -0.150971
14.78 -0.15697
14.79 -0.162992
14.8 -0.16903
14.81 -0.175076
14.82 -0.181124
14.83 -0.187168
14.84 -0.1932
14.85 -0.199214
14.86 -0.205204
14.87 -0.211162
14.88 -0.217083
14.89 -0.222961
14.9 -0.228787
14.91 -0.234556
14.92 -0.240261
14.93 -0.245894
14.94 -0.251449
14.95 -0.256918
14.96 -0.262295
14.97 -0.267574
14.98 -0.272748
14.99 -0.277812
15 -0.282763
15.01 -0.287597
15.02 -0.292316
15.03 -0.296919
15.04 -0.301407
15.05 -0.305784
15.06 -0.310052
15.07 -0.314215
15.08 -0.318278
15.09 -0.322245
15.1 -0.326122
15.11 -0.329911
15.12 -0.333619
15.13 -0.337249
15.14 -0.340807
15.15 -0.344298
15.16 -0.347724
15.17 -0.351091
15.18 -0.354403
15.19 -0.357661
15.2 -0.360869
15.21 -0.364029
15.22 -0.367143
15.23 -0.370215
15.24 -0.373248
15.25 -0.376245
15.26 -0.379209
15.27 -0.382144
15.28 -0.385057
15.29 -0.38795
15.3 -0.390829
15.31 -0.393697
15.32 -0.396558
15.33 -0.399414
15.34 -0.402266
15.35 -0.405119
15.36 -0.407973
15.37 -0.410831
15.38 -0.413697
15.39 -0.416571
15.4 -0.419458
15.41 -0.422358
15.42 -0.425273
15.43 -0.428205
15.44 -0.431155
15.45 -0.434121
15.46 -0.437105
15.47 -0.440104
15.48 -0.443118
15.49 -0.446145
15.5 -0.44918
15.51 -0.45222
15.52 -0.455259
15.53 -0.458293
15.54 -0.461316
15.55 -0.464322
15.56 -0.467306
15.57 -0.470263
15.58 -0.473187
15.59 -0.476073
15.6 -0.478916
15.61 -0.48171
15.62 -0.48445
15.63 -0.487131
15.64 -0.489747
15.65 -0.492293
15.66 -0.494764
15.67 -0.497153
15.68 -0.499457
15.69 -0.501668
15.7 -0.503783
15.71 -0.505796
15.72 -0.507703
15.73 -0.509497
15.74 -0.511173
15.75 -0.512727
15.76 -0.514152
15.77 -0.515445
15.78 -0.516598
15.79 -0.517608
15.8 -0.518469
15.81 -0.519176
15.82 -0.519725
15.83 -0.520112
15.84 -0.520333
15.85 -0.520384
15.86 -0.520263
15.87 -0.519967
15.88 -0.519493
15.89 -0.518841
15.9 -0.518008
15.91 -0.516995
15.92 -0.515801
15.93 -0.514427
15.94 -0.512871
15.95 -0.511136
15.96 -0.509222
15.97 -0.507131
15.98 -0.504865
15.99 -0.502429
16 -0.499826
16.01 -0.49706
16.02 -0.494139
16.03 -0.491068
16.04 -0.487855
16.05 -0.484511
16.06 -0.481044
16.07 -0.477466
16.08 -0.473787
16.09 -0.470019
16.1 -0.466171
16.11 -0.462253
16.12 -0.458271
16.13 -0.454229
16.14 -0.450132
16.15 -0.445986
16.16 -0.441796
16.17 -0.437566
16.18 -0.433304
16.19 -0.429013
16.2 -0.4247
16.21 -0.42037
16.22 -0.416028
16.23 -0.411678
16.24 -0.407325
16.25 -0.40297
16.26 -0.398618
16.27 -0.394268
16.28 -0.389922
16.29 -0.385581
16.3 -0.381246
16.31 -0.376916
16.32 -0.372591
16.33 -0.368272
16.34 -0.363959
16.35 -0.359652
16.36 -0.35535
16.37 -0.351052
16.38 -0.34676
16.39 -0.342471
16.4 -0.338187
16.41 -0.333905
16.42 -0.329626
16.43 -0.325349
16.44 -0.321073
16.45 -0.316799
16.46 -0.312526
16.47 -0.308254
16.48 -0.303982
16.49 -0.29971
16.5 -0.295439
16.51 -0.291167
16.52 -0.286895
16.53 -0.282622
16.54 -0.278348
16.55 -0.274073
16.56 -0.269798
16.57 -0.26552
16.58 -0.261242
16.59 -0.256963
16.6 -0.252684
16.61 -0.248405
16.62 -0.244127
16.63 -0.239851
16.64 -0.23558
16.65 -0.231314
16.66 -0.227057
16.67 -0.222811
16.68 -0.218579
16.69 -0.214365
16.7 -0.210172
16.71 -0.206003
16.72 -0.201864
16.73 -0.197755
16.74 -0.19368
16.75 -0.189641
16.76 -0.185639
16.77 -0.181675
16.78 -0.177751
16.79 -0.173867
16.8 -0.170024
16.81 -0.166222
16.82 -0.162462
16.83 -0.158744
16.84 -0.155067
16.85 -0.151432
16.86 -0.147839
16.87 -0.144287
16.88 -0.140778
16.89 -0.137312
16.9 -0.133888
16.91 -0.130509
16.92 -0.127175
16.93 -0.123887
16.94 -0.120645
16.95 -0.11745
16.96 -0.114304
16.97 -0.111206
16.98 -0.108156
16.99 -0.105156
17 -0.102205
17.01 -0.0993042
17.02 -0.0964527
17.03 -0.0936511
17.04 -0.0908997
17.05 -0.0881988
17.06 -0.0855486
17.07 -0.0829494
17.08 -0.0804015
17.09 -0.0779049
17.1 -0.0754599
17.11 -0.0730666
17.12 -0.0707255
17.13 -0.0684367
17.14 -0.0662003
17.15 -0.0640166
17.16 -0.0618858
17.17 -0.059808
17.18 -0.0577835
17.19 -0.0558125
17.2 -0.0538951
17.21 -0.0520314
17.22 -0.0502214
17.23 -0.0484654
17.24 -0.0467633
17.25 -0.0451153
17.26 -0.0435218
17.27 -0.041983
17.28 -0.0404995
17.29 -0.0390717
17.3 -0.0377004
17.31 -0.036386
17.32 -0.0351292
17.33 -0.0339307
17.34 -0.032791
17.35 -0.0317112
17.36 -0.0306921
17.37 -0.0297354
17.38 -0.0288427
17.39 -0.0280163
17.4 -0.0272589
17.41 -0.0265734
17.42 -0.0259636
17.43 -0.0254331
17.44 -0.0249855
17.45 -0.0246241
17.46 -0.0243514
17.47 -0.0241699
17.48 -0.024081
17.49 -0.0240861
17.5 -0.0241863
17.51 -0.0243826
17.52 -0.0246758
17.53 -0.0250668
17.54 -0.0255562
17.55 -0.0261446
17.56 -0.026832
17.57 -0.0276182
17.58 -0.0285026
17.59 -0.0294841
17.6 -0.0305612
17.61 -0.0317317
17.62 -0.0329929
17.63 -0.0343415
17.64 -0.0357737
17.65 -0.0372851
17.66 -0.038871
17.67 -0.0405263
17.68 -0.0422458
17.69 -0.0440237
17.7 -0.0458545
17.71 -0.0477325
17.72 -0.0496525
17.73 -0.0516095
17.74 -0.0535988
17.75 -0.0556158
17.76 -0.0576555
17.77 -0.0597128
17.78 -0.0617821
17.79 -0.0638571
17.8 -0.0659315
17.81 -0.0679986
17.82 -0.0700516
17.83 -0.0720838
17.84 -0.0740889
17.85 -0.0760601
17.86 -0.0779913
17.87 -0.0798773
17.88 -0.081715
17.89 -0.083502
17.9 -0.0852363
17.91 -0.0869163
17.92 -0.0885409
17.93 -0.0901095
17.94 -0.0916214
17.95 -0.0930762
17.96 -0.0944738
17.97 -0.0958141
17.98 -0.0970973
17.99 -0.0983235
18 -0.0994931
18.01 -0.100606
18.02 -0.101664
18.03 -0.102665
18.04 -0.103611
18.05 -0.104502
18.06 -0.105338
18.07 -0.106119
18.08 -0.106845
18.09 -0.107517
18.1 -0.108134
18.11 -0.108697
18.12 -0.109206
18.13 -0.109661
18.14 -0.110063
18.15 -0.110411
18.16 -0.110705
18.17 -0.110946
18.18 -0.111131
18.19 -0.111262
18.2 -0.111336
18.21 -0.111353
18.22 -0.111312
18.23 -0.111212
18.24 -0.111052
18.25 -0.110831
18.26 -0.110551
18.27 -0.110209
18.28 -0.109806
18.29 -0.109343
18.3 -0.108818
18.31 -0.108233
18.32 -0.107586
18.33 -0.106879
18.34 -0.106111
18.35 -0.105283
18.36 -0.104396
18.37 -0.103449
18.38 -0.102445
18.39 -0.101385
18.4 -0.10027
18.41 -0.0991003
18.42 -0.097878
18.43 -0.0966036
18.44 -0.095278
18.45 -0.0939019
18.46 -0.0924756
18.47 -0.0909995
18.48 -0.0894738
18.49 -0.0878989
18.5 -0.086275
18.51 -0.0846027
18.52 -0.082883
18.53 -0.0811169
18.54 -0.0793059
18.55 -0.0774518
18.56 -0.0755565
18.57 -0.0736223
18.58 -0.0716517
18.59 -0.0696471
18.6 -0.067611
18.61 -0.065546
18.62 -0.0634546
18.63 -0.0613393
18.64 -0.0592027
18.65 -0.0570473
18.66 -0.0548747
18.67 -0.0526845
18.68 -0.0504767
18.69 -0.0482521
18.7 -0.0460124
18.71 -0.0437604
18.72 -0.0414994
18.73 -0.0392337
18.74 -0.0369679
18.75 -0.0347065
18.76 -0.0324541
18.77 -0.030215
18.78 -0.0279936
18.79 -0.0257942
18.8 -0.0236213
18.81 -0.0214793
18.82 -0.0193727
18.83 -0.017306
18.84 -0.0152839
18.85 -0.013311
18.86 -0.0113922
18.87 -0.0095321
18.88 -0.0077355
18.89 -0.00600688
18.9 -0.00435049
18.91 -0.00277011
18.92 -0.00126895
18.93 0.000150418
18.94 0.00148604
18.95 0.00273634
18.96 0.00389986
18.97 0.00497509
18.98 0.00596047
18.99 0.00685423
19 0.00765427
19.01 0.00835812
19.02 0.008963
19.03 0.00946591
19.04 0.00986372
19.05 0.0101535
19.06 0.0103325
19.07 0.0103984
19.08 0.0103493
19.09 0.0101836
19.1 0.00990019
19.11 0.00949831
19.12 0.00897711
19.13 0.00833567
19.14 0.00757308
19.15 0.0066886
19.16 0.00568181
19.17 0.00455287
19.18 0.00330279
19.19 0.00193355
19.2 0.00044814
19.21 -0.00114954
19.22 -0.00285478
19.23 -0.00466225
19.24 -0.00656622
19.25 -0.00856095
19.26 -0.0106411
19.27 -0.012802
19.28 -0.0150394
19.29 -0.0173492
19.3 -0.0197272
19.31 -0.0221688
19.32 -0.0246691
19.33 -0.0272225
19.34 -0.0298231
19.35 -0.0324646
19.36 -0.03514
19.37 -0.0378419
19.38 -0.040563
19.39 -0.0432959
19.4 -0.0460347
19.41 -0.0487756
19.42 -0.0515158
19.43 -0.0542521
19.44 -0.0569815
19.45 -0.059701
19.46 -0.0624074
19.47 -0.0650978
19.48 -0.0677691
19.49 -0.0704186
19.5 -0.0730434
19.51 -0.0756409
19.52 -0.0782089
19.53 -0.0807452
19.54 -0.0832477
19.55 -0.085715
19.56 -0.0881462
19.57 -0.0905406
19.58 -0.0928979
19.59 -0.0952179
19.6 -0.0975006
19.61 -0.099746
19.62 -0.101954
19.63 -0.104126
19.64 -0.10626
19.65 -0.108359
19.66 -0.110421
19.67 -0.112449
19.68 -0.114441
19.69 -0.116398
19.7 -0.118323
19.71 -0.120214
19.72 -0.122074
19.73 -0.123904
19.74 -0.125703
19.75 -0.127474
19.76 -0.129217
19.77 -0.130931
19.78 -0.132617
19.79 -0.134276
19.8 -0.135907
19.81 -0.13751
19.82 -0.139085
19.83 -0.140633
19.84 -0.142154
19.85 -0.143648
19.86 -0.145116
19.87 -0.14656
19.88 -0.147979
19.89 -0.149375
19.9 -0.150749
19.91 -0.152101
19.92 -0.153432
19.93 -0.154743
19.94 -0.156033
19.95 -0.157303
19.96 -0.158553
19.97 -0.159784
19.98 -0.160997
19.99 -0.162192
20 -0.163371
20.01 -0.164535
20.02 -0.165685
20.03 -0.166822
20.04 -0.167948
20.05 -0.169061
20.06 -0.170163
20.07 -0.171253
20.08 -0.172329
20.09 -0.173389
20.1 -0.174432
20.11 -0.175456
20.12 -0.176457
20.13 -0.177433
20.14 -0.178381
20.15 -0.179301
20.16 -0.180188
20.17 -0.181041
20.18 -0.181858
20.19 -0.182637
20.2 -0.183377
20.21 -0.184076
20.22 -0.184734
20.23 -0.185349
20.24 -0.185922
20.25 -0.18645
20.26 -0.186934
20.27 -0.187372
20.28 -0.187764
20.29 -0.18811
20.3 -0.188409
20.31 -0.188663
20.32 -0.18887
20.33 -0.189033
20.34 -0.18915
20.35 -0.189224
20.36 -0.189254
20.37 -0.18924
20.38 -0.189184
20.39 -0.189083
20.4 -0.188938
20.41 -0.188747
20.42 -0.188509
20.43 -0.188224
20.44 -0.187888
20.45 -0.187502
20.46 -0.187063
20.47 -0.186571
20.48 -0.186024
20.49 -0.185421
20.5 -0.184762
20.51 -0.184045
20.52 -0.183269
20.53 -0.182434
20.54 -0.181538
20.55 -0.180581
20.56 -0.179563
20.57 -0.178483
20.58 -0.17734
20.59 -0.176137
20.6 -0.174873
20.61 -0.173551
20.62 -0.172173
20.63 -0.170741
20.64 -0.169259
20.65 -0.167728
20.66 -0.166152
20.67 -0.164534
20.68 -0.162876
20.69 -0.161182
20.7 -0.159454
20.71 -0.157695
20.72 -0.155907
20.73 -0.154093
20.74 -0.152257
20.75 -0.150399
20.76 -0.148524
20.77 -0.146634
20.78 -0.144731
20.79 -0.142818
20.8 -0.140897
20.81 -0.138969
20.82 -0.137036
20.83 -0.1351
20.84 -0.133158
20.85 -0.131209
20.86 -0.129251
20.87 -0.127281
20.88 -0.125299
20.89 -0.123303
20.9 -0.121292
20.91 -0.119266
20.92 -0.117224
20.93 -0.115166
20.94 -0.113091
20.95 -0.111
20.96 -0.108891
20.97 -0.106766
20.98 -0.104623
20.99 -0.102465
21 -0.100292
21.01 -0.0981053
21.02 -0.0959074
21.03 -0.0937005
21.04 -0.0914871
21.05 -0.0892697
21.06 -0.0870508
21.07 -0.0848331
21.08 -0.0826188
21.09 -0.0804105
21.1 -0.0782106
21.11 -0.0760213
21.12 -0.0738447
21.13 -0.0716822
21.14 -0.0695352
21.15 -0.0674048
21.16 -0.0652917
21.17 -0.063197
21.18 -0.0611214
21.19 -0.0590659
21.2 -0.0570311
21.21 -0.055018
21.22 -0.0530273
21.23 -0.05106
21.24 -0.0491166
21.25 -0.047198
21.26 -0.0453047
21.27 -0.0434368
21.28 -0.0415945
21.29 -0.0397778
21.3 -0.0379862
21.31 -0.0362193
21.32 -0.0344769
21.33 -0.0327588
21.34 -0.0310647
21.35 -0.0293949
21.36 -0.0277498
21.37 -0.0261298
21.38 -0.0245357
21.39 -0.0229688
21.4 -0.0214302
21.41 -0.0199214
21.42 -0.0184443
21.43 -0.0170005
21.44 -0.0155918
21.45 -0.0142198
21.46 -0.012886
21.47 -0.0115918
21.48 -0.0103383
21.49 -0.00912683
21.5 -0.0079584
21.51 -0.0068343
21.52 -0.00575567
21.53 -0.00472363
21.54 -0.00373923
21.55 -0.00280349
21.56 -0.00191745
21.57 -0.00108223
21.58 -0.000299088
21.59 0.000430512
21.6 0.00110497
21.61 0.00172262
21.62 0.00228187
21.63 0.00278129
21.64 0.00321971
21.65 0.00359628
21.66 0.00391053
21.67 0.00416222
21.68 0.00435137
21.69 0.00447809
21.7 0.00454251
21.71 0.00454474
21.72 0.00448486
21.73 0.00436309
21.74 0.00417994
21.75 0.00393616
21.76 0.00363286
21.77 0.00327142
21.78 0.00285356
21.79 0.0023812
21.8 0.00185633
21.81 0.00128095
21.82 0.000656881
21.83 -1.4266e-05
21.84 -0.00073113
21.85 -0.00149255
21.86 -0.00229754
21.87 -0.00314526
21.88 -0.004035
21.89 -0.00496616
21.9 -0.00593812
21.91 -0.00695013
21.92 -0.00800131
21.93 -0.00909054
21.94 -0.0102164
21.95 -0.0113774
21.96 -0.0125719
21.97 -0.0137983
21.98 -0.0150552
21.99 -0.0163417
22 -0.0176571
22.01 -0.019001
22.02 -0.0203734
22.03 -0.0217743
22.04 -0.0232037
22.05 -0.0246611
22.06 -0.0261455
22.07 -0.0276548
22.08 -0.0291868
22.09 -0.0307385
22.1 -0.0323071
22.11 -0.0338892
22.12 -0.0354815
22.13 -0.0370806
22.14 -0.038683
22.15 -0.0402853
22.16 -0.0418846
22.17 -0.0434778
22.18 -0.0450622
22.19 -0.0466352
22.2 -0.048194
22.21 -0.049736
22.22 -0.0512594
22.23 -0.0527637
22.24 -0.0542485
22.25 -0.0557128
22.26 -0.0571557
22.27 -0.058576
22.28 -0.0599728
22.29 -0.0613454
22.3 -0.0626931
22.31 -0.0640158
22.32 -0.0653136
22.33 -0.0665871
22.34 -0.0678369
22.35 -0.069064
22.36 -0.0702692
22.37 -0.0714536
22.38 -0.072618
22.39 -0.073763
22.4 -0.0748893
22.41 -0.0759973
22.42 -0.0770872
22.43 -0.078159
22.44 -0.0792126
22.45 -0.0802478
22.46 -0.0812642
22.47 -0.0822613
22.48 -0.0832379
22.49 -0.0841931
22.5 -0.0851255
22.51 -0.0860333
22.52 -0.0869147
22.53 -0.0877677
22.54 -0.0885899
22.55 -0.0893791
22.56 -0.0901331
22.57 -0.0908495
22.58 -0.0915258
22.59 -0.0921597
22.6 -0.0927486
22.61 -0.0932903
22.62 -0.0937822
22.63 -0.0942221
22.64 -0.094608
22.65 -0.094938
22.66 -0.0952105
22.67 -0.0954241
22.68 -0.0955781
22.69 -0.0956716
22.7 -0.0957041
22.71 -0.0956748
22.72 -0.0955829
22.73 -0.0954275
22.74 -0.0952079
22.75 -0.0949233
22.76 -0.0945733
22.77 -0.0941575
22.78 -0.0936757
22.79 -0.0931279
22.8 -0.0925145
22.81 -0.0918358
22.82 -0.0910921
22.83 -0.0902842
22.84 -0.0894127
22.85 -0.0884786
22.86 -0.0874829
22.87 -0.0864269
22.88 -0.0853119
22.89 -0.0841396
22.9 -0.0829119
22.91 -0.0816308
22.92 -0.0802988
22.93 -0.0789185
22.94 -0.077493
22.95 -0.0760253
22.96 -0.074519
22.97 -0.0729776
22.98 -0.0714047
22.99 -0.0698039
23 -0.0681784
23.01 -0.0665307
23.02 -0.0648633
23.03 -0.0631783
23.04 -0.0614778
23.05 -0.0597635
23.06 -0.0580373
23.07 -0.0563009
23.08 -0.0545567
23.09 -0.0528071
23.1 -0.051055
23.11 -0.0493031
23.12 -0.0475545
23.13 -0.0458121
23.14 -0.0440787
23.15 -0.0423572
23.16 -0.0406494
23.17 -0.0389561
23.18 -0.0372773
23.19 -0.0356128
23.2 -0.0339625
23.21 -0.0323263
23.22 -0.0307039
23.23 -0.0290953
23.24 -0.0275003
23.25 -0.0259188
23.26 -0.0243506
23.27 -0.0227958
23.28 -0.0212542
23.29 -0.0197254
23.3 -0.0182091
23.31 -0.0167049
23.32 -0.0152121
23.33 -0.0137303
23.34 -0.012259
23.35 -0.0107978
23.36 -0.00934657
23.37 -0.00790508
23.38 -0.00647341
23.39 -0.00505177
23.4 -0.0036406
23.41 -0.00224064
23.42 -0.000852838
23.43 0.000521664
23.44 0.00188153
23.45 0.00322525
23.46 0.00455121
23.47 0.00585794
23.48 0.00714416
23.49 0.00840888
23.5 0.00965134
23.51 0.010871
23.52 0.0120672
23.53 0.0132397
23.54 0.014388
23.55 0.0155117
23.56 0.0166105
23.57 0.0176843
23.58 0.0187329
23.59 0.0197563
23.6 0.0207546
23.61 0.0217277
23.62 0.022676
23.63 0.0235996
23.64 0.0244989
23.65 0.0253742
23.66 0.0262262
23.67 0.0270553
23.68 0.0278617
23.69 0.0286457
23.7 0.0294073
23.71 0.0301464
23.72 0.0308626
23.73 0.0315556
23.74 0.0322246
23.75 0.0328689
23.76 0.0334871
23.77 0.0340779
23.78 0.0346392
23.79 0.0351689
23.8 0.0356645
23.81 0.0361233
23.82 0.0365429
23.83 0.0369208
23.84 0.0372545
23.85 0.0375418
23.86 0.0377802
23.87 0.0379677
23.88 0.0381019
23.89 0.0381807
23.9 0.0382018
23.91 0.0381628
23.92 0.038061
23.93 0.0378941
23.94 0.0376596
23.95 0.0373553
23.96 0.0369795
23.97 0.0365307
23.98 0.0360078
23.99 0.0354105
24 0.034739
24.01 0.0339943
24.02 0.0331777
24.03 0.0322908
24.04 0.0313361
24.05 0.0303167
24.06 0.0292364
24.07 0.0280996
24.08 0.0269111
24.09 0.0256759
24.1 0.0243989
24.11 0.0230851
24.12 0.0217388
24.13 0.0203644
24.14 0.0189656
24.15 0.0175456
24.16 0.0161069
24.17 0.0146519
24.18 0.0131827
24.19 0.0117014
24.2 0.01021
24.21 0.00871037
24.22 0.00720437
24.23 0.00569367
24.24 0.00417986
24.25 0.00266449
24.26 0.00114897
24.27 -0.000365405
24.28 -0.00187753
24.29 -0.00338651
24.3 -0.00489173
24.31 -0.00639279
24.32 -0.00788932
24.33 -0.00938076
24.34 -0.0108662
24.35 -0.012344
24.36 -0.0138123
24.37 -0.0152686
24.38 -0.0167112
24.39 -0.018139
24.4 -0.0195515
24.41 -0.020948
24.42 -0.0223279
24.43 -0.0236905
24.44 -0.0250357
24.45 -0.0263631
24.46 -0.0276726
24.47 -0.0289639
24.48 -0.0302368
24.49 -0.031491
24.5 -0.0327258
24.51 -0.033941
24.52 -0.0351361
24.53 -0.0363106
24.54 -0.0374643
24.55 -0.038597
24.56 -0.0397086
24.57 -0.0407992
24.58 -0.0418691
24.59 -0.0429186
24.6 -0.0439483
24.61 -0.0449586
24.62 -0.0459499
24.63 -0.0469228
24.64 -0.0478775
24.65 -0.0488145
24.66 -0.0497337
24.67 -0.0506349
24.68 -0.0515177
24.69 -0.0523814
24.7 -0.0532253
24.71 -0.0540482
24.72 -0.0548492
24.73 -0.0556272
24.74 -0.0563811
24.75 -0.0571096
24.76 -0.0578116
24.77 -0.0584856
24.78 -0.0591306
24.79 -0.0597455
24.8 -0.0603293
24.81 -0.0608813
24.82 -0.061401
24.83 -0.061888
24.84 -0.0623421
24.85 -0.0627633
24.86 -0.0631516
24.87 -0.0635072
24.88 -0.0638303
24.89 -0.0641214
24.9 -0.0643813
24.91 -0.0646108
24.92 -0.064811
24.93 -0.0649831
24.94 -0.0651286
24.95 -0.0652487
24.96 -0.0653448
24.97 -0.0654184
24.98 -0.0654709
24.99 -0.0655036
25 -0.0655177
