0.01 3.17687e-09
0.02 1.53091e-08
0.03 3.78276e-08
0.04 6.8409e-08
0.05 1.04774e-07
0.06 1.44707e-07
0.07 1.86078e-07
0.08 2.26833e-07
0.09 2.64982e-07
0.1 2.98595e-07
0.11 3.25826e-07
0.12 3.44913e-07
0.13 3.54138e-07
0.14 3.51776e-07
0.15 3.36076e-07
0.16 3.05323e-07
0.17 2.57886e-07
0.18 1.92229e-07
0.19 1.06923e-07
0.2 6.59074e-10
0.21 -1.27744e-07
0.22 -2.79334e-07
0.23 -4.55028e-07
0.24 -6.55636e-07
0.25 -8.81888e-07
0.26 -1.1345e-06
0.27 -1.4142e-06
0.28 -1.72161e-06
0.29 -2.05697e-06
0.3 -2.42007e-06
0.31 -2.81015e-06
0.32 -3.22588e-06
0.33 -3.6652e-06
0.34 -4.12515e-06
0.35 -4.60221e-06
0.36 -5.09247e-06
0.37 -5.5918e-06
0.38 -6.09641e-06
0.39 -6.60365e-06
0.4 -7.11255e-06
0.41 -7.62422e-06
0.42 -8.14133e-06
0.43 -8.66754e-06
0.44 -9.20758e-06
0.45 -9.76705e-06
0.46 -1.0352e-05
0.47 -1.09686e-05
0.48 -1.16222e-05
0.49 -1.23177e-05
0.5 -1.30586e-05
0.51 -1.38481e-05
0.52 -1.46889e-05
0.53 -1.55827e-05
0.54 -1.65309e-05
0.55 -1.75343e-05
0.56 -1.85933e-05
0.57 -1.9708e-05
0.58 -2.0878e-05
0.59 -2.21031e-05
0.6 -2.33829e-05
0.61 -2.47168e-05
0.62 -2.6104e-05
0.63 -2.75434e-05
0.64 -2.90341e-05
0.65 -3.05749e-05
0.66 -3.2165e-05
0.67 -3.38036e-05
0.68 -3.54902e-05
0.69 -3.72247e-05
0.7 -3.90068e-05
0.71 -4.0836e-05
0.72 -4.27111e-05
0.73 -4.46292e-05
0.74 -4.65856e-05
0.75 -4.85728e-05
0.76 -5.05802e-05
0.77 -5.25948e-05
0.78 -5.4602e-05
0.79 -5.65879e-05
0.8 -5.85411e-05
0.81 -6.0453e-05
0.82 -6.23175e-05
0.83 -6.41303e-05
0.84 -6.58889e-05
0.85 -6.75945e-05
0.86 -6.92508e-05
0.87 -7.08607e-05
0.88 -7.24221e-05
0.89 -7.39271e-05
0.9 -7.5365e-05
0.91 -7.67231e-05
0.92 -7.79887e-05
0.93 -7.91507e-05
0.94 -8.02024e-05
0.95 -8.11429e-05
0.96 -8.19777e-05
0.97 -8.27177e-05
0.98 -8.33746e-05
0.99 -8.39557e-05
1 -8.44618e-05
1.01 -8.48881e-05
1.02 -8.52242e-05
1.03 -8.54548e-05
1.04 -8.55623e-05
1.05 -8.55293e-05
1.06 -8.53415e-05
1.07 -8.49896e-05
1.08 -8.44677e-05
1.09 -8.3771e-05
1.1 -8.28942e-05
1.11 -8.18335e-05
1.12 -8.05852e-05
1.13 -7.91441e-05
1.14 -7.75038e-05
1.15 -7.56581e-05
1.16 -7.36033e-05
1.17 -7.13401e-05
1.18 -6.88763e-05
1.19 -6.62251e-05
1.2 -6.34012e-05
1.21 -6.04229e-05
1.22 -5.73132e-05
1.23 -5.40969e-05
1.24 -5.0795e-05
1.25 -4.74172e-05
1.26 -4.39567e-05
1.27 -4.03958e-05
1.28 -3.67147e-05
1.29 -3.28947e-05
1.3 -2.89189e-05
1.31 -2.47768e-05
1.32 -2.04676e-05
1.33 -1.59965e-05
1.34 -1.13701e-05
1.35 -6.59271e-06
1.36 -1.66598e-06
1.37 3.41101e-06
1.38 8.64107e-06
1.39 1.40277e-05
1.4 1.95732e-05
1.41 2.52751e-05
1.42 3.11228e-05
1.43 3.70934e-05
1.44 4.31474e-05
1.45 4.92271e-05
1.46 5.5258e-05
1.47 6.11554e-05
1.48 6.68311e-05
1.49 7.21949e-05
1.5 7.71579e-05
1.51 8.16371e-05
1.52 8.55581e-05
1.53 8.88618e-05
1.54 9.15126e-05
1.55 9.35062e-05
1.56 9.4872e-05
1.57 9.56636e-05
1.58 9.59504e-05
1.59 9.58108e-05
1.6 9.532e-05
1.61 9.45431e-05
1.62 9.35381e-05
1.63 9.23549e-05
1.64 9.10355e-05
1.65 8.96145e-05
1.66 8.81169e-05
1.67 8.65562e-05
1.68 8.49362e-05
1.69 8.32573e-05
1.7 8.152e-05
1.71 7.97248e-05
1.72 7.78728e-05
1.73 7.59682e-05
1.74 7.40214e-05
1.75 7.20534e-05
1.76 7.00904e-05
1.77 6.81574e-05
1.78 6.62822e-05
1.79 6.45003e-05
1.8 6.28535e-05
1.81 6.13841e-05
1.82 6.0135e-05
1.83 5.9148e-05
1.84 5.84534e-05
1.85 5.80644e-05
1.86 5.79816e-05
1.87 5.82029e-05
1.88 5.87293e-05
1.89 5.95653e-05
1.9 6.07197e-05
1.91 6.2205e-05
1.92 6.40378e-05
1.93 6.62362e-05
1.94 6.88069e-05
1.95 7.1729e-05
1.96 7.4953e-05
1.97 7.84063e-05
1.98 8.19974e-05
1.99 8.56274e-05
2 8.92109e-05
2.01 9.26938e-05
2.02 9.60559e-05
2.03 9.93074e-05
2.04 0.000102486
2.05 0.000105649
2.06 0.000108859
2.07 0.000112176
2.08 0.000115644
2.09 0.000119275
2.1 0.00012305
2.11 0.000126922
2.12 0.000130812
2.13 0.000134603
2.14 0.000138158
2.15 0.000141324
2.16 0.000143941
2.17 0.000145845
2.18 0.000146874
2.19 0.000146857
2.2 0.00014561
2.21 0.000142938
2.22 0.000138654
2.23 0.000132577
2.24 0.000124542
2.25 0.000114395
2.26 0.000101997
2.27 8.72498e-05
2.28 7.01055e-05
2.29 5.05502e-05
2.3 2.86025e-05
2.31 4.31299e-06
2.32 -2.22283e-05
2.33 -5.08808e-05
2.34 -8.14473e-05
2.35 -0.00011368
2.36 -0.000147289
2.37 -0.000181955
2.38 -0.000217337
2.39 -0.000253071
2.4 -0.000288791
2.41 -0.000324168
2.42 -0.000358931
2.43 -0.000392848
2.44 -0.000425707
2.45 -0.000457314
2.46 -0.000487493
2.47 -0.000516094
2.48 -0.000543002
2.49 -0.000568119
2.5 -0.000591343
2.51 -0.000612561
2.52 -0.000631647
2.53 -0.00064847
2.54 -0.000662907
2.55 -0.000674831
2.56 -0.000684122
2.57 -0.000690691
2.58 -0.000694502
2.59 -0.000695579
2.6 -0.000693997
2.61 -0.000689868
2.62 -0.000683318
2.63 -0.000674471
2.64 -0.000663433
2.65 -0.000650296
2.66 -0.000635133
2.67 -0.000618006
2.68 -0.000598972
2.69 -0.000578103
2.7 -0.000555486
2.71 -0.000531214
2.72 -0.000505382
2.73 -0.000478091
2.74 -0.000449421
2.75 -0.000419433
2.76 -0.000388183
2.77 -0.000355724
2.78 -0.00032208
2.79 -0.00028724
2.8 -0.000251157
2.81 -0.000213758
2.82 -0.000174971
2.83 -0.00013476
2.84 -9.31266e-05
2.85 -5.01145e-05
2.86 -5.80249e-06
2.87 3.96889e-05
2.88 8.61815e-05
2.89 0.000133449
2.9 0.00018124
2.91 0.000229288
2.92 0.00027731
2.93 0.000325015
2.94 0.000372117
2.95 0.000418338
2.96 0.000463422
2.97 0.000507159
2.98 0.000549402
2.99 0.000590049
3 0.000629035
3.01 0.000666321
3.02 0.000701872
3.03 0.000735638
3.04 0.000767551
3.05 0.000797512
3.06 0.000825389
3.07 0.00085101
3.08 0.000874168
3.09 0.000894637
3.1 0.000912205
3.11 0.000926702
3.12 0.000938019
3.13 0.000946121
3.14 0.000951035
3.15 0.000952822
3.16 0.000951565
3.17 0.000947374
3.18 0.000940379
3.19 0.000930717
3.2 0.000918509
3.21 0.000903868
3.22 0.000886942
3.23 0.000867918
3.24 0.000847029
3.25 0.00082454
3.26 0.000800736
3.27 0.000775941
3.28 0.000750533
3.29 0.000724906
3.3 0.000699437
3.31 0.000674512
3.32 0.000650514
3.33 0.000627787
3.34 0.00060658
3.35 0.000587028
3.36 0.000569134
3.37 0.000552777
3.38 0.000537732
3.39 0.000523669
3.4 0.000510167
3.41 0.000496734
3.42 0.000482836
3.43 0.000467938
3.44 0.000451523
3.45 0.000433096
3.46 0.000412201
3.47 0.000388461
3.48 0.000361622
3.49 0.000331577
3.5 0.000298357
3.51 0.000262117
3.52 0.000223126
3.53 0.00018175
3.54 0.000138418
3.55 9.35713e-05
3.56 4.76021e-05
3.57 8.47192e-07
3.58 -4.63697e-05
3.59 -9.37286e-05
3.6 -0.000140951
3.61 -0.00018782
3.62 -0.000234175
3.63 -0.000279908
3.64 -0.000324966
3.65 -0.000369354
3.66 -0.000413132
3.67 -0.00045643
3.68 -0.000499447
3.69 -0.000542429
3.7 -0.000585617
3.71 -0.00062923
3.72 -0.000673487
3.73 -0.00071858
3.74 -0.000764648
3.75 -0.00081179
3.76 -0.000860074
3.77 -0.00090953
3.78 -0.000960147
3.79 -0.00101188
3.8 -0.00106464
3.81 -0.00111828
3.82 -0.0011726
3.83 -0.00122736
3.84 -0.00128231
3.85 -0.00133717
3.86 -0.00139171
3.87 -0.00144575
3.88 -0.00149924
3.89 -0.00155224
3.9 -0.00160491
3.91 -0.00165754
3.92 -0.00171052
3.93 -0.00176433
3.94 -0.00181948
3.95 -0.00187648
3.96 -0.00193583
3.97 -0.00199797
3.98 -0.00206322
3.99 -0.00213175
4 -0.00220359
4.01 -0.00227858
4.02 -0.00235648
4.03 -0.00243689
4.04 -0.0025193
4.05 -0.00260307
4.06 -0.00268748
4.07 -0.00277166
4.08 -0.00285459
4.09 -0.00293517
4.1 -0.00301217
4.11 -0.00308437
4.12 -0.00315063
4.13 -0.00320996
4.14 -0.0032616
4.15 -0.00330502
4.16 -0.00334002
4.17 -0.00336676
4.18 -0.00338566
4.19 -0.00339735
4.2 -0.0034027
4.21 -0.00340268
4.22 -0.00339836
4.23 -0.00339073
4.24 -0.00338068
4.25 -0.00336901
4.26 -0.00335645
4.27 -0.00334365
4.28 -0.00333114
4.29 -0.00331929
4.3 -0.00330835
4.31 -0.0032984
4.32 -0.00328942
4.33 -0.00328128
4.34 -0.00327371
4.35 -0.00326632
4.36 -0.00325854
4.37 -0.00324972
4.38 -0.00323908
4.39 -0.0032258
4.4 -0.00320903
4.41 -0.00318786
4.42 -0.00316137
4.43 -0.00312865
4.44 -0.00308882
4.45 -0.00304109
4.46 -0.00298482
4.47 -0.00291958
4.48 -0.00284512
4.49 -0.00276139
4.5 -0.00266837
4.51 -0.00256611
4.52 -0.00245475
4.53 -0.00233455
4.54 -0.00220591
4.55 -0.00206931
4.56 -0.00192534
4.57 -0.00177465
4.58 -0.00161799
4.59 -0.00145614
4.6 -0.00128996
4.61 -0.00112029
4.62 -0.000947927
4.63 -0.00077363
4.64 -0.000598093
4.65 -0.000421941
4.66 -0.00024571
4.67 -6.98001e-05
4.68 0.000105547
4.69 0.000280217
4.7 0.000454168
4.71 0.000627366
4.72 0.00079975
4.73 0.000971258
4.74 0.0011418
4.75 0.00131119
4.76 0.00147917
4.77 0.00164543
4.78 0.00180961
4.79 0.00197136
4.8 0.00213033
4.81 0.0022861
4.82 0.00243822
4.83 0.00258623
4.84 0.0027297
4.85 0.00286814
4.86 0.00300105
4.87 0.00312794
4.88 0.00324845
4.89 0.00336219
4.9 0.00346884
4.91 0.00356812
4.92 0.00365983
4.93 0.00374382
4.94 0.00381997
4.95 0.0038882
4.96 0.00394845
4.97 0.00400073
4.98 0.0040451
4.99 0.00408172
5 0.00411078
5.01 0.00413249
5.02 0.00414703
5.03 0.00415446
5.04 0.00415473
5.05 0.0041477
5.06 0.00413308
5.07 0.00411047
5.08 0.00407936
5.09 0.00403921
5.1 0.00398943
5.11 0.00392941
5.12 0.00385856
5.13 0.0037764
5.14 0.00368253
5.15 0.0035767
5.16 0.00345886
5.17 0.00332923
5.18 0.0031882
5.19 0.00303635
5.2 0.0028744
5.21 0.00270322
5.22 0.00252378
5.23 0.00233704
5.24 0.00214398
5.25 0.00194556
5.26 0.00174276
5.27 0.00153666
5.28 0.0013284
5.29 0.00111907
5.3 0.000909778
5.31 0.000701561
5.32 0.000495389
5.33 0.00029206
5.34 9.21571e-05
5.35 -0.000103945
5.36 -0.000296105
5.37 -0.000484468
5.38 -0.000669436
5.39 -0.000851557
5.4 -0.00103144
5.41 -0.00120969
5.42 -0.00138693
5.43 -0.00156366
5.44 -0.00174024
5.45 -0.00191688
5.46 -0.00209362
5.47 -0.00227038
5.48 -0.00244703
5.49 -0.00262338
5.5 -0.00279916
5.51 -0.00297402
5.52 -0.00314754
5.53 -0.00331929
5.54 -0.00348885
5.55 -0.00365574
5.56 -0.00381945
5.57 -0.00397955
5.58 -0.00413566
5.59 -0.00428751
5.6 -0.00443485
5.61 -0.00457741
5.62 -0.00471491
5.63 -0.00484705
5.64 -0.00497348
5.65 -0.00509389
5.66 -0.00520794
5.67 -0.0053153
5.68 -0.0054156
5.69 -0.0055084
5.7 -0.0055932
5.71 -0.00566942
5.72 -0.00573641
5.73 -0.00579349
5.74 -0.00583997
5.75 -0.00587516
5.76 -0.00589838
5.77 -0.00590904
5.78 -0.00590668
5.79 -0.005891
5.8 -0.0058619
5.81 -0.00581949
5.82 -0.00576411
5.83 -0.0056964
5.84 -0.00561719
5.85 -0.0055275
5.86 -0.00542848
5.87 -0.00532137
5.88 -0.00520747
5.89 -0.00508808
5.9 -0.0049645
5.91 -0.00483791
5.92 -0.0047094
5.93 -0.00457991
5.94 -0.00445024
5.95 -0.00432101
5.96 -0.00419262
5.97 -0.00406516
5.98 -0.0039384
5.99 -0.00381192
6 -0.00368505
6.01 -0.00355698
6.02 -0.00342683
6.03 -0.00329369
6.04 -0.00315662
6.05 -0.00301469
6.06 -0.00286704
6.07 -0.00271293
6.08 -0.00255181
6.09 -0.00238336
6.1 -0.00220735
6.11 -0.00202372
6.12 -0.00183254
6.13 -0.00163402
6.14 -0.00142845
6.15 -0.00121614
6.16 -0.000997343
6.17 -0.000772215
6.18 -0.000540719
6.19 -0.000302628
6.2 -5.76036e-05
6.21 0.000194741
6.22 0.000454857
6.23 0.000723251
6.24 0.00100042
6.25 0.0012868
6.26 0.00158281
6.27 0.00188885
6.28 0.00220528
6.29 0.00253248
6.3 0.00287086
6.31 0.00322084
6.32 0.0035829
6.33 0.00395756
6.34 0.00434537
6.35 0.00474685
6.36 0.00516249
6.37 0.00559255
6.38 0.00603698
6.39 0.00649539
6.4 0.00696716
6.41 0.00745147
6.42 0.00794739
6.43 0.00845404
6.44 0.00897062
6.45 0.00949648
6.46 0.0100313
6.47 0.0105747
6.48 0.0111268
6.49 0.0116873
6.5 0.0122557
6.51 0.0128314
6.52 0.013413
6.53 0.013999
6.54 0.0145874
6.55 0.0151757
6.56 0.015761
6.57 0.01634
6.58 0.0169094
6.59 0.0174658
6.6 0.0180059
6.61 0.018527
6.62 0.0190263
6.63 0.0195019
6.64 0.0199518
6.65 0.0203747
6.66 0.020769
6.67 0.0211335
6.68 0.0214667
6.69 0.0217673
6.7 0.022034
6.71 0.0222654
6.72 0.0224606
6.73 0.0226182
6.74 0.0227374
6.75 0.0228173
6.76 0.0228574
6.77 0.0228571
6.78 0.0228164
6.79 0.0227353
6.8 0.0226139
6.81 0.0224528
6.82 0.0222522
6.83 0.0220125
6.84 0.0217342
6.85 0.0214174
6.86 0.0210625
6.87 0.0206693
6.88 0.020238
6.89 0.0197687
6.9 0.0192615
6.91 0.0187168
6.92 0.0181353
6.93 0.0175181
6.94 0.0168665
6.95 0.0161822
6.96 0.0154673
6.97 0.0147239
6.98 0.0139539
6.99 0.0131591
7 0.012341
7.01 0.0115008
7.02 0.0106394
7.03 0.00975752
7.04 0.00885584
7.05 0.00793525
7.06 0.00699692
7.07 0.00604243
7.08 0.00507374
7.09 0.00409318
7.1 0.00310337
7.11 0.00210712
7.12 0.0011073
7.13 0.000106624
7.14 -0.000892593
7.15 -0.00188846
7.16 -0.00287954
7.17 -0.00386474
7.18 -0.00484328
7.19 -0.00581453
7.2 -0.00677796
7.21 -0.00773297
7.22 -0.00867882
7.23 -0.00961447
7.24 -0.0105386
7.25 -0.0114496
7.26 -0.0123455
7.27 -0.0132245
7.28 -0.0140846
7.29 -0.0149241
7.3 -0.0157416
7.31 -0.0165358
7.32 -0.0173062
7.33 -0.0180521
7.34 -0.0187733
7.35 -0.0194697
7.36 -0.0201408
7.37 -0.0207861
7.38 -0.0214049
7.39 -0.0219958
7.4 -0.0225575
7.41 -0.0230884
7.42 -0.0235867
7.43 -0.0240509
7.44 -0.0244794
7.45 -0.0248713
7.46 -0.0252261
7.47 -0.0255434
7.48 -0.0258234
7.49 -0.0260669
7.5 -0.0262748
7.51 -0.0264486
7.52 -0.0265899
7.53 -0.0267005
7.54 -0.0267822
7.55 -0.0268368
7.56 -0.0268659
7.57 -0.0268713
7.58 -0.0268547
7.59 -0.026818
7.6 -0.0267629
7.61 -0.0266913
7.62 -0.0266047
7.63 -0.0265044
7.64 -0.0263911
7.65 -0.0262652
7.66 -0.0261266
7.67 -0.0259747
7.68 -0.0258081
7.69 -0.025625
7.7 -0.0254232
7.71 -0.0252
7.72 -0.0249527
7.73 -0.0246791
7.74 -0.0243771
7.75 -0.0240455
7.76 -0.0236833
7.77 -0.0232902
7.78 -0.0228661
7.79 -0.0224113
7.8 -0.0219264
7.81 -0.0214123
7.82 -0.0208702
7.83 -0.0203015
7.84 -0.0197078
7.85 -0.0190911
7.86 -0.0184533
7.87 -0.0177964
7.88 -0.0171225
7.89 -0.0164336
7.9 -0.0157315
7.91 -0.0150179
7.92 -0.0142942
7.93 -0.0135615
7.94 -0.0128208
7.95 -0.0120727
7.96 -0.0113177
7.97 -0.010556
7.98 -0.00978771
7.99 -0.00901284
8 -0.00823134
8.01 -0.00744327
8.02 -0.0066488
8.03 -0.00584825
8.04 -0.00504218
8.05 -0.0042314
8.06 -0.00341703
8.07 -0.00260047
8.08 -0.00178326
8.09 -0.000967013
8.1 -0.000153291
8.11 0.000656551
8.12 0.00146151
8.13 0.00226099
8.14 0.0030547
8.15 0.00384269
8.16 0.00462529
8.17 0.00540304
8.18 0.00617662
8.19 0.00694671
8.2 0.00771396
8.21 0.00847896
8.22 0.00924205
8.23 0.0100034
8.24 0.0107632
8.25 0.0115212
8.26 0.0122771
8.27 0.0130303
8.28 0.0137802
8.29 0.0145256
8.3 0.0152652
8.31 0.0159971
8.32 0.0167191
8.33 0.0174283
8.34 0.0181213
8.35 0.0187945
8.36 0.019444
8.37 0.020066
8.38 0.0206569
8.39 0.0212137
8.4 0.0217338
8.41 0.0222155
8.42 0.0226576
8.43 0.0230591
8.44 0.02342
8.45 0.0237402
8.46 0.0240206
8.47 0.0242621
8.48 0.0244662
8.49 0.0246346
8.5 0.0247692
8.51 0.0248718
8.52 0.0249444
8.53 0.0249884
8.54 0.0250052
8.55 0.0249955
8.56 0.0249597
8.57 0.0248981
8.58 0.0248106
8.59 0.0246972
8.6 0.0245578
8.61 0.0243924
8.62 0.024201
8.63 0.023984
8.64 0.0237422
8.65 0.0234766
8.66 0.0231885
8.67 0.0228795
8.68 0.0225516
8.69 0.0222067
8.7 0.0218467
8.71 0.0214735
8.72 0.021089
8.73 0.0206949
8.74 0.0202926
8.75 0.0198834
8.76 0.0194683
8.77 0.0190478
8.78 0.0186222
8.79 0.0181915
8.8 0.0177553
8.81 0.017313
8.82 0.0168637
8.83 0.0164064
8.84 0.0159404
8.85 0.0154648
8.86 0.0149792
8.87 0.0144832
8.88 0.0139766
8.89 0.0134593
8.9 0.0129317
8.91 0.0123944
8.92 0.0118482
8.93 0.011294
8.94 0.010733
8.95 0.010166
8.96 0.00959399
8.97 0.00901787
8.98 0.00843838
8.99 0.00785618
9 0.00727166
9.01 0.00668497
9.02 0.00609601
9.03 0.00550433
9.04 0.00490931
9.05 0.00431019
9.06 0.00370629
9.07 0.00309708
9.08 0.00248219
9.09 0.00186143
9.1 0.00123473
9.11 0.000602086
9.12 -3.65094e-05
9.13 -0.000681005
9.14 -0.00133133
9.15 -0.00198737
9.16 -0.00264888
9.17 -0.00331536
9.18 -0.00398592
9.19 -0.00465927
9.2 -0.00533364
9.21 -0.00600676
9.22 -0.00667581
9.23 -0.00733752
9.24 -0.00798828
9.25 -0.00862448
9.26 -0.00924264
9.27 -0.00983969
9.28 -0.010413
9.29 -0.0109605
9.3 -0.0114808
9.31 -0.0119725
9.32 -0.0124347
9.33 -0.0128665
9.34 -0.013267
9.35 -0.0136357
9.36 -0.0139719
9.37 -0.0142752
9.38 -0.0145451
9.39 -0.0147813
9.4 -0.0149838
9.41 -0.0151525
9.42 -0.0152879
9.43 -0.0153909
9.44 -0.0154627
9.45 -0.015505
9.46 -0.0155201
9.47 -0.0155104
9.48 -0.0154781
9.49 -0.0154258
9.5 -0.0153555
9.51 -0.0152689
9.52 -0.0151674
9.53 -0.0150519
9.54 -0.0149233
9.55 -0.0147821
9.56 -0.014629
9.57 -0.0144647
9.58 -0.0142903
9.59 -0.014107
9.6 -0.0139162
9.61 -0.0137197
9.62 -0.0135188
9.63 -0.0133151
9.64 -0.0131098
9.65 -0.0129037
9.66 -0.0126971
9.67 -0.0124904
9.68 -0.0122832
9.69 -0.012075
9.7 -0.0118653
9.71 -0.0116531
9.72 -0.011438
9.73 -0.0112194
9.74 -0.0109968
9.75 -0.0107703
9.76 -0.01054
9.77 -0.0103064
9.78 -0.0100701
9.79 -0.00983216
9.8 -0.00959356
9.81 -0.00935563
9.82 -0.00911987
9.83 -0.00888786
9.84 -0.00866137
9.85 -0.0084422
9.86 -0.0082322
9.87 -0.00803309
9.88 -0.00784641
9.89 -0.00767353
9.9 -0.00751564
9.91 -0.00737362
9.92 -0.00724801
9.93 -0.00713902
9.94 -0.00704654
9.95 -0.00697016
9.96 -0.00690926
9.97 -0.00686313
9.98 -0.00683119
9.99 -0.00681301
10 -0.00680834
10.01 -0.00681714
10.02 -0.00683958
10.03 -0.00687606
10.04 -0.00692712
10.05 -0.00699322
10.06 -0.0070747
10.07 -0.00717164
10.08 -0.00728393
10.09 -0.00741123
10.1 -0.00755304
10.11 -0.00770868
10.12 -0.00787744
10.13 -0.00805869
10.14 -0.00825197
10.15 -0.00845691
10.16 -0.00867326
10.17 -0.00890085
10.18 -0.00913944
10.19 -0.00938865
10.2 -0.00964791
10.21 -0.00991648
10.22 -0.0101935
10.23 -0.010478
10.24 -0.0107691
10.25 -0.0110657
10.26 -0.0113668
10.27 -0.0116715
10.28 -0.0119791
10.29 -0.0122888
10.3 -0.0125998
10.31 -0.0129115
10.32 -0.013223
10.33 -0.0135335
10.34 -0.013842
10.35 -0.0141477
10.36 -0.0144496
10.37 -0.0147468
10.38 -0.0150385
10.39 -0.0153238
10.4 -0.0156017
10.41 -0.0158714
10.42 -0.0161315
10.43 -0.016381
10.44 -0.0166181
10.45 -0.0168413
10.46 -0.0170486
10.47 -0.0172382
10.48 -0.0174083
10.49 -0.0175572
10.5 -0.0176837
10.51 -0.0177868
10.52 -0.0178659
10.53 -0.0179208
10.54 -0.0179515
10.55 -0.0179582
10.56 -0.0179411
10.57 -0.0179007
10.58 -0.0178373
10.59 -0.0177516
10.6 -0.0176438
10.61 -0.0175147
10.62 -0.0173649
10.63 -0.0171952
10.64 -0.0170063
10.65 -0.0167993
10.66 -0.0165754
10.67 -0.0163358
10.68 -0.0160816
10.69 -0.0158142
10.7 -0.0155345
10.71 -0.0152434
10.72 -0.0149416
10.73 -0.0146297
10.74 -0.0143081
10.75 -0.0139773
10.76 -0.0136376
10.77 -0.0132893
10.78 -0.0129326
10.79 -0.0125677
10.8 -0.0121945
10.81 -0.011813
10.82 -0.0114234
10.83 -0.0110254
10.84 -0.010619
10.85 -0.010204
10.86 -0.00978051
10.87 -0.00934856
10.88 -0.00890837
10.89 -0.00846025
10.9 -0.00800455
10.91 -0.00754169
10.92 -0.00707203
10.93 -0.0065958
10.94 -0.00611301
10.95 -0.00562344
10.96 -0.00512666
10.97 -0.00462205
10.98 -0.00410886
10.99 -0.00358635
11 -0.00305383
11.01 -0.00251075
11.02 -0.0019567
11.03 -0.00139146
11.04 -0.000815031
11.05 -0.000227619
11.06 0.00037045
11.07 0.000978752
11.08 0.00159675
11.09 0.00222379
11.1 0.0028592
11.11 0.00350228
11.12 0.00415243
11.13 0.00480911
11.14 0.00547181
11.15 0.00614
11.16 0.00681318
11.17 0.00749101
11.18 0.00817331
11.19 0.00886016
11.2 0.00955179
11.21 0.0102487
11.22 0.0109513
11.23 0.0116605
11.24 0.0123767
11.25 0.0131002
11.26 0.0138307
11.27 0.0145675
11.28 0.0153095
11.29 0.0160553
11.3 0.0168032
11.31 0.0175518
11.32 0.0182993
11.33 0.0190443
11.34 0.0197853
11.35 0.0205214
11.36 0.021252
11.37 0.0219766
11.38 0.0226952
11.39 0.0234076
11.4 0.0241136
11.41 0.0248129
11.42 0.0255052
11.43 0.0261896
11.44 0.0268652
11.45 0.0275308
11.46 0.0281853
11.47 0.0288273
11.48 0.0294558
11.49 0.03007
11.5 0.0306697
11.51 0.0312546
11.52 0.0318253
11.53 0.0323823
11.54 0.0329265
11.55 0.0334593
11.56 0.0339823
11.57 0.0344963
11.58 0.0350024
11.59 0.0355009
11.6 0.0359923
11.61 0.0364771
11.62 0.0369557
11.63 0.0374285
11.64 0.0378961
11.65 0.0383588
11.66 0.0388172
11.67 0.0392716
11.68 0.0397225
11.69 0.0401701
11.7 0.0406146
11.71 0.041056
11.72 0.0414937
11.73 0.0419272
11.74 0.0423556
11.75 0.0427774
11.76 0.043191
11.77 0.0435943
11.78 0.0439845
11.79 0.0443585
11.8 0.044713
11.81 0.0450448
11.82 0.0453508
11.83 0.0456282
11.84 0.0458748
11.85 0.0460883
11.86 0.0462672
11.87 0.0464097
11.88 0.0465142
11.89 0.0465793
11.9 0.0466035
11.91 0.0465855
11.92 0.0465243
11.93 0.0464187
11.94 0.0462679
11.95 0.0460711
11.96 0.0458278
11.97 0.0455375
11.98 0.0451998
11.99 0.0448147
12 0.0443825
12.01 0.0439037
12.02 0.0433791
12.03 0.0428097
12.04 0.0421972
12.05 0.0415431
12.06 0.0408496
12.07 0.0401187
12.08 0.0393524
12.09 0.0385527
12.1 0.0377211
12.11 0.0368592
12.12 0.0359682
12.13 0.0350489
12.14 0.0341019
12.15 0.0331275
12.16 0.0321257
12.17 0.0310965
12.18 0.0300397
12.19 0.0289552
12.2 0.027843
12.21 0.026703
12.22 0.0255355
12.23 0.0243407
12.24 0.0231191
12.25 0.0218711
12.26 0.0205975
12.27 0.0192991
12.28 0.0179771
12.29 0.0166327
12.3 0.0152673
12.31 0.0138827
12.32 0.0124806
12.33 0.0110633
12.34 0.00963316
12.35 0.00819283
12.36 0.00674516
12.37 0.00529322
12.38 0.00384036
12.39 0.00239007
12.4 0.000945964
12.41 -0.000488234
12.42 -0.00190889
12.43 -0.00331257
12.44 -0.0046959
12.45 -0.00605561
12.46 -0.00738849
12.47 -0.00869138
12.48 -0.00996094
12.49 -0.0111934
12.5 -0.0123848
12.51 -0.0135305
12.52 -0.0146256
12.53 -0.0156652
12.54 -0.0166439
12.55 -0.0175569
12.56 -0.0183995
12.57 -0.019168
12.58 -0.0198596
12.59 -0.0204718
12.6 -0.0210021
12.61 -0.021448
12.62 -0.0218072
12.63 -0.0220775
12.64 -0.0222573
12.65 -0.0223452
12.66 -0.0223398
12.67 -0.0222405
12.68 -0.022047
12.69 -0.0217595
12.7 -0.021379
12.71 -0.0209069
12.72 -0.0203449
12.73 -0.019695
12.74 -0.0189596
12.75 -0.018141
12.76 -0.0172416
12.77 -0.016264
12.78 -0.0152106
12.79 -0.014084
12.8 -0.0128868
12.81 -0.0116216
12.82 -0.0102913
12.83 -0.00889892
12.84 -0.00744774
12.85 -0.005941
12.86 -0.00438196
12.87 -0.00277383
12.88 -0.00111967
12.89 0.000577682
12.9 0.00231562
12.91 0.00409163
12.92 0.00590325
12.93 0.00774793
12.94 0.00962302
12.95 0.0115257
12.96 0.0134531
12.97 0.015402
12.98 0.0173693
12.99 0.0193518
13 0.0213461
13.01 0.0233491
13.02 0.0253577
13.03 0.027369
13.04 0.0293805
13.05 0.0313894
13.06 0.0333931
13.07 0.0353889
13.08 0.0373737
13.09 0.0393446
13.1 0.0412979
13.11 0.04323
13.12 0.0451382
13.13 0.0470213
13.14 0.0488784
13.15 0.0507084
13.16 0.0525106
13.17 0.0542842
13.18 0.0560288
13.19 0.0577443
13.2 0.0594306
13.21 0.0610877
13.22 0.0627154
13.23 0.0643138
13.24 0.0658827
13.25 0.0674221
13.26 0.0689315
13.27 0.0704108
13.28 0.0718594
13.29 0.0732767
13.3 0.0746622
13.31 0.0760149
13.32 0.077334
13.33 0.078618
13.34 0.0798657
13.35 0.0810756
13.36 0.0822464
13.37 0.0833769
13.38 0.0844658
13.39 0.0855123
13.4 0.0865155
13.41 0.0874749
13.42 0.0883902
13.43 0.0892612
13.44 0.090088
13.45 0.0908711
13.46 0.091611
13.47 0.0923086
13.48 0.0929649
13.49 0.0935811
13.5 0.0941583
13.51 0.0946979
13.52 0.0952013
13.53 0.09567
13.54 0.0961055
13.55 0.0965095
13.56 0.0968838
13.57 0.09723
13.58 0.09755
13.59 0.097845
13.6 0.0981164
13.61 0.0983651
13.62 0.0985922
13.63 0.0987987
13.64 0.0989855
13.65 0.0991534
13.66 0.0993033
13.67 0.0994361
13.68 0.0995528
13.69 0.0996539
13.7 0.09974
13.71 0.0998115
13.72 0.0998686
13.73 0.0999112
13.74 0.0999391
13.75 0.0999519
13.76 0.0999486
13.77 0.0999282
13.78 0.099889
13.79 0.0998292
13.8 0.0997466
13.81 0.0996381
13.82 0.0995008
13.83 0.0993313
13.84 0.0991267
13.85 0.0988846
13.86 0.0986036
13.87 0.0982828
13.88 0.0979216
13.89 0.0975195
13.9 0.0970759
13.91 0.0965903
13.92 0.0960623
13.93 0.0954917
13.94 0.094878
13.95 0.094221
13.96 0.0935205
13.97 0.0927763
13.98 0.0919886
13.99 0.0911573
14 0.0902824
14.01 0.089364
14.02 0.0884021
14.03 0.087397
14.04 0.0863487
14.05 0.0852579
14.06 0.0841247
14.07 0.0829496
14.08 0.0817329
14.09 0.0804747
14.1 0.079175
14.11 0.0778333
14.12 0.0764492
14.13 0.0750219
14.14 0.0735504
14.15 0.0720332
14.16 0.0704687
14.17 0.0688554
14.18 0.0671916
14.19 0.0654758
14.2 0.0637067
14.21 0.061883
14.22 0.0600036
14.23 0.0580673
14.24 0.0560729
14.25 0.0540192
14.26 0.0519051
14.27 0.0497294
14.28 0.0474911
14.29 0.0451894
14.3 0.0428238
14.31 0.0403944
14.32 0.0379015
14.33 0.0353462
14.34 0.0327287
14.35 0.0300479
14.36 0.0273018
14.37 0.024488
14.38 0.0216041
14.39 0.0186476
14.4 0.0156157
14.41 0.0125057
14.42 0.00931479
14.43 0.00604043
14.44 0.00268024
14.45 -0.000767649
14.46 -0.00430461
14.47 -0.0079315
14.48 -0.0116489
14.49 -0.015457
14.5 -0.0193561
14.51 -0.0233463
14.52 -0.0274279
14.53 -0.0316012
14.54 -0.0358667
14.55 -0.0402251
14.56 -0.0446769
14.57 -0.0492229
14.58 -0.0538637
14.59 -0.0586001
14.6 -0.0634325
14.61 -0.0683613
14.62 -0.0733861
14.63 -0.0785063
14.64 -0.0837203
14.65 -0.0890256
14.66 -0.0944189
14.67 -0.0998964
14.68 -0.105454
14.69 -0.111087
14.7 -0.116792
14.71 -0.122565
14.72 -0.128402
14.73 -0.1343
14.74 -0.140252
14.75 -0.146253
14.76 -0.152295
14.77 -0.158372
14.78 -0.164476
14.79 -0.170601
14.8 -0.176739
14.81 -0.182885
14.82 -0.189031
14.83 -0.195171
14.84 -0.201297
14.85 -0.207404
14.86 -0.213484
14.87 -0.219531
14.88 -0.22554
14.89 -0.231503
14.9 -0.237413
14.91 -0.243264
14.92 -0.249049
14.93 -0.254761
14.94 -0.260393
14.95 -0.265938
14.96 -0.271389
14.97 -0.27674
14.98 -0.281984
14.99 -0.287116
15 -0.292134
15.01 -0.297034
15.02 -0.301815
15.03 -0.306479
15.04 -0.311028
15.05 -0.315462
15.06 -0.319786
15.07 -0.324004
15.08 -0.328119
15.09 -0.332137
15.1 -0.336062
15.11 -0.339898
15.12 -0.343651
15.13 -0.347324
15.14 -0.350924
15.15 -0.354453
15.16 -0.357917
15.17 -0.36132
15.18 -0.364665
15.19 -0.367955
15.2 -0.371193
15.21 -0.37438
15.22 -0.377521
15.23 -0.380617
15.24 -0.383672
15.25 -0.386689
15.26 -0.389672
15.27 -0.392624
15.28 -0.395551
15.29 -0.398458
15.3 -0.401348
15.31 -0.404225
15.32 -0.407093
15.33 -0.409954
15.34 -0.412811
15.35 -0.415665
15.36 -0.41852
15.37 -0.421377
15.38 -0.424239
15.39 -0.427108
15.4 -0.429988
15.41 -0.432879
15.42 -0.435785
15.43 -0.438705
15.44 -0.44164
15.45 -0.444592
15.46 -0.447558
15.47 -0.450539
15.48 -0.453533
15.49 -0.456538
15.5 -0.45955
15.51 -0.462565
15.52 -0.465578
15.53 -0.468583
15.54 -0.471576
15.55 -0.474551
15.56 -0.477503
15.57 -0.480426
15.58 -0.483314
15.59 -0.486163
15.6 -0.488967
15.61 -0.491721
15.62 -0.49442
15.63 -0.497058
15.64 -0.499629
15.65 -0.502129
15.66 -0.504552
15.67 -0.506892
15.68 -0.509144
15.69 -0.511303
15.7 -0.513364
15.71 -0.515322
15.72 -0.517171
15.73 -0.518906
15.74 -0.520522
15.75 -0.522014
15.76 -0.523376
15.77 -0.524603
15.78 -0.52569
15.79 -0.526631
15.8 -0.527421
15.81 -0.528056
15.82 -0.528531
15.83 -0.528842
15.84 -0.528984
15.85 -0.528956
15.86 -0.528753
15.87 -0.528374
15.88 -0.527815
15.89 -0.527076
15.9 -0.526155
15.91 -0.525051
15.92 -0.523765
15.93 -0.522295
15.94 -0.520643
15.95 -0.518808
15.96 -0.516792
15.97 -0.514596
15.98 -0.512223
15.99 -0.509675
16 -0.506957
16.01 -0.504072
16.02 -0.501027
16.03 -0.497828
16.04 -0.494482
16.05 -0.490999
16.06 -0.487388
16.07 -0.483659
16.08 -0.479822
16.09 -0.475889
16.1 -0.471868
16.11 -0.467772
16.12 -0.46361
16.13 -0.459391
16.14 -0.455121
16.15 -0.450804
16.16 -0.446448
16.17 -0.442055
16.18 -0.437633
16.19 -0.433186
16.2 -0.42872
16.21 -0.42424
16.22 -0.419751
16.23 -0.415258
16.24 -0.410764
16.25 -0.406273
16.26 -0.401786
16.27 -0.397306
16.28 -0.392833
16.29 -0.388367
16.3 -0.38391
16.31 -0.379462
16.32 -0.375022
16.33 -0.370591
16.34 -0.366169
16.35 -0.361756
16.36 -0.357351
16.37 -0.352953
16.38 -0.348564
16.39 -0.344181
16.4 -0.339805
16.41 -0.335435
16.42 -0.331071
16.43 -0.326711
16.44 -0.322356
16.45 -0.318006
16.46 -0.313659
16.47 -0.309316
16.48 -0.304976
16.49 -0.300639
16.5 -0.296304
16.51 -0.291972
16.52 -0.287643
16.53 -0.283316
16.54 -0.27899
16.55 -0.274667
16.56 -0.270345
16.57 -0.266024
16.58 -0.261705
16.59 -0.257387
16.6 -0.253072
16.61 -0.24876
16.62 -0.244451
16.63 -0.240148
16.64 -0.235851
16.65 -0.231562
16.66 -0.227285
16.67 -0.223021
16.68 -0.218773
16.69 -0.214546
16.7 -0.210342
16.71 -0.206166
16.72 -0.20202
16.73 -0.197908
16.74 -0.193833
16.75 -0.189795
16.76 -0.185797
16.77 -0.18184
16.78 -0.177924
16.79 -0.174052
16.8 -0.170222
16.81 -0.166436
16.82 -0.162694
16.83 -0.158996
16.84 -0.155343
16.85 -0.151733
16.86 -0.148167
16.87 -0.144646
16.88 -0.141169
16.89 -0.137737
16.9 -0.134351
16.91 -0.131011
16.92 -0.127719
16.93 -0.124474
16.94 -0.121279
16.95 -0.118133
16.96 -0.115037
16.97 -0.111992
16.98 -0.108998
16.99 -0.106056
17 -0.103165
17.01 -0.100326
17.02 -0.097539
17.03 -0.0948042
17.04 -0.0921218
17.05 -0.0894922
17.06 -0.0869156
17.07 -0.0843923
17.08 -0.0819225
17.09 -0.0795063
17.1 -0.0771438
17.11 -0.0748355
17.12 -0.0725815
17.13 -0.0703821
17.14 -0.0682373
17.15 -0.0661475
17.16 -0.0641128
17.17 -0.0621334
17.18 -0.0602095
17.19 -0.0583414
17.2 -0.056529
17.21 -0.0547727
17.22 -0.0530723
17.23 -0.0514281
17.24 -0.04984
17.25 -0.0483084
17.26 -0.0468334
17.27 -0.0454154
17.28 -0.0440549
17.29 -0.0427524
17.3 -0.0415086
17.31 -0.0403239
17.32 -0.0391992
17.33 -0.0381348
17.34 -0.0371317
17.35 -0.0361905
17.36 -0.0353125
17.37 -0.0344989
17.38 -0.0337517
17.39 -0.0330731
17.4 -0.0324656
17.41 -0.0319324
17.42 -0.0314771
17.43 -0.0311034
17.44 -0.0308149
17.45 -0.0306148
17.46 -0.0305059
17.47 -0.0304903
17.48 -0.0305697
17.49 -0.0307453
17.5 -0.0310181
17.51 -0.0313888
17.52 -0.031858
17.53 -0.0324264
17.54 -0.0330946
17.55 -0.0338628
17.56 -0.0347311
17.57 -0.0356992
17.58 -0.0367662
17.59 -0.0379312
17.6 -0.0391924
17.61 -0.0405477
17.62 -0.0419943
17.63 -0.0435289
17.64 -0.0451476
17.65 -0.0468463
17.66 -0.0486201
17.67 -0.0504641
17.68 -0.0523729
17.69 -0.0543409
17.7 -0.0563626
17.71 -0.0584326
17.72 -0.0605455
17.73 -0.0626965
17.74 -0.0648809
17.75 -0.0670943
17.76 -0.0693318
17.77 -0.0715882
17.78 -0.0738581
17.79 -0.0761355
17.8 -0.0784138
17.81 -0.0806866
17.82 -0.0829471
17.83 -0.0851889
17.84 -0.0874053
17.85 -0.08959
17.86 -0.0917367
17.87 -0.0938392
17.88 -0.0958918
17.89 -0.09789
17.9 -0.0998318
17.91 -0.101716
17.92 -0.103541
17.93 -0.105307
17.94 -0.107013
17.95 -0.108658
17.96 -0.110242
17.97 -0.111766
17.98 -0.113229
17.99 -0.114632
18 -0.115975
18.01 -0.117258
18.02 -0.118482
18.03 -0.119646
18.04 -0.120752
18.05 -0.121799
18.06 -0.122787
18.07 -0.123717
18.08 -0.124589
18.09 -0.125403
18.1 -0.126159
18.11 -0.126857
18.12 -0.127498
18.13 -0.128082
18.14 -0.128609
18.15 -0.129079
18.16 -0.129491
18.17 -0.129846
18.18 -0.130143
18.19 -0.130382
18.2 -0.13056
18.21 -0.130678
18.22 -0.130735
18.23 -0.130729
18.24 -0.130659
18.25 -0.130525
18.26 -0.130327
18.27 -0.130064
18.28 -0.129735
18.29 -0.129342
18.3 -0.128882
18.31 -0.128357
18.32 -0.127766
18.33 -0.127108
18.34 -0.126385
18.35 -0.125596
18.36 -0.124742
18.37 -0.123823
18.38 -0.122841
18.39 -0.121795
18.4 -0.120688
18.41 -0.11952
18.42 -0.118293
18.43 -0.117006
18.44 -0.115661
18.45 -0.114257
18.46 -0.112796
18.47 -0.111277
18.48 -0.109701
18.49 -0.108067
18.5 -0.106375
18.51 -0.104627
18.52 -0.102822
18.53 -0.100962
18.54 -0.0990486
18.55 -0.0970824
18.56 -0.0950656
18.57 -0.0930004
18.58 -0.090889
18.59 -0.0887339
18.6 -0.0865375
18.61 -0.084302
18.62 -0.0820301
18.63 -0.079724
18.64 -0.0773863
18.65 -0.0750195
18.66 -0.0726263
18.67 -0.0702097
18.68 -0.0677733
18.69 -0.0653214
18.7 -0.0628577
18.71 -0.0603851
18.72 -0.0579067
18.73 -0.0554267
18.74 -0.0529497
18.75 -0.0504803
18.76 -0.0480229
18.77 -0.0455819
18.78 -0.0431617
18.79 -0.0407667
18.8 -0.0384011
18.81 -0.0360695
18.82 -0.0337764
18.83 -0.0315262
18.84 -0.0293236
18.85 -0.0271734
18.86 -0.0250802
18.87 -0.0230489
18.88 -0.021084
18.89 -0.0191902
18.9 -0.0173717
18.91 -0.0156323
18.92 -0.0139751
18.93 -0.0124028
18.94 -0.0109174
18.95 -0.00952032
18.96 -0.00821315
18.97 -0.00699737
18.98 -0.00587456
18.99 -0.00484649
19 -0.00391529
19.01 -0.00308342
19.02 -0.00235366
19.03 -0.00172906
19.04 -0.00121274
19.05 -0.000807677
19.06 -0.000516567
19.07 -0.000341763
19.08 -0.000285251
19.09 -0.000348664
19.1 -0.000533285
19.11 -0.000840145
19.12 -0.00127027
19.13 -0.00182479
19.14 -0.00250487
19.15 -0.00331149
19.16 -0.00424537
19.17 -0.00530662
19.18 -0.00649453
19.19 -0.00780743
19.2 -0.00924266
19.21 -0.0107966
19.22 -0.012465
19.23 -0.0142428
19.24 -0.0161246
19.25 -0.0181051
19.26 -0.0201793
19.27 -0.0223427
19.28 -0.0245917
19.29 -0.0269224
19.3 -0.0293311
19.31 -0.0318134
19.32 -0.0343647
19.33 -0.0369799
19.34 -0.0396535
19.35 -0.0423793
19.36 -0.0451507
19.37 -0.0479607
19.38 -0.0508021
19.39 -0.053668
19.4 -0.0565514
19.41 -0.0594452
19.42 -0.0623424
19.43 -0.0652359
19.44 -0.0681201
19.45 -0.0709911
19.46 -0.0738461
19.47 -0.0766821
19.48 -0.0794962
19.49 -0.0822853
19.5 -0.0850468
19.51 -0.0877782
19.52 -0.090477
19.53 -0.0931412
19.54 -0.0957687
19.55 -0.0983581
19.56 -0.100908
19.57 -0.103419
19.58 -0.10589
19.59 -0.10832
19.6 -0.11071
19.61 -0.11306
19.62 -0.115371
19.63 -0.117641
19.64 -0.119872
19.65 -0.122063
19.66 -0.124216
19.67 -0.126331
19.68 -0.128407
19.69 -0.130447
19.7 -0.13245
19.71 -0.134418
19.72 -0.136351
19.73 -0.13825
19.74 -0.140118
19.75 -0.141953
19.76 -0.143757
19.77 -0.145531
19.78 -0.147273
19.79 -0.148986
19.8 -0.150667
19.81 -0.152318
19.82 -0.153938
19.83 -0.155529
19.84 -0.157089
19.85 -0.15862
19.86 -0.160123
19.87 -0.161597
19.88 -0.163045
19.89 -0.164467
19.9 -0.165864
19.91 -0.167236
19.92 -0.168585
19.93 -0.169911
19.94 -0.171213
19.95 -0.172493
19.96 -0.17375
19.97 -0.174986
19.98 -0.1762
19.99 -0.177394
20 -0.178569
20.01 -0.179727
20.02 -0.180868
20.03 -0.181993
20.04 -0.183105
20.05 -0.184202
20.06 -0.185284
20.07 -0.186352
20.08 -0.187403
20.09 -0.188436
20.1 -0.18945
20.11 -0.190441
20.12 -0.191407
20.13 -0.192345
20.14 -0.193254
20.15 -0.194131
20.16 -0.194973
20.17 -0.195778
20.18 -0.196545
20.19 -0.197272
20.2 -0.197956
20.21 -0.198598
20.22 -0.199196
20.23 -0.199749
20.24 -0.200256
20.25 -0.200717
20.26 -0.201131
20.27 -0.201496
20.28 -0.201813
20.29 -0.202081
20.3 -0.2023
20.31 -0.202471
20.32 -0.202593
20.33 -0.202668
20.34 -0.202696
20.35 -0.202677
20.36 -0.202611
20.37 -0.2025
20.38 -0.202344
20.39 -0.202141
20.4 -0.201892
20.41 -0.201595
20.42 -0.20125
20.43 -0.200855
20.44 -0.200409
20.45 -0.19991
20.46 -0.199357
20.47 -0.198749
20.48 -0.198086
20.49 -0.197365
20.5 -0.196587
20.51 -0.19575
20.52 -0.194853
20.53 -0.193895
20.54 -0.192876
20.55 -0.191794
20.56 -0.19065
20.57 -0.189443
20.58 -0.188173
20.59 -0.18684
20.6 -0.185445
20.61 -0.183992
20.62 -0.18248
20.63 -0.180914
20.64 -0.179296
20.65 -0.177627
20.66 -0.175912
20.67 -0.174153
20.68 -0.172353
20.69 -0.170513
20.7 -0.168638
20.71 -0.16673
20.72 -0.164791
20.73 -0.162824
20.74 -0.160831
20.75 -0.158815
20.76 -0.156778
20.77 -0.154724
20.78 -0.152654
20.79 -0.150571
20.8 -0.148477
20.81 -0.146373
20.82 -0.144261
20.83 -0.142141
20.84 -0.140014
20.85 -0.13788
20.86 -0.135741
20.87 -0.133593
20.88 -0.131436
20.89 -0.129268
20.9 -0.127089
20.91 -0.124899
20.92 -0.122695
20.93 -0.120479
20.94 -0.118249
20.95 -0.116006
20.96 -0.113749
20.97 -0.111478
20.98 -0.109193
20.99 -0.106896
21 -0.104587
21.01 -0.102267
21.02 -0.09994
21.03 -0.0976064
21.04 -0.0952695
21.05 -0.0929316
21.06 -0.0905954
21.07 -0.0882632
21.08 -0.0859376
21.09 -0.0836209
21.1 -0.0813157
21.11 -0.079024
21.12 -0.076748
21.13 -0.0744891
21.14 -0.0722486
21.15 -0.0700276
21.16 -0.067827
21.17 -0.0656476
21.18 -0.0634903
21.19 -0.0613558
21.2 -0.0592451
21.21 -0.0571589
21.22 -0.0550981
21.23 -0.0530634
21.24 -0.0510557
21.25 -0.0490755
21.26 -0.0471234
21.27 -0.0451996
21.28 -0.0433043
21.29 -0.0414373
21.3 -0.0395983
21.31 -0.0377869
21.32 -0.0360028
21.33 -0.0342456
21.34 -0.0325154
21.35 -0.0308122
21.36 -0.0291365
21.37 -0.0274886
21.38 -0.0258695
21.39 -0.0242803
21.4 -0.0227221
21.41 -0.0211966
21.42 -0.0197054
21.43 -0.0182503
21.44 -0.0168329
21.45 -0.0154551
21.46 -0.0141182
21.47 -0.0128235
21.48 -0.0115724
21.49 -0.0103659
21.5 -0.00920517
21.51 -0.0080915
21.52 -0.00702603
21.53 -0.00600985
21.54 -0.00504401
21.55 -0.00412953
21.56 -0.00326747
21.57 -0.00245893
21.58 -0.00170517
21.59 -0.00100766
21.6 -0.000368001
21.61 0.000212145
21.62 0.000731183
21.63 0.00118768
21.64 0.00158046
21.65 0.00190868
21.66 0.00217185
21.67 0.00236976
21.68 0.00250238
21.69 0.00256985
21.7 0.00257229
21.71 0.0025098
21.72 0.00238252
21.73 0.00219081
21.74 0.00193522
21.75 0.00161656
21.76 0.00123597
21.77 0.000794911
21.78 0.000295121
21.79 -0.000261452
21.8 -0.000872764
21.81 -0.00153682
21.82 -0.00225176
21.83 -0.00301598
21.84 -0.0038281
21.85 -0.00468697
21.86 -0.00559159
21.87 -0.00654114
21.88 -0.00753492
21.89 -0.00857234
21.9 -0.0096528
21.91 -0.0107756
21.92 -0.0119398
21.93 -0.0131445
21.94 -0.0143881
21.95 -0.0156693
21.96 -0.0169863
21.97 -0.0183378
21.98 -0.0197223
21.99 -0.021139
22 -0.0225871
22.01 -0.0240665
22.02 -0.025577
22.03 -0.0271188
22.04 -0.0286919
22.05 -0.0302959
22.06 -0.0319297
22.07 -0.0335915
22.08 -0.0352789
22.09 -0.0369891
22.1 -0.0387193
22.11 -0.0404663
22.12 -0.0422266
22.13 -0.0439968
22.14 -0.0457737
22.15 -0.0475539
22.16 -0.0493344
22.17 -0.0511122
22.18 -0.0528845
22.19 -0.0546487
22.2 -0.0564022
22.21 -0.0581423
22.22 -0.0598661
22.23 -0.0615706
22.24 -0.0632526
22.25 -0.0649099
22.26 -0.0665418
22.27 -0.0681478
22.28 -0.0697269
22.29 -0.0712784
22.3 -0.0728016
22.31 -0.0742964
22.32 -0.0757631
22.33 -0.077202
22.34 -0.0786139
22.35 -0.0799997
22.36 -0.0813603
22.37 -0.0826967
22.38 -0.0840098
22.39 -0.0853003
22.4 -0.0865687
22.41 -0.0878155
22.42 -0.0890408
22.43 -0.0902448
22.44 -0.0914273
22.45 -0.0925882
22.46 -0.0937271
22.47 -0.0948433
22.48 -0.0959359
22.49 -0.0970037
22.5 -0.0980455
22.51 -0.0990596
22.52 -0.100044
22.53 -0.100997
22.54 -0.101916
22.55 -0.102798
22.56 -0.103642
22.57 -0.104446
22.58 -0.105206
22.59 -0.10592
22.6 -0.106587
22.61 -0.107202
22.62 -0.107765
22.63 -0.108273
22.64 -0.108724
22.65 -0.109115
22.66 -0.109446
22.67 -0.109715
22.68 -0.10992
22.69 -0.110063
22.7 -0.110141
22.71 -0.110154
22.72 -0.110101
22.73 -0.109981
22.74 -0.109794
22.75 -0.109538
22.76 -0.109213
22.77 -0.108819
22.78 -0.108355
22.79 -0.107821
22.8 -0.107217
22.81 -0.106544
22.82 -0.105802
22.83 -0.104991
22.84 -0.104112
22.85 -0.103166
22.86 -0.102154
22.87 -0.101076
22.88 -0.0999337
22.89 -0.0987291
22.9 -0.0974637
22.91 -0.0961393
22.92 -0.0947584
22.93 -0.0933233
22.94 -0.0918368
22.95 -0.0903021
22.96 -0.0887223
22.97 -0.0871009
22.98 -0.0854414
22.99 -0.0837472
23 -0.0820213
23.01 -0.0802663
23.02 -0.0784843
23.03 -0.0766775
23.04 -0.0748478
23.05 -0.0729968
23.06 -0.0711262
23.07 -0.0692379
23.08 -0.0673339
23.09 -0.0654168
23.1 -0.0634893
23.11 -0.0615542
23.12 -0.0596144
23.13 -0.0576729
23.14 -0.0557325
23.15 -0.0537959
23.16 -0.051866
23.17 -0.0499455
23.18 -0.0480371
23.19 -0.0461432
23.2 -0.0442663
23.21 -0.0424076
23.22 -0.0405667
23.23 -0.0387428
23.24 -0.0369359
23.25 -0.0351458
23.26 -0.0333725
23.27 -0.0316158
23.28 -0.0298756
23.29 -0.0281516
23.3 -0.0264434
23.31 -0.0247504
23.32 -0.0230722
23.33 -0.0214083
23.34 -0.0197581
23.35 -0.0181213
23.36 -0.0164977
23.37 -0.014887
23.38 -0.0132894
23.39 -0.011705
23.4 -0.0101343
23.41 -0.00857803
23.42 -0.00703706
23.43 -0.00551256
23.44 -0.00400586
23.45 -0.00251847
23.46 -0.00105197
23.47 0.00039216
23.48 0.00181265
23.49 0.00320852
23.5 0.00457901
23.51 0.00592354
23.52 0.00724163
23.53 0.00853282
23.54 0.00979672
23.55 0.011033
23.56 0.0122413
23.57 0.0134215
23.58 0.0145734
23.59 0.0156971
23.6 0.0167926
23.61 0.0178599
23.62 0.0188993
23.63 0.019911
23.64 0.0208953
23.65 0.0218528
23.66 0.0227838
23.67 0.0236888
23.68 0.0245683
23.69 0.0254223
23.7 0.0262509
23.71 0.027054
23.72 0.0278313
23.73 0.0285823
23.74 0.0293065
23.75 0.0300029
23.76 0.0306703
23.77 0.0313073
23.78 0.0319119
23.79 0.032482
23.8 0.0330149
23.81 0.0335083
23.82 0.0339594
23.83 0.0343659
23.84 0.0347253
23.85 0.0350353
23.86 0.0352936
23.87 0.0354979
23.88 0.0356461
23.89 0.0357359
23.9 0.0357651
23.91 0.0357312
23.92 0.0356316
23.93 0.0354639
23.94 0.0352256
23.95 0.0349145
23.96 0.0345288
23.97 0.0340668
23.98 0.0335275
23.99 0.0329106
24 0.0322161
24.01 0.0314449
24.02 0.0305981
24.03 0.0296775
24.04 0.0286852
24.05 0.0276244
24.06 0.0264985
24.07 0.025312
24.08 0.0240696
24.09 0.022776
24.1 0.0214361
24.11 0.0200546
24.12 0.0186359
24.13 0.0171842
24.14 0.0157029
24.15 0.0141953
24.16 0.0126637
24.17 0.0111104
24.18 0.00953735
24.19 0.00794661
24.2 0.00634005
24.21 0.0047195
24.22 0.0030867
24.23 0.00144325
24.24 -0.000209301
24.25 -0.00186948
24.26 -0.00353591
24.27 -0.00520735
24.28 -0.0068827
24.29 -0.00856111
24.3 -0.0102419
24.31 -0.0119248
24.32 -0.0136094
24.33 -0.015295
24.34 -0.0169808
24.35 -0.0186651
24.36 -0.020346
24.37 -0.0220209
24.38 -0.0236872
24.39 -0.0253422
24.4 -0.0269829
24.41 -0.0286062
24.42 -0.0302095
24.43 -0.031791
24.44 -0.0333509
24.45 -0.0348894
24.46 -0.0364066
24.47 -0.037902
24.48 -0.0393755
24.49 -0.0408267
24.5 -0.0422551
24.51 -0.0436603
24.52 -0.0450418
24.53 -0.0463994
24.54 -0.0477326
24.55 -0.0490413
24.56 -0.0503255
24.57 -0.0515852
24.58 -0.0528207
24.59 -0.0540324
24.6 -0.0552209
24.61 -0.0563865
24.62 -0.0575297
24.63 -0.058651
24.64 -0.0597509
24.65 -0.0608295
24.66 -0.061887
24.67 -0.0629231
24.68 -0.0639374
24.69 -0.0649292
24.7 -0.0658979
24.71 -0.0668423
24.72 -0.0677614
24.73 -0.0686541
24.74 -0.0695193
24.75 -0.0703559
24.76 -0.0711627
24.77 -0.0719382
24.78 -0.0726813
24.79 -0.073391
24.8 -0.0740663
24.81 -0.0747066
24.82 -0.0753112
24.83 -0.0758798
24.84 -0.0764123
24.85 -0.0769086
24.86 -0.0773687
24.87 -0.0777929
24.88 -0.0781813
24.89 -0.0785345
24.9 -0.0788531
24.91 -0.0791381
24.92 -0.0793906
24.93 -0.0796118
24.94 -0.079803
24.95 -0.0799657
24.96 -0.0801012
24.97 -0.0802109
24.98 -0.0802963
24.99 -0.0803588
25 -0.0803994
