0.01 3.17732e-09
0.02 1.53123e-08
0.03 3.78399e-08
0.04 6.84415e-08
0.05 1.04843e-07
0.06 1.44837e-07
0.07 1.86298e-07
0.08 2.27178e-07
0.09 2.65492e-07
0.1 2.99316e-07
0.11 3.26806e-07
0.12 3.46202e-07
0.13 3.55787e-07
0.14 3.53834e-07
0.15 3.38588e-07
0.16 3.0833e-07
0.17 2.61418e-07
0.18 1.96306e-07
0.19 1.1155e-07
0.2 5.82348e-09
0.21 -1.22075e-07
0.22 -2.73216e-07
0.23 -4.48547e-07
0.24 -6.48908e-07
0.25 -8.75063e-07
0.26 -1.12776e-06
0.27 -1.40779e-06
0.28 -1.7158e-06
0.29 -2.05208e-06
0.3 -2.41648e-06
0.31 -2.80829e-06
0.32 -3.22626e-06
0.33 -3.66836e-06
0.34 -4.13172e-06
0.35 -4.61286e-06
0.36 -5.10796e-06
0.37 -5.61294e-06
0.38 -6.12409e-06
0.39 -6.63881e-06
0.4 -7.1562e-06
0.41 -7.67742e-06
0.42 -8.20522e-06
0.43 -8.74331e-06
0.44 -9.29648e-06
0.45 -9.8704e-06
0.46 -1.04712e-05
0.47 -1.11051e-05
0.48 -1.17775e-05
0.49 -1.24933e-05
0.5 -1.32563e-05
0.51 -1.40697e-05
0.52 -1.49361e-05
0.53 -1.58576e-05
0.54 -1.68354e-05
0.55 -1.78707e-05
0.56 -1.89639e-05
0.57 -2.01151e-05
0.58 -2.13241e-05
0.59 -2.25909e-05
0.6 -2.39152e-05
0.61 -2.52965e-05
0.62 -2.67341e-05
0.63 -2.82272e-05
0.64 -2.97748e-05
0.65 -3.13761e-05
0.66 -3.30303e-05
0.67 -3.47367e-05
0.68 -3.64952e-05
0.69 -3.83056e-05
0.7 -4.0168e-05
0.71 -4.20818e-05
0.72 -4.4046e-05
0.73 -4.60581e-05
0.74 -4.81134e-05
0.75 -5.02045e-05
0.76 -5.23211e-05
0.77 -5.44502e-05
0.78 -5.65774e-05
0.79 -5.8689e-05
0.8 -6.07736e-05
0.81 -6.28227e-05
0.82 -6.48303e-05
0.83 -6.67923e-05
0.84 -6.87061e-05
0.85 -7.0573e-05
0.86 -7.23967e-05
0.87 -7.41802e-05
0.88 -7.59211e-05
0.89 -7.7612e-05
0.9 -7.92416e-05
0.91 -8.07975e-05
0.92 -8.22668e-05
0.93 -8.36384e-05
0.94 -8.49053e-05
0.95 -8.60666e-05
0.96 -8.71276e-05
0.97 -8.80989e-05
0.98 -8.89921e-05
0.99 -8.98142e-05
1 -9.05659e-05
1.01 -9.1242e-05
1.02 -9.18319e-05
1.03 -9.232e-05
1.04 -9.26884e-05
1.05 -9.29192e-05
1.06 -9.29979e-05
1.07 -9.29148e-05
1.08 -9.26636e-05
1.09 -9.22389e-05
1.1 -9.16351e-05
1.11 -9.08478e-05
1.12 -8.98728e-05
1.13 -8.87043e-05
1.14 -8.73354e-05
1.15 -8.57593e-05
1.16 -8.39715e-05
1.17 -8.19722e-05
1.18 -7.97685e-05
1.19 -7.73727e-05
1.2 -7.47991e-05
1.21 -7.20651e-05
1.22 -6.9193e-05
1.23 -6.62067e-05
1.24 -6.31266e-05
1.25 -5.99616e-05
1.26 -5.67043e-05
1.27 -5.33361e-05
1.28 -4.98365e-05
1.29 -4.6186e-05
1.3 -4.23669e-05
1.31 -3.83682e-05
1.32 -3.4188e-05
1.33 -2.98309e-05
1.34 -2.53028e-05
1.35 -2.06071e-05
1.36 -1.57447e-05
1.37 -1.07139e-05
1.38 -5.51108e-06
1.39 -1.32012e-07
1.4 5.42624e-06
1.41 1.11621e-05
1.42 1.70659e-05
1.43 2.31151e-05
1.44 2.92712e-05
1.45 3.54771e-05
1.46 4.1659e-05
1.47 4.77328e-05
1.48 5.36107e-05
1.49 5.92031e-05
1.5 6.44213e-05
1.51 6.91827e-05
1.52 7.34128e-05
1.53 7.70527e-05
1.54 8.00665e-05
1.55 8.24498e-05
1.56 8.42314e-05
1.57 8.54645e-05
1.58 8.62177e-05
1.59 8.6569e-05
1.6 8.65926e-05
1.61 8.63529e-05
1.62 8.59068e-05
1.63 8.53034e-05
1.64 8.45837e-05
1.65 8.37814e-05
1.66 8.29202e-05
1.67 8.20126e-05
1.68 8.10615e-05
1.69 8.0066e-05
1.7 7.90255e-05
1.71 7.79394e-05
1.72 7.68075e-05
1.73 7.56329e-05
1.74 7.44248e-05
1.75 7.32028e-05
1.76 7.19922e-05
1.77 7.08165e-05
1.78 6.97023e-05
1.79 6.86841e-05
1.8 6.78023e-05
1.81 6.70982e-05
1.82 6.66135e-05
1.83 6.63891e-05
1.84 6.64542e-05
1.85 6.68209e-05
1.86 6.74892e-05
1.87 6.84559e-05
1.88 6.97212e-05
1.89 7.12891e-05
1.9 7.31675e-05
1.91 7.53685e-05
1.92 7.79079e-05
1.93 8.08034e-05
1.94 8.40614e-05
1.95 8.76605e-05
1.96 9.15511e-05
1.97 9.56601e-05
1.98 9.98959e-05
1.99 0.000104159
2 0.000108365
2.01 0.000112459
2.02 0.000116419
2.03 0.000120258
2.04 0.000124011
2.05 0.000127736
2.06 0.000131495
2.07 0.000135349
2.08 0.00013934
2.09 0.000143482
2.1 0.000147756
2.11 0.000152113
2.12 0.000156475
2.13 0.000160726
2.14 0.000164728
2.15 0.000168328
2.16 0.000171366
2.17 0.000173678
2.18 0.000175101
2.19 0.000175464
2.2 0.000174582
2.21 0.000172261
2.22 0.000168311
2.23 0.000162549
2.24 0.00015481
2.25 0.000144938
2.26 0.00013279
2.27 0.000118268
2.28 0.00010132
2.29 8.19281e-05
2.3 6.01084e-05
2.31 3.59075e-05
2.32 9.41147e-06
2.33 -1.92433e-05
2.34 -4.98643e-05
2.35 -8.22083e-05
2.36 -0.00011599
2.37 -0.000150895
2.38 -0.000186586
2.39 -0.000222705
2.4 -0.000258891
2.41 -0.000294818
2.42 -0.00033022
2.43 -0.000364868
2.44 -0.000398554
2.45 -0.000431088
2.46 -0.000462296
2.47 -0.000492031
2.48 -0.00052018
2.49 -0.000546646
2.5 -0.00057133
2.51 -0.000594118
2.52 -0.000614885
2.53 -0.000633501
2.54 -0.000649841
2.55 -0.000663778
2.56 -0.000675189
2.57 -0.000683984
2.58 -0.000690125
2.59 -0.000693631
2.6 -0.000694575
2.61 -0.000693063
2.62 -0.000689218
2.63 -0.000683158
2.64 -0.000674985
2.65 -0.000664783
2.66 -0.00065262
2.67 -0.000638551
2.68 -0.000622628
2.69 -0.000604913
2.7 -0.000585488
2.71 -0.000564437
2.72 -0.000541848
2.73 -0.000517812
2.74 -0.000492403
2.75 -0.000465673
2.76 -0.000437668
2.77 -0.000408433
2.78 -0.000377983
2.79 -0.000346299
2.8 -0.000313324
2.81 -0.000278976
2.82 -0.000243174
2.83 -0.000205871
2.84 -0.000167062
2.85 -0.000126779
2.86 -8.50914e-05
2.87 -4.21107e-05
2.88 1.99474e-06
2.89 4.70078e-05
2.9 9.2687e-05
2.91 0.000138775
2.92 0.000184998
2.93 0.000231072
2.94 0.000276721
2.95 0.000321674
2.96 0.000365683
2.97 0.000408546
2.98 0.00045012
2.99 0.00049031
3 0.000529058
3.01 0.000566329
3.02 0.000602091
3.03 0.0006363
3.04 0.00066889
3.05 0.000699765
3.06 0.000728795
3.07 0.000755809
3.08 0.000780601
3.09 0.000802946
3.1 0.00082263
3.11 0.000839482
3.12 0.000853391
3.13 0.000864318
3.14 0.000872288
3.15 0.000877357
3.16 0.000879602
3.17 0.000879128
3.18 0.000876058
3.19 0.000870523
3.2 0.000862635
3.21 0.0008525
3.22 0.000840255
3.23 0.000826081
3.24 0.000810199
3.25 0.000792864
3.26 0.000774352
3.27 0.000754976
3.28 0.000735102
3.29 0.000715113
3.3 0.000695377
3.31 0.000676267
3.32 0.000658157
3.33 0.000641378
3.34 0.000626171
3.35 0.000612658
3.36 0.000600834
3.37 0.000590568
3.38 0.000581625
3.39 0.000573666
3.4 0.00056626
3.41 0.000558906
3.42 0.00055106
3.43 0.000542179
3.44 0.000531734
3.45 0.000519223
3.46 0.000504178
3.47 0.000486211
3.48 0.000465058
3.49 0.000440601
3.5 0.00041286
3.51 0.000381977
3.52 0.000348209
3.53 0.000311911
3.54 0.000273498
3.55 0.0002334
3.56 0.000191998
3.57 0.000149617
3.58 0.000106567
3.59 6.3159e-05
3.6 1.96595e-05
3.61 -2.37261e-05
3.62 -6.68465e-05
3.63 -0.000109602
3.64 -0.000151952
3.65 -0.000193908
3.66 -0.00023554
3.67 -0.000276985
3.68 -0.00031845
3.69 -0.000360187
3.7 -0.000402445
3.71 -0.000445449
3.72 -0.000489424
3.73 -0.000534569
3.74 -0.000581027
3.75 -0.000628903
3.76 -0.000678271
3.77 -0.000729165
3.78 -0.000781578
3.79 -0.000835469
3.8 -0.000890757
3.81 -0.000947294
3.82 -0.00100488
3.83 -0.00106329
3.84 -0.00112226
3.85 -0.00118153
3.86 -0.00124085
3.87 -0.00130007
3.88 -0.00135911
3.89 -0.00141805
3.9 -0.00147703
3.91 -0.00153636
3.92 -0.00159642
3.93 -0.00165768
3.94 -0.00172066
3.95 -0.00178586
3.96 -0.00185379
3.97 -0.00192487
3.98 -0.00199942
3.99 -0.00207762
4 -0.00215948
4.01 -0.00224487
4.02 -0.00233351
4.03 -0.00242501
4.04 -0.00251886
4.05 -0.00261444
4.06 -0.00271099
4.07 -0.00280765
4.08 -0.00290341
4.09 -0.00299713
4.1 -0.00308762
4.11 -0.00317362
4.12 -0.003254
4.13 -0.00332775
4.14 -0.00339409
4.15 -0.00345249
4.16 -0.00350274
4.17 -0.00354497
4.18 -0.00357959
4.19 -0.00360722
4.2 -0.00362869
4.21 -0.00364497
4.22 -0.00365709
4.23 -0.00366603
4.24 -0.00367266
4.25 -0.00367775
4.26 -0.00368201
4.27 -0.00368606
4.28 -0.00369042
4.29 -0.00369544
4.3 -0.00370133
4.31 -0.00370816
4.32 -0.00371589
4.33 -0.00372436
4.34 -0.0037333
4.35 -0.00374227
4.36 -0.0037507
4.37 -0.00375791
4.38 -0.0037631
4.39 -0.00376544
4.4 -0.00376405
4.41 -0.00375799
4.42 -0.00374634
4.43 -0.00372815
4.44 -0.00370253
4.45 -0.00366865
4.46 -0.00362586
4.47 -0.0035737
4.48 -0.0035119
4.49 -0.00344037
4.5 -0.00335907
4.51 -0.00326803
4.52 -0.00316734
4.53 -0.00305726
4.54 -0.00293813
4.55 -0.00281043
4.56 -0.00267469
4.57 -0.00253155
4.58 -0.00238171
4.59 -0.00222595
4.6 -0.00206507
4.61 -0.0018999
4.62 -0.0017312
4.63 -0.00155971
4.64 -0.00138609
4.65 -0.00121095
4.66 -0.00103478
4.67 -0.000857982
4.68 -0.000680762
4.69 -0.000503218
4.7 -0.000325373
4.71 -0.000147246
4.72 3.11212e-05
4.73 0.000209678
4.74 0.000388347
4.75 0.000566962
4.76 0.000745264
4.77 0.000922945
4.78 0.00109967
4.79 0.00127508
4.8 0.00144884
4.81 0.00162052
4.82 0.00178967
4.83 0.00195583
4.84 0.00211856
4.85 0.00227737
4.86 0.00243174
4.87 0.00258119
4.88 0.00272532
4.89 0.00286375
4.9 0.00299611
4.91 0.00312213
4.92 0.00324157
4.93 0.00335425
4.94 0.00346005
4.95 0.00355882
4.96 0.0036505
4.97 0.00373505
4.98 0.00381251
4.99 0.00388299
5 0.00394663
5.01 0.00400363
5.02 0.00405409
5.03 0.00409804
5.04 0.00413539
5.05 0.00416593
5.06 0.00418936
5.07 0.00420519
5.08 0.00421287
5.09 0.0042118
5.1 0.00420135
5.11 0.00418084
5.12 0.00414962
5.13 0.00410715
5.14 0.00405296
5.15 0.00398675
5.16 0.0039084
5.17 0.00381805
5.18 0.00371604
5.19 0.00360287
5.2 0.00347919
5.21 0.0033458
5.22 0.00320359
5.23 0.00305347
5.24 0.00289633
5.25 0.00273306
5.26 0.00256458
5.27 0.00239191
5.28 0.00221608
5.29 0.00203817
5.3 0.00185917
5.31 0.00168009
5.32 0.00150181
5.33 0.0013251
5.34 0.00115046
5.35 0.000978219
5.36 0.000808467
5.37 0.000641009
5.38 0.000475395
5.39 0.000311033
5.4 0.000147275
5.41 -1.65392e-05
5.42 -0.000181049
5.43 -0.000346802
5.44 -0.000514196
5.45 -0.000683462
5.46 -0.000854669
5.47 -0.00102777
5.48 -0.00120265
5.49 -0.00137914
5.5 -0.00155701
5.51 -0.00173591
5.52 -0.00191542
5.53 -0.00209515
5.54 -0.00227467
5.55 -0.0024535
5.56 -0.00263116
5.57 -0.00280719
5.58 -0.00298122
5.59 -0.00315298
5.6 -0.00332219
5.61 -0.0034886
5.62 -0.00365188
5.63 -0.00381172
5.64 -0.00396776
5.65 -0.00411964
5.66 -0.00426703
5.67 -0.00440954
5.68 -0.00454678
5.69 -0.00467825
5.7 -0.00480343
5.71 -0.00492169
5.72 -0.00503234
5.73 -0.00513463
5.74 -0.00522784
5.75 -0.00531119
5.76 -0.00538397
5.77 -0.00544552
5.78 -0.0054953
5.79 -0.00553295
5.8 -0.00555828
5.81 -0.00557134
5.82 -0.0055724
5.83 -0.00556199
5.84 -0.00554086
5.85 -0.00550996
5.86 -0.00547034
5.87 -0.00542316
5.88 -0.0053696
5.89 -0.0053109
5.9 -0.00524824
5.91 -0.00518273
5.92 -0.00511534
5.93 -0.00504694
5.94 -0.00497822
5.95 -0.00490973
5.96 -0.00484175
5.97 -0.00477429
5.98 -0.00470704
5.99 -0.00463947
6 -0.00457085
6.01 -0.00450026
6.02 -0.00442673
6.03 -0.00434928
6.04 -0.00426688
6.05 -0.00417852
6.06 -0.00408325
6.07 -0.00398024
6.08 -0.00386889
6.09 -0.00374876
6.1 -0.00361956
6.11 -0.00348115
6.12 -0.00333352
6.13 -0.0031768
6.14 -0.00301121
6.15 -0.00283698
6.16 -0.00265429
6.17 -0.00246324
6.18 -0.00226371
6.19 -0.00205541
6.2 -0.00183793
6.21 -0.00161083
6.22 -0.0013736
6.23 -0.00112566
6.24 -0.000866469
6.25 -0.000595525
6.26 -0.000312356
6.27 -1.65172e-05
6.28 0.000292407
6.29 0.000614846
6.3 0.000951251
6.31 0.00130209
6.32 0.0016679
6.33 0.00204922
6.34 0.00244664
6.35 0.00286074
6.36 0.00329203
6.37 0.00374081
6.38 0.00420705
6.39 0.00469041
6.4 0.00519029
6.41 0.00570588
6.42 0.00623631
6.43 0.00678071
6.44 0.00733828
6.45 0.0079084
6.46 0.00849072
6.47 0.00908506
6.48 0.00969128
6.49 0.0103092
6.5 0.0109384
6.51 0.0115781
6.52 0.0122272
6.53 0.0128839
6.54 0.0135463
6.55 0.0142118
6.56 0.0148776
6.57 0.0155404
6.58 0.0161967
6.59 0.0168432
6.6 0.0174767
6.61 0.018094
6.62 0.0186927
6.63 0.0192706
6.64 0.0198257
6.65 0.0203566
6.66 0.0208617
6.67 0.0213396
6.68 0.0217887
6.69 0.0222076
6.7 0.022595
6.71 0.0229493
6.72 0.0232694
6.73 0.0235539
6.74 0.0238017
6.75 0.0240118
6.76 0.0241836
6.77 0.0243163
6.78 0.0244098
6.79 0.0244637
6.8 0.0244782
6.81 0.0244534
6.82 0.0243896
6.83 0.0242868
6.84 0.0241454
6.85 0.0239652
6.86 0.0237463
6.87 0.0234885
6.88 0.0231917
6.89 0.0228556
6.9 0.0224802
6.91 0.0220658
6.92 0.0216126
6.93 0.0211215
6.94 0.0205937
6.95 0.0200307
6.96 0.0194341
6.97 0.0188059
6.98 0.0181477
6.99 0.0174612
7 0.0167476
7.01 0.0160078
7.02 0.0152424
7.03 0.014452
7.04 0.0136371
7.05 0.0127982
7.06 0.0119364
7.07 0.011053
7.08 0.0101498
7.09 0.00922878
7.1 0.0082925
7.11 0.00734353
7.12 0.00638457
7.13 0.00541815
7.14 0.00444642
7.15 0.00347111
7.16 0.00249353
7.17 0.00151462
7.18 0.000535035
7.19 -0.000444715
7.2 -0.00142419
7.21 -0.0024029
7.22 -0.00338018
7.23 -0.00435506
7.24 -0.00532628
7.25 -0.00629226
7.26 -0.00725118
7.27 -0.0082011
7.28 -0.00914013
7.29 -0.0100665
7.3 -0.0109789
7.31 -0.011876
7.32 -0.012757
7.33 -0.0136215
7.34 -0.0144691
7.35 -0.0152995
7.36 -0.0161123
7.37 -0.0169068
7.38 -0.0176821
7.39 -0.0184369
7.4 -0.0191695
7.41 -0.0198783
7.42 -0.0205613
7.43 -0.0212167
7.44 -0.0218429
7.45 -0.0224388
7.46 -0.0230034
7.47 -0.0235363
7.48 -0.0240375
7.49 -0.0245074
7.5 -0.0249467
7.51 -0.0253566
7.52 -0.0257385
7.53 -0.0260937
7.54 -0.026424
7.55 -0.0267306
7.56 -0.0270149
7.57 -0.0272785
7.58 -0.0275226
7.59 -0.0277488
7.6 -0.0279586
7.61 -0.0281533
7.62 -0.0283343
7.63 -0.0285024
7.64 -0.0286581
7.65 -0.0288014
7.66 -0.0289317
7.67 -0.0290482
7.68 -0.0291491
7.69 -0.0292324
7.7 -0.0292953
7.71 -0.0293349
7.72 -0.0293481
7.73 -0.0293324
7.74 -0.0292853
7.75 -0.0292052
7.76 -0.029091
7.77 -0.0289417
7.78 -0.0287571
7.79 -0.0285371
7.8 -0.0282818
7.81 -0.027992
7.82 -0.0276685
7.83 -0.0273122
7.84 -0.0269247
7.85 -0.0265073
7.86 -0.0260618
7.87 -0.0255899
7.88 -0.0250934
7.89 -0.0245739
7.9 -0.0240331
7.91 -0.0234722
7.92 -0.0228925
7.93 -0.0222949
7.94 -0.0216799
7.95 -0.0210481
7.96 -0.0203996
7.97 -0.0197346
7.98 -0.0190529
7.99 -0.0183543
8 -0.0176387
8.01 -0.0169058
8.02 -0.0161558
8.03 -0.0153888
8.04 -0.0146052
8.05 -0.0138058
8.06 -0.0129917
8.07 -0.012164
8.08 -0.0113242
8.09 -0.0104741
8.1 -0.00961493
8.11 -0.0087482
8.12 -0.00787484
8.13 -0.00699548
8.14 -0.00611041
8.15 -0.00521962
8.16 -0.00432283
8.17 -0.00341957
8.18 -0.00250924
8.19 -0.00159124
8.2 -0.000665026
8.21 0.000269849
8.22 0.00121362
8.23 0.00216633
8.24 0.00312789
8.25 0.00409802
8.26 0.00507621
8.27 0.00606171
8.28 0.00705354
8.29 0.00805043
8.3 0.00905077
8.31 0.0100525
8.32 0.0110531
8.33 0.0120494
8.34 0.0130378
8.35 0.0140144
8.36 0.0149749
8.37 0.0159152
8.38 0.0168315
8.39 0.0177203
8.4 0.0185789
8.41 0.0194049
8.42 0.0201968
8.43 0.0209535
8.44 0.0216742
8.45 0.0223588
8.46 0.0230074
8.47 0.0236207
8.48 0.0241997
8.49 0.0247457
8.5 0.02526
8.51 0.0257441
8.52 0.0261995
8.53 0.0266272
8.54 0.0270279
8.55 0.0274021
8.56 0.0277496
8.57 0.0280702
8.58 0.0283634
8.59 0.0286287
8.6 0.0288655
8.61 0.0290732
8.62 0.0292516
8.63 0.0294005
8.64 0.0295202
8.65 0.0296111
8.66 0.0296744
8.67 0.029711
8.68 0.0297225
8.69 0.0297103
8.7 0.0296759
8.71 0.0296209
8.72 0.0295466
8.73 0.0294543
8.74 0.0293452
8.75 0.02922
8.76 0.0290793
8.77 0.0289235
8.78 0.0287523
8.79 0.0285655
8.8 0.0283623
8.81 0.0281418
8.82 0.0279028
8.83 0.0276441
8.84 0.0273646
8.85 0.0270633
8.86 0.0267394
8.87 0.0263923
8.88 0.0260217
8.89 0.0256272
8.9 0.0252091
8.91 0.0247678
8.92 0.0243038
8.93 0.0238182
8.94 0.0233116
8.95 0.0227852
8.96 0.0222396
8.97 0.0216758
8.98 0.0210943
8.99 0.0204959
9 0.0198809
9.01 0.0192494
9.02 0.0186014
9.03 0.0179365
9.04 0.017254
9.05 0.0165534
9.06 0.0158339
9.07 0.0150953
9.08 0.0143371
9.09 0.0135594
9.1 0.0127622
9.11 0.0119456
9.12 0.01111
9.13 0.0102554
9.14 0.00938223
9.15 0.00849074
9.16 0.00758143
9.17 0.00665506
9.18 0.00571275
9.19 0.00475609
9.2 0.00378712
9.21 0.00280841
9.22 0.00182309
9.23 0.000834774
9.24 -0.000152625
9.25 -0.00113511
9.26 -0.00210887
9.27 -0.00307043
9.28 -0.00401678
9.29 -0.00494549
9.3 -0.00585463
9.31 -0.00674253
9.32 -0.00760773
9.33 -0.00844887
9.34 -0.00926472
9.35 -0.0100541
9.36 -0.0108161
9.37 -0.0115495
9.38 -0.0122536
9.39 -0.0129275
9.4 -0.0135705
9.41 -0.0141823
9.42 -0.0147627
9.43 -0.0153119
9.44 -0.0158308
9.45 -0.0163206
9.46 -0.0167828
9.47 -0.0172193
9.48 -0.0176321
9.49 -0.0180228
9.5 -0.0183931
9.51 -0.0187442
9.52 -0.0190768
9.53 -0.0193914
9.54 -0.0196882
9.55 -0.0199674
9.56 -0.020229
9.57 -0.0204734
9.58 -0.020701
9.59 -0.0209125
9.6 -0.021109
9.61 -0.0212916
9.62 -0.0214613
9.63 -0.0216193
9.64 -0.0217661
9.65 -0.0219023
9.66 -0.0220278
9.67 -0.0221424
9.68 -0.0222455
9.69 -0.0223362
9.7 -0.0224135
9.71 -0.0224764
9.72 -0.0225238
9.73 -0.0225549
9.74 -0.022569
9.75 -0.0225659
9.76 -0.0225454
9.77 -0.0225078
9.78 -0.0224535
9.79 -0.0223832
9.8 -0.0222978
9.81 -0.0221985
9.82 -0.0220866
9.83 -0.0219635
9.84 -0.0218309
9.85 -0.0216906
9.86 -0.0215442
9.87 -0.0213935
9.88 -0.0212399
9.89 -0.0210849
9.9 -0.0209295
9.91 -0.0207748
9.92 -0.0206214
9.93 -0.0204694
9.94 -0.0203189
9.95 -0.0201695
9.96 -0.0200209
9.97 -0.0198724
9.98 -0.0197237
9.99 -0.0195744
10 -0.0194246
10.01 -0.0192744
10.02 -0.0191243
10.03 -0.0189749
10.04 -0.0188271
10.05 -0.0186815
10.06 -0.0185389
10.07 -0.0183996
10.08 -0.018264
10.09 -0.0181319
10.1 -0.0180034
10.11 -0.0178781
10.12 -0.0177556
10.13 -0.0176359
10.14 -0.0175188
10.15 -0.0174044
10.16 -0.017293
10.17 -0.0171848
10.18 -0.0170801
10.19 -0.0169789
10.2 -0.0168812
10.21 -0.0167867
10.22 -0.0166951
10.23 -0.0166059
10.24 -0.0165188
10.25 -0.0164331
10.26 -0.0163484
10.27 -0.0162644
10.28 -0.0161808
10.29 -0.0160974
10.3 -0.0160139
10.31 -0.0159302
10.32 -0.0158461
10.33 -0.0157611
10.34 -0.0156749
10.35 -0.015587
10.36 -0.0154971
10.37 -0.0154049
10.38 -0.01531
10.39 -0.0152118
10.4 -0.0151102
10.41 -0.0150045
10.42 -0.0148941
10.43 -0.0147782
10.44 -0.0146556
10.45 -0.0145253
10.46 -0.0143856
10.47 -0.0142353
10.48 -0.0140728
10.49 -0.013897
10.5 -0.0137069
10.51 -0.013502
10.52 -0.0132821
10.53 -0.0130472
10.54 -0.0127977
10.55 -0.012534
10.56 -0.0122568
10.57 -0.0119667
10.58 -0.0116643
10.59 -0.0113505
10.6 -0.0110259
10.61 -0.0106913
10.62 -0.0103476
10.63 -0.0099956
10.64 -0.00963641
10.65 -0.00927115
10.66 -0.00890107
10.67 -0.0085275
10.68 -0.00815176
10.69 -0.0077751
10.7 -0.00739861
10.71 -0.00702317
10.72 -0.00664948
10.73 -0.00627815
10.74 -0.00590962
10.75 -0.00554426
10.76 -0.0051824
10.77 -0.00482424
10.78 -0.00446991
10.79 -0.00411941
10.8 -0.00377266
10.81 -0.00342956
10.82 -0.00308994
10.83 -0.00275355
10.84 -0.00242011
10.85 -0.00208933
10.86 -0.00176099
10.87 -0.00143497
10.88 -0.00111127
10.89 -0.000789923
10.9 -0.000471041
10.91 -0.000154765
10.92 0.000158823
10.93 0.000469791
10.94 0.000778428
10.95 0.00108527
10.96 0.00139108
10.97 0.00169681
10.98 0.00200354
10.99 0.00231239
11 0.0026244
11.01 0.00294049
11.02 0.00326145
11.03 0.00358791
11.04 0.00392024
11.05 0.00425864
11.06 0.0046032
11.07 0.00495391
11.08 0.00531065
11.09 0.00567319
11.1 0.00604128
11.11 0.00641466
11.12 0.00679316
11.13 0.00717666
11.14 0.0075651
11.15 0.00795838
11.16 0.00835644
11.17 0.00875938
11.18 0.00916745
11.19 0.00958114
11.2 0.0100012
11.21 0.0104283
11.22 0.0108637
11.23 0.0113084
11.24 0.0117633
11.25 0.0122291
11.26 0.012706
11.27 0.0131936
11.28 0.0136912
11.29 0.0141979
11.3 0.0147123
11.31 0.0152333
11.32 0.0157597
11.33 0.0162901
11.34 0.0168237
11.35 0.0173598
11.36 0.017898
11.37 0.0184384
11.38 0.018981
11.39 0.019526
11.4 0.0200735
11.41 0.0206236
11.42 0.0211759
11.43 0.0217301
11.44 0.0222854
11.45 0.0228407
11.46 0.0233951
11.47 0.0239476
11.48 0.0244972
11.49 0.0250433
11.5 0.0255856
11.51 0.0261243
11.52 0.0266599
11.53 0.0271929
11.54 0.0277243
11.55 0.0282547
11.56 0.0287849
11.57 0.0293153
11.58 0.0298461
11.59 0.030377
11.6 0.0309079
11.61 0.0314385
11.62 0.0319686
11.63 0.0324981
11.64 0.0330266
11.65 0.0335541
11.66 0.0340803
11.67 0.034605
11.68 0.035128
11.69 0.0356489
11.7 0.0361673
11.71 0.0366823
11.72 0.0371931
11.73 0.0376983
11.74 0.0381966
11.75 0.0386869
11.76 0.0391675
11.77 0.0396363
11.78 0.0400906
11.79 0.0405273
11.8 0.040943
11.81 0.0413345
11.82 0.0416987
11.83 0.042033
11.84 0.0423349
11.85 0.0426024
11.86 0.0428337
11.87 0.0430272
11.88 0.0431813
11.89 0.0432944
11.9 0.0433652
11.91 0.0433924
11.92 0.0433748
11.93 0.0433112
11.94 0.0432008
11.95 0.0430427
11.96 0.0428364
11.97 0.042581
11.98 0.0422764
11.99 0.0419223
12 0.0415189
12.01 0.0410667
12.02 0.0405663
12.03 0.0400187
12.04 0.0394253
12.05 0.0387877
12.06 0.0381079
12.07 0.0373877
12.08 0.0366291
12.09 0.0358339
12.1 0.0350037
12.11 0.0341396
12.12 0.0332429
12.13 0.0323143
12.14 0.0313543
12.15 0.030363
12.16 0.0293403
12.17 0.0282861
12.18 0.0272001
12.19 0.0260821
12.2 0.0249319
12.21 0.0237495
12.22 0.0225348
12.23 0.0212881
12.24 0.0200098
12.25 0.0187001
12.26 0.0173597
12.27 0.0159894
12.28 0.0145903
12.29 0.0131635
12.3 0.0117103
12.31 0.0102324
12.32 0.00873145
12.33 0.00720962
12.34 0.00566928
12.35 0.00411301
12.36 0.00254359
12.37 0.000964062
12.38 -0.000622287
12.39 -0.00221199
12.4 -0.00380143
12.41 -0.00538693
12.42 -0.00696486
12.43 -0.00853174
12.44 -0.0100842
12.45 -0.011619
12.46 -0.0131328
12.47 -0.0146225
12.48 -0.0160845
12.49 -0.0175152
12.5 -0.0189104
12.51 -0.0202654
12.52 -0.0215752
12.53 -0.0228346
12.54 -0.0240384
12.55 -0.0251814
12.56 -0.0262588
12.57 -0.0272661
12.58 -0.0281994
12.59 -0.0290548
12.6 -0.0298287
12.61 -0.0305177
12.62 -0.0311186
12.63 -0.0316285
12.64 -0.0320455
12.65 -0.0323681
12.66 -0.0325951
12.67 -0.0327259
12.68 -0.0327598
12.69 -0.0326971
12.7 -0.0325382
12.71 -0.0322842
12.72 -0.0319366
12.73 -0.031497
12.74 -0.0309674
12.75 -0.0303497
12.76 -0.0296461
12.77 -0.0288587
12.78 -0.0279897
12.79 -0.027041
12.8 -0.0260151
12.81 -0.0249141
12.82 -0.0237406
12.83 -0.0224973
12.84 -0.0211869
12.85 -0.0198125
12.86 -0.0183768
12.87 -0.0168828
12.88 -0.0153331
12.89 -0.0137303
12.9 -0.0120766
12.91 -0.0103741
12.92 -0.00862511
12.93 -0.00683178
12.94 -0.00499647
12.95 -0.00312169
12.96 -0.00121011
12.97 0.000735436
12.98 0.00271203
12.99 0.00471667
13 0.0067463
13.01 0.0087979
13.02 0.0108686
13.03 0.0129558
13.04 0.0150569
13.05 0.0171694
13.06 0.0192909
13.07 0.0214186
13.08 0.0235497
13.09 0.0256811
13.1 0.0278094
13.11 0.0299309
13.12 0.0320419
13.13 0.0341385
13.14 0.0362168
13.15 0.0382734
13.16 0.0403047
13.17 0.0423078
13.18 0.0442805
13.19 0.0462223
13.2 0.0481333
13.21 0.0500133
13.22 0.0518625
13.23 0.0536806
13.24 0.0554677
13.25 0.0572235
13.26 0.0589478
13.27 0.0606402
13.28 0.0623004
13.29 0.0639277
13.3 0.0655214
13.31 0.0670808
13.32 0.0686048
13.33 0.0700922
13.34 0.0715415
13.35 0.0729515
13.36 0.0743207
13.37 0.0756479
13.38 0.0769319
13.39 0.0781718
13.4 0.0793668
13.41 0.0805162
13.42 0.0816199
13.43 0.0826776
13.44 0.0836894
13.45 0.0846558
13.46 0.0855774
13.47 0.086455
13.48 0.0872895
13.49 0.0880822
13.5 0.0888342
13.51 0.089547
13.52 0.0902218
13.53 0.0908601
13.54 0.0914636
13.55 0.0920339
13.56 0.0925727
13.57 0.0930817
13.58 0.0935627
13.59 0.0940171
13.6 0.0944461
13.61 0.0948507
13.62 0.095232
13.63 0.095591
13.64 0.0959284
13.65 0.0962453
13.66 0.0965425
13.67 0.0968209
13.68 0.0970814
13.69 0.0973246
13.7 0.0975511
13.71 0.0977612
13.72 0.0979552
13.73 0.0981331
13.74 0.0982945
13.75 0.098439
13.76 0.0985658
13.77 0.0986738
13.78 0.0987612
13.79 0.0988263
13.8 0.0988665
13.81 0.0988791
13.82 0.0988605
13.83 0.0988075
13.84 0.0987169
13.85 0.0985861
13.86 0.0984137
13.87 0.0981986
13.88 0.0979399
13.89 0.0976369
13.9 0.0972889
13.91 0.0968953
13.92 0.0964554
13.93 0.0959688
13.94 0.095435
13.95 0.0948535
13.96 0.0942238
13.97 0.0935458
13.98 0.0928192
13.99 0.092044
14 0.0912198
14.01 0.0903467
14.02 0.0894244
14.03 0.0884529
14.04 0.0874324
14.05 0.086363
14.06 0.085245
14.07 0.0840785
14.08 0.0828637
14.09 0.0816005
14.1 0.0802886
14.11 0.0789277
14.12 0.077517
14.13 0.0760555
14.14 0.0745421
14.15 0.0729753
14.16 0.0713532
14.17 0.0696742
14.18 0.0679364
14.19 0.0661382
14.2 0.0642782
14.21 0.0623551
14.22 0.0603673
14.23 0.0583138
14.24 0.0561932
14.25 0.0540041
14.26 0.0517454
14.27 0.0494156
14.28 0.0470138
14.29 0.0445389
14.3 0.0419905
14.31 0.0393684
14.32 0.0366729
14.33 0.033905
14.34 0.0310657
14.35 0.0281566
14.36 0.0251792
14.37 0.0221347
14.38 0.0190229
14.39 0.0158407
14.4 0.0125848
14.41 0.00925244
14.42 0.00584077
14.43 0.00234722
14.44 -0.00123059
14.45 -0.00489458
14.46 -0.00864612
14.47 -0.0124861
14.48 -0.0164151
14.49 -0.0204335
14.5 -0.0245414
14.51 -0.0287391
14.52 -0.0330268
14.53 -0.0374049
14.54 -0.0418739
14.55 -0.0464345
14.56 -0.0510873
14.57 -0.0558331
14.58 -0.0606725
14.59 -0.0656063
14.6 -0.0706351
14.61 -0.075759
14.62 -0.080978
14.63 -0.0862913
14.64 -0.0916974
14.65 -0.0971938
14.66 -0.102777
14.67 -0.108444
14.68 -0.11419
14.69 -0.12001
14.7 -0.125902
14.71 -0.131861
14.72 -0.137883
14.73 -0.143965
14.74 -0.150101
14.75 -0.156284
14.76 -0.162508
14.77 -0.168766
14.78 -0.17505
14.79 -0.181355
14.8 -0.187673
14.81 -0.193997
14.82 -0.200321
14.83 -0.206638
14.84 -0.212941
14.85 -0.219223
14.86 -0.225479
14.87 -0.231701
14.88 -0.237884
14.89 -0.24402
14.9 -0.250103
14.91 -0.256126
14.92 -0.262083
14.93 -0.267966
14.94 -0.273768
14.95 -0.279483
14.96 -0.285103
14.97 -0.290622
14.98 -0.296034
14.99 -0.301333
15 -0.306517
15.01 -0.311582
15.02 -0.316529
15.03 -0.321357
15.04 -0.326069
15.05 -0.330666
15.06 -0.335151
15.07 -0.339529
15.08 -0.343805
15.09 -0.347982
15.1 -0.352065
15.11 -0.356059
15.12 -0.359968
15.13 -0.363797
15.14 -0.367551
15.15 -0.371234
15.16 -0.374851
15.17 -0.378406
15.18 -0.381902
15.19 -0.385342
15.2 -0.388729
15.21 -0.392065
15.22 -0.395353
15.23 -0.398596
15.24 -0.401796
15.25 -0.404957
15.26 -0.408083
15.27 -0.411178
15.28 -0.414247
15.29 -0.417294
15.3 -0.420323
15.31 -0.423339
15.32 -0.426345
15.33 -0.429343
15.34 -0.432336
15.35 -0.435325
15.36 -0.438313
15.37 -0.441303
15.38 -0.444297
15.39 -0.447298
15.4 -0.450307
15.41 -0.453328
15.42 -0.456362
15.43 -0.45941
15.44 -0.462472
15.45 -0.465549
15.46 -0.468641
15.47 -0.471746
15.48 -0.474863
15.49 -0.47799
15.5 -0.481124
15.51 -0.48426
15.52 -0.487393
15.53 -0.490518
15.54 -0.49363
15.55 -0.496722
15.56 -0.499791
15.57 -0.502829
15.58 -0.505833
15.59 -0.508797
15.6 -0.511715
15.61 -0.514582
15.62 -0.517392
15.63 -0.520141
15.64 -0.522823
15.65 -0.525432
15.66 -0.527964
15.67 -0.530412
15.68 -0.532772
15.69 -0.535037
15.7 -0.537203
15.71 -0.539265
15.72 -0.541218
15.73 -0.543055
15.74 -0.544773
15.75 -0.546365
15.76 -0.547827
15.77 -0.549153
15.78 -0.550337
15.79 -0.551374
15.8 -0.55226
15.81 -0.552989
15.82 -0.553557
15.83 -0.553959
15.84 -0.554193
15.85 -0.554254
15.86 -0.554139
15.87 -0.553846
15.88 -0.553372
15.89 -0.552716
15.9 -0.551875
15.91 -0.55085
15.92 -0.549639
15.93 -0.548242
15.94 -0.546659
15.95 -0.54489
15.96 -0.542935
15.97 -0.540796
15.98 -0.538475
15.99 -0.535974
16 -0.533297
16.01 -0.530447
16.02 -0.52743
16.03 -0.524252
16.04 -0.52092
16.05 -0.517441
16.06 -0.513827
16.07 -0.510085
16.08 -0.506226
16.09 -0.502259
16.1 -0.498195
16.11 -0.494044
16.12 -0.489815
16.13 -0.485518
16.14 -0.481164
16.15 -0.476764
16.16 -0.472325
16.17 -0.467853
16.18 -0.463351
16.19 -0.458827
16.2 -0.454284
16.21 -0.449729
16.22 -0.445165
16.23 -0.440599
16.24 -0.436033
16.25 -0.431471
16.26 -0.426914
16.27 -0.422364
16.28 -0.417823
16.29 -0.41329
16.3 -0.408767
16.31 -0.404254
16.32 -0.39975
16.33 -0.395256
16.34 -0.390772
16.35 -0.386297
16.36 -0.381832
16.37 -0.377375
16.38 -0.372927
16.39 -0.368487
16.4 -0.364055
16.41 -0.35963
16.42 -0.355211
16.43 -0.350797
16.44 -0.34639
16.45 -0.341987
16.46 -0.337589
16.47 -0.333196
16.48 -0.328806
16.49 -0.324421
16.5 -0.320039
16.51 -0.315661
16.52 -0.311285
16.53 -0.306913
16.54 -0.302544
16.55 -0.298177
16.56 -0.293812
16.57 -0.289449
16.58 -0.285089
16.59 -0.280731
16.6 -0.276377
16.61 -0.272026
16.62 -0.267679
16.63 -0.263338
16.64 -0.259005
16.65 -0.254681
16.66 -0.250368
16.67 -0.24607
16.68 -0.241789
16.69 -0.237529
16.7 -0.233293
16.71 -0.229085
16.72 -0.224909
16.73 -0.220767
16.74 -0.216662
16.75 -0.212596
16.76 -0.20857
16.77 -0.204585
16.78 -0.200643
16.79 -0.196745
16.8 -0.19289
16.81 -0.18908
16.82 -0.185314
16.83 -0.181593
16.84 -0.177917
16.85 -0.174286
16.86 -0.170699
16.87 -0.167158
16.88 -0.163661
16.89 -0.160211
16.9 -0.156806
16.91 -0.153449
16.92 -0.15014
16.93 -0.14688
16.94 -0.143669
16.95 -0.140509
16.96 -0.137399
16.97 -0.134341
16.98 -0.131335
16.99 -0.128381
17 -0.125479
17.01 -0.122631
17.02 -0.119834
17.03 -0.117091
17.04 -0.114401
17.05 -0.111764
17.06 -0.109182
17.07 -0.106653
17.08 -0.104178
17.09 -0.101758
17.1 -0.099393
17.11 -0.0970824
17.12 -0.0948269
17.13 -0.0926268
17.14 -0.0904822
17.15 -0.0883934
17.16 -0.0863605
17.17 -0.0843837
17.18 -0.0824633
17.19 -0.0805994
17.2 -0.0787922
17.21 -0.0770418
17.22 -0.0753483
17.23 -0.0737117
17.24 -0.0721323
17.25 -0.0706101
17.26 -0.0691454
17.27 -0.0677386
17.28 -0.0663902
17.29 -0.0651007
17.3 -0.0638707
17.31 -0.0627009
17.32 -0.0615918
17.33 -0.0605442
17.34 -0.0595586
17.35 -0.0586359
17.36 -0.0577774
17.37 -0.0569842
17.38 -0.0562584
17.39 -0.0556021
17.4 -0.055018
17.41 -0.0545092
17.42 -0.0540793
17.43 -0.0537319
17.44 -0.0534708
17.45 -0.0532992
17.46 -0.0532197
17.47 -0.0532347
17.48 -0.0533458
17.49 -0.0535541
17.5 -0.0538605
17.51 -0.0542659
17.52 -0.054771
17.53 -0.0553765
17.54 -0.0560829
17.55 -0.0568906
17.56 -0.0577998
17.57 -0.0588101
17.58 -0.059921
17.59 -0.0611315
17.6 -0.0624401
17.61 -0.0638447
17.62 -0.0653427
17.63 -0.0669309
17.64 -0.0686057
17.65 -0.0703631
17.66 -0.0721983
17.67 -0.0741068
17.68 -0.0760832
17.69 -0.0781223
17.7 -0.0802186
17.71 -0.0823669
17.72 -0.0845622
17.73 -0.0867998
17.74 -0.0890753
17.75 -0.0913843
17.76 -0.0937221
17.77 -0.096084
17.78 -0.0984645
17.79 -0.100858
17.8 -0.103258
17.81 -0.105658
17.82 -0.108051
17.83 -0.110432
17.84 -0.112794
17.85 -0.11513
17.86 -0.117435
17.87 -0.119702
17.88 -0.121925
17.89 -0.1241
17.9 -0.126222
17.91 -0.128286
17.92 -0.130289
17.93 -0.132231
17.94 -0.134111
17.95 -0.135929
17.96 -0.137684
17.97 -0.139377
17.98 -0.141007
17.99 -0.142575
18 -0.144081
18.01 -0.145525
18.02 -0.146908
18.03 -0.14823
18.04 -0.149491
18.05 -0.150692
18.06 -0.151832
18.07 -0.152912
18.08 -0.153932
18.09 -0.154891
18.1 -0.155791
18.11 -0.156632
18.12 -0.157413
18.13 -0.158135
18.14 -0.158798
18.15 -0.159402
18.16 -0.159947
18.17 -0.160432
18.18 -0.160857
18.19 -0.161222
18.2 -0.161525
18.21 -0.161765
18.22 -0.161942
18.23 -0.162054
18.24 -0.1621
18.25 -0.162081
18.26 -0.161994
18.27 -0.16184
18.28 -0.161618
18.29 -0.161328
18.3 -0.16097
18.31 -0.160542
18.32 -0.160045
18.33 -0.159478
18.34 -0.158841
18.35 -0.158135
18.36 -0.157359
18.37 -0.156514
18.38 -0.155601
18.39 -0.15462
18.4 -0.153572
18.41 -0.152458
18.42 -0.151278
18.43 -0.150034
18.44 -0.148725
18.45 -0.147352
18.46 -0.145914
18.47 -0.144412
18.48 -0.142845
18.49 -0.141213
18.5 -0.139517
18.51 -0.137756
18.52 -0.13593
18.53 -0.134042
18.54 -0.132091
18.55 -0.130079
18.56 -0.128007
18.57 -0.125879
18.58 -0.123695
18.59 -0.121457
18.6 -0.119169
18.61 -0.116832
18.62 -0.114448
18.63 -0.112021
18.64 -0.109551
18.65 -0.107042
18.66 -0.104495
18.67 -0.101915
18.68 -0.0993041
18.69 -0.0966665
18.7 -0.0940073
18.71 -0.0913322
18.72 -0.0886481
18.73 -0.0859623
18.74 -0.0832813
18.75 -0.0806097
18.76 -0.0779515
18.77 -0.075311
18.78 -0.0726927
18.79 -0.0701008
18.8 -0.0675397
18.81 -0.0650138
18.82 -0.0625278
18.83 -0.060086
18.84 -0.0576933
18.85 -0.0553541
18.86 -0.0530734
18.87 -0.0508558
18.88 -0.0487061
18.89 -0.0466288
18.9 -0.0446281
18.91 -0.042708
18.92 -0.0408715
18.93 -0.0391212
18.94 -0.0374592
18.95 -0.0358871
18.96 -0.0344063
18.97 -0.0330183
18.98 -0.0317248
18.99 -0.0305275
19 -0.0294286
19.01 -0.0284305
19.02 -0.0275361
19.03 -0.0267484
19.04 -0.0260705
19.05 -0.0255055
19.06 -0.0250561
19.07 -0.0247245
19.08 -0.024513
19.09 -0.024423
19.1 -0.024456
19.11 -0.0246132
19.12 -0.0248959
19.13 -0.0253056
19.14 -0.0258436
19.15 -0.0265112
19.16 -0.0273095
19.17 -0.0282388
19.18 -0.0292989
19.19 -0.0304882
19.2 -0.0318047
19.21 -0.033245
19.22 -0.0348051
19.23 -0.0364804
19.24 -0.0382661
19.25 -0.040157
19.26 -0.0421486
19.27 -0.044237
19.28 -0.0464186
19.29 -0.0486903
19.3 -0.0510484
19.31 -0.0534893
19.32 -0.0560086
19.33 -0.0586016
19.34 -0.0612632
19.35 -0.0639876
19.36 -0.0667686
19.37 -0.0695995
19.38 -0.0724736
19.39 -0.0753841
19.4 -0.0783245
19.41 -0.081288
19.42 -0.0842679
19.43 -0.0872574
19.44 -0.0902499
19.45 -0.0932386
19.46 -0.0962169
19.47 -0.0991783
19.48 -0.102117
19.49 -0.105029
19.5 -0.107913
19.51 -0.110764
19.52 -0.113582
19.53 -0.116364
19.54 -0.119107
19.55 -0.121811
19.56 -0.124474
19.57 -0.127097
19.58 -0.129678
19.59 -0.132217
19.6 -0.134715
19.61 -0.137171
19.62 -0.139585
19.63 -0.141959
19.64 -0.144291
19.65 -0.146583
19.66 -0.148835
19.67 -0.151046
19.68 -0.153219
19.69 -0.155353
19.7 -0.157449
19.71 -0.159508
19.72 -0.161532
19.73 -0.16352
19.74 -0.165474
19.75 -0.167395
19.76 -0.169284
19.77 -0.17114
19.78 -0.172965
19.79 -0.174757
19.8 -0.176517
19.81 -0.178245
19.82 -0.179941
19.83 -0.181605
19.84 -0.183238
19.85 -0.184841
19.86 -0.186413
19.87 -0.187956
19.88 -0.189471
19.89 -0.190958
19.9 -0.192419
19.91 -0.193855
19.92 -0.195265
19.93 -0.19665
19.94 -0.198011
19.95 -0.199348
19.96 -0.20066
19.97 -0.20195
19.98 -0.203217
19.99 -0.204462
20 -0.205687
20.01 -0.206893
20.02 -0.208081
20.03 -0.209252
20.04 -0.210407
20.05 -0.211547
20.06 -0.212671
20.07 -0.213778
20.08 -0.214868
20.09 -0.215939
20.1 -0.216988
20.11 -0.218013
20.12 -0.219012
20.13 -0.219982
20.14 -0.220921
20.15 -0.221827
20.16 -0.222696
20.17 -0.223528
20.18 -0.224319
20.19 -0.225069
20.2 -0.225775
20.21 -0.226437
20.22 -0.227054
20.23 -0.227624
20.24 -0.228148
20.25 -0.228623
20.26 -0.22905
20.27 -0.229427
20.28 -0.229754
20.29 -0.230031
20.3 -0.230258
20.31 -0.230435
20.32 -0.230562
20.33 -0.23064
20.34 -0.230669
20.35 -0.23065
20.36 -0.230584
20.37 -0.23047
20.38 -0.230309
20.39 -0.230101
20.4 -0.229844
20.41 -0.229539
20.42 -0.229183
20.43 -0.228776
20.44 -0.228316
20.45 -0.227801
20.46 -0.227231
20.47 -0.226604
20.48 -0.225919
20.49 -0.225175
20.5 -0.224371
20.51 -0.223506
20.52 -0.222579
20.53 -0.221589
20.54 -0.220535
20.55 -0.219416
20.56 -0.218232
20.57 -0.216981
20.58 -0.215665
20.59 -0.214282
20.6 -0.212836
20.61 -0.211326
20.62 -0.209755
20.63 -0.208126
20.64 -0.20644
20.65 -0.204701
20.66 -0.202911
20.67 -0.201072
20.68 -0.199187
20.69 -0.19726
20.7 -0.195291
20.71 -0.193285
20.72 -0.191242
20.73 -0.189166
20.74 -0.187059
20.75 -0.184924
20.76 -0.182762
20.77 -0.180577
20.78 -0.17837
20.79 -0.176144
20.8 -0.173901
20.81 -0.171641
20.82 -0.169368
20.83 -0.16708
20.84 -0.164778
20.85 -0.162463
20.86 -0.160136
20.87 -0.157798
20.88 -0.15545
20.89 -0.153092
20.9 -0.150725
20.91 -0.148348
20.92 -0.145959
20.93 -0.14356
20.94 -0.141148
20.95 -0.138724
20.96 -0.136288
20.97 -0.133839
20.98 -0.131378
20.99 -0.128906
21 -0.126424
21.01 -0.123933
21.02 -0.121435
21.03 -0.118932
21.04 -0.116428
21.05 -0.113924
21.06 -0.111423
21.07 -0.108927
21.08 -0.106439
21.09 -0.103962
21.1 -0.101498
21.11 -0.0990482
21.12 -0.0966157
21.13 -0.0942017
21.14 -0.0918075
21.15 -0.0894342
21.16 -0.0870825
21.17 -0.0847535
21.18 -0.0824479
21.19 -0.0801666
21.2 -0.0779103
21.21 -0.0756799
21.22 -0.0734763
21.23 -0.0713001
21.24 -0.0691522
21.25 -0.0670332
21.26 -0.0649437
21.27 -0.0628839
21.28 -0.0608539
21.29 -0.0588536
21.3 -0.0568826
21.31 -0.0549405
21.32 -0.0530271
21.33 -0.051142
21.34 -0.0492852
21.35 -0.0474568
21.36 -0.0456571
21.37 -0.0438867
21.38 -0.0421465
21.39 -0.0404374
21.4 -0.0387608
21.41 -0.0371181
21.42 -0.0355112
21.43 -0.0339416
21.44 -0.0324113
21.45 -0.0309217
21.46 -0.0294745
21.47 -0.0280709
21.48 -0.0267122
21.49 -0.0253995
21.5 -0.024134
21.51 -0.0229169
21.52 -0.0217494
21.53 -0.0206326
21.54 -0.0195675
21.55 -0.0185551
21.56 -0.0175966
21.57 -0.0166931
21.58 -0.0158457
21.59 -0.015056
21.6 -0.0143256
21.61 -0.0136562
21.62 -0.0130493
21.63 -0.0125064
21.64 -0.0120287
21.65 -0.011617
21.66 -0.0112719
21.67 -0.0109935
21.68 -0.0107819
21.69 -0.010637
21.7 -0.0105586
21.71 -0.0105467
21.72 -0.0106011
21.73 -0.0107218
21.74 -0.0109082
21.75 -0.0111596
21.76 -0.0114751
21.77 -0.0118533
21.78 -0.0122927
21.79 -0.0127914
21.8 -0.0133476
21.81 -0.0139593
21.82 -0.014625
21.83 -0.0153432
21.84 -0.0161127
21.85 -0.0169324
21.86 -0.0178016
21.87 -0.0187196
21.88 -0.0196858
21.89 -0.0207
21.9 -0.0217615
21.91 -0.02287
21.92 -0.0240247
21.93 -0.0252247
21.94 -0.0264689
21.95 -0.0277558
21.96 -0.029084
21.97 -0.0304523
21.98 -0.0318594
21.99 -0.0333046
22 -0.0347874
22.01 -0.0363077
22.02 -0.0378655
22.03 -0.0394612
22.04 -0.0410949
22.05 -0.0427663
22.06 -0.0444745
22.07 -0.0462178
22.08 -0.0479939
22.09 -0.0498003
22.1 -0.0516341
22.11 -0.0534922
22.12 -0.0553714
22.13 -0.0572683
22.14 -0.0591796
22.15 -0.0611023
22.16 -0.0630331
22.17 -0.0649693
22.18 -0.0669081
22.19 -0.0688469
22.2 -0.0707832
22.21 -0.0727141
22.22 -0.0746369
22.23 -0.0765484
22.24 -0.0784455
22.25 -0.080325
22.26 -0.0821834
22.27 -0.0840176
22.28 -0.0858243
22.29 -0.0876013
22.3 -0.0893479
22.31 -0.0910641
22.32 -0.0927501
22.33 -0.0944064
22.34 -0.0960338
22.35 -0.0976331
22.36 -0.0992052
22.37 -0.100751
22.38 -0.102272
22.39 -0.103768
22.4 -0.10524
22.41 -0.106688
22.42 -0.108113
22.43 -0.109515
22.44 -0.110893
22.45 -0.112248
22.46 -0.113578
22.47 -0.114884
22.48 -0.116165
22.49 -0.117419
22.5 -0.118644
22.51 -0.11984
22.52 -0.121005
22.53 -0.122136
22.54 -0.123231
22.55 -0.124287
22.56 -0.125304
22.57 -0.126277
22.58 -0.127206
22.59 -0.128087
22.6 -0.128917
22.61 -0.129695
22.62 -0.130419
22.63 -0.131085
22.64 -0.131692
22.65 -0.132238
22.66 -0.132721
22.67 -0.13314
22.68 -0.133494
22.69 -0.133783
22.7 -0.134005
22.71 -0.13416
22.72 -0.134248
22.73 -0.134266
22.74 -0.134215
22.75 -0.134092
22.76 -0.133898
22.77 -0.133631
22.78 -0.133292
22.79 -0.132879
22.8 -0.132393
22.81 -0.131834
22.82 -0.131201
22.83 -0.130496
22.84 -0.129718
22.85 -0.128867
22.86 -0.127946
22.87 -0.126954
22.88 -0.125892
22.89 -0.124762
22.9 -0.123564
22.91 -0.122302
22.92 -0.120976
22.93 -0.11959
22.94 -0.118144
22.95 -0.116644
22.96 -0.11509
22.97 -0.113487
22.98 -0.111838
22.99 -0.110146
23 -0.108413
23.01 -0.106643
23.02 -0.104837
23.03 -0.102996
23.04 -0.101123
23.05 -0.0992197
23.06 -0.0972867
23.07 -0.0953259
23.08 -0.0933395
23.09 -0.0913296
23.1 -0.0892989
23.11 -0.0872501
23.12 -0.085186
23.13 -0.0831094
23.14 -0.0810231
23.15 -0.0789298
23.16 -0.0768322
23.17 -0.074733
23.18 -0.0726348
23.19 -0.0705402
23.2 -0.0684516
23.21 -0.0663714
23.22 -0.0643018
23.23 -0.0622453
23.24 -0.0602042
23.25 -0.058181
23.26 -0.0561768
23.27 -0.0541913
23.28 -0.0522239
23.29 -0.0502744
23.3 -0.0483422
23.31 -0.046427
23.32 -0.0445281
23.33 -0.0426451
23.34 -0.0407775
23.35 -0.038925
23.36 -0.0370871
23.37 -0.0352639
23.38 -0.0334553
23.39 -0.0316615
23.4 -0.029883
23.41 -0.0281205
23.42 -0.026375
23.43 -0.0246475
23.44 -0.0229394
23.45 -0.0212522
23.46 -0.0195874
23.47 -0.0179467
23.48 -0.0163311
23.49 -0.0147418
23.5 -0.0131794
23.51 -0.0116446
23.52 -0.0101378
23.53 -0.00865953
23.54 -0.00721012
23.55 -0.00578993
23.56 -0.00439926
23.57 -0.00303832
23.58 -0.00170722
23.59 -0.000405968
23.6 0.000865488
23.61 0.00210723
23.62 0.00331941
23.63 0.0045023
23.64 0.00565623
23.65 0.00678167
23.66 0.0078791
23.67 0.00894898
23.68 0.00999163
23.69 0.0110073
23.7 0.0119959
23.71 0.0129574
23.72 0.0138915
23.73 0.0147978
23.74 0.0156756
23.75 0.016524
23.76 0.0173419
23.77 0.0181277
23.78 0.0188795
23.79 0.0195952
23.8 0.0202722
23.81 0.0209079
23.82 0.0214998
23.83 0.0220454
23.84 0.0225423
23.85 0.0229882
23.86 0.0233808
23.87 0.0237177
23.88 0.0239969
23.89 0.024216
23.9 0.0243728
23.91 0.0244649
23.92 0.0244896
23.93 0.0244442
23.94 0.0243262
23.95 0.0241331
23.96 0.0238629
23.97 0.0235139
23.98 0.0230847
23.99 0.0225747
24 0.0219839
24.01 0.0213129
24.02 0.0205625
24.03 0.0197342
24.04 0.0188301
24.05 0.0178528
24.06 0.0168057
24.07 0.015693
24.08 0.0145191
24.09 0.0132884
24.1 0.0120056
24.11 0.0106752
24.12 0.00930128
24.13 0.00788772
24.14 0.00643785
24.15 0.00495451
24.16 0.00343998
24.17 0.00189622
24.18 0.000325036
24.19 -0.00127181
24.2 -0.0028926
24.21 -0.00453571
24.22 -0.0061996
24.23 -0.00788281
24.24 -0.00958398
24.25 -0.0113018
24.26 -0.013035
24.27 -0.0147825
24.28 -0.0165433
24.29 -0.0183167
24.3 -0.0201022
24.31 -0.0218994
24.32 -0.0237081
24.33 -0.0255277
24.34 -0.0273573
24.35 -0.0291954
24.36 -0.03104
24.37 -0.0328886
24.38 -0.0347386
24.39 -0.0365873
24.4 -0.0384315
24.41 -0.0402683
24.42 -0.0420948
24.43 -0.0439083
24.44 -0.0457062
24.45 -0.0474861
24.46 -0.0492457
24.47 -0.0509827
24.48 -0.0526954
24.49 -0.0543834
24.5 -0.0560467
24.51 -0.0576847
24.52 -0.059297
24.53 -0.0608832
24.54 -0.0624431
24.55 -0.0639764
24.56 -0.0654831
24.57 -0.0669633
24.58 -0.0684173
24.59 -0.0698454
24.6 -0.0712483
24.61 -0.0726262
24.62 -0.0739798
24.63 -0.0753093
24.64 -0.0766154
24.65 -0.0778983
24.66 -0.0791579
24.67 -0.0803941
24.68 -0.0816065
24.69 -0.0827945
24.7 -0.0839572
24.71 -0.0850936
24.72 -0.0862027
24.73 -0.0872834
24.74 -0.0883347
24.75 -0.0893552
24.76 -0.0903439
24.77 -0.0912993
24.78 -0.0922204
24.79 -0.0931059
24.8 -0.0939551
24.81 -0.0947672
24.82 -0.0955416
24.83 -0.0962781
24.84 -0.0969763
24.85 -0.0976363
24.86 -0.0982581
24.87 -0.0988419
24.88 -0.099388
24.89 -0.0998967
24.9 -0.100369
24.91 -0.100805
24.92 -0.101207
24.93 -0.101576
24.94 -0.101913
24.95 -0.102219
24.96 -0.102495
24.97 -0.102744
24.98 -0.102967
24.99 -0.103165
25 -0.103338
