0.01 3.17771e-09
0.02 1.53152e-08
0.03 3.78506e-08
0.04 6.84699e-08
0.05 1.04904e-07
0.06 1.44951e-07
0.07 1.86489e-07
0.08 2.27477e-07
0.09 2.65934e-07
0.1 2.99939e-07
0.11 3.27652e-07
0.12 3.47314e-07
0.13 3.57209e-07
0.14 3.55607e-07
0.15 3.40752e-07
0.16 3.10918e-07
0.17 2.64457e-07
0.18 1.99813e-07
0.19 1.1553e-07
0.2 1.0266e-08
0.21 -1.17198e-07
0.22 -2.67952e-07
0.23 -4.42969e-07
0.24 -6.43112e-07
0.25 -8.69178e-07
0.26 -1.12195e-06
0.27 -1.40224e-06
0.28 -1.71075e-06
0.29 -2.04782e-06
0.3 -2.41333e-06
0.31 -2.80661e-06
0.32 -3.22648e-06
0.33 -3.67095e-06
0.34 -4.13721e-06
0.35 -4.62184e-06
0.36 -5.12108e-06
0.37 -5.63089e-06
0.38 -6.14763e-06
0.39 -6.66875e-06
0.4 -7.19342e-06
0.41 -7.72284e-06
0.42 -8.25981e-06
0.43 -8.8081e-06
0.44 -9.37256e-06
0.45 -9.95891e-06
0.46 -1.05734e-05
0.47 -1.12221e-05
0.48 -1.19108e-05
0.49 -1.26442e-05
0.5 -1.34263e-05
0.51 -1.42603e-05
0.52 -1.5149e-05
0.53 -1.60945e-05
0.54 -1.70982e-05
0.55 -1.81612e-05
0.56 -1.92841e-05
0.57 -2.04671e-05
0.58 -2.17103e-05
0.59 -2.30135e-05
0.6 -2.43768e-05
0.61 -2.57996e-05
0.62 -2.72814e-05
0.63 -2.88216e-05
0.64 -3.04193e-05
0.65 -3.20739e-05
0.66 -3.37845e-05
0.67 -3.55509e-05
0.68 -3.73729e-05
0.69 -3.92505e-05
0.7 -4.11839e-05
0.71 -4.31728e-05
0.72 -4.52163e-05
0.73 -4.7312e-05
0.74 -4.94552e-05
0.75 -5.1639e-05
0.76 -5.3853e-05
0.77 -5.60845e-05
0.78 -5.83191e-05
0.79 -6.05432e-05
0.8 -6.27457e-05
0.81 -6.49181e-05
0.82 -6.70546e-05
0.83 -6.91509e-05
0.84 -7.12047e-05
0.85 -7.32174e-05
0.86 -7.51927e-05
0.87 -7.71335e-05
0.88 -7.90376e-05
0.89 -8.08974e-05
0.9 -8.27019e-05
0.91 -8.44385e-05
0.92 -8.60942e-05
0.93 -8.76579e-05
0.94 -8.91226e-05
0.95 -9.04873e-05
0.96 -9.1757e-05
0.97 -9.29423e-05
0.98 -9.40548e-05
0.99 -9.51011e-05
1 -9.60818e-05
1.01 -9.69917e-05
1.02 -9.78197e-05
1.03 -9.85501e-05
1.04 -9.91648e-05
1.05 -9.96457e-05
1.06 -9.99779e-05
1.07 -0.000100151
1.08 -0.00010016
1.09 -9.99968e-05
1.1 -9.96568e-05
1.11 -9.91351e-05
1.12 -9.8427e-05
1.13 -9.75261e-05
1.14 -9.64251e-05
1.15 -9.51167e-05
1.16 -9.35959e-05
1.17 -9.18623e-05
1.18 -8.99225e-05
1.19 -8.77882e-05
1.2 -8.54729e-05
1.21 -8.29937e-05
1.22 -8.03719e-05
1.23 -7.76311e-05
1.24 -7.47909e-05
1.25 -7.18596e-05
1.26 -6.88291e-05
1.27 -6.56801e-05
1.28 -6.23915e-05
1.29 -5.89432e-05
1.3 -5.53168e-05
1.31 -5.15006e-05
1.32 -4.7492e-05
1.33 -4.32949e-05
1.34 -3.89144e-05
1.35 -3.43533e-05
1.36 -2.96117e-05
1.37 -2.46872e-05
1.38 -1.95756e-05
1.39 -1.42717e-05
1.4 -8.77197e-06
1.41 -3.07717e-06
1.42 2.80359e-06
1.43 8.84872e-06
1.44 1.50203e-05
1.45 2.1262e-05
1.46 2.75007e-05
1.47 3.36527e-05
1.48 3.96311e-05
1.49 4.53465e-05
1.5 5.07109e-05
1.51 5.56419e-05
1.52 6.00653e-05
1.53 6.39222e-05
1.54 6.71769e-05
1.55 6.98247e-05
1.56 7.18945e-05
1.57 7.34389e-05
1.58 7.45265e-05
1.59 7.52346e-05
1.6 7.5637e-05
1.61 7.57975e-05
1.62 7.57727e-05
1.63 7.56108e-05
1.64 7.53521e-05
1.65 7.50298e-05
1.66 7.46669e-05
1.67 7.42752e-05
1.68 7.38566e-05
1.69 7.34098e-05
1.7 7.29333e-05
1.71 7.24254e-05
1.72 7.18856e-05
1.73 7.13157e-05
1.74 7.07243e-05
1.75 7.013e-05
1.76 6.95573e-05
1.77 6.90288e-05
1.78 6.85702e-05
1.79 6.82153e-05
1.8 6.80034e-05
1.81 6.79751e-05
1.82 6.81713e-05
1.83 6.86321e-05
1.84 6.93859e-05
1.85 7.04443e-05
1.86 7.18063e-05
1.87 7.34684e-05
1.88 7.54301e-05
1.89 7.76947e-05
1.9 8.02698e-05
1.91 8.3167e-05
1.92 8.64015e-05
1.93 8.99909e-05
1.94 9.39411e-05
1.95 9.82304e-05
1.96 0.000102809
1.97 0.000107604
1.98 0.000112522
1.99 0.000117466
2 0.000122349
2.01 0.000127116
2.02 0.000131748
2.03 0.000136253
2.04 0.000140669
2.05 0.000145052
2.06 0.000149465
2.07 0.000153969
2.08 0.000158605
2.09 0.000163386
2.1 0.000168294
2.11 0.000173281
2.12 0.000178266
2.13 0.000183135
2.14 0.000187749
2.15 0.000191956
2.16 0.000195593
2.17 0.000198499
2.18 0.000200509
2.19 0.000201451
2.2 0.000201139
2.21 0.000199379
2.22 0.000195979
2.23 0.000190756
2.24 0.000183541
2.25 0.000174178
2.26 0.000162522
2.27 0.000148472
2.28 0.000131972
2.29 0.000113003
2.3 9.15778e-05
2.31 6.77386e-05
2.32 4.1568e-05
2.33 1.31985e-05
2.34 -1.71813e-05
2.35 -4.93327e-05
2.36 -8.29749e-05
2.37 -0.000117797
2.38 -0.000153468
2.39 -0.000189632
2.4 -0.000225933
2.41 -0.000262051
2.42 -0.000297721
2.43 -0.00033272
2.44 -0.000366843
2.45 -0.000399902
2.46 -0.000431726
2.47 -0.000462173
2.48 -0.000491131
2.49 -0.000518504
2.5 -0.000544195
2.51 -0.000568093
2.52 -0.000590072
2.53 -0.000610003
2.54 -0.000627763
2.55 -0.000643221
2.56 -0.000656257
2.57 -0.000666778
2.58 -0.000674744
2.59 -0.000680173
2.6 -0.000683134
2.61 -0.000683733
2.62 -0.000682087
2.63 -0.000678312
2.64 -0.000672505
2.65 -0.000664747
2.66 -0.0006551
2.67 -0.000643615
2.68 -0.000630339
2.69 -0.000615329
2.7 -0.000598659
2.71 -0.00058041
2.72 -0.000560662
2.73 -0.000539501
2.74 -0.000516993
2.75 -0.000493184
2.76 -0.000468114
2.77 -0.00044182
2.78 -0.000414311
2.79 -0.000385559
2.8 -0.000355502
2.81 -0.000324047
2.82 -0.000291109
2.83 -0.000256632
2.84 -0.000220602
2.85 -0.000183044
2.86 -0.00014402
2.87 -0.000103632
2.88 -6.20415e-05
2.89 -1.94562e-05
2.9 2.38899e-05
2.91 6.77476e-05
2.92 0.000111851
2.93 0.000155924
2.94 0.000199697
2.95 0.000242908
2.96 0.000285315
2.97 0.000326721
2.98 0.000366992
2.99 0.000406038
3 0.000443805
3.01 0.000480264
3.02 0.000515389
3.03 0.000549139
3.04 0.000581451
3.05 0.000612234
3.06 0.000641361
3.07 0.000668663
3.08 0.000693936
3.09 0.000716956
3.1 0.00073751
3.11 0.000755429
3.12 0.0007706
3.13 0.000782984
3.14 0.000792605
3.15 0.000799515
3.16 0.000803791
3.17 0.000805532
3.18 0.000804861
3.19 0.000801903
3.2 0.000796765
3.21 0.000789548
3.22 0.000780386
3.23 0.000769451
3.24 0.00075696
3.25 0.00074316
3.26 0.000728321
3.27 0.00071275
3.28 0.000696804
3.29 0.000680861
3.3 0.00066528
3.31 0.000650427
3.32 0.00063667
3.33 0.000624331
3.34 0.000613645
3.35 0.000604729
3.36 0.000597567
3.37 0.000592026
3.38 0.000587862
3.39 0.00058473
3.4 0.000582194
3.41 0.000579745
3.42 0.000576833
3.43 0.000572909
3.44 0.000567437
3.45 0.000559908
3.46 0.000549846
3.47 0.000536856
3.48 0.000520665
3.49 0.000501146
3.5 0.000478311
3.51 0.000452292
3.52 0.000423338
3.53 0.000391791
3.54 0.00035806
3.55 0.000322562
3.56 0.00028567
3.57 0.000247697
3.58 0.000208945
3.59 0.000169714
3.6 0.000130261
3.61 9.07828e-05
3.62 5.1421e-05
3.63 1.22661e-05
3.64 -2.66492e-05
3.65 -6.53458e-05
3.66 -0.0001039
3.67 -0.000142459
3.68 -0.000181236
3.69 -0.000220492
3.7 -0.000260482
3.71 -0.000301438
3.72 -0.000343593
3.73 -0.000387151
3.74 -0.000432265
3.75 -0.000479044
3.76 -0.00052757
3.77 -0.000577882
3.78 -0.000629981
3.79 -0.000683832
3.8 -0.00073936
3.81 -0.000796422
3.82 -0.000854825
3.83 -0.000914346
3.84 -0.000974736
3.85 -0.00103573
3.86 -0.00109709
3.87 -0.00115865
3.88 -0.00122037
3.89 -0.00128229
3.9 -0.0013446
3.91 -0.00140757
3.92 -0.00147161
3.93 -0.00153719
3.94 -0.00160481
3.95 -0.001675
3.96 -0.00174825
3.97 -0.00182499
3.98 -0.00190556
3.99 -0.00199011
4 -0.00207867
4.01 -0.00217111
4.02 -0.00226716
4.03 -0.00236642
4.04 -0.0024684
4.05 -0.00257245
4.06 -0.00267785
4.07 -0.00278371
4.08 -0.00288903
4.09 -0.00299269
4.1 -0.00309347
4.11 -0.00319013
4.12 -0.00328151
4.13 -0.00336662
4.14 -0.00344468
4.15 -0.00351513
4.16 -0.00357777
4.17 -0.00363271
4.18 -0.00368034
4.19 -0.00372128
4.2 -0.00375635
4.21 -0.00378651
4.22 -0.00381275
4.23 -0.00383606
4.24 -0.00385729
4.25 -0.00387718
4.26 -0.00389644
4.27 -0.00391567
4.28 -0.00393536
4.29 -0.00395585
4.3 -0.00397734
4.31 -0.00399989
4.32 -0.00402342
4.33 -0.00404778
4.34 -0.00407265
4.35 -0.00409761
4.36 -0.00412206
4.37 -0.00414529
4.38 -0.0041665
4.39 -0.00418484
4.4 -0.00419939
4.41 -0.00420924
4.42 -0.0042134
4.43 -0.00421092
4.44 -0.0042009
4.45 -0.00418249
4.46 -0.004155
4.47 -0.00411794
4.48 -0.00407105
4.49 -0.00401419
4.5 -0.0039473
4.51 -0.00387037
4.52 -0.0037835
4.53 -0.00368688
4.54 -0.00358085
4.55 -0.00346583
4.56 -0.00334235
4.57 -0.00321101
4.58 -0.00307248
4.59 -0.0029275
4.6 -0.00277685
4.61 -0.00262132
4.62 -0.00246167
4.63 -0.00229857
4.64 -0.00213267
4.65 -0.00196454
4.66 -0.00179467
4.67 -0.00162341
4.68 -0.00145095
4.69 -0.00127736
4.7 -0.00110264
4.71 -0.000926795
4.72 -0.000749833
4.73 -0.000571787
4.74 -0.000392716
4.75 -0.000212767
4.76 -3.21808e-05
4.77 0.000148752
4.78 0.000329706
4.79 0.000510349
4.8 0.000690342
4.81 0.000869282
4.82 0.00104671
4.83 0.0012222
4.84 0.0013953
4.85 0.00156553
4.86 0.00173236
4.87 0.00189533
4.88 0.00205403
4.89 0.00220808
4.9 0.00235712
4.91 0.00250084
4.92 0.00263902
4.93 0.00277146
4.94 0.00289802
4.95 0.00301857
4.96 0.00313299
4.97 0.00324124
4.98 0.00334334
4.99 0.00343938
5 0.00352948
5.01 0.00361381
5.02 0.00369244
5.03 0.00376538
5.04 0.00383251
5.05 0.00389358
5.06 0.00394825
5.07 0.00399601
5.08 0.00403628
5.09 0.00406841
5.1 0.00409172
5.11 0.0041055
5.12 0.00410906
5.13 0.00410181
5.14 0.00408323
5.15 0.00405297
5.16 0.00401087
5.17 0.003957
5.18 0.00389167
5.19 0.0038153
5.2 0.00372849
5.21 0.00363199
5.22 0.00352663
5.23 0.00341326
5.24 0.00329271
5.25 0.0031658
5.26 0.0030334
5.27 0.00289646
5.28 0.00275598
5.29 0.00261293
5.3 0.00246829
5.31 0.00232298
5.32 0.00217784
5.33 0.00203357
5.34 0.00189063
5.35 0.00174928
5.36 0.00160958
5.37 0.00147126
5.38 0.00133383
5.39 0.00119665
5.4 0.00105903
5.41 0.000920263
5.42 0.00077966
5.43 0.000636634
5.44 0.000490745
5.45 0.000341721
5.46 0.000189453
5.47 3.39531e-05
5.48 -0.000124702
5.49 -0.000286388
5.5 -0.000450893
5.51 -0.000617903
5.52 -0.000787044
5.53 -0.000957934
5.54 -0.00113017
5.55 -0.00130332
5.56 -0.00147691
5.57 -0.0016505
5.58 -0.00182375
5.59 -0.00199638
5.6 -0.00216817
5.61 -0.00233883
5.62 -0.00250808
5.63 -0.0026756
5.64 -0.00284104
5.65 -0.00300405
5.66 -0.00316428
5.67 -0.00332135
5.68 -0.00347486
5.69 -0.00362433
5.7 -0.00376919
5.71 -0.00390882
5.72 -0.0040425
5.73 -0.00416948
5.74 -0.004289
5.75 -0.00440028
5.76 -0.00450256
5.77 -0.00459515
5.78 -0.0046775
5.79 -0.00474919
5.8 -0.00481
5.81 -0.00485993
5.82 -0.00489921
5.83 -0.00492833
5.84 -0.00494798
5.85 -0.00495905
5.86 -0.00496255
5.87 -0.00495957
5.88 -0.00495124
5.89 -0.00493874
5.9 -0.00492318
5.91 -0.00490561
5.92 -0.00488695
5.93 -0.00486798
5.94 -0.00484934
5.95 -0.00483151
5.96 -0.00481472
5.97 -0.00479889
5.98 -0.00478367
5.99 -0.00476844
6 -0.00475241
6.01 -0.00473459
6.02 -0.00471396
6.03 -0.00468946
6.04 -0.00465998
6.05 -0.00462446
6.06 -0.00458187
6.07 -0.00453132
6.08 -0.00447212
6.09 -0.00440377
6.1 -0.00432592
6.11 -0.00423834
6.12 -0.00414095
6.13 -0.00403381
6.14 -0.00391707
6.15 -0.00379088
6.16 -0.00365536
6.17 -0.00351052
6.18 -0.00335618
6.19 -0.00319197
6.2 -0.00301741
6.21 -0.002832
6.22 -0.00263513
6.23 -0.00242618
6.24 -0.00220451
6.25 -0.00196957
6.26 -0.00172081
6.27 -0.00145772
6.28 -0.0011798
6.29 -0.000886566
6.3 -0.000577493
6.31 -0.000252041
6.32 9.03796e-05
6.33 0.000450398
6.34 0.000828657
6.35 0.0012258
6.36 0.00164241
6.37 0.00207885
6.38 0.00253516
6.39 0.00301105
6.4 0.003506
6.41 0.00401926
6.42 0.00455001
6.43 0.00509744
6.44 0.00566082
6.45 0.00623959
6.46 0.00683343
6.47 0.00744223
6.48 0.0080659
6.49 0.00870431
6.5 0.00935709
6.51 0.0100235
6.52 0.0107024
6.53 0.0113922
6.54 0.0120909
6.55 0.0127961
6.56 0.0135048
6.57 0.0142138
6.58 0.0149197
6.59 0.0156192
6.6 0.016309
6.61 0.0169861
6.62 0.0176479
6.63 0.0182922
6.64 0.0189172
6.65 0.0195212
6.66 0.0201028
6.67 0.0206604
6.68 0.0211924
6.69 0.0216975
6.7 0.0221741
6.71 0.0226207
6.72 0.023036
6.73 0.0234187
6.74 0.0237674
6.75 0.0240813
6.76 0.0243593
6.77 0.0246008
6.78 0.0248054
6.79 0.0249727
6.8 0.0251028
6.81 0.0251955
6.82 0.025251
6.83 0.0252694
6.84 0.0252505
6.85 0.0251942
6.86 0.0251005
6.87 0.0249689
6.88 0.0247991
6.89 0.0245907
6.9 0.0243435
6.91 0.0240574
6.92 0.0237327
6.93 0.02337
6.94 0.0229702
6.95 0.0225347
6.96 0.0220648
6.97 0.0215623
6.98 0.0210287
6.99 0.0204652
7 0.0198731
7.01 0.0192529
7.02 0.0186051
7.03 0.0179299
7.04 0.0172277
7.05 0.0164988
7.06 0.015744
7.07 0.0149644
7.08 0.0141615
7.09 0.0133373
7.1 0.012494
7.11 0.011634
7.12 0.0107598
7.13 0.00987362
7.14 0.00897753
7.15 0.00807305
7.16 0.00716129
7.17 0.00624302
7.18 0.00531872
7.19 0.00438874
7.2 0.00345337
7.21 0.00251292
7.22 0.00156795
7.23 0.000619256
7.24 -0.000332006
7.25 -0.00128439
7.26 -0.00223618
7.27 -0.00318555
7.28 -0.00413071
7.29 -0.00507
7.3 -0.00600204
7.31 -0.00692574
7.32 -0.00784036
7.33 -0.00874544
7.34 -0.00964067
7.35 -0.0105258
7.36 -0.0114003
7.37 -0.0122637
7.38 -0.0131149
7.39 -0.0139528
7.4 -0.0147755
7.41 -0.0155814
7.42 -0.0163685
7.43 -0.0171349
7.44 -0.017879
7.45 -0.0185994
7.46 -0.0192953
7.47 -0.0199662
7.48 -0.0206117
7.49 -0.0212323
7.5 -0.0218286
7.51 -0.0224015
7.52 -0.0229522
7.53 -0.0234822
7.54 -0.0239927
7.55 -0.0244849
7.56 -0.0249602
7.57 -0.0254197
7.58 -0.0258646
7.59 -0.0262961
7.6 -0.0267156
7.61 -0.0271243
7.62 -0.0275232
7.63 -0.027913
7.64 -0.0282938
7.65 -0.0286655
7.66 -0.0290273
7.67 -0.0293779
7.68 -0.0297155
7.69 -0.0300377
7.7 -0.0303415
7.71 -0.0306237
7.72 -0.0308811
7.73 -0.0311106
7.74 -0.0313097
7.75 -0.0314764
7.76 -0.0316092
7.77 -0.0317071
7.78 -0.0317694
7.79 -0.0317957
7.8 -0.0317859
7.81 -0.0317405
7.82 -0.0316597
7.83 -0.0315446
7.84 -0.031396
7.85 -0.0312153
7.86 -0.0310037
7.87 -0.0307627
7.88 -0.0304938
7.89 -0.0301983
7.9 -0.0298775
7.91 -0.0295325
7.92 -0.0291642
7.93 -0.0287731
7.94 -0.0283596
7.95 -0.0279239
7.96 -0.0274659
7.97 -0.0269854
7.98 -0.0264821
7.99 -0.0259554
8 -0.0254049
8.01 -0.0248303
8.02 -0.0242313
8.03 -0.0236079
8.04 -0.0229603
8.05 -0.022289
8.06 -0.0215947
8.07 -0.0208786
8.08 -0.020142
8.09 -0.0193862
8.1 -0.0186125
8.11 -0.0178222
8.12 -0.0170161
8.13 -0.0161946
8.14 -0.0153578
8.15 -0.0145057
8.16 -0.0136377
8.17 -0.0127535
8.18 -0.0118521
8.19 -0.0109331
8.2 -0.00999558
8.21 -0.00903922
8.22 -0.00806367
8.23 -0.00706883
8.24 -0.00605476
8.25 -0.0050217
8.26 -0.00397014
8.27 -0.00290083
8.28 -0.00181474
8.29 -0.000713169
8.3 0.000402267
8.31 0.00152949
8.32 0.00266587
8.33 0.00380823
8.34 0.00495289
8.35 0.00609579
8.36 0.00723268
8.37 0.00835931
8.38 0.00947168
8.39 0.0105662
8.4 0.01164
8.41 0.0126906
8.42 0.0137162
8.43 0.0147156
8.44 0.0156877
8.45 0.0166322
8.46 0.0175491
8.47 0.0184387
8.48 0.0193018
8.49 0.0201394
8.5 0.0209526
8.51 0.0217426
8.52 0.0225105
8.53 0.023257
8.54 0.0239826
8.55 0.0246873
8.56 0.0253707
8.57 0.0260321
8.58 0.0266709
8.59 0.027286
8.6 0.0278766
8.61 0.0284417
8.62 0.0289805
8.63 0.0294927
8.64 0.029978
8.65 0.0304367
8.66 0.0308691
8.67 0.0312762
8.68 0.0316589
8.69 0.0320182
8.7 0.0323554
8.71 0.0326714
8.72 0.0329673
8.73 0.0332439
8.74 0.0335019
8.75 0.0337418
8.76 0.0339638
8.77 0.0341675
8.78 0.0343527
8.79 0.0345184
8.8 0.0346636
8.81 0.0347869
8.82 0.0348869
8.83 0.0349619
8.84 0.0350103
8.85 0.0350309
8.86 0.0350225
8.87 0.034984
8.88 0.0349148
8.89 0.0348143
8.9 0.0346822
8.91 0.0345187
8.92 0.0343241
8.93 0.0340988
8.94 0.0338434
8.95 0.0335586
8.96 0.0332449
8.97 0.0329028
8.98 0.0325327
8.99 0.032135
9 0.0317098
9.01 0.0312569
9.02 0.0307761
9.03 0.0302667
9.04 0.0297279
9.05 0.0291589
9.06 0.0285588
9.07 0.027927
9.08 0.0272631
9.09 0.0265669
9.1 0.0258383
9.11 0.0250774
9.12 0.0242841
9.13 0.0234586
9.14 0.0226011
9.15 0.0217118
9.16 0.0207912
9.17 0.0198399
9.18 0.018859
9.19 0.01785
9.2 0.0168151
9.21 0.0157567
9.22 0.014678
9.23 0.0135826
9.24 0.0124745
9.25 0.0113578
9.26 0.0102362
9.27 0.00911342
9.28 0.00799252
9.29 0.00687606
9.3 0.00576612
9.31 0.00466448
9.32 0.00357281
9.33 0.00249263
9.34 0.00142539
9.35 0.000372435
9.36 -0.000664931
9.37 -0.00168548
9.38 -0.00268805
9.39 -0.00367154
9.4 -0.00463497
9.41 -0.00557763
9.42 -0.00649907
9.43 -0.00739925
9.44 -0.00827854
9.45 -0.00913781
9.46 -0.0099783
9.47 -0.0108014
9.48 -0.0116088
9.49 -0.0124016
9.5 -0.0131812
9.51 -0.0139481
9.52 -0.0147029
9.53 -0.0154455
9.54 -0.0161757
9.55 -0.0168932
9.56 -0.0175975
9.57 -0.0182886
9.58 -0.0189664
9.59 -0.0196312
9.6 -0.0202835
9.61 -0.0209239
9.62 -0.0215531
9.63 -0.0221715
9.64 -0.0227795
9.65 -0.0233768
9.66 -0.0239632
9.67 -0.0245378
9.68 -0.0250995
9.69 -0.025647
9.7 -0.0261788
9.71 -0.0266933
9.72 -0.0271891
9.73 -0.0276648
9.74 -0.0281193
9.75 -0.0285519
9.76 -0.0289619
9.77 -0.0293492
9.78 -0.0297137
9.79 -0.0300557
9.8 -0.0303757
9.81 -0.0306744
9.82 -0.0309526
9.83 -0.0312114
9.84 -0.0314521
9.85 -0.031676
9.86 -0.0318844
9.87 -0.0320787
9.88 -0.03226
9.89 -0.0324293
9.9 -0.0325875
9.91 -0.0327351
9.92 -0.0328724
9.93 -0.0329994
9.94 -0.0331159
9.95 -0.0332212
9.96 -0.0333145
9.97 -0.0333952
9.98 -0.0334626
9.99 -0.0335161
10 -0.0335557
10.01 -0.0335812
10.02 -0.0335929
10.03 -0.0335914
10.04 -0.0335774
10.05 -0.0335514
10.06 -0.033514
10.07 -0.0334656
10.08 -0.0334063
10.09 -0.0333361
10.1 -0.0332548
10.11 -0.0331622
10.12 -0.0330579
10.13 -0.0329417
10.14 -0.0328136
10.15 -0.0326737
10.16 -0.0325224
10.17 -0.0323599
10.18 -0.0321866
10.19 -0.0320027
10.2 -0.0318083
10.21 -0.0316032
10.22 -0.0313873
10.23 -0.0311602
10.24 -0.0309218
10.25 -0.0306716
10.26 -0.0304095
10.27 -0.0301354
10.28 -0.0298491
10.29 -0.0295508
10.3 -0.0292404
10.31 -0.0289181
10.32 -0.0285839
10.33 -0.0282378
10.34 -0.0278796
10.35 -0.0275093
10.36 -0.0271269
10.37 -0.0267322
10.38 -0.0263254
10.39 -0.0259063
10.4 -0.025475
10.41 -0.0250312
10.42 -0.0245748
10.43 -0.0241052
10.44 -0.0236219
10.45 -0.0231239
10.46 -0.0226103
10.47 -0.0220799
10.48 -0.0215319
10.49 -0.0209654
10.5 -0.0203799
10.51 -0.0197753
10.52 -0.0191518
10.53 -0.0185098
10.54 -0.0178502
10.55 -0.0171738
10.56 -0.0164817
10.57 -0.0157749
10.58 -0.0150545
10.59 -0.0143217
10.6 -0.0135777
10.61 -0.0128236
10.62 -0.0120606
10.63 -0.0112902
10.64 -0.0105137
10.65 -0.00973267
10.66 -0.00894879
10.67 -0.00816376
10.68 -0.00737932
10.69 -0.0065971
10.7 -0.00581857
10.71 -0.00504499
10.72 -0.00427745
10.73 -0.00351691
10.74 -0.00276419
10.75 -0.00202001
10.76 -0.00128505
10.77 -0.00055986
10.78 0.000155102
10.79 0.000859507
10.8 0.0015531
10.81 0.00223569
10.82 0.00290712
10.83 0.00356736
10.84 0.0042164
10.85 0.00485425
10.86 0.00548088
10.87 0.00609613
10.88 0.00669977
10.89 0.00729153
10.9 0.00787107
10.91 0.00843804
10.92 0.00899215
10.93 0.00953328
10.94 0.0100615
10.95 0.0105773
10.96 0.0110812
10.97 0.011574
10.98 0.0120566
10.99 0.0125302
11 0.0129955
11.01 0.0134535
11.02 0.0139049
11.03 0.0143501
11.04 0.0147896
11.05 0.0152235
11.06 0.0156519
11.07 0.0160747
11.08 0.0164918
11.09 0.0169031
11.1 0.0173083
11.11 0.0177072
11.12 0.0180996
11.13 0.0184856
11.14 0.0188652
11.15 0.0192383
11.16 0.019605
11.17 0.0199655
11.18 0.0203202
11.19 0.0206697
11.2 0.021015
11.21 0.021357
11.22 0.0216969
11.23 0.022036
11.24 0.0223755
11.25 0.0227163
11.26 0.0230587
11.27 0.0234026
11.28 0.0237476
11.29 0.024093
11.3 0.0244377
11.31 0.0247809
11.32 0.0251216
11.33 0.0254589
11.34 0.0257921
11.35 0.0261208
11.36 0.026445
11.37 0.0267651
11.38 0.0270815
11.39 0.0273946
11.4 0.027705
11.41 0.0280129
11.42 0.0283186
11.43 0.0286218
11.44 0.0289223
11.45 0.0292193
11.46 0.0295122
11.47 0.0298004
11.48 0.0300832
11.49 0.0303605
11.5 0.0306324
11.51 0.0308993
11.52 0.031162
11.53 0.0314217
11.54 0.0316795
11.55 0.0319364
11.56 0.0321937
11.57 0.032452
11.58 0.0327119
11.59 0.0329736
11.6 0.0332371
11.61 0.0335027
11.62 0.0337704
11.63 0.0340404
11.64 0.0343128
11.65 0.0345879
11.66 0.0348656
11.67 0.0351462
11.68 0.0354296
11.69 0.0357159
11.7 0.0360049
11.71 0.0362961
11.72 0.0365889
11.73 0.0368822
11.74 0.0371748
11.75 0.037465
11.76 0.0377508
11.77 0.0380297
11.78 0.0382987
11.79 0.0385544
11.8 0.0387932
11.81 0.0390115
11.82 0.0392061
11.83 0.0393739
11.84 0.0395125
11.85 0.0396196
11.86 0.0396932
11.87 0.0397318
11.88 0.0397336
11.89 0.039697
11.9 0.0396208
11.91 0.0395037
11.92 0.0393445
11.93 0.0391425
11.94 0.0388966
11.95 0.0386063
11.96 0.0382709
11.97 0.03789
11.98 0.0374633
11.99 0.0369907
12 0.0364724
12.01 0.0359089
12.02 0.0353009
12.03 0.0346495
12.04 0.033956
12.05 0.0332222
12.06 0.0324499
12.07 0.031641
12.08 0.0307975
12.09 0.0299212
12.1 0.0290135
12.11 0.0280757
12.12 0.0271089
12.13 0.0261138
12.14 0.0250908
12.15 0.0240399
12.16 0.0229611
12.17 0.021854
12.18 0.0207183
12.19 0.0195538
12.2 0.0183601
12.21 0.017137
12.22 0.0158845
12.23 0.0146026
12.24 0.0132915
12.25 0.0119515
12.26 0.0105831
12.27 0.00918685
12.28 0.00776367
12.29 0.00631457
12.3 0.00484075
12.31 0.00334358
12.32 0.00182469
12.33 0.000286
12.34 -0.00127029
12.35 -0.00284178
12.36 -0.00442586
12.37 -0.00601968
12.38 -0.00762014
12.39 -0.00922394
12.4 -0.0108277
12.41 -0.0124278
12.42 -0.014021
12.43 -0.0156038
12.44 -0.0171731
12.45 -0.0187257
12.46 -0.0202586
12.47 -0.0217687
12.48 -0.0232528
12.49 -0.0247072
12.5 -0.0261279
12.51 -0.0275104
12.52 -0.0288498
12.53 -0.030141
12.54 -0.0313789
12.55 -0.0325584
12.56 -0.0336747
12.57 -0.0347236
12.58 -0.035701
12.59 -0.0366032
12.6 -0.0374266
12.61 -0.0381678
12.62 -0.0388236
12.63 -0.0393912
12.64 -0.0398682
12.65 -0.0402526
12.66 -0.0405428
12.67 -0.0407376
12.68 -0.0408363
12.69 -0.0408388
12.7 -0.0407457
12.71 -0.0405578
12.72 -0.0402765
12.73 -0.0399033
12.74 -0.03944
12.75 -0.0388884
12.76 -0.0382505
12.77 -0.0375283
12.78 -0.0367236
12.79 -0.0358384
12.8 -0.0348748
12.81 -0.0338347
12.82 -0.0327206
12.83 -0.0315349
12.84 -0.0302802
12.85 -0.0289591
12.86 -0.0275744
12.87 -0.0261286
12.88 -0.0246242
12.89 -0.0230635
12.9 -0.0214484
12.91 -0.019781
12.92 -0.018063
12.93 -0.0162966
12.94 -0.0144838
12.95 -0.0126269
12.96 -0.0107282
12.97 -0.00879044
12.98 -0.00681623
12.99 -0.00480835
13 -0.00276963
13.01 -0.00070285
13.02 0.00138936
13.03 0.00350454
13.04 0.00564039
13.05 0.00779463
13.06 0.00996493
13.07 0.0121488
13.08 0.0143436
13.09 0.0165463
13.1 0.0187538
13.11 0.0209625
13.12 0.0231688
13.13 0.0253689
13.14 0.0275592
13.15 0.0297362
13.16 0.0318965
13.17 0.0340373
13.18 0.0361557
13.19 0.0382492
13.2 0.0403154
13.21 0.0423522
13.22 0.0443571
13.23 0.0463287
13.24 0.0482665
13.25 0.0501707
13.26 0.0520408
13.27 0.0538766
13.28 0.0556777
13.29 0.0574434
13.3 0.0591731
13.31 0.060866
13.32 0.062521
13.33 0.0641369
13.34 0.0657124
13.35 0.0672461
13.36 0.0687365
13.37 0.0701824
13.38 0.0715826
13.39 0.0729363
13.4 0.0742426
13.41 0.075501
13.42 0.0767111
13.43 0.0778728
13.44 0.0789862
13.45 0.0800517
13.46 0.0810699
13.47 0.0820416
13.48 0.0829679
13.49 0.0838498
13.5 0.0846886
13.51 0.0854857
13.52 0.0862424
13.53 0.0869602
13.54 0.0876407
13.55 0.0882855
13.56 0.0888964
13.57 0.0894751
13.58 0.0900233
13.59 0.0905425
13.6 0.0910338
13.61 0.0914983
13.62 0.0919371
13.63 0.0923511
13.64 0.0927412
13.65 0.0931083
13.66 0.0934532
13.67 0.093777
13.68 0.0940805
13.69 0.0943643
13.7 0.094629
13.71 0.0948749
13.72 0.0951023
13.73 0.0953112
13.74 0.0955013
13.75 0.0956721
13.76 0.0958228
13.77 0.0959523
13.78 0.096059
13.79 0.0961408
13.8 0.0961956
13.81 0.0962202
13.82 0.0962115
13.83 0.0961659
13.84 0.0960803
13.85 0.0959523
13.86 0.0957802
13.87 0.0955629
13.88 0.0952996
13.89 0.0949895
13.9 0.0946319
13.91 0.0942262
13.92 0.0937716
13.93 0.0932677
13.94 0.0927138
13.95 0.0921096
13.96 0.0914545
13.97 0.0907483
13.98 0.0899906
13.99 0.0891813
14 0.0883202
14.01 0.087407
14.02 0.0864416
14.03 0.0854239
14.04 0.0843538
14.05 0.0832316
14.06 0.0820574
14.07 0.0808313
14.08 0.0795533
14.09 0.0782233
14.1 0.0768409
14.11 0.0754058
14.12 0.0739169
14.13 0.0723734
14.14 0.0707739
14.15 0.0691168
14.16 0.0674003
14.17 0.0656225
14.18 0.0637816
14.19 0.0618757
14.2 0.0599035
14.21 0.0578632
14.22 0.0557536
14.23 0.0535733
14.24 0.0513208
14.25 0.0489948
14.26 0.0465937
14.27 0.0441162
14.28 0.0415611
14.29 0.0389273
14.3 0.0362141
14.31 0.0334214
14.32 0.0305492
14.33 0.0275983
14.34 0.0245698
14.35 0.021465
14.36 0.0182852
14.37 0.0150317
14.38 0.0117055
14.39 0.00830751
14.4 0.00483775
14.41 0.00129421
14.42 -0.00232596
14.43 -0.00602541
14.44 -0.00980652
14.45 -0.0136713
14.46 -0.017621
14.47 -0.0216567
14.48 -0.025779
14.49 -0.0299882
14.5 -0.0342844
14.51 -0.0386681
14.52 -0.0431394
14.53 -0.0476987
14.54 -0.0523467
14.55 -0.057084
14.56 -0.0619113
14.57 -0.0668292
14.58 -0.0718387
14.59 -0.0769403
14.6 -0.0821347
14.61 -0.0874223
14.62 -0.0928028
14.63 -0.0982755
14.64 -0.103839
14.65 -0.109491
14.66 -0.115228
14.67 -0.121046
14.68 -0.126941
14.69 -0.13291
14.7 -0.138947
14.71 -0.14505
14.72 -0.151214
14.73 -0.157437
14.74 -0.163711
14.75 -0.170031
14.76 -0.176391
14.77 -0.182782
14.78 -0.189198
14.79 -0.195633
14.8 -0.202079
14.81 -0.20853
14.82 -0.214979
14.83 -0.221419
14.84 -0.227844
14.85 -0.234247
14.86 -0.240621
14.87 -0.246961
14.88 -0.253259
14.89 -0.259509
14.9 -0.265705
14.91 -0.271839
14.92 -0.277904
14.93 -0.283895
14.94 -0.289803
14.95 -0.295623
14.96 -0.301346
14.97 -0.306966
14.98 -0.312477
14.99 -0.317875
15 -0.323155
15.01 -0.328315
15.02 -0.333355
15.03 -0.338275
15.04 -0.343076
15.05 -0.347761
15.06 -0.352333
15.07 -0.356796
15.08 -0.361155
15.09 -0.365413
15.1 -0.369576
15.11 -0.373648
15.12 -0.377633
15.13 -0.381537
15.14 -0.385363
15.15 -0.389117
15.16 -0.392803
15.17 -0.396425
15.18 -0.399987
15.19 -0.403491
15.2 -0.40694
15.21 -0.410336
15.22 -0.413683
15.23 -0.416982
15.24 -0.420238
15.25 -0.423452
15.26 -0.42663
15.27 -0.429774
15.28 -0.432891
15.29 -0.435984
15.3 -0.439059
15.31 -0.442117
15.32 -0.445164
15.33 -0.448202
15.34 -0.451232
15.35 -0.454257
15.36 -0.457279
15.37 -0.460302
15.38 -0.463327
15.39 -0.466357
15.4 -0.469394
15.41 -0.472441
15.42 -0.475499
15.43 -0.47857
15.44 -0.481653
15.45 -0.48475
15.46 -0.487859
15.47 -0.490981
15.48 -0.494113
15.49 -0.497253
15.5 -0.500399
15.51 -0.503545
15.52 -0.506686
15.53 -0.509819
15.54 -0.512936
15.55 -0.516032
15.56 -0.519104
15.57 -0.522143
15.58 -0.525147
15.59 -0.528109
15.6 -0.531023
15.61 -0.533885
15.62 -0.53669
15.63 -0.539431
15.64 -0.542103
15.65 -0.544702
15.66 -0.547221
15.67 -0.549655
15.68 -0.551999
15.69 -0.554248
15.7 -0.556396
15.71 -0.558438
15.72 -0.560369
15.73 -0.562183
15.74 -0.563876
15.75 -0.565442
15.76 -0.566876
15.77 -0.568172
15.78 -0.569325
15.79 -0.570329
15.8 -0.57118
15.81 -0.571873
15.82 -0.572403
15.83 -0.572766
15.84 -0.572958
15.85 -0.572976
15.86 -0.572816
15.87 -0.572476
15.88 -0.571953
15.89 -0.571246
15.9 -0.570353
15.91 -0.569273
15.92 -0.568005
15.93 -0.566549
15.94 -0.564904
15.95 -0.563071
15.96 -0.56105
15.97 -0.558842
15.98 -0.556448
15.99 -0.553871
16 -0.551115
16.01 -0.548182
16.02 -0.545077
16.03 -0.541807
16.04 -0.538378
16.05 -0.534798
16.06 -0.531076
16.07 -0.527222
16.08 -0.523244
16.09 -0.519152
16.1 -0.514956
16.11 -0.510665
16.12 -0.50629
16.13 -0.501839
16.14 -0.497322
16.15 -0.49275
16.16 -0.488134
16.17 -0.483482
16.18 -0.478804
16.19 -0.474106
16.2 -0.469393
16.21 -0.464669
16.22 -0.459941
16.23 -0.455211
16.24 -0.450485
16.25 -0.445764
16.26 -0.441052
16.27 -0.43635
16.28 -0.431658
16.29 -0.426978
16.3 -0.422309
16.31 -0.417653
16.32 -0.413009
16.33 -0.408377
16.34 -0.403757
16.35 -0.399149
16.36 -0.394553
16.37 -0.389968
16.38 -0.385394
16.39 -0.38083
16.4 -0.376277
16.41 -0.371733
16.42 -0.367197
16.43 -0.36267
16.44 -0.358151
16.45 -0.353639
16.46 -0.349134
16.47 -0.344635
16.48 -0.340144
16.49 -0.335658
16.5 -0.331178
16.51 -0.326704
16.52 -0.322235
16.53 -0.317772
16.54 -0.313313
16.55 -0.308859
16.56 -0.30441
16.57 -0.299965
16.58 -0.295524
16.59 -0.291089
16.6 -0.286658
16.61 -0.282233
16.62 -0.277815
16.63 -0.273405
16.64 -0.269004
16.65 -0.264614
16.66 -0.260238
16.67 -0.255879
16.68 -0.251539
16.69 -0.247221
16.7 -0.242931
16.71 -0.23867
16.72 -0.234443
16.73 -0.230252
16.74 -0.226101
16.75 -0.22199
16.76 -0.217921
16.77 -0.213895
16.78 -0.209915
16.79 -0.20598
16.8 -0.20209
16.81 -0.198247
16.82 -0.194451
16.83 -0.190701
16.84 -0.186998
16.85 -0.183342
16.86 -0.179733
16.87 -0.176171
16.88 -0.172656
16.89 -0.169189
16.9 -0.16577
16.91 -0.1624
16.92 -0.15908
16.93 -0.155811
16.94 -0.152594
16.95 -0.149428
16.96 -0.146316
16.97 -0.143257
16.98 -0.140252
16.99 -0.137301
17 -0.134405
17.01 -0.131563
17.02 -0.128776
17.03 -0.126043
17.04 -0.123366
17.05 -0.120745
17.06 -0.118179
17.07 -0.115669
17.08 -0.113215
17.09 -0.110818
17.1 -0.108478
17.11 -0.106194
17.12 -0.103967
17.13 -0.101798
17.14 -0.0996857
17.15 -0.0976316
17.16 -0.0956353
17.17 -0.0936971
17.18 -0.0918173
17.19 -0.089996
17.2 -0.0882333
17.21 -0.0865295
17.22 -0.0848844
17.23 -0.0832984
17.24 -0.0817714
17.25 -0.0803037
17.26 -0.0788954
17.27 -0.0775471
17.28 -0.0762591
17.29 -0.075032
17.3 -0.0738664
17.31 -0.072763
17.32 -0.0717223
17.33 -0.0707451
17.34 -0.0698319
17.35 -0.0689837
17.36 -0.0682015
17.37 -0.0674869
17.38 -0.0668415
17.39 -0.0662677
17.4 -0.065768
17.41 -0.0653457
17.42 -0.0650044
17.43 -0.0647476
17.44 -0.0645792
17.45 -0.0645022
17.46 -0.0645196
17.47 -0.0646334
17.48 -0.0648452
17.49 -0.0651562
17.5 -0.0655671
17.51 -0.0660787
17.52 -0.0666917
17.53 -0.0674067
17.54 -0.0682242
17.55 -0.0691447
17.56 -0.0701682
17.57 -0.0712944
17.58 -0.0725229
17.59 -0.0738525
17.6 -0.0752819
17.61 -0.0768089
17.62 -0.0784312
17.63 -0.0801455
17.64 -0.0819483
17.65 -0.0838355
17.66 -0.0858028
17.67 -0.0878453
17.68 -0.0899581
17.69 -0.0921359
17.7 -0.0943734
17.71 -0.0966654
17.72 -0.099007
17.73 -0.101394
17.74 -0.103821
17.75 -0.106285
17.76 -0.108781
17.77 -0.111305
17.78 -0.11385
17.79 -0.116411
17.8 -0.118983
17.81 -0.121558
17.82 -0.124131
17.83 -0.126695
17.84 -0.129244
17.85 -0.131771
17.86 -0.134271
17.87 -0.136737
17.88 -0.139164
17.89 -0.141546
17.9 -0.143879
17.91 -0.146159
17.92 -0.148382
17.93 -0.150545
17.94 -0.152645
17.95 -0.15468
17.96 -0.156649
17.97 -0.158553
17.98 -0.160391
17.99 -0.162165
18 -0.163873
18.01 -0.165517
18.02 -0.167097
18.03 -0.168613
18.04 -0.170065
18.05 -0.171454
18.06 -0.172779
18.07 -0.174041
18.08 -0.17524
18.09 -0.176377
18.1 -0.17745
18.11 -0.178461
18.12 -0.17941
18.13 -0.180297
18.14 -0.181121
18.15 -0.181884
18.16 -0.182585
18.17 -0.183224
18.18 -0.183799
18.19 -0.184311
18.2 -0.184758
18.21 -0.18514
18.22 -0.185455
18.23 -0.185703
18.24 -0.185882
18.25 -0.185992
18.26 -0.186032
18.27 -0.186001
18.28 -0.1859
18.29 -0.185727
18.3 -0.185481
18.31 -0.185163
18.32 -0.184771
18.33 -0.184306
18.34 -0.183767
18.35 -0.183153
18.36 -0.182466
18.37 -0.181704
18.38 -0.180869
18.39 -0.179961
18.4 -0.178981
18.41 -0.177929
18.42 -0.176806
18.43 -0.175611
18.44 -0.174346
18.45 -0.173011
18.46 -0.171604
18.47 -0.170126
18.48 -0.168576
18.49 -0.166954
18.5 -0.16526
18.51 -0.163494
18.52 -0.161656
18.53 -0.159746
18.54 -0.157765
18.55 -0.155716
18.56 -0.153598
18.57 -0.151414
18.58 -0.149166
18.59 -0.146855
18.6 -0.144484
18.61 -0.142055
18.62 -0.13957
18.63 -0.13703
18.64 -0.134439
18.65 -0.131797
18.66 -0.129109
18.67 -0.126376
18.68 -0.123601
18.69 -0.12079
18.7 -0.117946
18.71 -0.115075
18.72 -0.112184
18.73 -0.109281
18.74 -0.106372
18.75 -0.103467
18.76 -0.100571
18.77 -0.0976938
18.78 -0.0948409
18.79 -0.0920172
18.8 -0.0892269
18.81 -0.0864744
18.82 -0.0837644
18.83 -0.0811012
18.84 -0.0784896
18.85 -0.0759342
18.86 -0.0734398
18.87 -0.0710112
18.88 -0.0686531
18.89 -0.0663699
18.9 -0.064166
18.91 -0.0620452
18.92 -0.0600107
18.93 -0.0580651
18.94 -0.0562103
18.95 -0.0544481
18.96 -0.0527798
18.97 -0.051207
18.98 -0.0497314
18.99 -0.0483546
19 -0.0470789
19.01 -0.0459067
19.02 -0.0448409
19.03 -0.0438845
19.04 -0.0430407
19.05 -0.0423125
19.06 -0.0417026
19.07 -0.0412134
19.08 -0.0408469
19.09 -0.0406048
19.1 -0.0404884
19.11 -0.0404992
19.12 -0.0406386
19.13 -0.0409082
19.14 -0.0413096
19.15 -0.0418443
19.16 -0.0425136
19.17 -0.0433181
19.18 -0.0442579
19.19 -0.0453317
19.2 -0.0465376
19.21 -0.0478726
19.22 -0.0493331
19.23 -0.0509147
19.24 -0.0526129
19.25 -0.0544228
19.26 -0.0563403
19.27 -0.0583618
19.28 -0.0604841
19.29 -0.0627042
19.3 -0.065019
19.31 -0.067425
19.32 -0.0699182
19.33 -0.0724944
19.34 -0.0751486
19.35 -0.0778755
19.36 -0.080669
19.37 -0.0835228
19.38 -0.0864306
19.39 -0.0893859
19.4 -0.0923823
19.41 -0.0954134
19.42 -0.0984727
19.43 -0.101554
19.44 -0.10465
19.45 -0.107755
19.46 -0.110863
19.47 -0.113966
19.48 -0.117059
19.49 -0.120135
19.5 -0.123188
19.51 -0.126213
19.52 -0.129203
19.53 -0.132155
19.54 -0.135066
19.55 -0.137934
19.56 -0.14076
19.57 -0.143542
19.58 -0.14628
19.59 -0.148974
19.6 -0.151623
19.61 -0.154229
19.62 -0.156791
19.63 -0.159308
19.64 -0.161783
19.65 -0.164214
19.66 -0.166603
19.67 -0.168949
19.68 -0.171253
19.69 -0.173517
19.7 -0.17574
19.71 -0.177923
19.72 -0.180068
19.73 -0.182176
19.74 -0.184247
19.75 -0.186283
19.76 -0.188284
19.77 -0.190249
19.78 -0.19218
19.79 -0.194077
19.8 -0.195939
19.81 -0.197767
19.82 -0.19956
19.83 -0.201319
19.84 -0.203044
19.85 -0.204737
19.86 -0.206396
19.87 -0.208024
19.88 -0.209621
19.89 -0.211189
19.9 -0.212727
19.91 -0.214238
19.92 -0.21572
19.93 -0.217176
19.94 -0.218605
19.95 -0.220007
19.96 -0.221383
19.97 -0.222733
19.98 -0.224058
19.99 -0.225359
20 -0.226637
20.01 -0.227894
20.02 -0.229131
20.03 -0.230348
20.04 -0.231547
20.05 -0.232729
20.06 -0.233892
20.07 -0.235036
20.08 -0.23616
20.09 -0.237263
20.1 -0.238342
20.11 -0.239395
20.12 -0.240419
20.13 -0.241412
20.14 -0.242371
20.15 -0.243295
20.16 -0.244181
20.17 -0.245026
20.18 -0.245828
20.19 -0.246587
20.2 -0.2473
20.21 -0.247967
20.22 -0.248585
20.23 -0.249156
20.24 -0.249677
20.25 -0.250147
20.26 -0.250567
20.27 -0.250934
20.28 -0.25125
20.29 -0.251513
20.3 -0.251723
20.31 -0.251881
20.32 -0.251987
20.33 -0.252042
20.34 -0.252045
20.35 -0.251999
20.36 -0.251902
20.37 -0.251755
20.38 -0.25156
20.39 -0.251314
20.4 -0.251018
20.41 -0.250671
20.42 -0.250272
20.43 -0.249819
20.44 -0.249311
20.45 -0.248746
20.46 -0.248123
20.47 -0.247441
20.48 -0.246699
20.49 -0.245896
20.5 -0.245031
20.51 -0.244102
20.52 -0.243108
20.53 -0.242049
20.54 -0.240924
20.55 -0.239731
20.56 -0.23847
20.57 -0.23714
20.58 -0.235742
20.59 -0.234275
20.6 -0.23274
20.61 -0.23114
20.62 -0.229475
20.63 -0.227749
20.64 -0.225963
20.65 -0.22412
20.66 -0.222223
20.67 -0.220273
20.68 -0.218274
20.69 -0.216228
20.7 -0.214138
20.71 -0.212005
20.72 -0.209832
20.73 -0.207622
20.74 -0.205376
20.75 -0.203097
20.76 -0.200788
20.77 -0.19845
20.78 -0.196086
20.79 -0.193698
20.8 -0.191288
20.81 -0.188857
20.82 -0.186406
20.83 -0.183936
20.84 -0.181447
20.85 -0.17894
20.86 -0.176415
20.87 -0.173873
20.88 -0.171316
20.89 -0.168746
20.9 -0.166163
20.91 -0.163571
20.92 -0.16097
20.93 -0.158361
20.94 -0.155743
20.95 -0.153115
20.96 -0.150478
20.97 -0.147831
20.98 -0.145174
20.99 -0.142509
21 -0.139836
21.01 -0.137158
21.02 -0.134475
21.03 -0.13179
21.04 -0.129105
21.05 -0.126424
21.06 -0.123748
21.07 -0.121081
21.08 -0.118423
21.09 -0.115779
21.1 -0.11315
21.11 -0.110539
21.12 -0.107947
21.13 -0.105376
21.14 -0.102828
21.15 -0.100303
21.16 -0.0978021
21.17 -0.0953264
21.18 -0.0928766
21.19 -0.0904536
21.2 -0.0880582
21.21 -0.0856911
21.22 -0.0833533
21.23 -0.0810454
21.24 -0.0787683
21.25 -0.0765225
21.26 -0.0743087
21.27 -0.0721271
21.28 -0.0699777
21.29 -0.0678605
21.3 -0.065775
21.31 -0.063721
21.32 -0.061698
21.33 -0.0597058
21.34 -0.0577443
21.35 -0.0558137
21.36 -0.0539142
21.37 -0.0520465
21.38 -0.0502113
21.39 -0.0484096
21.4 -0.0466429
21.41 -0.0449125
21.42 -0.0432203
21.43 -0.0415679
21.44 -0.039957
21.45 -0.0383894
21.46 -0.0368665
21.47 -0.0353897
21.48 -0.0339601
21.49 -0.032579
21.5 -0.0312474
21.51 -0.0299666
21.52 -0.0287378
21.53 -0.0275622
21.54 -0.0264406
21.55 -0.0253742
21.56 -0.0243641
21.57 -0.0234113
21.58 -0.0225171
21.59 -0.021683
21.6 -0.0209106
21.61 -0.0202015
21.62 -0.0195574
21.63 -0.0189798
21.64 -0.0184697
21.65 -0.0180282
21.66 -0.0176555
21.67 -0.0173521
21.68 -0.0171179
21.69 -0.0169528
21.7 -0.0168567
21.71 -0.0168295
21.72 -0.0168712
21.73 -0.0169815
21.74 -0.0171601
21.75 -0.0174063
21.76 -0.0177191
21.77 -0.0180973
21.78 -0.0185393
21.79 -0.0190434
21.8 -0.0196077
21.81 -0.0202305
21.82 -0.0209101
21.83 -0.0216453
21.84 -0.0224347
21.85 -0.0232776
21.86 -0.0241731
21.87 -0.0251207
21.88 -0.02612
21.89 -0.0271706
21.9 -0.0282722
21.91 -0.0294243
21.92 -0.0306263
21.93 -0.0318774
21.94 -0.0331765
21.95 -0.0345224
21.96 -0.0359137
21.97 -0.0373491
21.98 -0.0388277
21.99 -0.0403487
22 -0.0419117
22.01 -0.0435166
22.02 -0.0451638
22.03 -0.0468535
22.04 -0.048586
22.05 -0.050361
22.06 -0.0521779
22.07 -0.0540348
22.08 -0.0559298
22.09 -0.0578602
22.1 -0.0598232
22.11 -0.0618159
22.12 -0.0638351
22.13 -0.0658776
22.14 -0.0679401
22.15 -0.0700194
22.16 -0.0721126
22.17 -0.0742169
22.18 -0.0763295
22.19 -0.078448
22.2 -0.0805697
22.21 -0.0826918
22.22 -0.0848117
22.23 -0.0869262
22.24 -0.0890321
22.25 -0.0911261
22.26 -0.093205
22.27 -0.0952653
22.28 -0.0973039
22.29 -0.0993178
22.3 -0.101304
22.31 -0.103261
22.32 -0.105185
22.33 -0.107077
22.34 -0.108937
22.35 -0.110766
22.36 -0.112565
22.37 -0.114335
22.38 -0.116076
22.39 -0.11779
22.4 -0.119477
22.41 -0.121138
22.42 -0.122772
22.43 -0.12438
22.44 -0.125961
22.45 -0.127516
22.46 -0.129045
22.47 -0.130545
22.48 -0.132017
22.49 -0.13346
22.5 -0.134872
22.51 -0.136251
22.52 -0.137595
22.53 -0.138904
22.54 -0.140173
22.55 -0.141401
22.56 -0.142586
22.57 -0.143726
22.58 -0.144817
22.59 -0.145858
22.6 -0.146846
22.61 -0.147779
22.62 -0.148654
22.63 -0.149469
22.64 -0.150221
22.65 -0.15091
22.66 -0.151533
22.67 -0.15209
22.68 -0.152578
22.69 -0.152998
22.7 -0.153349
22.71 -0.15363
22.72 -0.15384
22.73 -0.153978
22.74 -0.154043
22.75 -0.154035
22.76 -0.153952
22.77 -0.153793
22.78 -0.153557
22.79 -0.153245
22.8 -0.152856
22.81 -0.15239
22.82 -0.151846
22.83 -0.151225
22.84 -0.150527
22.85 -0.149753
22.86 -0.148902
22.87 -0.147975
22.88 -0.146974
22.89 -0.145899
22.9 -0.144752
22.91 -0.143533
22.92 -0.142245
22.93 -0.14089
22.94 -0.139471
22.95 -0.137989
22.96 -0.136447
22.97 -0.134849
22.98 -0.133198
22.99 -0.131497
23 -0.129747
23.01 -0.127952
23.02 -0.126113
23.03 -0.124233
23.04 -0.122311
23.05 -0.12035
23.06 -0.118352
23.07 -0.116317
23.08 -0.114247
23.09 -0.112146
23.1 -0.110014
23.11 -0.107855
23.12 -0.105671
23.13 -0.103466
23.14 -0.101241
23.15 -0.099
23.16 -0.0967449
23.17 -0.0944785
23.18 -0.0922035
23.19 -0.0899222
23.2 -0.0876372
23.21 -0.0853507
23.22 -0.0830651
23.23 -0.0807827
23.24 -0.0785061
23.25 -0.0762375
23.26 -0.0739794
23.27 -0.0717341
23.28 -0.0695039
23.29 -0.0672909
23.3 -0.0650972
23.31 -0.0629236
23.32 -0.0607696
23.33 -0.0586343
23.34 -0.0565172
23.35 -0.0544179
23.36 -0.0523362
23.37 -0.0502719
23.38 -0.048225
23.39 -0.0461958
23.4 -0.0441846
23.41 -0.0421922
23.42 -0.0402195
23.43 -0.0382677
23.44 -0.036338
23.45 -0.034432
23.46 -0.0325512
23.47 -0.0306971
23.48 -0.028871
23.49 -0.0270738
23.5 -0.0253064
23.51 -0.0235692
23.52 -0.0218628
23.53 -0.0201876
23.54 -0.018544
23.55 -0.0169324
23.56 -0.015353
23.57 -0.013806
23.58 -0.0122916
23.59 -0.0108098
23.6 -0.00936041
23.61 -0.00794348
23.62 -0.0065588
23.63 -0.00520613
23.64 -0.00388509
23.65 -0.00259524
23.66 -0.00133608
23.67 -0.000107159
23.68 0.00109186
23.69 0.00226116
23.7 0.00340081
23.71 0.00451068
23.72 0.0055905
23.73 0.0066398
23.74 0.00765793
23.75 0.00864404
23.76 0.00959695
23.77 0.0105152
23.78 0.0113968
23.79 0.0122395
23.8 0.013041
23.81 0.0137985
23.82 0.0145096
23.83 0.0151717
23.84 0.0157825
23.85 0.0163397
23.86 0.0168408
23.87 0.0172837
23.88 0.0176661
23.89 0.0179859
23.9 0.0182407
23.91 0.0184281
23.92 0.0185454
23.93 0.01859
23.94 0.0185592
23.95 0.0184506
23.96 0.0182618
23.97 0.0179911
23.98 0.017637
23.99 0.0171988
24 0.0166763
24.01 0.0160698
24.02 0.0153801
24.03 0.0146086
24.04 0.0137571
24.05 0.0128281
24.06 0.0118249
24.07 0.0107513
24.08 0.00961159
24.09 0.00841021
24.1 0.0071515
24.11 0.00583974
24.12 0.00447896
24.13 0.00307279
24.14 0.00162442
24.15 0.000136491
24.16 -0.00138885
24.17 -0.00294983
24.18 -0.0045448
24.19 -0.00617213
24.2 -0.00783027
24.21 -0.00951773
24.22 -0.0112331
24.23 -0.0129751
24.24 -0.0147424
24.25 -0.0165339
24.26 -0.0183484
24.27 -0.0201849
24.28 -0.0220426
24.29 -0.0239208
24.3 -0.025819
24.31 -0.0277371
24.32 -0.0296747
24.33 -0.0316315
24.34 -0.0336066
24.35 -0.0355985
24.36 -0.0376051
24.37 -0.0396242
24.38 -0.0416531
24.39 -0.0436889
24.4 -0.0457287
24.41 -0.0477695
24.42 -0.0498084
24.43 -0.0518425
24.44 -0.0538693
24.45 -0.0558863
24.46 -0.0578912
24.47 -0.0598815
24.48 -0.0618547
24.49 -0.0638084
24.5 -0.0657399
24.51 -0.0676467
24.52 -0.0695264
24.53 -0.0713771
24.54 -0.0731982
24.55 -0.0749897
24.56 -0.0767515
24.57 -0.0784838
24.58 -0.0801867
24.59 -0.0818608
24.6 -0.0835065
24.61 -0.0851243
24.62 -0.0867146
24.63 -0.0882779
24.64 -0.0898147
24.65 -0.0913252
24.66 -0.0928094
24.67 -0.0942673
24.68 -0.0956983
24.69 -0.0971018
24.7 -0.0984771
24.71 -0.0998231
24.72 -0.101139
24.73 -0.102423
24.74 -0.103675
24.75 -0.104893
24.76 -0.106076
24.77 -0.107224
24.78 -0.108333
24.79 -0.109404
24.8 -0.110436
24.81 -0.111428
24.82 -0.112379
24.83 -0.11329
24.84 -0.114159
24.85 -0.114987
24.86 -0.115773
24.87 -0.116519
24.88 -0.117224
24.89 -0.117889
24.9 -0.118514
24.91 -0.119101
24.92 -0.11965
24.93 -0.120163
24.94 -0.120641
24.95 -0.121085
24.96 -0.121497
24.97 -0.121879
24.98 -0.122231
24.99 -0.122555
25 -0.122852
